5.0000 5.0000 0.0000
0.0000 5.0000 0.0000
2.5000 5.0000 0.0000
3.7500 5.0000 0.0000
4.3750 5.0000 0.0000
4.6875 5.0000 0.0000
4.0625 5.0000 0.0000
3.1250 5.0000 0.0000
3.4375 5.0000 0.0000
2.8125 5.0000 0.0000
1.2500 5.0000 0.0000
1.8750 5.0000 0.0000
2.1875 5.0000 0.0000
1.5625 5.0000 0.0000
0.6250 5.0000 0.0000
0.9375 5.0000 0.0000
0.3125 5.0000 0.0000
-2.5000 5.0000 0.0000
-1.2500 5.0000 0.0000
-0.6250 5.0000 0.0000
-0.3125 5.0000 0.0000
-0.9375 5.0000 0.0000
-1.8750 5.0000 0.0000
-1.5625 5.0000 0.0000
-2.1875 5.0000 0.0000
-3.7500 5.0000 0.0000
-3.1250 5.0000 0.0000
-2.8125 5.0000 0.0000
-3.4375 5.0000 0.0000
-4.3750 5.0000 0.0000
-4.0625 5.0000 0.0000
-4.6875 5.0000 0.0000
5.0000 -5.0000 0.0000
5.0000 0.0000 0.0000
5.0000 -2.5000 0.0000
5.0000 -3.7500 0.0000
5.0000 -4.3750 0.0000
5.0000 -4.6875 0.0000
5.0000 -4.0625 0.0000
5.0000 -3.1250 0.0000
5.0000 -3.4375 0.0000
5.0000 -2.8125 0.0000
5.0000 -1.2500 0.0000
5.0000 -1.8750 0.0000
5.0000 -2.1875 0.0000
5.0000 -1.5625 0.0000
5.0000 -0.6250 0.0000
5.0000 -0.9375 0.0000
5.0000 -0.3125 0.0000
5.0000 2.5000 0.0000
5.0000 1.2500 0.0000
5.0000 0.6250 0.0000
5.0000 0.3125 0.0000
5.0000 0.9375 0.0000
5.0000 1.8750 0.0000
5.0000 1.5625 0.0000
5.0000 2.1875 0.0000
5.0000 3.7500 0.0000
5.0000 3.1250 0.0000
5.0000 2.8125 0.0000
5.0000 3.4375 0.0000
5.0000 4.3750 0.0000
5.0000 4.0625 0.0000
5.0000 4.6875 0.0000
-5.0000 -5.0000 0.0000
0.0000 -5.0000 0.0000
-2.5000 -5.0000 0.0000
-3.7500 -5.0000 0.0000
-4.3750 -5.0000 0.0000
-4.6875 -5.0000 0.0000
-4.0625 -5.0000 0.0000
-3.1250 -5.0000 0.0000
-3.4375 -5.0000 0.0000
-2.8125 -5.0000 0.0000
-1.2500 -5.0000 0.0000
-1.8750 -5.0000 0.0000
-2.1875 -5.0000 0.0000
-1.5625 -5.0000 0.0000
-0.6250 -5.0000 0.0000
-0.9375 -5.0000 0.0000
-0.3125 -5.0000 0.0000
2.5000 -5.0000 0.0000
1.2500 -5.0000 0.0000
0.6250 -5.0000 0.0000
0.3125 -5.0000 0.0000
0.9375 -5.0000 0.0000
1.8750 -5.0000 0.0000
1.5625 -5.0000 0.0000
2.1875 -5.0000 0.0000
3.7500 -5.0000 0.0000
3.1250 -5.0000 0.0000
2.8125 -5.0000 0.0000
3.4375 -5.0000 0.0000
4.3750 -5.0000 0.0000
4.0625 -5.0000 0.0000
4.6875 -5.0000 0.0000
-5.0000 5.0000 0.0000
-5.0000 0.0000 0.0000
-5.0000 2.5000 0.0000
-5.0000 3.7500 0.0000
-5.0000 4.3750 0.0000
-5.0000 4.6875 0.0000
-5.0000 4.0625 0.0000
-5.0000 3.1250 0.0000
-5.0000 3.4375 0.0000
-5.0000 2.8125 0.0000
-5.0000 1.2500 0.0000
-5.0000 1.8750 0.0000
-5.0000 2.1875 0.0000
-5.0000 1.5625 0.0000
-5.0000 0.6250 0.0000
-5.0000 0.9375 0.0000
-5.0000 0.3125 0.0000
-5.0000 -2.5000 0.0000
-5.0000 -1.2500 0.0000
-5.0000 -0.6250 0.0000
-5.0000 -0.3125 0.0000
-5.0000 -0.9375 0.0000
-5.0000 -1.8750 0.0000
-5.0000 -1.5625 0.0000
-5.0000 -2.1875 0.0000
-5.0000 -3.7500 0.0000
-5.0000 -3.1250 0.0000
-5.0000 -2.8125 0.0000
-5.0000 -3.4375 0.0000
-5.0000 -4.3750 0.0000
-5.0000 -4.0625 0.0000
-5.0000 -4.6875 0.0000
-1.2329 -4.3147 0.0000
0.1820 3.6260 0.0000
1.3393 -2.3333 0.0001
4.7795 0.5055 0.0000
1.7448 -1.7885 0.0002
3.2833 -3.5596 0.0000
4.5371 1.8080 0.0000
4.5212 1.5238 0.0000
-2.6590 -2.1386 0.0000
2.7974 -3.8575 0.0000
2.5691 -3.9905 0.0000
-1.8725 -2.1166 0.0000
1.2907 -3.8902 0.0000
-2.5506 -1.5139 0.0000
2.8940 0.1398 0.0000
2.7414 -0.1152 0.0000
3.1746 3.1962 0.0000
2.8864 2.3824 0.0000
2.6437 2.2611 0.0000
-3.2228 -0.1123 0.0000
-3.3388 -0.3683 0.0000
-3.5158 -0.1875 0.0000
-3.6906 -0.3307 0.0000
2.9620 4.7306 0.0000
-4.2602 3.6216 0.0000
-2.9437 3.0618 0.0000
-3.1694 3.0887 0.0000
-3.3885 3.0075 0.0000
-1.7865 4.5171 0.0000
-1.9824 4.4425 0.0000
-2.0371 4.2331 0.0000
-2.3143 4.2667 0.0000
-3.7110 -0.8280 0.0000
-2.1924 2.1206 0.0000
3.0711 -3.3808 0.0000
-1.7543 4.7764 0.0000
-3.9731 -0.7369 0.0000
2.9052 3.2618 0.0000
2.8798 3.0015 0.0000
2.9296 2.6660 0.0000
-2.9888 4.3609 0.0000
-3.1237 4.1273 0.0000
-3.3773 4.0714 0.0000
-3.5552 3.9105 0.0000
0.1164 0.3597 0.2875
1.1503 -3.0058 0.0000
-2.7821 -0.3564 0.0000
-1.8630 -0.7885 0.0000
-2.0034 -1.0300 0.0000
1.5019 -2.0780 0.0002
1.2297 -2.1073 0.0005
1.0002 -2.2090 0.0005
-0.4548 4.7566 0.0000
-0.7587 -4.7544 0.0000
-1.0587 4.7532 0.0000
3.0922 -3.0379 0.0000
1.3758 -4.4898 0.0000
1.1337 -4.7272 0.0000
2.4439 -2.6306 0.0000
-2.5492 4.1651 0.0000
-2.8269 4.1087 0.0000
-1.9770 -3.2148 0.0000
4.2622 0.5241 0.0000
2.1958 -3.6616 0.0000
2.0028 -3.7686 0.0000
1.7690 -3.9165 0.0000
1.8277 -4.1999 0.0000
1.5987 -4.2745 0.0000
4.7601 -4.2015 0.0000
4.5125 -4.1803 0.0000
4.7547 -4.5034 0.0000
-2.2308 3.7349 0.0000
-2.5072 3.6405 0.0000
1.0345 0.3396 0.3289
1.0136 0.1019 0.3673
4.4976 3.0382 0.0000
4.2433 2.9040 0.0000
4.5106 2.7718 0.0000
4.2998 2.5956 0.0000
4.2690 -1.1335 0.0000
2.9059 -2.0538 0.0000
2.6776 -2.2190 0.0000
-3.2944 2.5493 0.0000
-3.4641 2.3050 0.0000
-0.2181 4.0136 0.0000
0.4035 -4.3631 0.0000
3.4300 2.7895 0.0000
3.2014 2.5790 0.0000
-1.4381 3.8242 0.0000
0.6221 0.4286 0.4240
3.0151 -0.1424 0.0000
2.8424 -0.3985 0.0000
1.7473 -2.9571 0.0000
1.6086 -3.1341 0.0000
2.2625 2.1369 0.0000
2.0785 2.3008 0.0000
1.8197 2.4678 0.0000
1.8084 2.1890 0.0001
1.5381 2.0838 0.0006
4.7366 -0.2276 0.0000
-4.0513 0.9539 0.0000
3.4563 2.0705 0.0000
-3.8022 4.4508 0.0000
-3.9813 4.2231 0.0000
-4.0804 3.9838 0.0000
-4.3016 3.8887 0.0000
-2.7118 4.3748 0.0000
-2.6297 -0.5975 0.0000
4.0154 0.5344 0.0000
3.7727 0.4489 0.0000
3.8688 -2.8818 0.0000
-3.9388 0.1194 0.0000
-4.2126 0.2103 0.0000
-4.1571 -0.0657 0.0000
-4.2535 -0.2775 0.0000
3.7707 -4.1322 0.0000
3.2613 3.7062 0.0000
3.0853 3.4796 0.0000
-4.7098 1.4141 0.0000
-4.5567 1.1294 0.0000
-0.3111 1.6980 0.0054
-0.4560 1.4901 0.0076
-0.7304 1.4515 0.0033
-1.0024 1.3653 0.0013
-0.8238 1.1789 0.0051
-0.9932 1.0026 0.0035
-4.4874 -3.3727 0.0000
0.2470 1.2110 0.0777
0.2648 0.9561 0.1495
0.0555 0.8052 0.1495
2.0869 -2.5303 0.0000
1.7827 -2.6088 0.0000
3.1428 2.8858 0.0000
-2.5011 0.0682 0.0000
-4.7103 2.3434 0.0000
4.2080 1.0511 0.0000
4.0673 0.7947 0.0000
-4.1437 -1.6443 0.0000
2.6913 2.7925 0.0000
1.4080 -3.1172 0.0000
-0.2714 0.6432 0.0958
0.1695 3.3038 0.0000
4.7540 -0.7947 0.0000
4.5087 -0.9566 0.0000
2.2370 -0.3576 0.0002
-0.9698 4.1758 0.0000
-1.1919 3.9914 0.0000
2.7026 4.2709 0.0000
4.3679 -2.9128 0.0000
4.5740 -3.0845 0.0000
4.5648 -3.3825 0.0000
-2.7805 -1.6329 0.0000
-2.3540 3.1982 0.0000
-2.4671 2.9794 0.0000
-4.3778 1.4648 0.0000
-4.4363 1.2706 0.0000
-4.3202 0.9927 0.0000
-0.9524 -3.5980 0.0000
2.6828 -1.6219 0.0000
-1.3610 4.7623 0.0000
-3.2647 1.5424 0.0000
-2.1369 -3.4672 0.0000
-2.4149 -3.4928 0.0000
-2.5688 -3.7386 0.0000
2.5794 -0.4833 0.0000
2.3260 -0.5803 0.0001
-3.8905 -4.0219 0.0000
-4.1853 -4.0404 0.0000
-4.2620 -4.3213 0.0000
1.0024 4.2803 0.0000
0.6999 4.2372 0.0000
-2.2502 2.8688 0.0000
-4.4002 4.6472 0.0000
-0.4856 -3.4888 0.0000
-0.7045 -3.6680 0.0000
-3.2280 3.8646 0.0000
-3.3881 3.6773 0.0000
-3.4654 3.4676 0.0000
-3.7002 3.6541 0.0000
3.1427 3.9762 0.0000
2.9755 3.7505 0.0000
2.7895 3.5475 0.0000
2.6514 3.2939 0.0000
3.1217 -3.9128 0.0000
2.9006 -4.0405 0.0000
-0.6048 2.9035 0.0000
-2.8534 -1.0782 0.0000
-3.0694 -1.2160 0.0000
-3.0930 -1.5035 0.0000
0.3184 -4.5739 0.0000
0.4790 -4.7532 0.0000
-0.4155 -3.2264 0.0000
4.7721 -1.7331 0.0000
4.7573 -2.0440 0.0000
4.7250 -2.3504 0.0000
0.8791 4.0164 0.0000
0.6102 3.9440 0.0000
0.3308 3.8903 0.0000
-2.5801 3.3650 0.0000
-2.6887 3.1136 0.0000
2.9457 -1.4498 0.0000
-4.0963 1.4626 0.0000
-4.1872 1.2133 0.0000
-4.5366 0.8760 0.0000
-0.4393 -4.2136 0.0000
-0.6540 -4.4789 0.0000
-4.2378 -3.7622 0.0000
-1.9801 -0.2072 0.0000
-1.9007 -0.4805 0.0000
-2.1917 -0.3866 0.0000
-2.3660 -0.6111 0.0000
4.4393 -0.0932 0.0000
4.2044 -0.2556 0.0000
4.7165 4.0160 0.0000
4.6939 3.7731 0.0000
1.5103 0.0924 0.0858
1.4402 -0.1023 0.1090
-4.7570 -2.9592 0.0000
-0.6634 -0.9611 0.0097
-2.7208 -1.8906 0.0000
3.6652 2.9923 0.0000
3.7311 2.7363 0.0000
3.8150 2.4788 0.0000
3.5107 2.5328 0.0000
-4.5037 3.4481 0.0000
-4.5452 -4.4148 0.0000
-4.7355 -4.6257 0.0000
4.2405 -0.5452 0.0000
2.7537 0.4658 0.0000
2.4748 0.3841 0.0000
2.2191 -4.5029 0.0000
1.9119 -4.4753 0.0000
-0.8882 2.7785 0.0000
3.7518 1.9986 0.0000
-2.0863 -0.6615 0.0000
-2.2205 -0.8578 0.0000
3.6314 1.2472 0.0000
3.3667 1.1142 0.0000
2.5852 3.0406 0.0000
2.4190 2.7596 0.0000
2.1897 2.7516 0.0000
2.0744 2.5731 0.0000
1.7240 4.0188 0.0000
1.5050 1.8310 0.0022
1.2638 1.8403 0.0048
-1.7503 0.7330 0.0000
4.0296 -3.7825 0.0000
-1.6828 1.4165 0.0000
-2.0029 1.4396 0.0000
3.8354 -1.5624 0.0000
-1.4274 -3.3161 0.0000
-1.6655 -3.3660 0.0000
-1.8541 -3.4897 0.0000
-0.7655 4.7432 0.0000
2.8512 -1.1830 0.0000
2.6553 -1.3387 0.0000
-1.1233 -0.6928 0.0023
3.7850 1.7199 0.0000
-2.9522 0.3562 0.0000
-3.1617 0.1601 0.0000
-3.4326 0.0694 0.0000
-3.6859 0.0185 0.0000
4.4502 -2.4326 0.0000
4.2998 -2.6371 0.0000
4.0899 -2.7459 0.0000
-4.3662 -2.6185 0.0000
-4.5613 -2.4612 0.0000
-4.5200 -2.8001 0.0000
-4.7498 -2.6505 0.0000
4.5458 -1.2373 0.0000
-3.5037 4.2613 0.0000
-3.7172 4.1666 0.0000
-3.8286 3.9211 0.0000
0.4869 4.7378 0.0000
1.5739 2.9276 0.0000
4.4952 0.9781 0.0000
4.3578 0.7577 0.0000
2.7307 2.0409 0.0000
2.4996 1.9269 0.0000
2.2645 1.8842 0.0000
2.6470 4.7718 0.0000
2.6862 4.5349 0.0000
-2.4976 4.4999 0.0000
4.7641 -1.3994 0.0000
4.5779 -1.5657 0.0000
0.6514 -1.1945 0.0561
3.0530 1.5239 0.0000
2.7909 1.5138 0.0000
-2.9736 4.8040 0.0000
-3.1106 4.6077 0.0000
-3.2780 4.3929 0.0000
-4.7507 0.3789 0.0000
3.3675 2.3128 0.0000
3.1374 2.3009 0.0000
-2.8802 2.3083 0.0000
-3.0217 2.0490 0.0000
1.0713 -4.0885 0.0000
0.8685 -4.2863 0.0000
0.6399 -4.5018 0.0000
-4.1942 4.7581 0.0000
1.2138 -1.8748 0.0017
-3.5487 1.5683 0.0000
-3.8424 1.5392 0.0000
-1.1475 2.5814 0.0000
-1.1869 2.3394 0.0000
0.9614 1.2911 0.0647
3.7252 -1.0607 0.0000
-3.2108 -2.1877 0.0000
-3.4054 -2.3665 0.0000
-4.7357 2.0371 0.0000
-4.2752 -1.3962 0.0000
-4.4758 -1.5984 0.0000
2.9053 0.7158 0.0000
-3.0577 -0.8741 0.0000
-1.7459 0.2103 0.0000
-1.4974 -0.0175 0.0004
-1.7417 -0.0489 0.0001
-1.6896 -0.3043 0.0001
0.3018 -0.2990 0.3233
0.1067 -0.3818 0.2270
0.2224 -0.6147 0.1853
0.0605 -0.8015 0.0984
-4.2571 0.7479 0.0000
-4.4948 0.6126 0.0000
-2.2123 4.5129 0.0000
-4.7876 -0.7703 0.0000
1.3264 0.6783 0.1150
1.0633 0.5926 0.2485
3.1070 1.2306 0.0000
0.8877 -3.0624 0.0000
0.7457 -3.3489 0.0000
0.5144 -3.5563 0.0000
0.8850 1.5318 0.0316
4.2516 -4.0304 0.0000
3.9942 -4.0053 0.0000
-4.5036 -3.0969 0.0000
-3.7157 -3.5315 0.0000
-3.7640 -3.7796 0.0000
-4.0059 -3.7591 0.0000
1.7748 -1.4166 0.0010
4.7726 3.5423 0.0000
1.1952 1.4287 0.0277
0.8460 3.7459 0.0000
0.7999 3.4604 0.0000
0.6489 3.2818 0.0000
0.4171 3.1387 0.0000
0.1764 2.9949 0.0000
2.8750 -3.2022 0.0000
2.8116 -2.9374 0.0000
2.5792 -3.2270 0.0000
2.3038 -3.4221 0.0000
-4.4240 -0.4772 0.0000
-4.7298 -0.4627 0.0000
-2.0182 0.0650 0.0000
-1.7679 -2.6262 0.0000
-2.0586 -2.6778 0.0000
-0.1277 -3.1245 0.0000
-2.2505 1.3517 0.0000
-2.5981 2.3434 0.0000
-2.4646 2.0974 0.0000
-2.7402 2.0624 0.0000
-0.7691 -2.2830 0.0000
-1.0707 -2.2645 0.0000
-2.8794 -2.3201 0.0000
-3.1053 -2.4407 0.0000
-4.0935 -0.9262 0.0000
-4.7521 -3.2602 0.0000
4.3942 2.0168 0.0000
3.7211 -0.3369 0.0000
4.7554 1.3810 0.0000
4.7493 1.0863 0.0000
4.4775 1.2514 0.0000
-3.6226 4.7561 0.0000
-3.9015 4.7232 0.0000
-4.1109 4.4827 0.0000
1.4386 -0.3441 0.0886
1.2546 -0.5481 0.1235
-2.4128 -2.0560 0.0000
-0.4009 2.4630 0.0001
-1.7845 0.4588 0.0000
-2.0281 0.3438 0.0000
4.7723 -2.6236 0.0000
4.5542 -2.7160 0.0000
-2.1324 -2.0821 0.0000
-2.1480 -2.3147 0.0000
-2.3831 -2.3060 0.0000
3.9894 3.4809 0.0000
3.6956 3.4702 0.0000
-4.1408 -2.7050 0.0000
-3.6903 -1.3012 0.0000
-3.9748 -1.3945 0.0000
-4.4682 -3.9148 0.0000
-4.4824 -4.1587 0.0000
-4.7315 -4.1160 0.0000
-4.7796 -4.3471 0.0000
0.6867 -0.1649 0.4365
0.5534 -0.3361 0.3684
0.4051 -0.5023 0.2710
-1.7038 1.7619 0.0000
-1.8516 1.6091 0.0000
-0.6600 3.7404 0.0000
-0.8865 3.6001 0.0000
-0.2489 -1.1973 0.0169
-0.5289 -1.2436 0.0065
2.0163 3.9608 0.0000
2.9130 -1.7584 0.0000
2.6537 -1.9289 0.0000
3.8522 3.2225 0.0000
3.5544 3.2399 0.0000
3.3831 3.0564 0.0000
-3.6905 0.2981 0.0000
-1.8870 -2.9105 0.0000
2.8661 1.2522 0.0000
2.8617 1.0091 0.0000
-1.2449 -4.0307 0.0000
-0.0743 3.1470 0.0000
-0.3331 3.0175 0.0000
0.3402 0.3153 0.3947
0.3532 0.0987 0.4242
2.6062 1.2748 0.0000
2.6141 0.9236 0.0000
2.3874 1.1234 0.0000
2.3259 0.8890 0.0001
2.1070 0.7189 0.0009
-0.0565 -0.5903 0.1225
-0.2666 -0.6967 0.0618
-0.1338 -0.9257 0.0495
-0.4033 -0.9544 0.0230
4.4247 3.9286 0.0000
4.4423 3.6669 0.0000
4.2560 3.4680 0.0000
-0.2740 -2.2281 0.0002
-0.5010 -2.3969 0.0000
-0.6875 -2.5780 0.0000
-0.4558 -4.7329 0.0000
1.5701 2.6361 0.0000
1.5624 2.3456 0.0001
-3.7491 -3.0198 0.0000
-0.5216 4.0269 0.0000
-0.7851 3.9699 0.0000
-2.4792 -4.7528 0.0000
-2.7268 -4.7476 0.0000
-2.8655 -4.5037 0.0000
-3.0088 -4.7537 0.0000
0.7856 4.7519 0.0000
-3.0772 -0.3953 0.0000
-3.2234 -0.6455 0.0000
-3.4168 -0.8262 0.0000
1.9304 3.4950 0.0000
1.7986 3.2726 0.0000
2.1579 4.4514 0.0000
-2.4346 1.5832 0.0000
-2.5396 1.3004 0.0000
-2.8207 1.2058 0.0000
0.7123 -0.4729 0.3089
2.9636 -0.9379 0.0000
0.7984 -3.9789 0.0000
0.6263 -4.1890 0.0000
0.1290 0.1467 0.3200
-0.0320 0.0688 0.2417
-0.2767 -0.1490 0.1285
2.0242 4.7355 0.0000
-3.0359 -2.7289 0.0000
-3.9041 2.0419 0.0000
-4.0058 1.7722 0.0000
-1.2344 -4.5659 0.0000
-1.4240 -4.7606 0.0000
4.0400 1.5822 0.0000
-0.9493 0.1170 0.0124
-1.0247 -0.1052 0.0082
-1.2082 -0.2770 0.0026
-2.7774 -3.1343 0.0000
-1.4528 3.5168 0.0000
-1.5550 3.2070 0.0000
-1.8076 3.1043 0.0000
3.8484 -2.5948 0.0000
3.5997 -2.6854 0.0000
3.3608 -2.6042 0.0000
1.4093 3.9949 0.0000
1.1413 4.0335 0.0000
1.3407 3.6766 0.0000
1.1195 3.8057 0.0000
1.0738 3.5391 0.0000
-3.1193 1.2606 0.0000
2.0262 -3.4252 0.0000
1.7637 -3.3165 0.0000
1.7940 -3.6048 0.0000
1.5300 -3.7210 0.0000
-4.3894 4.4557 0.0000
-4.5505 4.2926 0.0000
-4.7808 4.2028 0.0000
0.2678 -3.8940 0.0000
1.8205 3.0352 0.0000
1.8473 2.7532 0.0000
-1.7101 1.9903 0.0000
2.3241 1.3989 0.0000
2.1333 1.2032 0.0003
2.0829 0.9753 0.0008
1.8419 0.8923 0.0062
1.4391 -4.7550 0.0000
-3.8423 -2.7224 0.0000
-4.0189 -2.9723 0.0000
-4.2860 -2.9303 0.0000
-0.9827 3.8303 0.0000
-1.2078 3.6844 0.0000
-1.1172 3.4556 0.0000
3.8312 3.7287 0.0000
3.6739 3.9974 0.0000
3.4191 3.9608 0.0000
3.5422 3.7023 0.0000
1.6127 -1.2317 0.0050
1.3900 -1.3656 0.0085
-1.9592 -1.8205 0.0000
-2.2103 -1.8375 0.0000
-2.0001 1.8315 0.0000
-2.2911 1.8666 0.0000
-2.1673 1.6267 0.0000
0.8790 1.8076 0.0108
-0.7437 -2.8258 0.0000
-2.2835 -2.5518 0.0000
-2.5423 -2.6593 0.0000
4.7034 0.7738 0.0000
-3.6059 1.0891 0.0000
-3.7936 0.8816 0.0000
1.8602 0.5977 0.0085
1.5681 0.5345 0.0523
1.5210 0.2931 0.0784
1.2898 0.4191 0.1726
1.2616 0.1678 0.2126
3.3110 -1.4064 0.0000
1.2921 4.5032 0.0000
2.4470 -1.7883 0.0000
2.2672 -1.9771 0.0000
2.0995 -2.1890 0.0000
1.0280 -3.7950 0.0000
-0.5940 4.5064 0.0000
-0.9169 4.4715 0.0000
4.3648 -1.4035 0.0000
-4.5742 -1.8771 0.0000
-0.4944 -3.9595 0.0000
2.3493 -4.7515 0.0000
0.1881 4.7252 0.0000
-3.7461 -1.9670 0.0000
-3.9306 -2.2029 0.0000
-4.0493 -2.4603 0.0000
-3.4616 -3.1284 0.0000
-2.9618 -2.0685 0.0000
-4.2350 0.4806 0.0000
0.2163 -2.1275 0.0008
-0.0096 -2.3069 0.0002
1.8271 3.7436 0.0000
1.5713 3.7860 0.0000
0.3135 2.3558 0.0007
-1.2899 3.2826 0.0000
-1.8893 1.2412 0.0000
-2.0996 1.1207 0.0000
-2.0156 0.8943 0.0000
-0.5389 -0.2843 0.0531
0.0824 2.1786 0.0014
0.1219 1.9081 0.0053
2.5446 4.0426 0.0000
3.3854 -2.9248 0.0000
3.2955 -3.2318 0.0000
-2.3409 1.0817 0.0000
-2.5742 1.0021 0.0000
-2.7823 0.8499 0.0000
-2.9891 0.6612 0.0000
-2.9211 -0.6171 0.0000
-2.7650 -0.8484 0.0000
1.3499 0.9537 0.0659
1.1146 0.8366 0.1556
3.5284 -1.5483 0.0000
3.8130 1.4395 0.0000
0.4852 2.5501 0.0003
-2.5850 1.8190 0.0000
-2.8675 1.7880 0.0000
-3.2523 -1.0263 0.0000
-3.3337 -1.3077 0.0000
1.3001 -1.6197 0.0042
-1.7881 1.0203 0.0000
1.5976 1.0718 0.0182
1.5904 0.7905 0.0331
2.8987 -2.3590 0.0000
2.5818 -2.4402 0.0000
-1.7417 3.4124 0.0000
-2.0165 3.3175 0.0000
-2.1222 3.0956 0.0000
-0.6392 2.6238 0.0000
-0.0783 3.4454 0.0000
-2.8158 3.5860 0.0000
-3.1210 3.5920 0.0000
-2.8882 3.3256 0.0000
-3.1383 3.3599 0.0000
-3.3702 3.2875 0.0000
4.4823 -0.3724 0.0000
4.4968 -0.6662 0.0000
-0.7173 -0.4792 0.0220
3.5184 1.8304 0.0000
3.2821 1.7151 0.0000
3.5938 -0.1115 0.0000
3.2984 -0.1493 0.0000
3.4516 -0.3781 0.0000
-4.1619 3.0458 0.0000
-2.3033 -1.1001 0.0000
1.3316 -0.8165 0.0557
1.1146 -0.9614 0.0701
-0.6529 -1.8700 0.0003
-0.8003 -1.6987 0.0004
-1.0272 -1.7557 0.0001
-4.7395 0.6018 0.0000
-4.4901 0.3234 0.0000
-0.9694 0.3843 0.0100
-1.2047 0.2154 0.0031
-1.2634 -0.0099 0.0022
0.4194 2.8334 0.0000
0.1923 2.6865 0.0001
0.0812 2.4656 0.0003
-0.1402 -4.5405 0.0000
1.7127 4.7564 0.0000
-1.4629 4.4196 0.0000
-0.6870 0.2594 0.0366
-0.7213 -0.0031 0.0323
-1.4172 -1.8836 0.0000
-2.8243 4.6013 0.0000
-1.0239 0.6551 0.0057
-1.2528 0.4874 0.0019
-1.5467 0.5244 0.0002
4.2241 1.3485 0.0000
3.9781 1.2596 0.0000
3.8795 1.0248 0.0000
1.5402 -4.0153 0.0000
1.3282 -4.1952 0.0000
1.1282 -4.3965 0.0000
3.8118 -3.7409 0.0000
3.6568 -3.9247 0.0000
-1.4010 2.6929 0.0000
0.5516 3.6528 0.0000
0.4187 3.4319 0.0000
4.2541 1.8104 0.0000
4.3042 1.5927 0.0000
2.5125 1.6204 0.0000
2.2338 1.6519 0.0000
1.9920 1.4506 0.0005
0.0241 -1.6350 0.0058
-0.1700 -1.7439 0.0024
-0.4530 -1.7394 0.0012
0.3969 -4.0816 0.0000
0.1648 -4.2202 0.0000
-0.9161 -2.5099 0.0000
-0.9934 -2.7524 0.0000
-1.1990 -2.5296 0.0000
-1.2908 -2.8232 0.0000
-4.5100 -1.2733 0.0000
-4.7450 -1.4224 0.0000
-0.2295 0.0889 0.1563
0.7046 -2.0174 0.0018
0.7637 -2.2824 0.0004
0.4910 -2.2454 0.0005
0.2706 -2.4095 0.0002
0.3119 -2.6811 0.0000
1.5543 3.2142 0.0000
1.3175 3.0902 0.0000
-0.2145 -3.6991 0.0000
-0.4480 -3.7328 0.0000
1.1114 1.6578 0.0144
3.7654 0.7366 0.0000
3.5161 0.5805 0.0000
4.5099 -4.7383 0.0000
-3.1657 -4.5046 0.0000
-3.4663 -4.4937 0.0000
-3.3059 -4.7516 0.0000
-3.6042 -4.7517 0.0000
-0.3857 -0.4637 0.0683
-4.3075 -0.8064 0.0000
-0.0689 2.8470 0.0000
-0.1364 2.5903 0.0001
3.0110 -3.6782 0.0000
1.8894 -2.3443 0.0000
1.6258 -2.3351 0.0000
-3.8880 -1.7348 0.0000
-4.0426 -1.9361 0.0000
-2.3252 2.3787 0.0000
-1.4353 -3.0513 0.0000
-1.7080 -3.1316 0.0000
-1.9455 2.0740 0.0000
3.6242 -1.3300 0.0000
-2.9174 -3.3314 0.0000
2.2939 0.1993 0.0002
2.2446 -0.0769 0.0003
2.4272 0.6435 0.0000
2.1661 0.4700 0.0007
2.0238 0.2693 0.0029
2.0036 0.0357 0.0034
1.7875 0.3335 0.0174
1.7592 0.0771 0.0220
4.5140 4.7556 0.0000
4.2207 4.7075 0.0000
-3.5768 -2.5705 0.0000
-3.5435 -2.8388 0.0000
0.8189 -1.4435 0.0219
0.7249 -1.7278 0.0071
-1.9839 -3.9826 0.0000
-2.0631 -4.2465 0.0000
-4.3242 2.3980 0.0000
-4.4555 2.1963 0.0000
-4.4845 1.9167 0.0000
-3.7218 0.5808 0.0000
-3.9629 0.3933 0.0000
-0.3334 3.2920 0.0000
-0.4152 3.7928 0.0000
-0.6189 3.4691 0.0000
4.7873 -3.2599 0.0000
1.4368 1.2732 0.0217
-0.3717 -2.9534 0.0000
-0.6083 -3.0439 0.0000
-0.7175 -3.3448 0.0000
-3.1472 1.7927 0.0000
-3.4323 1.8125 0.0000
-4.7724 -2.0354 0.0000
4.7686 -1.0894 0.0000
-2.5944 -2.3995 0.0000
4.7711 -4.7668 0.0000
4.2659 -4.2882 0.0000
-4.5000 -2.1614 0.0000
-4.7705 -2.3262 0.0000
-4.4917 -3.6457 0.0000
2.3395 3.8336 0.0000
2.1156 3.7210 0.0000
-4.7862 4.7774 0.0000
3.9533 0.2385 0.0000
3.7696 0.0717 0.0000
3.3485 -3.8260 0.0000
3.4371 -4.0619 0.0000
-1.5232 -4.4790 0.0000
-1.7223 -4.7092 0.0000
2.0002 -0.5066 0.0021
1.7249 -0.4221 0.0185
1.5281 -0.6210 0.0386
1.2774 -3.3166 0.0000
1.0498 -3.2702 0.0000
0.9941 -3.5124 0.0000
-1.1698 1.1959 0.0008
-1.3393 1.0349 0.0004
-4.0759 -4.5385 0.0000
-4.2079 -4.7832 0.0000
3.5480 -4.2734 0.0000
3.3058 -4.3998 0.0000
1.9643 -0.2209 0.0041
-2.0107 -4.7660 0.0000
-3.7033 3.3478 0.0000
-3.9581 3.2258 0.0000
-0.8856 3.3100 0.0000
-1.3960 2.9884 0.0000
-1.6630 2.8438 0.0000
2.6657 0.2089 0.0000
2.5080 0.0325 0.0000
3.2902 -4.7326 0.0000
3.0870 -4.5293 0.0000
2.9598 -4.7651 0.0000
0.0253 -1.1350 0.0369
-0.0432 -1.4065 0.0126
-0.3032 -1.4855 0.0051
-0.5891 -1.5149 0.0019
-0.9258 -0.9711 0.0032
-3.2649 -2.9261 0.0000
-3.5217 0.8232 0.0000
-3.4630 0.5606 0.0000
4.5283 -1.8711 0.0000
4.4895 -2.1500 0.0000
4.1024 -2.4510 0.0000
3.9965 4.5078 0.0000
3.9250 4.2464 0.0000
3.9365 3.9799 0.0000
-3.5422 -1.0897 0.0000
-1.4194 -2.3845 0.0000
-1.6742 -2.3597 0.0000
-1.9532 -2.4085 0.0000
-0.7360 -3.9251 0.0000
-0.9794 -3.8714 0.0000
-0.9878 -4.1364 0.0000
0.8738 -2.5413 0.0001
0.7949 -2.8071 0.0000
0.6331 -3.0624 0.0000
0.4542 -3.2636 0.0000
2.1661 -1.3886 0.0000
1.9442 -1.5899 0.0001
-3.6208 -2.2296 0.0000
-3.7768 -2.4361 0.0000
2.4420 -2.1325 0.0000
2.3193 -2.3626 0.0000
-3.6802 -3.2920 0.0000
-0.1632 -4.7649 0.0000
1.3897 4.7563 0.0000
-0.7221 -4.1916 0.0000
-0.9464 -4.4048 0.0000
-0.9517 -4.6236 0.0000
-1.1062 -4.7916 0.0000
1.8599 1.1758 0.0029
-1.8927 -1.5599 0.0000
-2.2156 -1.5847 0.0000
0.1005 -2.8871 0.0000
-0.1571 -2.8018 0.0000
3.5401 -4.5510 0.0000
3.6011 -4.7759 0.0000
3.1638 -1.6033 0.0000
3.1515 -1.9016 0.0000
-3.7850 2.3123 0.0000
-4.0793 2.2729 0.0000
-2.6706 -0.1038 0.0000
-2.1908 4.0206 0.0000
-2.4385 3.9376 0.0000
-2.6900 3.8636 0.0000
-2.9632 3.8504 0.0000
1.7817 -2.0737 0.0000
1.2183 -0.0700 0.2310
1.1628 -0.3021 0.2208
-4.7161 0.1065 0.0000
-0.0965 4.2577 0.0000
-0.3963 4.2666 0.0000
-1.6927 -1.0489 0.0000
-1.8408 -1.2887 0.0000
-2.0978 -1.3179 0.0000
-2.3660 -1.3489 0.0000
-1.5503 4.6414 0.0000
-2.3466 -2.8232 0.0000
-2.5072 -3.0043 0.0000
-1.5934 -1.5975 0.0000
-1.7028 -1.8482 0.0000
2.7991 -3.4668 0.0000
2.6918 -3.6943 0.0000
2.5148 -3.4921 0.0000
2.4381 -3.7442 0.0000
2.6458 -1.0025 0.0000
-3.9975 2.8234 0.0000
3.1610 -2.7856 0.0000
0.0215 -3.6912 0.0000
-0.2269 -3.9666 0.0000
-0.4258 0.4274 0.0790
3.5316 -0.8655 0.0000
3.2496 -0.9081 0.0000
3.4268 -1.1473 0.0000
-4.5373 1.6511 0.0000
-4.7668 1.7387 0.0000
1.0639 2.6070 0.0001
0.8039 2.4669 0.0004
0.0926 1.4156 0.0335
-0.0088 1.1147 0.0679
-4.5396 4.7744 0.0000
-3.0312 0.9746 0.0000
-3.2445 0.7598 0.0000
-3.4215 -4.2385 0.0000
0.9749 -0.1395 0.3593
0.8464 -0.2920 0.3624
0.9795 -0.4794 0.2452
-2.3443 4.7571 0.0000
-4.7503 -3.5552 0.0000
-4.7341 -3.8512 0.0000
-3.9931 0.6691 0.0000
3.1999 0.6346 0.0000
4.5170 0.4836 0.0000
-4.2075 2.0208 0.0000
-4.2642 1.7227 0.0000
1.6950 -0.1591 0.0295
0.1307 -4.7568 0.0000
-2.9308 2.8199 0.0000
-3.1739 2.8130 0.0000
2.3811 -4.2245 0.0000
2.2763 -3.9593 0.0000
2.0441 -4.0169 0.0000
2.1121 -4.2584 0.0000
4.3271 -3.2074 0.0000
4.3067 -3.4891 0.0000
4.0705 -3.2951 0.0000
4.0575 -3.5439 0.0000
-3.3094 -2.6448 0.0000
3.6068 0.2735 0.0000
3.4375 0.0922 0.0000
-4.2196 -3.2168 0.0000
-4.2230 -3.4929 0.0000
-1.5738 1.1685 0.0001
-1.5425 0.8796 0.0001
-1.3820 -0.8125 0.0004
-0.0038 4.5035 0.0000
-3.6088 2.0643 0.0000
-3.7223 1.8044 0.0000
-0.8206 -0.2291 0.0191
-1.0149 -0.4444 0.0062
4.3915 2.3127 0.0000
4.1561 2.1153 0.0000
4.0183 1.8854 0.0000
4.1959 -4.7717 0.0000
4.5517 3.4357 0.0000
4.4008 3.2340 0.0000
-1.4825 1.6274 0.0000
4.7372 4.2771 0.0000
4.4651 4.2053 0.0000
-3.7781 -4.5140 0.0000
1.4747 -2.5637 0.0000
1.1116 -2.4382 0.0001
1.2453 -2.6551 0.0000
1.0432 -2.7734 0.0000
0.6279 1.6476 0.0229
0.4055 1.4501 0.0431
0.6783 1.3536 0.0641
0.4909 1.1584 0.1099
-3.6876 1.3404 0.0000
-3.9021 1.1987 0.0000
0.2720 -3.6768 0.0000
4.0198 -4.2661 0.0000
-3.3005 -3.9826 0.0000
1.0515 4.5281 0.0000
0.7853 4.5054 0.0000
2.6915 -4.2337 0.0000
2.5115 -4.4884 0.0000
-0.5511 -0.6884 0.0275
0.5496 0.2469 0.4665
0.5910 0.0571 0.4795
0.4511 -0.1175 0.4259
1.1026 -1.4226 0.0160
1.0058 -1.6731 0.0069
4.1053 -3.0198 0.0000
3.8308 -3.1767 0.0000
3.5420 -3.3936 0.0000
3.9067 4.7640 0.0000
3.5934 4.7619 0.0000
3.2846 4.7550 0.0000
3.6567 -1.8036 0.0000
3.6721 -2.1139 0.0000
-3.0027 -3.0130 0.0000
-3.1833 -3.2255 0.0000
-3.5918 3.1177 0.0000
3.2200 2.0077 0.0000
1.5184 -3.4301 0.0000
1.2566 -3.5903 0.0000
-2.5712 -3.2745 0.0000
-2.7188 -3.4850 0.0000
4.3268 -4.5315 0.0000
2.0242 2.0007 0.0000
1.7644 1.9112 0.0004
0.8344 0.5130 0.3644
0.7923 0.2500 0.4496
0.8003 0.0162 0.4551
3.6416 2.2708 0.0000
0.5169 -1.4375 0.0231
0.4706 -1.7279 0.0068
0.2604 -1.5605 0.0115
0.1894 -1.8432 0.0031
-0.0490 -2.0009 0.0010
4.1479 3.7622 0.0000
-4.5280 3.7362 0.0000
-4.7623 3.5968 0.0000
-4.7586 3.3070 0.0000
2.7858 -2.5920 0.0000
2.6119 -2.7701 0.0000
2.4783 -2.9697 0.0000
1.6524 -4.5201 0.0000
1.7457 -4.7602 0.0000
-0.2890 4.5143 0.0000
-0.6989 4.2537 0.0000
0.5566 0.9039 0.2065
0.3651 0.7406 0.2501
0.1952 0.5864 0.2589
1.3207 2.4567 0.0002
1.0730 2.3132 0.0007
0.8439 2.1693 0.0020
-3.9469 -3.2551 0.0000
-3.9707 -3.5056 0.0000
-3.3245 4.7355 0.0000
-3.5493 4.5122 0.0000
-4.7110 4.5152 0.0000
1.1317 -1.1925 0.0338
0.8916 -1.1868 0.0510
-1.7105 3.6985 0.0000
-1.9856 3.5851 0.0000
-2.2671 3.4476 0.0000
1.5864 -1.5655 0.0016
1.4840 -1.8392 0.0008
-2.2800 -0.1004 0.0000
-2.4816 -0.3183 0.0000
1.0877 4.7624 0.0000
-1.7394 -3.7482 0.0000
-1.7526 -4.0378 0.0000
-1.2355 -3.7477 0.0000
-1.4930 -3.8929 0.0000
-1.2097 4.5304 0.0000
-1.2102 4.2758 0.0000
-0.1383 4.7582 0.0000
1.0609 -0.7241 0.1380
4.7720 -3.5913 0.0000
4.7606 -3.9021 0.0000
4.5179 -3.9242 0.0000
-2.5964 -1.1774 0.0000
-2.8237 -1.3703 0.0000
0.5561 -0.6565 0.2245
0.0380 -3.9681 0.0000
-0.1327 -4.2467 0.0000
2.4987 -0.2550 0.0000
4.1427 3.1851 0.0000
3.9530 2.9514 0.0000
4.0263 2.6798 0.0000
4.1036 2.3991 0.0000
3.9109 2.2018 0.0000
-1.1001 3.1068 0.0000
-1.1396 2.8433 0.0000
-2.4821 -1.7813 0.0000
4.1152 -1.5000 0.0000
4.3285 -1.6858 0.0000
4.0450 -1.7600 0.0000
3.8739 -1.9174 0.0000
3.0273 0.3977 0.0000
-0.8711 -3.0807 0.0000
-0.9959 -3.3174 0.0000
0.5798 2.2508 0.0014
0.2043 -0.0893 0.3410
-0.0104 -0.1556 0.2315
-0.1675 -0.3739 0.1349
1.4304 1.5681 0.0085
3.3913 -2.3086 0.0000
3.1285 -2.4763 0.0000
2.9699 -2.7042 0.0000
-2.3743 -4.2556 0.0000
-2.5572 -4.4931 0.0000
-4.5265 -0.6984 0.0000
-4.3903 -1.0500 0.0000
4.7357 0.2494 0.0000
4.6987 0.0133 0.0000
-1.1780 0.8450 0.0018
-1.3764 0.7147 0.0006
-2.2773 -3.7457 0.0000
-2.2359 -3.9996 0.0000
-2.4949 -3.9966 0.0000
-2.6710 -4.2296 0.0000
-4.7657 -1.7100 0.0000
-2.4600 2.6530 0.0000
-2.7391 2.5722 0.0000
-0.5948 3.1939 0.0000
-0.8482 3.0358 0.0000
-1.2131 2.0817 0.0000
-1.4467 1.9074 0.0000
-3.8908 -0.1715 0.0000
-4.0220 -0.3875 0.0000
-4.1832 -0.5870 0.0000
-4.2031 -2.1489 0.0000
0.5790 -2.5224 0.0001
0.5571 -2.7883 0.0000
0.3625 -2.9822 0.0000
0.1564 -3.1700 0.0000
-0.8045 -1.2211 0.0025
-0.8339 -1.4487 0.0010
-1.1608 -0.9551 0.0010
2.5193 -0.7542 0.0000
2.3289 -0.9095 0.0000
-2.7710 -3.9601 0.0000
-3.0108 -4.0383 0.0000
-2.9133 -4.2720 0.0000
-3.1754 -4.2635 0.0000
-1.6411 2.5288 0.0000
-1.7473 2.2900 0.0000
-2.7129 1.5285 0.0000
-2.9837 1.5103 0.0000
-3.0936 -3.5100 0.0000
-3.2592 -3.7069 0.0000
-3.5034 -3.7257 0.0000
4.5315 -3.6650 0.0000
3.5518 1.5516 0.0000
3.3321 1.4042 0.0000
2.0394 -4.7423 0.0000
-0.0568 0.5675 0.1730
-0.1533 0.3277 0.1746
-2.8734 -3.6879 0.0000
-3.0583 -3.8185 0.0000
4.5434 -4.4342 0.0000
4.2435 -1.9563 0.0000
4.2279 -2.2453 0.0000
4.0133 -2.0988 0.0000
3.8801 -2.2956 0.0000
3.6223 -2.4069 0.0000
-2.9982 -1.7701 0.0000
-3.2201 -1.9037 0.0000
-3.2996 -1.6636 0.0000
-3.5539 -1.7682 0.0000
-3.4490 -2.0249 0.0000
2.4189 -1.1947 0.0000
2.1470 -1.0877 0.0001
1.9471 -1.2521 0.0005
2.4454 4.5346 0.0000
-0.9065 2.5021 0.0000
1.3019 2.7726 0.0000
-4.3842 3.2218 0.0000
-4.6063 -0.9475 0.0000
-4.7592 -1.1211 0.0000
-0.4180 2.1766 0.0005
-0.6903 2.0487 0.0003
-3.5295 -0.5626 0.0000
-3.8220 -0.5440 0.0000
2.6225 2.5261 0.0000
2.3402 2.4628 0.0000
2.4415 2.2146 0.0000
-0.9402 1.6473 0.0006
3.8048 -3.4593 0.0000
3.5599 -3.6576 0.0000
3.2107 -4.1573 0.0000
2.9901 -4.2846 0.0000
-0.3657 -4.4719 0.0000
4.7467 -0.5040 0.0000
1.9298 4.2322 0.0000
-3.1648 2.3038 0.0000
-3.3095 2.0576 0.0000
-3.4081 -3.4366 0.0000
-2.6987 0.2342 0.0000
-2.8942 0.0647 0.0000
-2.9802 -0.1576 0.0000
0.7671 -3.6710 0.0000
0.5457 -3.8522 0.0000
-2.8165 -2.5790 0.0000
-2.7458 -2.8529 0.0000
4.4487 0.1968 0.0000
4.2146 0.2980 0.0000
-0.4376 0.1756 0.0868
-0.5034 -0.0455 0.0697
-1.0867 -2.9838 0.0000
-1.2041 -3.1779 0.0000
-4.2869 -2.3779 0.0000
3.1250 0.9367 0.0000
0.3707 -0.8149 0.1427
0.6169 -0.9291 0.1223
0.4003 -1.1248 0.0634
0.1984 -0.9836 0.0761
0.2205 -1.3149 0.0277
1.6132 3.5077 0.0000
1.3236 3.3863 0.0000
0.8375 0.7935 0.2447
0.6162 0.6611 0.3236
0.4140 0.5010 0.3617
-1.3375 -1.3922 0.0001
-1.2925 -1.6659 0.0000
2.8008 -4.5082 0.0000
2.6510 -4.7527 0.0000
-1.4857 -2.6303 0.0000
-1.6107 -2.8606 0.0000
-1.9632 2.8568 0.0000
-2.1617 2.6144 0.0000
4.1592 0.0311 0.0000
3.9278 -0.1314 0.0000
-3.9062 -4.7650 0.0000
0.0050 -3.4224 0.0000
0.8101 -0.7080 0.1936
0.8714 -0.9539 0.1032
-2.2741 0.8291 0.0000
-2.2652 0.5311 0.0000
4.2730 -3.7664 0.0000
1.3007 2.1397 0.0011
1.0504 1.9984 0.0037
-4.2728 4.1984 0.0000
-4.5248 4.0329 0.0000
-4.7641 3.9029 0.0000
-1.5873 -2.1090 0.0000
-3.4395 2.7868 0.0000
-3.5874 2.5471 0.0000
-3.6904 2.8249 0.0000
-3.8569 2.5728 0.0000
-4.1057 2.5410 0.0000
2.3835 3.2814 0.0000
2.3088 3.0294 0.0000
2.0587 2.9400 0.0000
1.8035 -0.7126 0.0065
1.6013 -0.9066 0.0140
4.4748 4.4879 0.0000
4.2193 4.3744 0.0000
4.1882 4.0846 0.0000
1.5911 -2.8007 0.0000
1.3797 -2.8714 0.0000
2.2699 -2.6870 0.0000
1.9761 -2.8113 0.0000
2.2285 -2.9093 0.0000
2.2544 -3.1816 0.0000
1.9664 -3.1191 0.0000
-3.8385 3.0382 0.0000
-4.2824 2.7375 0.0000
-3.4916 -1.4828 0.0000
-3.7555 -1.5670 0.0000
-0.2343 -3.4370 0.0000
2.3282 4.7516 0.0000
-1.2053 1.5253 0.0002
-1.3867 1.3490 0.0001
0.9188 -4.5616 0.0000
0.7815 -4.7715 0.0000
-4.4376 0.0226 0.0000
-4.5190 -0.2154 0.0000
-4.7626 -0.1595 0.0000
3.1537 -0.3995 0.0000
3.2851 -0.6445 0.0000
3.0319 -0.6596 0.0000
2.7770 -0.7090 0.0000
-2.2464 -4.4991 0.0000
-2.2594 -4.7412 0.0000
3.3803 -1.7491 0.0000
3.4153 -2.0264 0.0000
3.1482 -2.1855 0.0000
-0.8545 -0.7177 0.0082
3.3232 0.3621 0.0000
3.1645 0.1158 0.0000
0.1416 4.1615 0.0000
0.0469 3.9186 0.0000
3.7403 4.5187 0.0000
3.6510 4.2563 0.0000
3.4627 4.5017 0.0000
3.3684 4.2220 0.0000
1.0429 3.2611 0.0000
0.8404 3.0917 0.0000
0.6363 2.9753 0.0000
0.7030 2.7215 0.0001
-0.9399 1.9269 0.0002
-1.1999 1.7922 0.0001
-0.1641 2.2973 0.0005
4.7844 4.7917 0.0000
4.7443 4.5379 0.0000
1.5960 4.2644 0.0000
1.3012 4.2659 0.0000
-1.4174 2.4138 0.0000
-1.4887 2.1847 0.0000
1.3838 -1.0886 0.0221
2.9514 2.0942 0.0000
3.0021 1.8092 0.0000
2.7569 1.7785 0.0000
-0.3355 -1.9689 0.0006
-0.5595 -2.1068 0.0001
-0.3646 2.7458 0.0000
1.8426 4.4932 0.0000
-2.2742 0.2139 0.0000
-4.4296 2.9436 0.0000
-4.6129 2.8031 0.0000
-4.4984 2.5628 0.0000
-4.7826 2.6302 0.0000
-1.4583 -0.2753 0.0005
-1.3585 -0.5325 0.0007
-1.6276 -0.5689 0.0001
-1.5953 -0.8203 0.0001
4.7851 2.6513 0.0000
4.7659 2.3345 0.0000
4.6074 2.1566 0.0000
4.7620 1.9853 0.0000
4.7694 1.6826 0.0000
3.1304 -1.2035 0.0000
-1.1528 -1.9723 0.0000
-1.3282 -2.1755 0.0000
0.5114 4.4790 0.0000
0.4238 4.1819 0.0000
-4.3190 -1.8811 0.0000
3.0846 4.2339 0.0000
2.8797 4.1123 0.0000
2.8195 3.9301 0.0000
-0.6498 0.9980 0.0159
-0.8066 0.8145 0.0123
-0.5308 0.7034 0.0417
-0.7340 0.5320 0.0249
-0.1839 0.8783 0.0803
-0.4302 0.9240 0.0383
-1.2198 -3.4813 0.0000
2.4313 4.2983 0.0000
2.2276 4.1216 0.0000
3.3759 3.4280 0.0000
3.6569 -2.9172 0.0000
3.5737 -3.1486 0.0000
-4.7658 0.8430 0.0000
-3.9411 3.4990 0.0000
-4.1843 3.3783 0.0000
-2.6400 4.7545 0.0000
-4.6214 3.1259 0.0000
-4.7906 2.9639 0.0000
1.2124 1.1492 0.0618
0.9959 1.0270 0.1273
0.7519 1.0780 0.1376
3.4023 0.8239 0.0000
-2.5125 -0.8918 0.0000
0.0414 -2.5921 0.0000
-0.2363 -2.5184 0.0000
-0.4571 -2.7124 0.0000
-1.4029 -1.1032 0.0001
-1.5992 -1.3289 0.0000
-1.5047 -3.5963 0.0000
-2.0085 -3.7364 0.0000
-3.8665 -1.0772 0.0000
-4.1630 -1.1671 0.0000
-1.5015 -4.1880 0.0000
-1.7747 -4.3190 0.0000
-1.9629 -4.5198 0.0000
-3.4081 1.3049 0.0000
4.2522 -0.8402 0.0000
4.0022 -1.0008 0.0000
-0.6667 2.3359 0.0001
-0.9407 2.2219 0.0001
-0.1657 1.9835 0.0023
-0.4485 1.9064 0.0015
-0.6575 1.7357 0.0015
-1.0663 -1.4882 0.0003
-1.4825 0.2541 0.0005
2.1316 -0.7301 0.0004
1.9684 -0.9114 0.0012
1.7898 -1.0657 0.0029
-2.1545 -2.9687 0.0000
-2.2906 -3.2043 0.0000
0.2441 4.4265 0.0000
2.4237 -1.4970 0.0000
2.1999 -1.6823 0.0000
2.0047 -1.8942 0.0000
-2.5148 0.7084 0.0000
-2.7376 0.5388 0.0000
-4.7739 1.1191 0.0000
3.8767 -4.7351 0.0000
-0.8733 -2.0191 0.0001
0.0844 -4.4713 0.0000
0.7171 1.9796 0.0054
0.5538 1.9294 0.0068
0.4058 1.7760 0.0125
-3.2015 0.4645 0.0000
-3.4392 0.3099 0.0000
1.5528 4.5197 0.0000
0.3519 2.0651 0.0033
4.0607 -4.5248 0.0000
0.2512 -3.4321 0.0000
-2.4922 0.3930 0.0000
-1.8791 2.5961 0.0000
-2.0232 2.3581 0.0000
-4.0217 3.7240 0.0000
0.9500 -1.9514 0.0020
0.4583 -1.9767 0.0021
3.6125 0.9603 0.0000
4.7547 -2.9271 0.0000
3.9792 -0.4273 0.0000
4.0007 -0.7162 0.0000
3.7470 -0.6151 0.0000
3.5092 -0.6122 0.0000
4.0805 -1.2744 0.0000
3.8748 -1.2810 0.0000
-2.6958 2.8359 0.0000
-3.0102 2.5612 0.0000
-0.1315 3.7187 0.0000
-0.3688 3.5444 0.0000
-4.3687 -4.5839 0.0000
-4.5230 -4.7718 0.0000
-3.5836 -3.9951 0.0000
-3.6946 -4.2558 0.0000
-3.9812 -4.2793 0.0000
-1.4626 4.1285 0.0000
-1.7031 4.2875 0.0000
-1.6678 3.9642 0.0000
-1.8602 4.1005 0.0000
-1.9610 3.8648 0.0000
-2.0351 4.7374 0.0000
3.1876 4.4952 0.0000
2.9198 4.4441 0.0000
3.7867 -4.4484 0.0000
-1.0931 -1.2220 0.0007
1.0984 2.9617 0.0000
0.9187 2.8056 0.0000
4.7335 3.2326 0.0000
4.7552 2.9358 0.0000
4.5791 2.5046 0.0000
2.6378 3.7792 0.0000
2.4766 3.5593 0.0000
2.2160 3.4937 0.0000
2.0808 3.2290 0.0000
-2.0194 0.6300 0.0000
1.9850 1.7329 0.0002
1.7249 1.6325 0.0017
1.6839 1.3742 0.0051
-3.3151 1.0370 0.0000
0.2280 1.6598 0.0168
-0.0502 1.6771 0.0103
-0.1903 1.4013 0.0204
-0.2970 1.1539 0.0323
-0.5317 1.2361 0.0132
