5.0000 5.0000 0.0000
0.0000 5.0000 0.0002
2.5000 5.0000 0.0000
3.7500 5.0000 0.0000
4.3750 5.0000 0.0000
4.6875 5.0000 0.0000
4.0625 5.0000 0.0000
3.1250 5.0000 0.0000
3.4375 5.0000 0.0000
2.8125 5.0000 0.0000
1.2500 5.0000 0.0000
1.8750 5.0000 0.0000
2.1875 5.0000 0.0000
1.5625 5.0000 0.0000
0.6250 5.0000 0.0000
0.9375 5.0000 0.0000
0.3125 5.0000 0.0001
-2.5000 5.0000 0.0009
-1.2500 5.0000 0.0045
-0.6250 5.0000 0.0016
-0.3125 5.0000 0.0007
-0.9375 5.0000 0.0030
-1.8750 5.0000 0.0046
-1.5625 5.0000 0.0054
-2.1875 5.0000 0.0026
-3.7500 5.0000 0.0000
-3.1250 5.0000 0.0000
-2.8125 5.0000 0.0002
-3.4375 5.0000 0.0000
-4.3750 5.0000 0.0000
-4.0625 5.0000 0.0000
-4.6875 5.0000 0.0000
5.0000 -5.0000 0.0000
5.0000 0.0000 0.0000
5.0000 -2.5000 0.0000
5.0000 -3.7500 0.0000
5.0000 -4.3750 0.0000
5.0000 -4.6875 0.0000
5.0000 -4.0625 0.0000
5.0000 -3.1250 0.0000
5.0000 -3.4375 0.0000
5.0000 -2.8125 0.0000
5.0000 -1.2500 0.0000
5.0000 -1.8750 0.0000
5.0000 -2.1875 0.0000
5.0000 -1.5625 0.0000
5.0000 -0.6250 0.0000
5.0000 -0.9375 0.0000
5.0000 -0.3125 0.0000
5.0000 2.5000 0.0000
5.0000 1.2500 0.0000
5.0000 0.6250 0.0000
5.0000 0.3125 0.0000
5.0000 0.9375 0.0000
5.0000 1.8750 0.0000
5.0000 1.5625 0.0000
5.0000 2.1875 0.0000
5.0000 3.7500 0.0000
5.0000 3.1250 0.0000
5.0000 2.8125 0.0000
5.0000 3.4375 0.0000
5.0000 4.3750 0.0000
5.0000 4.0625 0.0000
5.0000 4.6875 0.0000
-5.0000 -5.0000 0.0000
0.0000 -5.0000 0.0000
-2.5000 -5.0000 0.0000
-3.7500 -5.0000 0.0000
-4.3750 -5.0000 0.0000
-4.6875 -5.0000 0.0000
-4.0625 -5.0000 0.0000
-3.1250 -5.0000 0.0000
-3.4375 -5.0000 0.0000
-2.8125 -5.0000 0.0000
-1.2500 -5.0000 0.0000
-1.8750 -5.0000 0.0000
-2.1875 -5.0000 0.0000
-1.5625 -5.0000 0.0000
-0.6250 -5.0000 0.0000
-0.9375 -5.0000 0.0000
-0.3125 -5.0000 0.0000
2.5000 -5.0000 0.0000
1.2500 -5.0000 0.0000
0.6250 -5.0000 0.0000
0.3125 -5.0000 0.0000
0.9375 -5.0000 0.0000
1.8750 -5.0000 0.0000
1.5625 -5.0000 0.0000
2.1875 -5.0000 0.0000
3.7500 -5.0000 0.0000
3.1250 -5.0000 0.0000
2.8125 -5.0000 0.0000
3.4375 -5.0000 0.0000
4.3750 -5.0000 0.0000
4.0625 -5.0000 0.0000
4.6875 -5.0000 0.0000
-5.0000 5.0000 0.0000
-5.0000 0.0000 0.0000
-5.0000 2.5000 0.0000
-5.0000 3.7500 0.0000
-5.0000 4.3750 0.0000
-5.0000 4.6875 0.0000
-5.0000 4.0625 0.0000
-5.0000 3.1250 0.0000
-5.0000 3.4375 0.0000
-5.0000 2.8125 0.0000
-5.0000 1.2500 0.0000
-5.0000 1.8750 0.0000
-5.0000 2.1875 0.0000
-5.0000 1.5625 0.0000
-5.0000 0.6250 0.0000
-5.0000 0.9375 0.0000
-5.0000 0.3125 0.0000
-5.0000 -2.5000 0.0000
-5.0000 -1.2500 0.0000
-5.0000 -0.6250 0.0000
-5.0000 -0.3125 0.0000
-5.0000 -0.9375 0.0000
-5.0000 -1.8750 0.0000
-5.0000 -1.5625 0.0000
-5.0000 -2.1875 0.0000
-5.0000 -3.7500 0.0000
-5.0000 -3.1250 0.0000
-5.0000 -2.8125 0.0000
-5.0000 -3.4375 0.0000
-5.0000 -4.3750 0.0000
-5.0000 -4.0625 0.0000
-5.0000 -4.6875 0.0000
-3.4382 -0.1081 0.0004
1.6566 -3.9521 0.0000
1.2769 -4.2459 0.0000
4.2981 4.5078 0.0000
4.3240 4.2171 0.0000
4.1066 4.0172 0.0000
-4.4606 4.5446 0.0000
-2.5290 4.1163 0.0099
-3.4149 1.9911 0.0005
-3.6685 1.9154 0.0000
-3.7570 1.6504 0.0000
-4.1050 1.3130 0.0000
-4.2765 1.1501 0.0000
-4.4772 0.9853 0.0000
4.5154 -4.0827 0.0000
-2.4060 1.5192 0.1692
-2.3343 1.4339 0.1115
-2.4945 1.5030 0.2184
-2.4527 1.4304 0.1878
-2.5824 1.4725 0.2403
-2.4618 1.3456 0.1835
-2.5368 1.3919 0.2263
-2.5783 1.3073 0.2320
-2.5680 1.2190 0.2235
-0.8782 -4.7569 0.0000
-4.7219 0.5066 0.0000
0.6681 1.5134 0.0000
0.4152 1.3560 0.0000
0.1024 1.3240 0.0000
-4.2478 -1.9363 0.0000
-4.0045 4.5026 0.0000
-4.2326 4.4125 0.0000
-0.1128 1.5474 0.0000
-0.3877 1.4784 0.0000
-1.8749 -2.9829 0.0104
-2.5908 2.3780 0.1764
-2.5764 2.2978 0.1958
-2.5105 2.3943 0.2103
-2.4954 2.3125 0.2247
-2.3987 2.2286 0.2317
-2.4860 2.2332 0.2338
-2.5638 2.2127 0.2130
-2.6489 2.1753 0.1731
-2.6591 2.2759 0.1527
-2.8058 2.2495 0.0737
-2.1542 4.7610 0.0059
-3.5289 -2.1341 0.0000
4.2371 2.4132 0.0000
4.0080 2.1829 0.0000
4.1168 1.9274 0.0000
-0.9666 3.6846 0.0147
2.7350 1.9905 0.0000
3.9412 3.7961 0.0000
-0.9702 4.2435 0.0144
2.1563 2.6164 0.0000
2.0469 2.3970 0.0000
-2.8036 -0.5023 0.0758
-2.6430 -0.5657 0.1146
-2.7987 -0.7061 0.0620
-3.0163 -0.5703 0.0140
-3.1283 -0.7891 0.0036
1.2381 -3.6366 0.0000
4.7512 -4.5162 0.0000
-2.2454 0.6202 0.0203
1.0415 4.2758 0.0000
0.8902 4.0326 0.0000
0.7516 3.7816 0.0000
0.5889 3.6014 0.0000
3.8564 4.1572 0.0000
3.7898 1.3157 0.0000
3.7762 1.0437 0.0000
-2.3423 -1.5662 0.0513
-2.5066 -1.6548 0.0478
3.9221 -4.7266 0.0000
-1.5496 1.5764 0.0001
4.5221 -0.1313 0.0000
4.4865 -0.3971 0.0000
4.2780 3.4407 0.0000
-2.9269 -4.4663 0.0000
-3.1929 -4.4867 0.0000
-3.3576 -4.7475 0.0000
-2.8893 3.7571 0.0030
1.7321 0.7911 0.0000
1.7626 0.5493 0.0000
1.6604 0.3080 0.0000
-2.0749 -2.4123 0.0247
0.4937 -0.6371 0.0533
0.4397 -0.8019 0.0737
0.4062 -0.9773 0.0892
0.3054 -1.0686 0.1114
-0.0296 1.8103 0.0000
-0.1711 2.0155 0.0000
-0.3424 1.7802 0.0000
-4.7707 2.6551 0.0000
4.2600 -3.6853 0.0000
4.2694 -3.9562 0.0000
4.0233 -4.1004 0.0000
-3.4760 0.9353 0.0004
2.0343 -0.4711 0.0000
-1.3902 2.5838 0.0066
0.1275 0.3259 0.0053
-0.0792 0.1248 0.0141
-3.1739 4.4826 0.0001
-3.4420 4.4945 0.0000
-0.8464 0.8259 0.0002
-0.9370 0.5166 0.0008
-1.2428 0.5386 0.0003
1.6910 -2.3893 0.0000
-1.7186 2.9148 0.0615
-1.8180 2.7616 0.0698
0.0108 3.1122 0.0000
-1.1613 -4.0237 0.0001
-1.2145 -4.2596 0.0000
-1.3620 -4.4839 0.0000
-1.4533 -4.1790 0.0000
-1.6556 -4.3431 0.0000
-0.4898 -3.0081 0.0105
-0.5373 -3.2454 0.0040
-0.3075 2.5955 0.0000
1.5500 -3.4400 0.0000
1.4992 -3.6891 0.0000
2.5488 1.7570 0.0000
-3.4754 1.7037 0.0004
3.7523 3.6042 0.0000
3.5466 3.4230 0.0000
-3.9166 -4.7476 0.0000
0.1195 -1.7216 0.1016
0.1244 -1.8812 0.0817
-0.0291 -1.9674 0.0838
-4.2566 1.7871 0.0000
0.6114 -3.0951 0.0001
0.4621 -3.3576 0.0000
3.5183 4.0097 0.0000
0.5577 0.0037 0.0092
0.7699 -0.2123 0.0087
0.5082 -0.2406 0.0228
0.3139 -0.1176 0.0240
3.2914 4.7332 0.0000
2.9582 -3.9503 0.0000
2.7345 -4.1433 0.0000
1.7650 -3.7040 0.0000
-4.1278 0.5068 0.0000
-4.4805 0.2604 0.0000
1.8175 4.4690 0.0000
1.6047 4.2832 0.0000
1.2325 -2.0605 0.0001
1.0926 -2.3451 0.0001
1.2147 -2.6125 0.0000
1.0588 -2.8555 0.0000
-1.4017 -4.7695 0.0000
-1.3236 -3.3254 0.0053
4.5147 -3.7748 0.0000
1.2872 -0.1144 0.0003
-0.0463 -3.4138 0.0003
0.0082 -3.6976 0.0000
2.2667 1.2786 0.0000
2.1775 1.0291 0.0000
1.8812 1.0350 0.0000
0.8764 1.0034 0.0000
0.9185 0.6474 0.0001
0.6475 0.5602 0.0005
3.6734 -3.6926 0.0000
-3.9638 -0.0012 0.0000
-4.0033 -0.2673 0.0000
3.0233 -2.2548 0.0000
2.9355 -2.5577 0.0000
2.6727 -2.6326 0.0000
-1.3505 -1.0126 0.0117
2.2068 -2.4884 0.0000
0.7016 0.8317 0.0001
0.9968 1.9504 0.0000
-0.0018 -1.2836 0.1480
-0.0920 -1.2963 0.1490
-0.1857 -1.2939 0.1460
-0.0915 -1.3909 0.1444
-0.1904 -1.4144 0.1399
-0.2881 -3.3119 0.0014
1.0272 3.2998 0.0000
0.7519 3.4013 0.0000
-2.6962 -3.2006 0.0002
1.7459 -4.3029 0.0000
1.6886 -4.5459 0.0000
1.7056 -4.7670 0.0000
1.4066 -4.7323 0.0000
2.5366 -3.6599 0.0000
2.8208 2.7443 0.0000
2.8297 2.2399 0.0000
0.2158 1.9086 0.0000
-4.4961 -4.0847 0.0000
-4.7596 -4.2172 0.0000
-3.5032 -0.3791 0.0002
-0.6532 -4.0192 0.0000
-0.6839 -4.2593 0.0000
-0.9368 -4.2164 0.0000
-1.0765 -4.4950 0.0000
-1.4655 2.1022 0.0013
2.8400 4.3083 0.0000
-2.4639 2.1512 0.2395
-2.5468 2.1226 0.2290
-2.6295 2.0760 0.1975
-2.7366 2.0939 0.1283
-2.6316 1.9881 0.2065
-2.7179 1.9914 0.1525
-2.4567 2.0558 0.2398
-2.5455 2.0226 0.2372
-2.5156 1.9449 0.2440
-2.6034 1.9119 0.2271
-2.6866 1.8949 0.1841
-2.5352 1.8479 0.2448
-2.6133 1.8162 0.2301
-2.6857 1.8091 0.1934
-2.7639 1.8070 0.1408
-0.1960 1.2707 0.0000
-0.4828 1.1970 0.0000
-0.5857 0.9361 0.0002
2.7961 1.6986 0.0000
2.2768 -0.5056 0.0000
2.3009 -0.7580 0.0000
-4.0796 3.1045 0.0000
-4.2976 3.2747 0.0000
-4.3216 2.9621 0.0000
-4.5366 3.1260 0.0000
-4.7638 2.9690 0.0000
-4.5435 2.8064 0.0000
-2.4289 0.2695 0.0778
-2.5676 0.2193 0.1490
-2.6636 0.1965 0.1701
-2.4893 0.1114 0.1050
-2.6162 0.1127 0.1587
-2.7232 0.1186 0.1560
-2.6801 0.0304 0.1573
-2.7640 -0.0337 0.1298
-2.5837 0.0003 0.1431
-2.7693 -0.1653 0.1171
-0.4671 3.1535 0.0005
-2.1330 4.0113 0.0453
-1.9756 3.8544 0.0738
-1.9323 3.6787 0.0957
-2.0723 3.6471 0.0964
4.7274 3.8946 0.0000
-2.1738 -3.7579 0.0002
-3.5721 4.2447 0.0000
-3.7280 4.0411 0.0000
-1.7014 1.3191 0.0002
-3.5238 -2.3852 0.0000
-4.1317 -0.5376 0.0000
-4.5343 2.4983 0.0000
-4.2720 3.5793 0.0000
-4.5254 3.4323 0.0000
-4.7665 3.2807 0.0000
-1.3936 4.7835 0.0094
-1.3143 4.5249 0.0165
-2.7723 -2.4180 0.0018
-2.8308 -2.6613 0.0005
-3.1172 -2.8741 0.0000
-3.5853 4.7551 0.0000
-3.8954 4.7568 0.0000
-4.1435 -3.4321 0.0000
0.5832 4.0003 0.0000
0.4027 3.7795 0.0000
0.2142 3.5832 0.0000
2.7737 1.1603 0.0000
0.0809 -4.5079 0.0000
2.5411 -2.1385 0.0000
2.4712 -2.4179 0.0000
2.4017 -2.7015 0.0000
2.1317 -2.7827 0.0000
1.3764 4.7625 0.0000
1.2060 4.5190 0.0000
1.0730 4.7608 0.0000
0.9040 4.5164 0.0000
0.7693 4.7607 0.0000
0.6069 4.5153 0.0000
0.4673 4.7634 0.0000
0.7286 -1.1443 0.0310
-2.4036 0.7774 0.0890
-2.5449 0.7306 0.1724
-2.5866 0.6352 0.1848
-2.4602 0.6280 0.1131
-2.5546 0.5458 0.1635
-2.6492 0.5395 0.1934
-2.5921 0.4544 0.1738
-2.5452 0.3561 0.1463
-2.6529 0.3716 0.1821
0.8903 0.3534 0.0006
0.6276 0.2796 0.0024
-0.5137 2.3809 0.0000
-1.2544 3.1390 0.0177
2.9760 -4.7561 0.0000
-0.9701 -2.5042 0.0257
4.0021 0.7797 0.0000
2.8127 -2.1042 0.0000
2.7422 -2.3588 0.0000
-2.6873 1.3168 0.2190
-2.6563 1.2318 0.2287
-2.6674 1.1414 0.2244
-2.7606 1.2558 0.1793
-2.7347 1.1700 0.1971
-2.7962 1.1346 0.1580
1.9814 2.9391 0.0000
-2.4660 -3.7397 0.0001
-0.1712 -3.8907 0.0000
2.5995 4.4875 0.0000
-1.9021 1.0346 0.0008
-2.2074 0.9132 0.0204
-2.5001 -0.8558 0.0879
-2.5368 -1.0352 0.0848
3.0023 4.7656 0.0000
4.0196 3.5164 0.0000
3.8127 3.3282 0.0000
2.6061 -0.8314 0.0000
2.1749 -1.2171 0.0000
0.3865 0.4711 0.0018
0.3801 0.1918 0.0068
4.5017 -4.7137 0.0000
3.4627 -1.5153 0.0000
3.3988 -1.7672 0.0000
3.1490 -1.9948 0.0000
0.2737 3.2177 0.0000
-3.9666 3.9468 0.0000
1.8756 -4.1145 0.0000
1.5369 -4.1848 0.0000
1.4633 -4.4605 0.0000
-1.4174 -2.3585 0.0152
-1.6451 -2.2968 0.0152
-2.1267 -2.9955 0.0064
3.3333 0.3602 0.0000
3.1450 0.1144 0.0000
2.8507 4.5743 0.0000
-3.2782 4.7462 0.0000
0.7176 1.7767 0.0000
1.1749 -1.4174 0.0013
0.9723 -1.5875 0.0042
0.7429 -1.7132 0.0137
0.7388 4.2653 0.0000
0.4457 4.2655 0.0000
0.2786 4.0291 0.0000
-0.0027 4.0753 0.0002
0.0779 3.7953 0.0001
4.5109 -4.3884 0.0000
3.4661 -2.4884 0.0000
3.1965 -2.4820 0.0000
3.1465 -2.7444 0.0000
3.1566 -2.9965 0.0000
2.8830 -2.8594 0.0000
4.7702 1.0951 0.0000
-0.5228 -3.5298 0.0007
-2.0488 3.3352 0.1375
-2.1350 3.2911 0.1438
-2.2292 3.2541 0.1417
-2.2963 3.1580 0.1467
-2.1052 3.1962 0.1544
-2.1911 3.1629 0.1589
-2.4664 2.9877 0.1284
-2.1798 3.0820 0.1689
-2.2742 3.0673 0.1653
-2.2078 2.9940 0.1786
-2.2466 2.9140 0.1872
-2.3120 2.9751 0.1740
-2.3759 3.0480 0.1472
-2.3765 2.9181 0.1698
-2.4619 2.8671 0.1516
-2.5281 2.7808 0.1398
-2.6146 2.8942 0.0853
-2.8113 2.7657 0.0348
-4.7847 -4.7865 0.0000
-2.2357 4.4964 0.0104
-2.2432 4.2200 0.0214
2.4780 0.4570 0.0000
-4.5101 -2.1199 0.0000
-4.7621 -2.0125 0.0000
-4.5046 -2.4135 0.0000
3.6887 2.5678 0.0000
3.4719 2.3491 0.0000
3.2974 2.1193 0.0000
-2.7633 -3.7275 0.0000
-2.8400 -4.0983 0.0000
-3.0588 -4.2154 0.0000
-1.6559 -3.1793 0.0074
-1.8949 -3.2587 0.0042
3.7119 3.1277 0.0000
3.6251 2.8530 0.0000
4.7595 3.5863 0.0000
2.3765 3.3471 0.0000
2.1762 3.1416 0.0000
1.2271 -0.6283 0.0013
1.9346 2.7077 0.0000
1.8005 2.4803 0.0000
1.6665 2.2520 0.0000
-4.2760 0.7699 0.0000
-4.4130 0.4979 0.0000
0.1771 -2.8417 0.0033
0.0520 -2.5879 0.0164
-0.0974 -2.8207 0.0100
0.0093 -3.1039 0.0016
-0.3605 -2.7854 0.0192
-0.2493 -3.0603 0.0050
-1.9067 1.9590 0.0178
-2.0507 1.7553 0.0294
-2.1597 1.4801 0.0370
-3.8337 3.2224 0.0000
-3.5462 3.0274 0.0000
-3.8163 2.9592 0.0000
2.6503 -4.3781 0.0000
2.4933 -4.5452 0.0000
2.6732 -4.7388 0.0000
2.2932 -4.3941 0.0000
2.3536 -4.7707 0.0000
2.1819 -4.6052 0.0000
1.9914 -4.7653 0.0000
-3.7566 -4.0212 0.0000
4.7580 -4.2195 0.0000
-2.7685 -1.6384 0.0151
-2.9047 -1.8580 0.0030
-3.0215 -2.1064 0.0006
0.8867 2.3095 0.0000
0.5934 2.2606 0.0000
-3.8150 -2.5339 0.0000
-4.0782 -2.6745 0.0000
-3.4661 -1.1457 0.0001
-0.8759 -2.3024 0.0313
3.9538 -3.2821 0.0000
3.9162 -3.5785 0.0000
4.0145 -3.8057 0.0000
-0.7003 -0.9512 0.0741
-0.5269 -0.9877 0.1020
-0.6458 -1.1439 0.0885
-0.8408 -1.1154 0.0589
-0.4760 -1.1327 0.1148
-0.5265 -1.2789 0.1072
-0.6818 -1.3238 0.0825
-0.8389 -1.3208 0.0597
-0.8822 -1.5124 0.0508
-1.0236 -1.2740 0.0375
-1.0979 -1.4795 0.0292
-1.6902 2.5941 0.0293
-1.9292 2.5861 0.0818
-1.8320 2.3857 0.0355
0.8079 3.0917 0.0000
0.4932 3.0018 0.0000
-3.8422 -1.4911 0.0000
-4.1121 -1.5385 0.0000
1.1735 -4.4849 0.0000
1.1087 -4.7679 0.0000
0.9143 -4.5872 0.0000
0.7885 -4.7858 0.0000
-4.0065 -2.0786 0.0000
-4.0308 -2.3695 0.0000
-3.6747 -0.9366 0.0000
-3.7465 -1.2173 0.0000
-0.0667 -4.2772 0.0000
3.8612 4.7567 0.0000
1.9765 1.7927 0.0000
1.8267 1.5266 0.0000
3.4705 3.1445 0.0000
3.3212 2.8869 0.0000
2.8408 -0.6263 0.0000
2.6719 -1.1076 0.0000
-1.3910 -3.6083 0.0015
3.1847 2.3925 0.0000
3.0460 2.1452 0.0000
2.0246 3.6986 0.0000
-1.8686 2.9911 0.1058
-1.9348 2.8771 0.1160
-2.0513 2.9250 0.1548
-1.9961 2.7452 0.1239
-2.0567 2.8353 0.1524
-2.1329 2.8198 0.1746
-2.1485 2.9105 0.1777
-2.2149 2.8241 0.1916
-2.2872 2.7640 0.2016
-2.1169 2.7395 0.1666
-2.1989 2.7249 0.1904
-2.0763 2.6547 0.1447
-2.1748 2.6312 0.1800
-0.5477 -0.8143 0.0873
-0.7353 -0.7401 0.0571
-4.5442 0.7336 0.0000
3.4293 -4.5341 0.0000
4.0732 4.3199 0.0000
0.1798 1.5961 0.0000
-0.9141 3.4462 0.0089
-1.1348 3.3836 0.0180
0.0607 -4.0093 0.0000
-0.1942 -4.1163 0.0000
0.3864 -0.4160 0.0462
0.3049 -0.5834 0.0729
0.2148 -0.3184 0.0484
0.1608 -0.5079 0.0766
0.0922 -0.6456 0.1008
3.2647 3.3792 0.0000
3.1985 3.1296 0.0000
2.9600 3.2685 0.0000
3.0122 2.9520 0.0000
-4.2222 -3.9885 0.0000
0.8606 -0.4595 0.0102
0.6186 -0.4567 0.0273
-0.1488 -1.6779 0.1187
-0.1785 -1.5421 0.1308
-0.2927 -1.6152 0.1172
-0.2834 -1.7640 0.1041
-0.3535 -1.9134 0.0858
2.4645 -3.9477 0.0000
2.4494 -4.2036 0.0000
1.4278 -1.5820 0.0001
1.2260 -1.7504 0.0003
0.9766 -1.8708 0.0019
0.9248 -2.1247 0.0011
0.6849 -1.9719 0.0095
0.6277 -2.2065 0.0059
-2.2797 -2.2522 0.0276
-2.3001 -2.5273 0.0152
-2.5637 -2.6621 0.0032
-2.0495 -0.2510 0.0015
-2.3609 -0.4078 0.0442
-2.5461 -0.4357 0.1121
-2.3474 -0.7187 0.0445
-2.4623 -0.5794 0.0817
-2.5764 -0.7046 0.1051
-1.0990 -2.7040 0.0211
-1.2576 -2.8917 0.0164
4.4321 -2.2159 0.0000
2.8034 4.0347 0.0000
-4.2099 4.7279 0.0000
0.0080 -0.3371 0.0588
-0.0286 -0.5194 0.0864
-0.0753 -0.6757 0.1102
4.5321 1.2309 0.0000
4.2705 0.8687 0.0000
3.3590 -0.4559 0.0000
-0.2672 -2.3061 0.0542
-0.4483 -2.4783 0.0408
-0.5519 -2.6712 0.0290
-0.7465 -2.5714 0.0310
0.8210 -4.0383 0.0000
1.0849 -4.1151 0.0000
0.9119 -4.3200 0.0000
0.6486 -4.5114 0.0000
2.6557 3.3037 0.0000
-4.1202 2.0788 0.0000
4.7652 4.7650 0.0000
4.5051 4.7221 0.0000
-0.2327 3.0220 0.0001
1.1869 1.6733 0.0000
1.2212 1.4283 0.0000
0.9366 1.4593 0.0000
1.0578 1.1970 0.0000
0.7367 1.2400 0.0000
0.5438 1.0551 0.0000
-0.3844 -4.7353 0.0000
-0.7306 -0.2618 0.0240
4.5257 0.9522 0.0000
4.5007 0.6589 0.0000
-0.1565 4.7509 0.0006
-0.3119 4.5213 0.0015
2.3086 0.7560 0.0000
2.0207 0.7794 0.0000
-4.2117 0.2412 0.0000
-4.2190 -0.0123 0.0000
-4.4669 0.0119 0.0000
-4.7155 0.0427 0.0000
-1.0860 -1.0566 0.0298
-1.2718 -1.2625 0.0172
-0.4091 0.4770 0.0025
-0.9665 -1.7340 0.0363
-1.1539 -1.9228 0.0199
-1.3213 -2.1203 0.0135
3.9307 0.5022 0.0000
1.4252 2.7684 0.0000
3.6086 4.2580 0.0000
-2.3111 2.8588 0.1907
-2.3837 2.8040 0.1868
-2.4549 2.7586 0.1734
-2.3592 2.7105 0.2040
-2.4397 2.6811 0.1913
-2.5268 2.6701 0.1597
-2.4734 2.5932 0.1943
-2.6246 2.7093 0.1069
-2.5655 2.5733 0.1578
-2.7031 2.5723 0.0885
-2.3700 2.6102 0.2138
-2.4243 2.5268 0.2162
-2.5094 2.4877 0.1973
-2.6015 2.4714 0.1559
-2.7115 2.3962 0.1060
-2.4329 0.4622 0.0874
4.5411 -2.4710 0.0000
-0.4136 -1.3905 0.1198
-0.5482 -1.4462 0.0987
-0.6929 -1.5113 0.0754
-0.5777 -1.6526 0.0834
-0.7560 -1.7135 0.0586
-0.7024 -1.8945 0.0559
-0.8981 -1.9666 0.0360
-0.9099 -0.8904 0.0439
-2.7783 -1.3719 0.0248
-3.0329 -1.5512 0.0020
1.2963 -3.3932 0.0000
1.0474 -3.3340 0.0000
-1.4599 -0.4295 0.0034
-4.2644 -2.2280 0.0000
-4.2590 -2.5207 0.0000
3.5404 1.2482 0.0000
3.5117 0.9394 0.0000
3.2960 1.1266 0.0000
0.2078 2.9276 0.0000
-0.0880 2.7966 0.0000
-4.2510 3.8877 0.0000
-4.5118 3.7279 0.0000
-4.7623 3.5869 0.0000
3.7683 -3.9285 0.0000
3.5217 -4.0321 0.0000
2.8581 -3.6526 0.0000
2.7391 3.0261 0.0000
2.4574 3.0685 0.0000
2.2511 2.8508 0.0000
1.7135 -0.7929 0.0000
-1.9302 -4.2698 0.0000
-2.1419 -4.5059 0.0000
-2.4201 -4.4726 0.0000
4.7525 -3.2959 0.0000
4.4729 -3.4595 0.0000
-0.5840 4.5720 0.0036
-0.7743 4.4155 0.0074
-1.0291 4.5110 0.0111
3.8758 1.8114 0.0000
3.7527 1.5546 0.0000
-1.7977 1.6953 0.0030
-1.8919 1.5025 0.0036
-1.9807 1.2777 0.0043
-2.2041 1.1923 0.0313
0.1656 2.6586 0.0000
-0.0454 2.4805 0.0000
-0.2393 2.2922 0.0000
4.1588 -2.2835 0.0000
4.0094 -2.5387 0.0000
-2.6530 -4.5345 0.0000
-2.6198 -4.7676 0.0000
4.2583 1.7112 0.0000
1.7702 -2.0867 0.0000
1.5099 -2.1434 0.0000
3.9445 -1.2595 0.0000
3.7017 -1.3907 0.0000
3.8594 -1.5746 0.0000
3.6564 -1.7198 0.0000
-0.9580 -0.6471 0.0293
-1.1544 -0.8101 0.0198
3.2816 -4.7648 0.0000
1.3504 -2.8800 0.0000
1.2045 -3.1114 0.0000
-3.6313 0.3647 0.0001
-3.9278 0.2713 0.0000
0.5617 3.2526 0.0000
-3.4840 2.5181 0.0001
-3.7485 2.4409 0.0000
-1.4033 3.8294 0.0462
-1.7688 3.9715 0.0619
-1.6026 3.8429 0.0628
-1.6176 3.6651 0.0717
-1.7885 3.7726 0.0808
-4.7425 0.2455 0.0000
-0.8127 -4.5024 0.0000
1.7586 0.0336 0.0000
1.5850 -0.2316 0.0000
-2.8900 -4.7334 0.0000
1.9343 -1.2718 0.0000
1.6796 -1.5882 0.0000
1.5245 -1.8633 0.0000
-2.3850 1.7942 0.1921
-2.4478 1.8713 0.2300
-2.4826 1.7783 0.2355
-2.4453 1.7116 0.2153
-2.5668 1.7412 0.2440
-2.6105 1.6470 0.2384
-2.5144 1.6666 0.2380
-2.5505 1.5738 0.2408
-2.6663 1.7242 0.2120
-2.7715 1.7156 0.1438
-2.7055 1.6290 0.1960
-2.7356 1.5387 0.1826
-2.8323 1.6083 0.1103
-2.6436 1.5486 0.2312
-2.6894 1.4561 0.2147
-2.8102 1.4693 0.1343
1.0279 -0.1435 0.0020
2.1292 2.0313 0.0000
1.9367 2.1866 0.0000
1.7964 1.9870 0.0000
2.3354 4.4179 0.0000
-3.9572 1.8612 0.0000
-4.0361 1.5940 0.0000
3.1660 -1.7285 0.0000
2.9084 -1.8965 0.0000
2.6333 -1.8652 0.0000
2.3473 -1.9240 0.0000
3.1016 4.4569 0.0000
1.3791 2.2321 0.0000
1.1027 2.2001 0.0000
1.2497 1.9475 0.0000
0.9515 1.7090 0.0000
4.4926 -2.7666 0.0000
-3.9699 -3.8711 0.0000
2.5673 4.2052 0.0000
4.7397 -0.4206 0.0000
1.9958 -0.7253 0.0000
-2.4195 4.7155 0.0029
2.7183 -1.3772 0.0000
2.3947 -1.0362 0.0000
2.4554 -1.3352 0.0000
2.1994 -1.4684 0.0000
2.0468 3.9891 0.0000
1.7922 3.8541 0.0000
-2.3957 3.6910 0.0464
-2.6400 3.5549 0.0217
2.5333 3.9022 0.0000
2.2831 3.8452 0.0000
1.5238 1.9939 0.0000
1.6827 1.7433 0.0000
1.4237 1.7256 0.0000
1.5079 1.4871 0.0000
-3.4009 -0.8599 0.0003
-1.5645 2.3693 0.0077
-1.7428 2.1524 0.0107
-2.0055 2.1955 0.0585
2.1955 4.7753 0.0000
-2.6219 0.9802 0.2194
-2.7147 0.9708 0.2055
-2.6830 1.0613 0.2185
-2.7552 1.0669 0.1858
-2.8280 1.0397 0.1372
-2.7908 0.9646 0.1634
-2.6506 0.8884 0.2157
-2.7402 0.8764 0.1919
-2.8549 0.8817 0.1196
-2.7091 0.7942 0.2016
-2.8055 0.7855 0.1521
-2.8721 0.6907 0.1067
-3.0226 0.7836 0.0340
-2.8803 0.5452 0.0986
-0.4614 4.7801 0.0018
-0.8037 4.7341 0.0046
-1.1087 4.7597 0.0074
-0.4074 -4.1920 0.0000
-0.5177 -4.4775 0.0000
-3.8726 4.2675 0.0000
-4.0947 4.1681 0.0000
-3.3550 0.4608 0.0012
-3.4049 0.1767 0.0006
4.7399 2.6553 0.0000
4.4866 2.5198 0.0000
-3.1190 -4.7434 0.0000
4.1003 -1.4747 0.0000
-2.9175 4.5075 0.0004
-2.9530 -3.8987 0.0000
-3.3407 -4.2304 0.0000
0.2457 -3.5576 0.0000
-1.3620 0.0674 0.0014
-1.5337 -0.1539 0.0013
-1.8225 -0.0724 0.0003
-1.4366 4.2256 0.0327
-1.5503 4.0472 0.0475
-3.4389 3.3857 0.0001
-3.6030 3.2612 0.0000
-0.7200 2.1890 0.0000
-0.9172 1.9944 0.0000
-2.9320 3.4975 0.0039
-3.2031 3.4207 0.0005
2.3068 4.1225 0.0000
-3.3425 -1.6144 0.0001
-3.5485 -1.4239 0.0000
-3.1858 -0.2997 0.0037
-3.3049 -0.5740 0.0009
0.7848 2.0504 0.0000
0.5088 1.9656 0.0000
4.7581 -2.6664 0.0000
0.6188 -2.5677 0.0012
0.4725 -2.8276 0.0007
3.8756 0.2227 0.0000
-0.4422 3.4491 0.0009
1.7691 -0.4955 0.0000
2.0666 -3.3416 0.0000
2.0297 -3.6114 0.0000
-3.1979 2.5200 0.0024
1.7003 1.2794 0.0000
1.5917 1.0388 0.0000
1.3967 1.2175 0.0000
1.2466 1.0155 0.0000
1.0673 0.8472 0.0000
1.4390 0.8442 0.0000
1.2454 0.6742 0.0000
1.1375 0.4620 0.0001
-2.3541 1.3104 0.1088
-2.4853 1.2624 0.1885
-2.4035 1.1823 0.1257
-2.4984 1.1594 0.1854
-2.5876 1.1401 0.2233
-2.5873 1.0642 0.2179
-2.3839 1.0545 0.1000
-2.4943 1.0793 0.1745
-2.4379 0.9245 0.1222
-2.5211 0.9956 0.1824
-2.5605 0.9076 0.1951
-1.2825 -2.5738 0.0189
-1.4356 -2.7483 0.0176
-1.5962 -2.9091 0.0144
0.5144 -4.7601 0.0000
0.3379 -4.6298 0.0000
0.1608 -4.7831 0.0000
2.4266 2.0178 0.0000
2.2676 1.7748 0.0000
0.4453 -2.3532 0.0088
0.3185 -2.5847 0.0061
-0.2922 -1.3444 0.1358
-0.3034 -1.4771 0.1272
-0.4373 -1.5495 0.1076
-0.4161 -1.7129 0.0976
-0.5255 -1.8299 0.0776
2.4113 4.7064 0.0000
4.7639 4.5039 0.0000
4.5432 4.4217 0.0000
4.7930 4.2212 0.0000
4.5848 4.1446 0.0000
-0.1470 3.5968 0.0002
-0.2075 3.3064 0.0002
2.1230 1.5353 0.0000
1.9901 1.2845 0.0000
4.2625 -4.2451 0.0000
4.0125 -4.4274 0.0000
-2.9172 -0.9188 0.0200
-3.1905 -1.0549 0.0013
-0.1652 -1.0360 0.1451
-0.1867 -1.1737 0.1477
-0.2691 -0.9793 0.1344
-0.2457 -1.0932 0.1420
-0.3392 -1.1295 0.1333
-0.2749 -1.2239 0.1406
-0.3906 -1.2519 0.1270
3.4384 0.6452 0.0000
-3.9787 -1.7771 0.0000
-4.2958 -1.6776 0.0000
-4.5210 -1.8351 0.0000
-2.8175 3.0126 0.0220
-3.0402 2.7260 0.0068
0.4371 1.6814 0.0000
4.7725 2.9426 0.0000
4.4750 2.8382 0.0000
0.2849 -0.7225 0.0910
0.1154 -0.8869 0.1279
0.1624 -0.7575 0.1097
0.0188 -0.7823 0.1230
-0.0233 -0.8992 0.1371
-0.1490 -0.9253 0.1383
-0.0591 -1.0066 0.1459
0.0581 -0.9963 0.1410
-0.1021 -1.1096 0.1501
-1.2148 3.6073 0.0292
-1.3732 3.4016 0.0385
-1.5152 3.2377 0.0490
4.2638 -4.5261 0.0000
4.2002 -4.7625 0.0000
-0.8406 2.7398 0.0008
-0.8050 2.4660 0.0002
3.8585 -2.3047 0.0000
-4.5150 -1.5250 0.0000
-4.7607 -1.7160 0.0000
0.1460 -2.0827 0.0551
-0.0692 -2.1714 0.0622
-0.0552 -2.3807 0.0393
-0.2272 -2.5671 0.0307
-2.6157 -2.9367 0.0009
-2.8491 -2.8886 0.0002
-2.9378 -3.1253 0.0001
-3.0571 -3.3593 0.0000
-4.5218 -0.2305 0.0000
-4.7417 -0.4476 0.0000
3.2866 -0.2023 0.0000
3.1027 -0.1228 0.0000
2.9046 -0.1457 0.0000
3.0561 -0.4088 0.0000
2.7567 -0.3575 0.0000
2.5503 -0.5658 0.0000
4.6679 -2.1837 0.0000
4.7794 -2.3688 0.0000
4.7593 0.7807 0.0000
3.5757 3.7562 0.0000
3.3549 3.6559 0.0000
1.6210 -2.9209 0.0000
-0.9823 -2.9618 0.0158
-0.9748 -3.2812 0.0059
-3.0117 3.2212 0.0037
2.0611 4.2760 0.0000
1.8119 4.1419 0.0000
-1.1532 -3.1399 0.0100
-1.4213 -3.0860 0.0109
-1.6966 4.7940 0.0098
-1.1936 2.0533 0.0001
-3.7172 3.7773 0.0000
-3.7515 3.4999 0.0000
-4.0024 3.6803 0.0000
-4.0421 3.4025 0.0000
-2.3533 3.9399 0.0306
-2.6076 3.8364 0.0136
4.0885 0.0458 0.0000
-4.2062 -2.8937 0.0000
-4.0311 -3.1975 0.0000
-4.2806 -3.1831 0.0000
-4.4440 -3.4871 0.0000
-0.2035 3.8853 0.0005
-3.0190 4.2339 0.0004
-3.3006 4.2086 0.0000
-3.4371 3.9325 0.0000
-2.6710 -0.8268 0.0890
-2.6965 -0.9536 0.0722
-2.7602 -1.1250 0.0428
-2.9916 -1.2302 0.0059
-3.2535 -1.3451 0.0004
3.2124 -1.2338 0.0000
2.9709 -1.4337 0.0000
3.2122 -1.4838 0.0000
2.9196 -1.6644 0.0000
2.6835 -1.6103 0.0000
0.9019 -3.0909 0.0000
0.7648 -3.3499 0.0000
-4.3465 -4.5324 0.0000
-4.2088 -4.7615 0.0000
-1.3778 0.8448 0.0000
-1.4808 0.6214 0.0001
-3.4066 -2.9374 0.0000
-3.5074 -3.2091 0.0000
-3.7235 -3.0907 0.0000
-3.8249 -3.3228 0.0000
-3.9111 -3.5811 0.0000
-3.3860 -3.7107 0.0000
-3.4849 -3.9832 0.0000
-0.3379 -2.1185 0.0692
-0.4992 -2.2450 0.0535
-0.6661 -2.3853 0.0396
-3.7630 0.8832 0.0000
-4.1229 0.9764 0.0000
1.4800 3.4972 0.0000
1.3127 3.2694 0.0000
3.4022 2.6213 0.0000
0.0602 3.4033 0.0000
-0.9536 -0.1375 0.0099
-1.6402 1.8841 0.0017
3.4430 -1.9941 0.0000
3.6137 -2.2356 0.0000
3.3171 -2.2364 0.0000
3.7638 3.9443 0.0000
-4.0764 2.8234 0.0000
-4.3108 2.6553 0.0000
2.8965 -0.8979 0.0000
2.9511 -1.1741 0.0000
0.1818 0.0735 0.0148
0.0420 -0.1160 0.0318
-0.1705 -0.1811 0.0391
-0.1888 -0.4078 0.0680
-0.3617 -0.2921 0.0462
3.1896 -3.2488 0.0000
1.5706 3.7254 0.0000
-0.6758 1.3999 0.0000
-0.8029 1.1526 0.0000
-1.0453 1.0062 0.0000
-1.1299 0.7614 0.0001
-2.6018 -0.3100 0.1304
-2.6864 -0.4173 0.1208
-2.7512 -0.3004 0.1127
-2.9197 -0.3337 0.0430
-2.0326 2.4124 0.0962
-2.1372 2.3052 0.1270
-2.2314 2.2679 0.1690
-2.1875 2.1675 0.1320
-2.1336 2.0010 0.0816
-2.3012 2.1989 0.1955
-2.2875 2.1189 0.1791
-2.3748 2.1281 0.2209
-2.2560 2.0646 0.1541
-2.2596 1.9711 0.1423
-2.3511 2.0400 0.2028
-2.4243 1.9675 0.2282
-2.3283 1.9592 0.1808
-2.3585 1.8846 0.1883
-4.4461 -2.7067 0.0000
-4.7195 -2.8731 0.0000
-4.7748 -3.1020 0.0000
-4.2038 -3.6959 0.0000
-1.5796 -2.5644 0.0180
-1.7649 -2.7400 0.0174
2.5207 1.2308 0.0000
2.0564 -2.0105 0.0000
1.9789 -2.2889 0.0000
-0.7359 4.1289 0.0081
-0.8941 3.9119 0.0132
0.3139 4.5249 0.0000
0.1480 4.2951 0.0001
-0.6576 0.6326 0.0008
-0.6614 0.3531 0.0032
0.2730 1.0814 0.0000
0.1130 0.8514 0.0003
-0.1338 0.7279 0.0007
-3.6062 2.7533 0.0000
-3.8438 2.6636 0.0000
4.7254 -2.9676 0.0000
0.6413 -1.5277 0.0323
0.4958 -1.7887 0.0374
0.2922 -1.8795 0.0595
2.2517 -3.7812 0.0000
2.2034 -4.0645 0.0000
2.0761 -4.2731 0.0000
1.9450 -4.4883 0.0000
0.2141 -1.1540 0.1282
0.1817 -1.2542 0.1317
0.0986 -1.3280 0.1391
0.0063 -1.3882 0.1426
2.2949 3.6056 0.0000
2.0815 3.4195 0.0000
1.8888 3.2209 0.0000
4.5155 2.2350 0.0000
4.5332 -1.6616 0.0000
4.4945 -1.9250 0.0000
-1.0620 4.0482 0.0205
-1.1720 3.8326 0.0280
-4.5438 4.3153 0.0000
-4.7571 4.1894 0.0000
-4.7678 3.8852 0.0000
-2.2446 -1.9896 0.0374
-2.4794 -2.0853 0.0244
-1.6910 0.8163 0.0000
-1.9720 0.7457 0.0009
-2.0093 0.4689 0.0010
-4.3574 4.1775 0.0000
-4.5328 4.0048 0.0000
-4.2974 -1.3525 0.0000
-2.6256 -3.9732 0.0000
-0.7147 2.9838 0.0011
2.4542 0.9905 0.0000
-1.8666 -4.5410 0.0000
-2.0410 -4.7660 0.0000
-2.3429 -4.7390 0.0000
1.3328 -0.3619 0.0004
1.0809 -0.3858 0.0026
0.3346 2.1747 0.0000
0.0456 2.1660 0.0000
-1.2052 -1.6849 0.0193
-1.3810 -1.4999 0.0115
-1.6347 -1.5460 0.0049
-1.4285 -1.8138 0.0095
-1.5723 -2.0689 0.0100
-1.6977 -1.8132 0.0068
-1.8251 -2.0205 0.0140
3.2770 3.9110 0.0000
3.0314 3.8404 0.0000
-3.0076 1.5260 0.0316
-3.2751 1.4830 0.0027
-3.3653 1.2137 0.0013
-1.2174 4.2951 0.0218
-1.2959 4.0473 0.0331
4.0201 1.5851 0.0000
3.6017 -4.7610 0.0000
2.5243 2.7803 0.0000
4.7583 1.4176 0.0000
4.5056 1.4832 0.0000
2.8329 0.6095 0.0000
-0.4247 3.7218 0.0014
-0.6735 3.8455 0.0057
-0.6959 3.5958 0.0046
1.5130 -0.5670 0.0001
0.8588 -0.9317 0.0166
2.8480 -4.4987 0.0000
4.7748 -4.7828 0.0000
2.7088 1.4575 0.0000
-1.5948 -4.6100 0.0000
-1.7404 -4.7939 0.0000
-3.4796 -4.4933 0.0000
-3.6311 -4.7442 0.0000
4.7641 -1.1380 0.0000
-4.2948 1.4890 0.0000
-4.4965 1.2894 0.0000
0.3842 -4.0780 0.0000
0.1839 -4.2316 0.0000
3.5806 4.7576 0.0000
4.2732 1.4400 0.0000
4.0257 1.3092 0.0000
-1.8888 -3.7749 0.0004
-2.0318 -4.0136 0.0001
-2.2179 -4.2436 0.0000
3.2307 -4.0150 0.0000
2.9940 -4.2456 0.0000
-1.1164 -3.4780 0.0026
-1.1489 -3.7576 0.0006
-1.4100 -3.9176 0.0002
-1.7176 -4.0351 0.0001
2.7833 3.7642 0.0000
2.5520 3.6013 0.0000
3.3327 4.2223 0.0000
3.0764 4.1443 0.0000
1.3408 -3.9430 0.0000
1.0516 -3.8449 0.0000
-1.7346 0.5256 0.0001
-1.8335 0.2735 0.0001
-2.0232 0.0987 0.0009
-2.2715 0.0690 0.0189
-3.0849 -3.6510 0.0000
-3.2006 -3.9567 0.0000
-4.7782 2.3490 0.0000
4.7184 -1.4244 0.0000
4.3820 -1.4304 0.0000
-4.7562 -2.3089 0.0000
-4.7364 -2.6032 0.0000
-1.1326 -4.7418 0.0000
0.4033 3.4492 0.0000
0.5776 -1.3215 0.0521
0.4132 -1.3784 0.0830
0.4525 -1.5685 0.0620
0.2773 -1.5003 0.1013
0.2835 -1.6858 0.0821
-3.9625 -4.2047 0.0000
-4.0649 -4.4916 0.0000
-1.5782 4.6169 0.0160
-1.7823 4.4704 0.0227
4.2257 0.5810 0.0000
4.1661 0.3110 0.0000
0.9639 -3.5663 0.0000
0.6271 -3.5665 0.0000
2.3829 2.5239 0.0000
2.2667 2.2725 0.0000
-4.2616 -0.2653 0.0000
-4.4463 -0.4991 0.0000
0.6162 -4.2272 0.0000
0.3898 -4.3978 0.0000
4.7589 1.7191 0.0000
-0.0269 -1.7796 0.1061
-0.1673 -1.8550 0.0994
-0.1978 -2.0308 0.0805
-4.1568 -0.8204 0.0000
-4.2496 -1.0717 0.0000
0.3927 -2.0765 0.0279
0.1814 -2.3173 0.0280
1.9566 -2.5660 0.0000
1.7572 -2.6827 0.0000
3.9338 -0.6642 0.0000
4.2644 2.1774 0.0000
4.4385 1.9536 0.0000
3.1906 -3.5032 0.0000
3.1355 -3.7308 0.0000
-3.6816 0.0864 0.0000
-3.7241 -0.1891 0.0000
3.2434 1.3697 0.0000
3.0333 1.0991 0.0000
0.9710 -0.6844 0.0077
0.7052 -0.7074 0.0291
2.7031 0.9202 0.0000
2.5769 0.6897 0.0000
-0.0218 1.0589 0.0001
-0.2784 0.9827 0.0001
-0.3936 0.7295 0.0006
2.8950 -3.1370 0.0000
2.6241 -2.9003 0.0000
2.6411 -3.1485 0.0000
2.3654 -2.9841 0.0000
2.6470 -3.4114 0.0000
-1.3725 1.8120 0.0001
4.2280 -0.5359 0.0000
4.4764 -0.6737 0.0000
4.2053 -0.8294 0.0000
-0.6948 3.2925 0.0024
-3.0733 2.9612 0.0036
-4.4757 -2.9739 0.0000
-4.5422 -3.2172 0.0000
-4.7497 -3.3683 0.0000
-4.7278 -3.6338 0.0000
1.3741 -2.3665 0.0000
1.4978 -2.6300 0.0000
-4.5226 -1.2310 0.0000
-4.7575 -1.1900 0.0000
-4.7630 -1.4378 0.0000
-3.5560 1.4331 0.0002
-3.8350 1.3814 0.0000
-1.2206 1.5453 0.0000
-0.6710 -2.8702 0.0191
-0.8581 -2.7608 0.0232
-3.6330 -4.2503 0.0000
-3.7831 -4.4819 0.0000
2.3729 -3.2607 0.0000
2.3113 -3.5105 0.0000
-0.2774 -3.6157 0.0002
-0.4233 -3.8711 0.0000
-0.6591 -3.7356 0.0003
-0.8968 -3.9257 0.0001
4.7460 -3.5982 0.0000
1.1450 3.0261 0.0000
0.9332 2.8373 0.0000
-1.4899 3.0124 0.0323
-1.5508 2.7765 0.0247
-1.4055 1.3232 0.0000
-1.5799 1.0693 0.0000
-0.4348 2.8597 0.0001
-0.5935 2.6588 0.0001
3.8046 2.0278 0.0000
3.5542 2.0620 0.0000
-1.9153 3.5288 0.1106
-2.0388 3.5161 0.1159
-2.1055 3.4369 0.1247
-2.2251 3.3909 0.1197
-2.3513 3.2956 0.1100
-2.4258 3.1552 0.1131
-2.5895 3.1003 0.0681
3.2870 -4.2717 0.0000
3.1351 -4.5112 0.0000
0.4476 -3.7118 0.0000
0.2420 -3.8599 0.0000
-0.1168 -4.7376 0.0000
4.7710 -1.7187 0.0000
4.7557 -1.9862 0.0000
-1.0067 2.2814 0.0002
-4.5171 -4.7317 0.0000
3.0187 0.3621 0.0000
2.7318 0.3775 0.0000
2.8536 0.1173 0.0000
-1.0379 -2.1552 0.0242
-1.1569 -2.3639 0.0198
-4.2523 -4.2648 0.0000
-4.5261 -4.3690 0.0000
-1.0344 2.9185 0.0040
-1.2853 2.8423 0.0095
1.8817 -0.2240 0.0000
-3.5906 2.2265 0.0001
-3.8230 2.1183 0.0000
-3.9722 2.3181 0.0000
1.4933 0.5681 0.0000
1.3654 0.3363 0.0000
1.4722 0.0742 0.0000
-2.6991 4.7821 0.0006
-2.9812 4.7508 0.0001
1.8637 -1.0306 0.0000
1.7011 -1.3330 0.0000
1.4522 -1.3344 0.0001
3.4136 -3.7837 0.0000
4.7416 0.4675 0.0000
4.7015 0.1494 0.0000
4.4627 0.3674 0.0000
4.3744 0.0921 0.0000
-2.5203 -2.3568 0.0106
4.2214 -1.9973 0.0000
3.9541 -2.0765 0.0000
-2.0902 2.5461 0.1381
-2.1886 2.5206 0.1771
-2.2774 2.6595 0.2068
-2.2487 2.5739 0.2011
-2.3138 2.5508 0.2152
-2.1503 2.4414 0.1518
-2.2607 2.4623 0.2003
-2.3508 2.4848 0.2218
-2.4290 2.4252 0.2256
-2.2021 2.3867 0.1693
-2.2631 2.3542 0.1934
-2.3295 2.2916 0.2147
-2.3371 2.3931 0.2205
-2.4156 2.3288 0.2322
-2.5274 0.8300 0.1709
-2.6165 0.8084 0.2069
-2.6451 0.7158 0.2049
-2.6781 0.6233 0.1988
-2.7404 0.7039 0.1861
-2.7682 0.6144 0.1690
-2.7421 0.5306 0.1771
-2.6964 0.4485 0.1853
-2.8057 0.4435 0.1405
-3.0659 0.5297 0.0218
-4.3929 -0.7488 0.0000
-4.6929 -0.7166 0.0000
-4.4959 -0.9733 0.0000
-4.7545 -0.9624 0.0000
-2.9038 2.4943 0.0273
-0.9809 -0.3874 0.0172
-1.2031 -0.5297 0.0112
-1.0927 0.0412 0.0038
-1.2360 -0.2251 0.0051
-0.9273 1.4708 0.0000
-1.0998 1.2760 0.0000
-1.2905 1.0728 0.0000
2.1064 -3.0835 0.0000
1.7898 -3.4377 0.0000
2.7004 -3.8814 0.0000
-2.7393 4.2883 0.0021
3.9238 -0.1379 0.0000
3.7141 -0.0073 0.0000
3.5542 -0.2294 0.0000
3.7189 -1.9664 0.0000
-4.0715 2.5393 0.0000
-4.2823 2.3380 0.0000
-0.1287 0.4460 0.0033
3.5696 1.7949 0.0000
3.4964 1.5175 0.0000
0.7048 2.5425 0.0000
0.4517 2.4854 0.0000
0.2245 2.4037 0.0000
1.4990 -3.1708 0.0000
-2.6704 4.5537 0.0015
-1.8669 -2.2565 0.0205
-2.0643 -2.1310 0.0282
-2.6331 1.3866 0.2354
-2.7442 1.3772 0.1857
-2.8658 1.3426 0.1025
-2.8758 1.1920 0.1011
-1.5654 -1.2468 0.0056
-1.8377 -1.1076 0.0021
-1.8667 -1.3662 0.0038
-2.1052 -1.5291 0.0204
-1.8980 -1.6571 0.0087
-2.0151 -1.8628 0.0209
-2.2098 -1.7388 0.0371
0.7962 -2.3625 0.0010
0.9258 -2.6003 0.0001
0.7599 -2.8355 0.0001
1.9957 0.5272 0.0000
1.9466 0.2809 0.0000
-3.5946 -0.6545 0.0001
-3.8849 -0.7283 0.0000
4.5170 -1.1985 0.0000
4.4670 -0.9461 0.0000
4.2207 -1.1550 0.0000
-1.1713 0.2957 0.0012
4.4943 3.6705 0.0000
3.7327 -4.5077 0.0000
1.1980 2.7445 0.0000
1.2095 2.4658 0.0000
0.9624 2.5725 0.0000
3.6953 -3.3877 0.0000
3.4344 -3.5153 0.0000
-2.0252 4.4962 0.0165
-1.9970 4.2766 0.0303
-1.9407 4.0774 0.0500
1.9794 -3.8932 0.0000
-3.4541 -1.8751 0.0000
4.5263 -3.1562 0.0000
4.2544 -3.2358 0.0000
4.1584 -3.4765 0.0000
-2.8404 -3.4528 0.0000
-0.2568 4.1745 0.0010
-0.4697 4.0139 0.0027
4.5253 1.7142 0.0000
0.3261 -3.0772 0.0004
0.1912 -3.3036 0.0002
-2.1776 3.7810 0.0673
-2.2169 3.5633 0.0932
-2.3933 3.4752 0.0722
-2.5314 3.3190 0.0590
-2.7531 3.2859 0.0199
-3.2274 -3.1480 0.0000
-3.3181 -3.4368 0.0000
-3.6061 -3.4799 0.0000
-0.6337 -4.7457 0.0000
-2.5024 -4.2171 0.0000
-2.7264 -4.2966 0.0000
-1.4860 0.3430 0.0003
-1.6448 0.1203 0.0003
-2.8050 1.9122 0.1041
-2.9549 1.7883 0.0405
-3.2086 1.7521 0.0044
2.2631 -2.2069 0.0000
-3.6611 -1.6910 0.0000
-3.7483 -1.9594 0.0000
-3.7734 -2.2603 0.0000
2.1075 -0.9690 0.0000
3.6917 -0.8307 0.0000
3.9608 -0.9697 0.0000
3.7024 -1.1078 0.0000
3.4510 -1.2493 0.0000
2.5408 0.1799 0.0000
2.3469 -0.0185 0.0000
2.6365 -0.0820 0.0000
2.4621 -0.2929 0.0000
2.1755 -0.2354 0.0000
1.1381 0.1479 0.0004
0.8395 0.0714 0.0025
-1.8397 -2.5055 0.0208
-2.0441 -2.7064 0.0161
-2.4495 -0.0547 0.0807
-2.5514 -0.1448 0.1249
-2.4779 -0.2602 0.0909
-2.6537 -0.0835 0.1499
-2.6478 -0.2046 0.1411
4.2866 1.1623 0.0000
4.0256 1.0434 0.0000
-0.2394 -4.4625 0.0000
4.2153 4.7827 0.0000
4.0496 4.6012 0.0000
3.1335 -0.6895 0.0000
3.1798 -0.9678 0.0000
2.0537 0.0201 0.0000
-2.8192 4.0239 0.0025
-3.1218 3.9630 0.0003
3.1138 2.6805 0.0000
2.9253 2.4666 0.0000
2.2381 0.2564 0.0000
-1.0949 2.5933 0.0016
-1.2780 2.3351 0.0013
4.7209 -0.8993 0.0000
4.7873 3.2796 0.0000
0.7806 -3.7533 0.0000
0.5753 -3.9182 0.0000
4.4071 3.9380 0.0000
4.2140 3.7312 0.0000
-1.6615 -0.6347 0.0020
-1.4052 -0.7264 0.0071
-1.6046 -0.9385 0.0039
-2.4674 4.3910 0.0062
3.7362 0.7574 0.0000
3.6568 0.4833 0.0000
-3.5808 0.6617 0.0001
-3.8366 0.5517 0.0000
-3.9825 0.7635 0.0000
1.0067 -1.1834 0.0063
0.8362 -1.3865 0.0146
2.2295 0.5222 0.0000
-1.8602 -0.8358 0.0013
-2.1111 -0.7911 0.0062
-2.0879 -1.0547 0.0080
-2.3192 -0.9629 0.0418
-1.9170 4.7151 0.0104
0.4014 0.7765 0.0003
0.1341 0.5946 0.0013
4.7583 -3.9119 0.0000
-3.0416 2.2754 0.0121
-3.3147 2.2629 0.0010
-3.1430 2.0151 0.0066
-2.1300 -1.2799 0.0165
-2.3639 -1.1738 0.0558
-2.3324 -1.3827 0.0510
-2.4936 -1.3789 0.0656
-2.5766 -1.2288 0.0708
-2.5944 -1.4863 0.0492
-3.6482 1.1596 0.0001
-3.9246 1.1071 0.0000
-4.5574 2.2117 0.0000
3.7616 -0.3463 0.0000
3.6455 -0.5537 0.0000
1.3380 4.2719 0.0000
1.2010 4.0391 0.0000
1.0506 3.8045 0.0000
0.9267 3.5730 0.0000
-0.5262 -2.0289 0.0644
-0.7259 -2.1346 0.0442
0.0232 4.5578 0.0003
-1.7480 -0.3469 0.0008
-1.9328 -0.5509 0.0008
-2.1886 -0.5161 0.0097
-2.5817 -3.4843 0.0001
2.9343 -3.4011 0.0000
3.2949 1.8692 0.0000
3.0219 1.8962 0.0000
3.0308 1.6192 0.0000
-4.3795 2.0524 0.0000
-4.5369 1.8617 0.0000
-4.7516 2.0292 0.0000
-4.7730 1.7173 0.0000
3.4092 -0.7305 0.0000
3.4384 -0.9894 0.0000
-3.6802 -3.7564 0.0000
-3.3255 2.8073 0.0005
1.7867 3.5187 0.0000
-2.0298 -3.5122 0.0011
-2.3033 -3.5012 0.0005
0.6835 2.7948 0.0000
0.4222 2.7256 0.0000
3.2651 1.6352 0.0000
2.9794 1.3754 0.0000
-3.0849 1.2638 0.0178
-2.9684 1.0309 0.0533
-3.2046 0.9914 0.0060
4.2550 -1.7115 0.0000
-3.1997 3.6889 0.0003
-3.4781 3.6263 0.0000
-2.3174 -2.7842 0.0070
-2.3916 -3.0201 0.0023
-2.4296 -3.2468 0.0008
-4.7713 -0.1711 0.0000
0.1640 4.7747 0.0001
2.4257 -1.6330 0.0000
2.1357 -1.7400 0.0000
1.9427 -1.5309 0.0000
1.8405 -1.8135 0.0000
-3.9507 -1.0086 0.0000
-4.0294 -1.2694 0.0000
-2.7480 0.3503 0.1640
-2.9000 0.3356 0.0809
-2.6200 0.2906 0.1713
-2.7059 0.2770 0.1718
-2.7862 0.2149 0.1379
-2.8168 0.0650 0.1123
-2.9421 -0.1124 0.0446
-3.1405 0.2754 0.0094
-2.9472 0.1260 0.0513
-3.1748 -0.0052 0.0054
-3.1707 -1.8385 0.0004
-3.2765 -2.1224 0.0001
-3.2984 3.1346 0.0004
-3.2746 -2.3853 0.0000
-3.8075 -0.4633 0.0000
-1.6212 -3.7410 0.0007
-0.7769 -3.1032 0.0101
-0.7629 -3.4106 0.0025
-0.8934 -3.6229 0.0009
3.2315 0.8623 0.0000
0.2522 -1.3431 0.1168
0.1451 -1.4276 0.1277
0.1387 -1.5747 0.1155
0.0356 -1.4882 0.1334
-0.0784 -1.4991 0.1365
-0.0153 -1.6182 0.1236
3.7891 -4.2176 0.0000
3.5456 -4.2905 0.0000
3.9809 -1.7984 0.0000
-0.2027 -0.5906 0.0945
-0.3857 -0.7148 0.0971
-0.1247 -0.8035 0.1265
-0.2436 -0.7238 0.1107
-0.2618 -0.8551 0.1246
-0.3916 -0.8755 0.1130
-0.3795 -1.0148 0.1242
-2.1584 -3.2459 0.0023
-4.5100 4.7755 0.0000
-4.7648 4.7638 0.0000
-4.7455 4.5048 0.0000
-0.7531 0.0135 0.0102
1.5195 4.0163 0.0000
1.3287 3.7911 0.0000
1.2117 3.5461 0.0000
-1.0984 1.7771 0.0000
-0.1263 4.3658 0.0006
-0.4944 4.3049 0.0033
4.7304 -0.6726 0.0000
4.2353 -0.2133 0.0000
4.0019 -0.4039 0.0000
-0.7532 -0.5103 0.0391
2.6606 2.5145 0.0000
2.5612 2.2633 0.0000
-1.5410 4.3785 0.0271
-1.7293 4.2101 0.0407
-1.4386 3.6241 0.0511
-1.7694 3.5813 0.0927
-1.6056 3.4564 0.0714
-1.8049 3.4102 0.1037
-1.7021 3.1052 0.0735
-1.7094 3.2872 0.0850
-1.8412 3.2305 0.1106
-1.9522 3.3949 0.1248
-1.9180 3.2854 0.1256
-2.0078 3.2276 0.1421
-2.0872 3.1039 0.1599
-1.8771 3.1193 0.1156
-1.9861 3.1312 0.1412
-1.9988 3.0186 0.1433
-2.1104 3.0065 0.1679
3.5789 4.5267 0.0000
3.3601 4.4737 0.0000
1.8984 -2.9018 0.0000
1.7965 -3.1724 0.0000
0.6041 -0.9256 0.0501
0.4956 -1.1354 0.0731
0.3479 -1.2201 0.1030
1.4197 -0.8501 0.0003
1.5968 -1.0784 0.0000
1.1321 -0.9086 0.0030
1.2930 -1.1256 0.0007
-2.7492 -2.1408 0.0048
-3.0069 -2.3469 0.0004
-1.5611 -3.3982 0.0036
-1.7600 -3.5091 0.0018
3.8877 -2.8005 0.0000
3.7258 -3.0788 0.0000
3.7161 -2.5464 0.0000
3.6233 -2.8004 0.0000
3.3850 -2.7261 0.0000
3.4147 -2.9917 0.0000
3.4486 -3.2454 0.0000
-3.0656 -2.6040 0.0001
-3.3387 -2.6675 0.0000
-3.6303 -2.8603 0.0000
-3.5793 -2.6188 0.0000
-3.8553 -2.7889 0.0000
-3.9633 -2.9881 0.0000
4.7669 -0.1502 0.0000
2.6804 4.7722 0.0000
1.6106 3.2567 0.0000
1.4345 3.0118 0.0000
-0.4408 2.0869 0.0000
-0.6404 1.9059 0.0000
-0.6046 1.6425 0.0000
-0.8556 1.7046 0.0000
-0.2999 -0.0128 0.0216
-0.5153 -0.1309 0.0247
1.7109 2.9850 0.0000
1.6775 2.7415 0.0000
1.4928 2.5049 0.0000
-0.3205 0.2478 0.0078
-0.5403 0.1415 0.0094
3.1399 0.6045 0.0000
2.4274 1.5165 0.0000
3.5966 0.2513 0.0000
3.4102 0.0426 0.0000
4.3486 -2.9784 0.0000
4.0474 -3.0260 0.0000
2.1066 4.5378 0.0000
1.9410 4.7487 0.0000
1.6753 4.7459 0.0000
1.5045 4.5217 0.0000
-4.7360 -4.5208 0.0000
4.1769 2.9340 0.0000
3.9085 2.9886 0.0000
4.2182 2.6728 0.0000
3.9324 2.7255 0.0000
3.9800 2.4564 0.0000
3.7428 2.2948 0.0000
-0.8895 0.2179 0.0035
-0.9563 3.1723 0.0059
-2.3302 -3.9892 0.0000
4.7559 2.3499 0.0000
4.2966 -2.5189 0.0000
4.1794 -2.7680 0.0000
-3.7234 4.5076 0.0000
3.8188 4.4623 0.0000
4.5389 3.3860 0.0000
4.3439 3.1505 0.0000
0.2677 -0.8887 0.1089
0.1893 -1.0060 0.1280
0.1127 -1.1055 0.1408
0.0831 -1.2053 0.1442
0.0041 -1.0966 0.1485
-0.0119 -1.1850 0.1502
-0.0971 -1.2074 0.1510
-2.2114 0.3323 0.0109
-2.2830 -0.1867 0.0213
4.7287 2.0185 0.0000
2.9437 0.8459 0.0000
-4.4733 -3.7937 0.0000
-4.7451 -3.9214 0.0000
-2.4084 -1.8368 0.0431
-2.6434 -1.8788 0.0189
-2.2288 1.6886 0.0850
-2.2540 1.8470 0.1206
-2.3334 1.7372 0.1526
-2.3271 1.5894 0.1276
-2.3886 1.6726 0.1785
-2.4519 1.6011 0.2070
4.0631 3.2185 0.0000
3.0845 3.5902 0.0000
2.8354 3.5201 0.0000
-0.5439 -0.4013 0.0469
-0.3642 -0.5287 0.0757
-0.5522 -0.6192 0.0684
-2.9077 2.0561 0.0453
-4.5284 1.5881 0.0000
-4.7575 1.4067 0.0000
-4.7379 1.0975 0.0000
-4.7708 0.8116 0.0000
-3.2833 0.7242 0.0027
4.5990 3.1060 0.0000
