5.0000 5.0000 0.0000
0.0000 5.0000 0.0002
2.5000 5.0000 0.0000
3.7500 5.0000 0.0000
4.3750 5.0000 0.0000
4.6875 5.0000 0.0000
4.0625 5.0000 0.0000
3.1250 5.0000 0.0000
3.4375 5.0000 0.0000
2.8125 5.0000 0.0000
1.2500 5.0000 0.0000
1.8750 5.0000 0.0000
2.1875 5.0000 0.0000
1.5625 5.0000 0.0000
0.6250 5.0000 0.0000
0.9375 5.0000 0.0000
0.3125 5.0000 0.0001
-2.5000 5.0000 0.0009
-1.2500 5.0000 0.0046
-0.6250 5.0000 0.0016
-0.3125 5.0000 0.0007
-0.9375 5.0000 0.0030
-1.8750 5.0000 0.0046
-1.5625 5.0000 0.0055
-2.1875 5.0000 0.0026
-3.7500 5.0000 0.0000
-3.1250 5.0000 0.0000
-2.8125 5.0000 0.0002
-3.4375 5.0000 0.0000
-4.3750 5.0000 0.0000
-4.0625 5.0000 0.0000
-4.6875 5.0000 0.0000
5.0000 -5.0000 0.0000
5.0000 0.0000 0.0000
5.0000 -2.5000 0.0000
5.0000 -3.7500 0.0000
5.0000 -4.3750 0.0000
5.0000 -4.6875 0.0000
5.0000 -4.0625 0.0000
5.0000 -3.1250 0.0000
5.0000 -3.4375 0.0000
5.0000 -2.8125 0.0000
5.0000 -1.2500 0.0000
5.0000 -1.8750 0.0000
5.0000 -2.1875 0.0000
5.0000 -1.5625 0.0000
5.0000 -0.6250 0.0000
5.0000 -0.9375 0.0000
5.0000 -0.3125 0.0000
5.0000 2.5000 0.0000
5.0000 1.2500 0.0000
5.0000 0.6250 0.0000
5.0000 0.3125 0.0000
5.0000 0.9375 0.0000
5.0000 1.8750 0.0000
5.0000 1.5625 0.0000
5.0000 2.1875 0.0000
5.0000 3.7500 0.0000
5.0000 3.1250 0.0000
5.0000 2.8125 0.0000
5.0000 3.4375 0.0000
5.0000 4.3750 0.0000
5.0000 4.0625 0.0000
5.0000 4.6875 0.0000
-5.0000 -5.0000 0.0000
0.0000 -5.0000 0.0000
-2.5000 -5.0000 0.0000
-3.7500 -5.0000 0.0000
-4.3750 -5.0000 0.0000
-4.6875 -5.0000 0.0000
-4.0625 -5.0000 0.0000
-3.1250 -5.0000 0.0000
-3.4375 -5.0000 0.0000
-2.8125 -5.0000 0.0000
-1.2500 -5.0000 0.0000
-1.8750 -5.0000 0.0000
-2.1875 -5.0000 0.0000
-1.5625 -5.0000 0.0000
-0.6250 -5.0000 0.0000
-0.9375 -5.0000 0.0000
-0.3125 -5.0000 0.0000
2.5000 -5.0000 0.0000
1.2500 -5.0000 0.0000
0.6250 -5.0000 0.0000
0.3125 -5.0000 0.0000
0.9375 -5.0000 0.0000
1.8750 -5.0000 0.0000
1.5625 -5.0000 0.0000
2.1875 -5.0000 0.0000
3.7500 -5.0000 0.0000
3.1250 -5.0000 0.0000
2.8125 -5.0000 0.0000
3.4375 -5.0000 0.0000
4.3750 -5.0000 0.0000
4.0625 -5.0000 0.0000
4.6875 -5.0000 0.0000
-5.0000 5.0000 0.0000
-5.0000 0.0000 0.0000
-5.0000 2.5000 0.0000
-5.0000 3.7500 0.0000
-5.0000 4.3750 0.0000
-5.0000 4.6875 0.0000
-5.0000 4.0625 0.0000
-5.0000 3.1250 0.0000
-5.0000 3.4375 0.0000
-5.0000 2.8125 0.0000
-5.0000 1.2500 0.0000
-5.0000 1.8750 0.0000
-5.0000 2.1875 0.0000
-5.0000 1.5625 0.0000
-5.0000 0.6250 0.0000
-5.0000 0.9375 0.0000
-5.0000 0.3125 0.0000
-5.0000 -2.5000 0.0000
-5.0000 -1.2500 0.0000
-5.0000 -0.6250 0.0000
-5.0000 -0.3125 0.0000
-5.0000 -0.9375 0.0000
-5.0000 -1.8750 0.0000
-5.0000 -1.5625 0.0000
-5.0000 -2.1875 0.0000
-5.0000 -3.7500 0.0000
-5.0000 -3.1250 0.0000
-5.0000 -2.8125 0.0000
-5.0000 -3.4375 0.0000
-5.0000 -4.3750 0.0000
-5.0000 -4.0625 0.0000
-5.0000 -4.6875 0.0000
1.6998 -3.0180 0.0000
0.6899 -0.5188 0.0228
0.4999 -0.5920 0.0472
0.3534 -0.7386 0.0795
-3.5904 -4.7289 0.0000
1.5767 -2.5293 0.0000
-2.0219 -1.7862 0.0200
-2.1887 -1.9831 0.0360
0.9091 -1.6748 0.0051
0.6560 -1.7994 0.0172
0.8661 -1.9637 0.0029
0.5798 -2.0700 0.0119
4.3987 -4.5244 0.0000
4.1983 -4.7496 0.0000
1.6479 0.1252 0.0000
1.4736 -0.0499 0.0001
1.4120 -0.3302 0.0002
-1.1535 -3.6562 0.0010
-1.4461 -3.7131 0.0008
1.5536 4.2454 0.0000
-0.6330 2.2141 0.0000
-4.4954 -2.7907 0.0000
-4.7357 -2.9481 0.0000
1.6380 0.9650 0.0000
4.7892 -2.0444 0.0000
4.7197 -2.3513 0.0000
4.7800 -2.6474 0.0000
4.6027 -2.8252 0.0000
4.1704 -2.4977 0.0000
3.9974 -2.7470 0.0000
-0.9889 2.1834 0.0001
-3.5731 1.4995 0.0001
1.7487 4.7448 0.0000
4.4026 0.8371 0.0000
4.1814 0.7740 0.0000
-4.0355 0.5672 0.0000
-4.2614 0.4503 0.0000
-4.2112 0.1807 0.0000
-1.7488 0.2673 0.0001
2.1958 -3.1355 0.0000
1.9990 -3.3765 0.0000
-2.3959 -0.8196 0.0625
-2.5944 -0.8161 0.1012
-2.3130 -1.0462 0.0435
-2.5044 -0.9700 0.0872
-2.6144 -1.0870 0.0789
-1.8037 -3.2613 0.0048
1.7076 4.0239 0.0000
2.5245 4.4815 0.0000
-0.4674 1.9814 0.0000
-3.9175 -4.7753 0.0000
-4.2155 -4.7547 0.0000
-2.5923 1.1963 0.2321
-2.6646 1.1358 0.2287
-2.7464 1.0700 0.1943
-2.6543 1.0385 0.2270
-2.7312 0.9724 0.2017
-2.8381 0.9950 0.1330
-2.6445 0.9472 0.2229
-2.6649 0.8647 0.2177
-2.7458 0.8902 0.1927
-2.6878 0.7724 0.2097
-2.7522 0.8127 0.1875
-2.7994 0.7621 0.1583
-2.7668 0.6912 0.1758
-2.8572 0.6459 0.1176
-2.8308 0.8879 0.1385
-2.9148 0.7957 0.0831
-0.5744 -1.6253 0.0821
-0.7634 -1.7112 0.0556
-4.5095 4.7022 0.0000
-4.4778 0.0126 0.0000
3.8988 -4.7656 0.0000
-4.4839 -1.9520 0.0000
3.9307 3.7408 0.0000
-4.0988 -0.8030 0.0000
-4.2566 -0.9902 0.0000
-4.4957 -1.1436 0.0000
-3.0853 2.6114 0.0056
-0.7022 3.8417 0.0066
-0.7894 3.5787 0.0069
-0.8941 3.3313 0.0068
-0.2729 -2.2097 0.0605
-0.1228 -2.3606 0.0434
-0.1625 -2.6016 0.0247
-0.3494 -2.4328 0.0428
-0.4878 -2.6030 0.0319
-3.0976 0.3475 0.0153
-3.1838 0.0861 0.0055
4.1794 -1.5998 0.0000
4.3152 -1.3195 0.0000
-2.1665 3.5861 0.0982
-2.2356 3.4335 0.1129
-2.2810 3.2942 0.1284
-2.4139 3.3965 0.0796
-2.4179 3.2167 0.1067
-2.6071 3.1152 0.0621
-2.1394 3.3256 0.1413
-2.1872 3.2285 0.1526
-2.2757 3.1657 0.1517
-2.3338 3.0868 0.1536
-2.4385 3.0786 0.1241
-3.9974 4.6911 0.0000
-4.2434 4.7808 0.0000
0.9670 -0.9272 0.0086
-0.8570 1.7022 0.0000
-0.9482 -1.5667 0.0405
-2.5541 -0.2348 0.1252
-2.6003 -0.3559 0.1306
-2.5925 -0.4659 0.1231
-2.6441 -0.5811 0.1160
-2.5157 -2.7623 0.0031
3.5733 -4.2872 0.0000
3.3982 -4.5185 0.0000
-1.9700 0.1328 0.0005
-2.2615 0.1176 0.0177
0.8651 -4.2573 0.0000
-3.2765 4.7549 0.0000
-3.3420 3.7520 0.0001
-3.6537 3.7310 0.0000
-3.4985 3.5384 0.0000
3.2684 3.2579 0.0000
2.3455 1.6193 0.0000
-1.4247 -2.0633 0.0107
-1.3854 -2.2867 0.0141
-1.6185 -2.3185 0.0152
4.4682 2.1007 0.0000
-4.0758 -3.4620 0.0000
3.0280 1.9691 0.0000
1.7225 -4.7669 0.0000
1.0270 -1.4476 0.0037
1.8512 4.2421 0.0000
-4.5133 -0.5626 0.0000
-4.7535 -0.4403 0.0000
0.4665 1.1237 0.0000
2.6476 1.6556 0.0000
2.5361 1.4149 0.0000
4.7174 2.5569 0.0000
4.5383 2.3294 0.0000
3.6325 -3.5529 0.0000
3.5686 -3.8120 0.0000
2.5146 -4.5077 0.0000
0.2772 -3.2447 0.0002
0.0891 -3.6851 0.0000
4.4983 -1.5540 0.0000
4.3861 -1.8148 0.0000
3.4244 -4.0467 0.0000
3.2601 -4.2672 0.0000
3.5589 -3.0298 0.0000
3.4255 -3.3016 0.0000
-2.9054 -4.2226 0.0000
-3.1394 -4.3135 0.0000
-3.3687 -4.5129 0.0000
0.1078 -0.9284 0.1270
0.0536 -1.0193 0.1369
0.0318 -1.1197 0.1418
-0.0194 -1.2118 0.1443
-0.0563 -1.0033 0.1399
-0.0757 -1.1040 0.1442
-0.1361 -1.2041 0.1441
-0.0831 -1.2956 0.1432
-3.2881 -1.0544 0.0005
-3.5714 -0.9823 0.0000
-3.7543 -1.1937 0.0000
0.5993 -4.2253 0.0000
-2.9842 -1.8468 0.0016
1.8634 0.8019 0.0000
1.6297 0.6493 0.0000
-0.1287 1.4800 0.0000
2.6928 4.2286 0.0000
2.5480 3.9865 0.0000
2.7067 3.5314 0.0000
2.4691 3.3973 0.0000
2.5134 3.1049 0.0000
-3.8632 3.5781 0.0000
1.8979 -4.0308 0.0000
-3.2152 -3.0424 0.0000
-3.3179 -3.2746 0.0000
3.1292 -0.8444 0.0000
3.0306 -1.0858 0.0000
3.0739 -1.3454 0.0000
2.8442 -1.3956 0.0000
-0.4801 4.7412 0.0021
-1.5527 0.9047 0.0000
-1.7294 0.7342 0.0000
-1.8856 0.4906 0.0002
-2.6302 0.4734 0.1899
-2.6884 0.4124 0.1876
-2.5597 0.4243 0.1612
-2.6319 0.3503 0.1815
-2.7294 0.3221 0.1721
-2.7274 0.6119 0.1904
-2.7283 0.5017 0.1839
-2.7976 0.5581 0.1530
-2.9064 0.4820 0.0833
-2.7845 0.4214 0.1539
-2.8727 0.3149 0.0970
-2.6820 0.2416 0.1762
-2.7774 0.2171 0.1451
-2.9349 0.1336 0.0579
2.0438 -0.8657 0.0000
3.1224 4.5168 0.0000
2.8257 4.4899 0.0000
-3.9094 -4.2848 0.0000
0.2382 2.2322 0.0000
0.3562 1.9716 0.0000
-2.7565 3.7420 0.0075
-2.8550 3.4730 0.0071
-3.0581 3.3179 0.0022
-3.0392 -2.8220 0.0001
-1.5075 -1.1595 0.0066
-1.6714 -1.3813 0.0039
-1.9640 -1.3573 0.0062
-0.8678 -3.5826 0.0011
-1.2473 -3.9259 0.0002
-1.5402 -3.9945 0.0002
-0.9550 -3.8739 0.0002
-1.0550 -4.1524 0.0000
-1.3364 -4.1961 0.0000
-1.1579 -4.4398 0.0000
-1.6277 -4.2708 0.0000
-1.7787 -4.4621 0.0000
-1.4306 -4.4522 0.0000
-1.5991 -4.6268 0.0000
-1.7239 -4.7946 0.0000
4.7622 3.9140 0.0000
4.7441 3.6053 0.0000
4.4767 3.5681 0.0000
0.2290 2.9937 0.0000
0.2246 2.7507 0.0000
0.6114 -3.7572 0.0000
0.1290 -2.2394 0.0383
-1.8954 1.5518 0.0045
-2.3528 4.4425 0.0084
-2.4892 4.2129 0.0093
-4.0805 -4.5068 0.0000
1.1072 -4.7604 0.0000
3.7323 1.6794 0.0000
-2.0566 1.3204 0.0108
-2.4912 1.0571 0.1738
-2.5597 0.9941 0.2061
-2.6737 0.1537 0.1703
-2.7676 0.1074 0.1418
-2.6799 0.0472 0.1619
-2.8000 -0.0200 0.1171
-2.9800 -0.0959 0.0339
-2.7896 -0.1781 0.1097
-2.9294 -0.3391 0.0405
-3.2072 -0.2094 0.0034
-0.3693 -4.4902 0.0000
-0.6433 -4.5130 0.0000
-0.7806 -4.7601 0.0000
-3.6949 -1.4790 0.0000
-3.9655 -1.4005 0.0000
2.0206 -2.3145 0.0000
1.8804 -2.5523 0.0000
-0.8978 2.8311 0.0016
-0.9966 2.5536 0.0008
-1.1754 2.3917 0.0010
0.6739 0.6342 0.0003
0.5557 -0.0958 0.0125
2.1658 -0.0685 0.0000
2.3233 2.3601 0.0000
2.2221 2.1073 0.0000
2.5588 -0.6985 0.0000
2.5714 -0.9444 0.0000
2.4319 -1.1840 0.0000
2.3061 -0.9359 0.0000
-3.5252 4.7397 0.0000
-3.7581 4.7756 0.0000
-3.0040 4.7487 0.0001
-0.9713 -1.8097 0.0327
-3.4171 -4.2376 0.0000
-3.6277 -4.3978 0.0000
1.3045 -4.0155 0.0000
0.3057 -3.5113 0.0000
-3.3451 1.3108 0.0015
-2.7678 -3.5046 0.0000
-2.9953 -3.6576 0.0000
-2.7835 -2.3776 0.0019
-2.7442 -2.6433 0.0011
4.0821 -1.3363 0.0000
3.8834 -1.4882 0.0000
3.6476 -1.6219 0.0000
4.7804 -4.7734 0.0000
4.5102 -4.7594 0.0000
1.0314 3.2555 0.0000
-0.1867 -4.7448 0.0000
-0.4802 -4.7560 0.0000
-2.3163 1.5300 0.1154
-2.4268 1.5338 0.1880
-2.5171 1.5168 0.2331
-2.4074 1.4525 0.1648
-2.4935 1.4372 0.2156
-2.5820 1.4064 0.2419
-2.5886 1.2964 0.2373
4.7595 3.3193 0.0000
4.7237 3.0522 0.0000
4.7665 2.7894 0.0000
4.5092 2.8532 0.0000
2.9278 1.7023 0.0000
2.8470 1.4060 0.0000
0.9129 -0.0972 0.0031
0.7308 -0.2560 0.0110
-3.1650 -0.4704 0.0038
-3.0744 -4.5442 0.0000
0.9712 1.3737 0.0000
1.0933 1.0723 0.0000
0.8866 0.8478 0.0000
-2.9154 1.9015 0.0508
-3.0403 1.6993 0.0216
-3.2324 1.8739 0.0033
1.1380 3.9796 0.0000
3.8289 -0.9451 0.0000
3.5840 -1.0893 0.0000
-1.9416 -3.5722 0.0010
-2.2226 -3.7914 0.0002
-2.4339 -3.9810 0.0000
3.7085 2.9776 0.0000
3.6678 2.7310 0.0000
-3.7886 1.7032 0.0000
3.3866 -3.5535 0.0000
3.1561 -3.4364 0.0000
3.0855 -3.6961 0.0000
-3.6685 2.5199 0.0000
-3.8195 2.2809 0.0000
2.0239 0.1821 0.0000
-4.7536 -3.9176 0.0000
-4.7475 -4.1987 0.0000
-4.5308 -4.3738 0.0000
-4.7406 -4.5130 0.0000
-4.7799 -4.7824 0.0000
3.3307 -1.4964 0.0000
3.4773 -2.2416 0.0000
-3.6229 -2.2366 0.0000
-3.9015 -2.2358 0.0000
-4.1323 -2.3111 0.0000
-4.3123 -2.5497 0.0000
1.8939 3.8609 0.0000
1.8509 3.5753 0.0000
3.3216 -3.7770 0.0000
3.1406 -3.9915 0.0000
-4.7583 1.6994 0.0000
0.5176 -1.3976 0.0580
0.2786 -1.6559 0.0827
1.0939 2.7610 0.0000
1.2566 2.5283 0.0000
0.8507 2.6863 0.0000
-0.0322 2.9981 0.0000
-0.0568 2.7377 0.0000
4.0932 -0.7912 0.0000
-4.5245 2.1605 0.0000
-4.7626 2.0165 0.0000
3.6403 -1.9467 0.0000
3.3562 -2.0237 0.0000
3.7054 -2.7448 0.0000
4.5402 -0.6063 0.0000
4.3632 -0.7770 0.0000
-1.2218 -0.6884 0.0130
-1.3608 -0.9223 0.0101
4.5968 0.9579 0.0000
0.6497 1.2993 0.0000
-3.4441 0.0022 0.0004
-3.7091 -0.1246 0.0000
3.2779 -0.1172 0.0000
3.2132 -0.3731 0.0000
3.0417 -0.5955 0.0000
3.2354 1.7522 0.0000
3.1233 1.5151 0.0000
-0.1878 3.2126 0.0001
-0.4329 3.1110 0.0004
1.8771 -2.0676 0.0000
1.7180 -2.3040 0.0000
-4.2908 1.9955 0.0000
-4.5271 1.8478 0.0000
2.0046 -4.3087 0.0000
1.8728 -4.5345 0.0000
4.1960 2.6668 0.0000
4.0408 2.4207 0.0000
-2.5129 -3.0650 0.0010
3.2721 1.0626 0.0000
3.1156 0.8900 0.0000
3.0377 0.6019 0.0000
2.9547 3.6713 0.0000
2.5981 -3.2787 0.0000
2.3404 -3.3802 0.0000
-1.4431 2.8459 0.0192
-1.6833 2.8205 0.0475
-1.6286 2.5708 0.0211
-1.8260 2.6939 0.0663
-1.8865 2.4921 0.0597
-1.9288 2.8194 0.1112
-1.9964 2.6691 0.1184
-2.0626 2.5398 0.1287
-2.1738 2.5721 0.1792
-1.7387 2.2964 0.0170
-4.7385 -0.1455 0.0000
-0.9674 1.4325 0.0000
-1.1797 1.3026 0.0000
-0.6577 -1.3064 0.0830
-0.7291 -1.4994 0.0680
4.2302 1.6563 0.0000
-3.4080 0.2955 0.0007
0.4629 -0.3475 0.0322
0.3038 -0.5335 0.0646
0.1811 -0.6820 0.0947
0.0712 -0.7921 0.1166
-0.0126 -0.8927 0.1308
3.0731 -3.1771 0.0000
2.8034 -3.1379 0.0000
2.8755 -3.4149 0.0000
-4.2013 -1.5509 0.0000
-4.2144 -1.8131 0.0000
-3.2874 2.8434 0.0007
-3.3926 2.5926 0.0004
3.7452 1.0737 0.0000
3.7083 0.7630 0.0000
3.4842 0.9109 0.0000
3.3143 0.7082 0.0000
-0.3184 4.5121 0.0016
-3.6057 -2.7507 0.0000
2.2708 3.9613 0.0000
2.1197 3.7392 0.0000
-4.7544 0.4609 0.0000
4.1288 -1.8848 0.0000
3.8914 -1.7570 0.0000
3.9238 -2.0312 0.0000
2.0074 -2.8253 0.0000
-0.1666 4.7584 0.0007
4.5166 -4.0324 0.0000
-0.5778 1.7307 0.0000
-0.6800 1.4641 0.0000
2.8704 4.0112 0.0000
2.7242 3.8028 0.0000
-4.2081 -4.2288 0.0000
-4.3458 -4.4895 0.0000
-4.5120 -4.7195 0.0000
-2.9177 4.4866 0.0004
-3.2137 4.4999 0.0000
-4.4789 -1.4195 0.0000
-4.7448 -1.5582 0.0000
-2.9648 -3.9462 0.0000
-3.1924 -4.0678 0.0000
0.2261 -0.8438 0.1068
0.2221 -0.9884 0.1175
0.3073 -1.1038 0.1072
0.1526 -1.0978 0.1307
0.2251 -1.2194 0.1208
0.1018 -1.2226 0.1365
2.3892 -3.7179 0.0000
2.1321 -3.8696 0.0000
0.8100 -1.3705 0.0166
0.6918 -1.5428 0.0240
1.1036 -0.3031 0.0018
0.9109 -0.4324 0.0072
0.9915 -0.6532 0.0064
0.7591 -0.7415 0.0232
0.6377 4.5328 0.0000
0.4654 4.3518 0.0000
0.3778 4.1454 0.0000
-1.2761 2.1353 0.0004
4.5223 0.3220 0.0000
4.4761 0.0091 0.0000
-1.2456 -3.1748 0.0089
-1.3533 -3.4454 0.0032
-2.2136 -4.4939 0.0000
3.9725 2.9360 0.0000
3.9283 2.6889 0.0000
0.2770 1.7057 0.0000
-0.0017 1.7411 0.0000
0.1308 1.4825 0.0000
1.0777 -1.1821 0.0037
0.8364 -1.1437 0.0174
1.4305 -4.2785 0.0000
-3.7724 3.9554 0.0000
-3.9864 3.8046 0.0000
-4.1852 3.5840 0.0000
-4.2669 3.2991 0.0000
-4.4976 3.4655 0.0000
-4.7476 3.2706 0.0000
4.1945 -3.4811 0.0000
3.9102 -3.5137 0.0000
-0.0634 0.2401 0.0084
-0.0603 0.0013 0.0213
-0.2760 -0.0335 0.0226
-0.4855 -0.0755 0.0209
2.5489 0.0479 0.0000
1.4938 -3.2941 0.0000
1.3463 -3.5088 0.0000
1.0689 -3.4879 0.0000
0.8820 -3.7236 0.0000
3.4675 1.5721 0.0000
-0.9141 0.9052 0.0001
-2.8825 -2.1122 0.0019
1.7403 -2.7858 0.0000
-4.5035 0.9175 0.0000
-2.0719 3.1149 0.1602
-1.9758 2.9493 0.1371
-2.0485 2.8692 0.1550
-2.1025 2.9471 0.1712
-2.1467 2.8477 0.1818
-2.2443 2.8464 0.1967
-2.0643 2.7749 0.1543
-2.1976 2.7607 0.1938
-2.2853 2.7567 0.2057
-2.3808 2.7170 0.2034
-2.1270 2.7299 0.1730
-2.1125 2.6493 0.1618
-2.2067 2.6678 0.1954
-2.2933 2.6752 0.2117
-2.3676 2.6187 0.2168
-2.3658 2.5320 0.2241
-0.7101 2.6059 0.0002
-0.8256 2.3573 0.0001
-2.2944 -2.9165 0.0050
2.1311 0.7057 0.0000
4.7488 -0.1472 0.0000
4.5244 -0.3148 0.0000
3.0973 -4.5038 0.0000
3.2663 -4.7579 0.0000
2.9556 -4.7467 0.0000
-0.7483 -0.0161 0.0109
-0.6573 -0.2700 0.0273
-0.9199 -0.2392 0.0138
-0.8183 -0.4778 0.0304
-1.0820 -0.4696 0.0144
0.8150 1.1158 0.0000
0.6177 0.9232 0.0001
0.4048 0.8157 0.0002
0.3867 0.5881 0.0009
1.2094 4.7372 0.0000
-4.2677 0.7490 0.0000
-4.5122 0.6088 0.0000
0.6169 2.0401 0.0000
1.5558 1.2647 0.0000
3.3096 -1.1958 0.0000
4.2041 2.1883 0.0000
3.9238 2.1482 0.0000
4.4091 -2.9567 0.0000
4.0648 -2.2511 0.0000
3.8813 -2.4923 0.0000
-0.4909 0.7065 0.0006
-0.6544 0.4560 0.0019
-1.4583 1.2442 0.0000
-1.6246 1.4747 0.0002
-1.7971 1.2608 0.0005
-2.4374 -0.3298 0.0750
-2.4569 -0.4994 0.0824
-2.5194 -0.6620 0.1003
-0.2273 -0.4423 0.0688
-0.3630 -0.5610 0.0768
-0.5142 -0.6911 0.0769
-0.5372 -0.8476 0.0877
0.5062 2.7341 0.0000
4.2748 -1.0527 0.0000
4.0268 -1.1054 0.0000
-0.2110 1.2208 0.0000
-0.3501 0.9643 0.0001
4.7738 4.7833 0.0000
4.7542 4.5176 0.0000
1.0877 -2.4022 0.0001
-1.6518 -3.4959 0.0022
1.6582 3.3483 0.0000
0.8480 3.9846 0.0000
4.2191 1.9398 0.0000
3.9784 1.8396 0.0000
-1.4166 4.7385 0.0110
-1.7130 4.7799 0.0104
-1.6214 4.5398 0.0199
-1.8735 4.5615 0.0171
1.3898 -2.2823 0.0000
1.2915 -2.5838 0.0000
-4.2778 -3.6230 0.0000
-4.5165 -3.8791 0.0000
-4.4683 -4.1292 0.0000
1.4804 -0.6365 0.0001
4.7482 0.7645 0.0000
0.6693 -4.5081 0.0000
-3.7819 -2.4908 0.0000
-4.0350 -2.5410 0.0000
3.6978 1.3873 0.0000
2.9662 4.7539 0.0000
1.0170 -2.7003 0.0000
1.4618 -3.7676 0.0000
-4.4951 3.1493 0.0000
-4.7195 2.9589 0.0000
-4.7553 2.6457 0.0000
-1.1212 4.0541 0.0238
-1.2059 3.8244 0.0311
-1.3566 4.0256 0.0382
-1.4548 3.8060 0.0524
-1.2909 3.6053 0.0366
-1.5167 3.6164 0.0617
4.7713 -2.9900 0.0000
4.5627 -3.1596 0.0000
1.9612 2.8061 0.0000
1.6861 2.8212 0.0000
1.3905 2.7931 0.0000
3.8746 3.2202 0.0000
2.9056 1.0746 0.0000
2.8652 0.7751 0.0000
-3.1855 3.1072 0.0011
-2.1222 -0.1215 0.0035
1.7254 -4.2817 0.0000
-2.5012 -4.5137 0.0000
-2.6820 -4.0202 0.0000
-2.6202 -4.2667 0.0000
-2.8150 -4.4872 0.0000
4.5316 -2.1237 0.0000
4.2741 -2.0920 0.0000
4.3837 -2.3540 0.0000
-0.9795 3.7834 0.0168
-1.0763 3.5387 0.0186
1.6589 -1.8185 0.0000
1.6008 -2.0548 0.0000
4.0007 -4.0220 0.0000
3.7175 -4.0509 0.0000
1.3024 -1.0749 0.0007
4.0922 -3.7499 0.0000
3.8280 -3.7851 0.0000
-0.2817 2.8986 0.0001
-0.4140 2.6988 0.0001
-0.5065 2.4426 0.0000
-1.7411 -0.5901 0.0013
-1.6286 -0.9008 0.0032
-1.7906 -1.1292 0.0022
4.7592 0.4658 0.0000
2.3669 4.7562 0.0000
2.0579 4.7595 0.0000
1.2259 3.0297 0.0000
0.9461 2.9987 0.0000
1.2315 -1.6154 0.0005
1.1220 -1.8333 0.0006
4.7643 4.2198 0.0000
-4.7650 3.9406 0.0000
-4.6717 3.7540 0.0000
-4.7624 3.5596 0.0000
3.0987 -2.6320 0.0000
3.2225 -2.8674 0.0000
2.9634 -2.9038 0.0000
2.6477 0.9186 0.0000
2.4072 0.7868 0.0000
-3.7593 4.5159 0.0000
3.9749 1.5292 0.0000
-4.2585 1.3699 0.0000
-4.4994 1.2183 0.0000
4.4956 0.6040 0.0000
-3.2466 -2.5411 0.0000
-3.5043 -2.5030 0.0000
4.2837 -0.2234 0.0000
3.7734 -0.3002 0.0000
3.7960 -1.2526 0.0000
3.5605 -1.3801 0.0000
2.1841 0.9882 0.0000
-2.1399 -4.0847 0.0000
-2.3497 -4.2524 0.0000
-0.2798 -4.2083 0.0000
-0.5601 -4.2543 0.0000
-0.7394 -4.0293 0.0000
-0.8396 -4.2665 0.0000
-0.9082 -4.4992 0.0000
-1.0769 -4.7389 0.0000
-1.3648 -4.7394 0.0000
2.7334 2.6663 0.0000
2.4190 2.6038 0.0000
0.3649 -2.2879 0.0156
0.3055 -2.5103 0.0086
1.9528 -3.0691 0.0000
1.7463 -3.2681 0.0000
1.6681 -3.5359 0.0000
1.7332 -3.8190 0.0000
-2.0332 4.3803 0.0226
-2.2096 4.2157 0.0240
-2.3381 3.9883 0.0291
-1.7299 -2.5385 0.0193
4.7469 1.7056 0.0000
3.4480 -2.7925 0.0000
3.2919 -3.0897 0.0000
3.6405 -0.5319 0.0000
3.5880 -0.8013 0.0000
3.3502 -0.6278 0.0000
3.3506 -0.9351 0.0000
1.3566 -1.9632 0.0000
1.1208 -2.1240 0.0002
3.4969 1.2057 0.0000
2.6575 -4.7512 0.0000
2.3471 -4.7501 0.0000
1.8818 0.5335 0.0000
-2.5278 2.9624 0.1110
-2.4775 2.8569 0.1497
-2.5872 2.8141 0.1098
4.5433 -1.2412 0.0000
-4.2806 2.3036 0.0000
1.3145 -1.3645 0.0004
2.5948 -3.5521 0.0000
-2.6262 3.9850 0.0088
-1.8455 2.0229 0.0144
-2.0368 1.8114 0.0313
-2.1477 1.5585 0.0405
-0.6740 -2.7119 0.0260
-0.8654 -2.8229 0.0206
-1.1051 -2.8997 0.0169
-2.2384 -3.5284 0.0005
-2.4913 -3.6965 0.0001
-2.7282 -3.7698 0.0000
2.8837 0.4074 0.0000
2.8208 0.1163 0.0000
3.7702 2.4282 0.0000
3.5822 2.1968 0.0000
3.3185 2.0504 0.0000
1.2666 1.3259 0.0000
1.3576 1.0625 0.0000
-0.6717 4.5465 0.0049
1.1745 -3.7524 0.0000
1.0225 -3.9974 0.0000
0.5971 -2.3483 0.0038
0.5487 -2.6013 0.0015
0.3727 -2.7829 0.0016
0.1028 -2.7078 0.0083
-4.0134 -1.9932 0.0000
-4.2593 -2.0889 0.0000
3.2426 -2.3497 0.0000
2.2779 -2.8558 0.0000
-2.6010 -2.1740 0.0116
-0.9851 -1.1521 0.0396
-1.1004 -0.9272 0.0252
-0.4747 -2.2261 0.0538
2.8498 -3.6812 0.0000
2.8807 -3.9619 0.0000
2.6335 -3.8604 0.0000
-0.1899 -0.2316 0.0428
-0.4064 -0.3142 0.0446
-0.5693 -0.4902 0.0516
-0.7099 -0.6784 0.0535
3.7227 1.9674 0.0000
3.4975 1.8583 0.0000
-0.7996 4.7734 0.0042
-1.1096 4.7657 0.0075
-0.9590 4.5373 0.0095
-1.2415 4.5208 0.0155
2.9370 2.4674 0.0000
1.5626 2.5574 0.0000
1.4509 2.3035 0.0000
-2.3467 -2.1948 0.0281
-2.4952 -2.4515 0.0092
0.3926 3.7665 0.0000
0.2528 3.5063 0.0000
4.1979 4.7549 0.0000
3.8959 4.7550 0.0000
3.7375 4.5023 0.0000
3.1004 -1.6048 0.0000
2.8630 -1.6417 0.0000
3.1654 -1.8292 0.0000
2.9117 -1.8880 0.0000
2.6485 -1.9094 0.0000
-1.1039 -1.3862 0.0283
-1.2357 -1.1624 0.0184
-1.3691 -1.4033 0.0117
-1.5346 -1.6096 0.0065
1.2292 -2.8909 0.0000
0.9779 -2.9835 0.0000
2.7861 -2.6544 0.0000
2.6645 -2.9258 0.0000
2.4571 -3.0686 0.0000
2.1708 1.8356 0.0000
2.1103 1.5118 0.0000
2.0000 -0.5745 0.0000
-0.1656 -3.9118 0.0000
-0.4535 -3.9737 0.0000
-0.6624 -3.7634 0.0002
-4.4698 -1.6812 0.0000
-4.7285 -1.8085 0.0000
-4.7954 -2.0452 0.0000
-1.8314 -4.0925 0.0001
-2.0000 -4.3294 0.0000
-3.1710 -2.0468 0.0002
-3.3459 -2.2655 0.0000
-4.6935 -3.4140 0.0000
1.9622 3.3167 0.0000
1.7895 3.0833 0.0000
1.5148 3.0660 0.0000
3.3595 0.1254 0.0000
3.6846 -4.5209 0.0000
3.5892 -4.7584 0.0000
-3.4982 3.0480 0.0001
-1.3098 1.8747 0.0001
-1.4842 1.7236 0.0002
-2.4575 -1.3664 0.0673
-2.3732 -1.5458 0.0559
-2.6542 -1.2802 0.0560
-2.6171 -1.5021 0.0456
-2.7945 -1.6595 0.0122
0.1726 -2.9878 0.0014
-0.0477 -3.1582 0.0014
-0.0989 -2.8777 0.0075
-0.3088 -3.0558 0.0059
-0.2844 -3.3666 0.0010
-0.5757 -3.4795 0.0011
3.3367 1.3783 0.0000
3.1039 1.2397 0.0000
0.4713 -1.1212 0.0751
0.3667 -1.2772 0.0936
0.3329 -1.4577 0.0904
0.1922 -1.5122 0.1097
-2.0613 -1.0987 0.0072
-2.4552 -1.1802 0.0738
-3.7377 3.1329 0.0000
-3.8764 2.9457 0.0000
4.2722 3.3920 0.0000
4.1537 3.1687 0.0000
-4.3505 2.9542 0.0000
-4.4965 2.7641 0.0000
-3.4675 1.0007 0.0005
0.3136 1.3018 0.0000
0.0656 1.2121 0.0000
4.0338 3.9925 0.0000
0.0330 -3.4030 0.0002
-0.1427 -3.6246 0.0001
-0.3884 -3.6866 0.0001
1.3411 0.2125 0.0001
1.2080 -0.0562 0.0005
-3.6026 -1.7476 0.0000
-3.4555 -1.9908 0.0000
-1.4005 0.7467 0.0001
0.7112 3.2036 0.0000
-1.1799 3.2898 0.0185
-1.4111 3.1383 0.0315
-3.9608 -0.2748 0.0000
-3.3484 2.3587 0.0007
-3.5713 2.2783 0.0001
-3.5714 2.0327 0.0001
4.2677 3.9470 0.0000
4.2112 3.6882 0.0000
-2.3445 1.8279 0.1759
-2.3422 1.7350 0.1612
-2.4174 1.7730 0.2115
-2.2497 1.7064 0.1005
-2.3582 1.6285 0.1562
-2.4263 1.6926 0.2072
-2.4634 1.6076 0.2177
4.5312 3.3266 0.0000
4.4351 3.1146 0.0000
4.2420 2.8987 0.0000
1.1584 0.7833 0.0000
0.9765 0.5845 0.0001
0.8254 0.3692 0.0007
0.7188 0.1054 0.0035
0.3063 -2.0549 0.0380
-3.4996 0.6868 0.0003
-3.6549 0.4573 0.0001
-3.9379 0.3295 0.0000
-1.4108 3.3986 0.0438
-1.6084 3.2519 0.0662
-1.7998 3.1519 0.1008
-1.6285 3.0351 0.0554
-1.8227 2.9539 0.0924
0.5602 3.9958 0.0000
-4.7489 4.2233 0.0000
-1.1944 -0.2190 0.0056
-1.3847 -0.4429 0.0046
-1.5048 -0.6715 0.0042
4.2379 0.5126 0.0000
3.9885 0.2896 0.0000
3.8690 -0.0010 0.0000
1.8179 -1.0416 0.0000
2.1110 -1.1832 0.0000
1.8320 -1.3223 0.0000
1.8049 -1.5999 0.0000
-4.1129 3.0816 0.0000
1.8071 1.1731 0.0000
4.5184 1.2332 0.0000
0.2083 -0.3446 0.0499
0.1034 -0.5221 0.0791
0.0066 -0.6545 0.1019
-0.0240 -0.3907 0.0643
-0.1032 -0.5621 0.0894
-0.0880 -0.7641 0.1174
-0.2116 -0.6628 0.1003
-0.3583 -0.7537 0.1003
0.4724 -1.6182 0.0523
0.4190 -1.8440 0.0423
0.2092 -1.8585 0.0710
0.0778 -2.0205 0.0667
-2.1722 2.3716 0.1566
-2.2360 2.3157 0.1809
-2.2815 2.2568 0.1961
-2.2592 2.1834 0.1761
-2.3614 2.1938 0.2243
-2.4283 2.1193 0.2400
-2.2226 2.0973 0.1435
-2.3254 2.1037 0.2009
-2.3914 2.0342 0.2246
-2.4862 2.0401 0.2465
-2.1882 1.9664 0.1049
-2.3011 2.0075 0.1754
-2.2422 1.8474 0.1166
-2.3305 1.9210 0.1805
-2.4303 1.8660 0.2270
0.0832 -1.5781 0.1163
-0.0229 -1.6761 0.1130
-0.1318 -1.7767 0.1040
-0.2645 -1.8533 0.0927
-0.3147 -2.0387 0.0740
-0.2738 -1.6936 0.1070
-0.4164 -1.8797 0.0807
-0.5389 -2.0338 0.0608
-4.5191 2.4664 0.0000
-4.7618 2.3308 0.0000
0.1854 -1.3525 0.1220
0.0385 -1.3208 0.1386
0.0686 -1.4396 0.1295
-0.0554 -1.4039 0.1377
-0.0401 -1.5283 0.1280
-0.1500 -1.6140 0.1201
-1.8208 -0.0934 0.0003
-1.5774 0.5276 0.0001
-1.6133 0.0408 0.0005
-0.7204 -2.2008 0.0410
-0.9308 -2.3406 0.0274
0.5185 -4.7560 0.0000
4.7545 1.4060 0.0000
-1.8175 -2.7706 0.0167
-2.0678 -2.7966 0.0129
3.2307 4.0635 0.0000
3.0717 3.8732 0.0000
4.7796 -3.9169 0.0000
4.7488 -4.2138 0.0000
-3.2496 -3.5404 0.0000
-3.2417 -3.7981 0.0000
-3.4625 -3.9769 0.0000
-3.6923 -4.1012 0.0000
0.2012 3.9718 0.0000
-0.0467 3.4800 0.0001
3.3894 2.7551 0.0000
3.5052 2.5010 0.0000
3.0019 3.1130 0.0000
2.7863 2.9547 0.0000
2.5230 2.8281 0.0000
0.5366 -3.5404 0.0000
0.2728 -4.1606 0.0000
-0.0129 -4.1846 0.0000
0.5447 -0.7919 0.0531
0.6502 -0.9847 0.0416
0.3929 -0.9388 0.0866
-2.4892 0.9294 0.1598
-2.4158 0.8214 0.1019
-2.5205 0.8082 0.1685
-2.5682 0.8881 0.2008
-2.6027 0.7958 0.2064
-2.6823 0.6926 0.2062
-2.5199 0.7192 0.1606
-2.5943 0.7152 0.1975
-2.5370 0.6159 0.1626
-2.6117 0.6351 0.1971
-2.6587 0.5665 0.1995
-1.1834 -2.4521 0.0194
-3.8937 2.6615 0.0000
-4.0291 2.4514 0.0000
-1.9241 -3.0212 0.0088
-2.0476 -3.3230 0.0024
-0.3536 4.1681 0.0018
0.8454 -2.2337 0.0012
0.8168 -2.5233 0.0004
2.6645 4.7438 0.0000
2.2467 4.5168 0.0000
2.1990 -4.4940 0.0000
2.0413 -4.7521 0.0000
2.1241 0.4181 0.0000
0.7119 4.2438 0.0000
-0.7831 -2.5221 0.0305
-1.0010 -2.6262 0.0233
-0.5011 1.2180 0.0000
-0.6461 0.9664 0.0001
4.7494 0.1527 0.0000
1.4226 1.8082 0.0000
-0.9428 -0.7145 0.0321
-2.2224 -0.3758 0.0128
-0.0730 0.4759 0.0027
-0.3557 0.4446 0.0030
-0.2952 0.1948 0.0095
-0.5503 0.1888 0.0074
1.2200 -0.5382 0.0012
1.2330 -0.8250 0.0013
1.4664 4.7466 0.0000
-0.0797 -2.1563 0.0620
0.0722 -2.4498 0.0241
0.6171 -1.2386 0.0455
0.9802 4.7385 0.0000
0.7363 4.7683 0.0000
0.4453 4.7330 0.0000
0.2810 4.4992 0.0000
-4.4883 -0.8546 0.0000
-4.7519 -0.7434 0.0000
-4.7485 -1.0314 0.0000
-4.7443 -1.3084 0.0000
-0.8616 -1.3365 0.0543
-4.4991 0.3045 0.0000
2.6664 -4.1881 0.0000
-3.3025 1.5975 0.0020
1.8615 -0.0174 0.0000
1.6767 -0.2028 0.0000
3.9568 0.6001 0.0000
3.7448 0.4522 0.0000
3.6707 0.2009 0.0000
3.5804 -0.0710 0.0000
3.4758 -0.3321 0.0000
1.2095 -3.2087 0.0000
0.9270 -3.2556 0.0000
0.7784 -3.4643 0.0000
-0.7747 0.7028 0.0004
-0.9684 0.5230 0.0007
-4.2168 -0.1234 0.0000
2.3917 -4.2855 0.0000
1.7669 -0.7521 0.0000
-3.6229 -3.2678 0.0000
-3.5077 -3.5086 0.0000
-3.7838 -3.5370 0.0000
-2.2847 -1.7600 0.0449
-2.4388 -1.9563 0.0355
-0.2889 1.7361 0.0000
-0.4010 1.4787 0.0000
4.4911 1.5261 0.0000
3.2770 4.7618 0.0000
1.3267 2.0623 0.0000
1.1506 2.2522 0.0000
0.9779 2.0716 0.0000
-2.0154 0.7237 0.0016
-2.2409 0.5958 0.0195
-2.0981 0.3678 0.0029
-2.3537 0.3733 0.0475
-2.4678 0.5008 0.1126
-2.5197 0.3266 0.1339
-2.4634 0.1961 0.0962
-2.6064 0.2647 0.1695
-2.5817 0.1837 0.1560
3.4496 3.0153 0.0000
3.1864 2.9386 0.0000
3.0033 2.7680 0.0000
-1.1159 0.7708 0.0001
-3.7484 -1.9759 0.0000
2.8152 2.1931 0.0000
2.7341 1.9255 0.0000
-1.6330 3.4544 0.0774
-1.7756 3.3319 0.1012
-1.8073 3.5126 0.1028
-1.9088 3.4008 0.1218
-2.0167 3.3598 0.1358
-1.9148 3.2565 0.1284
-2.0443 3.2524 0.1476
-1.9849 3.1601 0.1436
-1.9270 3.0722 0.1292
-2.0381 3.0337 0.1562
4.3592 -3.7081 0.0000
4.2818 -3.9759 0.0000
-1.3203 4.2421 0.0281
-1.4567 4.4298 0.0235
-1.5632 4.2213 0.0378
-1.5639 4.0009 0.0522
-1.7576 4.0672 0.0541
-1.6814 3.8257 0.0713
0.7299 -3.1037 0.0000
0.5557 -3.2892 0.0000
1.5876 -4.0411 0.0000
-3.4718 -1.2658 0.0001
2.4107 -4.0059 0.0000
2.1758 -4.1456 0.0000
-0.6254 4.1026 0.0057
-0.8964 4.0396 0.0137
0.7266 2.8864 0.0000
-2.2978 1.3551 0.0834
-2.4179 1.2686 0.1485
-2.4028 1.1624 0.1258
-2.5093 1.2419 0.2040
-2.5023 1.1504 0.1905
-2.5789 1.0951 0.2217
-1.1411 1.6505 0.0000
-1.3360 1.5091 0.0000
3.0984 -2.1223 0.0000
2.9518 -2.3940 0.0000
-0.0519 2.2479 0.0000
0.0948 1.9867 0.0000
-0.1806 1.9902 0.0000
1.4079 0.8190 0.0000
1.3362 0.5548 0.0000
1.1470 0.4072 0.0001
1.0229 0.1698 0.0006
1.5549 0.3943 0.0000
-2.0057 4.7729 0.0079
-2.1640 4.5682 0.0104
2.4475 1.8833 0.0000
-2.9933 -2.5892 0.0002
-3.3203 -2.7756 0.0000
1.9099 1.9989 0.0000
1.9549 1.7091 0.0000
1.8038 1.4608 0.0000
1.3453 3.2912 0.0000
-3.8389 1.3957 0.0000
-4.0252 1.2200 0.0000
2.4313 3.6973 0.0000
2.1875 3.4934 0.0000
2.2492 3.2209 0.0000
2.0462 3.0367 0.0000
0.7178 -2.8171 0.0001
0.4740 -3.0112 0.0002
-3.8523 -0.8957 0.0000
-2.5917 2.3281 0.1864
-2.6844 2.3198 0.1335
-2.7213 2.2138 0.1253
-1.2697 0.5153 0.0003
4.0176 4.4974 0.0000
4.0349 4.2459 0.0000
3.7983 4.2408 0.0000
3.7717 3.9982 0.0000
-3.4838 -3.0183 0.0000
-1.7244 -3.7832 0.0005
-1.9822 -3.8461 0.0002
4.1331 -2.9897 0.0000
3.8438 -3.0074 0.0000
3.9640 1.2464 0.0000
-2.8885 2.3101 0.0397
-3.1261 2.3578 0.0054
-3.0595 2.1059 0.0128
-3.3284 2.1039 0.0011
-3.5154 1.7936 0.0002
-2.3993 1.9577 0.2215
-2.4775 1.9474 0.2454
-2.5379 1.8707 0.2485
-2.5634 1.9675 0.2402
-2.6418 1.9086 0.2127
-2.6181 1.8279 0.2311
-2.6761 1.7492 0.2079
-2.7117 1.8302 0.1773
-2.8032 1.7696 0.1196
-2.4993 1.7869 0.2445
-2.5789 1.7569 0.2462
-2.6212 1.6734 0.2385
-2.7242 1.6716 0.1836
-2.5174 1.6889 0.2440
-2.5651 1.5975 0.2471
-2.6656 1.5883 0.2243
-2.7582 1.5843 0.1666
-2.8670 1.6376 0.0885
-2.6119 1.5027 0.2436
-2.7226 1.5061 0.1964
-2.6787 1.4298 0.2243
-2.7614 1.4069 0.1756
-2.8547 1.4892 0.1047
-2.8769 1.3354 0.0974
1.5610 -1.4891 0.0000
1.4461 -1.7173 0.0000
3.3675 -2.5713 0.0000
2.6026 0.3208 0.0000
2.3199 0.1894 0.0000
1.5339 -0.9163 0.0001
-3.6872 0.1684 0.0000
-3.9574 0.0292 0.0000
2.6222 -1.6645 0.0000
2.3811 -1.6727 0.0000
2.3882 -1.9365 0.0000
2.1564 -2.0463 0.0000
-4.0499 1.5479 0.0000
-3.5142 -3.7374 0.0000
-3.7471 -3.8234 0.0000
-3.9810 -4.0169 0.0000
4.2343 1.3550 0.0000
-0.1867 -1.1107 0.1409
-0.2752 -1.1739 0.1351
-0.3302 -1.2941 0.1282
-0.4799 -1.2971 0.1092
-0.5467 -1.4500 0.0948
-0.3455 -2.7671 0.0194
-0.5473 -2.9071 0.0156
-0.7616 -3.0254 0.0126
-0.9926 -3.1125 0.0106
-0.5363 -3.1974 0.0049
-0.7968 -3.3050 0.0044
-1.0700 -3.3849 0.0039
-3.8181 -4.5525 0.0000
-0.7937 1.2066 0.0000
-1.0230 1.1059 0.0000
-3.0676 -2.3180 0.0002
0.1464 4.7585 0.0001
-0.7526 -1.1268 0.0689
1.9559 0.9902 0.0000
4.7747 -1.0928 0.0000
-4.0536 2.1412 0.0000
-3.8080 1.9898 0.0000
-4.0504 1.8398 0.0000
-2.6923 -4.7436 0.0000
-2.9681 -4.7704 0.0000
1.5656 -1.2019 0.0000
-1.3801 -2.9597 0.0142
-4.2538 4.5124 0.0000
-4.5013 4.3722 0.0000
1.9589 4.5078 0.0000
1.6880 4.4886 0.0000
0.9031 4.4936 0.0000
-3.9031 -3.2631 0.0000
-1.8388 -1.6061 0.0060
-1.7063 -1.8405 0.0072
-1.9193 -2.0161 0.0186
-0.5180 4.3623 0.0037
-0.8175 4.2980 0.0096
-1.0828 4.2947 0.0176
-2.6363 4.4593 0.0024
-2.4777 0.0354 0.0991
-2.5910 0.0907 0.1538
-2.3807 -0.1307 0.0515
-2.5976 -0.0209 0.1493
-2.6920 -0.0536 0.1526
-2.5549 -0.1191 0.1303
-2.6643 -0.1344 0.1492
-2.6610 -0.2355 0.1416
-4.2373 1.0524 0.0000
4.0385 -0.2285 0.0000
4.0020 -0.4814 0.0000
3.8427 -0.6697 0.0000
-2.4721 3.7762 0.0294
-2.0272 1.0654 0.0042
-2.2432 1.1445 0.0414
-2.2216 0.8728 0.0227
-2.3902 1.0051 0.1016
-2.4282 0.6565 0.0977
-2.5688 0.5372 0.1735
4.5003 4.7098 0.0000
4.2798 4.4943 0.0000
4.5224 4.3843 0.0000
4.2747 4.2247 0.0000
1.4816 -2.7866 0.0000
1.4602 -3.0471 0.0000
1.1395 1.8807 0.0000
0.9545 1.6861 0.0000
-4.2915 1.6875 0.0000
0.6938 3.7348 0.0000
-1.2129 -1.6461 0.0185
-3.2760 -4.7652 0.0000
-1.8795 -0.8479 0.0013
-2.1558 -0.8456 0.0108
2.8052 -2.1541 0.0000
2.6583 -2.4090 0.0000
2.4373 -2.5076 0.0000
2.5034 -2.7298 0.0000
-4.7708 -2.6651 0.0000
2.7228 -0.1897 0.0000
-4.7766 4.7826 0.0000
-2.4249 1.3687 0.1657
-2.5023 1.3409 0.2103
-2.2432 -1.3069 0.0351
-2.1341 -1.5533 0.0252
-3.6387 1.2099 0.0001
-3.6907 0.8754 0.0000
-3.8109 0.6646 0.0000
2.6280 2.4151 0.0000
2.5248 2.1476 0.0000
-3.4589 -0.2765 0.0003
-3.7044 -0.4190 0.0000
-3.9490 -0.5823 0.0000
0.5664 1.7621 0.0000
0.4579 1.4950 0.0000
0.0755 3.7384 0.0001
-0.2145 3.7139 0.0004
-0.5077 3.6422 0.0020
-2.7179 -0.9302 0.0702
-2.8362 -1.1148 0.0274
-2.8725 -1.3936 0.0121
-3.0757 -1.2266 0.0028
-3.2307 -1.3908 0.0005
-3.4169 -1.5551 0.0001
-3.0714 -1.5749 0.0014
-3.2729 -1.7681 0.0002
0.1268 -1.7073 0.0984
0.0171 -1.8431 0.0923
-0.1279 -1.9701 0.0834
3.9248 -4.5325 0.0000
-2.2829 4.7821 0.0039
-2.4775 4.6859 0.0026
-2.7287 4.7393 0.0006
1.1443 -4.2632 0.0000
4.0059 -3.2494 0.0000
3.7119 -3.2839 0.0000
-4.2084 -0.4256 0.0000
-4.2823 -0.6641 0.0000
-2.0295 -0.6026 0.0020
-2.2962 -0.6176 0.0300
-1.7683 4.3247 0.0327
-1.9553 4.1485 0.0433
-2.0931 3.9782 0.0528
1.6207 3.7481 0.0000
1.4735 3.5425 0.0000
4.7836 1.1076 0.0000
-0.2137 2.5092 0.0000
-0.3332 2.2342 0.0000
-1.5193 -3.2266 0.0070
4.2846 0.2584 0.0000
4.1582 0.0304 0.0000
2.6547 1.1977 0.0000
2.4174 1.0888 0.0000
4.7692 -0.4619 0.0000
4.7440 -0.7823 0.0000
2.9717 -0.3117 0.0000
2.7730 -0.5127 0.0000
2.8386 -0.8307 0.0000
-2.4172 -4.7559 0.0000
2.1788 -3.5841 0.0000
1.9300 -3.6761 0.0000
2.5039 -0.4234 0.0000
2.2873 -0.6606 0.0000
4.4592 -4.2845 0.0000
4.1476 -4.4832 0.0000
-4.5357 -3.1352 0.0000
-4.7781 -3.2284 0.0000
0.4214 -4.3956 0.0000
-3.9956 4.3804 0.0000
-4.2562 4.2174 0.0000
-3.9942 4.1031 0.0000
-4.2340 3.9189 0.0000
3.5461 4.2675 0.0000
3.2896 4.2994 0.0000
3.0024 4.2416 0.0000
-1.6356 1.0839 0.0000
-1.8615 0.9539 0.0004
2.0418 4.0514 0.0000
3.1959 2.5737 0.0000
3.3154 2.3362 0.0000
3.0871 2.2446 0.0000
-3.4967 4.4898 0.0000
-3.6959 4.2377 0.0000
-0.7151 -0.8569 0.0644
-0.8647 -0.9481 0.0493
0.4626 -4.0115 0.0000
4.7530 -3.5982 0.0000
4.5710 -3.7727 0.0000
4.4990 -3.4555 0.0000
-2.4539 2.5637 0.2081
-2.5359 2.5011 0.1868
-2.4600 2.6610 0.1910
-2.6173 2.6877 0.1154
-2.5372 2.6038 0.1689
-2.6389 2.5473 0.1259
-2.5112 2.4082 0.2114
-2.6021 2.4206 0.1662
-2.7386 2.4447 0.0879
2.9656 -4.2377 0.0000
2.7950 -4.4762 0.0000
-2.8516 3.1536 0.0137
-2.7253 2.9105 0.0475
-2.8025 2.6730 0.0432
3.5284 0.5897 0.0000
3.4496 0.3625 0.0000
3.2248 0.4373 0.0000
3.1070 0.2116 0.0000
3.0342 -0.0608 0.0000
1.1734 4.4821 0.0000
1.2852 4.2257 0.0000
1.0024 4.2323 0.0000
4.7685 -3.3061 0.0000
-2.9806 -3.1050 0.0000
-3.0292 -3.3568 0.0000
0.0844 2.4905 0.0000
4.4672 2.6273 0.0000
4.3190 2.4141 0.0000
-3.4142 -0.5289 0.0003
-3.6542 -0.6977 0.0000
-0.9773 3.0685 0.0051
-1.2070 2.9983 0.0109
-1.1632 2.7524 0.0042
-0.6093 -2.4073 0.0398
0.3422 -3.7893 0.0000
0.1168 -3.9387 0.0000
-1.9975 -2.5328 0.0220
-2.2743 -2.6347 0.0126
0.1524 -4.4270 0.0000
-0.1021 -4.4708 0.0000
1.9517 -0.2884 0.0000
1.7111 -0.4709 0.0000
-2.1052 3.1957 0.1574
-2.1739 3.1270 0.1667
-2.1408 3.0342 0.1739
-2.2355 3.0558 0.1738
-2.2082 2.9482 0.1862
-2.3072 2.9964 0.1744
-2.3958 2.9785 0.1563
-2.3067 2.9109 0.1874
-2.3489 2.8200 0.1943
-2.3975 2.8936 0.1710
-2.4335 2.7851 0.1788
-2.5012 2.7338 0.1622
3.5027 4.0242 0.0000
3.6268 3.7540 0.0000
3.3334 3.7856 0.0000
1.4128 -4.7631 0.0000
-0.7684 1.9856 0.0000
-1.0466 1.9203 0.0000
-2.5290 -1.7234 0.0420
-2.6990 -1.9135 0.0127
3.7552 -2.2377 0.0000
3.5952 -2.4869 0.0000
-2.2684 2.5865 0.2102
-2.2831 2.5044 0.2129
-2.3490 2.4400 0.2267
-2.4408 2.4688 0.2233
-2.1988 2.4955 0.1828
-2.2449 2.4205 0.1954
-2.3105 2.3602 0.2160
-2.3561 2.2841 0.2269
-2.4153 2.3710 0.2341
-2.4375 2.2801 0.2386
-2.5061 2.3241 0.2240
-2.5383 2.2387 0.2233
-2.4547 2.2063 0.2417
-2.5309 2.1428 0.2356
-2.5808 2.0611 0.2264
-2.6543 1.9922 0.1964
-2.6174 2.2321 0.1864
-2.6297 2.1487 0.1911
-2.8095 2.0951 0.0868
-2.6768 2.0775 0.1715
-2.7423 1.9911 0.1386
-2.7423 1.9065 0.1480
0.6665 2.5046 0.0000
0.3654 2.4968 0.0000
4.2962 -3.2278 0.0000
0.8073 -4.7564 0.0000
-4.2188 -3.2568 0.0000
-4.4377 -3.3813 0.0000
-1.2711 -2.7060 0.0187
-4.5140 1.5276 0.0000
-4.7540 1.3874 0.0000
-0.2164 -1.2645 0.1391
-0.1721 -1.3527 0.1385
-0.2713 -1.4108 0.1290
-0.3943 -1.4205 0.1159
-0.1594 -1.4768 0.1314
-0.2789 -1.5466 0.1192
-0.4104 -1.5595 0.1057
-0.4150 -1.7133 0.0938
0.3336 -4.6417 0.0000
0.1017 -4.7340 0.0000
2.2829 2.9288 0.0000
2.1879 2.7014 0.0000
1.8548 2.5635 0.0000
1.6973 1.7624 0.0000
1.5030 1.5350 0.0000
-4.0163 -1.1100 0.0000
-4.2367 -1.2761 0.0000
-4.7473 0.1543 0.0000
0.9897 3.7317 0.0000
0.8473 3.4761 0.0000
2.5162 -2.1737 0.0000
2.2977 -2.2862 0.0000
2.1791 -2.5794 0.0000
4.7728 2.2850 0.0000
4.7329 2.0113 0.0000
0.8139 1.8846 0.0000
0.7386 1.5590 0.0000
-2.2243 3.7718 0.0638
-2.3491 3.5862 0.0676
-2.5825 3.5516 0.0297
0.5516 3.4871 0.0000
0.3977 3.2515 0.0000
-3.8466 1.0552 0.0000
-4.0148 0.8676 0.0000
-1.3551 2.5807 0.0056
-1.4755 2.3284 0.0040
-4.1299 2.7956 0.0000
-4.2661 2.5986 0.0000
0.7521 -3.9904 0.0000
-1.1842 -1.9311 0.0176
-1.1581 -2.1896 0.0183
1.2128 1.5946 0.0000
-4.7527 1.0811 0.0000
1.5715 -4.5254 0.0000
-1.8737 3.8983 0.0719
-1.6963 3.6477 0.0831
-1.8709 3.6882 0.0947
-1.9669 3.5236 0.1162
-2.0320 3.7895 0.0807
-2.0413 3.6387 0.1011
-2.0856 3.4593 0.1246
4.0215 3.4607 0.0000
3.7490 3.4951 0.0000
3.5829 3.2549 0.0000
-3.8938 -2.7722 0.0000
-4.0467 -3.0300 0.0000
4.0992 1.0528 0.0000
3.9404 0.8939 0.0000
-3.0439 3.7018 0.0011
-3.2133 3.4895 0.0004
-3.4016 3.2847 0.0001
4.5220 4.0897 0.0000
4.5072 3.8118 0.0000
-2.7827 4.2230 0.0019
-2.9199 3.9744 0.0015
-4.1868 -2.7868 0.0000
-4.3377 -3.0174 0.0000
-4.7485 4.5132 0.0000
-2.7284 -0.3316 0.1203
-2.7449 -0.4746 0.1022
-2.9016 -0.5884 0.0375
-2.7127 -0.7008 0.0920
-2.8642 -0.8169 0.0361
-3.0412 -0.9539 0.0063
-3.1306 -0.7237 0.0038
-3.3633 -0.7896 0.0004
-3.3707 4.2394 0.0000
-3.5012 3.9929 0.0000
-1.9548 -4.6688 0.0000
-2.1888 -4.7639 0.0000
-4.6068 -2.1635 0.0000
-4.7749 -2.3510 0.0000
1.8142 0.3131 0.0000
-1.5638 2.0364 0.0020
-1.7401 1.7774 0.0026
-1.6587 -3.0011 0.0118
0.4845 2.9969 0.0000
0.1070 3.2504 0.0000
0.9718 -4.5125 0.0000
0.2320 0.9846 0.0001
-0.0559 0.9527 0.0002
0.1159 0.6960 0.0007
-0.2018 0.7107 0.0007
4.7063 -4.5028 0.0000
-1.4542 -2.5264 0.0173
-1.5511 -2.7562 0.0172
-3.0735 1.4427 0.0188
4.5030 -2.5807 0.0000
4.2895 -2.7266 0.0000
-0.8471 0.2490 0.0033
-1.0248 0.0170 0.0048
-1.3070 0.0464 0.0017
-1.4691 -0.1709 0.0017
-1.6553 -0.3329 0.0011
1.4334 3.9735 0.0000
1.2936 3.7445 0.0000
1.1584 3.5031 0.0000
-4.5035 4.0471 0.0000
-4.4466 3.7458 0.0000
-2.6644 1.3444 0.2313
-2.6833 1.2427 0.2247
-2.7464 1.3202 0.1897
-2.8045 1.2377 0.1519
-2.7463 1.1649 0.1937
-2.8600 1.1261 0.1155
-3.0196 1.2054 0.0337
-3.2247 1.0959 0.0050
-3.0140 0.9566 0.0373
-3.2294 0.8141 0.0048
-3.0402 0.6379 0.0291
-3.2976 0.5340 0.0023
3.4606 3.5098 0.0000
3.1943 3.5572 0.0000
4.1927 -4.2407 0.0000
3.8868 -4.2817 0.0000
-4.5217 -3.6514 0.0000
-4.7682 -3.6362 0.0000
-4.7546 0.7729 0.0000
2.9814 3.3888 0.0000
2.7403 3.2491 0.0000
1.4306 4.4988 0.0000
-4.4180 -2.2932 0.0000
-4.5771 -2.5009 0.0000
3.5932 4.7600 0.0000
3.4353 4.5312 0.0000
-4.4719 -0.2901 0.0000
-2.0456 2.3771 0.0990
-2.1345 2.4601 0.1503
-2.1532 2.2389 0.1281
-1.9520 2.2389 0.0493
-2.0738 2.0835 0.0700
2.0953 2.4755 0.0000
1.9965 2.2557 0.0000
1.7466 2.3074 0.0000
1.6225 2.0501 0.0000
-1.9372 -0.3489 0.0006
2.4161 -0.1592 0.0000
2.2201 -0.3725 0.0000
-0.5851 -1.8178 0.0694
-0.7520 -1.9474 0.0471
-0.9445 -2.0717 0.0294
-0.0090 4.5220 0.0003
-0.1516 4.2947 0.0007
0.1269 4.2527 0.0001
-0.0991 4.0009 0.0003
-0.4102 3.9087 0.0018
4.2673 -0.5016 0.0000
-4.0140 -3.7348 0.0000
-4.2537 -3.9134 0.0000
2.6633 0.6068 0.0000
2.3817 0.5022 0.0000
4.5331 -0.9646 0.0000
2.7557 -1.1478 0.0000
2.5879 -1.4145 0.0000
2.3090 -1.4337 0.0000
2.0603 -1.5056 0.0000
2.1414 -1.7561 0.0000
1.9185 -1.8312 0.0000
-0.3289 3.4333 0.0005
-0.5921 3.3594 0.0018
-0.7213 3.1113 0.0017
-0.6143 2.8792 0.0004
-3.9719 3.3125 0.0000
-2.6266 3.3204 0.0385
-3.0729 4.2384 0.0003
-3.2025 3.9844 0.0002
-3.9166 -1.7040 0.0000
0.5413 0.3631 0.0020
0.2118 0.3723 0.0037
0.1618 0.0920 0.0135
0.4158 0.1333 0.0077
0.2927 -0.1239 0.0244
0.0477 -0.1783 0.0367
4.7604 -1.4059 0.0000
4.7581 -1.6996 0.0000
4.6065 -1.8729 0.0000
2.3113 1.3093 0.0000
2.0621 1.2475 0.0000
-3.6801 3.3744 0.0000
-1.6629 -2.0887 0.0111
-1.8761 -2.2986 0.0215
-2.0885 -2.2074 0.0293
-2.2061 -2.3997 0.0240
2.1421 4.2791 0.0000
2.3900 4.2242 0.0000
-3.7592 -3.0120 0.0000
1.2696 -4.5194 0.0000
-2.9876 2.8948 0.0081
-1.4318 -1.8317 0.0091
-1.2844 1.0142 0.0000
4.3068 1.0758 0.0000
0.9739 2.4489 0.0000
0.7984 2.2401 0.0000
0.5051 2.2637 0.0000
-3.6174 2.8072 0.0000
3.4172 -1.7374 0.0000
-0.1348 -0.8977 0.1309
-0.2307 -0.8174 0.1180
-0.2822 -0.9299 0.1244
-0.4017 -0.8935 0.1087
-0.6100 -0.9998 0.0864
-0.1780 -1.0036 0.1370
-0.3077 -1.0513 0.1291
-0.4455 -1.0240 0.1111
-0.4015 -1.1668 0.1208
-0.5572 -1.1568 0.0986
4.4855 1.8182 0.0000
-2.5219 -3.4170 0.0002
-2.7707 -2.9147 0.0004
-2.7308 -3.2243 0.0001
-2.1419 -3.0899 0.0045
-2.3352 -3.2468 0.0012
-1.1380 0.2767 0.0013
-1.4469 0.2829 0.0004
