5.0000 5.0000 0.0000
0.0000 5.0000 0.0003
2.5000 5.0000 0.0000
3.7500 5.0000 0.0000
4.3750 5.0000 0.0000
4.6875 5.0000 0.0000
4.0625 5.0000 0.0000
3.1250 5.0000 0.0000
3.4375 5.0000 0.0000
2.8125 5.0000 0.0000
1.2500 5.0000 0.0000
1.8750 5.0000 0.0000
2.1875 5.0000 0.0000
1.5625 5.0000 0.0000
0.6250 5.0000 0.0000
0.9375 5.0000 0.0000
0.3125 5.0000 0.0001
-2.5000 5.0000 0.0008
-1.2500 5.0000 0.0045
-0.6250 5.0000 0.0016
-0.3125 5.0000 0.0007
-0.9375 5.0000 0.0030
-1.8750 5.0000 0.0043
-1.5625 5.0000 0.0051
-2.1875 5.0000 0.0024
-3.7500 5.0000 0.0000
-3.1250 5.0000 0.0000
-2.8125 5.0000 0.0002
-3.4375 5.0000 0.0000
-4.3750 5.0000 0.0000
-4.0625 5.0000 0.0000
-4.6875 5.0000 0.0000
5.0000 -5.0000 0.0000
5.0000 0.0000 0.0000
5.0000 -2.5000 0.0000
5.0000 -3.7500 0.0000
5.0000 -4.3750 0.0000
5.0000 -4.6875 0.0000
5.0000 -4.0625 0.0000
5.0000 -3.1250 0.0000
5.0000 -3.4375 0.0000
5.0000 -2.8125 0.0000
5.0000 -1.2500 0.0000
5.0000 -1.8750 0.0000
5.0000 -2.1875 0.0000
5.0000 -1.5625 0.0000
5.0000 -0.6250 0.0000
5.0000 -0.9375 0.0000
5.0000 -0.3125 0.0000
5.0000 2.5000 0.0000
5.0000 1.2500 0.0000
5.0000 0.6250 0.0000
5.0000 0.3125 0.0000
5.0000 0.9375 0.0000
5.0000 1.8750 0.0000
5.0000 1.5625 0.0000
5.0000 2.1875 0.0000
5.0000 3.7500 0.0000
5.0000 3.1250 0.0000
5.0000 2.8125 0.0000
5.0000 3.4375 0.0000
5.0000 4.3750 0.0000
5.0000 4.0625 0.0000
5.0000 4.6875 0.0000
-5.0000 -5.0000 0.0000
0.0000 -5.0000 0.0000
-2.5000 -5.0000 0.0000
-3.7500 -5.0000 0.0000
-4.3750 -5.0000 0.0000
-4.6875 -5.0000 0.0000
-4.0625 -5.0000 0.0000
-3.1250 -5.0000 0.0000
-3.4375 -5.0000 0.0000
-2.8125 -5.0000 0.0000
-1.2500 -5.0000 0.0000
-1.8750 -5.0000 0.0000
-2.1875 -5.0000 0.0000
-1.5625 -5.0000 0.0000
-0.6250 -5.0000 0.0000
-0.9375 -5.0000 0.0000
-0.3125 -5.0000 0.0000
2.5000 -5.0000 0.0000
1.2500 -5.0000 0.0000
0.6250 -5.0000 0.0000
0.3125 -5.0000 0.0000
0.9375 -5.0000 0.0000
1.8750 -5.0000 0.0000
1.5625 -5.0000 0.0000
2.1875 -5.0000 0.0000
3.7500 -5.0000 0.0000
3.1250 -5.0000 0.0000
2.8125 -5.0000 0.0000
3.4375 -5.0000 0.0000
4.3750 -5.0000 0.0000
4.0625 -5.0000 0.0000
4.6875 -5.0000 0.0000
-5.0000 5.0000 0.0000
-5.0000 0.0000 0.0000
-5.0000 2.5000 0.0000
-5.0000 3.7500 0.0000
-5.0000 4.3750 0.0000
-5.0000 4.6875 0.0000
-5.0000 4.0625 0.0000
-5.0000 3.1250 0.0000
-5.0000 3.4375 0.0000
-5.0000 2.8125 0.0000
-5.0000 1.2500 0.0000
-5.0000 1.8750 0.0000
-5.0000 2.1875 0.0000
-5.0000 1.5625 0.0000
-5.0000 0.6250 0.0000
-5.0000 0.9375 0.0000
-5.0000 0.3125 0.0000
-5.0000 -2.5000 0.0000
-5.0000 -1.2500 0.0000
-5.0000 -0.6250 0.0000
-5.0000 -0.3125 0.0000
-5.0000 -0.9375 0.0000
-5.0000 -1.8750 0.0000
-5.0000 -1.5625 0.0000
-5.0000 -2.1875 0.0000
-5.0000 -3.7500 0.0000
-5.0000 -3.1250 0.0000
-5.0000 -2.8125 0.0000
-5.0000 -3.4375 0.0000
-5.0000 -4.3750 0.0000
-5.0000 -4.0625 0.0000
-5.0000 -4.6875 0.0000
-0.3751 1.1924 0.0001
-1.1202 -0.4864 0.0199
-1.1032 -0.7059 0.0285
-0.1084 -2.1552 0.0895
-0.2299 -2.2270 0.0835
-3.0076 2.5968 0.0100
3.7537 -0.4886 0.0000
-2.9042 -2.8854 0.0005
-3.0363 -3.0781 0.0001
-3.2785 -3.2184 0.0000
-3.5181 -3.3633 0.0000
-3.5389 3.3253 0.0000
-4.0726 -3.7501 0.0000
-4.1777 -4.0183 0.0000
1.7745 2.1705 0.0000
1.5455 2.0407 0.0000
-1.5792 4.0881 0.0414
-1.7778 3.9322 0.0562
-1.8774 3.7490 0.0723
-2.0549 3.8480 0.0571
-2.1906 3.6858 0.0627
-3.4737 3.5608 0.0000
3.5416 -2.9269 0.0000
3.7106 2.4203 0.0000
1.3902 -0.1176 0.0003
1.4979 -0.3682 0.0002
1.4631 -0.6026 0.0003
-4.7800 -4.7819 0.0000
1.0851 -4.7837 0.0000
-1.0001 1.5858 0.0000
-0.0193 -0.4377 0.0947
-0.1528 -0.5586 0.1136
-0.3203 -0.5935 0.1094
-0.4750 -0.7589 0.1118
-0.0030 -0.6026 0.1204
-0.0616 -0.7054 0.1353
-0.1777 -0.7130 0.1340
-0.3137 -0.7727 0.1312
0.0145 -0.7831 0.1426
-0.0947 -0.8473 0.1496
-0.2090 -0.8603 0.1465
-0.2404 -0.9621 0.1498
-0.3735 -0.9196 0.1357
0.1701 3.4266 0.0000
-0.1038 3.3206 0.0001
-2.8025 3.3351 0.0117
-3.0554 3.1744 0.0028
3.7724 0.8865 0.0000
4.7395 1.1313 0.0000
1.5042 -3.6668 0.0000
1.4335 -3.9078 0.0000
-3.1639 0.6248 0.0112
4.7296 2.3247 0.0000
4.4520 2.2321 0.0000
4.5258 1.9838 0.0000
4.2811 1.9087 0.0000
0.7995 -4.2962 0.0000
0.9386 -4.5391 0.0000
0.7826 -4.7677 0.0000
-2.0122 2.9684 0.1218
-2.0945 2.8295 0.1324
-2.1715 2.6923 0.1416
-2.6925 -0.2464 0.0889
4.0231 -0.4755 0.0000
-1.3449 2.6397 0.0091
-4.7468 -4.2101 0.0000
-0.8810 0.0161 0.0117
2.0754 -3.0572 0.0000
1.8605 -3.2165 0.0000
1.5959 -3.2089 0.0000
1.5795 -3.4312 0.0000
-4.5041 -4.3772 0.0000
-0.4684 0.2610 0.0101
-0.5846 0.0359 0.0197
0.2256 4.0078 0.0000
-3.1111 -4.4965 0.0000
-3.0884 -1.0701 0.0066
4.1011 1.7570 0.0000
-1.6006 2.6535 0.0285
-1.7785 2.7370 0.0625
-1.8779 2.5936 0.0707
-1.7405 2.4539 0.0330
-4.7337 4.2300 0.0000
-4.7336 3.9581 0.0000
-4.7620 3.7084 0.0000
-3.4551 3.8338 0.0000
-0.0976 -3.9009 0.0000
0.4031 -3.0017 0.0010
0.3444 -3.2624 0.0003
-0.6339 -0.3952 0.0548
-0.8741 -0.4476 0.0368
-0.5043 -0.5813 0.0894
-0.6929 -0.6234 0.0703
-0.8955 -0.6776 0.0487
0.3996 -2.2687 0.0293
-1.7939 4.1505 0.0393
-1.9706 4.0448 0.0435
-3.7272 -1.7958 0.0000
-3.9139 -2.0138 0.0000
-2.2206 -4.0403 0.0001
-3.2096 3.6730 0.0003
0.0468 -4.4855 0.0000
2.6720 -1.5836 0.0000
2.9714 -1.7006 0.0000
2.7246 -1.8567 0.0000
2.4748 -1.9031 0.0000
1.4916 3.9372 0.0000
0.9773 2.1295 0.0000
0.7474 1.9473 0.0000
-2.7250 -1.8658 0.0225
-2.8547 -2.0483 0.0068
-3.1277 -2.1563 0.0007
-0.7339 -2.8779 0.0500
-0.8666 -3.1086 0.0322
-0.9271 -3.3925 0.0117
3.6657 -3.4386 0.0000
-3.5837 -0.3485 0.0002
1.3175 -3.1953 0.0000
1.1521 -2.9788 0.0000
1.0186 -3.2717 0.0000
2.7655 3.2058 0.0000
2.6604 3.0135 0.0000
2.3920 2.9470 0.0000
2.6175 2.7478 0.0000
2.3478 2.6657 0.0000
4.2970 -1.6267 0.0000
1.9723 1.3701 0.0000
2.2135 1.2099 0.0000
1.7269 1.2581 0.0000
0.6691 1.2283 0.0000
0.5047 1.0432 0.0001
-0.8194 1.9157 0.0000
-2.4623 -1.3871 0.0610
-2.5517 -1.5336 0.0615
-2.6973 -1.6476 0.0369
-2.9022 -1.7199 0.0096
-3.0556 -1.8837 0.0023
0.7842 -1.7278 0.0189
-2.1852 -0.2672 0.0061
-2.4586 -0.3026 0.0409
1.1062 -4.3112 0.0000
3.6151 3.9199 0.0000
-2.6466 -0.4094 0.0816
3.8987 4.7588 0.0000
4.0312 4.5241 0.0000
-4.7642 -1.4455 0.0000
2.8754 -4.1988 0.0000
2.5992 -4.2414 0.0000
-0.0851 1.2433 0.0000
-0.1945 0.9570 0.0003
1.1073 4.7210 0.0000
0.9271 4.4969 0.0000
3.5956 -0.2924 0.0000
3.3482 -0.4277 0.0000
2.0801 -3.6173 0.0000
-0.3788 -1.9477 0.0802
-0.5516 -2.0713 0.0628
-0.7210 -2.2038 0.0503
-0.9040 -2.5077 0.0517
-2.1263 -0.7911 0.0045
-2.5864 -0.9366 0.0711
-2.9780 -0.8104 0.0217
3.4288 -2.1776 0.0000
3.3645 -2.4555 0.0000
3.3138 -2.7335 0.0000
-0.3924 2.2578 0.0000
-0.6414 2.1588 0.0000
-0.5233 1.9152 0.0000
-1.0490 -1.6042 0.0369
-1.3042 -1.6995 0.0172
-0.9398 -2.0505 0.0351
-1.0904 -1.8733 0.0276
-1.3643 -2.0007 0.0158
4.7662 4.7629 0.0000
4.7682 2.6283 0.0000
4.5076 2.5339 0.0000
-1.7895 -2.1993 0.0313
-1.9454 -2.2530 0.0442
-1.9959 -2.4008 0.0510
-2.0890 -2.5334 0.0477
-2.1439 -2.2845 0.0528
-2.2345 -2.4548 0.0437
-2.3721 -2.5897 0.0241
-2.1621 -2.7174 0.0329
-2.5914 -2.7229 0.0061
-3.2167 4.2709 0.0001
-2.9447 2.0210 0.0317
2.5039 -1.0808 0.0000
3.5443 3.1571 0.0000
1.9821 -0.7168 0.0000
1.6884 -0.8048 0.0000
-2.3413 -4.7614 0.0000
-4.2495 -0.5059 0.0000
-4.5346 -0.4867 0.0000
-4.4756 -0.7396 0.0000
-4.7551 -0.7309 0.0000
-1.4670 -4.3017 0.0001
-1.7315 -4.3561 0.0000
-3.7014 -4.4631 0.0000
-3.8055 -4.7345 0.0000
4.7701 0.8077 0.0000
4.6040 0.6328 0.0000
4.7896 0.4717 0.0000
4.7453 0.1820 0.0000
-3.3946 -4.4953 0.0000
-3.5474 -4.7399 0.0000
2.4975 1.0963 0.0000
2.4381 0.8714 0.0000
1.2518 -2.0446 0.0002
-1.4802 -3.8234 0.0015
-2.6681 4.2530 0.0031
4.2645 -3.3880 0.0000
4.0246 -3.5391 0.0000
1.4428 0.1173 0.0001
-3.3471 3.0899 0.0003
-3.5329 2.8216 0.0001
2.5965 2.4808 0.0000
2.3191 2.3843 0.0000
3.5031 1.2789 0.0000
3.4245 0.4539 0.0000
-3.8826 1.3366 0.0000
-4.1515 1.2316 0.0000
2.4574 -3.9962 0.0000
1.3446 2.6217 0.0000
1.1927 2.3779 0.0000
-1.0208 1.2168 0.0000
3.0621 2.1431 0.0000
-4.7521 -4.5079 0.0000
0.1894 -0.1528 0.0442
0.2172 -4.2487 0.0000
-0.1039 -4.2077 0.0000
-4.7392 1.2597 0.0000
1.1165 2.9051 0.0000
-4.5192 -4.7018 0.0000
-1.7323 1.1221 0.0003
1.0579 -1.2996 0.0069
2.6561 4.7342 0.0000
2.4590 4.5044 0.0000
3.3600 -0.1333 0.0000
3.1138 -0.2542 0.0000
2.8112 -0.4106 0.0000
0.5282 -3.7390 0.0000
0.3174 1.2222 0.0000
4.1627 1.2641 0.0000
3.9901 1.0044 0.0000
-1.6328 0.6374 0.0001
-1.8928 0.5705 0.0005
-1.6084 0.3232 0.0003
-1.8637 0.3306 0.0003
-2.1443 0.4927 0.0075
-2.0947 0.2558 0.0036
-2.3402 0.2341 0.0258
-2.0769 0.0123 0.0025
-2.3484 -0.0300 0.0228
-0.5138 0.9581 0.0003
3.8974 -0.1953 0.0000
-3.2642 2.6195 0.0012
-3.4878 2.5302 0.0002
-0.1432 3.0226 0.0001
-0.0477 2.6395 0.0000
-0.2585 2.7933 0.0001
2.4713 3.2283 0.0000
2.1855 3.1521 0.0000
3.9721 1.5031 0.0000
3.6891 1.4809 0.0000
-0.7644 -1.9811 0.0484
-0.9138 -2.2850 0.0407
-1.1073 -2.4128 0.0390
-1.3302 -2.4853 0.0398
-4.7409 1.7684 0.0000
-4.7361 1.5015 0.0000
-4.6958 3.4643 0.0000
-4.7587 3.2349 0.0000
-4.5267 3.1130 0.0000
-4.7531 2.9459 0.0000
4.4105 2.7941 0.0000
4.2631 2.4541 0.0000
2.2605 -0.8947 0.0000
2.2272 -1.1847 0.0000
0.8709 1.7408 0.0000
0.6744 1.5833 0.0000
-0.9874 -4.4764 0.0000
0.1758 4.7772 0.0001
1.1857 0.1536 0.0005
3.2362 3.5838 0.0000
-0.2283 -4.4817 0.0000
-0.5046 -4.5397 0.0000
4.2857 -3.6763 0.0000
4.0505 -3.8077 0.0000
3.9774 -4.2225 0.0000
-1.0911 -4.7518 0.0000
1.3068 4.4931 0.0000
3.1435 -2.2713 0.0000
3.0740 -2.5533 0.0000
-0.6796 1.1602 0.0001
-0.8649 0.9991 0.0001
3.1428 0.8885 0.0000
-3.2704 -1.3876 0.0010
-3.4805 -1.6355 0.0001
3.0178 1.1307 0.0000
2.7756 0.9894 0.0000
2.6872 3.6863 0.0000
2.5286 3.4703 0.0000
0.9670 -2.7720 0.0001
0.8799 -3.0299 0.0000
0.6613 -2.9127 0.0003
4.3718 -1.3516 0.0000
4.2016 -1.1243 0.0000
4.0974 -1.4264 0.0000
3.9170 -1.2556 0.0000
-0.2666 3.7985 0.0008
-0.3796 4.0265 0.0020
-0.3703 3.5343 0.0010
-0.5488 3.8036 0.0037
-0.6840 3.5945 0.0053
-0.8555 3.3849 0.0078
0.7315 0.2394 0.0032
0.4746 0.1609 0.0096
-1.7982 0.0697 0.0004
-1.6487 -0.1776 0.0013
-1.9080 -0.2257 0.0007
-1.9930 -0.5036 0.0014
-2.2777 -0.5351 0.0128
-2.3935 -0.7859 0.0323
-2.4565 1.9923 0.1564
-2.5625 2.0776 0.1490
-2.5809 1.9136 0.1503
-2.6688 1.8174 0.1333
2.6465 0.7693 0.0000
2.4942 0.5573 0.0000
2.3367 0.3506 0.0000
0.1975 2.1746 0.0000
0.2679 1.9129 0.0000
0.0001 1.9148 0.0000
-0.7109 0.7702 0.0006
4.5595 -3.7692 0.0000
4.3733 -3.9299 0.0000
0.9875 4.1261 0.0000
0.8775 3.8897 0.0000
-4.7397 -2.0261 0.0000
-0.4133 -3.1524 0.0139
0.5090 1.7726 0.0000
0.1366 1.7016 0.0000
-3.6360 -1.0595 0.0001
-3.8468 -1.2137 0.0000
-4.0362 -1.4317 0.0000
-1.5661 -4.5641 0.0000
-1.7263 -4.7623 0.0000
-2.4561 4.7301 0.0022
-4.4673 0.8486 0.0000
-4.5049 0.5659 0.0000
-4.7902 0.4777 0.0000
-4.6162 0.3278 0.0000
-4.7765 0.1441 0.0000
-0.0987 4.4191 0.0006
1.1162 4.3544 0.0000
-4.2864 0.4041 0.0000
-4.1093 0.2073 0.0000
-4.2725 -0.0047 0.0000
-4.1392 -0.2441 0.0000
-4.4452 -0.2507 0.0000
1.3691 -4.3780 0.0000
1.2285 -4.5785 0.0000
-0.5034 -4.7795 0.0000
-1.8022 1.7093 0.0057
-2.0123 1.5941 0.0200
-2.3430 -2.2962 0.0441
-2.4928 -2.4093 0.0227
-2.6995 -2.4728 0.0066
-2.8330 -2.6660 0.0017
-3.1153 -2.7478 0.0002
1.0134 0.3771 0.0005
3.3993 3.3834 0.0000
3.0801 3.3494 0.0000
0.7997 -3.7397 0.0000
4.7511 3.2734 0.0000
4.4953 3.0920 0.0000
-2.5240 -1.1629 0.0652
-2.6118 -1.3050 0.0652
-2.6700 -1.0865 0.0680
-2.8081 -1.2420 0.0374
-2.7472 -1.4476 0.0387
2.4048 -2.1542 0.0000
2.2787 -2.4019 0.0000
2.1706 -2.6813 0.0000
2.2890 -2.8994 0.0000
4.7466 -4.2444 0.0000
-4.2382 -4.2631 0.0000
2.3403 4.7594 0.0000
2.0258 4.7553 0.0000
0.9331 -1.5332 0.0113
-2.6157 2.4135 0.1113
-2.7339 2.3025 0.0793
-2.5521 2.2839 0.1406
-2.6269 2.1815 0.1264
-2.7768 2.1281 0.0765
-2.6635 2.0172 0.1252
-2.7607 1.9376 0.0948
2.2450 4.2747 0.0000
4.1898 2.9961 0.0000
3.9265 2.8737 0.0000
1.5650 -4.5221 0.0000
-1.1304 4.7188 0.0082
-1.1596 4.4175 0.0157
-1.4056 4.2686 0.0273
0.6560 3.1069 0.0000
-0.4721 4.7652 0.0020
1.1785 1.3617 0.0000
-3.6147 1.4390 0.0001
-1.9078 2.1747 0.0393
-2.1198 2.0405 0.0784
-2.3083 2.0865 0.1376
2.2940 -3.7401 0.0000
2.1774 -3.9848 0.0000
-2.0498 1.3289 0.0146
-2.2566 1.1968 0.0456
-1.9335 1.1438 0.0033
-2.1084 0.9879 0.0118
-2.1398 0.7428 0.0103
-2.5842 0.9721 0.1181
-2.3740 0.9643 0.0618
-2.6148 0.7905 0.1135
-2.3973 0.7368 0.0550
-2.6038 0.5901 0.1012
-1.0144 0.7568 0.0004
-1.4079 0.5061 0.0004
-4.2490 4.7335 0.0000
-4.5229 4.7540 0.0000
-4.4981 4.4905 0.0000
0.9871 1.1814 0.0000
0.7925 0.9807 0.0000
-4.3580 -3.8160 0.0000
-4.4837 -4.0662 0.0000
1.5016 0.6080 0.0000
1.3226 0.3881 0.0001
1.0276 -3.8630 0.0000
0.9285 -4.0803 0.0000
-2.1882 -1.0632 0.0109
-2.4062 -1.0075 0.0408
-2.3432 -1.2442 0.0377
4.5825 3.9986 0.0000
4.3756 4.1098 0.0000
4.5238 3.7185 0.0000
4.3027 3.8514 0.0000
-2.3171 3.8528 0.0347
4.7345 -2.2437 0.0000
-0.6383 -3.0958 0.0266
-0.6848 -3.3224 0.0112
-4.2130 1.7672 0.0000
-4.4723 1.6367 0.0000
2.4345 0.0506 0.0000
2.2676 0.6733 0.0000
2.4358 1.6396 0.0000
2.2058 1.5084 0.0000
1.9990 3.3516 0.0000
1.8776 3.0630 0.0000
1.9656 -2.8283 0.0000
0.2680 -3.5281 0.0001
-0.0011 -3.6481 0.0001
4.7841 3.8743 0.0000
4.7620 3.5757 0.0000
4.5155 3.4183 0.0000
0.0273 -0.9157 0.1524
0.0221 -1.0331 0.1565
-0.0398 -1.1302 0.1571
-0.1414 -1.0850 0.1564
-0.1490 -1.2153 0.1520
-0.2779 -1.2122 0.1448
-0.2826 -1.3717 0.1338
-0.0990 -0.9771 0.1564
-0.2571 -1.0724 0.1502
-0.4024 -1.0870 0.1359
-0.4334 -1.2766 0.1263
-0.6071 -1.3813 0.0988
-0.4318 -1.4755 0.1122
-3.1595 -0.1044 0.0091
0.9117 2.4166 0.0000
0.6988 2.2404 0.0000
0.4131 2.3553 0.0000
0.4838 2.0707 0.0000
-4.2591 -1.6359 0.0000
2.9377 0.7764 0.0000
2.7890 0.5300 0.0000
4.1942 2.1362 0.0000
3.9606 2.0020 0.0000
3.8105 1.7619 0.0000
3.6243 2.0439 0.0000
3.5440 1.7631 0.0000
3.4132 1.5463 0.0000
-4.7397 -3.9097 0.0000
-1.0892 -0.9245 0.0359
-0.7205 -1.0323 0.0890
-0.7745 -1.2586 0.0799
-0.9369 -1.1060 0.0574
-1.0039 -1.3511 0.0473
-1.1852 -1.1731 0.0293
-1.2713 -1.4315 0.0215
0.1114 1.0642 0.0001
0.3214 0.8867 0.0003
0.0649 0.7879 0.0007
4.2512 -1.9062 0.0000
-2.6820 4.7756 0.0007
2.1571 0.1618 0.0000
2.2860 -4.2462 0.0000
2.1894 -4.5285 0.0000
-1.8709 4.5456 0.0157
-1.8714 4.3433 0.0255
-2.0705 4.2673 0.0238
4.7569 -3.0221 0.0000
4.5202 -2.9095 0.0000
2.9706 1.4337 0.0000
2.7442 1.2532 0.0000
-4.4732 4.2025 0.0000
-4.4787 3.9371 0.0000
-4.4312 3.3822 0.0000
2.5674 2.2092 0.0000
2.2668 2.1118 0.0000
1.8713 2.7428 0.0000
2.3905 -3.4692 0.0000
0.6298 4.4907 0.0000
-3.2381 -2.4035 0.0002
-3.3454 -2.6188 0.0000
0.2524 0.3362 0.0068
0.2075 0.0825 0.0205
2.3960 3.7253 0.0000
0.1736 -2.3400 0.0502
0.0147 -2.4364 0.0567
-2.7677 0.6669 0.1120
-2.8707 0.5394 0.0834
-3.0177 0.4205 0.0357
-2.7339 0.4738 0.1102
-2.8307 0.3607 0.0922
-2.9178 0.2159 0.0629
-3.1204 0.1683 0.0147
-3.2814 0.3868 0.0038
2.0636 -0.4138 0.0000
1.7558 -0.5056 0.0000
-2.3964 3.6279 0.0430
-2.5200 3.4412 0.0396
3.2556 -0.7074 0.0000
3.0539 -0.5084 0.0000
2.9505 -0.7336 0.0000
2.7484 -0.6668 0.0000
2.5319 -0.7996 0.0000
-1.1411 -2.1560 0.0260
-1.3323 -2.2798 0.0266
-1.5443 -2.2462 0.0254
-1.5248 -2.4916 0.0414
-1.7171 -2.5928 0.0492
-1.5564 -2.7054 0.0499
-3.0524 2.8996 0.0045
-3.2740 2.8396 0.0008
4.7877 -4.7885 0.0000
1.7171 -4.2872 0.0000
-4.5608 -3.7192 0.0000
-1.6945 2.2259 0.0146
-1.8898 1.9345 0.0205
-4.6245 -2.8415 0.0000
-4.7762 -2.9955 0.0000
-2.3808 3.2791 0.0804
-2.5932 3.2297 0.0427
-2.4078 3.0968 0.0962
-2.5666 3.0238 0.0660
-2.6358 2.8407 0.0649
-2.7989 3.0460 0.0203
-2.8397 2.7739 0.0246
-1.4208 4.7620 0.0097
-1.3557 4.5044 0.0168
-1.6031 4.5398 0.0176
-1.6314 4.3286 0.0280
-0.2930 4.2642 0.0015
0.6500 -3.2071 0.0000
-2.1726 -1.9253 0.0462
-2.2555 -2.1084 0.0548
-2.4457 -2.1391 0.0431
-0.5975 -2.5497 0.0650
-0.7128 -2.4197 0.0575
-0.7527 -2.6361 0.0604
-0.8759 -2.7401 0.0572
-3.2019 -4.2248 0.0000
-3.4725 -4.2529 0.0000
3.2128 0.3222 0.0000
2.9259 0.2877 0.0000
-2.9578 4.1337 0.0007
-3.0257 3.8556 0.0009
-3.2324 3.9926 0.0001
-4.2414 2.3346 0.0000
-0.0653 1.5796 0.0000
-0.2649 1.4500 0.0000
0.4264 -0.0878 0.0255
0.4084 -0.2998 0.0467
0.1675 -0.3517 0.0729
0.1378 -0.5300 0.1023
0.1135 -0.6901 0.1265
-1.4579 -1.2233 0.0114
-1.5682 -1.5015 0.0076
-1.7919 -1.7409 0.0086
-2.1065 -1.6067 0.0214
-1.5405 -1.7719 0.0092
-1.6420 -2.0029 0.0145
-1.8926 -1.9914 0.0243
-2.0233 -1.8036 0.0236
-2.0582 -2.0939 0.0441
-0.1327 2.3674 0.0000
-0.3494 2.5329 0.0000
-0.6391 2.4324 0.0001
-3.4427 2.2482 0.0004
3.2024 -3.6871 0.0000
3.0135 -3.8729 0.0000
2.7524 -3.9644 0.0000
1.8980 0.2739 0.0000
3.2065 -1.4434 0.0000
-2.4723 1.8107 0.1507
-2.5722 1.7029 0.1511
-2.6367 1.5544 0.1441
-2.7359 1.6813 0.1172
-2.7878 1.5332 0.1039
-3.6760 -2.1571 0.0000
-3.4135 1.6573 0.0009
3.2239 1.3414 0.0000
3.3202 1.0762 0.0000
3.1765 2.3833 0.0000
-1.7918 3.1880 0.0910
-1.6472 3.0652 0.0626
-1.8341 2.9989 0.0918
-1.9079 2.8420 0.0977
-0.7756 4.7878 0.0038
-0.9186 4.6006 0.0076
-0.9820 4.3876 0.0122
-3.3026 -0.3590 0.0023
-3.1720 -0.6125 0.0056
1.9598 -3.8289 0.0000
1.9487 -4.1111 0.0000
-3.4510 -0.1284 0.0007
-3.6588 0.0502 0.0001
-3.7677 -0.1989 0.0000
-3.9322 -0.3778 0.0000
1.0304 -3.5617 0.0000
-2.2613 4.7554 0.0041
-3.7165 3.6519 0.0000
-3.8069 3.3616 0.0000
-3.0339 -1.2914 0.0075
-0.3682 4.5223 0.0020
0.6868 -3.9973 0.0000
0.4014 -4.0066 0.0000
-2.0032 4.7648 0.0072
3.1421 2.8611 0.0000
3.1217 2.6290 0.0000
2.8761 2.5913 0.0000
2.8585 2.3251 0.0000
4.2278 4.3578 0.0000
3.8532 3.9929 0.0000
-4.0022 -4.5191 0.0000
-4.0360 -4.7737 0.0000
2.0049 -0.9917 0.0000
1.9549 -1.2987 0.0000
0.3925 -2.5005 0.0135
0.1977 -2.5563 0.0247
0.1991 -2.8013 0.0089
-1.9668 -3.6802 0.0018
1.2663 4.1400 0.0000
1.1774 3.8918 0.0000
-2.4598 4.4940 0.0043
1.6430 2.8527 0.0000
1.5899 2.6093 0.0000
1.2726 3.1459 0.0000
1.3804 2.8749 0.0000
1.3591 -1.3278 0.0006
-2.6490 -2.2053 0.0170
-2.9064 -2.3160 0.0026
-3.0264 -2.5198 0.0007
3.5604 -4.4738 0.0000
-0.2613 0.4124 0.0061
-0.2107 1.7920 0.0000
-1.7341 -3.5270 0.0060
-1.7110 -3.8010 0.0015
-1.9593 -3.9564 0.0004
-3.4067 1.9515 0.0007
-1.7149 4.7737 0.0096
0.6870 -2.1975 0.0087
0.6190 -2.4408 0.0050
0.7409 -2.6638 0.0007
0.4595 -2.7215 0.0034
-1.7613 3.3806 0.0872
-1.9193 3.3022 0.1054
-1.9530 3.1278 0.1135
-3.1781 2.1101 0.0047
-3.1360 1.8227 0.0086
2.4621 -2.6548 0.0000
-4.2461 3.6143 0.0000
1.2358 -3.7362 0.0000
-1.6815 2.8869 0.0566
4.2114 -2.1876 0.0000
2.4565 -1.3699 0.0000
2.3951 -1.6485 0.0000
3.3830 -4.2207 0.0000
3.0859 -4.3812 0.0000
-3.2881 -2.9255 0.0000
-3.5306 -3.0640 0.0000
2.0905 0.4753 0.0000
-2.3570 -1.5620 0.0528
-2.2821 -1.7540 0.0507
-2.4983 -1.7497 0.0573
-2.3751 -1.9333 0.0569
-2.5698 -1.9773 0.0375
4.4815 -0.3736 0.0000
0.9192 -1.0513 0.0192
0.6939 -1.1142 0.0534
-1.4184 2.1750 0.0022
-1.6413 1.9789 0.0044
-3.5985 1.1462 0.0002
-3.8977 1.0540 0.0000
-3.9560 0.7673 0.0000
-4.2326 0.6771 0.0000
-2.9737 4.7277 0.0001
3.6271 -4.7346 0.0000
-0.1474 4.7310 0.0007
1.6511 -1.3213 0.0000
4.4577 -2.3510 0.0000
-3.2919 4.7624 0.0000
4.7246 -0.8286 0.0000
3.6860 -1.3459 0.0000
3.4248 -1.2958 0.0000
3.5061 -1.5878 0.0000
3.4736 -1.8871 0.0000
3.2766 3.1174 0.0000
2.9855 3.1038 0.0000
2.8779 2.8608 0.0000
4.7718 -1.6881 0.0000
-2.1605 4.5092 0.0108
-1.8905 -4.5421 0.0000
-2.0350 -4.7744 0.0000
-1.4015 -4.7747 0.0000
1.7047 -2.4026 0.0000
1.4396 -2.5130 0.0000
1.3114 -2.7731 0.0000
-0.8605 0.5146 0.0017
-1.1447 0.5101 0.0009
-1.3040 0.2534 0.0015
-1.4870 0.0480 0.0014
4.2810 -2.7883 0.0000
-0.9039 2.1673 0.0001
-1.1387 2.1170 0.0003
-1.0603 1.8555 0.0000
-1.3533 1.9143 0.0004
3.4755 -3.2214 0.0000
3.3989 -3.5191 0.0000
4.4252 -0.8931 0.0000
-1.8292 -0.7319 0.0017
-1.9090 -1.0044 0.0021
-2.0175 -1.2712 0.0052
-2.2029 -1.3987 0.0228
-0.9343 -2.8924 0.0510
-1.0788 -3.0049 0.0440
-1.0813 -3.2280 0.0253
-1.2069 -3.4515 0.0111
-1.2551 -3.1124 0.0357
-1.3480 -3.2813 0.0220
-1.5328 -3.3300 0.0171
-1.4615 -3.5645 0.0065
0.2103 3.7137 0.0000
-0.0705 3.5909 0.0002
0.1168 -2.0365 0.0912
-0.0279 -2.0480 0.0961
-4.4756 2.8258 0.0000
-4.2542 2.6245 0.0000
-4.4999 2.5040 0.0000
1.0261 3.6559 0.0000
0.8833 3.4243 0.0000
0.6510 3.3712 0.0000
1.3695 -0.8430 0.0008
-4.4917 2.2040 0.0000
-4.7465 2.0539 0.0000
0.3886 -1.6511 0.0928
2.1450 -2.1235 0.0000
1.9516 -2.2661 0.0000
2.0231 -2.4806 0.0000
1.8292 -2.6226 0.0000
1.6100 -2.7271 0.0000
1.7570 -2.9617 0.0000
1.4692 -2.9729 0.0000
-0.8403 1.3788 0.0000
-3.9359 1.8872 0.0000
-4.7430 2.6567 0.0000
-4.7499 2.3519 0.0000
-2.7122 0.2769 0.1041
-2.7800 0.1690 0.0974
-2.9295 0.0152 0.0550
-0.0401 -4.7483 0.0000
-0.2560 -4.7338 0.0000
-3.7215 2.3462 0.0000
2.7489 0.0597 0.0000
2.8767 -0.1683 0.0000
4.1685 2.6910 0.0000
3.9342 2.5695 0.0000
4.0420 2.3416 0.0000
3.8297 2.2217 0.0000
2.1916 0.9553 0.0000
1.9152 1.0599 0.0000
-0.9231 2.4019 0.0004
-1.2004 2.3854 0.0016
0.2130 -2.1677 0.0658
0.0508 -2.1904 0.0812
-0.0531 -2.2988 0.0775
-3.7080 4.2545 0.0000
1.7313 3.3526 0.0000
1.5692 3.1166 0.0000
4.5149 1.4520 0.0000
4.4531 1.2191 0.0000
0.4967 1.3999 0.0000
1.2193 -4.0687 0.0000
0.1622 4.2755 0.0001
-0.4519 -0.1774 0.0439
-0.2351 -0.1777 0.0524
-0.2142 -0.3880 0.0846
-0.4086 -0.3894 0.0736
0.4397 3.5537 0.0000
1.1808 -0.6140 0.0031
1.0834 -0.8539 0.0071
-1.7264 -2.3842 0.0404
-1.8685 -2.4771 0.0494
-1.9350 -2.6516 0.0480
-1.7705 -2.7810 0.0470
-1.9729 -2.8663 0.0346
2.2408 3.4639 0.0000
4.5255 0.3805 0.0000
4.4630 0.1335 0.0000
4.0332 -1.7162 0.0000
3.8257 -1.5461 0.0000
3.7431 -1.8018 0.0000
3.9774 -1.9924 0.0000
3.7045 -2.0836 0.0000
-4.5233 -1.5334 0.0000
-4.7540 -1.7303 0.0000
0.3965 3.2526 0.0000
0.3645 2.9655 0.0000
-2.9656 -1.5074 0.0089
-3.1901 -1.6431 0.0013
1.9498 -0.0239 0.0000
1.8645 -0.2528 0.0000
0.4645 4.2040 0.0000
4.7334 1.7254 0.0000
1.6108 3.6358 0.0000
1.4491 3.3859 0.0000
4.7528 1.4204 0.0000
3.2974 0.6893 0.0000
2.0072 3.9826 0.0000
1.7813 3.8676 0.0000
2.5796 -0.1946 0.0000
2.5396 -0.4977 0.0000
-2.5240 -3.3279 0.0011
-2.7699 -3.4953 0.0001
-3.0195 -3.6622 0.0000
2.8633 4.5406 0.0000
2.6899 4.4006 0.0000
2.6059 -3.2220 0.0000
-0.0815 4.1063 0.0004
-0.0220 3.8643 0.0002
3.4809 0.8863 0.0000
-1.3507 3.5229 0.0415
-1.5813 3.4586 0.0656
-1.6152 3.2567 0.0664
4.4366 -0.1101 0.0000
4.2082 -0.2959 0.0000
4.4536 -4.4519 0.0000
4.5209 -4.7396 0.0000
-0.5380 -2.3022 0.0653
-0.4740 -2.4543 0.0699
-0.6562 -0.8082 0.0897
-0.8572 -0.8713 0.0632
2.4852 1.9559 0.0000
2.3358 -4.7596 0.0000
3.4009 2.5981 0.0000
-1.4496 3.0946 0.0372
0.3382 -1.5210 0.1112
0.2003 -1.5260 0.1269
0.2555 -1.6311 0.1142
0.1615 -1.7000 0.1167
0.1033 -1.6054 0.1259
0.0472 -1.7474 0.1160
-0.0661 -1.8038 0.1094
4.7633 2.0413 0.0000
2.9739 -1.9548 0.0000
2.9091 -2.1799 0.0000
2.6753 -2.1277 0.0000
1.8577 -4.5389 0.0000
-3.7394 0.5616 0.0001
-4.0151 0.4853 0.0000
-3.8356 0.2666 0.0000
-3.9599 -0.0245 0.0000
1.4235 4.7472 0.0000
-4.7740 4.7674 0.0000
-4.7508 4.5057 0.0000
-3.0235 -3.3662 0.0000
-3.2718 -3.5106 0.0000
-3.5219 -3.6663 0.0000
2.8988 1.7163 0.0000
2.6407 1.7810 0.0000
3.5979 4.7526 0.0000
3.2983 4.7608 0.0000
2.9849 4.7695 0.0000
3.4563 4.4967 0.0000
3.1643 4.5293 0.0000
3.0034 4.3190 0.0000
-3.9572 4.0936 0.0000
-3.9711 3.8351 0.0000
4.5524 -1.5224 0.0000
4.7355 4.5031 0.0000
3.0833 0.5494 0.0000
3.4326 -0.9083 0.0000
3.2836 -1.1083 0.0000
3.0241 -1.1976 0.0000
2.9369 -1.4579 0.0000
2.0378 2.2813 0.0000
2.0022 1.9846 0.0000
-4.7760 -3.5856 0.0000
4.1260 -4.4877 0.0000
3.8352 -4.4861 0.0000
-2.4856 4.0396 0.0126
-2.7510 3.9489 0.0042
-2.8187 -4.5294 0.0000
-4.2688 -2.9951 0.0000
-4.2668 -3.2727 0.0000
-4.2785 -3.5507 0.0000
-4.5191 -3.4380 0.0000
3.8774 -2.5438 0.0000
-0.4247 1.6674 0.0000
4.4676 -2.6184 0.0000
2.7933 4.1569 0.0000
2.5018 4.2053 0.0000
2.5830 3.9460 0.0000
-4.2102 -1.9206 0.0000
-4.1523 -2.1938 0.0000
-3.9881 3.5835 0.0000
-4.1195 3.3440 0.0000
4.4847 -2.0801 0.0000
0.7924 -1.2971 0.0329
-0.5950 -1.6110 0.0845
-0.8071 -1.5023 0.0667
-0.5879 -1.8398 0.0689
-0.8338 -1.7563 0.0515
-3.5640 -2.7673 0.0000
0.6760 4.0142 0.0000
0.4762 3.8553 0.0000
4.5239 -1.1524 0.0000
3.3326 1.8765 0.0000
3.1790 1.6434 0.0000
-4.4801 1.9175 0.0000
4.5390 0.9416 0.0000
4.2673 0.9923 0.0000
4.3871 0.7228 0.0000
4.1174 0.7408 0.0000
4.0444 0.4372 0.0000
-2.8683 1.8131 0.0615
-2.9416 1.6437 0.0444
-3.1575 1.5447 0.0088
4.7547 -1.9783 0.0000
-3.9742 4.3521 0.0000
-4.2402 4.4029 0.0000
-4.2074 4.1228 0.0000
0.7107 3.6724 0.0000
4.7625 4.1965 0.0000
4.5272 4.3059 0.0000
2.2810 3.9989 0.0000
-0.0357 -0.0244 0.0347
-0.0266 -0.2511 0.0647
-3.4191 0.8852 0.0011
-3.6827 0.8487 0.0001
1.7136 -4.7700 0.0000
1.4105 -4.7550 0.0000
2.5580 -2.9314 0.0000
-3.7682 -3.4793 0.0000
-3.8066 -3.7327 0.0000
1.2016 -1.5576 0.0015
2.1192 2.8661 0.0000
2.0833 2.5633 0.0000
-2.2990 1.8992 0.1188
-2.1052 1.7938 0.0510
-2.3232 1.6877 0.1059
-2.2263 1.5051 0.0594
-2.3868 1.3776 0.0971
-4.2197 1.4724 0.0000
-4.4749 1.3589 0.0000
4.7461 -2.7343 0.0000
-2.9321 1.4355 0.0533
-3.0741 1.2871 0.0205
3.8369 -3.9657 0.0000
3.6922 -4.2299 0.0000
-0.2946 -3.7091 0.0003
-0.3517 -4.0096 0.0000
-0.4193 -4.2756 0.0000
-2.0591 -3.4743 0.0038
-2.2811 -3.4967 0.0016
-3.7517 4.5296 0.0000
-3.8841 4.7787 0.0000
-4.0413 4.6064 0.0000
-2.7851 -0.7052 0.0667
-2.7526 -0.8822 0.0652
-2.8624 -1.0365 0.0356
4.7125 -0.0817 0.0000
4.5100 -4.1262 0.0000
-3.6578 3.0930 0.0000
-3.8188 2.8881 0.0000
0.8403 2.6811 0.0000
0.6183 2.5246 0.0000
-3.7214 -0.5591 0.0000
-3.7609 -0.8178 0.0000
-3.9946 -0.6391 0.0000
-4.2009 -0.8100 0.0000
-3.9735 -0.9548 0.0000
-3.6873 2.0725 0.0000
-4.3842 -2.3655 0.0000
-4.7174 -2.3293 0.0000
1.2018 -0.3597 0.0018
1.7985 0.5566 0.0000
-0.6609 4.5321 0.0048
-0.7980 4.3026 0.0091
-0.9540 4.1049 0.0156
3.8840 0.6706 0.0000
3.7747 0.4198 0.0000
3.5974 0.2621 0.0000
-4.1013 -2.4778 0.0000
-4.3135 -2.6494 0.0000
-0.0528 2.1463 0.0000
-0.2924 2.0378 0.0000
-2.5699 3.7711 0.0163
-2.6866 3.5574 0.0145
0.1267 3.1355 0.0000
0.0939 2.8423 0.0000
-3.9741 3.0976 0.0000
-4.2806 3.1331 0.0000
3.3788 0.1276 0.0000
-4.0165 -3.4845 0.0000
0.6876 -1.4992 0.0436
0.1081 4.5566 0.0002
-3.4686 4.1380 0.0000
-3.7062 3.9560 0.0000
3.7395 4.4957 0.0000
3.9138 4.2697 0.0000
3.6064 4.2131 0.0000
3.3027 4.2619 0.0000
3.3710 3.9779 0.0000
0.7778 4.2572 0.0000
1.3701 1.8699 0.0000
1.2506 1.6265 0.0000
2.8781 -3.3116 0.0000
2.6835 -3.4836 0.0000
3.0890 4.0720 0.0000
3.1671 3.8160 0.0000
2.8773 3.8895 0.0000
2.9629 3.6187 0.0000
2.7899 3.4095 0.0000
0.3370 -1.1531 0.1259
0.2027 -1.3178 0.1390
0.0675 -1.3448 0.1453
0.1492 -1.4111 0.1378
0.0709 -1.4938 0.1348
2.8499 -2.4153 0.0000
2.5879 -2.3994 0.0000
-2.8653 3.6856 0.0038
3.0760 1.9071 0.0000
2.7947 2.0181 0.0000
-1.9951 -4.2520 0.0001
0.2659 -1.0377 0.1356
0.1449 -1.0558 0.1495
0.2619 -1.2309 0.1357
0.2002 -1.1523 0.1442
0.0751 -1.1495 0.1537
0.1264 -1.2491 0.1477
-0.0121 -1.2552 0.1520
-0.0220 -1.4049 0.1418
-3.5555 -1.3353 0.0001
-3.7664 -1.5145 0.0000
-3.9909 -1.7210 0.0000
-0.2868 0.0758 0.0237
1.0066 1.5492 0.0000
0.8389 1.3889 0.0000
0.6576 -0.3426 0.0273
0.9863 -2.1462 0.0013
0.9064 -2.4286 0.0007
1.5634 1.0756 0.0000
1.2895 1.1232 0.0000
1.0937 0.9156 0.0000
3.8946 -3.3390 0.0000
-4.4900 -1.8276 0.0000
-4.4594 -2.1092 0.0000
-2.7435 -4.0585 0.0000
4.7335 -2.4835 0.0000
-4.1963 2.9123 0.0000
-0.3551 3.2348 0.0005
-0.4711 3.0061 0.0005
-0.5787 3.3435 0.0021
-0.7270 3.1437 0.0026
-0.7525 2.9075 0.0014
-2.2896 -4.3099 0.0000
-2.1664 -4.5297 0.0000
-2.4745 -4.5141 0.0000
-2.6492 -4.7414 0.0000
-2.7201 -0.5544 0.0811
-3.2027 2.3790 0.0028
-0.5425 2.7236 0.0002
-0.8156 2.6585 0.0007
-1.0754 2.6551 0.0027
3.9206 -0.7052 0.0000
3.7099 -0.8254 0.0000
3.9097 -1.0135 0.0000
3.6279 -1.0954 0.0000
-1.1686 0.9919 0.0001
-1.3218 0.7664 0.0001
0.4376 -1.7974 0.0702
0.3597 -1.9151 0.0722
0.2995 -2.0594 0.0659
4.2774 3.2830 0.0000
0.0575 -3.3516 0.0007
-0.2127 -3.4382 0.0014
-0.4459 -3.3630 0.0051
-0.5027 -3.5742 0.0016
-3.3570 1.3623 0.0017
-3.2873 1.1115 0.0035
4.1548 -4.0179 0.0000
4.2701 -4.2459 0.0000
0.9196 -0.4947 0.0126
-3.9668 2.1810 0.0000
-4.2182 2.0480 0.0000
-2.9649 -4.7594 0.0000
-3.2601 -4.7521 0.0000
-2.1109 3.0858 0.1278
-2.1757 2.9421 0.1373
-2.2375 3.1881 0.1138
-2.2595 3.0511 0.1258
-2.3432 2.9384 0.1266
-2.4663 2.8893 0.1064
0.2469 -3.7741 0.0000
0.1181 -3.9991 0.0000
3.9409 -2.2756 0.0000
3.6531 -2.3617 0.0000
3.5904 -2.6371 0.0000
3.7008 3.4102 0.0000
-3.4662 4.4558 0.0000
3.6425 2.9212 0.0000
3.6620 2.6695 0.0000
0.4932 -1.5114 0.0827
0.5692 -1.6739 0.0553
1.1432 -0.0945 0.0014
4.1858 -2.4818 0.0000
-3.4479 0.6250 0.0008
-3.5595 0.3405 0.0003
4.2394 -4.7384 0.0000
3.9353 -4.7463 0.0000
-0.6990 -0.1918 0.0312
-2.3727 0.4927 0.0388
-2.5759 0.3671 0.0845
-2.5693 0.1355 0.0748
-2.5863 -0.0852 0.0741
-2.7420 0.0431 0.0971
-2.7793 -0.1129 0.0891
-2.9223 -0.1981 0.0514
3.2188 -3.3325 0.0000
3.0372 -3.5035 0.0000
2.8561 -3.6750 0.0000
2.5704 -3.7322 0.0000
-0.5366 -0.9609 0.1158
-0.5758 -1.1642 0.1116
-2.6817 2.6352 0.0696
-2.7937 2.4925 0.0477
-2.9532 2.2930 0.0222
-2.4706 1.5656 0.1352
-2.5806 1.3887 0.1407
-2.7153 1.4209 0.1298
-2.8147 1.3379 0.0996
-2.8599 1.1942 0.0856
1.6986 0.8419 0.0000
3.7976 -2.8242 0.0000
3.7533 -3.1256 0.0000
-1.1776 4.1791 0.0228
-1.3525 4.0110 0.0357
-1.1196 3.9015 0.0251
-1.3497 3.7726 0.0415
-1.5433 3.8758 0.0517
-1.6918 3.7507 0.0666
-1.5333 3.6479 0.0589
-1.7557 3.5764 0.0802
3.7778 3.6897 0.0000
3.4850 3.6740 0.0000
-1.2141 1.3712 0.0000
-1.3553 1.1395 0.0000
-1.5595 1.2446 0.0001
-1.5354 0.9270 0.0000
-1.8429 0.8544 0.0005
3.6049 0.6344 0.0000
-3.6520 1.8054 0.0001
-3.7513 1.6160 0.0000
-3.9785 1.5954 0.0000
0.2724 -1.7777 0.0997
0.2039 -1.9320 0.0931
0.1331 -1.8314 0.1079
0.0334 -1.9132 0.1047
-0.0525 -1.5273 0.1311
-0.0162 -1.6430 0.1226
-0.1644 -1.6692 0.1140
-0.2406 -1.8232 0.0975
-3.9082 -3.9945 0.0000
-3.9709 -4.2681 0.0000
-4.3655 -1.0194 0.0000
-4.6636 -0.9759 0.0000
-4.5206 -1.2406 0.0000
-4.7789 -1.1954 0.0000
-2.3838 -2.8384 0.0119
-2.4553 -3.0749 0.0039
-2.6747 -2.9682 0.0018
-2.7769 -3.2004 0.0004
2.8159 -3.0105 0.0000
1.7015 0.0682 0.0000
1.6478 -0.1643 0.0000
0.7837 4.7485 0.0000
0.4669 4.7443 0.0000
0.3568 4.4874 0.0000
-3.4495 -0.6012 0.0005
-3.4971 -0.8346 0.0003
-4.0092 2.7414 0.0000
-0.5683 0.5054 0.0030
-0.7407 0.2646 0.0066
3.8546 1.2439 0.0000
3.6526 1.1038 0.0000
0.9059 0.7172 0.0001
0.7845 0.5107 0.0007
1.3441 -1.7849 0.0002
1.0464 -1.8241 0.0025
0.7998 -1.9759 0.0091
-2.0008 2.7110 0.1094
-1.9558 2.3868 0.0692
-2.0718 2.5539 0.1148
-2.1657 2.4115 0.1273
-2.3033 2.3836 0.1527
-2.1258 2.2425 0.1011
-2.2897 2.2365 0.1439
-2.4256 2.3149 0.1579
-2.4554 2.1670 0.1586
0.3048 0.6151 0.0015
0.0333 0.4971 0.0039
-0.0337 0.2310 0.0137
-1.4890 2.4219 0.0090
0.9225 0.0664 0.0028
3.4927 2.3322 0.0000
3.3322 2.1201 0.0000
-2.5149 1.1802 0.1168
-2.6860 1.2595 0.1347
-2.7002 1.1062 0.1302
-2.8335 1.0200 0.0975
-2.7313 0.9370 0.1230
-2.7871 0.8166 0.1107
-4.5202 -3.1306 0.0000
-4.7602 -3.2876 0.0000
1.5172 -1.5829 0.0001
4.5192 -1.8057 0.0000
3.5386 -0.6245 0.0000
3.0990 -0.9231 0.0000
-0.7467 -3.5967 0.0028
-1.0098 -3.6566 0.0031
-0.8634 -3.8843 0.0005
4.4856 -3.2009 0.0000
2.7680 -2.6941 0.0000
-1.7960 -3.0129 0.0325
-1.9961 -3.1243 0.0172
-1.7612 -3.2522 0.0176
-1.9490 -3.3457 0.0087
1.8016 2.4588 0.0000
-2.9314 -4.2610 0.0000
4.7742 -3.6092 0.0000
4.7448 -3.9391 0.0000
1.4708 4.2553 0.0000
-1.3211 -0.7364 0.0142
-1.3485 -0.9635 0.0157
-1.6186 -0.9692 0.0053
-1.7333 -1.2466 0.0039
-1.8792 -1.5020 0.0054
-0.5576 1.4189 0.0000
-4.4272 1.1222 0.0000
-4.1835 0.9530 0.0000
-0.1295 -1.3468 0.1441
-0.1812 -1.4951 0.1289
-0.3155 -1.5886 0.1115
-0.4061 -1.7268 0.0922
0.9075 -0.2282 0.0076
1.4740 -4.1774 0.0000
0.5918 0.7444 0.0003
0.5207 0.4433 0.0024
2.1673 4.5218 0.0000
1.8901 4.4755 0.0000
2.0099 4.2338 0.0000
4.5134 4.7754 0.0000
4.4398 4.5472 0.0000
4.2151 4.7289 0.0000
2.1772 -1.4730 0.0000
1.8243 -1.5409 0.0000
2.2159 -1.8570 0.0000
2.0324 -1.6681 0.0000
1.9312 -1.9260 0.0000
1.7142 -1.7799 0.0000
1.7513 -2.1086 0.0000
1.5391 -1.9489 0.0000
-0.0065 -2.6543 0.0334
-0.0758 -2.8829 0.0176
0.1195 -3.0728 0.0031
-0.1558 -3.1668 0.0058
4.7293 -0.3158 0.0000
1.3292 3.6579 0.0000
1.1649 3.4059 0.0000
0.9621 3.1751 0.0000
-4.4215 0.2129 0.0000
-4.5641 0.0045 0.0000
-4.7448 -0.1846 0.0000
-4.7619 -0.4582 0.0000
0.3319 1.5731 0.0000
0.1277 1.3951 0.0000
-0.5415 4.2805 0.0043
-0.6797 4.0474 0.0072
-1.9101 3.4885 0.0942
-2.0499 3.4053 0.1028
-2.0725 3.2363 0.1170
2.0275 -4.7517 0.0000
3.0411 -2.8400 0.0000
-1.9965 3.6253 0.0826
-2.1402 3.5234 0.0855
-2.2984 3.4641 0.0734
-2.1976 3.3377 0.1012
-2.4824 -4.1625 0.0000
-4.2578 -4.5197 0.0000
1.4785 -2.2271 0.0000
1.2035 -2.3290 0.0001
1.1330 -2.5929 0.0000
4.2545 3.5583 0.0000
3.9826 3.4721 0.0000
4.7640 -1.0848 0.0000
-3.7502 2.6215 0.0000
-3.9933 2.4640 0.0000
2.0197 -4.3418 0.0000
4.0353 3.2265 0.0000
3.8247 3.1447 0.0000
1.7394 1.8526 0.0000
1.5263 1.6798 0.0000
1.7430 1.5395 0.0000
1.4666 1.3836 0.0000
-4.2622 -4.7685 0.0000
4.4551 1.7074 0.0000
4.2568 1.5254 0.0000
-2.2252 -3.7603 0.0005
-2.4875 -3.8959 0.0001
-4.7115 1.0264 0.0000
-4.7426 0.7510 0.0000
-3.0285 1.0618 0.0318
-2.9346 0.8693 0.0618
-2.9548 0.6877 0.0554
-3.1670 0.8545 0.0107
0.7795 -3.4617 0.0000
3.9079 0.1462 0.0000
3.6496 -0.0160 0.0000
-3.2507 -0.8574 0.0022
-3.3513 -1.1221 0.0007
1.7380 4.1726 0.0000
3.7834 -3.6816 0.0000
3.5329 -3.7318 0.0000
3.5793 -3.9848 0.0000
3.3197 -3.9151 0.0000
3.1190 -4.0964 0.0000
3.2847 -3.0163 0.0000
4.7683 -0.5441 0.0000
4.5304 -0.6284 0.0000
1.7739 -1.0627 0.0000
1.5047 -1.0726 0.0002
-1.1539 -0.2652 0.0115
-1.4002 -0.2329 0.0044
-1.6838 -0.4487 0.0020
-1.3830 -0.4847 0.0079
-1.5618 -0.7083 0.0053
2.1964 -0.1287 0.0000
2.3404 -0.3258 0.0000
2.2755 -0.6170 0.0000
0.8586 2.9227 0.0000
1.0917 2.6562 0.0000
3.0867 0.0415 0.0000
0.5243 -4.2531 0.0000
0.3514 -4.4956 0.0000
0.6401 -4.5213 0.0000
0.4871 -4.7579 0.0000
0.2093 -4.7443 0.0000
1.6140 0.3430 0.0000
-0.7258 1.6655 0.0000
4.7534 -3.3084 0.0000
4.5208 -3.4881 0.0000
-0.1817 -2.3649 0.0769
-0.1438 -2.5051 0.0622
-0.3058 -2.5205 0.0682
-0.4344 -2.6206 0.0636
-2.2065 4.0532 0.0297
-2.3454 4.2703 0.0121
4.2603 -0.6023 0.0000
4.1316 -0.8404 0.0000
0.5260 -3.4869 0.0000
-2.5167 -3.6264 0.0003
2.2447 1.8181 0.0000
1.9854 1.6861 0.0000
-3.3743 0.1209 0.0015
-2.2623 2.8177 0.1441
-2.3207 2.6689 0.1502
-2.3992 2.7738 0.1336
-2.5177 2.7084 0.1125
-2.2452 2.5512 0.1490
-2.4285 2.6008 0.1435
-2.3658 2.4955 0.1556
-2.4720 2.4304 0.1480
-2.5532 2.5440 0.1188
-2.9505 4.4094 0.0004
2.6181 0.2982 0.0000
-1.2417 -3.7399 0.0024
-1.1327 -3.9655 0.0005
-1.3993 -4.0407 0.0004
-1.6913 -4.0828 0.0002
2.7983 -4.4891 0.0000
2.6235 -4.7424 0.0000
2.4784 -4.4932 0.0000
-0.5753 -3.8332 0.0003
-0.6465 -4.1013 0.0000
-0.7188 -4.3884 0.0000
-3.0521 -0.3690 0.0187
-4.5584 -2.5614 0.0000
-4.4387 -2.8396 0.0000
-4.7832 -2.6576 0.0000
-1.0026 3.1648 0.0091
-0.9921 2.9192 0.0046
-1.2416 2.8782 0.0117
-3.4114 -2.2072 0.0001
-3.5815 -2.4509 0.0000
-3.8748 -2.3297 0.0000
-3.8330 -2.6319 0.0000
-4.0832 -2.7675 0.0000
1.9857 0.7650 0.0000
-0.2184 -2.6926 0.0464
-0.2915 -2.9482 0.0243
-0.3774 -2.7718 0.0476
-0.5859 -2.7345 0.0581
-0.5199 -2.9214 0.0389
2.1156 3.7317 0.0000
1.9014 3.6067 0.0000
-0.9982 -2.6479 0.0541
-1.1685 -2.6095 0.0488
-1.1070 -2.7952 0.0535
-1.2605 -2.8994 0.0495
-1.3457 -2.6980 0.0502
-1.4417 -2.8723 0.0487
-1.6169 -2.9054 0.0447
-1.4211 -3.0541 0.0388
-1.5783 -3.1079 0.0321
-3.2734 -3.7934 0.0000
-3.3722 -4.0112 0.0000
-3.6056 -3.9307 0.0000
-3.7016 -4.1782 0.0000
3.2283 -1.7197 0.0000
3.2072 -1.9980 0.0000
0.5874 2.8108 0.0000
0.3246 2.6561 0.0000
0.1353 2.4443 0.0000
0.5235 -1.1563 0.0894
0.4197 -1.2434 0.1098
0.5707 -1.3261 0.0754
0.4126 -1.3935 0.1058
0.3235 -1.3110 0.1247
0.2718 -1.4191 0.1266
0.5956 -1.8945 0.0338
0.4903 -2.0598 0.0359
4.2702 -3.0444 0.0000
4.0981 -3.2286 0.0000
-0.1704 0.6697 0.0016
-0.4105 0.7134 0.0012
1.7291 4.7452 0.0000
1.6063 4.4873 0.0000
1.8360 -3.4869 0.0000
1.7349 -3.7172 0.0000
1.6938 -3.9824 0.0000
-0.8549 3.8441 0.0124
-0.9484 3.6282 0.0148
-1.1597 3.6691 0.0276
-1.1147 3.4251 0.0205
-1.2483 3.2855 0.0261
-1.4259 3.3158 0.0442
4.7394 -4.5233 0.0000
-2.8232 -0.3708 0.0720
-2.9171 -0.5582 0.0414
4.0675 -2.7388 0.0000
4.0030 -2.9990 0.0000
4.7446 -1.3702 0.0000
-1.0218 0.2546 0.0035
-1.1757 -0.0067 0.0054
2.7924 -0.9776 0.0000
2.7285 -1.2707 0.0000
-2.5227 -0.5661 0.0570
-2.6142 -0.7423 0.0747
-4.1434 -1.1491 0.0000
-4.2990 -1.3543 0.0000
-2.1870 -2.9736 0.0163
-2.2302 -3.2392 0.0056
-2.7221 4.5341 0.0011
-3.7931 -2.9243 0.0000
-3.7698 -3.2104 0.0000
-4.0167 -3.0133 0.0000
-4.0177 -3.2434 0.0000
0.4980 -0.5157 0.0591
0.3140 -0.4786 0.0781
0.6781 -0.6221 0.0418
0.5427 -0.7817 0.0738
0.4223 -0.9085 0.1043
0.4212 -0.6660 0.0855
0.2695 -0.6335 0.1036
0.2377 -0.7702 0.1230
0.1245 -0.8330 0.1407
0.3550 -0.7942 0.1082
0.3070 -0.9298 0.1254
0.2220 -0.8995 0.1355
0.1414 -0.9611 0.1473
-3.3305 -1.9126 0.0002
-3.5656 -1.9480 0.0000
3.3480 -4.7611 0.0000
3.3245 -4.5062 0.0000
3.0924 -4.6660 0.0000
2.8897 -4.7647 0.0000
3.0648 -3.1389 0.0000
1.3807 0.8508 0.0000
1.1729 0.6275 0.0000
1.2137 -1.0839 0.0027
4.3064 0.4794 0.0000
4.2227 0.2177 0.0000
4.1538 -0.0300 0.0000
4.1136 4.0699 0.0000
4.0434 3.7687 0.0000
0.6701 -0.0664 0.0124
-3.0083 3.4858 0.0022
-3.2600 3.3721 0.0004
-1.2749 1.6526 0.0000
-1.4871 1.4634 0.0001
-1.5651 1.7144 0.0007
-1.7755 1.4277 0.0016
-0.7841 -4.7100 0.0000
2.3434 -3.1720 0.0000
2.1193 -3.3548 0.0000
2.6988 1.5160 0.0000
2.4612 1.3641 0.0000
-0.9211 -4.1774 0.0001
-1.1887 -4.2521 0.0001
-1.2744 -4.5234 0.0000
0.8954 -0.7396 0.0194
0.7322 -0.8824 0.0439
0.5585 -0.9814 0.0799
0.4076 -1.0542 0.1124
-0.9342 -0.2281 0.0201
1.2971 -3.4504 0.0000
-1.2359 3.0910 0.0184
-1.4784 2.8741 0.0284
-4.2235 3.8674 0.0000
-4.4998 3.6813 0.0000
-3.1969 4.5366 0.0000
-3.5741 4.7436 0.0000
3.3988 2.8600 0.0000
-2.6515 -4.3423 0.0000
4.7693 2.9873 0.0000
4.6398 2.8142 0.0000
-2.7684 -3.7876 0.0000
-3.0365 -3.9698 0.0000
-0.1308 -1.9502 0.0982
-0.2336 -2.0544 0.0880
-0.3864 -2.1681 0.0752
-0.3418 -2.3520 0.0762
1.5009 2.3352 0.0000
1.2699 2.1220 0.0000
1.0876 1.8724 0.0000
