5.0000 5.0000 0.0000
0.0000 5.0000 0.0000
2.5000 5.0000 0.0000
3.7500 5.0000 0.0000
4.3750 5.0000 0.0000
4.6875 5.0000 0.0000
4.0625 5.0000 0.0000
3.1250 5.0000 0.0000
3.4375 5.0000 0.0000
2.8125 5.0000 0.0000
1.2500 5.0000 0.0000
1.8750 5.0000 0.0000
2.1875 5.0000 0.0000
1.5625 5.0000 0.0000
0.6250 5.0000 0.0000
0.9375 5.0000 0.0000
0.3125 5.0000 0.0000
-2.5000 5.0000 0.0000
-1.2500 5.0000 0.0000
-0.6250 5.0000 0.0000
-0.3125 5.0000 0.0000
-0.9375 5.0000 0.0000
-1.8750 5.0000 0.0000
-1.5625 5.0000 0.0000
-2.1875 5.0000 0.0000
-3.7500 5.0000 0.0000
-3.1250 5.0000 0.0000
-2.8125 5.0000 0.0000
-3.4375 5.0000 0.0000
-4.3750 5.0000 0.0000
-4.0625 5.0000 0.0000
-4.6875 5.0000 0.0000
5.0000 -5.0000 0.0000
5.0000 0.0000 0.0000
5.0000 -2.5000 0.0000
5.0000 -3.7500 0.0000
5.0000 -4.3750 0.0000
5.0000 -4.6875 0.0000
5.0000 -4.0625 0.0000
5.0000 -3.1250 0.0000
5.0000 -3.4375 0.0000
5.0000 -2.8125 0.0000
5.0000 -1.2500 0.0000
5.0000 -1.8750 0.0000
5.0000 -2.1875 0.0000
5.0000 -1.5625 0.0000
5.0000 -0.6250 0.0000
5.0000 -0.9375 0.0000
5.0000 -0.3125 0.0000
5.0000 2.5000 0.0000
5.0000 1.2500 0.0000
5.0000 0.6250 0.0000
5.0000 0.3125 0.0000
5.0000 0.9375 0.0000
5.0000 1.8750 0.0000
5.0000 1.5625 0.0000
5.0000 2.1875 0.0000
5.0000 3.7500 0.0000
5.0000 3.1250 0.0000
5.0000 2.8125 0.0000
5.0000 3.4375 0.0000
5.0000 4.3750 0.0000
5.0000 4.0625 0.0000
5.0000 4.6875 0.0000
-5.0000 -5.0000 0.0000
0.0000 -5.0000 0.0000
-2.5000 -5.0000 0.0000
-3.7500 -5.0000 0.0000
-4.3750 -5.0000 0.0000
-4.6875 -5.0000 0.0000
-4.0625 -5.0000 0.0000
-3.1250 -5.0000 0.0000
-3.4375 -5.0000 0.0000
-2.8125 -5.0000 0.0000
-1.2500 -5.0000 0.0000
-1.8750 -5.0000 0.0000
-2.1875 -5.0000 0.0000
-1.5625 -5.0000 0.0000
-0.6250 -5.0000 0.0000
-0.9375 -5.0000 0.0000
-0.3125 -5.0000 0.0000
2.5000 -5.0000 0.0000
1.2500 -5.0000 0.0000
0.6250 -5.0000 0.0000
0.3125 -5.0000 0.0000
0.9375 -5.0000 0.0000
1.8750 -5.0000 0.0000
1.5625 -5.0000 0.0000
2.1875 -5.0000 0.0000
3.7500 -5.0000 0.0000
3.1250 -5.0000 0.0000
2.8125 -5.0000 0.0000
3.4375 -5.0000 0.0000
4.3750 -5.0000 0.0000
4.0625 -5.0000 0.0000
4.6875 -5.0000 0.0000
-5.0000 5.0000 0.0000
-5.0000 0.0000 0.0000
-5.0000 2.5000 0.0000
-5.0000 3.7500 0.0000
-5.0000 4.3750 0.0000
-5.0000 4.6875 0.0000
-5.0000 4.0625 0.0000
-5.0000 3.1250 0.0000
-5.0000 3.4375 0.0000
-5.0000 2.8125 0.0000
-5.0000 1.2500 0.0000
-5.0000 1.8750 0.0000
-5.0000 2.1875 0.0000
-5.0000 1.5625 0.0000
-5.0000 0.6250 0.0000
-5.0000 0.9375 0.0000
-5.0000 0.3125 0.0000
-5.0000 -2.5000 0.0000
-5.0000 -1.2500 0.0000
-5.0000 -0.6250 0.0000
-5.0000 -0.3125 0.0000
-5.0000 -0.9375 0.0000
-5.0000 -1.8750 0.0000
-5.0000 -1.5625 0.0000
-5.0000 -2.1875 0.0000
-5.0000 -3.7500 0.0000
-5.0000 -3.1250 0.0000
-5.0000 -2.8125 0.0000
-5.0000 -3.4375 0.0000
-5.0000 -4.3750 0.0000
-5.0000 -4.0625 0.0000
-5.0000 -4.6875 0.0000
3.7607 -2.9577 0.0000
3.6005 -3.1345 0.0000
4.4863 0.0778 0.0000
4.5079 -1.4994 0.0000
4.2609 -1.3639 0.0000
4.4754 -1.7746 0.0000
4.2398 -1.6179 0.0000
4.1893 -1.8681 0.0000
4.1634 -2.1236 0.0000
2.0754 -3.1735 0.0000
4.5206 3.4869 0.0000
4.5077 3.1813 0.0000
-4.4804 -3.1059 0.0000
-4.7486 -3.0115 0.0000
-4.6032 -3.3232 0.0000
-4.7929 -3.2938 0.0000
-3.9915 2.0092 0.0000
-4.2769 1.6475 0.0000
-4.5226 1.5266 0.0000
-4.4965 3.5059 0.0000
4.7078 -1.9457 0.0000
4.4562 2.8961 0.0000
4.5324 4.5441 0.0000
4.2473 -3.2651 0.0000
0.1670 -2.8854 0.0000
3.9461 -1.8115 0.0000
3.7081 -1.7216 0.0000
3.8855 -2.0505 0.0000
3.6982 -2.2870 0.0000
3.5487 3.5564 0.0000
3.3454 3.3784 0.0000
-0.1404 0.7342 0.1147
-1.6640 -2.0940 0.0000
2.2439 1.9356 0.0000
1.9558 1.9719 0.0001
1.8285 -2.7503 0.0000
0.9243 1.9073 0.0065
0.7884 1.6831 0.0188
0.5779 1.4921 0.0400
2.0798 -3.7076 0.0000
4.4761 -0.6542 0.0000
4.1594 -0.7512 0.0000
4.7118 2.4363 0.0000
4.7544 2.2066 0.0000
4.5164 2.1584 0.0000
1.7236 -0.4026 0.0189
-2.0502 2.2056 0.0000
-0.6322 0.7027 0.0292
-2.5430 3.4316 0.0000
-2.6430 3.1654 0.0000
-2.7967 2.9367 0.0000
4.0132 -4.6207 0.0000
3.8428 -4.7836 0.0000
3.5575 -4.7456 0.0000
-4.1942 -1.8604 0.0000
1.4974 -4.1034 0.0000
-1.7010 2.9516 0.0000
2.6393 -1.9770 0.0000
-0.8547 -3.6697 0.0000
-2.6902 0.4019 0.0000
-2.7968 0.1484 0.0000
-1.6724 -3.0710 0.0000
2.3715 -1.1024 0.0000
2.1089 -1.1390 0.0002
1.8835 -1.2125 0.0009
-4.2651 -0.6917 0.0000
-4.4706 2.7273 0.0000
-4.7327 2.5779 0.0000
-4.0691 -1.1370 0.0000
-4.1385 -1.3975 0.0000
4.4889 -0.1501 0.0000
4.4942 -0.3808 0.0000
4.2401 -0.4570 0.0000
-3.1744 2.5935 0.0000
-3.4516 2.5380 0.0000
-3.5594 2.2814 0.0000
3.3660 2.7071 0.0000
3.0530 2.6280 0.0000
-3.7636 -3.7823 0.0000
-4.0180 -3.7583 0.0000
3.1818 0.9750 0.0000
1.6249 -3.5921 0.0000
3.7741 -3.2909 0.0000
3.5467 -3.4551 0.0000
-4.5754 -1.2041 0.0000
-3.0148 -3.6984 0.0000
2.9502 -0.5852 0.0000
2.7062 -0.4233 0.0000
2.6760 -0.6964 0.0000
2.8980 -0.8560 0.0000
2.6047 -0.9405 0.0000
0.0533 2.5747 0.0002
-0.0274 2.3071 0.0006
-0.0911 2.0380 0.0020
2.1929 3.2309 0.0000
2.0648 3.0034 0.0000
-2.2214 -0.3245 0.0000
-2.3594 -0.5885 0.0000
-3.4243 -4.1846 0.0000
-3.7389 -4.2446 0.0000
-4.7618 -0.4774 0.0000
-4.7661 -0.7776 0.0000
0.0554 -4.3077 0.0000
-3.7741 -2.1946 0.0000
-3.9524 -2.4351 0.0000
4.3367 0.3330 0.0000
4.2180 0.1046 0.0000
2.2030 -0.1714 0.0004
-0.8164 2.2093 0.0001
2.1388 2.1997 0.0000
-2.5940 3.6779 0.0000
-2.3374 3.2127 0.0000
-2.4653 2.9283 0.0000
-2.0372 4.2245 0.0000
0.4727 4.7201 0.0000
-0.1040 -2.8794 0.0000
-0.2752 -3.1346 0.0000
-1.2432 -4.1371 0.0000
-2.9891 1.6329 0.0000
-3.1101 1.3968 0.0000
-3.4658 4.5235 0.0000
-3.5799 4.2396 0.0000
-3.2731 1.5904 0.0000
-3.4898 1.4682 0.0000
-3.3148 1.2351 0.0000
1.6051 -4.5607 0.0000
-0.0280 -2.3803 0.0001
2.9643 2.3265 0.0000
2.3447 -3.6975 0.0000
2.4790 -3.9620 0.0000
2.4506 -0.5874 0.0000
2.3466 -0.8183 0.0000
2.0926 -0.9082 0.0004
-3.8461 -2.6980 0.0000
-4.1436 -2.6599 0.0000
-3.1355 -4.2011 0.0000
-0.8107 1.2408 0.0044
-0.9687 1.0056 0.0039
-1.1572 0.7121 0.0025
1.9219 1.1483 0.0020
-1.2048 2.6771 0.0000
-1.4010 2.5029 0.0000
-4.2849 1.3501 0.0000
4.7577 1.9627 0.0000
4.7744 -1.0923 0.0000
4.2639 2.6119 0.0000
3.9766 2.6118 0.0000
4.1191 2.3728 0.0000
3.8024 2.3749 0.0000
3.6928 2.6516 0.0000
3.5223 2.4513 0.0000
3.2492 2.4274 0.0000
3.2338 2.1523 0.0000
2.9867 2.0100 0.0000
4.4802 0.5688 0.0000
-0.2722 4.5334 0.0000
0.5350 4.4494 0.0000
-4.5041 -1.4858 0.0000
-2.7076 -1.9133 0.0000
-2.9306 -2.3574 0.0000
3.0404 -1.5712 0.0000
0.4801 -2.5345 0.0001
0.4631 -0.7167 0.1900
0.2314 -0.8987 0.0995
1.3658 -2.6179 0.0000
0.6493 2.6823 0.0001
-2.8366 -1.6395 0.0000
-3.0126 -1.8197 0.0000
-1.5517 -2.5952 0.0000
-1.7739 -2.7995 0.0000
-0.1497 4.0885 0.0000
-0.3633 4.2702 0.0000
-0.6480 4.1622 0.0000
-0.3948 3.9974 0.0000
-0.5980 3.8415 0.0000
-0.2566 2.4052 0.0002
-0.5425 2.3150 0.0002
-0.3247 2.1314 0.0008
-0.5767 2.0305 0.0006
-0.4518 1.8244 0.0021
-0.6678 1.6831 0.0018
4.7524 -0.7690 0.0000
-4.7592 2.8298 0.0000
0.6882 -1.1160 0.0717
-1.9542 -3.0342 0.0000
4.0106 1.9081 0.0000
3.7250 1.5450 0.0000
2.9314 -4.2397 0.0000
0.9642 -3.9659 0.0000
3.9680 -2.3313 0.0000
3.7930 -2.5909 0.0000
3.5933 -2.7884 0.0000
-4.7645 0.4725 0.0000
1.0961 -3.6816 0.0000
-4.2531 2.5261 0.0000
-4.4852 2.4115 0.0000
-4.7458 2.2971 0.0000
4.4257 2.3850 0.0000
4.2564 2.1218 0.0000
3.9489 3.9772 0.0000
3.7425 3.7573 0.0000
3.7417 3.3855 0.0000
1.4116 2.5928 0.0001
1.2208 2.8611 0.0000
1.1473 2.6105 0.0001
1.0695 2.3755 0.0005
-2.3089 -0.0407 0.0000
-2.4671 -0.2382 0.0000
-2.5472 -0.4468 0.0000
-2.7980 -0.3807 0.0000
-2.5066 2.2751 0.0000
-2.3084 2.0737 0.0000
-0.1462 -4.0136 0.0000
-0.1915 -4.2728 0.0000
0.1837 -1.7556 0.0045
-1.1151 -4.3849 0.0000
-3.9037 4.7553 0.0000
0.2505 -2.3559 0.0002
0.2242 -2.6312 0.0000
-0.0250 -2.6297 0.0000
-4.0053 -2.9390 0.0000
-4.1886 -3.1404 0.0000
1.7461 -4.7724 0.0000
-1.2058 -1.2110 0.0004
1.4359 -2.3423 0.0001
1.5974 -3.8856 0.0000
-2.4692 -4.5217 0.0000
-2.7509 -4.4971 0.0000
-2.6404 -4.7586 0.0000
-2.9272 -4.7459 0.0000
3.9326 0.5580 0.0000
3.7030 0.3991 0.0000
-0.9823 -3.3938 0.0000
-1.0345 -3.9010 0.0000
2.4914 2.0267 0.0000
-2.2512 2.7235 0.0000
-1.7365 0.9462 0.0000
-0.5797 -2.3978 0.0000
1.5736 -3.0591 0.0000
1.3149 -3.1898 0.0000
1.3256 -3.4832 0.0000
-0.0411 0.0161 0.2357
-0.1236 -0.2050 0.1765
-0.1885 -0.4467 0.1158
-0.2231 -0.6873 0.0701
0.3193 1.6124 0.0224
0.0790 1.4732 0.0273
1.5894 -1.1144 0.0083
1.4057 -1.3280 0.0092
3.5118 -1.2293 0.0000
-0.8568 3.9092 0.0000
-1.1206 3.9556 0.0000
-1.1020 3.6950 0.0000
-1.3985 3.7085 0.0000
1.5041 4.2566 0.0000
1.4887 3.9517 0.0000
1.2397 4.1766 0.0000
1.2098 3.9157 0.0000
0.9409 3.9796 0.0000
3.0337 -2.6804 0.0000
2.8386 -2.9068 0.0000
2.5878 -3.0215 0.0000
-0.5590 -3.6883 0.0000
-0.7231 -3.9459 0.0000
-0.8019 1.9033 0.0004
-1.0196 1.7570 0.0003
-0.8583 1.5144 0.0015
-1.1126 1.5032 0.0005
2.5613 2.8046 0.0000
-4.2912 -3.7232 0.0000
-4.3201 -3.3605 0.0000
-4.4881 -3.5370 0.0000
-4.7564 -3.6019 0.0000
-4.5300 -3.8016 0.0000
-4.7661 -3.9240 0.0000
2.9604 -0.0299 0.0000
2.1776 2.4765 0.0000
2.4324 -0.0010 0.0000
2.1375 0.1166 0.0010
0.2313 0.1292 0.3667
0.1597 -0.0795 0.3182
0.0919 -0.2868 0.2461
-2.2858 -4.2959 0.0000
0.2651 2.3474 0.0007
4.7517 -2.6874 0.0000
3.9782 -4.0161 0.0000
4.2177 -4.1477 0.0000
3.9491 -4.3004 0.0000
4.2113 -4.4334 0.0000
3.7338 -4.5157 0.0000
2.6649 0.4246 0.0000
2.4061 0.2746 0.0000
1.2389 -0.3731 0.1663
-2.9847 0.3982 0.0000
-3.2552 0.2409 0.0000
0.9616 -4.2001 0.0000
0.8653 -4.5080 0.0000
4.7593 0.1194 0.0000
0.4257 4.1758 0.0000
0.1307 4.1632 0.0000
3.9832 2.1367 0.0000
3.7283 2.1087 0.0000
3.7459 1.8375 0.0000
3.4951 2.2259 0.0000
3.4793 1.9625 0.0000
3.4789 1.6901 0.0000
-1.3716 -2.3037 0.0000
3.3094 -2.7252 0.0000
3.3911 -2.9855 0.0000
3.1178 -2.9597 0.0000
3.1185 -3.2110 0.0000
-2.2924 -1.5640 0.0000
2.0623 1.7315 0.0001
1.9191 1.4645 0.0008
4.5671 -0.9466 0.0000
4.4992 -1.2056 0.0000
3.4514 1.1198 0.0000
4.7553 -2.9804 0.0000
0.6189 -3.4430 0.0000
0.5533 -3.6963 0.0000
0.3676 -3.9241 0.0000
-0.1483 4.7816 0.0000
0.0110 4.5971 0.0000
1.2992 -1.8623 0.0014
1.5665 0.1419 0.0650
4.2352 -0.1719 0.0000
3.9762 -0.3120 0.0000
3.9788 -0.5859 0.0000
3.7160 -0.1818 0.0000
3.7179 -0.4769 0.0000
2.2716 -1.6237 0.0000
2.0626 -1.7943 0.0000
1.9800 -2.0247 0.0000
-4.2807 0.1868 0.0000
-1.7219 0.4096 0.0001
2.6655 -3.7310 0.0000
0.3775 -1.1365 0.0594
0.1265 -1.2137 0.0339
4.0132 -1.2762 0.0000
4.0024 -1.5640 0.0000
2.8074 4.2766 0.0000
2.6241 4.0442 0.0000
-0.6974 2.7738 0.0000
-0.9647 2.6864 0.0000
2.6553 2.3375 0.0000
3.9134 4.7568 0.0000
-4.5092 -0.4008 0.0000
-4.5095 -0.6625 0.0000
1.3237 2.3379 0.0004
1.1202 2.1109 0.0019
-1.2273 -2.8399 0.0000
-1.4871 4.2304 0.0000
-1.7626 4.2266 0.0000
-0.3729 -2.8833 0.0000
-0.6359 -2.9297 0.0000
-0.5219 -3.1851 0.0000
-0.8140 -3.1574 0.0000
-1.5497 3.4517 0.0000
-1.8413 3.4685 0.0000
-1.7241 3.2327 0.0000
3.4691 -0.3440 0.0000
3.2225 -0.4780 0.0000
-4.7661 3.9076 0.0000
-4.7600 3.6129 0.0000
-0.8101 -0.8844 0.0067
-0.8973 -1.1598 0.0021
0.5103 -0.4681 0.3062
0.2522 -0.5811 0.2066
-1.2713 -3.3652 0.0000
-1.5944 -4.5387 0.0000
0.1210 0.6574 0.2125
0.0642 0.4539 0.2464
-0.1552 0.4783 0.1550
0.0427 0.2299 0.2731
-0.1876 0.2546 0.1686
-0.4355 0.2710 0.0852
-0.3095 0.0153 0.1273
-4.4955 -4.0473 0.0000
4.7517 4.2584 0.0000
4.2950 4.4643 0.0000
4.0293 4.4904 0.0000
4.1766 4.2060 0.0000
3.7418 4.5259 0.0000
3.8759 4.2528 0.0000
3.6694 4.0343 0.0000
-0.6397 -1.9018 0.0003
-0.8090 -2.1605 0.0000
-1.5113 -1.2784 0.0000
-1.2720 -1.4834 0.0001
-1.6935 -1.4965 0.0000
-4.4724 -1.7855 0.0000
-0.5027 -1.6419 0.0015
2.7082 -0.1318 0.0000
2.4663 -0.2860 0.0000
-0.4317 -3.9366 0.0000
-0.6811 -4.2250 0.0000
4.0772 -2.5744 0.0000
3.9761 -2.8227 0.0000
-3.4648 -1.7206 0.0000
-3.6096 -1.9624 0.0000
0.0067 -3.1314 0.0000
0.5391 -1.3297 0.0349
0.4111 -1.6495 0.0093
1.6084 2.3405 0.0001
1.5021 -1.5773 0.0023
1.2469 -1.5809 0.0059
1.0674 -1.7912 0.0036
0.9710 -1.9963 0.0015
0.0077 -0.7440 0.1028
-0.0635 -1.0067 0.0460
-2.4864 0.9088 0.0000
-2.7693 0.6931 0.0000
-3.2655 3.1591 0.0000
-3.4684 2.9938 0.0000
0.4506 -4.7458 0.0000
-4.1671 -0.0504 0.0000
-3.8894 -0.0562 0.0000
-4.0179 -0.2801 0.0000
-4.2461 -0.4168 0.0000
-4.3784 -0.1697 0.0000
-3.4103 -0.7758 0.0000
-3.5733 -0.9411 0.0000
-3.8099 -1.0548 0.0000
0.8754 -2.5336 0.0001
1.2814 4.4576 0.0000
1.0326 4.4775 0.0000
1.0356 3.6924 0.0000
0.8535 3.4982 0.0000
0.6059 3.5262 0.0000
0.5823 3.2843 0.0000
0.3993 3.0853 0.0000
4.7735 -4.7547 0.0000
-1.4662 2.8082 0.0000
-1.7058 2.6231 0.0000
2.9463 1.1606 0.0000
2.9137 0.9107 0.0000
-0.5272 -2.6415 0.0000
-0.7708 -2.6799 0.0000
-0.9387 -2.8955 0.0000
2.9184 3.1521 0.0000
2.8431 2.8643 0.0000
-2.5681 -4.2558 0.0000
1.5082 -0.5863 0.0449
1.2345 -0.6127 0.1161
4.7558 -3.5817 0.0000
1.7112 -2.2240 0.0000
-0.7358 -0.5944 0.0171
-1.0019 -0.6610 0.0047
4.2322 1.2735 0.0000
-0.4136 2.8684 0.0000
-0.4818 2.5895 0.0000
-0.7716 2.4889 0.0000
-1.0744 2.3975 0.0000
-1.8303 -2.5360 0.0000
-2.0937 -2.5328 0.0000
-2.3640 -2.5981 0.0000
3.0548 3.4139 0.0000
-3.9905 3.5163 0.0000
-0.4119 -3.4442 0.0000
-0.6962 -3.4243 0.0000
-3.2879 -1.9587 0.0000
-1.4917 -2.8432 0.0000
4.5037 4.2939 0.0000
4.4575 4.0626 0.0000
4.2369 3.9211 0.0000
4.0583 3.7435 0.0000
3.9100 3.5808 0.0000
0.1571 -4.7557 0.0000
-1.3847 -3.1003 0.0000
-1.0895 1.2660 0.0011
-1.3739 1.3094 0.0002
-1.2304 1.0114 0.0009
-1.5027 1.0523 0.0001
-3.1432 -0.8501 0.0000
-3.3258 -1.0782 0.0000
-3.5656 -1.2307 0.0000
0.1675 2.0873 0.0024
2.2660 2.7609 0.0000
-0.9447 -4.1644 0.0000
0.7539 0.9372 0.1923
0.5109 1.0053 0.1638
0.5727 0.7474 0.2801
0.3233 0.8212 0.2101
0.3661 0.5750 0.3198
1.6994 -1.4154 0.0015
3.7934 -3.5576 0.0000
3.5468 -3.7317 0.0000
1.6932 2.6461 0.0000
-0.5366 -0.8225 0.0214
-0.6006 -1.1032 0.0080
-0.6975 -1.3785 0.0022
-4.7621 1.0829 0.0000
-2.7363 1.6611 0.0000
-3.3933 0.7381 0.0000
0.2595 3.9283 0.0000
0.1623 3.6736 0.0000
-0.0300 3.8758 0.0000
-0.1176 3.5879 0.0000
-0.2906 3.7730 0.0000
-0.4753 3.5895 0.0000
-1.9877 -1.5232 0.0000
-2.0943 -1.7806 0.0000
-1.8931 -3.8360 0.0000
-2.0649 -4.0866 0.0000
-3.3719 2.0508 0.0000
-3.8627 2.2274 0.0000
-3.6567 2.0391 0.0000
-3.7793 1.8402 0.0000
1.6439 1.0090 0.0165
-2.5563 -2.4020 0.0000
-2.7778 -2.5477 0.0000
-2.1785 3.9685 0.0000
2.1495 -3.4474 0.0000
4.7453 -0.1676 0.0000
4.7426 -0.4674 0.0000
-2.6557 -3.9887 0.0000
4.4794 0.8507 0.0000
4.2295 0.6949 0.0000
0.2921 -3.6399 0.0000
0.0699 -3.8400 0.0000
0.1466 -4.1058 0.0000
-4.0341 0.8842 0.0000
-3.9083 0.6773 0.0000
3.2647 -4.7434 0.0000
-3.0913 0.6679 0.0000
-3.2920 0.4904 0.0000
-1.4241 0.5197 0.0006
-3.7657 4.0040 0.0000
-3.7791 3.7537 0.0000
3.9680 -0.0298 0.0000
-1.9801 0.8743 0.0000
2.6340 -4.2223 0.0000
2.3303 -4.2189 0.0000
2.1978 -4.4901 0.0000
-2.3286 4.7499 0.0000
1.1981 0.4207 0.2227
1.0387 0.2582 0.3410
-4.7707 -1.3990 0.0000
-4.0283 3.0119 0.0000
-4.1739 2.7625 0.0000
2.5338 -2.4738 0.0000
2.3136 -2.6982 0.0000
2.0869 -2.8719 0.0000
-3.7004 3.4903 0.0000
4.7341 0.7082 0.0000
4.7862 0.4538 0.0000
-4.7856 -1.0773 0.0000
0.7443 3.7600 0.0000
0.3862 3.5980 0.0000
0.3146 3.3520 0.0000
0.0778 3.4185 0.0000
0.1293 3.1065 0.0000
-1.0527 2.0714 0.0001
-1.2690 1.8906 0.0000
2.3365 -3.0020 0.0000
-1.9289 0.2226 0.0000
-2.1985 0.1847 0.0000
3.3851 3.0105 0.0000
1.5478 4.5288 0.0000
-0.9885 -1.4219 0.0005
-1.2757 -1.8040 0.0000
-3.0300 -4.4744 0.0000
-3.2003 -4.7329 0.0000
-2.2840 -2.8265 0.0000
-2.4997 -2.9713 0.0000
4.4961 -3.1228 0.0000
-0.6678 1.0009 0.0145
-0.8766 0.7744 0.0095
-3.7433 1.5715 0.0000
-3.8136 1.3197 0.0000
-4.0367 1.4677 0.0000
-4.0459 1.1761 0.0000
3.4123 -1.7486 0.0000
-4.2899 -2.8795 0.0000
0.0723 1.7896 0.0081
-0.0640 4.3521 0.0000
3.0937 4.2378 0.0000
1.6744 2.0224 0.0004
1.7794 1.7377 0.0008
1.4959 1.7876 0.0028
-2.9255 2.6826 0.0000
4.5074 -3.7196 0.0000
4.0809 -3.7293 0.0000
3.8313 -3.7807 0.0000
-3.5732 3.2415 0.0000
-3.8755 3.2565 0.0000
-2.6159 4.7438 0.0000
2.2425 -0.4495 0.0002
1.9748 -0.3782 0.0031
0.6119 0.0099 0.4780
0.3837 -0.0860 0.4137
0.3140 -0.3220 0.3223
-3.3056 -4.4573 0.0000
-3.4527 -4.7352 0.0000
-4.2066 4.7578 0.0000
-4.1960 4.2646 0.0000
-2.0367 1.9332 0.0000
-2.0459 1.6537 0.0000
-1.8560 -3.2991 0.0000
4.2493 3.6012 0.0000
4.2731 3.3403 0.0000
-1.6225 -2.3426 0.0000
4.7383 3.7993 0.0000
4.4804 3.7730 0.0000
0.1822 2.8249 0.0000
2.1720 1.2887 0.0002
2.1636 0.9958 0.0003
3.6805 -4.2572 0.0000
3.4251 -4.4810 0.0000
-4.7106 -4.2326 0.0000
0.1852 4.7649 0.0000
0.2515 4.4504 0.0000
-3.0733 4.2220 0.0000
-3.2975 4.0506 0.0000
-3.5209 3.9540 0.0000
-3.5101 3.7052 0.0000
-1.8883 4.4913 0.0000
1.8788 -3.4932 0.0000
-0.8311 3.2217 0.0000
-0.9359 2.9545 0.0000
1.6500 0.4079 0.0384
1.4274 -4.3832 0.0000
1.4240 -4.7677 0.0000
-1.2744 -0.7542 0.0008
-1.4074 -0.9927 0.0002
-1.4620 -0.5903 0.0003
-1.6033 -0.7909 0.0001
-1.7109 -1.0379 0.0000
-3.0730 2.1101 0.0000
-3.1761 1.8493 0.0000
4.7627 3.5613 0.0000
4.7580 3.2793 0.0000
-4.7567 -4.5130 0.0000
-1.6708 0.7001 0.0001
-1.3661 3.9592 0.0000
-1.7014 3.7166 0.0000
-1.0974 -2.3179 0.0000
-1.3078 -2.5594 0.0000
4.7359 -4.4905 0.0000
4.4800 -4.5261 0.0000
4.5258 -4.7679 0.0000
4.2444 -4.7414 0.0000
-4.7788 4.7720 0.0000
-0.5504 -0.0525 0.0603
-0.8303 -0.0894 0.0205
-0.9444 -0.3494 0.0100
-1.2078 -0.4678 0.0021
4.4902 1.1369 0.0000
4.2279 0.9852 0.0000
4.5123 -3.4136 0.0000
4.2833 -3.5615 0.0000
-0.6435 3.3832 0.0000
-0.6317 3.0440 0.0000
1.5634 -3.3430 0.0000
0.3057 -1.4303 0.0203
0.0608 -1.5290 0.0097
-0.7020 4.7325 0.0000
-3.4861 -2.2111 0.0000
-3.6691 -2.4596 0.0000
-1.7872 -4.0797 0.0000
-1.7564 -4.3103 0.0000
-4.7602 1.7012 0.0000
-2.8778 3.6763 0.0000
-3.1117 3.6176 0.0000
-3.0998 3.3925 0.0000
-3.3775 3.4597 0.0000
-3.5796 -4.4664 0.0000
-3.8828 -4.4835 0.0000
-3.7024 -4.7306 0.0000
-3.9717 -4.7437 0.0000
-1.9996 -3.5758 0.0000
0.7564 4.7534 0.0000
0.7897 4.5191 0.0000
-1.9371 -2.2670 0.0000
-2.2621 -2.3192 0.0000
-0.0468 -1.8607 0.0019
-1.4848 -1.6053 0.0000
-1.5720 -1.8451 0.0000
-1.7968 -1.7409 0.0000
2.9654 1.7181 0.0000
2.7155 1.8447 0.0000
-1.9585 1.1478 0.0000
-2.9685 -0.6340 0.0000
1.8321 -3.0036 0.0000
1.8118 -3.2680 0.0000
-2.1785 -3.8121 0.0000
-2.3664 -4.0313 0.0000
-1.3053 2.2132 0.0000
-4.0264 3.7710 0.0000
0.6935 -2.0760 0.0013
-2.9902 2.3875 0.0000
4.2390 3.0885 0.0000
4.1704 2.8436 0.0000
2.5065 -3.4982 0.0000
-1.4543 4.7488 0.0000
2.7218 3.3378 0.0000
2.6342 3.0819 0.0000
2.3648 3.0236 0.0000
-1.3233 -4.4944 0.0000
0.7694 -1.7942 0.0051
0.5151 -1.8713 0.0036
0.7243 -4.2584 0.0000
0.5712 -4.4934 0.0000
2.3372 -1.9074 0.0000
2.1960 -2.1302 0.0000
1.9600 -2.3059 0.0000
-1.3393 4.4852 0.0000
-1.4414 -3.5980 0.0000
-0.3855 -0.2670 0.0872
-0.6549 -0.3243 0.0344
-0.4544 -0.5536 0.0482
-4.2960 -0.9669 0.0000
-4.5310 -0.9360 0.0000
-2.4645 -3.7604 0.0000
-0.8034 4.4462 0.0000
-1.0686 4.4654 0.0000
0.2919 1.0825 0.1149
1.3242 1.5413 0.0132
1.0503 1.6159 0.0189
0.8513 1.4049 0.0505
0.9206 1.1374 0.1052
0.6310 1.2156 0.0977
1.4150 1.2285 0.0266
1.1331 1.3291 0.0437
1.1865 1.0456 0.0849
1.3855 -3.7405 0.0000
1.2425 -3.9552 0.0000
2.1530 0.4170 0.0008
0.7707 -0.3939 0.3392
0.6977 -0.6345 0.2370
-4.7358 -1.7006 0.0000
1.7607 -1.9607 0.0001
1.4866 -2.0649 0.0002
4.7635 4.5183 0.0000
0.4178 -4.2200 0.0000
-4.5230 0.6239 0.0000
1.0826 -3.3556 0.0000
0.8602 -3.5105 0.0000
2.3521 -3.2776 0.0000
4.7099 4.0178 0.0000
1.7311 4.1124 0.0000
1.8185 3.8605 0.0000
1.5719 3.6805 0.0000
1.3138 3.6489 0.0000
1.3768 3.3961 0.0000
0.9731 -1.0768 0.0647
0.8300 -1.3312 0.0328
0.9466 -1.5677 0.0116
0.6472 -1.5624 0.0145
-0.3437 -1.8812 0.0008
-0.4929 -2.1390 0.0001
-0.1000 3.2426 0.0000
-0.2592 3.0588 0.0000
-0.0686 2.9017 0.0000
-0.1960 2.6809 0.0000
4.7549 -1.3813 0.0000
4.7503 -1.6746 0.0000
-0.3922 0.5545 0.0771
-0.6881 0.1564 0.0374
-4.5244 1.2207 0.0000
2.4501 1.4213 0.0000
2.2186 1.5613 0.0000
1.0080 -0.4785 0.2378
-0.9366 4.1906 0.0000
-1.2162 4.2197 0.0000
2.0305 -4.2477 0.0000
1.8992 -4.5128 0.0000
0.9298 -2.2595 0.0004
0.6580 -2.3605 0.0003
0.1307 -3.3617 0.0000
0.0230 -3.5859 0.0000
-0.1629 -3.3839 0.0000
-0.2390 -3.7057 0.0000
-4.1971 2.2357 0.0000
-4.4838 2.1264 0.0000
-4.2538 1.9384 0.0000
-4.5122 1.8289 0.0000
2.0405 3.6809 0.0000
1.8192 3.5420 0.0000
1.6043 3.3965 0.0000
2.5714 4.5074 0.0000
2.5167 4.2820 0.0000
2.4225 3.8252 0.0000
2.3221 4.0778 0.0000
2.1347 3.9012 0.0000
0.2950 -1.9802 0.0018
0.5626 1.7824 0.0131
0.3416 1.8915 0.0073
1.8686 2.2226 0.0001
1.0524 -2.7442 0.0000
2.2450 4.3164 0.0000
2.0303 4.4902 0.0000
2.0057 4.1625 0.0000
1.7895 4.7078 0.0000
1.7839 4.3875 0.0000
0.7057 2.9933 0.0000
-0.1905 -2.1232 0.0004
-0.3082 -2.3782 0.0001
-0.2729 -2.6193 0.0000
-2.5356 1.2016 0.0000
-2.7471 1.0356 0.0000
-2.9589 0.8866 0.0000
3.4646 1.4068 0.0000
0.4468 2.8539 0.0000
0.3654 2.5923 0.0002
-2.8185 3.4223 0.0000
-2.9533 3.1627 0.0000
-3.1023 2.9155 0.0000
-3.3257 2.7989 0.0000
-1.5234 2.0373 0.0000
-2.2407 0.4826 0.0000
-2.4313 0.3150 0.0000
-2.5277 0.0957 0.0000
1.8645 3.2276 0.0000
1.7831 2.9320 0.0000
-2.6689 -1.4386 0.0000
-2.5514 -1.6624 0.0000
-2.6024 -2.7229 0.0000
-2.9631 -2.7219 0.0000
3.5945 4.3059 0.0000
3.3870 4.1167 0.0000
-2.8390 4.6806 0.0000
-3.0208 4.7724 0.0000
3.0065 3.7427 0.0000
1.5162 4.7760 0.0000
-2.2843 -3.5356 0.0000
-1.6341 -3.7996 0.0000
-0.4208 -4.1725 0.0000
-0.5026 -4.4113 0.0000
-0.2062 -1.6136 0.0039
3.9814 -3.1291 0.0000
4.0237 -3.4437 0.0000
1.9858 2.7224 0.0000
3.4450 0.5462 0.0000
3.4496 0.2589 0.0000
3.2078 0.1146 0.0000
-3.6060 4.7620 0.0000
-1.4853 0.2534 0.0005
-3.1046 -3.4352 0.0000
-3.2832 -3.6245 0.0000
-3.2163 -3.9265 0.0000
-3.5581 -3.6483 0.0000
-3.4436 -3.8706 0.0000
-3.6308 -4.0004 0.0000
1.8530 -0.9424 0.0026
1.6102 -0.8447 0.0158
3.1212 2.9011 0.0000
2.7697 2.5844 0.0000
2.9398 0.2329 0.0000
2.6878 0.1516 0.0000
-3.8605 -1.3539 0.0000
-3.9855 -1.6298 0.0000
-1.8923 -1.9817 0.0000
-2.1658 -2.0611 0.0000
-4.4349 -2.5843 0.0000
0.4418 -2.1901 0.0007
-1.7402 4.7512 0.0000
3.2715 -1.5150 0.0000
4.5145 2.6603 0.0000
4.5026 1.6738 0.0000
0.9327 -0.6721 0.1879
0.7835 -0.8710 0.1366
0.5268 -0.9311 0.1180
0.6992 -2.6878 0.0000
-1.4283 0.8023 0.0004
-0.2910 3.4108 0.0000
-0.4521 3.2195 0.0000
3.7141 0.1137 0.0000
-4.7312 3.3285 0.0000
-4.7790 3.0931 0.0000
3.9799 -0.9575 0.0000
-2.6694 -0.1250 0.0000
-2.9348 -0.1283 0.0000
-3.7507 -1.7223 0.0000
-3.9266 -1.9340 0.0000
-2.0655 -0.5753 0.0000
-2.2012 -0.8247 0.0000
-2.5079 -0.8442 0.0000
-1.6191 3.9716 0.0000
-1.8974 3.9525 0.0000
-1.8463 -1.2722 0.0000
-2.1536 -1.3000 0.0000
4.7530 1.7052 0.0000
4.7446 1.4483 0.0000
4.4908 1.4109 0.0000
4.7314 2.9774 0.0000
4.7615 2.7071 0.0000
1.2749 -4.5804 0.0000
1.0688 -4.7463 0.0000
1.2269 -4.2128 0.0000
1.0921 -4.4317 0.0000
1.2867 4.7180 0.0000
1.0360 4.7388 0.0000
-3.6220 2.7540 0.0000
-3.7531 2.9987 0.0000
-3.9110 2.7352 0.0000
-3.7387 2.4952 0.0000
-4.0107 2.4715 0.0000
4.7590 -2.1615 0.0000
4.5094 -2.2624 0.0000
4.2669 -2.3747 0.0000
0.4636 -2.8526 0.0000
0.2997 -3.1210 0.0000
0.3793 -3.3968 0.0000
-4.7566 -1.9788 0.0000
-1.7102 0.0797 0.0001
-2.0048 -0.0638 0.0000
3.7124 0.9756 0.0000
3.4455 0.8381 0.0000
-1.1469 -3.6290 0.0000
-1.3243 -3.8547 0.0000
2.6164 -3.2486 0.0000
2.1021 -0.6584 0.0006
1.8287 -0.6608 0.0061
2.8539 3.5464 0.0000
0.3504 1.3213 0.0622
-4.0461 -2.1669 0.0000
-4.2828 -2.0903 0.0000
-4.2321 -2.3830 0.0000
3.9723 1.1139 0.0000
-4.7628 1.3922 0.0000
-3.9200 -4.0240 0.0000
-4.2188 -3.9926 0.0000
-4.0591 -4.2568 0.0000
-4.3519 -4.2614 0.0000
-4.4937 -4.4842 0.0000
-4.1957 -4.5119 0.0000
-4.2480 -4.7608 0.0000
-4.5070 -4.7396 0.0000
-4.7646 -4.7684 0.0000
-2.5143 1.7596 0.0000
-2.5832 1.9885 0.0000
-2.8614 1.9016 0.0000
-4.2740 -1.5953 0.0000
1.3926 0.8841 0.0654
1.0040 0.8602 0.1794
2.9653 -0.3077 0.0000
-0.9322 0.2447 0.0130
-2.4909 0.6150 0.0000
-3.2711 -2.7530 0.0000
-3.4225 -3.0132 0.0000
-3.6157 -3.2346 0.0000
-3.4521 -3.4103 0.0000
-3.5841 0.5259 0.0000
-3.8116 0.4212 0.0000
1.5848 3.1373 0.0000
1.4921 2.8687 0.0000
3.2752 4.7545 0.0000
2.9687 4.7667 0.0000
2.6579 4.7533 0.0000
-4.5011 0.0527 0.0000
-4.7152 -0.1658 0.0000
-2.0437 -2.7759 0.0000
2.4940 -4.4816 0.0000
2.6507 -4.7448 0.0000
2.3496 -4.7450 0.0000
0.7912 -2.9261 0.0000
0.5692 -3.1412 0.0000
1.8981 0.8591 0.0045
1.6427 0.7151 0.0288
3.1151 4.5203 0.0000
2.8457 4.5164 0.0000
1.4087 2.0749 0.0011
1.2192 1.8389 0.0054
4.4968 4.7653 0.0000
2.2398 -1.3441 0.0000
2.0021 -1.4765 0.0001
1.8073 -1.6883 0.0002
1.5511 -1.7892 0.0007
1.9432 -0.1016 0.0052
2.9525 1.4353 0.0000
3.7158 1.2593 0.0000
-2.8067 1.3609 0.0000
-3.0157 1.1531 0.0000
2.7430 2.1169 0.0000
2.2533 -2.4069 0.0000
2.0297 -2.5781 0.0000
4.1581 0.4596 0.0000
3.9769 0.2614 0.0000
-3.0243 3.9290 0.0000
-3.2645 3.7707 0.0000
3.2252 1.8514 0.0000
-3.6878 0.7702 0.0000
-0.4017 0.8624 0.0473
4.7511 1.2102 0.0000
4.7432 0.9703 0.0000
2.3718 4.7778 0.0000
2.3209 4.5511 0.0000
2.0764 4.7575 0.0000
-1.5365 -4.0321 0.0000
-1.4816 -4.2793 0.0000
-3.3791 -1.4375 0.0000
-3.6524 -1.4989 0.0000
-2.2007 -3.0595 0.0000
-2.1181 -3.3117 0.0000
1.1088 3.3790 0.0000
0.8353 3.2519 0.0000
-3.2709 2.3186 0.0000
3.4608 3.8320 0.0000
-2.6750 -3.2003 0.0000
-2.8300 -3.4491 0.0000
-2.7417 -3.7180 0.0000
-2.9865 -2.0758 0.0000
-3.2096 -2.2474 0.0000
-3.1207 -2.5188 0.0000
-3.3925 -2.4834 0.0000
-3.5502 -2.7277 0.0000
1.6000 1.5135 0.0050
1.6923 1.2765 0.0065
4.6034 0.3290 0.0000
-2.0402 0.4249 0.0000
1.4055 0.5776 0.1007
1.1848 0.7172 0.1625
1.0194 0.5471 0.2829
2.6726 0.9867 0.0000
2.4145 0.8481 0.0000
-3.4939 1.7758 0.0000
-4.0184 1.7317 0.0000
3.4644 -0.0376 0.0000
3.2192 -0.1814 0.0000
-3.0850 -0.3689 0.0000
-3.2608 -0.5538 0.0000
2.4233 1.1376 0.0000
-1.2736 3.4345 0.0000
-1.4385 3.1450 0.0000
-2.0724 3.3440 0.0000
-2.2895 3.4991 0.0000
3.9744 0.8231 0.0000
3.6952 0.6952 0.0000
-0.1370 -1.3175 0.0144
-0.4236 -1.3839 0.0054
-2.3750 -1.8574 0.0000
-2.4667 -2.1147 0.0000
-2.7300 -2.2014 0.0000
-1.0944 -4.7057 0.0000
1.3124 3.1358 0.0000
1.0236 3.0667 0.0000
0.9262 2.7872 0.0001
3.7490 3.1204 0.0000
3.6040 2.8990 0.0000
3.5190 3.2219 0.0000
-2.9363 -3.9640 0.0000
-1.7339 -3.5572 0.0000
2.4362 1.7276 0.0000
-2.0357 3.6807 0.0000
-2.3354 3.7386 0.0000
-3.5021 0.9926 0.0000
-3.5948 1.2389 0.0000
-3.7969 1.0201 0.0000
1.2057 -2.1367 0.0004
1.1513 -2.4399 0.0001
-2.3219 4.2357 0.0000
-2.4763 3.9761 0.0000
-2.5866 4.2204 0.0000
-2.8162 4.1618 0.0000
-2.7314 3.9192 0.0000
2.9299 -2.0393 0.0000
2.7413 -2.2581 0.0000
2.4608 -2.1927 0.0000
-3.7962 -3.4871 0.0000
-4.1208 -3.5097 0.0000
-1.6978 1.2494 0.0000
-0.8533 -4.4647 0.0000
4.3485 -0.8968 0.0000
4.2300 -1.0892 0.0000
4.7667 4.7749 0.0000
-1.7864 1.7756 0.0000
1.3705 -0.8466 0.0455
1.0946 -0.8440 0.0990
1.2785 -1.0809 0.0326
1.1161 -1.3241 0.0222
4.2182 4.7345 0.0000
1.3890 0.2934 0.1343
1.2408 0.1150 0.2242
-1.3201 1.6081 0.0001
-1.5836 1.5188 0.0000
-1.8399 1.4782 0.0000
0.8486 2.5062 0.0003
0.8261 2.2099 0.0017
0.5816 2.3762 0.0007
0.6682 2.0024 0.0049
0.4627 2.1323 0.0025
-1.7120 -4.7837 0.0000
-4.3384 -1.2442 0.0000
-0.6258 -4.5929 0.0000
-1.0931 -0.9513 0.0015
-4.1762 3.2716 0.0000
-4.3016 3.0028 0.0000
4.2726 -2.7024 0.0000
4.2302 -2.9703 0.0000
2.6750 0.7039 0.0000
2.4092 0.5636 0.0000
-0.4388 4.7566 0.0000
-0.5467 4.4751 0.0000
0.8037 -3.7502 0.0000
0.6593 -3.9976 0.0000
-2.7887 2.1842 0.0000
-0.8009 -4.7675 0.0000
-4.5390 -2.8156 0.0000
-0.2372 1.8487 0.0034
-0.1513 1.6223 0.0104
-0.4003 1.5478 0.0073
-0.5897 1.3775 0.0070
-0.4445 1.1689 0.0207
-2.2244 1.0304 0.0000
-2.2197 0.7383 0.0000
4.7514 -2.4131 0.0000
2.9549 -2.3887 0.0000
2.7773 -2.5917 0.0000
3.6094 4.7828 0.0000
3.4612 4.5863 0.0000
2.9904 -1.3200 0.0000
2.7616 -1.4728 0.0000
2.8358 -1.7635 0.0000
2.6131 -1.2319 0.0000
2.4772 -1.4357 0.0000
2.5560 -1.7030 0.0000
2.0490 -4.7530 0.0000
-4.2572 3.5259 0.0000
-4.4582 3.2513 0.0000
-2.6305 2.7318 0.0000
-2.4419 2.5598 0.0000
-2.7208 2.4659 0.0000
1.0588 -3.0482 0.0000
0.8295 -3.2240 0.0000
2.9154 4.0152 0.0000
-2.0325 4.7520 0.0000
-2.8500 -4.2299 0.0000
-2.8004 -2.9303 0.0000
-2.9582 -3.1915 0.0000
-3.1158 -2.9764 0.0000
-3.2668 -3.2370 0.0000
-1.7829 2.0671 0.0000
-2.5347 1.4758 0.0000
-0.0157 -4.5419 0.0000
-0.1553 -4.7716 0.0000
-4.7636 0.7779 0.0000
-1.9288 0.6269 0.0000
3.6923 -4.0103 0.0000
3.4073 -3.9784 0.0000
3.4456 -4.2080 0.0000
-3.3063 4.7491 0.0000
-2.8929 4.4318 0.0000
-3.1388 4.5287 0.0000
-3.3099 4.3274 0.0000
1.6954 -2.5061 0.0000
1.5793 -2.7896 0.0000
1.3106 -2.9013 0.0000
0.0960 -2.1142 0.0007
3.3352 4.3881 0.0000
-1.4034 -4.7605 0.0000
-1.1840 4.7397 0.0000
-2.6909 -0.6576 0.0000
-2.8281 -0.9112 0.0000
-2.4500 -1.3368 0.0000
-2.8438 -1.2763 0.0000
-2.3957 -3.2448 0.0000
-2.5573 -3.4797 0.0000
-3.0766 0.0950 0.0000
-3.4274 0.0168 0.0000
-3.2247 -0.1406 0.0000
-3.4240 -0.3155 0.0000
-2.4182 4.4955 0.0000
-2.6459 4.4587 0.0000
4.7557 -3.2757 0.0000
-1.1770 0.3975 0.0033
-1.2446 0.1503 0.0025
3.1906 3.9397 0.0000
2.4646 2.5426 0.0000
2.3972 2.2580 0.0000
3.6103 -1.9905 0.0000
3.3095 -2.0015 0.0000
3.4230 -2.2419 0.0000
3.5119 -2.5136 0.0000
3.2276 -2.4564 0.0000
-3.7482 4.5040 0.0000
-4.5181 0.9151 0.0000
1.8518 -3.7793 0.0000
-1.5609 -3.3330 0.0000
-1.0445 0.0136 0.0077
-1.1906 -0.1858 0.0032
3.2097 -4.2536 0.0000
3.1005 -4.5017 0.0000
2.7940 -4.4903 0.0000
2.9560 -4.7490 0.0000
-1.9588 3.1217 0.0000
-2.1852 2.9996 0.0000
-1.6137 4.4912 0.0000
1.9038 0.2803 0.0076
1.7828 0.0904 0.0185
4.5138 1.9260 0.0000
4.2566 1.8545 0.0000
4.2333 1.5697 0.0000
-1.5931 2.3129 0.0000
-1.8541 2.3629 0.0000
1.8404 -4.0382 0.0000
1.7167 -4.2874 0.0000
2.2853 3.5791 0.0000
2.0708 3.4108 0.0000
-0.2875 -4.5171 0.0000
-0.4541 -4.7587 0.0000
-2.0238 2.5534 0.0000
-2.2316 2.3886 0.0000
-4.5553 3.0079 0.0000
-2.0132 -4.3494 0.0000
-2.1842 -4.5629 0.0000
-2.3455 -4.7761 0.0000
-4.7504 2.0058 0.0000
-1.1050 -3.1231 0.0000
0.0542 1.2038 0.0602
-0.2123 1.3344 0.0242
2.7266 3.7992 0.0000
2.5655 3.5765 0.0000
2.4313 3.3235 0.0000
0.7546 -4.7541 0.0000
0.8280 0.6742 0.2975
0.8376 0.3925 0.4034
0.6331 0.5146 0.3877
0.4727 0.3622 0.4207
0.2615 0.3597 0.3515
0.6506 0.2515 0.4696
0.4357 0.1469 0.4474
0.9943 4.2279 0.0000
0.7454 4.2641 0.0000
0.6640 4.0342 0.0000
0.4827 3.8338 0.0000
1.0108 0.0007 0.3609
0.8259 0.1280 0.4522
0.7910 -0.1266 0.4304
0.5702 -0.2337 0.4133
1.9046 2.4588 0.0000
0.0698 0.9206 0.1227
-0.1814 1.0365 0.0579
3.7646 -1.1542 0.0000
3.7744 -1.4383 0.0000
3.5250 -1.4800 0.0000
-2.2860 1.8042 0.0000
-0.8320 -2.4309 0.0000
-1.0429 -2.6158 0.0000
-2.0661 1.3582 0.0000
4.4910 -2.5482 0.0000
4.5063 -2.8417 0.0000
3.1245 -1.8255 0.0000
3.1265 -2.1859 0.0000
-2.2945 1.5287 0.0000
-2.3006 1.2565 0.0000
3.7950 -0.7612 0.0000
3.6304 -0.9414 0.0000
3.4812 -0.6696 0.0000
3.3738 -0.9765 0.0000
3.1863 -0.7593 0.0000
3.2499 -1.2664 0.0000
3.1023 -1.0382 0.0000
2.8385 -1.1267 0.0000
-4.2600 0.7367 0.0000
-4.0971 0.4995 0.0000
-4.3332 0.4318 0.0000
2.5691 -2.7685 0.0000
-0.7780 -1.6425 0.0006
-1.0575 -1.6881 0.0001
-0.9183 -1.9002 0.0001
-1.1238 -2.0488 0.0000
-1.3914 -2.0673 0.0000
-0.3073 -0.8886 0.0357
-0.3397 -1.1265 0.0167
2.8715 -3.1806 0.0000
3.0648 -3.4554 0.0000
2.8048 -3.4667 0.0000
-4.3574 4.5174 0.0000
-4.6997 4.5017 0.0000
-4.4805 4.2849 0.0000
-4.5187 4.0310 0.0000
-4.7558 4.2092 0.0000
1.6832 -0.1541 0.0310
1.4347 -0.0580 0.1119
1.4578 -0.3251 0.0820
3.1919 0.6942 0.0000
3.1796 0.4136 0.0000
2.9483 0.6967 0.0000
2.9091 0.4826 0.0000
-4.0508 4.5100 0.0000
-3.8887 4.2643 0.0000
-4.0254 4.0159 0.0000
-4.2676 3.7705 0.0000
-4.2824 4.0145 0.0000
-4.5134 3.7668 0.0000
-4.4979 -2.2883 0.0000
-4.7033 -2.4888 0.0000
-4.7671 -2.7156 0.0000
-4.5580 0.3177 0.0000
-4.7690 0.1459 0.0000
-0.7882 3.6197 0.0000
-0.9812 3.4370 0.0000
-1.1285 3.1910 0.0000
-1.2142 2.9359 0.0000
-3.5121 0.2899 0.0000
-3.7161 0.1479 0.0000
-4.0169 0.2205 0.0000
-1.5387 1.7888 0.0000
-2.6362 -1.1170 0.0000
-4.5082 4.7494 0.0000
3.2580 -3.7413 0.0000
3.1164 -3.9969 0.0000
2.9766 -3.7227 0.0000
2.8054 -3.9777 0.0000
3.3575 -3.2509 0.0000
3.2947 -3.5093 0.0000
3.2456 3.6359 0.0000
0.2775 -4.4756 0.0000
0.0316 -0.4942 0.1708
4.4306 -2.0429 0.0000
-1.8888 -0.7858 0.0000
-2.0208 -1.0436 0.0000
-2.3325 -1.0764 0.0000
-1.8766 -4.5781 0.0000
-2.0331 -4.7788 0.0000
-4.5226 -2.0178 0.0000
-4.7615 -2.2385 0.0000
-3.0169 -1.1054 0.0000
-3.1896 -1.3009 0.0000
-3.0146 -1.4677 0.0000
-3.1988 -1.6459 0.0000
-1.9542 2.8217 0.0000
4.7410 -4.2071 0.0000
3.2154 1.5635 0.0000
3.2053 1.2739 0.0000
1.2061 -0.1484 0.2256
0.9865 -0.2485 0.3240
2.1508 -3.9673 0.0000
3.1896 3.1716 0.0000
2.1521 0.7077 0.0006
1.8949 0.5677 0.0068
-2.1587 4.4914 0.0000
-0.9410 4.7301 0.0000
-3.7072 -2.9508 0.0000
-3.8598 -3.1697 0.0000
-4.0098 -3.3056 0.0000
-0.6722 0.4370 0.0345
-0.9214 0.5237 0.0111
-1.4396 -0.0431 0.0007
-1.4658 -0.3253 0.0004
-1.7364 -0.5166 0.0000
-1.7141 -0.1993 0.0001
-1.9460 -0.3386 0.0000
-3.5629 -0.5542 0.0000
-3.7555 -0.7377 0.0000
-3.6459 -0.1642 0.0000
-3.7667 -0.3949 0.0000
-3.9893 -0.5703 0.0000
-4.0237 -0.8553 0.0000
4.7593 -3.8898 0.0000
4.2815 -3.8896 0.0000
4.5159 -4.0136 0.0000
4.4648 -4.2699 0.0000
-3.2218 0.9537 0.0000
2.6970 1.5660 0.0000
2.6964 1.2677 0.0000
3.9843 1.6643 0.0000
3.9781 1.3949 0.0000
-4.2832 1.0458 0.0000
4.0276 3.3711 0.0000
4.0012 3.1276 0.0000
3.8953 2.8765 0.0000
