5.0000 5.0000 0.0000
0.0000 5.0000 0.0002
2.5000 5.0000 0.0000
3.7500 5.0000 0.0000
4.3750 5.0000 0.0000
4.6875 5.0000 0.0000
4.0625 5.0000 0.0000
3.1250 5.0000 0.0000
3.4375 5.0000 0.0000
2.8125 5.0000 0.0000
1.2500 5.0000 0.0000
1.8750 5.0000 0.0000
2.1875 5.0000 0.0000
1.5625 5.0000 0.0000
0.6250 5.0000 0.0000
0.9375 5.0000 0.0000
0.3125 5.0000 0.0000
-2.5000 5.0000 0.0008
-1.2500 5.0000 0.0041
-0.6250 5.0000 0.0014
-0.3125 5.0000 0.0006
-0.9375 5.0000 0.0027
-1.8750 5.0000 0.0041
-1.5625 5.0000 0.0048
-2.1875 5.0000 0.0024
-3.7500 5.0000 0.0000
-3.1250 5.0000 0.0000
-2.8125 5.0000 0.0001
-3.4375 5.0000 0.0000
-4.3750 5.0000 0.0000
-4.0625 5.0000 0.0000
-4.6875 5.0000 0.0000
5.0000 -5.0000 0.0000
5.0000 0.0000 0.0000
5.0000 -2.5000 0.0000
5.0000 -3.7500 0.0000
5.0000 -4.3750 0.0000
5.0000 -4.6875 0.0000
5.0000 -4.0625 0.0000
5.0000 -3.1250 0.0000
5.0000 -3.4375 0.0000
5.0000 -2.8125 0.0000
5.0000 -1.2500 0.0000
5.0000 -1.8750 0.0000
5.0000 -2.1875 0.0000
5.0000 -1.5625 0.0000
5.0000 -0.6250 0.0000
5.0000 -0.9375 0.0000
5.0000 -0.3125 0.0000
5.0000 2.5000 0.0000
5.0000 1.2500 0.0000
5.0000 0.6250 0.0000
5.0000 0.3125 0.0000
5.0000 0.9375 0.0000
5.0000 1.8750 0.0000
5.0000 1.5625 0.0000
5.0000 2.1875 0.0000
5.0000 3.7500 0.0000
5.0000 3.1250 0.0000
5.0000 2.8125 0.0000
5.0000 3.4375 0.0000
5.0000 4.3750 0.0000
5.0000 4.0625 0.0000
5.0000 4.6875 0.0000
-5.0000 -5.0000 0.0000
0.0000 -5.0000 0.0000
-2.5000 -5.0000 0.0000
-3.7500 -5.0000 0.0000
-4.3750 -5.0000 0.0000
-4.6875 -5.0000 0.0000
-4.0625 -5.0000 0.0000
-3.1250 -5.0000 0.0000
-3.4375 -5.0000 0.0000
-2.8125 -5.0000 0.0000
-1.2500 -5.0000 0.0000
-1.8750 -5.0000 0.0000
-2.1875 -5.0000 0.0000
-1.5625 -5.0000 0.0000
-0.6250 -5.0000 0.0000
-0.9375 -5.0000 0.0000
-0.3125 -5.0000 0.0000
2.5000 -5.0000 0.0000
1.2500 -5.0000 0.0000
0.6250 -5.0000 0.0000
0.3125 -5.0000 0.0000
0.9375 -5.0000 0.0000
1.8750 -5.0000 0.0000
1.5625 -5.0000 0.0000
2.1875 -5.0000 0.0000
3.7500 -5.0000 0.0000
3.1250 -5.0000 0.0000
2.8125 -5.0000 0.0000
3.4375 -5.0000 0.0000
4.3750 -5.0000 0.0000
4.0625 -5.0000 0.0000
4.6875 -5.0000 0.0000
-5.0000 5.0000 0.0000
-5.0000 0.0000 0.0000
-5.0000 2.5000 0.0000
-5.0000 3.7500 0.0000
-5.0000 4.3750 0.0000
-5.0000 4.6875 0.0000
-5.0000 4.0625 0.0000
-5.0000 3.1250 0.0000
-5.0000 3.4375 0.0000
-5.0000 2.8125 0.0000
-5.0000 1.2500 0.0000
-5.0000 1.8750 0.0000
-5.0000 2.1875 0.0000
-5.0000 1.5625 0.0000
-5.0000 0.6250 0.0000
-5.0000 0.9375 0.0000
-5.0000 0.3125 0.0000
-5.0000 -2.5000 0.0000
-5.0000 -1.2500 0.0000
-5.0000 -0.6250 0.0000
-5.0000 -0.3125 0.0000
-5.0000 -0.9375 0.0000
-5.0000 -1.8750 0.0000
-5.0000 -1.5625 0.0000
-5.0000 -2.1875 0.0000
-5.0000 -3.7500 0.0000
-5.0000 -3.1250 0.0000
-5.0000 -2.8125 0.0000
-5.0000 -3.4375 0.0000
-5.0000 -4.3750 0.0000
-5.0000 -4.0625 0.0000
-5.0000 -4.6875 0.0000
-3.9694 -3.0136 0.0000
-2.9343 -2.8649 0.0001
-3.2375 -2.8797 0.0000
-0.6921 -2.2978 0.0477
-0.9257 -2.4480 0.0313
-0.8475 -2.6982 0.0282
-1.0939 -2.6343 0.0240
-3.5678 -1.3865 0.0000
-3.5082 -4.4708 0.0000
-3.7337 1.1902 0.0000
-4.0101 0.9702 0.0000
-4.2248 0.5135 0.0000
-0.9292 -1.3692 0.0561
-1.0284 -1.5654 0.0403
2.4846 1.8139 0.0000
2.4465 1.5099 0.0000
-2.0589 4.7539 0.0069
-3.7169 3.0654 0.0000
-0.9730 -4.7321 0.0000
0.9089 -3.2275 0.0000
-2.7092 -3.4619 0.0001
-4.7886 -3.5958 0.0000
3.6067 -3.7023 0.0000
3.3453 -3.8263 0.0000
3.1704 -4.0086 0.0000
-4.0313 3.7409 0.0000
-1.4932 -2.3936 0.0161
-1.4312 -2.6829 0.0187
-1.7835 -2.3667 0.0186
-1.6761 -2.5885 0.0185
-1.6611 -2.8158 0.0161
1.9731 1.1160 0.0000
1.7392 0.9423 0.0000
1.6576 0.6852 0.0000
1.4454 0.8499 0.0000
-1.4805 3.0401 0.0299
2.9581 4.7685 0.0000
4.0313 0.1091 0.0000
4.0055 -0.1685 0.0000
3.7400 -0.2582 0.0000
3.7237 -0.5416 0.0000
1.9484 -0.3756 0.0000
-2.4486 1.4451 0.1710
-2.5310 1.4027 0.2061
-2.6130 1.3555 0.2170
-2.7292 1.3377 0.1799
-1.0746 4.0657 0.0189
-0.8688 -3.4734 0.0023
-0.8021 -3.7406 0.0004
-1.1013 -3.6824 0.0009
-2.6166 -2.3930 0.0052
-2.8259 -2.2456 0.0019
-2.8859 -2.5373 0.0005
4.3279 0.4966 0.0000
4.0799 0.3819 0.0000
3.8274 0.3462 0.0000
3.7590 0.0323 0.0000
0.1906 -1.3931 0.1453
0.0180 -1.3905 0.1666
0.1047 -1.4527 0.1531
0.0150 -1.4869 0.1582
-0.0687 -1.4466 0.1652
-0.0940 -1.5399 0.1561
3.6158 2.2406 0.0000
1.9252 -1.1262 0.0000
1.6788 -1.1151 0.0000
1.3987 3.1906 0.0000
-3.1920 3.9741 0.0002
4.5438 0.3240 0.0000
3.1894 0.9899 0.0000
2.9387 0.8976 0.0000
0.2903 -4.2722 0.0000
-2.4465 -0.2580 0.0696
-2.3459 -0.4593 0.0361
-2.5196 -0.5828 0.0903
-2.5568 -0.4175 0.1044
-2.6882 -0.5235 0.1009
-2.5154 -0.7511 0.0849
-2.6925 -0.6823 0.0876
-2.6589 -0.8444 0.0813
-2.8553 -0.8607 0.0322
1.3054 -2.8738 0.0000
1.0907 -3.0124 0.0000
4.7733 1.7041 0.0000
4.5257 1.6329 0.0000
3.1309 -2.5200 0.0000
3.9159 -4.7403 0.0000
4.2728 -0.0843 0.0000
-0.3945 2.9764 0.0002
3.0820 -3.6279 0.0000
-0.0442 3.8051 0.0001
-1.1058 -3.3596 0.0049
3.4856 2.5304 0.0000
-1.2903 3.8977 0.0327
-4.7681 2.6548 0.0000
4.5115 4.3426 0.0000
-1.6448 -2.1581 0.0124
-3.9879 4.4979 0.0000
-4.2438 4.5164 0.0000
-4.4916 4.3754 0.0000
1.5236 -3.3349 0.0000
1.3406 -3.5203 0.0000
1.1731 -3.7524 0.0000
2.0361 -4.2876 0.0000
3.5353 -3.4270 0.0000
3.3349 -3.5456 0.0000
-0.1940 -1.5769 0.1492
-0.2717 -1.6360 0.1375
-0.3167 -1.8055 0.1151
-0.4895 -1.7789 0.0998
-0.4385 -1.9379 0.0910
-0.5331 -2.1187 0.0685
-3.9291 -2.4730 0.0000
-4.0581 -2.7302 0.0000
-4.2627 -2.9816 0.0000
1.9411 4.3144 0.0000
-0.8100 3.9786 0.0094
0.0537 1.6457 0.0000
1.0004 -2.1806 0.0005
0.8720 -2.4513 0.0004
-3.4387 3.8534 0.0000
-1.1890 -4.7443 0.0000
4.7766 -4.5228 0.0000
1.8543 -1.6651 0.0000
-3.7746 -4.5011 0.0000
-3.5913 -4.7469 0.0000
-3.8954 -4.7611 0.0000
2.5242 0.6504 0.0000
2.3543 0.4300 0.0000
-4.1341 -3.2198 0.0000
3.7809 4.0217 0.0000
3.4795 4.0046 0.0000
3.2955 3.8500 0.0000
-1.3266 -3.4875 0.0028
-1.5819 -3.5217 0.0022
-0.5694 -0.9253 0.1083
-0.6745 -1.0654 0.0968
-4.7419 1.7082 0.0000
-0.6794 -2.5272 0.0390
-0.3931 -3.2440 0.0032
-3.8532 3.5222 0.0000
-1.2557 3.4184 0.0252
-1.4576 3.2800 0.0394
-0.2924 1.4331 0.0000
-0.3301 1.1757 0.0000
-2.2785 2.2275 0.1713
-2.3334 2.1476 0.1878
-2.2946 2.0587 0.1598
-2.3897 2.0592 0.2031
-2.4912 2.0579 0.2222
-2.4355 1.9769 0.2131
-2.3831 2.2303 0.2091
-2.4316 2.1417 0.2171
-2.5294 2.1371 0.2136
-2.5223 1.9653 0.2234
-2.4954 1.8777 0.2225
-2.5826 2.0309 0.2065
-2.5932 1.9155 0.2117
-2.5771 1.8182 0.2209
-2.6508 1.9799 0.1804
-2.6667 1.8653 0.1829
-4.2604 -0.9356 0.0000
-3.7274 -4.2302 0.0000
3.8901 4.2762 0.0000
4.4985 -4.7377 0.0000
4.2178 -4.7069 0.0000
3.1125 1.9969 0.0000
0.3706 4.4713 0.0000
0.1769 4.2299 0.0001
0.0952 -1.5767 0.1409
-0.0152 -1.5666 0.1513
-0.0110 -1.6562 0.1401
-0.1214 -1.6397 0.1445
1.1674 4.2417 0.0000
1.0364 3.9988 0.0000
0.9079 3.7669 0.0000
-1.5405 3.7625 0.0550
-4.4832 3.5463 0.0000
4.7550 -0.4609 0.0000
-1.3229 1.8953 0.0001
-1.6275 1.8561 0.0012
2.8597 -1.9499 0.0000
0.0067 -2.1687 0.0671
-0.0457 -2.3680 0.0462
-0.1754 -2.1326 0.0814
-0.2170 -2.2950 0.0631
-0.2911 -2.4675 0.0468
-2.1239 2.6390 0.1469
-2.1882 2.7134 0.1705
-2.2489 2.6510 0.1840
-2.2840 2.5659 0.1914
-2.1944 2.5721 0.1668
-2.1961 2.4843 0.1610
-2.3673 2.5581 0.2001
-2.2802 2.4841 0.1895
-2.3639 2.4721 0.2047
-2.2704 2.4026 0.1827
-2.3555 2.3877 0.2053
-2.3347 2.3073 0.1988
-2.4510 2.4155 0.2051
-2.5422 2.3799 0.1833
-2.4363 2.3205 0.2134
-2.4773 2.2243 0.2162
-2.5282 2.3003 0.1984
-2.5740 2.2122 0.1914
4.4779 -3.8332 0.0000
4.2255 -3.0893 0.0000
-1.2568 -1.6226 0.0199
-1.5200 -1.6882 0.0082
-1.5743 -1.9331 0.0087
-3.1049 -3.1430 0.0000
1.3654 4.7679 0.0000
1.2121 4.5168 0.0000
-2.3364 -4.7540 0.0000
-2.0610 4.4425 0.0164
-2.3038 4.3160 0.0129
-2.2872 4.1025 0.0236
1.8974 -1.3934 0.0000
-1.0372 3.8119 0.0178
0.1657 -2.3657 0.0292
0.1353 -2.6221 0.0127
-4.7548 3.5783 0.0000
2.9115 4.2589 0.0000
-2.4129 0.6603 0.0789
-2.5612 0.6461 0.1587
-2.5958 0.5679 0.1668
-2.6817 0.5822 0.1783
-2.5061 0.5340 0.1230
-2.5433 0.4279 0.1360
-2.6451 0.4909 0.1724
-2.7533 0.5213 0.1561
-2.6373 0.4011 0.1657
-2.7392 0.4282 0.1565
-2.7072 0.3416 0.1599
-2.8028 0.3015 0.1221
-3.2504 4.7133 0.0000
-4.7533 2.9616 0.0000
2.0648 4.1189 0.0000
-2.5350 4.5332 0.0028
-2.5625 4.3012 0.0047
-2.8259 4.3192 0.0010
-3.0455 4.1673 0.0003
-0.9672 -3.9556 0.0001
-0.8936 -3.1695 0.0094
-0.3964 4.5021 0.0019
1.6469 0.3934 0.0000
1.3915 0.2100 0.0001
1.4687 -1.9738 0.0000
-1.7716 -0.4826 0.0011
-2.0587 -0.5573 0.0023
-2.6746 -2.6945 0.0014
-3.8657 -1.4101 0.0000
-4.1628 -1.4503 0.0000
-1.8424 -4.0245 0.0001
-0.1561 4.5385 0.0007
-0.0300 0.5507 0.0022
-0.1702 0.3049 0.0077
2.9929 1.7434 0.0000
2.9179 1.4510 0.0000
-1.7037 0.9381 0.0000
-1.6213 0.6504 0.0001
-1.8795 0.5531 0.0002
-1.9354 0.7860 0.0006
-2.1867 0.7635 0.0120
-2.1426 0.5284 0.0053
-2.0273 0.2867 0.0009
-1.1735 0.3802 0.0009
1.7280 1.9896 0.0000
1.4401 1.9014 0.0000
4.5021 3.1148 0.0000
4.2815 2.9592 0.0000
3.6716 -4.2656 0.0000
3.7533 -4.5007 0.0000
-4.1012 -3.7877 0.0000
2.6696 0.8788 0.0000
3.4940 -0.2314 0.0000
3.2246 -0.0978 0.0000
3.0236 -0.2944 0.0000
2.1931 -4.1084 0.0000
-4.7622 -4.5225 0.0000
-1.6083 4.5296 0.0180
1.2223 1.0264 0.0000
0.9614 0.9107 0.0000
-0.4132 2.4331 0.0000
-0.5717 2.1279 0.0000
-4.5089 2.7729 0.0000
-0.9384 -4.4848 0.0000
2.4470 0.1628 0.0000
2.2841 -0.0716 0.0000
1.8400 2.9512 0.0000
3.1279 0.6959 0.0000
3.0856 0.4211 0.0000
2.8812 0.2923 0.0000
2.7126 0.1013 0.0000
2.6432 -2.3746 0.0000
-0.3820 -0.5805 0.0950
-0.5691 -0.5593 0.0712
-0.4983 -0.7051 0.0980
4.7549 3.5671 0.0000
-2.4155 -2.7999 0.0042
2.6191 -1.6074 0.0000
2.5808 -1.8632 0.0000
2.3897 -3.2120 0.0000
-0.7572 -0.6184 0.0544
-0.8801 -0.7612 0.0491
-1.0369 -0.9155 0.0371
-1.0151 -1.1680 0.0448
-2.3958 1.6232 0.1612
-2.4530 1.5637 0.1862
-2.3420 1.7668 0.1482
-2.4193 1.7187 0.1853
-2.4814 1.6671 0.2082
-2.5337 1.6061 0.2194
-2.5200 1.5047 0.2098
-2.6092 1.5547 0.2200
-2.6883 1.5068 0.1953
-2.6052 1.4573 0.2197
-2.6868 1.4123 0.1990
-2.7680 1.4588 0.1510
-2.8539 1.3879 0.0988
-0.1754 3.2019 0.0001
1.5685 -2.7921 0.0000
-2.1750 1.9652 0.0871
-2.3335 1.9704 0.1692
-2.4006 1.8983 0.1944
-2.4133 1.8192 0.1927
-2.4864 1.7773 0.2169
-2.5547 1.7192 0.2244
-2.6530 1.7565 0.1986
-2.6166 1.6541 0.2170
-2.7089 1.6855 0.1737
-2.7005 1.5962 0.1845
-2.6620 2.8939 0.0621
-2.8284 2.7174 0.0306
-3.0798 2.6164 0.0052
-3.0706 2.3540 0.0078
2.6544 -2.1348 0.0000
2.3699 -2.3816 0.0000
1.6523 -0.8724 0.0000
-1.8411 -3.5532 0.0013
-1.6907 -3.7842 0.0005
1.6227 3.4645 0.0000
1.6828 3.1958 0.0000
1.5442 2.9710 0.0000
3.2483 4.7240 0.0000
-0.4081 4.7522 0.0014
-0.6494 4.7068 0.0031
3.9346 -2.0101 0.0000
-2.6457 -4.7476 0.0000
1.0424 -3.4913 0.0000
-3.1707 -4.1554 0.0000
-3.1722 -0.2195 0.0043
-3.1523 -0.4959 0.0038
-3.3750 -0.6701 0.0004
3.7128 -3.2177 0.0000
-4.2201 4.2521 0.0000
-4.1777 4.0012 0.0000
-4.2755 2.0676 0.0000
-3.6651 0.3286 0.0000
-3.9440 0.3798 0.0000
-4.1995 -0.0525 0.0000
-4.4540 -0.1581 0.0000
1.8680 -4.1027 0.0000
-3.5139 3.5885 0.0000
-3.6345 3.3409 0.0000
0.5042 -1.0939 0.0837
0.3509 -1.1199 0.1212
0.2864 -1.2162 0.1351
0.1905 -1.1812 0.1546
2.3273 3.9853 0.0000
2.0857 3.8403 0.0000
2.2273 0.7065 0.0000
2.0983 0.4817 0.0000
1.8828 0.5932 0.0000
1.9112 0.2777 0.0000
0.9345 -4.4831 0.0000
-4.5004 1.2538 0.0000
-4.5085 0.9479 0.0000
-4.7503 1.1015 0.0000
-4.7544 0.7927 0.0000
-3.3548 2.5821 0.0005
-1.9906 -3.7788 0.0003
4.7457 -1.0652 0.0000
3.3062 1.7692 0.0000
3.1709 1.5191 0.0000
-1.9527 -1.1091 0.0031
-2.1782 -1.2086 0.0189
-0.9475 -4.1921 0.0000
0.8663 3.4910 0.0000
0.6236 3.3548 0.0000
-1.8344 3.2681 0.0994
-1.8502 3.1013 0.0979
-1.9790 3.1919 0.1255
-2.0002 3.0628 0.1307
-2.1167 3.0553 0.1508
-2.0594 2.9496 0.1427
-1.9076 2.9421 0.1026
-2.1158 2.8617 0.1549
-1.9946 2.8216 0.1185
-2.0999 2.7528 0.1467
-2.6237 -0.2862 0.1216
-2.7406 -0.3910 0.0985
-2.9351 -0.3496 0.0342
-2.8846 -0.5922 0.0378
-3.0964 -0.7671 0.0045
-3.3170 -0.9421 0.0005
-3.0428 -1.0557 0.0047
-3.2873 -1.2389 0.0004
1.2649 1.3018 0.0000
-0.4804 -4.3113 0.0000
1.6607 2.7550 0.0000
1.4195 2.6583 0.0000
2.3044 -3.4954 0.0000
-3.7762 -1.1235 0.0000
-4.0430 -1.1893 0.0000
0.5930 -3.7035 0.0000
0.4869 -4.0448 0.0000
3.5751 -2.9513 0.0000
-0.0980 4.2918 0.0004
-0.0762 4.0517 0.0003
1.1501 1.8089 0.0000
1.1274 1.5259 0.0000
0.8627 1.5243 0.0000
0.7014 1.3073 0.0000
3.5690 4.7534 0.0000
-2.6805 -3.9178 0.0000
-2.6185 -4.2525 0.0000
-2.7696 -4.4863 0.0000
3.5599 0.2822 0.0000
3.4937 0.0165 0.0000
3.2763 0.2101 0.0000
3.0405 0.0975 0.0000
0.1001 4.5047 0.0002
-0.3370 0.9309 0.0002
-4.2593 2.5753 0.0000
0.7942 -0.0383 0.0054
0.5988 -0.2622 0.0218
0.4453 -0.4584 0.0521
0.2307 -0.4465 0.0742
0.4834 -0.6929 0.0692
0.3259 -0.6193 0.0873
0.1745 -0.6033 0.1042
0.2675 -0.7471 0.1127
0.1529 -0.7240 0.1251
0.1154 -0.8204 0.1424
0.0252 -0.8281 0.1504
2.9652 -3.0797 0.0000
2.6743 -3.1388 0.0000
3.3269 -2.7419 0.0000
0.6190 2.5071 0.0000
0.3930 2.4076 0.0000
0.5408 2.2213 0.0000
0.2328 2.2012 0.0000
0.4144 2.0002 0.0000
0.8205 -2.9517 0.0000
-0.2929 0.0053 0.0239
-0.2919 -0.2432 0.0509
-0.5741 0.0281 0.0159
-0.5258 -0.1875 0.0336
-0.4492 -0.3972 0.0625
4.4900 -2.2258 0.0000
-0.8279 -1.7449 0.0582
-3.4064 0.2137 0.0006
-2.6738 2.5775 0.0931
-2.8312 2.4378 0.0451
-2.8769 2.1413 0.0473
-3.1453 2.0854 0.0054
-0.9944 2.3971 0.0003
-3.2609 -4.4034 0.0000
-4.2506 0.8033 0.0000
-4.4974 0.6532 0.0000
-4.4841 0.3701 0.0000
-4.7495 0.4896 0.0000
-4.2078 0.2310 0.0000
-4.4730 0.0990 0.0000
-4.7247 -0.0983 0.0000
-4.7446 0.1927 0.0000
-1.3671 -2.1614 0.0143
0.4143 -2.2665 0.0164
-2.7973 4.0566 0.0024
-2.9547 3.8454 0.0014
-3.1956 3.6626 0.0003
-4.7723 -2.3738 0.0000
2.6576 4.7344 0.0000
2.5588 3.8578 0.0000
4.7705 0.1608 0.0000
4.5308 0.0222 0.0000
4.2996 0.1996 0.0000
1.3630 -2.3066 0.0000
1.1319 -2.4181 0.0001
4.4975 2.5063 0.0000
4.4724 2.1988 0.0000
1.1457 -0.8684 0.0032
1.0702 4.7579 0.0000
-0.2764 -3.7604 0.0001
-0.6902 -4.0206 0.0000
-2.0268 -4.7561 0.0000
3.4440 -0.7267 0.0000
3.2356 -0.9192 0.0000
3.0156 -1.0822 0.0000
-2.7353 -1.0442 0.0498
-2.8352 -1.2119 0.0208
-3.0462 -1.3595 0.0026
-0.8009 -1.2088 0.0770
-0.2894 3.7253 0.0006
-0.5276 3.5727 0.0018
-0.7091 3.3887 0.0030
-1.0728 0.0522 0.0045
-1.3322 -0.1337 0.0033
1.4707 -3.7747 0.0000
1.0019 -3.9897 0.0000
0.8109 -1.9671 0.0052
0.7033 -2.2059 0.0043
1.6878 -1.8716 0.0000
-0.1486 -3.9833 0.0000
-0.4177 -4.0552 0.0000
3.9936 2.6558 0.0000
3.3693 -1.7982 0.0000
-0.0246 0.0821 0.0193
0.7720 4.7532 0.0000
-4.7387 -2.6730 0.0000
2.2359 -3.7578 0.0000
2.0438 -3.9094 0.0000
4.4841 1.1672 0.0000
4.5243 0.9208 0.0000
4.2889 0.8152 0.0000
4.0950 0.6406 0.0000
-0.5472 2.6852 0.0001
-1.5936 1.3947 0.0001
-2.1400 1.2804 0.0191
-1.8308 1.2633 0.0007
-1.9973 1.0339 0.0024
-2.2612 1.0261 0.0358
0.6582 0.4802 0.0009
0.4491 0.3213 0.0038
0.6366 0.1723 0.0044
0.4778 -0.0302 0.0151
0.2952 0.1329 0.0118
0.3309 -0.2454 0.0398
-1.5692 2.3734 0.0073
-1.0361 -0.1979 0.0109
1.8362 -2.8777 0.0000
1.6535 -3.0793 0.0000
1.3986 -3.0940 0.0000
1.2093 -3.2633 0.0000
1.1088 3.3494 0.0000
-1.7343 -3.0598 0.0098
-1.8698 -3.2935 0.0039
-2.0699 -3.4432 0.0013
4.3103 -4.4304 0.0000
-3.8349 1.7333 0.0000
0.0796 -1.7161 0.1245
-0.0746 -1.7460 0.1307
-0.2086 -1.7201 0.1321
-2.8640 -3.7119 0.0000
-3.0256 -3.9329 0.0000
-0.0402 -2.8337 0.0091
-3.6147 1.4913 0.0001
-3.8841 1.4437 0.0000
-4.2354 -0.3658 0.0000
-4.4410 -0.6376 0.0000
-4.5027 -0.8930 0.0000
-4.5202 -0.3845 0.0000
-4.7627 -0.3543 0.0000
-4.7179 -0.6019 0.0000
-4.7449 -0.8424 0.0000
-4.7741 -1.1064 0.0000
2.0891 -0.6468 0.0000
2.1844 -0.9467 0.0000
1.9143 -0.8702 0.0000
4.7777 4.7804 0.0000
4.7254 4.5128 0.0000
4.5063 4.7212 0.0000
4.3319 4.5085 0.0000
-3.5856 2.2923 0.0001
-3.8331 2.2309 0.0000
4.7443 -2.9638 0.0000
-0.6405 -4.5360 0.0000
-0.7398 -4.7669 0.0000
-0.7852 3.7011 0.0071
-0.3873 -2.2450 0.0672
-0.4953 -2.3806 0.0531
-0.4464 -2.6090 0.0368
-0.5996 -2.7679 0.0269
4.2526 -0.3659 0.0000
3.9860 -0.4475 0.0000
-0.6409 4.4460 0.0045
-3.7321 3.7616 0.0000
2.1726 0.1965 0.0000
1.9983 -0.0408 0.0000
-0.1290 4.7652 0.0005
1.1019 -1.6039 0.0018
2.2986 -1.8526 0.0000
2.0431 -1.8704 0.0000
-2.3386 -3.0458 0.0025
-2.6406 -2.9735 0.0007
-2.8288 -3.1805 0.0001
1.6457 -0.3847 0.0000
1.7924 -0.6191 0.0000
1.4871 -0.6224 0.0002
0.8187 -4.2203 0.0000
-4.5156 -1.6986 0.0000
-4.5053 -1.9465 0.0000
-4.7698 -1.9872 0.0000
-4.6405 -2.1963 0.0000
-0.9253 1.0663 0.0000
-1.2351 -3.9896 0.0001
-1.4076 -4.2558 0.0000
-4.1824 -4.0337 0.0000
-4.5236 -4.1067 0.0000
-4.7658 -4.2289 0.0000
4.0254 4.5347 0.0000
4.1645 4.3075 0.0000
-1.7097 -1.0710 0.0032
4.2087 3.2434 0.0000
-3.9812 4.7443 0.0000
-4.2308 4.7679 0.0000
-4.5869 -3.7524 0.0000
-4.7543 -3.9298 0.0000
-1.4371 -4.7578 0.0000
3.9466 -2.2780 0.0000
4.3875 3.8892 0.0000
-3.2586 2.8638 0.0007
-3.5269 2.8314 0.0001
2.8884 3.4707 0.0000
-0.6360 -0.7644 0.0839
-0.7468 -0.8883 0.0758
-0.8610 -1.0206 0.0636
-1.7836 2.2997 0.0198
-1.7658 2.0814 0.0089
-2.0117 2.1061 0.0459
-1.9341 1.8441 0.0142
-2.1575 1.7577 0.0560
-2.2952 1.8614 0.1343
-2.2918 1.6503 0.1043
-2.2694 1.4819 0.0734
-2.3918 1.5124 0.1453
-2.0101 -1.6460 0.0137
3.2530 -2.2769 0.0000
-1.1130 2.6470 0.0020
-1.2846 2.3794 0.0015
2.9336 -2.2702 0.0000
4.7616 -4.7718 0.0000
-2.6149 2.2874 0.1622
-2.6542 2.1765 0.1556
-2.6056 2.1073 0.1894
-2.7286 2.2528 0.1044
-2.7029 2.0790 0.1390
-2.7606 1.9510 0.1177
1.5299 4.6162 0.0000
1.4353 4.3576 0.0000
3.4256 -3.2043 0.0000
4.7529 2.0499 0.0000
4.5779 1.8874 0.0000
4.3519 1.9321 0.0000
4.0848 1.8537 0.0000
-2.2908 4.5586 0.0068
-2.0410 -3.0925 0.0055
-1.3973 -3.7558 0.0007
-1.5378 -4.0144 0.0001
2.8131 4.0014 0.0000
2.8058 3.7177 0.0000
0.9277 4.4980 0.0000
0.6449 4.4971 0.0000
0.6558 4.2540 0.0000
0.4313 4.2013 0.0000
-1.6932 3.9207 0.0576
-1.9067 3.9547 0.0573
-1.2298 -1.0841 0.0222
-0.7338 -4.2691 0.0000
-0.5533 3.1846 0.0008
-0.8481 3.1453 0.0031
-1.0262 2.9584 0.0040
-1.2909 2.8648 0.0095
2.3909 0.9094 0.0000
2.2017 1.0471 0.0000
2.0002 0.8273 0.0000
-0.7885 -0.1851 0.0203
-0.6808 -0.3895 0.0421
-0.9222 -0.4506 0.0271
-1.0763 -0.6543 0.0245
4.2019 4.7607 0.0000
-0.0570 -0.9140 0.1632
-0.1406 -0.9678 0.1668
-0.2275 -0.9824 0.1622
-0.1595 -1.0617 0.1722
-0.2421 -1.0652 0.1660
-0.2421 -1.1493 0.1686
-0.3181 -1.1400 0.1597
-0.3881 -1.1723 0.1501
-0.6298 -1.2226 0.1077
-0.2980 -1.2370 0.1624
-0.4023 -1.2676 0.1472
-0.4300 -1.3693 0.1394
-0.5332 -1.3201 0.1238
-0.4594 -1.4797 0.1284
-0.5691 -1.4374 0.1130
-0.7149 -1.3768 0.0900
-0.6535 -1.5530 0.0929
-0.8229 -1.5543 0.0668
0.0337 -4.4752 0.0000
2.6458 -4.0591 0.0000
2.6906 -4.3264 0.0000
3.2851 2.2770 0.0000
-4.4946 -3.1515 0.0000
-4.7609 -3.2820 0.0000
-4.2539 2.8797 0.0000
3.4433 -4.4704 0.0000
3.3086 -4.7623 0.0000
3.4298 4.4920 0.0000
-1.1416 -4.2503 0.0000
4.2560 -1.1407 0.0000
4.0255 -1.2684 0.0000
3.7248 -1.2018 0.0000
3.5099 -1.3221 0.0000
-1.0336 3.2969 0.0098
1.3694 -1.4600 0.0002
0.9044 4.2496 0.0000
0.7349 3.9904 0.0000
1.7284 -4.7540 0.0000
-1.4040 2.6114 0.0071
-1.6806 2.5867 0.0250
-0.2559 -0.7970 0.1395
-0.3410 -0.8747 0.1395
-0.4288 -0.9712 0.1354
-0.0468 -0.7527 0.1418
-0.0740 -0.8286 0.1529
-0.1535 -0.8706 0.1562
-0.2353 -0.8969 0.1535
-0.3163 -0.9737 0.1519
-0.3280 -1.0571 0.1556
-0.4179 -1.0822 0.1433
-0.5309 -1.0752 0.1235
-0.4964 -1.1941 0.1321
-0.0370 2.2015 0.0000
-0.3093 2.1816 0.0000
-0.4174 1.9002 0.0000
-1.1042 0.8538 0.0001
-1.0728 0.6161 0.0004
-0.8135 0.8061 0.0003
-3.9951 1.9870 0.0000
-3.0697 0.5989 0.0194
-2.8958 0.4187 0.0779
-3.1400 0.3408 0.0089
-3.2812 -3.4003 0.0000
-3.4787 -3.6475 0.0000
1.7028 -4.2960 0.0000
2.1915 -3.0031 0.0000
2.1088 -3.3092 0.0000
1.9450 -3.0955 0.0000
1.8174 -3.3422 0.0000
1.9877 -3.5958 0.0000
1.6652 -3.5733 0.0000
1.5840 -1.6370 0.0000
0.3528 -3.1459 0.0002
4.0350 2.9408 0.0000
2.5665 -2.6377 0.0000
4.1797 3.7821 0.0000
-2.3768 3.8778 0.0302
-2.2008 3.7313 0.0648
-2.4132 3.6573 0.0432
-2.6118 3.5425 0.0236
-2.3430 0.4460 0.0400
-2.4860 0.2925 0.0999
-2.2835 0.2089 0.0202
-2.3487 -0.0522 0.0350
-2.4965 0.1145 0.0986
-2.5316 -0.0347 0.1094
-2.5498 -0.1542 0.1120
-2.6533 -0.1568 0.1309
-0.4180 -2.9090 0.0155
3.9884 0.9219 0.0000
3.8596 0.6324 0.0000
3.6068 0.5663 0.0000
3.4027 0.7818 0.0000
3.3470 0.4936 0.0000
-3.2591 0.7844 0.0031
-3.5116 0.7622 0.0003
-3.7153 0.5899 0.0000
-3.7623 0.8923 0.0000
-3.9841 0.6787 0.0000
1.3383 -1.7623 0.0001
1.0782 -1.8823 0.0009
-3.3297 -3.9079 0.0000
-3.4568 -4.1734 0.0000
2.3909 -2.1062 0.0000
2.1197 -2.1667 0.0000
-2.3568 4.7854 0.0027
0.5985 2.7642 0.0000
-1.4426 -1.4463 0.0108
1.5133 1.1380 0.0000
-2.1459 -4.0079 0.0001
-2.3358 -3.8256 0.0001
-2.4636 -4.0369 0.0000
0.1260 1.9390 0.0000
-0.1357 1.9291 0.0000
-0.2219 1.6788 0.0000
3.6026 -4.7431 0.0000
-3.2810 -4.7196 0.0000
3.7286 4.5173 0.0000
-3.0511 -4.5262 0.0000
2.9838 2.2256 0.0000
4.2953 1.6603 0.0000
4.0380 1.5528 0.0000
3.7736 1.4638 0.0000
-1.8457 -0.8057 0.0014
-2.1351 -0.8936 0.0085
-3.0905 -2.3288 0.0002
-3.1514 -2.6153 0.0001
0.8747 3.1800 0.0000
0.6067 3.0577 0.0000
0.5721 -4.2817 0.0000
0.6603 -4.5124 0.0000
0.3675 -4.5242 0.0000
0.6955 -4.7503 0.0000
0.4453 -4.7666 0.0000
0.1566 -4.7441 0.0000
4.7508 3.8717 0.0000
-4.0801 1.5971 0.0000
-4.2483 1.3959 0.0000
-4.1991 1.8059 0.0000
-4.3872 1.6200 0.0000
-4.5696 1.5046 0.0000
-4.7802 1.3906 0.0000
2.0496 4.7784 0.0000
1.8807 4.6014 0.0000
-3.2733 -1.5325 0.0002
-3.4856 -1.6551 0.0000
2.1986 2.5694 0.0000
1.9971 2.4035 0.0000
1.7788 2.2667 0.0000
-0.3430 -3.5016 0.0006
-0.5828 -3.5459 0.0009
-0.5197 -3.7985 0.0001
4.7562 2.9650 0.0000
4.7558 2.6518 0.0000
-4.5031 1.8634 0.0000
-3.7891 2.7807 0.0000
-4.0353 2.6888 0.0000
0.5207 -0.8948 0.0751
0.3680 -0.9846 0.1137
0.3579 -0.8392 0.1061
0.2486 -0.9768 0.1382
0.2175 -0.8714 0.1348
0.1181 -0.9240 0.1537
0.2515 -1.0837 0.1424
0.1553 -0.9962 0.1548
-1.1048 3.6046 0.0193
4.2273 -0.6448 0.0000
-3.6224 -3.9143 0.0000
-3.9011 -4.0067 0.0000
-4.0985 2.3132 0.0000
-4.3702 2.3253 0.0000
-4.5491 2.1567 0.0000
0.2644 -1.3103 0.1363
0.1739 -1.2786 0.1550
0.0995 -1.3399 0.1625
0.4219 -1.2627 0.1012
0.4944 -1.4230 0.0745
0.3257 -1.4094 0.1160
0.3589 -1.5696 0.0935
0.2121 -1.5139 0.1302
0.2160 -1.6623 0.1119
-3.3263 3.3796 0.0002
2.0033 2.1084 0.0000
1.9593 1.8239 0.0000
1.3262 2.8837 0.0000
-2.9502 -4.7613 0.0000
1.4148 -1.1682 0.0003
-3.0491 3.4078 0.0018
1.6113 2.4588 0.0000
1.5157 2.1767 0.0000
-0.8220 0.0465 0.0091
-1.3430 -0.6269 0.0093
4.4961 -0.5668 0.0000
4.4517 -0.8533 0.0000
4.5388 -4.4802 0.0000
0.8948 -1.1530 0.0152
0.6468 -1.2446 0.0492
0.9145 -1.3936 0.0105
0.8279 -1.6876 0.0103
-2.3008 -0.6811 0.0282
-2.3928 -0.8858 0.0545
-2.5541 -0.9584 0.0810
-1.3219 4.1646 0.0277
-1.5125 4.0181 0.0428
2.0137 3.1332 0.0000
3.1434 4.4282 0.0000
2.7550 -2.8590 0.0000
2.4599 -2.9194 0.0000
1.6640 1.7176 0.0000
1.3883 1.6265 0.0000
-1.5648 2.8056 0.0255
-2.6885 -1.7050 0.0199
-2.8605 -1.8524 0.0041
-3.0111 -2.0397 0.0007
-1.7770 1.5937 0.0015
-2.0440 1.5456 0.0151
0.1818 -1.8325 0.0942
2.5939 -3.4196 0.0000
-4.4728 4.0620 0.0000
-4.5810 3.7937 0.0000
1.2369 -4.5143 0.0000
-3.1384 3.1346 0.0014
-3.4318 3.1124 0.0001
4.7375 -3.6905 0.0000
4.7330 -3.9657 0.0000
-0.1593 3.5002 0.0002
-0.3864 3.3626 0.0005
4.0369 -3.5972 0.0000
2.5153 1.1446 0.0000
2.3088 1.2895 0.0000
2.3121 3.1373 0.0000
2.1836 2.9193 0.0000
2.0113 2.7561 0.0000
1.8396 2.5877 0.0000
4.4948 -3.2056 0.0000
4.5086 -3.5072 0.0000
-0.8514 4.2459 0.0098
2.3456 4.7484 0.0000
2.1563 4.5025 0.0000
-4.0995 -2.2141 0.0000
-4.2170 -2.4684 0.0000
-2.3317 -1.9561 0.0360
-2.4754 -2.1744 0.0187
3.7921 2.9790 0.0000
3.7301 2.7558 0.0000
1.1856 0.7212 0.0000
0.9276 0.5984 0.0002
0.7073 2.0107 0.0000
0.5949 1.7606 0.0000
0.5787 1.5258 0.0000
0.3262 1.7431 0.0000
0.3228 1.4936 0.0000
0.1650 1.3051 0.0000
-2.2371 -1.7318 0.0363
-2.4461 -1.7046 0.0444
-2.5404 -1.8967 0.0265
-1.5526 0.0899 0.0007
-1.6456 -0.1832 0.0010
0.6171 3.6799 0.0000
0.3698 3.4824 0.0000
3.6897 -2.0231 0.0000
3.4171 -2.0618 0.0000
-4.0119 -4.2713 0.0000
-4.2911 -4.2576 0.0000
3.0711 3.0000 0.0000
-1.7054 4.7864 0.0088
-1.8619 4.6093 0.0131
-2.1677 -2.5936 0.0162
-2.4211 -2.5608 0.0086
-4.2610 -1.7101 0.0000
-4.2462 -1.9609 0.0000
-4.3867 -2.2302 0.0000
-0.0520 1.4066 0.0000
-0.0853 1.1408 0.0000
-3.4329 -0.3688 0.0003
-3.6258 -0.5771 0.0000
2.6666 1.3647 0.0000
-2.0394 -2.3592 0.0239
-2.3048 -2.3544 0.0205
-0.5159 1.6395 0.0000
-0.5482 1.3347 0.0000
4.5108 -2.5223 0.0000
4.4742 -2.9025 0.0000
-1.6674 -1.3396 0.0045
-1.7400 -1.6018 0.0050
2.3353 -4.7557 0.0000
2.0368 -4.7419 0.0000
-4.0365 -4.5152 0.0000
-0.7364 1.5275 0.0000
-0.8163 1.2849 0.0000
1.0778 2.8347 0.0000
0.8484 2.9015 0.0000
0.8761 2.6006 0.0000
0.7923 2.2975 0.0000
-0.2638 -1.5092 0.1508
-0.3623 -1.5575 0.1358
-0.3769 -1.6853 0.1220
-0.5033 -1.6072 0.1125
-0.6470 -1.7120 0.0841
-0.6420 -1.9048 0.0720
0.3619 3.2051 0.0000
0.1043 3.0619 0.0000
-4.5045 4.7029 0.0000
0.0393 -4.1769 0.0000
-0.2045 -4.2688 0.0000
2.7877 2.9582 0.0000
2.6376 3.2605 0.0000
2.5273 3.0126 0.0000
2.3748 2.7671 0.0000
0.3173 3.7394 0.0000
0.0931 3.6150 0.0000
1.3979 -0.9033 0.0004
3.0395 -2.7974 0.0000
-4.3171 -3.3587 0.0000
-4.5556 -3.4606 0.0000
1.5552 -4.5224 0.0000
0.4640 4.7426 0.0000
0.1639 4.7475 0.0001
-2.1648 -4.5099 0.0000
-2.4701 -4.5018 0.0000
-3.1636 0.0609 0.0060
-3.4203 -0.0746 0.0004
-1.0587 -1.7952 0.0324
-1.3122 -1.8825 0.0152
-0.4275 0.2315 0.0089
3.8338 1.7534 0.0000
3.5659 1.6766 0.0000
3.4303 1.4833 0.0000
3.5898 1.3069 0.0000
3.4749 1.0618 0.0000
3.2794 1.2639 0.0000
2.8047 -3.6029 0.0000
2.7291 -3.8435 0.0000
-4.1772 3.4773 0.0000
-2.3578 1.2210 0.0921
-2.4483 0.9711 0.1217
-2.5568 0.9260 0.1780
-2.6025 0.8381 0.1875
-2.4611 1.0990 0.1416
-2.5440 1.0259 0.1804
-2.6348 1.0088 0.2029
-2.6539 0.9154 0.1981
-2.7210 0.9689 0.1850
-2.8072 0.9145 0.1386
-2.7085 0.8479 0.1859
-2.7886 0.8115 0.1485
-2.8746 0.7321 0.0959
0.7503 -3.4730 0.0000
0.4459 -3.4536 0.0000
0.2304 -3.6331 0.0000
-1.7237 -4.7556 0.0000
1.1313 -0.3963 0.0022
-3.5199 1.7610 0.0002
-1.1981 -0.4017 0.0104
-1.4848 -0.3999 0.0034
-2.3799 1.3642 0.1203
-2.4805 1.3410 0.1777
-2.5543 1.2849 0.2051
-2.6565 1.2688 0.2098
-2.4687 1.2561 0.1622
-2.5062 1.1806 0.1756
-2.5873 1.2011 0.2080
-2.5892 1.1080 0.2025
-2.6794 1.1745 0.2028
-2.6899 1.0816 0.1981
-2.9001 1.2386 0.0770
-2.7583 1.2492 0.1653
-2.7809 1.1447 0.1536
-2.7681 1.0373 0.1623
-2.9062 1.0508 0.0774
-3.0619 4.5030 0.0001
-3.2208 4.3351 0.0001
3.4526 3.6198 0.0000
3.1628 3.5711 0.0000
4.0163 -4.4418 0.0000
0.1591 -3.3654 0.0002
-0.0603 -3.5809 0.0001
2.7818 1.9646 0.0000
2.7150 1.6595 0.0000
2.9516 2.7267 0.0000
3.0220 2.4648 0.0000
2.7714 2.4961 0.0000
2.7208 2.2526 0.0000
-1.1174 -2.0514 0.0242
-1.1507 -2.3158 0.0222
-1.2701 -2.4989 0.0200
1.4054 0.5353 0.0000
1.1497 0.4078 0.0001
0.8654 0.2995 0.0010
1.0717 0.1246 0.0007
-1.9203 -2.6048 0.0192
-1.9082 -2.8384 0.0136
-2.1584 -2.8288 0.0094
-1.0176 1.9063 0.0000
-1.1837 1.6482 0.0000
0.1631 -1.0856 0.1579
0.0895 -1.1384 0.1687
0.0938 -1.2333 0.1677
0.0803 -1.0377 0.1662
0.0063 -1.1891 0.1756
0.0335 -0.9141 0.1601
0.0309 -0.9890 0.1670
-0.0422 -0.9954 0.1704
-0.0818 -1.0519 0.1742
0.0055 -1.0871 0.1740
-0.0713 -1.1367 0.1773
-0.1535 -1.1473 0.1753
0.0114 -1.2867 0.1731
-0.0851 -1.2344 0.1771
-0.0646 -1.3422 0.1729
-0.1503 -1.3895 0.1683
-0.1956 -1.2296 0.1726
-0.1476 -1.3042 0.1733
-0.2343 -1.3169 0.1668
-0.3236 -1.3380 0.1561
-0.1674 -1.4781 0.1604
-0.2420 -1.4078 0.1610
-0.3417 -1.4401 0.1478
-1.4405 -1.1760 0.0106
4.5201 2.8082 0.0000
4.2604 2.6928 0.0000
-2.3524 -1.0753 0.0470
-2.5471 -1.1348 0.0715
-2.6337 -1.3016 0.0517
2.4046 -4.2609 0.0000
2.2076 -4.4843 0.0000
3.1312 3.2903 0.0000
2.8751 3.1932 0.0000
0.7017 -0.7625 0.0366
0.6959 -1.0096 0.0425
-1.6669 3.1731 0.0644
-1.7169 2.9649 0.0596
3.1179 -1.8028 0.0000
3.1319 -2.0479 0.0000
-0.1375 -4.7483 0.0000
4.0968 -1.5665 0.0000
3.8776 -1.7464 0.0000
3.6227 -1.7906 0.0000
2.2117 1.6408 0.0000
1.9347 1.5720 0.0000
2.0665 1.3637 0.0000
1.7696 1.2510 0.0000
0.4732 3.9593 0.0000
0.1887 3.9646 0.0000
-0.7177 1.8651 0.0000
-0.9113 1.6507 0.0000
-1.7860 3.7589 0.0740
-1.9926 3.7656 0.0757
-2.0750 3.5954 0.0933
-1.8898 3.6074 0.0917
-2.1150 3.4172 0.1148
0.9818 1.2283 0.0000
0.7116 1.0524 0.0000
0.4462 0.9280 0.0001
3.4903 -0.4886 0.0000
3.2515 -0.3967 0.0000
3.1776 -0.6315 0.0000
2.9119 -0.5502 0.0000
-0.7263 -2.0897 0.0535
-0.8839 -1.9562 0.0439
-0.9206 -2.2041 0.0348
1.0369 -2.7143 0.0000
-3.7332 4.5200 0.0000
2.8509 -2.5706 0.0000
-1.2330 -4.4985 0.0000
-3.9944 -1.6887 0.0000
-3.9843 -1.9395 0.0000
3.8232 -1.4687 0.0000
3.6043 -1.5563 0.0000
1.1482 -1.1074 0.0028
-0.9135 3.4973 0.0088
-1.2285 3.1388 0.0146
-4.7293 3.2781 0.0000
3.2464 -3.0097 0.0000
-3.9392 3.2663 0.0000
-3.9923 2.9833 0.0000
2.5032 -4.5317 0.0000
-0.2175 -3.0383 0.0058
-0.1212 -3.3070 0.0009
-3.1936 -1.8187 0.0003
-3.4540 -1.8788 0.0000
0.0065 -1.8435 0.1132
0.0936 -1.9867 0.0839
-0.1573 -1.8449 0.1180
-0.0881 -1.9867 0.0981
-0.2558 -1.9514 0.1022
-0.3349 -2.0853 0.0842
-1.0021 -2.9007 0.0194
-1.2455 -2.8282 0.0189
-1.4596 -2.9911 0.0136
-3.6294 -0.8629 0.0000
-3.5198 -1.1152 0.0001
-2.5366 -3.2412 0.0004
-4.3115 3.7664 0.0000
4.7290 -0.7763 0.0000
-1.6979 -4.2684 0.0000
-1.8557 -4.5108 0.0000
4.4003 -1.6541 0.0000
4.4718 -1.9250 0.0000
-3.3918 -3.1249 0.0000
-3.5605 -3.3473 0.0000
2.6410 2.7264 0.0000
2.4809 2.4535 0.0000
2.2502 2.2655 0.0000
2.4911 2.1112 0.0000
2.2354 1.9510 0.0000
3.6241 -2.2736 0.0000
3.4325 -2.4535 0.0000
2.3777 -1.6116 0.0000
-0.6543 2.3687 0.0000
-0.8545 2.1586 0.0000
4.7268 -4.2455 0.0000
-1.8310 0.0489 0.0002
-2.0974 -0.0024 0.0022
-1.9258 -0.2473 0.0005
-2.1922 -0.2742 0.0076
0.7295 -2.6997 0.0003
0.4737 -2.7541 0.0013
-1.8084 -1.8634 0.0094
-1.9012 -2.1180 0.0184
-1.1891 -1.3516 0.0267
3.6027 4.2585 0.0000
3.3137 4.2154 0.0000
-4.3460 -2.7027 0.0000
-4.5327 -2.8557 0.0000
-4.7609 -2.9865 0.0000
3.1770 -3.3166 0.0000
2.8930 -3.3532 0.0000
3.1508 -4.5662 0.0000
2.9805 -4.7672 0.0000
-3.3270 2.3294 0.0008
-3.6277 2.5443 0.0000
-3.8860 2.4872 0.0000
1.8431 -2.0501 0.0000
1.6007 -2.1879 0.0000
-1.1625 2.1420 0.0002
-1.4817 2.1299 0.0015
-3.4464 4.4762 0.0000
4.7431 2.3461 0.0000
-2.0027 -4.2643 0.0000
-2.3033 -4.2573 0.0000
3.3436 -1.1555 0.0000
3.1648 -1.2994 0.0000
2.8885 -1.3772 0.0000
-1.4677 1.6376 0.0001
-3.5190 4.7462 0.0000
-3.7536 4.7646 0.0000
-1.3199 1.3859 0.0000
-1.5038 1.1433 0.0000
4.2669 -3.6721 0.0000
1.7126 4.7809 0.0000
2.5947 3.5609 0.0000
2.4110 3.3741 0.0000
-2.7895 4.5628 0.0007
4.5002 -1.0965 0.0000
4.5247 -1.3377 0.0000
4.3018 -1.3979 0.0000
-3.0000 0.8665 0.0377
-3.3906 0.5061 0.0008
2.7232 4.4564 0.0000
2.5793 4.1852 0.0000
1.1529 -1.3348 0.0021
-0.1036 -2.5658 0.0294
-0.2723 -2.7395 0.0225
-3.4084 4.1584 0.0000
2.3099 3.6626 0.0000
-2.5409 4.0698 0.0096
-2.6534 3.8044 0.0105
-2.8684 3.5819 0.0046
4.5136 3.6936 0.0000
4.3288 4.1358 0.0000
4.0701 4.0283 0.0000
4.7414 -2.0703 0.0000
4.2607 3.5519 0.0000
3.9986 3.4802 0.0000
3.9035 3.2235 0.0000
3.9228 3.7544 0.0000
3.6354 3.7952 0.0000
3.7256 3.5294 0.0000
3.6531 3.3013 0.0000
3.4052 3.3601 0.0000
3.3357 3.0814 0.0000
-0.5491 0.7533 0.0006
-0.8491 0.5489 0.0010
2.4568 4.4861 0.0000
2.2854 4.2644 0.0000
-2.1641 2.9744 0.1608
-2.2002 2.8987 0.1689
-2.2021 2.8073 0.1730
-2.2774 2.7418 0.1850
-2.2417 3.0116 0.1605
-2.2761 2.9256 0.1689
-2.3775 2.9089 0.1568
-2.2988 2.8349 0.1777
-2.3997 2.8138 0.1662
-2.3602 2.7427 0.1831
-2.3461 2.6516 0.1933
-2.4382 2.7038 0.1726
-2.4419 2.6098 0.1848
-2.5255 2.6583 0.1488
-2.4961 2.7771 0.1414
-2.6139 2.7298 0.0996
-2.4521 2.5144 0.1945
-2.5397 2.5664 0.1572
-2.5341 2.4706 0.1740
-2.6246 2.4724 0.1311
-2.6515 2.3794 0.1301
-0.8689 4.7532 0.0045
-4.5442 2.4966 0.0000
1.3851 4.0813 0.0000
1.2438 3.8792 0.0000
1.3590 3.4260 0.0000
1.1425 3.6331 0.0000
-3.7354 -3.5445 0.0000
-3.8359 -3.7407 0.0000
-2.9938 -3.4304 0.0000
-3.1671 -3.6699 0.0000
0.2512 -2.8708 0.0023
0.0678 -3.0922 0.0015
-4.7539 2.3347 0.0000
4.7759 4.2184 0.0000
4.5896 4.0506 0.0000
-3.6802 0.0687 0.0000
-3.9337 0.0967 0.0000
-3.9552 -0.1826 0.0000
2.1258 -1.5714 0.0000
1.8529 3.9576 0.0000
1.7564 3.6964 0.0000
-0.6859 2.9258 0.0007
-0.8639 2.7576 0.0009
-0.7899 2.5460 0.0002
1.8529 -2.3296 0.0000
1.5894 -2.4836 0.0000
0.3876 -3.8050 0.0000
0.2099 -3.9899 0.0000
-1.4724 0.3838 0.0003
-0.5710 -3.0686 0.0104
-0.6545 -3.2975 0.0042
-3.6821 -0.1916 0.0000
-3.7532 -0.4034 0.0000
-3.9762 -0.4626 0.0000
-4.1685 -0.6782 0.0000
-1.3195 3.6741 0.0356
-1.4906 3.5197 0.0510
1.1475 3.0917 0.0000
-4.5335 -4.4093 0.0000
1.5747 3.9096 0.0000
1.4410 3.6934 0.0000
4.2634 1.3786 0.0000
4.2345 1.0888 0.0000
3.9895 1.2565 0.0000
3.7679 1.1200 0.0000
3.6856 0.8534 0.0000
4.7232 -2.6816 0.0000
4.2232 2.4143 0.0000
4.1635 2.1382 0.0000
3.9436 2.3342 0.0000
0.7032 0.7728 0.0001
0.4548 0.6456 0.0007
0.1933 0.7546 0.0005
4.7611 1.4029 0.0000
4.5214 1.4015 0.0000
4.7500 1.1087 0.0000
4.7701 0.7908 0.0000
1.2521 -2.0892 0.0001
-0.5530 3.8639 0.0032
1.7250 1.4732 0.0000
1.4945 1.4130 0.0000
1.3311 -2.6052 0.0000
-4.2134 3.1737 0.0000
2.9145 -4.1300 0.0000
2.9530 -4.4086 0.0000
-0.5807 4.1636 0.0043
0.1696 -0.0741 0.0297
-0.0754 -0.1449 0.0419
0.0403 -3.8242 0.0000
4.7731 -1.3413 0.0000
4.6457 -1.5747 0.0000
4.7350 -1.7936 0.0000
1.2930 -4.0122 0.0000
1.1157 -4.2515 0.0000
-2.6430 4.7782 0.0008
4.7527 3.2686 0.0000
4.4929 3.3982 0.0000
-3.2741 -2.1058 0.0001
-3.5453 -2.1366 0.0000
-3.6335 -2.3815 0.0000
0.9386 -0.6189 0.0102
0.9169 -0.8892 0.0140
-1.8183 2.7635 0.0637
-1.9825 2.6604 0.0993
-2.0725 2.5116 0.1146
-1.8740 2.5108 0.0518
-1.9966 2.3286 0.0652
-2.1597 2.3897 0.1361
-2.2478 2.3197 0.1670
-2.1499 2.2490 0.1137
-2.2074 2.1279 0.1245
3.6428 -3.9757 0.0000
3.4204 -4.1418 0.0000
3.1932 -4.2884 0.0000
-4.2871 -4.5143 0.0000
-4.1987 -4.7662 0.0000
-4.5015 -4.7211 0.0000
-2.4002 -1.3073 0.0560
-2.5444 -1.4988 0.0497
-2.7986 -1.4856 0.0157
-1.2937 0.1577 0.0015
-3.4204 1.2763 0.0006
-3.4933 1.0172 0.0003
0.8517 -0.3412 0.0098
0.6693 -0.5257 0.0304
1.3779 -0.3395 0.0003
1.2255 -0.6361 0.0016
-0.0682 0.8636 0.0003
0.0854 -0.3217 0.0642
-0.1047 -0.3498 0.0719
-0.2605 -0.4591 0.0853
-0.0996 -0.5122 0.1003
0.0463 -0.5435 0.1035
0.0439 -0.7003 0.1305
-0.0853 -0.6517 0.1253
-0.1650 -0.7593 0.1405
-0.2277 -0.6386 0.1176
-0.3464 -0.7321 0.1211
-0.4578 -0.8366 0.1189
-1.1777 -3.0954 0.0121
-1.3865 -3.2434 0.0074
-1.6127 -3.2854 0.0055
-3.6895 4.2764 0.0000
-3.9527 4.2519 0.0000
3.8740 2.0579 0.0000
3.6227 1.9376 0.0000
3.3954 2.0249 0.0000
-1.3697 4.4326 0.0192
-1.5651 4.2656 0.0311
0.7053 -1.4557 0.0311
0.5556 -1.6293 0.0463
0.3755 -1.7683 0.0677
-3.0002 -1.6446 0.0021
-4.4518 3.3202 0.0000
-0.1290 2.9370 0.0000
-0.2562 2.7003 0.0000
3.5839 3.0708 0.0000
3.4823 2.8094 0.0000
4.4517 -4.1371 0.0000
4.1746 -4.1987 0.0000
-4.7318 -1.4102 0.0000
-4.7550 -1.7023 0.0000
0.2598 0.4780 0.0025
0.1086 0.2847 0.0077
-1.1173 4.7896 0.0063
-1.4078 4.7352 0.0099
-4.5181 -2.4941 0.0000
2.9454 -0.8186 0.0000
2.6946 -0.8638 0.0000
2.7616 -1.1138 0.0000
-1.7340 0.3279 0.0001
4.5370 0.6387 0.0000
0.4410 1.2213 0.0000
0.1819 1.0391 0.0001
0.0988 3.3421 0.0000
-3.6598 4.0271 0.0000
-3.9150 4.0045 0.0000
-1.2827 -0.8545 0.0156
-4.0226 1.2369 0.0000
-4.2669 1.0958 0.0000
0.8826 -3.7287 0.0000
0.7122 -3.9595 0.0000
4.7653 0.4770 0.0000
2.8776 -0.0784 0.0000
2.5532 -0.1069 0.0000
2.4640 -0.3480 0.0000
2.1958 -0.3183 0.0000
4.7640 -0.1503 0.0000
4.5149 -0.2739 0.0000
2.8339 0.6076 0.0000
2.6299 0.3884 0.0000
-2.7543 1.8058 0.1351
-2.8268 1.6879 0.0990
-2.7979 1.5548 0.1257
-3.3080 1.5392 0.0018
-4.3224 -3.6412 0.0000
-4.3906 -3.9095 0.0000
1.3337 2.3824 0.0000
1.1562 2.6020 0.0000
1.2403 2.1028 0.0000
1.0565 2.3382 0.0000
0.9734 2.0522 0.0000
0.8732 1.7705 0.0000
0.6023 -2.4644 0.0026
0.3657 -2.5426 0.0068
-4.4917 3.0583 0.0000
4.7519 -2.3671 0.0000
3.3445 -1.5313 0.0000
3.0985 -1.5608 0.0000
2.8483 -1.6679 0.0000
3.2256 2.7806 0.0000
3.2372 2.5462 0.0000
-0.6082 0.5184 0.0019
-0.6764 0.2857 0.0049
-0.9421 0.3034 0.0025
-2.2403 3.5284 0.0866
-2.4251 3.4338 0.0648
-2.2632 3.3531 0.1092
-2.5154 3.2623 0.0640
-2.2352 3.2038 0.1357
-2.2142 3.0942 0.1518
-2.3696 3.2431 0.1049
-2.3469 3.1148 0.1310
-2.3354 3.0053 0.1508
-2.6048 3.1028 0.0578
-2.4614 3.0274 0.1130
-2.5029 2.8941 0.1199
-2.7138 3.3402 0.0206
-2.8834 3.2207 0.0087
-2.8177 3.0253 0.0196
-2.9943 2.8983 0.0069
-0.2763 0.6645 0.0012
-0.3750 0.4659 0.0032
-3.8620 -3.3001 0.0000
-4.0491 -3.5110 0.0000
3.8844 4.7655 0.0000
-3.3671 -2.3855 0.0000
-3.4394 -2.6412 0.0000
-3.6970 -2.6012 0.0000
-3.7934 -2.8075 0.0000
-3.8266 -2.1930 0.0000
1.7758 -3.8233 0.0000
1.5821 -4.0380 0.0000
1.4087 -4.2751 0.0000
-1.0406 1.3887 0.0000
-1.1947 1.1314 0.0000
-4.7702 -4.7803 0.0000
4.7427 -3.2189 0.0000
4.7627 -3.4430 0.0000
-4.7405 4.2148 0.0000
-4.7733 3.9262 0.0000
2.5162 -3.6994 0.0000
2.4074 -3.9560 0.0000
3.7418 2.5017 0.0000
1.6479 -1.3755 0.0000
-2.4046 -3.4935 0.0003
-2.5545 -3.7029 0.0001
0.3221 -1.9615 0.0543
0.2251 -2.1337 0.0476
-2.9573 1.8668 0.0337
-3.2249 1.8043 0.0033
-1.3922 0.8815 0.0000
-1.3329 0.6239 0.0002
2.1532 3.3911 0.0000
3.7684 -2.4920 0.0000
3.5830 -2.6639 0.0000
2.9420 4.5537 0.0000
4.2153 -2.1149 0.0000
4.2461 -2.3945 0.0000
4.0395 -2.5734 0.0000
2.3035 -2.6816 0.0000
2.0954 -2.4766 0.0000
2.0697 -2.7782 0.0000
1.8302 -2.6123 0.0000
-0.6191 1.0467 0.0001
-0.2967 -4.5238 0.0000
-0.4490 -4.7541 0.0000
-1.9104 -1.3633 0.0044
-2.1393 -1.4302 0.0198
-2.3163 -1.5147 0.0443
1.6973 4.4380 0.0000
1.6851 4.1706 0.0000
2.4602 -1.0948 0.0000
2.6303 -1.3604 0.0000
2.3840 -1.3735 0.0000
2.1696 -1.2599 0.0000
-0.9075 4.5144 0.0079
-1.1607 4.5719 0.0111
-1.1138 4.3214 0.0160
-1.8161 4.3526 0.0263
-1.7618 4.1252 0.0431
-2.0287 4.1765 0.0330
-2.1253 3.9381 0.0487
4.1705 -3.9260 0.0000
3.8932 -3.8226 0.0000
3.9095 -4.1375 0.0000
1.9902 3.6142 0.0000
1.8752 3.3755 0.0000
-1.5383 -4.5137 0.0000
0.5922 -1.8516 0.0251
0.5062 -2.0459 0.0221
2.7975 -4.5988 0.0000
2.6399 -4.7842 0.0000
4.1776 -0.9229 0.0000
3.9161 -1.0127 0.0000
3.9622 -0.7263 0.0000
3.7083 -0.8184 0.0000
3.5455 -1.0050 0.0000
0.5637 -2.9738 0.0002
0.6329 -3.2235 0.0000
3.0227 1.2198 0.0000
2.7998 1.1318 0.0000
4.1736 -1.8386 0.0000
-4.7666 2.0124 0.0000
-1.6911 3.5863 0.0751
-1.6592 3.3769 0.0712
-1.8231 3.4472 0.0955
-1.9882 3.4734 0.1083
-1.9493 3.3502 0.1151
-2.0336 3.2948 0.1267
-2.1374 3.2801 0.1314
-2.1061 3.1643 0.1424
-2.2360 -3.2883 0.0015
-2.1952 -3.6389 0.0004
4.2561 -3.3838 0.0000
3.9957 -3.2988 0.0000
3.7960 -3.5066 0.0000
-4.2931 -1.1871 0.0000
-4.5385 -1.1565 0.0000
-4.4509 -1.4457 0.0000
-2.0715 -1.9140 0.0244
-2.1789 -2.1438 0.0296
-3.8637 -0.7067 0.0000
-3.9862 -0.9321 0.0000
1.4224 -4.7588 0.0000
1.1441 -4.7571 0.0000
0.9172 -4.7356 0.0000
2.7397 -0.3142 0.0000
2.6323 -0.5963 0.0000
2.3228 -0.5730 0.0000
2.4145 -0.8079 0.0000
-0.3432 4.2684 0.0016
1.7650 -0.1612 0.0000
3.1125 4.0724 0.0000
3.0290 3.8002 0.0000
1.8768 -4.5015 0.0000
-0.3166 4.0056 0.0011
-3.7337 -1.6577 0.0000
-3.0011 1.5602 0.0295
-3.1133 1.3099 0.0122
-3.2032 1.0483 0.0055
-4.7740 4.7795 0.0000
-4.7452 4.5087 0.0000
-3.7233 -1.9093 0.0000
-2.8259 -4.0953 0.0000
-2.9575 -4.2854 0.0000
-2.9610 4.7712 0.0001
0.3418 2.9198 0.0000
0.3382 2.6564 0.0000
0.0606 2.7448 0.0000
0.1188 2.4662 0.0000
-0.1402 2.4606 0.0000
3.8326 -2.7761 0.0000
3.9086 -3.0328 0.0000
-2.3985 0.8359 0.0822
-2.5142 0.8331 0.1489
-2.5592 0.7441 0.1649
-2.6509 0.6713 0.1843
-2.6621 0.7681 0.1901
-2.7413 0.7248 0.1698
-2.7511 0.6362 0.1622
-2.8515 0.5850 0.1068
-0.7547 -2.9515 0.0177
-1.5906 -0.6890 0.0036
-1.5107 -0.9164 0.0067
1.6991 0.1131 0.0000
1.5175 -0.0877 0.0001
1.2702 -0.0733 0.0004
1.0431 -0.1581 0.0022
-3.5284 -2.8755 0.0000
-3.6898 -3.0882 0.0000
-3.4213 2.0430 0.0004
-3.6990 1.9921 0.0000
4.3206 -2.6893 0.0000
4.1220 -2.8493 0.0000
2.9727 -3.8603 0.0000
-2.6969 -2.0487 0.0082
-2.6056 0.3170 0.1536
-2.5961 0.2026 0.1440
-2.6817 0.2540 0.1576
-2.7599 0.1835 0.1341
-2.6709 0.1465 0.1510
-2.6322 0.0695 0.1439
-2.6499 -0.0320 0.1390
-2.7719 0.0545 0.1209
-2.7540 -0.0792 0.1180
-2.9353 0.1755 0.0525
-2.7747 -0.2281 0.0996
-2.9383 -0.0808 0.0430
