5.0000 5.0000 0.0000
0.0000 5.0000 0.0002
2.5000 5.0000 0.0000
3.7500 5.0000 0.0000
4.3750 5.0000 0.0000
4.6875 5.0000 0.0000
4.0625 5.0000 0.0000
3.1250 5.0000 0.0000
3.4375 5.0000 0.0000
2.8125 5.0000 0.0000
1.2500 5.0000 0.0000
1.8750 5.0000 0.0000
2.1875 5.0000 0.0000
1.5625 5.0000 0.0000
0.6250 5.0000 0.0000
0.9375 5.0000 0.0000
0.3125 5.0000 0.0000
-2.5000 5.0000 0.0008
-1.2500 5.0000 0.0042
-0.6250 5.0000 0.0015
-0.3125 5.0000 0.0006
-0.9375 5.0000 0.0027
-1.8750 5.0000 0.0043
-1.5625 5.0000 0.0048
-2.1875 5.0000 0.0024
-3.7500 5.0000 0.0000
-3.1250 5.0000 0.0000
-2.8125 5.0000 0.0001
-3.4375 5.0000 0.0000
-4.3750 5.0000 0.0000
-4.0625 5.0000 0.0000
-4.6875 5.0000 0.0000
5.0000 -5.0000 0.0000
5.0000 0.0000 0.0000
5.0000 -2.5000 0.0000
5.0000 -3.7500 0.0000
5.0000 -4.3750 0.0000
5.0000 -4.6875 0.0000
5.0000 -4.0625 0.0000
5.0000 -3.1250 0.0000
5.0000 -3.4375 0.0000
5.0000 -2.8125 0.0000
5.0000 -1.2500 0.0000
5.0000 -1.8750 0.0000
5.0000 -2.1875 0.0000
5.0000 -1.5625 0.0000
5.0000 -0.6250 0.0000
5.0000 -0.9375 0.0000
5.0000 -0.3125 0.0000
5.0000 2.5000 0.0000
5.0000 1.2500 0.0000
5.0000 0.6250 0.0000
5.0000 0.3125 0.0000
5.0000 0.9375 0.0000
5.0000 1.8750 0.0000
5.0000 1.5625 0.0000
5.0000 2.1875 0.0000
5.0000 3.7500 0.0000
5.0000 3.1250 0.0000
5.0000 2.8125 0.0000
5.0000 3.4375 0.0000
5.0000 4.3750 0.0000
5.0000 4.0625 0.0000
5.0000 4.6875 0.0000
-5.0000 -5.0000 0.0000
0.0000 -5.0000 0.0000
-2.5000 -5.0000 0.0000
-3.7500 -5.0000 0.0000
-4.3750 -5.0000 0.0000
-4.6875 -5.0000 0.0000
-4.0625 -5.0000 0.0000
-3.1250 -5.0000 0.0000
-3.4375 -5.0000 0.0000
-2.8125 -5.0000 0.0000
-1.2500 -5.0000 0.0000
-1.8750 -5.0000 0.0000
-2.1875 -5.0000 0.0000
-1.5625 -5.0000 0.0000
-0.6250 -5.0000 0.0000
-0.9375 -5.0000 0.0000
-0.3125 -5.0000 0.0000
2.5000 -5.0000 0.0000
1.2500 -5.0000 0.0000
0.6250 -5.0000 0.0000
0.3125 -5.0000 0.0000
0.9375 -5.0000 0.0000
1.8750 -5.0000 0.0000
1.5625 -5.0000 0.0000
2.1875 -5.0000 0.0000
3.7500 -5.0000 0.0000
3.1250 -5.0000 0.0000
2.8125 -5.0000 0.0000
3.4375 -5.0000 0.0000
4.3750 -5.0000 0.0000
4.0625 -5.0000 0.0000
4.6875 -5.0000 0.0000
-5.0000 5.0000 0.0000
-5.0000 0.0000 0.0000
-5.0000 2.5000 0.0000
-5.0000 3.7500 0.0000
-5.0000 4.3750 0.0000
-5.0000 4.6875 0.0000
-5.0000 4.0625 0.0000
-5.0000 3.1250 0.0000
-5.0000 3.4375 0.0000
-5.0000 2.8125 0.0000
-5.0000 1.2500 0.0000
-5.0000 1.8750 0.0000
-5.0000 2.1875 0.0000
-5.0000 1.5625 0.0000
-5.0000 0.6250 0.0000
-5.0000 0.9375 0.0000
-5.0000 0.3125 0.0000
-5.0000 -2.5000 0.0000
-5.0000 -1.2500 0.0000
-5.0000 -0.6250 0.0000
-5.0000 -0.3125 0.0000
-5.0000 -0.9375 0.0000
-5.0000 -1.8750 0.0000
-5.0000 -1.5625 0.0000
-5.0000 -2.1875 0.0000
-5.0000 -3.7500 0.0000
-5.0000 -3.1250 0.0000
-5.0000 -2.8125 0.0000
-5.0000 -3.4375 0.0000
-5.0000 -4.3750 0.0000
-5.0000 -4.0625 0.0000
-5.0000 -4.6875 0.0000
-4.7323 -1.5090 0.0000
-4.2585 -1.7345 0.0000
-4.5249 -1.8586 0.0000
-4.7617 -1.7545 0.0000
-3.7737 0.2259 0.0000
-3.9287 -0.2216 0.0000
-3.7119 -2.9350 0.0000
-2.7873 -2.5237 0.0011
-0.8814 3.2913 0.0053
-0.7379 3.0912 0.0016
-0.9502 2.9659 0.0030
-3.9637 4.0125 0.0000
-0.2848 -0.4638 0.0829
-0.4592 -0.5394 0.0794
-0.5801 -0.6815 0.0820
-0.6946 -0.4900 0.0490
-0.7716 -0.7178 0.0591
-0.9289 -0.8398 0.0459
-1.0212 1.7597 0.0000
-0.6438 1.6918 0.0000
-0.8408 1.5340 0.0000
-3.8372 4.5041 0.0000
-4.0124 4.2694 0.0000
2.6214 4.4609 0.0000
-2.6734 4.2433 0.0032
-4.4960 1.2612 0.0000
-4.5015 1.5592 0.0000
-4.7517 1.4073 0.0000
-4.7522 1.1012 0.0000
-2.5007 2.6748 0.1574
1.6540 -2.6811 0.0000
1.0293 -4.0817 0.0000
-2.0841 -1.2134 0.0099
-3.9704 2.5218 0.0000
0.8174 -2.1026 0.0030
-0.0171 -0.6258 0.1178
-0.0167 -0.7589 0.1393
-0.0866 -0.8415 0.1514
1.1255 -1.4912 0.0019
1.0107 -1.8789 0.0016
-3.9384 4.7611 0.0000
0.9296 0.8429 0.0000
0.7997 0.5424 0.0004
-3.7483 2.3251 0.0000
0.5708 -2.8680 0.0003
1.4324 4.2695 0.0000
-0.1570 4.7426 0.0006
-0.0033 4.4973 0.0003
2.4758 4.2232 0.0000
-1.6752 3.6306 0.0733
-1.8344 3.5679 0.0924
-1.9834 3.5206 0.1057
-1.8748 3.3935 0.1059
-2.0276 3.3703 0.1225
3.9112 4.7607 0.0000
1.2154 -2.3822 0.0000
1.0319 -2.5907 0.0001
-4.0690 -0.4392 0.0000
-4.2444 -0.6719 0.0000
1.6672 -3.5975 0.0000
1.3471 -3.6269 0.0000
4.1384 -2.1938 0.0000
0.5801 -2.3147 0.0057
0.0841 1.9633 0.0000
-0.9791 2.6781 0.0012
-0.9902 2.3787 0.0003
-1.2506 2.5685 0.0029
0.9039 1.1942 0.0000
0.7078 1.0039 0.0000
3.4740 -0.7703 0.0000
3.3982 -1.0561 0.0000
3.1856 -0.8931 0.0000
2.7202 -4.7616 0.0000
2.4721 -4.7694 0.0000
-0.3429 -1.5316 0.1375
0.1176 1.4678 0.0000
-0.0049 1.2149 0.0000
0.3793 -0.9439 0.1068
0.3992 -1.1108 0.1072
0.2793 -1.0435 0.1326
0.2689 -1.1761 0.1366
0.1887 -1.2431 0.1506
0.8952 -3.3700 0.0000
0.5963 -3.3988 0.0000
4.5113 4.7470 0.0000
4.2138 4.2750 0.0000
-1.5344 -1.8126 0.0082
-1.7007 -2.0208 0.0104
-2.4445 -4.5138 0.0000
-1.8166 -2.3624 0.0193
0.5578 -1.4036 0.0599
0.7899 -1.3900 0.0215
0.6554 -1.6135 0.0301
2.1281 4.5697 0.0000
2.5425 -4.5252 0.0000
2.2612 -4.5047 0.0000
2.2536 -4.7437 0.0000
2.0045 -4.7504 0.0000
1.2365 0.4035 0.0001
0.9939 0.2866 0.0005
1.0792 -0.0783 0.0014
0.8831 0.0567 0.0025
0.6199 0.0040 0.0087
-0.0944 2.6361 0.0000
-0.2553 2.4486 0.0000
-4.7571 0.4776 0.0000
4.2460 -1.4863 0.0000
4.1680 -1.8379 0.0000
4.4916 -1.2134 0.0000
4.0775 -3.7515 0.0000
0.0589 2.4460 0.0000
-2.6785 -3.3060 0.0001
3.8114 -1.7821 0.0000
3.5551 -1.8030 0.0000
3.6952 -2.0547 0.0000
0.9012 -3.8549 0.0000
-0.7714 4.7539 0.0038
-0.6013 4.5270 0.0037
-1.0634 4.7531 0.0065
-1.2138 4.5289 0.0134
-1.9361 3.2497 0.1195
-1.8559 3.1074 0.1012
-2.0772 3.2421 0.1370
-2.0135 3.1333 0.1353
-2.1387 3.1337 0.1501
-2.0966 3.0408 0.1519
-2.0741 2.9468 0.1490
-2.1113 2.8510 0.1567
0.9276 4.4977 0.0000
0.6397 4.3024 0.0000
3.7089 -1.2413 0.0000
3.4542 -1.3036 0.0000
3.4939 -1.5562 0.0000
3.2107 -1.4817 0.0000
4.7704 -4.7825 0.0000
4.4935 -4.7096 0.0000
2.1217 -2.6516 0.0000
1.9193 -2.8277 0.0000
4.4860 2.1585 0.0000
3.3681 2.0608 0.0000
3.1246 1.8607 0.0000
3.0150 1.5664 0.0000
2.8523 2.0099 0.0000
2.8043 1.7348 0.0000
-1.1177 -0.4139 0.0137
-1.3550 -0.5442 0.0075
3.2963 4.7510 0.0000
-2.3871 4.2476 0.0116
-2.5330 4.0191 0.0114
-2.7376 3.8676 0.0056
-0.3990 -3.1016 0.0067
-3.3713 3.9364 0.0000
-3.5372 3.6898 0.0000
-2.6410 4.7557 0.0009
0.5461 -1.2287 0.0701
0.3852 -1.2650 0.1079
0.3740 -1.4177 0.1017
-3.7128 -3.4385 0.0000
-3.8522 -3.6635 0.0000
-2.6576 -4.7283 0.0000
2.1479 -1.1494 0.0000
2.0679 -1.3927 0.0000
1.7822 -1.4502 0.0000
1.2025 -3.8770 0.0000
-0.7166 4.0479 0.0071
-0.8395 3.8506 0.0100
-0.4851 1.4851 0.0000
-3.5427 1.8409 0.0001
1.4080 0.5829 0.0000
1.4956 0.3135 0.0000
1.2484 0.1247 0.0002
1.4236 3.5424 0.0000
1.2422 3.3533 0.0000
1.1399 3.1299 0.0000
-2.2513 3.1245 0.1478
-2.3074 3.0308 0.1539
2.7190 4.7353 0.0000
2.4504 4.7198 0.0000
3.7229 -4.4480 0.0000
3.6035 -4.7242 0.0000
3.4243 -4.4736 0.0000
0.4647 -3.1341 0.0001
0.2899 -3.3758 0.0001
0.0390 -3.5283 0.0001
-0.1782 -4.1031 0.0000
1.1664 1.0337 0.0000
1.4298 0.9025 0.0000
1.2239 0.7551 0.0000
1.0555 0.5764 0.0001
0.8674 -2.8507 0.0000
0.7356 -3.1219 0.0000
4.7000 4.5010 0.0000
4.3138 -2.0355 0.0000
3.2732 0.7715 0.0000
-1.7284 4.4790 0.0205
-1.8694 4.2421 0.0339
2.2309 4.7890 0.0000
-3.9345 -1.3086 0.0000
1.2606 -2.0171 0.0001
1.0711 -2.1864 0.0003
0.8758 -2.3706 0.0006
1.9899 4.3777 0.0000
1.7301 4.2582 0.0000
3.2768 1.3106 0.0000
2.2632 4.0035 0.0000
2.0697 3.8002 0.0000
4.5052 4.2005 0.0000
-1.2446 -1.8264 0.0184
-0.1293 -0.7236 0.1336
-0.1959 -0.8374 0.1465
-0.2540 -0.9316 0.1521
-0.3543 -1.0211 0.1469
3.3014 -4.7479 0.0000
3.0040 -4.7575 0.0000
3.4366 0.3155 0.0000
-1.8254 -1.7758 0.0083
-2.0195 -1.9439 0.0216
-2.1999 -2.1018 0.0312
-1.4573 1.0787 0.0000
-1.6421 0.9113 0.0000
-3.1848 -2.0651 0.0002
-3.5430 -2.3639 0.0000
-2.2642 -3.5497 0.0004
-1.8835 0.1081 0.0002
-2.0840 0.3032 0.0020
-2.3421 0.2195 0.0359
-2.1428 0.0267 0.0039
-2.3733 -0.0346 0.0438
-2.5031 -0.1957 0.0951
-2.3619 2.1491 0.2021
-2.3149 2.0553 0.1725
-2.4287 2.1973 0.2196
-2.4151 2.0740 0.2148
-2.5113 2.0564 0.2237
-2.5623 1.9889 0.2181
-2.4571 1.9802 0.2213
-2.5177 1.9018 0.2269
-2.6133 1.9227 0.2056
-3.2888 -3.7912 0.0000
-3.5311 -3.9909 0.0000
-2.8048 -0.8230 0.0476
-2.9237 -1.0350 0.0144
2.3672 -1.4056 0.0000
0.1252 -1.0203 0.1569
-0.0230 -1.1023 0.1720
-0.1184 -1.1051 0.1721
0.0766 -1.0986 0.1656
0.0326 -1.1817 0.1704
-0.0683 -1.1922 0.1740
-0.0092 -1.2648 0.1713
-0.1629 -1.1953 0.1714
-0.2219 -1.2728 0.1660
0.8229 -0.2263 0.0082
0.6638 -0.4382 0.0259
0.4308 -0.4259 0.0494
0.4966 -0.6217 0.0595
2.2513 0.8878 0.0000
-4.5927 2.1581 0.0000
1.0114 -3.1082 0.0000
2.1878 -2.9451 0.0000
3.5731 2.3521 0.0000
3.3278 2.3255 0.0000
3.1006 2.1689 0.0000
4.3761 -1.7130 0.0000
-1.1009 -4.5088 0.0000
-4.5452 -3.4470 0.0000
1.4494 -2.8789 0.0000
4.7432 3.4746 0.0000
-1.6119 -1.3325 0.0054
2.7266 -1.7961 0.0000
2.3809 -1.8941 0.0000
2.5875 -2.0244 0.0000
2.2306 -2.1217 0.0000
2.0552 -2.3176 0.0000
2.7256 3.8384 0.0000
3.9240 0.2396 0.0000
3.6649 0.1445 0.0000
-2.4823 -4.2624 0.0000
-4.2684 0.4900 0.0000
-4.2601 0.1799 0.0000
0.7238 -2.6007 0.0006
3.7277 0.4550 0.0000
1.5339 4.5154 0.0000
1.2402 4.5132 0.0000
2.4093 2.8853 0.0000
2.1212 2.7646 0.0000
-1.3523 -4.2806 0.0000
-1.6496 -4.2977 0.0000
-3.0231 -3.9818 0.0000
-3.2746 -4.0985 0.0000
-3.2520 -4.3809 0.0000
0.3537 2.4168 0.0000
0.5414 2.2325 0.0000
0.3896 1.9937 0.0000
4.2500 2.0237 0.0000
4.1057 1.7925 0.0000
4.4808 3.5890 0.0000
2.0558 -0.9141 0.0000
1.8400 -1.1496 0.0000
-0.7443 -0.0256 0.0136
-0.9155 -0.2593 0.0176
-0.9222 -0.5574 0.0323
-2.5446 -0.6678 0.0945
-2.7072 -0.6609 0.0873
-2.6003 -0.8348 0.0894
-2.9505 -4.7648 0.0000
-3.2980 -4.7707 0.0000
-2.9218 -4.4953 0.0000
-3.1491 -4.5942 0.0000
-1.2386 2.2419 0.0006
-1.5031 2.0963 0.0015
4.3340 -2.3653 0.0000
4.2892 -2.6535 0.0000
4.0203 -2.7467 0.0000
4.2515 -2.9380 0.0000
3.9727 -3.0228 0.0000
-3.4876 1.1197 0.0003
-3.6173 1.3455 0.0001
-3.7648 1.0957 0.0000
2.8662 2.3075 0.0000
2.6034 2.1586 0.0000
2.3147 2.0309 0.0000
-1.1230 3.1656 0.0106
-1.1976 2.8723 0.0066
-1.4476 2.8367 0.0172
-2.9682 4.2893 0.0004
-3.1913 4.1892 0.0001
-3.0630 2.1451 0.0107
-4.2561 -2.2600 0.0000
-2.6574 1.3263 0.2123
-2.8049 1.3698 0.1322
-2.6259 1.5764 0.2186
-2.6640 1.4864 0.2084
-2.6996 1.3966 0.1954
-2.7497 1.4663 0.1638
-2.8255 1.5160 0.1113
1.3596 -4.1013 0.0000
1.1769 -4.2698 0.0000
1.8245 -0.0613 0.0000
-2.8305 -1.4785 0.0128
-3.0396 -1.6455 0.0015
-4.1657 -1.1724 0.0000
-4.4590 -1.2912 0.0000
-4.4854 -1.5654 0.0000
-2.6380 -0.3734 0.1186
-2.7857 -0.4196 0.0824
-2.9103 -0.5920 0.0316
-3.0671 -0.8114 0.0056
3.9603 -1.0932 0.0000
3.9806 -1.3650 0.0000
2.9775 0.5766 0.0000
4.2926 -3.6746 0.0000
3.2043 0.4987 0.0000
4.0723 4.5202 0.0000
3.9128 4.2892 0.0000
2.7536 1.4401 0.0000
2.6984 1.1858 0.0000
-2.0147 -3.6565 0.0006
-3.4702 4.1990 0.0000
3.1559 -1.2068 0.0000
2.8950 -1.2799 0.0000
2.9696 -1.5232 0.0000
2.7235 -1.5345 0.0000
3.1433 3.6745 0.0000
1.3249 2.4776 0.0000
1.2828 2.1701 0.0000
1.5129 -3.1564 0.0000
-0.1968 1.1005 0.0001
-1.3893 3.0873 0.0240
-3.1858 4.7645 0.0000
-3.3936 4.7014 0.0000
-3.6536 4.7472 0.0000
-0.0792 2.2155 0.0000
4.7655 -2.6703 0.0000
4.5164 -2.8288 0.0000
4.7497 -2.9811 0.0000
4.5013 -3.4306 0.0000
4.4785 -3.1405 0.0000
4.2015 -3.2144 0.0000
4.2471 -3.4440 0.0000
0.1602 -2.5987 0.0125
0.0538 -2.9091 0.0044
-0.1326 -3.0432 0.0043
3.3790 0.0450 0.0000
3.1145 -0.0635 0.0000
-4.5117 0.9481 0.0000
-4.0116 3.5445 0.0000
-4.1878 3.2708 0.0000
-4.7582 -2.0456 0.0000
-1.0061 2.0750 0.0000
3.1440 -4.5028 0.0000
2.8449 -4.5217 0.0000
1.3079 4.0238 0.0000
0.9174 -0.5118 0.0096
-2.5666 1.8227 0.2248
-2.6132 1.7467 0.2168
-2.6377 1.8461 0.2010
-2.7000 1.8438 0.1670
-2.6802 1.6623 0.1931
-2.6825 1.7505 0.1855
-2.7826 1.7693 0.1212
-2.7725 1.6493 0.1372
-2.7238 1.5674 0.1742
-1.2668 1.9372 0.0001
4.3512 0.4999 0.0000
-1.6170 -0.6209 0.0028
-0.7619 -3.4493 0.0022
4.2805 4.0012 0.0000
3.7752 3.2765 0.0000
3.5054 3.2091 0.0000
1.6140 -0.2601 0.0000
1.7821 -3.8846 0.0000
1.5048 -3.8556 0.0000
-2.4518 1.5070 0.1822
-2.5041 1.4405 0.2014
-2.4813 1.6550 0.2101
-2.5236 1.5687 0.2178
-2.5708 1.4941 0.2227
-2.5928 1.3970 0.2207
-1.1055 3.4549 0.0167
-1.3313 3.3407 0.0295
4.0441 4.0498 0.0000
3.9781 3.8180 0.0000
3.7070 3.7632 0.0000
0.7795 4.7571 0.0000
0.6296 4.5214 0.0000
0.3362 4.4769 0.0000
4.7460 2.2526 0.0000
-2.6124 0.5782 0.1749
-2.6801 0.5185 0.1771
-2.6829 0.6292 0.1833
-2.7462 0.5755 0.1637
-2.8558 0.5159 0.1038
4.5307 -1.8906 0.0000
4.5239 -2.1965 0.0000
-4.1895 -1.4542 0.0000
3.4329 2.9215 0.0000
3.4052 2.6100 0.0000
3.1175 2.5088 0.0000
2.7366 3.3281 0.0000
1.9386 -1.6626 0.0000
4.0499 0.4797 0.0000
1.6162 -2.0891 0.0000
1.5388 -2.4315 0.0000
4.7515 3.2189 0.0000
-3.8194 1.8162 0.0000
-3.8464 2.0461 0.0000
-4.1237 1.9434 0.0000
-4.0205 1.6658 0.0000
2.6684 -0.7758 0.0000
2.3819 -0.8775 0.0000
-2.9987 1.8868 0.0238
-3.2769 1.8710 0.0020
-1.1017 3.7493 0.0212
-1.3073 3.6056 0.0345
-2.7601 -3.8578 0.0000
4.7285 1.9886 0.0000
-1.2141 -2.1133 0.0187
-1.4301 -2.0475 0.0117
-1.5725 -2.2562 0.0137
-1.5839 -2.5105 0.0177
-3.4280 -3.4885 0.0000
-2.1558 2.1395 0.1035
-2.2702 2.1353 0.1597
-2.2114 2.0042 0.1114
-2.3585 1.9763 0.1854
-2.2718 1.9162 0.1310
-2.3182 1.8564 0.1489
-2.3699 1.7940 0.1700
-2.4084 1.8957 0.2005
-2.4300 1.7346 0.1950
-2.4652 1.8216 0.2162
-2.5216 1.7395 0.2252
-2.5802 1.6591 0.2256
1.7528 -2.3167 0.0000
-3.9610 3.0338 0.0000
-1.9018 -0.6746 0.0011
3.4815 1.8041 0.0000
3.4907 1.4996 0.0000
3.2548 1.6009 0.0000
4.4666 0.7457 0.0000
-4.0156 0.6440 0.0000
-4.0217 0.3525 0.0000
3.6807 -3.3888 0.0000
3.4387 -3.4631 0.0000
3.2488 -3.6718 0.0000
-0.3763 -1.4175 0.1417
-0.4723 -1.5111 0.1217
-0.4225 -1.6349 0.1187
-0.5980 -1.5456 0.1000
-0.5511 -1.6960 0.0966
-0.6503 -1.8689 0.0718
0.1455 4.2617 0.0001
0.1593 4.7398 0.0001
2.5039 1.0180 0.0000
4.4987 3.8717 0.0000
-0.4805 -3.3818 0.0018
-0.5452 -3.6606 0.0003
3.1404 0.2304 0.0000
2.8666 0.0728 0.0000
-4.0791 -3.7525 0.0000
-4.3053 -3.9039 0.0000
-4.5398 -3.7522 0.0000
-4.5339 -4.0626 0.0000
-0.0742 -1.4975 0.1571
-0.0508 -1.6019 0.1454
-0.1341 -1.6895 0.1354
-0.2224 -1.7825 0.1213
-0.0048 -1.7216 0.1283
-0.0862 -1.8289 0.1173
-0.1877 -1.9415 0.1031
-0.3571 -1.7426 0.1158
-0.3262 -1.8942 0.1026
-0.3743 -2.0265 0.0861
-0.4689 -1.8344 0.0953
-0.5280 -1.9981 0.0761
-0.5844 -2.1561 0.0610
1.4007 -0.4551 0.0003
1.1898 -0.6386 0.0020
-1.2968 -3.7500 0.0007
-1.5184 -3.8198 0.0005
-3.6249 -1.6738 0.0000
3.5397 -2.6410 0.0000
3.3282 -2.5231 0.0000
3.2464 -2.7788 0.0000
3.1965 -3.0490 0.0000
-4.7652 -4.2159 0.0000
-3.7317 3.4720 0.0000
-3.9513 3.2938 0.0000
-0.3610 3.6830 0.0009
4.0243 -0.7986 0.0000
3.8137 -0.8750 0.0000
3.7282 -0.6462 0.0000
3.6382 -1.0007 0.0000
2.9538 3.9245 0.0000
-1.1421 -0.0815 0.0055
-1.3033 -0.2575 0.0050
-1.5623 -0.3402 0.0021
-3.2590 -1.8094 0.0002
-3.5057 -1.8958 0.0000
-3.4310 -2.1230 0.0000
-3.7243 -2.1210 0.0000
-2.9553 3.4708 0.0032
-1.6171 4.2663 0.0323
-1.7340 4.0548 0.0492
-1.8712 3.9200 0.0625
-2.8517 1.0595 0.1107
-3.0106 0.9152 0.0348
-3.0176 0.6457 0.0322
-2.5121 4.4971 0.0035
-2.7884 4.5080 0.0008
-0.7358 -4.2287 0.0000
-0.8434 -4.4842 0.0000
-0.1655 -0.5861 0.1096
-0.3031 -0.6257 0.1074
-0.2455 -0.7290 0.1280
-0.3232 -0.8192 0.1325
-0.4107 -0.7102 0.1081
-0.4817 -0.8367 0.1128
-0.3711 -0.9278 0.1377
-0.4902 -0.9704 0.1226
-0.4354 -1.0752 0.1372
-0.5371 -1.1262 0.1212
-1.8749 -4.5075 0.0000
-2.0393 -4.7423 0.0000
-2.3350 -4.7525 0.0000
-3.2000 3.4276 0.0005
-3.4330 3.1352 0.0001
0.9894 1.7671 0.0000
0.7611 1.7051 0.0000
0.5158 1.7378 0.0000
0.4220 1.4832 0.0000
0.2771 1.2213 0.0000
3.7823 1.3642 0.0000
3.5722 1.2514 0.0000
-4.2488 4.0333 0.0000
-4.1643 3.7884 0.0000
-4.4648 3.7480 0.0000
-4.7490 3.6001 0.0000
4.2251 -0.9781 0.0000
4.2398 -1.2291 0.0000
-3.0902 3.9484 0.0004
-3.2458 3.6770 0.0002
3.1524 1.0482 0.0000
3.0008 0.8039 0.0000
-2.4770 3.7649 0.0269
-2.7094 3.6043 0.0122
-4.5173 4.2823 0.0000
-4.7625 4.1934 0.0000
-2.1983 3.0322 0.1617
-2.1644 2.9436 0.1657
-2.3504 2.9351 0.1606
-2.2561 2.9444 0.1704
-2.2113 2.8571 0.1757
-2.3105 2.8553 0.1774
-2.3830 2.8103 0.1724
1.0638 2.3374 0.0000
0.9971 2.0398 0.0000
-1.5111 3.4947 0.0541
-1.5603 3.2659 0.0531
1.0161 2.9158 0.0000
2.4589 3.1669 0.0000
2.1918 3.2970 0.0000
2.1917 3.0448 0.0000
1.9516 3.2823 0.0000
1.9396 3.0072 0.0000
1.7992 2.7864 0.0000
-2.9594 -3.3240 0.0000
-4.2352 2.4424 0.0000
-4.5115 2.4137 0.0000
1.9320 -3.6616 0.0000
-3.1857 3.1795 0.0009
-0.4574 4.7558 0.0017
-0.3208 4.4762 0.0015
-0.6624 4.2966 0.0056
-2.4891 0.5462 0.1162
-0.5249 2.3586 0.0000
-0.7296 2.1933 0.0000
-0.7920 1.9001 0.0000
-1.5007 -4.0477 0.0001
4.5308 1.0083 0.0000
2.1080 -0.1318 0.0000
1.8882 -0.3433 0.0000
-1.0544 -3.8163 0.0004
-1.2312 -4.0207 0.0001
4.5338 1.5446 0.0000
0.2401 1.7264 0.0000
-0.0544 1.6996 0.0000
-0.1937 1.4324 0.0000
-4.0240 -4.3106 0.0000
-4.0258 -4.5697 0.0000
-2.3875 2.4289 0.2106
-2.4474 2.3612 0.2125
-2.4862 2.2755 0.2137
-2.5392 2.2107 0.2064
-2.5943 2.2836 0.1745
-2.6120 2.1911 0.1778
-2.6865 2.1382 0.1429
-2.7013 2.0326 0.1465
-2.1058 -0.4699 0.0034
-2.1740 -0.7392 0.0099
-2.5887 0.4781 0.1609
-2.6656 0.4193 0.1714
-2.7482 0.4583 0.1571
-2.8066 0.3679 0.1253
-1.3519 4.7644 0.0089
-1.4939 4.5282 0.0175
-4.5232 -0.2526 0.0000
-4.7601 -0.4348 0.0000
-4.5394 -0.5558 0.0000
-4.7575 -0.7478 0.0000
0.9853 -4.7231 0.0000
0.7320 -4.7455 0.0000
0.4566 -4.7523 0.0000
1.2774 -1.2232 0.0009
-4.0166 0.9314 0.0000
-4.2646 1.0982 0.0000
-4.2684 0.7924 0.0000
-2.0910 3.6472 0.0878
-2.1395 3.4819 0.1069
-2.3013 3.3998 0.0965
-2.4674 3.3067 0.0713
-2.1684 3.3424 0.1244
-2.2033 3.2281 0.1377
-2.3121 3.2543 0.1173
-2.3765 3.1405 0.1208
4.5191 -4.3886 0.0000
4.0358 -4.2992 0.0000
4.2615 -4.4964 0.0000
4.1893 -4.7580 0.0000
3.9702 -4.5372 0.0000
3.8818 -4.7645 0.0000
2.3442 4.4770 0.0000
2.2035 4.2583 0.0000
2.0361 0.9175 0.0000
1.9406 1.0952 0.0000
1.7116 0.9721 0.0000
1.6104 0.7198 0.0000
-4.7510 -2.9639 0.0000
-4.7634 -3.2752 0.0000
2.8365 -3.3707 0.0000
2.6852 -3.5778 0.0000
-3.5683 4.4678 0.0000
-3.7457 4.2303 0.0000
4.7484 -3.2790 0.0000
4.7621 -3.5828 0.0000
4.5364 -3.7281 0.0000
-2.5163 -1.8333 0.0327
1.9412 -0.6308 0.0000
1.7538 -0.8534 0.0000
1.5239 -1.0329 0.0001
1.9935 -3.4043 0.0000
-0.2635 -3.5969 0.0002
-4.2815 1.7146 0.0000
-3.4873 2.5880 0.0001
-3.4679 2.3492 0.0002
-0.2719 -4.4161 0.0000
-3.1464 -3.5222 0.0000
4.7639 -2.0325 0.0000
2.1882 0.6223 0.0000
2.4467 0.4538 0.0000
2.2442 0.3261 0.0000
3.4214 -2.0470 0.0000
3.2709 -1.7604 0.0000
2.9983 -1.7699 0.0000
3.1462 -2.0292 0.0000
3.0172 -2.3041 0.0000
3.0795 -2.5609 0.0000
2.9594 -2.8411 0.0000
0.7055 0.2763 0.0021
0.4333 0.2314 0.0059
0.1633 0.1885 0.0110
-1.7886 0.3892 0.0001
0.7613 -3.6231 0.0000
2.4435 -2.2423 0.0000
2.2728 -2.4474 0.0000
1.8854 -2.5365 0.0000
1.0486 2.6282 0.0000
0.7500 2.7781 0.0000
4.1334 1.2950 0.0000
1.4757 -4.7025 0.0000
0.0087 -2.4058 0.0373
-1.6096 4.7588 0.0099
-1.8219 4.7234 0.0103
3.1711 4.4853 0.0000
2.8897 4.4617 0.0000
-0.4530 0.9426 0.0002
-3.5782 -3.7145 0.0000
-3.7990 -3.9089 0.0000
-3.7781 -4.1818 0.0000
3.9746 2.0584 0.0000
3.6501 2.0802 0.0000
3.8103 1.8363 0.0000
-1.8940 0.7900 0.0003
-2.0018 0.5650 0.0009
-2.2921 0.4839 0.0263
0.8183 2.4905 0.0000
0.7966 2.2395 0.0000
0.7043 1.9712 0.0000
-3.1292 -0.0858 0.0075
-3.2935 -0.3219 0.0012
-2.5775 -1.5922 0.0407
-2.7703 -1.7494 0.0107
3.4220 3.7174 0.0000
1.9916 1.3442 0.0000
-0.1349 4.2272 0.0005
-0.2593 3.9531 0.0007
1.1941 -3.3597 0.0000
1.0575 -3.6155 0.0000
-1.7081 -0.8798 0.0026
-1.6875 1.5587 0.0005
-1.9059 1.3929 0.0026
-2.1007 1.2097 0.0115
-2.2712 -1.8735 0.0379
-2.4432 -2.0828 0.0254
0.3674 -0.7676 0.0955
0.2545 -0.8700 0.1259
0.1291 -0.8280 0.1390
0.0275 -0.8506 0.1501
0.2104 -0.9716 0.1416
0.1350 -0.9186 0.1481
0.0597 -0.9397 0.1575
0.0222 -1.0177 0.1661
-0.0378 -0.9316 0.1614
-0.0777 -1.0165 0.1685
-2.2035 2.2369 0.1396
-2.3101 2.2239 0.1877
4.7615 -0.1417 0.0000
4.5250 -0.2871 0.0000
4.2773 -0.4159 0.0000
-3.9959 -2.1833 0.0000
-3.8255 -2.4051 0.0000
-4.1103 -2.4714 0.0000
-4.2214 -2.7198 0.0000
-1.8377 -2.6286 0.0188
-0.7787 -2.0623 0.0489
-1.0076 -2.2640 0.0283
-1.3160 -2.3377 0.0172
-2.2655 2.7783 0.1851
-2.3368 2.7381 0.1884
-2.4239 2.7160 0.1764
-2.3040 2.6650 0.1944
-2.3873 2.6371 0.1941
-2.4659 2.5989 0.1815
-2.5084 2.5305 0.1769
-2.5842 2.5967 0.1334
-2.3096 2.5712 0.1988
-2.3950 2.5371 0.2032
-2.4504 2.4757 0.2013
-2.5157 2.4281 0.1886
-2.5911 2.4809 0.1477
-2.5512 2.3546 0.1847
-2.6653 2.3921 0.1220
-2.7047 2.2586 0.1176
1.7438 -4.7580 0.0000
2.8787 3.6063 0.0000
4.2470 2.5921 0.0000
4.1904 2.2984 0.0000
4.0081 2.5354 0.0000
3.8669 2.2929 0.0000
1.9930 1.6224 0.0000
1.7267 1.5302 0.0000
3.6186 3.4958 0.0000
3.3266 3.4336 0.0000
-1.8205 -1.1626 0.0025
3.4726 -2.9155 0.0000
3.4228 -3.2021 0.0000
3.1552 -3.3688 0.0000
-1.7620 3.2470 0.0869
1.4571 1.1596 0.0000
2.8676 -0.2208 0.0000
2.6098 -0.0444 0.0000
2.3723 -0.2266 0.0000
1.6069 -1.6326 0.0000
1.2413 -1.7256 0.0004
2.4975 -1.6514 0.0000
2.2186 -1.6453 0.0000
2.0864 -1.8931 0.0000
1.7061 3.1238 0.0000
1.5881 2.9171 0.0000
1.4797 2.7072 0.0000
1.2557 2.7968 0.0000
-2.4832 0.3880 0.1044
-2.5952 0.3736 0.1564
-2.7091 0.3460 0.1621
-2.6280 0.2990 0.1601
-2.7085 0.2534 0.1562
-2.8250 0.2328 0.1089
-2.9751 0.1200 0.0373
-2.4749 -3.4150 0.0003
-0.6831 1.3261 0.0000
-3.3552 -3.0287 0.0000
-1.4813 4.0592 0.0400
0.9880 -4.4684 0.0000
0.8405 -4.2313 0.0000
0.7228 -4.4963 0.0000
0.4665 -4.5080 0.0000
-2.4795 3.5201 0.0452
-2.6920 3.3358 0.0237
-4.4990 0.0274 0.0000
-4.7616 -0.1302 0.0000
4.7325 2.4742 0.0000
4.4789 2.4376 0.0000
-2.4925 2.1431 0.2215
-2.5855 2.1060 0.2001
-2.6256 2.0338 0.1894
-2.6815 1.9493 0.1676
-2.7831 1.9166 0.1083
-2.8296 2.0952 0.0693
-3.1876 2.4032 0.0026
-3.2024 -1.0646 0.0011
-0.0749 -3.8100 0.0000
-0.3578 -3.8835 0.0000
-2.0226 -3.9552 0.0001
-2.2425 -4.1534 0.0000
-1.5342 2.5944 0.0129
-1.7651 2.5572 0.0352
-1.7230 2.3034 0.0143
-1.9334 2.4182 0.0580
-1.9919 2.2274 0.0536
0.4467 4.1873 0.0000
0.2320 4.0229 0.0000
-1.6658 0.6284 0.0001
0.4483 3.8727 0.0000
4.7480 -3.9026 0.0000
3.2309 3.9586 0.0000
-4.2303 2.9982 0.0000
-1.9968 2.5980 0.0988
-2.1315 2.6635 0.1543
-2.1324 2.5517 0.1452
-2.2208 2.6091 0.1800
-2.2324 2.5137 0.1794
-2.3167 2.4724 0.2012
-2.0839 2.4406 0.1125
-2.1920 2.4446 0.1587
-2.1466 2.3299 0.1251
-2.2612 2.4013 0.1825
-2.2717 2.3075 0.1791
-2.3443 2.3568 0.2059
-2.3838 2.2751 0.2130
1.2761 -3.1077 0.0000
0.4069 -3.6010 0.0000
0.2152 -3.7488 0.0000
-2.3915 1.4244 0.1365
-2.4879 1.3494 0.1850
-2.5698 1.2921 0.2124
-2.4829 1.2499 0.1722
-2.4617 1.1632 0.1507
-2.5024 1.0957 0.1679
-2.5625 1.1887 0.2033
-2.5788 1.0974 0.2017
-2.6564 1.1416 0.2095
-2.7447 1.0948 0.1770
-2.6633 1.0444 0.2053
-2.7373 0.9865 0.1803
3.9366 2.7768 0.0000
3.6483 2.7437 0.0000
3.7421 2.5374 0.0000
0.1459 3.4685 0.0000
-0.1261 3.4120 0.0001
-0.2588 3.1602 0.0001
-0.4591 2.9517 0.0002
2.6978 -4.2868 0.0000
-0.3624 2.1783 0.0000
-0.5179 1.9713 0.0000
2.9792 -3.6238 0.0000
0.9380 3.2788 0.0000
4.0571 0.0239 0.0000
1.0231 4.0019 0.0000
0.9127 3.7609 0.0000
0.7855 3.4999 0.0000
0.6223 3.3108 0.0000
0.3448 3.2562 0.0000
2.3779 2.6054 0.0000
2.1447 2.4590 0.0000
2.3648 2.3068 0.0000
2.0757 2.1974 0.0000
2.0340 1.9091 0.0000
-1.3742 -1.3513 0.0137
-1.6471 -1.5699 0.0054
-2.0763 -2.7759 0.0127
4.2581 1.0263 0.0000
1.2298 -0.9395 0.0016
-0.8102 0.2770 0.0038
-0.9632 0.0594 0.0060
-1.0903 0.2847 0.0018
-1.3042 0.1517 0.0014
-3.0227 -1.2869 0.0037
-4.7517 3.2864 0.0000
-4.4792 2.8878 0.0000
-4.7651 2.9606 0.0000
-2.5294 -3.6826 0.0001
0.1076 -4.0228 0.0000
0.2894 -4.2384 0.0000
0.0102 -4.2994 0.0000
0.2255 -4.4970 0.0000
0.1710 -4.7560 0.0000
-0.0501 -4.5653 0.0000
3.6283 -3.9498 0.0000
3.4245 1.0228 0.0000
-2.2869 -0.2670 0.0208
-2.4873 -0.3667 0.0858
-2.5564 -0.5122 0.1026
-2.6850 -0.5225 0.1031
-2.0767 -2.5067 0.0208
-4.4101 2.6619 0.0000
-4.7184 2.6567 0.0000
-4.7783 2.3480 0.0000
1.7472 -3.3159 0.0000
1.4656 -3.3929 0.0000
-1.5539 -1.0834 0.0062
-4.2646 4.2767 0.0000
-4.0400 -4.0239 0.0000
-4.2830 -4.1951 0.0000
-4.5215 -4.3692 0.0000
3.2310 -4.2028 0.0000
2.9874 -4.2793 0.0000
-2.9409 3.2238 0.0059
-3.0195 2.9375 0.0054
4.7800 4.7722 0.0000
-1.9799 4.4852 0.0170
-2.1320 4.2562 0.0236
-3.5880 2.8729 0.0000
-3.7075 2.5970 0.0000
4.7497 0.7921 0.0000
4.7089 0.4990 0.0000
4.2205 2.8544 0.0000
1.6730 -0.5537 0.0000
-1.8445 -2.9031 0.0126
0.4491 -1.5902 0.0697
0.2807 -1.5534 0.1100
0.4702 -1.8201 0.0441
0.2984 -1.6991 0.0895
0.1498 -1.7076 0.1142
0.2531 -1.8713 0.0756
0.0694 -1.8489 0.1045
0.1347 -2.2038 0.0487
3.3353 4.2374 0.0000
-1.0880 0.7375 0.0002
-1.2174 0.5008 0.0005
-4.1191 4.5256 0.0000
4.2984 -4.2110 0.0000
4.0862 -4.0175 0.0000
-1.3204 1.6583 0.0000
-1.9635 -4.2448 0.0000
-2.1797 -4.4574 0.0000
2.6234 -0.3171 0.0000
2.4367 -0.5494 0.0000
-1.6816 2.7983 0.0408
-1.8303 2.9335 0.0834
-1.8838 2.7397 0.0792
-1.9840 2.8668 0.1209
-2.0497 2.7453 0.1325
-2.1634 2.7674 0.1685
-2.2256 2.7006 0.1824
3.7258 1.0195 0.0000
3.5895 0.7868 0.0000
3.4839 0.5749 0.0000
2.8718 -4.0702 0.0000
0.5392 3.0250 0.0000
0.2563 2.9784 0.0000
0.0595 3.1835 0.0000
0.0858 2.8059 0.0000
-1.8725 1.7566 0.0067
-2.1317 1.8192 0.0542
-2.0793 1.5820 0.0225
-2.2072 1.3845 0.0414
-2.3071 1.5513 0.1021
-2.3630 1.2802 0.1027
-2.3193 1.1136 0.0643
3.8513 -3.8562 0.0000
4.7453 3.9794 0.0000
-2.3409 -1.2279 0.0473
4.2572 3.1472 0.0000
-0.7581 -2.2881 0.0430
-0.8730 -2.4948 0.0323
-1.1151 -2.5238 0.0236
-1.3858 -2.8300 0.0175
-0.4271 4.2077 0.0023
-0.5196 3.9393 0.0030
-0.0416 -2.7175 0.0147
-0.2837 -2.8271 0.0166
-3.7619 0.5049 0.0000
-4.7730 -3.5945 0.0000
-4.7693 -3.9073 0.0000
-4.4482 -2.4980 0.0000
-4.5014 -2.8093 0.0000
-3.3116 2.1154 0.0012
-3.5798 2.0799 0.0001
2.6862 3.0223 0.0000
2.9103 2.8384 0.0000
2.6392 2.7354 0.0000
-3.0591 -2.5349 0.0001
-3.1866 -2.7944 0.0000
-3.2347 -2.3275 0.0001
-3.3571 -2.5751 0.0000
-3.6485 -2.6296 0.0000
-3.4758 -2.8300 0.0000
0.5701 -3.7675 0.0000
0.3983 -3.9696 0.0000
-1.7036 3.4296 0.0801
1.3424 -2.6186 0.0000
1.1577 -2.8483 0.0000
1.3433 -0.1661 0.0003
1.1222 -0.3499 0.0021
-3.1846 -0.5652 0.0025
-3.3559 -0.8028 0.0004
3.6004 4.7591 0.0000
3.4610 4.5068 0.0000
-0.4461 0.6822 0.0009
-0.6048 0.4729 0.0023
-4.2669 3.5205 0.0000
-4.5196 3.4490 0.0000
-4.4013 3.2357 0.0000
-4.5506 3.1197 0.0000
-3.5116 0.8873 0.0003
-3.7592 0.8003 0.0000
1.9770 -3.1248 0.0000
-1.6466 3.0452 0.0537
-1.9725 3.0103 0.1255
-1.6088 -3.0228 0.0117
-1.8268 -3.1870 0.0060
-1.8164 -3.4594 0.0021
-2.0768 -3.3539 0.0019
4.7569 -1.3852 0.0000
4.5143 -1.4966 0.0000
-1.4743 2.3709 0.0043
-1.7761 2.0312 0.0082
3.0022 1.3044 0.0000
2.8772 1.0594 0.0000
4.7820 1.4289 0.0000
3.8149 -4.1664 0.0000
3.5243 -4.2100 0.0000
1.3852 4.7603 0.0000
1.0820 4.7527 0.0000
4.4506 1.8279 0.0000
4.2680 1.5613 0.0000
2.1402 -3.8256 0.0000
1.9793 -4.0224 0.0000
-0.6369 -3.9464 0.0001
-0.4526 -4.1804 0.0000
0.5118 -0.2259 0.0250
0.2461 -0.4226 0.0678
0.0844 -0.4410 0.0821
-0.0594 -0.4838 0.0934
-3.4586 3.4052 0.0000
-3.7006 3.1599 0.0000
-2.0163 4.0588 0.0448
-2.2678 3.9969 0.0320
-2.0731 3.8474 0.0638
-2.2638 3.7606 0.0544
-2.2848 3.5770 0.0739
-3.2558 0.7801 0.0032
-0.6235 3.6981 0.0036
-0.8813 3.5827 0.0090
3.4853 -0.4674 0.0000
3.2236 -0.6008 0.0000
2.9429 -0.7498 0.0000
3.0511 4.2072 0.0000
2.7639 4.1701 0.0000
3.9807 1.5409 0.0000
3.9252 1.1939 0.0000
1.9122 -2.0787 0.0000
0.0401 0.6635 0.0011
-0.0566 0.3771 0.0053
-0.3166 0.1051 0.0160
2.5591 1.8819 0.0000
2.5194 1.6031 0.0000
2.4715 1.3194 0.0000
2.2721 1.7509 0.0000
2.2434 1.4705 0.0000
-3.3595 -1.2671 0.0002
-2.5292 -1.1785 0.0705
-2.5969 -1.3670 0.0533
-0.6939 1.0641 0.0001
-0.9238 0.9280 0.0001
1.9274 2.5571 0.0000
1.8397 2.3273 0.0000
1.7930 2.0727 0.0000
1.7575 1.8028 0.0000
2.8741 -2.0417 0.0000
2.7320 -2.2867 0.0000
2.8264 -2.5570 0.0000
2.5517 -2.5091 0.0000
2.6604 -2.7822 0.0000
0.8036 3.0732 0.0000
-1.1149 1.4834 0.0000
-1.2711 1.2739 0.0000
-0.7188 0.7583 0.0004
-0.9075 0.5433 0.0009
-0.9073 4.4898 0.0084
-0.9143 4.1927 0.0121
-1.1197 4.2971 0.0170
-1.2355 4.0842 0.0266
4.0265 -1.6409 0.0000
3.7410 -1.5186 0.0000
-2.5323 0.2505 0.1233
-2.5179 0.1033 0.1102
-2.6423 0.0812 0.1481
-2.6883 -0.0061 0.1414
-2.5679 -0.0369 0.1250
-2.6401 -0.1377 0.1339
-2.7386 -0.1081 0.1227
-2.6328 0.1885 0.1539
-2.7332 0.1409 0.1424
-2.8011 0.0469 0.1094
-2.8941 -0.1036 0.0589
-0.0928 0.1303 0.0158
-0.1757 -0.1197 0.0375
-0.4710 -0.0920 0.0269
-0.3448 -0.2768 0.0520
-0.5000 -0.3675 0.0536
-0.6598 -0.2509 0.0310
2.1619 -0.4169 0.0000
2.2029 -0.6843 0.0000
4.0693 -2.4697 0.0000
3.7967 -2.5458 0.0000
3.7500 -2.8348 0.0000
3.6913 -3.1157 0.0000
1.6128 4.0308 0.0000
1.4846 3.8101 0.0000
1.2079 3.7465 0.0000
1.0729 3.5186 0.0000
-3.5547 -3.1937 0.0000
-4.7525 -4.5143 0.0000
-4.4976 4.0220 0.0000
-4.7468 3.8926 0.0000
-1.3790 4.3023 0.0250
-1.0393 3.9920 0.0183
4.7626 -0.4571 0.0000
4.7501 2.9618 0.0000
-2.6420 -0.2560 0.1263
-2.7807 -0.2537 0.0968
-3.0021 -0.3363 0.0198
-2.6521 1.2340 0.2124
-2.7411 1.1852 0.1783
-2.7370 1.2867 0.1786
-2.8520 1.2241 0.1068
-3.1907 -1.4506 0.0006
-3.5043 0.6229 0.0003
-2.0779 4.7496 0.0067
-2.3574 4.7541 0.0030
-2.2405 4.5016 0.0093
4.7681 -4.2226 0.0000
4.5470 -4.0815 0.0000
4.7528 -4.5187 0.0000
-2.6011 -2.7937 0.0016
-2.9017 -2.7882 0.0002
-2.7980 -3.0480 0.0002
-3.0690 -3.0489 0.0000
-2.5531 3.1331 0.0695
4.6451 1.2624 0.0000
4.4082 1.2878 0.0000
-3.5670 -1.3907 0.0000
-0.9642 1.2270 0.0000
-1.1912 1.0011 0.0000
-2.8692 4.0565 0.0015
-2.9700 3.7247 0.0017
0.7206 -0.6826 0.0306
0.5398 -0.8299 0.0665
0.7510 -0.9239 0.0322
0.5531 -1.0277 0.0702
0.4640 4.7517 0.0000
-2.6265 -2.2806 0.0068
-2.9324 -2.2448 0.0008
4.7454 2.7077 0.0000
4.4971 2.7251 0.0000
0.7089 1.4594 0.0000
0.5717 1.2299 0.0000
0.4177 0.9786 0.0001
-0.4097 1.2201 0.0000
0.1960 3.7404 0.0000
2.9577 -3.1514 0.0000
-1.1609 -2.7912 0.0204
-1.6078 0.1664 0.0004
-2.0251 -0.1928 0.0010
4.2205 4.7532 0.0000
4.3888 4.4918 0.0000
-2.7521 2.5713 0.0622
-2.8868 2.3613 0.0342
4.4912 -0.9165 0.0000
2.9146 -1.0162 0.0000
2.6566 -1.0362 0.0000
2.6311 -1.3074 0.0000
2.3873 -1.1409 0.0000
-1.8855 -2.1244 0.0180
-2.0638 -2.2692 0.0256
0.1322 -2.0170 0.0734
-0.0369 -1.9933 0.0928
-0.0522 -2.1687 0.0702
-0.2095 -2.3080 0.0604
-0.2159 -2.0939 0.0846
-0.3816 -2.1980 0.0702
-0.3681 -2.4389 0.0495
-0.1893 -2.5562 0.0340
-0.4588 -2.6387 0.0341
1.4621 -0.7512 0.0002
2.5993 -3.2565 0.0000
2.4621 -3.4651 0.0000
2.2169 -3.5602 0.0000
-0.0039 3.9683 0.0001
-0.0910 3.6834 0.0002
4.3484 -3.9270 0.0000
3.3592 -3.9465 0.0000
3.0796 -3.9231 0.0000
-3.8967 1.4276 0.0000
-4.0128 1.2090 0.0000
1.9682 4.0908 0.0000
1.8147 3.8869 0.0000
1.7046 3.6782 0.0000
4.1715 0.7370 0.0000
-0.2054 1.9515 0.0000
-0.3453 1.7140 0.0000
-1.5604 1.8067 0.0005
-3.4603 -4.5434 0.0000
2.7744 -3.8238 0.0000
2.5818 -4.0265 0.0000
2.2652 -3.2467 0.0000
-2.7643 -4.1580 0.0000
-3.0163 -4.2663 0.0000
-4.2213 1.4181 0.0000
3.8281 -0.0720 0.0000
3.5808 -0.1576 0.0000
3.3402 -0.2466 0.0000
3.1327 -0.3541 0.0000
1.4865 1.7104 0.0000
1.2256 1.5981 0.0000
0.9729 1.4807 0.0000
1.4601 1.4311 0.0000
1.1961 1.3066 0.0000
0.1101 0.9546 0.0002
-0.1758 0.8606 0.0003
-3.8025 -1.8622 0.0000
1.6459 2.5382 0.0000
1.5532 2.2738 0.0000
1.5191 1.9897 0.0000
1.2492 1.8859 0.0000
-3.8797 2.8117 0.0000
-4.1552 2.7474 0.0000
4.7898 1.0833 0.0000
-1.3948 -1.5948 0.0123
-4.7761 2.0073 0.0000
2.4196 -4.2702 0.0000
-1.5978 -3.5794 0.0016
-1.7798 -3.7829 0.0005
-1.7609 -4.0447 0.0001
-3.0136 2.6481 0.0087
-0.4636 2.6418 0.0001
-0.7071 2.8073 0.0005
-0.7412 2.5163 0.0001
-4.7382 -2.6509 0.0000
4.4964 3.2957 0.0000
4.4986 3.0006 0.0000
3.1637 2.8141 0.0000
2.8759 2.5877 0.0000
2.6182 2.4481 0.0000
-2.1819 -1.4475 0.0258
-2.4105 -1.4267 0.0556
-2.3408 -1.6471 0.0458
-4.1174 -3.1819 0.0000
-3.2447 0.4885 0.0034
-3.2398 0.1925 0.0031
-3.3906 -0.0675 0.0006
-1.4141 -4.7641 0.0000
-0.6503 3.4350 0.0025
-1.5032 3.7269 0.0533
-1.6047 3.8871 0.0558
-1.7506 3.7822 0.0714
-1.9190 3.7108 0.0843
2.9276 -0.4955 0.0000
2.7099 -0.5353 0.0000
4.7542 -2.3490 0.0000
4.5408 -2.5236 0.0000
2.7305 0.8375 0.0000
0.5762 2.5245 0.0000
-4.0418 2.2362 0.0000
-4.3221 2.1517 0.0000
-4.5033 -4.7044 0.0000
-4.7740 -4.7822 0.0000
4.2345 3.4469 0.0000
4.0174 3.2890 0.0000
1.9786 0.4283 0.0000
2.0434 0.1382 0.0000
1.9042 0.7244 0.0000
1.7105 0.4893 0.0000
1.7688 0.2164 0.0000
1.7145 -4.4965 0.0000
-3.3854 -1.5918 0.0001
-4.5114 -3.1332 0.0000
-4.2821 -4.4879 0.0000
-4.2126 -4.7673 0.0000
-4.5146 0.6387 0.0000
-2.4373 2.8897 0.1448
-2.4896 2.7930 0.1424
-2.6117 2.7344 0.1007
-4.4865 1.8887 0.0000
-4.7448 1.7151 0.0000
1.7171 -2.9942 0.0000
-1.4475 1.4473 0.0000
-1.6371 1.2595 0.0001
-1.1130 -0.9756 0.0300
-1.3274 -1.1036 0.0155
-2.4745 -0.9968 0.0730
-2.6786 -1.0152 0.0655
-2.7628 -1.2242 0.0330
0.0516 -3.2382 0.0006
-0.2049 -3.3242 0.0011
-2.4373 3.0139 0.1240
-2.5864 2.9216 0.0853
4.7732 4.2413 0.0000
-4.2338 4.7674 0.0000
-4.4104 4.5283 0.0000
-3.8468 -3.1941 0.0000
-4.0315 -3.4490 0.0000
-0.9485 -3.2423 0.0073
-3.9881 -1.6545 0.0000
-4.0445 -1.9438 0.0000
-4.2911 -2.0103 0.0000
3.0014 4.7399 0.0000
1.5423 0.0312 0.0000
-0.1353 -4.7807 0.0000
-0.3732 -4.6993 0.0000
-0.6269 -4.7460 0.0000
-4.1526 -0.9043 0.0000
-4.4739 -0.7960 0.0000
-4.4058 -1.0294 0.0000
-4.6990 -1.0294 0.0000
-4.7275 -1.2842 0.0000
-4.5099 0.3310 0.0000
-4.7537 0.1697 0.0000
-2.0193 1.9950 0.0383
-2.3738 1.6672 0.1563
-2.4238 1.5836 0.1752
-2.3584 -0.5466 0.0414
-2.4008 -0.7961 0.0568
4.2880 -0.1136 0.0000
4.0407 -0.2614 0.0000
4.0028 -0.5448 0.0000
3.7696 -0.3647 0.0000
-3.7027 1.5998 0.0000
1.6399 -4.1245 0.0000
1.4850 -4.3645 0.0000
-1.8491 1.0897 0.0005
-2.1107 0.9499 0.0073
-2.2021 0.7208 0.0135
-2.4620 1.0136 0.1360
-2.5324 0.9268 0.1689
-2.3565 0.8960 0.0661
-2.4941 0.8340 0.1397
-2.5663 0.7603 0.1718
-2.4273 0.6985 0.0903
-2.5572 0.6524 0.1597
-2.6321 0.6969 0.1867
-2.7132 -2.0258 0.0079
-2.9711 -1.9295 0.0014
-2.9216 4.7612 0.0002
-1.9928 -0.9455 0.0027
-2.2620 -1.0040 0.0274
0.1840 -1.0991 0.1518
0.1324 -1.1747 0.1602
0.0895 -1.2615 0.1639
0.0526 -1.3491 0.1633
-0.0040 -1.4283 0.1614
-2.5708 1.0118 0.1929
-2.6055 0.8576 0.1922
-2.6671 0.7871 0.1934
-2.6414 0.9475 0.2024
-2.7110 0.8800 0.1885
-2.8188 0.9125 0.1329
-2.7566 0.8000 0.1673
-2.8615 0.7820 0.1055
-2.7301 0.7104 0.1758
-2.8141 0.6580 0.1322
-3.0032 0.3674 0.0335
-0.5122 -2.3372 0.0544
-0.6327 -2.4798 0.0420
-0.7116 -2.7015 0.0297
-0.9449 -2.7383 0.0249
-0.8496 -2.9593 0.0173
0.8587 4.2361 0.0000
0.7089 3.9993 0.0000
-3.9171 -2.6857 0.0000
-4.0041 -2.9374 0.0000
-4.2888 -2.9924 0.0000
1.6921 3.4078 0.0000
1.4695 3.2410 0.0000
1.3605 3.0214 0.0000
-3.5839 -0.2625 0.0001
-3.7711 -0.4691 0.0000
-3.9429 -0.7045 0.0000
2.7419 -3.0395 0.0000
2.4593 -3.0109 0.0000
2.4508 -3.7629 0.0000
2.3002 -4.0228 0.0000
0.6180 0.7561 0.0002
0.5123 0.4970 0.0013
0.3191 0.7212 0.0005
0.2302 0.4486 0.0030
-3.5097 -1.0360 0.0001
-3.6974 -1.1848 0.0000
-1.1350 -0.7043 0.0213
-1.3935 -0.8336 0.0098
-3.8906 -4.7712 0.0000
-0.3258 -1.2426 0.1555
-0.2972 -1.3385 0.1560
-0.4071 -1.3044 0.1424
-0.5733 -1.2626 0.1153
-0.4966 -1.3827 0.1252
-0.6297 -1.3886 0.1023
-2.9246 1.6550 0.0523
-3.1642 1.6256 0.0066
-3.4257 1.5828 0.0005
-0.6125 -1.0125 0.1037
-0.6997 -1.1558 0.0923
-0.7762 -1.3022 0.0791
-0.9269 -1.5450 0.0517
-0.7632 -1.4822 0.0769
-0.7484 -1.6746 0.0705
-1.0144 -1.7333 0.0370
-0.8435 -1.8465 0.0510
-1.0151 -1.9905 0.0312
2.1319 -4.2458 0.0000
1.9888 -4.5055 0.0000
-1.1071 -3.0172 0.0147
-1.3624 -3.0582 0.0124
-1.5445 -3.2945 0.0056
-4.5175 -2.1827 0.0000
-4.7404 -2.3558 0.0000
3.9942 3.0374 0.0000
3.7258 3.0100 0.0000
-2.2696 -3.8361 0.0001
-2.5080 -3.9864 0.0000
-0.5646 -4.4704 0.0000
-0.8628 -4.7368 0.0000
-1.3343 -4.5129 0.0000
-1.5855 -4.5373 0.0000
-1.7319 -4.7649 0.0000
4.7320 -1.7030 0.0000
4.7484 1.7181 0.0000
-0.6452 -0.8570 0.0884
-0.7894 -0.9720 0.0716
-0.9171 -1.1232 0.0563
-0.9557 -1.3502 0.0515
-1.1333 -1.2492 0.0312
-1.1564 -1.5211 0.0278
2.7104 0.5561 0.0000
-2.7072 -4.4366 0.0000
1.8402 -4.2562 0.0000
-1.1263 -4.7560 0.0000
-3.8031 -1.5058 0.0000
4.7516 -0.7737 0.0000
-4.3113 -3.3214 0.0000
-4.3007 -3.6001 0.0000
1.7677 -1.8450 0.0000
1.4732 -1.8613 0.0000
1.4075 -2.2145 0.0000
2.2279 1.1659 0.0000
-1.3890 0.7522 0.0001
-1.4640 0.4159 0.0003
-0.8161 -3.7231 0.0004
-0.9089 -4.0191 0.0001
-1.0566 -4.2508 0.0000
2.4721 0.7259 0.0000
-3.2881 2.8936 0.0005
-3.2893 2.6589 0.0008
0.7369 -1.8392 0.0118
0.5733 -2.0434 0.0158
3.2280 3.1295 0.0000
2.9584 3.1039 0.0000
-1.3609 -2.5902 0.0191
-1.6072 -2.7643 0.0172
-0.0399 -1.3432 0.1688
-0.1182 -1.2882 0.1713
-0.1938 -1.3640 0.1641
-0.2682 -1.4339 0.1534
-0.1035 -1.3989 0.1655
-0.1686 -1.4639 0.1583
-0.2402 -1.5301 0.1478
-0.1527 -1.5736 0.1483
-0.2635 -1.6425 0.1346
-3.0753 4.5258 0.0001
-3.2951 4.4382 0.0000
1.2549 -4.5212 0.0000
1.2119 -4.7729 0.0000
-4.5248 4.7602 0.0000
-4.7839 4.7729 0.0000
-4.7220 4.5010 0.0000
-3.4879 -0.5454 0.0001
-3.6645 -0.7936 0.0000
-3.8814 -1.0002 0.0000
-1.3261 3.8664 0.0363
-2.2700 1.7230 0.1037
3.0453 3.3775 0.0000
-0.5690 -2.8965 0.0187
-0.6734 -3.1681 0.0078
4.7484 3.7191 0.0000
-3.0374 1.1664 0.0262
-3.2454 1.0433 0.0037
-0.1405 -0.9295 0.1599
-0.1739 -1.0168 0.1653
-0.2648 -1.0248 0.1582
-0.3114 -1.1099 0.1565
-0.2115 -1.1064 0.1669
-0.2598 -1.1847 0.1637
-0.3777 -1.1642 0.1484
-0.4566 -1.2176 0.1360
1.7168 1.2669 0.0000
3.8538 0.7149 0.0000
-3.5197 -4.2752 0.0000
-3.7522 -4.4837 0.0000
-3.6060 -4.7607 0.0000
-0.2299 0.5907 0.0018
-0.3448 0.3584 0.0054
-0.5709 0.1754 0.0091
3.9324 -3.2943 0.0000
4.0025 -3.5212 0.0000
3.7705 -3.6178 0.0000
3.5377 -3.7058 0.0000
0.4497 -2.5860 0.0035
-1.4732 -0.0655 0.0015
-1.7549 -0.1188 0.0005
-1.8284 -0.4041 0.0007
1.1374 4.2638 0.0000
-4.0071 0.0546 0.0000
-4.2321 -0.1432 0.0000
-4.3336 -0.4228 0.0000
0.2650 -1.3190 0.1329
0.2182 -1.4370 0.1337
0.1508 -1.3435 0.1521
0.1015 -1.4412 0.1513
0.1531 -1.5566 0.1326
0.0305 -1.5195 0.1506
0.0574 -1.6220 0.1364
-2.9946 1.4111 0.0345
-3.2803 1.3363 0.0025
-3.2537 -3.2711 0.0000
-0.0884 2.9726 0.0000
-0.2562 2.8033 0.0000
0.4440 2.7623 0.0000
0.3448 -0.0169 0.0188
0.2533 -0.2378 0.0431
0.0811 -0.0564 0.0295
0.0318 -0.2723 0.0572
-0.1446 -0.3495 0.0699
4.5224 -0.5960 0.0000
4.2741 -0.6983 0.0000
-4.7572 0.7891 0.0000
-3.4969 0.3489 0.0003
-3.5360 0.0987 0.0002
-3.7338 -0.0620 0.0000
0.9826 -1.0559 0.0092
0.7440 -1.1664 0.0327
1.0052 -1.2849 0.0065
0.9209 -1.6192 0.0064
-0.3816 3.4433 0.0006
-0.5333 3.2112 0.0008
0.6977 -3.9978 0.0000
0.5518 -4.2452 0.0000
3.7609 4.5223 0.0000
3.6202 4.2686 0.0000
0.9695 -0.7868 0.0097
-2.3238 -2.3428 0.0204
-2.5266 -2.5228 0.0059
4.0052 0.9589 0.0000
-1.0577 -3.5293 0.0021
-1.2260 -3.2822 0.0067
-1.3513 -3.5134 0.0025
4.2205 3.7313 0.0000
3.9323 3.5499 0.0000
0.3479 -2.0894 0.0360
0.2982 -2.3616 0.0185
-3.6584 3.9646 0.0000
-3.8414 3.7527 0.0000
2.3829 -2.7319 0.0000
3.7092 1.6084 0.0000
0.6460 3.7057 0.0000
0.4355 3.5445 0.0000
3.7769 4.0346 0.0000
3.5070 3.9944 0.0000
2.6012 3.6156 0.0000
2.4489 3.4281 0.0000
2.2134 3.5518 0.0000
1.9456 3.5554 0.0000
-2.7846 -3.5534 0.0000
-2.9983 -3.7096 0.0000
0.2414 2.6272 0.0000
0.2160 2.2120 0.0000
4.7639 0.1710 0.0000
4.5196 0.2951 0.0000
4.5159 0.0210 0.0000
4.2461 0.2171 0.0000
1.9603 4.7531 0.0000
1.6775 4.7693 0.0000
1.8030 4.5333 0.0000
-2.7593 3.0586 0.0271
-2.7943 2.8105 0.0333
-1.9013 -1.4574 0.0054
-2.0841 -1.6851 0.0209
3.9741 -1.9913 0.0000
3.8629 -2.2705 0.0000
3.5713 -2.3333 0.0000
3.2837 -2.2863 0.0000
1.5708 -1.2993 0.0000
1.4030 -1.5038 0.0002
-2.3125 -2.6428 0.0103
-2.3215 -2.9175 0.0043
-2.5333 -3.0833 0.0008
0.2984 -0.5926 0.0859
0.1287 -0.5874 0.1037
0.2169 -0.7284 0.1154
0.0845 -0.7216 0.1285
2.8902 0.3386 0.0000
2.6040 0.2441 0.0000
2.3466 0.0788 0.0000
2.5488 3.9687 0.0000
2.3848 3.7521 0.0000
-2.0774 -3.0606 0.0057
-2.3132 -3.2222 0.0014
0.3024 -2.8245 0.0022
0.2356 -3.0766 0.0007
4.7481 -1.0796 0.0000
