5.0000 5.0000 0.0000
0.0000 5.0000 0.0000
2.5000 5.0000 0.0000
3.7500 5.0000 0.0000
4.3750 5.0000 0.0000
4.6875 5.0000 0.0000
4.0625 5.0000 0.0000
3.1250 5.0000 0.0000
3.4375 5.0000 0.0000
2.8125 5.0000 0.0000
1.2500 5.0000 0.0000
1.8750 5.0000 0.0000
2.1875 5.0000 0.0000
1.5625 5.0000 0.0000
0.6250 5.0000 0.0000
0.9375 5.0000 0.0000
0.3125 5.0000 0.0000
-2.5000 5.0000 0.0000
-1.2500 5.0000 0.0000
-0.6250 5.0000 0.0000
-0.3125 5.0000 0.0000
-0.9375 5.0000 0.0000
-1.8750 5.0000 0.0000
-1.5625 5.0000 0.0000
-2.1875 5.0000 0.0000
-3.7500 5.0000 0.0000
-3.1250 5.0000 0.0000
-2.8125 5.0000 0.0000
-3.4375 5.0000 0.0000
-4.3750 5.0000 0.0000
-4.0625 5.0000 0.0000
-4.6875 5.0000 0.0000
5.0000 -5.0000 0.0000
5.0000 0.0000 0.0000
5.0000 -2.5000 0.0000
5.0000 -3.7500 0.0000
5.0000 -4.3750 0.0000
5.0000 -4.6875 0.0000
5.0000 -4.0625 0.0000
5.0000 -3.1250 0.0000
5.0000 -3.4375 0.0000
5.0000 -2.8125 0.0000
5.0000 -1.2500 0.0000
5.0000 -1.8750 0.0000
5.0000 -2.1875 0.0000
5.0000 -1.5625 0.0000
5.0000 -0.6250 0.0000
5.0000 -0.9375 0.0000
5.0000 -0.3125 0.0000
5.0000 2.5000 0.0000
5.0000 1.2500 0.0000
5.0000 0.6250 0.0000
5.0000 0.3125 0.0000
5.0000 0.9375 0.0000
5.0000 1.8750 0.0000
5.0000 1.5625 0.0000
5.0000 2.1875 0.0000
5.0000 3.7500 0.0000
5.0000 3.1250 0.0000
5.0000 2.8125 0.0000
5.0000 3.4375 0.0000
5.0000 4.3750 0.0000
5.0000 4.0625 0.0000
5.0000 4.6875 0.0000
-5.0000 -5.0000 0.0000
0.0000 -5.0000 0.0000
-2.5000 -5.0000 0.0000
-3.7500 -5.0000 0.0000
-4.3750 -5.0000 0.0000
-4.6875 -5.0000 0.0000
-4.0625 -5.0000 0.0000
-3.1250 -5.0000 0.0000
-3.4375 -5.0000 0.0000
-2.8125 -5.0000 0.0000
-1.2500 -5.0000 0.0000
-1.8750 -5.0000 0.0000
-2.1875 -5.0000 0.0000
-1.5625 -5.0000 0.0000
-0.6250 -5.0000 0.0000
-0.9375 -5.0000 0.0000
-0.3125 -5.0000 0.0000
2.5000 -5.0000 0.0000
1.2500 -5.0000 0.0000
0.6250 -5.0000 0.0000
0.3125 -5.0000 0.0000
0.9375 -5.0000 0.0000
1.8750 -5.0000 0.0000
1.5625 -5.0000 0.0000
2.1875 -5.0000 0.0000
3.7500 -5.0000 0.0000
3.1250 -5.0000 0.0000
2.8125 -5.0000 0.0000
3.4375 -5.0000 0.0000
4.3750 -5.0000 0.0000
4.0625 -5.0000 0.0000
4.6875 -5.0000 0.0000
-5.0000 5.0000 0.0000
-5.0000 0.0000 0.0000
-5.0000 2.5000 0.0000
-5.0000 3.7500 0.0000
-5.0000 4.3750 0.0000
-5.0000 4.6875 0.0000
-5.0000 4.0625 0.0000
-5.0000 3.1250 0.0000
-5.0000 3.4375 0.0000
-5.0000 2.8125 0.0000
-5.0000 1.2500 0.0000
-5.0000 1.8750 0.0000
-5.0000 2.1875 0.0000
-5.0000 1.5625 0.0000
-5.0000 0.6250 0.0000
-5.0000 0.9375 0.0000
-5.0000 0.3125 0.0000
-5.0000 -2.5000 0.0000
-5.0000 -1.2500 0.0000
-5.0000 -0.6250 0.0000
-5.0000 -0.3125 0.0000
-5.0000 -0.9375 0.0000
-5.0000 -1.8750 0.0000
-5.0000 -1.5625 0.0000
-5.0000 -2.1875 0.0000
-5.0000 -3.7500 0.0000
-5.0000 -3.1250 0.0000
-5.0000 -2.8125 0.0000
-5.0000 -3.4375 0.0000
-5.0000 -4.3750 0.0000
-5.0000 -4.0625 0.0000
-5.0000 -4.6875 0.0000
4.2831 2.3211 0.0000
4.0095 2.2177 0.0000
3.9522 1.9241 0.0000
3.9466 1.6434 0.0000
4.7529 -1.7089 0.0000
-4.7683 4.2075 0.0000
-3.3734 1.3145 0.0000
0.4803 -3.4359 0.0000
0.3921 -3.7107 0.0000
0.5377 -3.9785 0.0000
0.2767 -3.9540 0.0000
0.2278 -4.1389 0.0000
-2.6497 -4.7570 0.0000
-4.1346 0.9252 0.0000
-4.1963 0.6572 0.0000
-4.5422 0.6091 0.0000
3.0676 -0.5546 0.0000
3.2028 -0.8314 0.0000
4.7538 -3.6146 0.0000
0.3456 -2.9405 0.0000
0.2747 -3.2243 0.0000
0.1967 -3.5042 0.0000
-0.0731 -3.5820 0.0000
4.2330 -0.2555 0.0000
-3.0845 3.9913 0.0000
-3.3149 3.8498 0.0000
-2.5686 -0.1959 0.0000
2.2031 -2.9220 0.0000
-1.9379 -1.0199 0.0000
-2.0557 -1.2409 0.0000
-1.7028 4.7540 0.0000
-1.5823 4.4751 0.0000
-1.0095 3.2328 0.0000
2.5880 -2.4875 0.0000
2.7694 4.0012 0.0000
-4.5434 -3.7357 0.0000
-4.7720 -3.9030 0.0000
-4.7579 -4.2123 0.0000
-3.2254 -2.4081 0.0000
-3.4761 -2.5652 0.0000
4.7557 4.7594 0.0000
4.4814 4.5456 0.0000
3.4917 -1.1304 0.0000
3.3088 -1.3614 0.0000
-3.4918 4.3259 0.0000
-3.7246 4.1959 0.0000
-3.9154 3.9831 0.0000
0.0632 -3.0205 0.0000
-0.2141 -3.1117 0.0000
-3.0307 -4.4771 0.0000
-2.9057 0.4686 0.0000
-3.2071 0.2524 0.0000
-4.2499 -1.7950 0.0000
4.7532 -3.9044 0.0000
4.7428 -4.2064 0.0000
-1.9777 -2.5604 0.0000
-2.2521 -2.7675 0.0000
-3.3663 1.8479 0.0000
-0.8294 0.8584 0.0249
-2.0556 -3.8202 0.0000
-2.3390 -3.8272 0.0000
4.7609 1.1165 0.0000
-2.6417 4.2881 0.0000
2.8363 2.7831 0.0000
-4.0540 4.1783 0.0000
0.5400 0.9179 0.0623
0.4735 0.7842 0.1171
0.3784 0.7582 0.1537
0.3443 0.6594 0.2176
0.4390 0.6838 0.1712
0.4056 0.5852 0.2370
0.3096 0.5624 0.2934
-2.4104 2.2341 0.0000
-3.4844 -1.9971 0.0000
-0.4653 2.4440 0.0000
-2.4106 0.5542 0.0000
-2.6520 0.3845 0.0000
0.4451 -4.7498 0.0000
-3.8454 2.7229 0.0000
2.7892 3.0715 0.0000
2.8262 -4.4946 0.0000
3.7714 -1.2105 0.0000
4.0265 -1.2999 0.0000
3.8136 -1.5389 0.0000
3.5656 -1.4018 0.0000
3.5310 -1.6510 0.0000
0.9602 -1.3191 0.0013
-0.2642 3.4105 0.0000
-0.5130 3.2370 0.0000
-0.4119 2.6876 0.0000
0.4781 4.0036 0.0000
2.0235 3.8143 0.0000
1.7602 3.7045 0.0000
1.5000 3.5976 0.0000
-2.6124 0.9897 0.0000
-2.8581 0.9850 0.0000
1.4329 -3.2463 0.0000
1.2922 -3.4512 0.0000
2.4919 0.4467 0.0000
-0.8684 -1.7019 0.0003
-2.9738 -4.7481 0.0000
-3.2631 -4.7589 0.0000
-3.5459 -4.7516 0.0000
-3.0100 -4.2144 0.0000
2.9670 4.7538 0.0000
2.8139 4.5098 0.0000
-3.6461 1.3289 0.0000
-3.9084 1.0935 0.0000
-1.6172 1.3380 0.0000
-4.7626 1.1263 0.0000
-4.6178 0.9478 0.0000
-4.1434 -3.1130 0.0000
-4.3501 -3.2864 0.0000
1.9007 -1.6130 0.0000
1.4281 -1.8694 0.0000
3.1094 4.4950 0.0000
2.9505 4.2453 0.0000
4.2363 -0.8351 0.0000
2.2616 -0.6323 0.0000
-0.7579 3.0463 0.0000
-2.3498 -0.0149 0.0000
-3.6769 1.8492 0.0000
-0.3850 -0.0221 0.5020
-0.3237 -0.0993 0.5447
-0.4148 -0.1176 0.4604
-0.1535 -0.0887 0.6586
-0.1668 -0.1754 0.6215
-0.2322 -0.0808 0.6168
-0.2510 -0.1666 0.5774
-0.1779 -0.2598 0.5706
-0.2686 -0.2525 0.5242
-0.3489 -0.1933 0.4938
-0.3292 -0.3005 0.4561
-0.3913 -0.2734 0.4242
-0.4693 -0.3036 0.3483
-0.4557 -0.2011 0.3996
3.2690 4.7513 0.0000
1.8246 -0.3052 0.0000
2.7916 1.7354 0.0000
-1.7580 3.4314 0.0000
-1.9922 3.2600 0.0000
-2.2459 3.3861 0.0000
-2.6396 2.7615 0.0000
-0.1258 -1.6932 0.0024
-2.3480 4.2381 0.0000
1.7552 -0.5648 0.0000
1.5527 -0.7482 0.0000
1.6516 -1.0407 0.0000
-3.1556 2.9694 0.0000
1.4247 4.7513 0.0000
-0.9130 -0.7723 0.0254
-1.1255 -0.9712 0.0037
0.7161 -0.7006 0.0724
0.5957 -0.6481 0.1325
0.6179 -0.7466 0.0939
0.5231 -0.7199 0.1366
0.4544 -0.7904 0.1322
0.5748 -0.8377 0.0819
0.4837 -0.9019 0.0857
0.3923 -0.8619 0.1197
0.4078 -0.9990 0.0711
0.2876 -1.0230 0.0781
-3.9686 1.7344 0.0000
-4.7564 3.2924 0.0000
-4.7527 2.9762 0.0000
3.0202 0.4625 0.0000
2.9931 0.7011 0.0000
2.7434 0.6636 0.0000
2.7846 0.3979 0.0000
0.4904 1.6729 0.0013
2.7932 -0.5880 0.0000
2.6851 -0.8730 0.0000
-2.7159 -4.2829 0.0000
0.1258 0.9667 0.1009
0.1439 0.8918 0.1316
0.0410 0.9457 0.1153
0.0591 0.8544 0.1586
-0.0216 0.7917 0.1996
-0.0350 0.8843 0.1471
-0.1122 0.8184 0.1823
3.2470 4.2284 0.0000
3.0885 3.9916 0.0000
-1.2473 2.1067 0.0000
-3.4007 1.0450 0.0000
-1.1693 -2.5151 0.0000
-4.1064 1.5287 0.0000
-4.1636 1.2149 0.0000
-0.0385 -4.0304 0.0000
-0.4702 -4.3208 0.0000
-1.3301 0.8747 0.0003
-0.9258 -3.1743 0.0000
-2.0184 4.7541 0.0000
-0.3000 1.6901 0.0024
0.7829 4.7525 0.0000
-1.4685 2.6294 0.0000
-2.9984 3.4510 0.0000
-3.2652 -1.2818 0.0000
-3.3894 0.0292 0.0000
-3.5610 -0.1920 0.0000
-3.8159 -0.0977 0.0000
-4.0292 -0.2583 0.0000
-3.9973 -0.5489 0.0000
-4.2403 -0.7114 0.0000
-1.7366 -2.6120 0.0000
-1.8037 -2.8808 0.0000
-2.0096 -2.7922 0.0000
-2.1465 -3.0120 0.0000
-0.4881 2.1997 0.0000
-0.7555 2.2432 0.0000
3.0153 -1.5468 0.0000
3.0827 -1.8088 0.0000
4.2463 -3.5770 0.0000
1.9091 -2.9821 0.0000
1.7818 -3.2160 0.0000
-0.1075 -2.5613 0.0000
-0.1693 -2.8382 0.0000
2.5023 -4.7452 0.0000
3.2799 3.1429 0.0000
1.5559 -0.4054 0.0001
1.3606 -0.5716 0.0007
1.1850 -0.7490 0.0025
4.4852 -0.3953 0.0000
4.7541 3.8957 0.0000
1.2289 4.5776 0.0000
1.0775 4.7687 0.0000
0.2904 -0.0369 0.5831
0.2555 -0.1291 0.5917
0.1605 -0.1472 0.6397
0.1314 -0.2508 0.6000
0.2020 -0.0499 0.6424
0.1117 -0.0706 0.6805
0.0772 -0.1773 0.6544
-0.0135 -0.1761 0.6621
0.0204 -0.2628 0.6127
-0.0854 -0.2380 0.6172
0.0122 -0.3590 0.5424
-0.0625 -0.3286 0.5597
-0.0757 -0.4229 0.4815
-0.1400 -0.3382 0.5321
-0.1671 -0.4246 0.4552
-0.2199 -0.5144 0.3645
-0.2314 -0.3424 0.4892
-0.3151 -0.3728 0.4208
-0.2564 -0.4394 0.4062
-0.3388 -0.4686 0.3433
-0.2952 -0.5510 0.3072
-0.3891 -0.5606 0.2589
-0.3408 -0.6468 0.2264
-0.3939 -0.7347 0.1606
3.5503 -2.4206 0.0000
2.6909 2.3045 0.0000
2.2196 2.2738 0.0000
-0.0204 3.5582 0.0000
0.0025 3.2458 0.0000
-0.2380 3.1389 0.0000
-4.5460 4.0317 0.0000
3.4724 2.0369 0.0000
2.0566 -3.7377 0.0000
-0.1832 2.6534 0.0000
-0.2313 2.4188 0.0000
1.8714 1.2468 0.0000
1.6663 1.0336 0.0000
1.7279 0.7212 0.0000
2.2170 -3.9895 0.0000
2.0966 -4.2415 0.0000
1.8192 -4.2411 0.0000
2.7839 -1.6998 0.0000
-1.7064 1.9055 0.0000
0.4315 -4.2523 0.0000
0.2787 -4.4902 0.0000
0.0877 -4.2916 0.0000
-0.0281 -4.5297 0.0000
-0.1670 -4.7686 0.0000
4.2074 3.0680 0.0000
3.9113 2.9850 0.0000
-4.3163 -3.5754 0.0000
-4.7803 -3.5943 0.0000
2.6818 1.2415 0.0000
-0.7775 3.6832 0.0000
0.8671 -2.6854 0.0000
0.7335 -2.9174 0.0000
0.5368 -2.7925 0.0000
0.5651 -3.1437 0.0000
-0.2048 2.1627 0.0001
-0.6769 -1.9117 0.0001
-2.5147 -0.4871 0.0000
0.4066 0.8615 0.1031
0.3158 0.8297 0.1344
0.2277 0.8171 0.1573
0.2827 0.7345 0.1916
0.1872 0.7178 0.2242
0.2496 0.6391 0.2619
0.1589 0.6143 0.3050
0.1481 0.4926 0.4059
0.1410 0.7982 0.1818
0.0661 0.7540 0.2187
0.1055 0.6840 0.2628
-0.0073 0.7005 0.2613
0.0947 0.5601 0.3621
0.0600 0.4665 0.4472
0.0446 0.6302 0.3118
-0.0517 0.6219 0.3219
-0.0031 0.5435 0.3868
-0.1090 0.5385 0.3853
-0.0378 0.4581 0.4598
-0.1256 0.4410 0.4627
1.1684 2.8858 0.0000
1.2759 2.6953 0.0000
4.2329 2.0313 0.0000
4.2110 1.7543 0.0000
-0.3435 -2.3820 0.0000
-0.3954 -2.6567 0.0000
-0.4739 -2.9548 0.0000
0.2499 2.4274 0.0000
0.3725 2.1815 0.0001
0.1113 2.1153 0.0001
4.7535 1.4131 0.0000
4.7479 0.0161 0.0000
4.4843 -0.1143 0.0000
-3.9953 -1.9676 0.0000
-4.2528 -2.0801 0.0000
4.7524 -2.6358 0.0000
4.5032 -2.6600 0.0000
-1.5616 -3.9900 0.0000
-1.9019 -4.0737 0.0000
1.3129 -1.6609 0.0000
1.1366 -1.9085 0.0000
4.5127 1.0055 0.0000
4.7581 0.8200 0.0000
-0.6127 -3.4695 0.0000
-0.9244 -3.4573 0.0000
-4.7476 -2.9587 0.0000
0.9795 3.0659 0.0000
-1.7362 2.5179 0.0000
2.5793 -2.1909 0.0000
-2.1359 0.7029 0.0000
4.7357 -2.8954 0.0000
-2.4221 -3.0665 0.0000
3.7079 0.0421 0.0000
-1.0543 -1.4944 0.0005
-1.1533 -1.7674 0.0000
-1.3367 -1.9386 0.0000
-1.5317 -2.0989 0.0000
-2.4749 3.2324 0.0000
-2.9535 3.1620 0.0000
1.0335 -2.9336 0.0000
-1.1027 -2.9972 0.0000
-1.1724 -3.2900 0.0000
4.7517 3.6006 0.0000
4.4999 3.4692 0.0000
-1.0803 4.4013 0.0000
-0.2890 3.9918 0.0000
-0.2788 3.7006 0.0000
-0.6304 0.7107 0.0996
-0.6715 0.6183 0.1085
-0.6414 0.5111 0.1542
1.2483 3.4658 0.0000
1.2647 3.1572 0.0000
-0.9575 2.0223 0.0000
-1.1564 1.8221 0.0000
-2.5316 2.4901 0.0000
-2.8220 2.5487 0.0000
1.6588 1.7779 0.0000
1.5577 -2.3386 0.0000
1.4809 -2.6203 0.0000
0.0954 -3.7887 0.0000
-0.2160 -3.7972 0.0000
-0.3389 -4.0382 0.0000
-0.6065 -4.1250 0.0000
-0.5923 1.6900 0.0011
-0.4727 1.4440 0.0074
-0.8312 1.1325 0.0080
-3.0729 4.6981 0.0000
-3.3032 4.7848 0.0000
-3.4379 4.5967 0.0000
-3.6131 4.7803 0.0000
-3.7166 4.5173 0.0000
2.3037 4.2657 0.0000
2.2745 3.9513 0.0000
2.0397 4.1069 0.0000
1.9194 -3.4637 0.0000
1.6194 -3.4345 0.0000
1.4857 -3.6786 0.0000
-4.3331 0.4629 0.0000
-4.5237 0.2941 0.0000
-4.7653 0.1495 0.0000
-2.1923 -3.5579 0.0000
0.7891 2.4974 0.0000
0.6670 2.2094 0.0000
1.2422 -3.0810 0.0000
1.0915 -3.2640 0.0000
3.2770 -2.5155 0.0000
3.0878 -2.6768 0.0000
1.9415 -1.1066 0.0000
1.7546 -1.3422 0.0000
1.5395 -1.5159 0.0000
4.0141 0.7754 0.0000
3.7682 0.6317 0.0000
3.7458 0.3325 0.0000
3.8836 4.7542 0.0000
0.9698 1.4615 0.0009
1.5868 1.3067 0.0000
1.3647 1.0866 0.0004
2.7461 2.5569 0.0000
2.4484 2.4094 0.0000
0.3275 -1.6607 0.0028
-2.0212 -4.7531 0.0000
-2.3454 -4.7519 0.0000
-3.6938 -2.7422 0.0000
-3.9101 -2.9365 0.0000
4.5024 -4.5327 0.0000
4.4931 -4.7607 0.0000
1.4839 0.8392 0.0002
1.1918 0.8439 0.0035
1.1459 0.5394 0.0102
4.2622 0.9151 0.0000
4.5033 0.7211 0.0000
4.2499 0.6131 0.0000
3.9997 0.4752 0.0000
-4.3687 -2.9675 0.0000
-0.6067 0.0963 0.2836
-0.7061 0.1081 0.1969
-0.8026 0.0981 0.1291
-0.8293 -0.0001 0.1164
-0.9070 0.0977 0.0741
-0.9509 -0.0043 0.0591
-0.6548 0.0137 0.2451
-0.7252 -0.0505 0.1865
-0.7530 0.0275 0.1658
-0.8021 -0.0854 0.1319
-0.8917 -0.0905 0.0833
-0.8066 -0.1776 0.1241
-0.9330 -0.2055 0.0628
0.2037 4.7574 0.0000
-0.0481 4.7162 0.0000
-0.0386 4.4456 0.0000
2.8178 -3.9808 0.0000
-3.8753 -3.2261 0.0000
-4.0939 -3.4029 0.0000
-2.0007 -1.5396 0.0000
3.3312 1.7878 0.0000
3.2799 0.0379 0.0000
3.0578 -0.0777 0.0000
2.9223 -0.3215 0.0000
-0.3042 4.5381 0.0000
-0.2985 4.2763 0.0000
-0.5721 4.4416 0.0000
-0.5478 4.1394 0.0000
-0.5347 3.8403 0.0000
2.1971 2.5882 0.0000
2.0582 2.8645 0.0000
1.8915 2.6516 0.0000
1.6880 2.4511 0.0000
-3.7467 0.8587 0.0000
-3.9225 0.7889 0.0000
-3.9688 0.5507 0.0000
-1.0925 0.4714 0.0123
-2.2122 3.0923 0.0000
-2.4442 2.9576 0.0000
1.7696 -2.5331 0.0000
-3.9669 1.9700 0.0000
2.5911 1.5311 0.0000
2.3803 1.3415 0.0000
-1.1033 -4.7578 0.0000
1.6575 -1.7439 0.0000
1.8334 -2.2424 0.0000
1.6279 -2.0530 0.0000
1.3530 -2.1352 0.0000
0.4359 -0.6844 0.1859
0.3661 -0.7478 0.1781
0.3159 -0.8144 0.1573
0.3131 -0.9133 0.1138
0.3472 -0.6460 0.2409
0.2813 -0.7061 0.2253
0.2377 -0.7721 0.1953
0.1742 -0.6936 0.2560
0.1514 -0.7983 0.1911
0.1425 -0.8976 0.1383
0.2316 -0.8638 0.1470
0.2208 -0.9519 0.1090
0.0605 -0.9455 0.1181
0.1491 -1.0017 0.0941
0.0548 -1.0776 0.0701
-0.2932 -0.7294 0.1917
-0.3426 -0.8091 0.1382
-0.4487 -0.8099 0.1133
-0.3860 -0.8639 0.1061
-0.3966 -0.9492 0.0756
-0.2993 -0.9084 0.1038
-0.5055 -0.8973 0.0732
-0.5961 -1.0145 0.0364
-0.6954 -1.1818 0.0125
-0.9704 -1.2299 0.0031
-0.7621 -1.4326 0.0026
-1.2420 -1.2733 0.0005
-1.6714 -2.3450 0.0000
-1.9481 -2.3300 0.0000
-2.2239 -2.5223 0.0000
-4.4881 -0.8452 0.0000
-2.2245 2.4823 0.0000
-3.0401 3.7300 0.0000
-3.2663 3.5570 0.0000
0.4284 2.9663 0.0000
0.3328 2.7074 0.0000
2.5974 2.8936 0.0000
0.6977 1.9414 0.0001
0.4556 1.9459 0.0002
0.2143 1.8383 0.0008
-2.8891 1.5061 0.0000
-4.5282 -0.0040 0.0000
-4.7645 -0.1591 0.0000
-4.7555 2.0309 0.0000
-4.4998 1.8920 0.0000
-4.7498 1.7303 0.0000
-4.7557 1.4330 0.0000
-4.3019 -2.3364 0.0000
-3.1234 0.9974 0.0000
3.9574 3.7586 0.0000
3.9732 3.5037 0.0000
2.8850 1.4668 0.0000
3.0836 2.6971 0.0000
2.9893 2.4575 0.0000
-3.6522 1.0901 0.0000
0.8069 0.3846 0.1002
0.8031 0.2927 0.1145
0.6225 0.3679 0.2099
0.7137 0.3291 0.1602
0.6566 0.2573 0.2147
0.7449 0.2267 0.1574
0.6732 0.1549 0.2195
0.5758 0.2896 0.2686
0.5803 0.1981 0.2899
0.5932 0.1060 0.2948
0.5023 0.1449 0.3728
4.7442 1.7042 0.0000
-4.7801 2.6425 0.0000
4.2544 -4.4460 0.0000
4.7680 -2.3600 0.0000
-3.7542 3.4752 0.0000
-4.0086 3.3250 0.0000
0.5725 0.5365 0.1793
0.5433 0.4410 0.2352
0.4742 0.5135 0.2419
0.3743 0.4915 0.3094
0.4451 0.4230 0.3073
0.5144 0.3517 0.2930
0.3480 0.4000 0.3831
0.4228 0.3314 0.3713
0.4894 0.2474 0.3542
0.3971 0.2452 0.4328
0.2558 0.3639 0.4615
0.3284 0.3074 0.4529
0.4172 0.1680 0.4448
0.3191 0.2122 0.5093
0.3345 0.1266 0.5289
0.4249 0.0757 0.4592
0.3407 0.0396 0.5404
0.2431 0.2631 0.5342
0.2431 0.1587 0.5859
0.2426 0.0546 0.6148
0.1617 0.1197 0.6460
0.0771 0.0813 0.6871
0.1455 0.0221 0.6730
0.0433 -0.0003 0.7032
-0.0929 1.9058 0.0007
-0.3950 1.9355 0.0004
3.4007 4.4971 0.0000
3.9923 -0.4002 0.0000
3.7651 -0.5379 0.0000
-4.2462 1.7593 0.0000
-4.4907 1.5949 0.0000
-1.9365 -1.8139 0.0000
-2.5843 2.0012 0.0000
-4.1069 -2.4817 0.0000
-4.3051 -2.6377 0.0000
3.7270 3.5014 0.0000
-3.7470 -1.2836 0.0000
4.4907 0.4381 0.0000
-2.5060 -4.0952 0.0000
-4.0637 -3.6951 0.0000
-4.2924 -3.8672 0.0000
-4.5272 -4.0221 0.0000
-2.9471 -3.4035 0.0000
-4.5084 -1.9037 0.0000
-4.7636 -2.0325 0.0000
2.6173 -1.9153 0.0000
-2.4997 -3.5971 0.0000
-2.8532 -3.7231 0.0000
-4.7516 -1.4187 0.0000
-4.7570 -1.7290 0.0000
2.3364 -3.2634 0.0000
2.1987 -3.4949 0.0000
-4.5210 3.4612 0.0000
3.9538 -2.8141 0.0000
1.0127 -0.9333 0.0055
0.8374 -1.0945 0.0092
0.6643 -1.2728 0.0095
3.7355 2.1111 0.0000
3.6584 1.7955 0.0000
-1.2422 -3.5715 0.0000
-1.3146 -3.8657 0.0000
-0.9797 -2.7592 0.0000
2.4955 -3.5047 0.0000
2.3542 -3.7453 0.0000
-0.3586 0.1613 0.5022
-0.4516 0.1643 0.4182
-0.4081 0.0726 0.4770
-0.4729 -0.0010 0.4185
-0.4820 -0.0800 0.4037
-0.5073 0.0872 0.3796
-0.5634 0.0096 0.3299
-0.5658 -0.0696 0.3242
-0.5335 -0.1517 0.3422
-0.8288 -4.2588 0.0000
-2.6474 -0.7088 0.0000
-2.9303 -0.6221 0.0000
4.4894 4.7664 0.0000
4.2537 4.4672 0.0000
4.2763 4.2000 0.0000
3.4507 3.6374 0.0000
3.2286 3.4372 0.0000
-0.0875 -1.9717 0.0004
-0.2914 -2.1113 0.0001
3.4656 -2.7165 0.0000
3.2750 -2.8771 0.0000
0.9916 -3.4940 0.0000
0.6727 -3.6860 0.0000
-0.4475 2.9510 0.0000
-4.0387 -3.9864 0.0000
-4.2732 -4.1621 0.0000
0.4853 3.4964 0.0000
0.2402 3.4559 0.0000
0.2741 3.2002 0.0000
2.7283 0.9520 0.0000
3.4512 -3.0775 0.0000
3.1934 -3.1741 0.0000
4.5048 1.2828 0.0000
4.2560 1.2103 0.0000
4.0074 1.0674 0.0000
3.7434 1.1997 0.0000
-2.5394 3.7880 0.0000
-2.7742 3.6382 0.0000
-2.2983 4.7399 0.0000
1.8118 2.9422 0.0000
1.6335 3.1214 0.0000
0.7062 -4.2378 0.0000
2.0521 -2.4302 0.0000
1.9934 -2.7143 0.0000
-3.0163 2.3289 0.0000
-3.1558 1.9901 0.0000
-2.6704 -3.2509 0.0000
-2.7284 -3.5080 0.0000
2.6595 4.7499 0.0000
2.3650 4.7628 0.0000
2.5034 4.4879 0.0000
-1.2766 2.3902 0.0000
-1.0245 2.2978 0.0000
-2.4661 -2.5134 0.0000
1.3808 -3.9507 0.0000
3.5720 4.7566 0.0000
-1.4356 1.8630 0.0000
-0.9722 -1.9716 0.0000
-1.1770 -2.1190 0.0000
-1.3557 -2.2986 0.0000
-1.4603 -2.5595 0.0000
-4.7613 3.8924 0.0000
-1.3362 0.6103 0.0008
2.0098 -0.6056 0.0000
1.8378 -0.8356 0.0000
-4.5261 -2.4880 0.0000
-4.5258 -2.7878 0.0000
-0.7834 0.2773 0.1226
-0.8066 0.1752 0.1208
-0.8800 0.2323 0.0779
0.3786 -1.9652 0.0003
-0.4248 -3.2605 0.0000
-0.5245 3.5396 0.0000
-0.7636 3.3712 0.0000
-2.1595 1.6804 0.0000
-2.3229 1.4297 0.0000
-4.5096 2.1836 0.0000
3.2793 -1.6109 0.0000
3.3870 -1.9111 0.0000
1.3622 -0.9370 0.0002
1.1665 -1.1240 0.0006
-1.0484 4.1213 0.0000
-1.2813 4.0884 0.0000
-1.3200 3.9035 0.0000
-1.5514 3.8722 0.0000
-1.8122 4.0041 0.0000
-2.0431 3.8445 0.0000
2.3344 -0.3664 0.0000
2.0612 -0.3641 0.0000
-2.3581 1.1230 0.0000
-2.3903 0.8311 0.0000
-2.4355 4.4993 0.0000
1.2785 -2.4247 0.0000
1.1756 -2.6972 0.0000
1.3867 -2.8846 0.0000
1.0821 1.1933 0.0020
0.7077 1.4369 0.0030
0.7902 1.2032 0.0080
0.5458 1.1389 0.0239
-3.4908 1.5821 0.0000
3.0833 -2.3285 0.0000
2.8877 -2.4945 0.0000
0.7407 0.8089 0.0488
0.5798 0.7915 0.0876
0.5341 0.7027 0.1302
0.6391 0.7033 0.0962
0.5883 0.6245 0.1391
0.4987 0.6070 0.1841
-0.5927 0.4241 0.2134
-0.6263 0.3448 0.2146
-0.7076 0.3626 0.1538
-0.6894 0.2750 0.1850
-0.5901 0.2592 0.2674
-0.6451 0.1842 0.2371
-0.7372 0.1950 0.1638
-1.0892 1.5447 0.0001
-1.3568 1.3779 0.0000
2.8923 3.7816 0.0000
2.6878 3.6209 0.0000
-3.7319 -1.5546 0.0000
0.0661 1.4040 0.0138
-0.1044 1.2558 0.0315
-2.7148 2.2698 0.0000
-2.8924 2.0447 0.0000
2.3301 2.8723 0.0000
2.5067 2.6512 0.0000
1.9638 2.3765 0.0000
1.7500 2.1594 0.0000
1.4720 2.2555 0.0000
1.5232 1.9902 0.0000
4.5199 -2.4061 0.0000
4.2808 -2.4789 0.0000
4.0181 -2.5410 0.0000
-1.5520 -4.4826 0.0000
-1.7132 -4.7456 0.0000
0.4939 1.3821 0.0077
0.3018 1.2114 0.0279
1.9977 3.5219 0.0000
1.9321 3.2087 0.0000
-3.5325 0.7939 0.0000
-3.6969 0.5564 0.0000
-0.9514 -4.5229 0.0000
-1.8631 4.5388 0.0000
-2.1332 4.4543 0.0000
-2.9496 -2.8296 0.0000
-3.1796 -2.9881 0.0000
-3.4065 -3.1604 0.0000
0.0605 2.6599 0.0000
0.0113 2.3749 0.0000
2.6646 4.2780 0.0000
2.5022 4.0959 0.0000
3.4931 1.0296 0.0000
3.2318 0.9326 0.0000
2.9842 0.9436 0.0000
-2.7030 -1.8109 0.0000
1.3316 1.8057 0.0000
1.1995 1.5664 0.0001
-0.3527 -1.5367 0.0043
4.4759 -2.9110 0.0000
4.1999 -3.0397 0.0000
1.8772 -1.9330 0.0000
-0.8308 -3.9663 0.0000
-1.0962 -4.0417 0.0000
-4.5220 4.7761 0.0000
-3.2303 4.4584 0.0000
-3.1599 4.2262 0.0000
-3.3794 4.1137 0.0000
-3.2578 2.2088 0.0000
-3.4820 2.0672 0.0000
0.7303 4.0179 0.0000
0.7303 3.7606 0.0000
0.4797 3.7510 0.0000
4.2324 1.4882 0.0000
3.9836 1.3569 0.0000
-3.2640 -4.2865 0.0000
-3.2724 -4.5245 0.0000
-3.5243 -4.2383 0.0000
-3.5146 -4.5118 0.0000
0.9280 -0.6854 0.0238
0.7558 -0.8685 0.0354
0.5947 -1.0262 0.0384
2.8214 -2.2382 0.0000
-0.6540 -4.4950 0.0000
3.0980 -3.4479 0.0000
2.9561 -3.7192 0.0000
2.7965 -3.4858 0.0000
2.0386 2.0878 0.0000
1.8553 1.9072 0.0000
-1.4118 -4.7513 0.0000
1.4486 2.9403 0.0000
1.6131 2.7463 0.0000
4.2282 -0.5516 0.0000
4.2101 -4.7350 0.0000
-1.5443 2.3505 0.0000
-1.5120 2.1165 0.0000
-0.0381 4.1457 0.0000
-0.0307 3.8539 0.0000
3.9601 -0.7153 0.0000
3.7302 -0.9098 0.0000
0.0017 1.6515 0.0035
0.9871 -4.2286 0.0000
0.8654 -4.4904 0.0000
0.7440 -4.7508 0.0000
0.5781 -4.5010 0.0000
-3.9041 4.7424 0.0000
-3.9151 4.3758 0.0000
2.3028 1.6284 0.0000
2.0864 1.4411 0.0000
-1.2729 -2.7814 0.0000
-1.5418 -2.8421 0.0000
-1.3699 -3.0732 0.0000
-1.6455 -3.1319 0.0000
-1.1010 -4.2919 0.0000
-1.2635 -4.5068 0.0000
3.4736 0.2108 0.0000
2.7302 -4.7491 0.0000
-0.4998 0.5900 0.2020
-0.5987 0.5898 0.1512
-0.5457 0.5063 0.2126
-0.6846 0.4380 0.1499
2.1317 -1.8348 0.0000
-3.7597 -4.4251 0.0000
-4.0136 -4.2701 0.0000
-4.0150 -4.5408 0.0000
-3.8046 -4.7201 0.0000
-4.0759 -4.7763 0.0000
-4.3174 -4.7326 0.0000
4.4772 1.8405 0.0000
4.4853 1.5577 0.0000
-0.1896 -4.2792 0.0000
-0.3230 -4.5347 0.0000
-0.4857 -4.7457 0.0000
-0.7886 -4.7566 0.0000
-1.3348 0.3396 0.0016
-1.3289 0.0729 0.0025
-1.6046 0.4828 0.0000
-1.5971 0.2059 0.0001
-1.8456 0.0461 0.0000
-2.1124 0.1552 0.0000
0.3300 -0.1999 0.5121
0.2259 -0.2167 0.5757
0.2019 -0.3091 0.5350
0.0910 -0.3305 0.5567
0.0957 -0.4250 0.4815
0.0127 -0.4386 0.4767
0.0691 -0.5250 0.4009
0.0186 -0.5958 0.3432
-0.1234 -0.5129 0.3954
-0.0322 -0.5176 0.4066
-0.0770 -0.6077 0.3258
-0.0134 -0.6850 0.2716
-0.0927 -0.7333 0.2295
-0.1778 -0.5912 0.3180
-0.1402 -0.6691 0.2676
-0.2516 -0.6278 0.2690
-0.2156 -0.7022 0.2282
-0.1765 -0.7728 0.1913
-0.2572 -0.8198 0.1505
1.0380 -1.6103 0.0001
-0.8709 -2.5111 0.0000
-4.0792 4.5469 0.0000
-2.7169 -2.6662 0.0000
-3.2161 3.2663 0.0000
-3.4275 3.0828 0.0000
3.7372 -0.2477 0.0000
-0.5580 -0.3354 0.2666
-0.6393 -0.3456 0.2049
-0.6940 -0.4201 0.1510
-0.4015 -0.3771 0.3618
-0.4936 -0.3990 0.2866
-0.5941 -0.4344 0.2057
-0.6644 -0.5071 0.1429
-0.7087 -0.5746 0.1053
-0.7899 -0.6362 0.0658
-0.7713 -0.4932 0.0976
-0.9110 -0.5267 0.0470
-0.8080 4.2666 0.0000
-0.7900 3.9782 0.0000
-1.0394 3.8399 0.0000
-1.0098 3.5336 0.0000
-1.2632 3.6780 0.0000
-1.2587 3.4037 0.0000
-3.2324 1.6329 0.0000
-3.1283 1.4528 0.0000
-2.2142 -1.7409 0.0000
-0.8885 -0.3667 0.0687
-1.0878 -0.3540 0.0202
-1.3170 -0.4851 0.0026
-1.1096 -0.6451 0.0107
-1.3353 -0.7917 0.0012
2.3839 -4.2386 0.0000
2.2549 -4.4956 0.0000
1.9800 -4.5026 0.0000
2.2759 -4.7422 0.0000
2.0264 -4.7508 0.0000
1.7717 -4.7533 0.0000
4.4946 -4.0091 0.0000
4.4842 -4.2788 0.0000
0.6340 -2.0466 0.0001
3.5781 -0.6879 0.0000
3.4363 -0.8904 0.0000
3.1938 -1.0819 0.0000
-3.1363 -0.8209 0.0000
-3.3472 -1.0074 0.0000
-1.0766 0.2010 0.0217
1.6904 4.4945 0.0000
0.1463 -4.7549 0.0000
-1.0674 2.9529 0.0000
-1.1626 2.6445 0.0000
-4.0629 2.5343 0.0000
-4.2831 2.3496 0.0000
-2.8390 -0.1045 0.0000
-2.7642 -0.4033 0.0000
-0.2638 0.7896 0.1811
-0.3505 0.7821 0.1656
-0.3768 0.6876 0.2069
-0.4673 0.6769 0.1771
-0.4404 0.7712 0.1448
-0.5329 0.7551 0.1205
-0.5636 0.6676 0.1400
-4.1730 3.0907 0.0000
-4.3793 2.9414 0.0000
-1.5639 -0.3494 0.0002
-1.7909 -0.5377 0.0000
-1.5484 -0.6245 0.0002
-1.8396 -0.7897 0.0000
-2.0617 -0.7040 0.0000
2.9957 -2.9487 0.0000
2.7855 -2.7338 0.0000
2.5003 -2.7783 0.0000
2.7121 -2.9969 0.0000
-2.6292 0.0950 0.0000
-2.9173 0.1973 0.0000
2.9632 -0.8207 0.0000
2.8873 -1.0860 0.0000
-3.1104 -0.0313 0.0000
-2.3943 -0.8112 0.0000
-2.5637 -1.0163 0.0000
1.5244 -4.7439 0.0000
1.2883 -4.7343 0.0000
1.0283 -4.7433 0.0000
3.4070 3.9452 0.0000
-1.4778 -1.7370 0.0000
-1.6744 -1.8912 0.0000
-1.8574 -2.0976 0.0000
2.0946 -2.1355 0.0000
-2.7367 3.3494 0.0000
-4.2394 2.0457 0.0000
4.1983 4.7388 0.0000
3.9901 4.4985 0.0000
3.7983 4.2716 0.0000
-4.5396 2.4841 0.0000
-4.7645 2.3323 0.0000
-2.4722 -2.7934 0.0000
-2.6941 -2.9615 0.0000
-2.9220 -3.1262 0.0000
-4.2607 -0.4245 0.0000
-4.5066 -0.5797 0.0000
-4.7594 -0.4671 0.0000
-4.7460 -0.7847 0.0000
0.7608 1.6972 0.0005
2.4885 0.7676 0.0000
2.2558 0.6175 0.0000
-2.1266 2.1964 0.0000
-2.2897 1.9576 0.0000
-3.8378 -3.5208 0.0000
4.4919 -0.6776 0.0000
-4.5272 3.1392 0.0000
-4.5759 2.7884 0.0000
2.1549 1.1596 0.0000
4.7510 0.5330 0.0000
2.5356 3.8111 0.0000
2.2808 3.6576 0.0000
2.4748 3.4674 0.0000
2.2202 3.3573 0.0000
2.1703 3.0958 0.0000
-4.4633 3.7677 0.0000
3.4703 -0.1208 0.0000
3.2325 -0.2992 0.0000
-1.6003 0.7619 0.0000
4.7600 -1.1008 0.0000
-0.6397 -0.0815 0.2554
-0.6241 -0.1719 0.2575
-0.7145 -0.1442 0.1886
-0.5511 -0.2452 0.3023
-0.7291 -0.3259 0.1513
-0.6437 -0.2604 0.2236
-0.7252 -0.2319 0.1699
-0.8111 -0.2800 0.1117
-0.7888 -0.3978 0.1065
-3.7694 -0.3832 0.0000
-3.7158 -0.6640 0.0000
-1.9849 2.6670 0.0000
-1.9557 2.3917 0.0000
-1.6160 -0.8695 0.0000
-1.7034 -1.1133 0.0000
-1.8129 -1.3390 0.0000
-4.7734 4.7660 0.0000
-3.7386 -1.8438 0.0000
-3.7440 -2.1351 0.0000
-4.0009 -2.2576 0.0000
-1.3406 2.8527 0.0000
-1.7020 2.7979 0.0000
0.6475 -2.5461 0.0000
0.3698 -2.5938 0.0000
0.1328 -2.7379 0.0000
3.7194 -4.5100 0.0000
3.5841 -4.7530 0.0000
2.9704 1.1969 0.0000
3.2894 -4.7427 0.0000
2.9999 -4.7451 0.0000
4.6759 2.7321 0.0000
4.7777 2.5289 0.0000
4.5406 2.4231 0.0000
4.7600 2.2669 0.0000
4.5006 2.1322 0.0000
4.7459 1.9890 0.0000
4.2285 -4.1276 0.0000
3.9786 0.1788 0.0000
2.0588 -1.3573 0.0000
3.5128 -3.6869 0.0000
3.1149 -3.9638 0.0000
3.2541 -4.2199 0.0000
-2.7886 -4.5238 0.0000
-0.1941 1.4671 0.0102
-0.3141 1.2594 0.0268
-0.4420 1.1182 0.0407
-0.6063 1.2430 0.0139
-0.6212 0.9958 0.0394
-1.8504 1.1648 0.0000
-2.1082 1.2341 0.0000
-2.1118 0.9634 0.0000
3.7103 1.4931 0.0000
3.4807 1.3102 0.0000
3.4296 1.5656 0.0000
3.2401 1.1847 0.0000
-2.1980 -4.0624 0.0000
-2.3339 -4.2951 0.0000
-2.5019 -4.4890 0.0000
2.6095 0.1663 0.0000
2.4586 -0.0998 0.0000
0.8998 -2.0900 0.0000
1.0984 -2.2141 0.0000
0.9816 -2.4496 0.0000
0.7572 -2.3139 0.0000
-1.2854 3.1269 0.0000
-1.0874 4.7326 0.0000
-1.4198 4.7735 0.0000
-1.3086 4.5676 0.0000
-2.9651 -2.2506 0.0000
-2.9662 -2.5359 0.0000
-3.2084 -2.6950 0.0000
-3.4367 -2.8625 0.0000
2.3507 -2.0231 0.0000
-4.5047 -1.6146 0.0000
0.4249 -1.1851 0.0313
0.2609 -1.3558 0.0177
0.2159 -1.1378 0.0519
0.0320 -1.2661 0.0298
0.1024 -1.5314 0.0074
3.9761 -0.1060 0.0000
1.0663 2.5584 0.0000
-3.0276 -0.3275 0.0000
-3.2181 -0.5455 0.0000
4.5030 -3.4359 0.0000
4.4999 -3.7276 0.0000
-3.2222 -1.8472 0.0000
-2.9606 -1.9699 0.0000
2.3264 0.1534 0.0000
2.1483 -0.1081 0.0000
4.2625 -1.1220 0.0000
3.9970 -1.0092 0.0000
2.2511 -1.1398 0.0000
2.3867 -1.3768 0.0000
0.7578 0.6376 0.0749
0.6647 0.6085 0.1138
0.6691 0.5327 0.1334
0.6339 0.4616 0.1731
1.0999 -3.9736 0.0000
0.7609 -1.5350 0.0013
0.5788 -1.7532 0.0007
0.2307 3.7265 0.0000
2.4473 1.0598 0.0000
2.2149 0.8864 0.0000
4.2398 -3.8521 0.0000
2.9462 2.1961 0.0000
3.3538 -2.2192 0.0000
-1.7822 3.7147 0.0000
-2.0158 3.5519 0.0000
-2.2738 3.6733 0.0000
0.5201 -0.2556 0.3287
0.4512 -0.3195 0.3626
0.4263 -0.2126 0.4264
0.3687 -0.2910 0.4411
0.2892 -0.2835 0.5016
0.3710 -0.3830 0.3898
0.2786 -0.3665 0.4576
0.1637 -0.3742 0.5044
0.3059 -0.4584 0.3813
0.3246 -0.5535 0.3084
0.2163 -0.4303 0.4427
0.2343 -0.5267 0.3634
0.2465 -0.6198 0.2917
0.1521 -0.4885 0.4178
0.1504 -0.5863 0.3398
0.0855 -0.6472 0.3002
3.9994 -3.8059 0.0000
3.7552 -3.7649 0.0000
3.6907 -3.9958 0.0000
3.7642 -4.2711 0.0000
-0.1834 0.7516 0.2166
-0.2889 0.7084 0.2224
-0.3035 0.6139 0.2777
-0.3989 0.5934 0.2504
-0.3592 0.5088 0.3209
-0.4502 0.5068 0.2706
-1.8894 1.7073 0.0000
-1.9318 1.4478 0.0000
-1.8338 4.2858 0.0000
-0.6781 1.9640 0.0001
-0.8734 1.7365 0.0002
-0.7943 1.4434 0.0019
-2.1983 -3.2619 0.0000
-2.4349 -3.3607 0.0000
0.8695 -3.1623 0.0000
0.7564 -3.4071 0.0000
-2.1431 -2.0305 0.0000
-2.1906 -2.2756 0.0000
-1.3375 4.3072 0.0000
-1.5651 4.1555 0.0000
-3.2296 -1.5662 0.0000
-3.9944 3.6227 0.0000
-2.1713 -0.9247 0.0000
-2.3067 -1.1361 0.0000
-0.5331 -2.1409 0.0000
-0.6206 -2.4188 0.0000
0.9144 -0.2993 0.0588
0.7942 -0.3564 0.1048
0.7220 -0.4157 0.1332
0.8688 -0.4728 0.0576
0.7319 -0.5043 0.1084
0.6470 -0.4836 0.1591
0.7780 -0.5922 0.0719
0.6660 -0.5813 0.1208
0.5058 -0.6178 0.1861
-1.7070 -3.3957 0.0000
-1.8735 -3.6122 0.0000
1.2576 4.0301 0.0000
1.2477 3.7463 0.0000
4.7763 -1.9924 0.0000
4.6548 -2.1574 0.0000
-0.7527 -3.6889 0.0000
-1.0313 -3.7523 0.0000
-3.4813 -1.7185 0.0000
-3.4844 3.3723 0.0000
-3.7092 3.1973 0.0000
-3.9082 3.0181 0.0000
2.0238 4.3806 0.0000
3.1802 3.7245 0.0000
2.6572 -3.7397 0.0000
2.5175 -3.9885 0.0000
1.6946 -2.8168 0.0000
2.4195 -1.7374 0.0000
0.4802 -1.4605 0.0066
0.1290 -1.8287 0.0011
-1.0652 1.2798 0.0007
-1.0683 0.9976 0.0027
-1.0647 0.7316 0.0076
-4.5433 -3.1276 0.0000
-4.5645 -3.4415 0.0000
0.4421 -2.2885 0.0000
-1.4428 -3.3641 0.0000
-3.9487 -0.8248 0.0000
-4.1914 -0.9676 0.0000
-4.2084 -1.2358 0.0000
-4.4891 -1.3303 0.0000
4.7495 3.2997 0.0000
4.4872 3.1772 0.0000
4.7361 3.0036 0.0000
4.4412 2.8978 0.0000
4.3808 2.6197 0.0000
4.1471 2.7940 0.0000
4.0834 2.5090 0.0000
0.1190 2.9534 0.0000
-0.1475 2.9043 0.0000
1.0698 -0.1604 0.0239
0.8901 -0.1472 0.0792
1.0907 -0.4583 0.0128
3.7581 0.9149 0.0000
3.5018 0.7596 0.0000
3.2515 0.6870 0.0000
3.5274 0.4991 0.0000
3.2885 0.4352 0.0000
3.1367 0.2295 0.0000
-1.3249 1.1396 0.0001
-1.5828 1.0536 0.0000
1.7312 3.4127 0.0000
1.4717 3.3102 0.0000
3.4130 -3.9476 0.0000
3.5200 -4.2254 0.0000
3.4358 -4.4819 0.0000
3.1315 -4.4851 0.0000
1.2739 -4.2155 0.0000
1.1484 -4.4755 0.0000
-4.7639 -4.5009 0.0000
3.9381 -3.0663 0.0000
-0.5352 4.7249 0.0000
-0.7920 4.7758 0.0000
-0.8352 4.5407 0.0000
3.7222 -3.4920 0.0000
4.7630 4.1939 0.0000
4.5051 4.0291 0.0000
4.4892 3.7533 0.0000
4.0952 -1.5635 0.0000
1.9208 -3.9875 0.0000
1.6511 -3.9547 0.0000
0.9136 2.7787 0.0000
-4.2393 4.3654 0.0000
-4.5044 4.2977 0.0000
-0.0825 0.3676 0.5299
-0.1057 0.2405 0.6138
-0.1494 0.3202 0.5485
-0.2080 0.2474 0.5695
-0.3066 0.2481 0.5082
-0.2032 0.0032 0.6442
-0.1687 0.1623 0.6300
-0.2650 0.1651 0.5732
-0.3167 0.0745 0.5576
-0.2275 0.0836 0.6214
-0.2942 -0.0060 0.5810
0.9954 3.8870 0.0000
0.9841 3.5984 0.0000
0.7307 3.5078 0.0000
0.5254 3.2441 0.0000
-2.6963 -2.0956 0.0000
-2.7109 -2.3781 0.0000
-2.5745 4.0522 0.0000
-2.8090 3.9298 0.0000
2.9686 -4.2323 0.0000
2.6766 -4.2376 0.0000
2.5351 -4.4930 0.0000
-3.0698 -3.9149 0.0000
-4.7660 -3.2746 0.0000
3.9834 -1.7955 0.0000
3.9134 -2.0655 0.0000
3.0925 1.6874 0.0000
1.5878 -3.0641 0.0000
-3.5798 -3.6383 0.0000
-3.8091 -3.8161 0.0000
-0.4298 -0.4739 0.2884
-0.5194 -0.4849 0.2300
-0.5852 -0.5470 0.1687
-0.6372 -0.6204 0.1208
-0.4839 -0.5653 0.2107
-0.4406 -0.6491 0.1876
-0.4954 -0.7311 0.1315
-0.5429 -0.6420 0.1504
-0.5940 -0.7133 0.1071
-0.5713 -0.8067 0.0852
-0.6936 -0.7114 0.0782
-0.7087 -0.8588 0.0463
-0.8607 -1.0051 0.0144
-3.3566 2.7871 0.0000
-3.6350 2.9055 0.0000
2.2217 4.5417 0.0000
-3.0826 2.6598 0.0000
-3.2918 2.4932 0.0000
-3.5726 2.6173 0.0000
-4.3053 1.4146 0.0000
-4.5299 1.2832 0.0000
0.1655 -2.1336 0.0001
-0.0751 -2.2760 0.0000
-2.5814 4.7567 0.0000
-2.8478 4.7631 0.0000
-2.7280 4.5246 0.0000
-2.9552 4.4505 0.0000
-2.8767 4.2003 0.0000
0.4831 4.7562 0.0000
0.2208 4.5204 0.0000
0.3859 0.9989 0.0631
0.3093 0.9109 0.1014
0.2385 1.0181 0.0731
0.2265 0.9063 0.1150
1.7713 -3.7058 0.0000
2.0562 4.7707 0.0000
1.9127 4.5926 0.0000
-0.8035 -2.1896 0.0000
-1.0226 -2.2988 0.0000
-3.7960 2.4345 0.0000
-4.0192 2.2480 0.0000
-0.7815 -2.9439 0.0000
-3.6695 -0.9539 0.0000
-3.9290 -1.1047 0.0000
-3.5966 3.9624 0.0000
-3.5312 3.6642 0.0000
-3.7906 3.7652 0.0000
0.9254 2.0127 0.0000
2.8657 -1.9950 0.0000
3.4906 3.3487 0.0000
0.2147 0.5415 0.3454
0.2717 0.4661 0.3793
0.1867 0.4232 0.4492
0.1047 0.3868 0.5050
0.0151 0.3758 0.5282
0.1670 0.3202 0.5352
0.0710 0.2851 0.5898
-0.0336 0.2972 0.5885
-0.0762 0.1467 0.6678
0.1607 0.2218 0.6009
0.0813 0.1807 0.6499
-0.0060 0.2139 0.6429
0.0070 0.1192 0.6857
-0.1318 0.0732 0.6727
-0.0382 0.0456 0.7009
0.0315 -0.1004 0.6903
-0.1153 -0.0175 0.6851
-0.0400 -0.0556 0.6990
-0.0808 -0.1311 0.6711
3.9692 -3.3164 0.0000
0.4720 4.2537 0.0000
0.2196 4.2633 0.0000
0.2264 3.9973 0.0000
-0.2749 4.7856 0.0000
1.9343 0.9556 0.0000
3.6634 2.8696 0.0000
3.3550 2.8346 0.0000
3.5730 2.6048 0.0000
3.2979 2.5307 0.0000
-2.0309 -4.2952 0.0000
1.5204 4.1846 0.0000
-3.0941 -3.6043 0.0000
1.5664 -0.1212 0.0001
1.2670 0.0224 0.0050
1.3069 -0.2751 0.0024
4.7436 0.2643 0.0000
4.4828 0.1601 0.0000
-2.6846 0.6987 0.0000
-2.9818 0.7347 0.0000
-2.6047 1.2563 0.0000
-2.8585 1.2438 0.0000
-2.1679 2.8338 0.0000
-2.3585 2.7066 0.0000
0.9245 0.9767 0.0119
0.9705 0.7707 0.0188
0.9195 0.6150 0.0372
0.8290 0.4903 0.0760
0.7420 0.5172 0.1051
0.7150 0.4266 0.1381
1.5560 -4.2121 0.0000
4.2255 3.9213 0.0000
4.2290 3.6265 0.0000
4.2498 3.3515 0.0000
3.9994 3.2604 0.0000
-4.7572 0.4542 0.0000
1.6341 0.4581 0.0001
1.7416 0.2009 0.0000
-3.9899 -1.6821 0.0000
1.7043 -4.4956 0.0000
-4.4461 -1.0685 0.0000
-4.7271 -1.0977 0.0000
-3.8276 0.2846 0.0000
-4.1146 0.3342 0.0000
-4.2951 0.1485 0.0000
-4.0198 0.0572 0.0000
-4.2695 -0.1298 0.0000
-4.5154 -0.2939 0.0000
-2.5236 -1.3246 0.0000
-2.7845 -1.2056 0.0000
-3.0004 -1.3919 0.0000
-3.1596 0.4935 0.0000
-3.2624 0.7695 0.0000
-3.4122 0.5360 0.0000
-3.5032 0.3052 0.0000
-3.6645 0.0860 0.0000
-0.5430 -3.8478 0.0000
-3.1626 -3.2766 0.0000
-3.3431 -3.4653 0.0000
2.9084 -3.2212 0.0000
2.6237 -3.2590 0.0000
4.5044 -0.9635 0.0000
4.5236 -1.2569 0.0000
-3.3251 -3.7602 0.0000
-4.2494 -4.4526 0.0000
-4.6390 -4.7607 0.0000
-4.5103 -4.2921 0.0000
-4.5047 -4.5265 0.0000
4.7587 -4.7583 0.0000
3.7512 3.2211 0.0000
3.5400 3.0715 0.0000
2.4089 -0.8963 0.0000
2.1211 -0.8809 0.0000
-0.3820 -1.8463 0.0006
-3.2947 -0.2572 0.0000
-3.4956 -0.4710 0.0000
-1.5478 -3.6615 0.0000
-1.7681 -3.8595 0.0000
-4.5286 -2.1879 0.0000
-4.7658 -2.3414 0.0000
1.4907 1.5735 0.0000
1.2999 1.3471 0.0002
3.9975 -3.5662 0.0000
-3.5412 -1.1888 0.0000
-2.2653 -1.4399 0.0000
-2.4778 -1.6361 0.0000
-3.7740 1.5839 0.0000
-3.9230 1.3597 0.0000
1.7740 3.9917 0.0000
1.5115 3.8849 0.0000
4.1297 -2.2605 0.0000
1.2039 -3.7124 0.0000
0.9273 -3.7322 0.0000
0.8140 -3.9763 0.0000
-4.3903 1.0842 0.0000
-4.4044 0.8047 0.0000
4.4785 -3.1676 0.0000
4.2226 -3.3089 0.0000
1.4295 -4.4708 0.0000
2.4318 -3.0420 0.0000
2.0852 -3.2035 0.0000
-0.6785 -3.2044 0.0000
0.7099 3.0025 0.0000
0.6207 2.7336 0.0000
0.5137 2.4585 0.0000
-4.1112 2.8192 0.0000
1.4576 -1.2287 0.0000
1.2420 -1.4001 0.0001
4.7321 -3.1250 0.0000
4.7555 -3.3473 0.0000
2.7166 2.0175 0.0000
2.5088 1.8218 0.0000
-0.0175 -3.3012 0.0000
3.8288 -2.3355 0.0000
3.1854 1.4425 0.0000
-2.6985 3.0589 0.0000
-2.8954 2.8608 0.0000
3.5067 -0.4037 0.0000
3.3186 -0.6002 0.0000
-3.9854 -1.4011 0.0000
-2.7390 -1.5105 0.0000
-2.9693 -1.6853 0.0000
2.9051 0.1537 0.0000
2.7558 -0.0862 0.0000
2.6276 -0.3442 0.0000
2.5244 -0.6177 0.0000
4.4078 -2.1706 0.0000
2.1853 0.3882 0.0000
2.0001 0.6769 0.0000
1.9149 0.4378 0.0000
-0.4372 0.9616 0.0773
-0.5056 0.8579 0.0942
-0.6349 0.8213 0.0702
-0.7420 0.6980 0.0650
-1.9119 -3.1168 0.0000
-1.9658 -3.3529 0.0000
-0.6544 2.7479 0.0000
-0.8938 2.7684 0.0000
1.4054 0.6102 0.0009
1.3733 0.3336 0.0017
1.5193 0.1305 0.0003
1.1308 0.2611 0.0159
-1.4163 -1.0716 0.0002
-1.5280 -1.3649 0.0000
-1.3342 -1.5532 0.0001
4.7528 -0.8027 0.0000
3.8682 2.6883 0.0000
3.7908 2.4062 0.0000
3.5036 2.3129 0.0000
3.2205 2.2598 0.0000
-1.7054 -1.6004 0.0000
-3.4869 -1.4467 0.0000
2.9570 3.5161 0.0000
2.0302 0.1598 0.0000
1.8488 -0.0530 0.0000
-4.1499 3.8439 0.0000
0.8481 -1.8204 0.0001
3.6704 -2.9140 0.0000
-3.7476 2.1464 0.0000
-1.8739 0.6185 0.0000
-1.8654 0.3317 0.0000
3.1231 -2.0713 0.0000
-0.6981 2.4926 0.0000
-0.9380 2.5157 0.0000
3.7418 -2.6250 0.0000
-4.7650 -2.6493 0.0000
4.2216 -2.7634 0.0000
-3.1129 1.2258 0.0000
-1.3775 -4.2075 0.0000
-1.6983 -4.2343 0.0000
-1.8562 -4.4931 0.0000
-0.2677 -3.4337 0.0000
-0.4140 -3.6309 0.0000
4.7434 -0.2383 0.0000
4.7476 -0.5137 0.0000
2.3268 -2.3249 0.0000
2.2802 -2.6147 0.0000
3.0104 3.2444 0.0000
3.0688 2.9648 0.0000
4.0458 4.2305 0.0000
3.9638 4.0076 0.0000
3.7081 4.0218 0.0000
3.6970 3.7704 0.0000
-4.7659 0.7647 0.0000
-3.7610 -2.4361 0.0000
-3.9489 -2.6447 0.0000
-4.1566 -2.8194 0.0000
1.0282 1.7812 0.0001
-3.5262 2.3387 0.0000
-3.6565 -3.0432 0.0000
-3.6135 -3.3449 0.0000
-2.5081 3.5124 0.0000
3.6851 -3.2182 0.0000
3.4137 -3.3971 0.0000
3.2452 -3.6888 0.0000
-4.2228 4.7573 0.0000
-4.4236 4.5598 0.0000
1.7099 4.7625 0.0000
-2.6139 -3.8274 0.0000
-2.8041 -4.0178 0.0000
2.2111 -1.5725 0.0000
-3.2263 -2.1274 0.0000
-3.4924 -2.2824 0.0000
2.7237 3.3342 0.0000
2.4700 3.1609 0.0000
1.4265 2.5451 0.0000
1.2247 2.3577 0.0000
1.2123 2.0662 0.0000
0.9571 2.2678 0.0000
-1.5110 3.5917 0.0000
-1.5127 3.2940 0.0000
-1.5481 2.9927 0.0000
-1.7454 3.1436 0.0000
-1.9262 2.9634 0.0000
-3.4361 -0.7495 0.0000
1.4749 4.4653 0.0000
1.2371 4.3064 0.0000
0.9901 4.1721 0.0000
4.5077 -1.8881 0.0000
4.2026 -1.9763 0.0000
-0.6666 -2.7064 0.0000
-4.3246 2.6478 0.0000
-0.5886 -1.6343 0.0013
0.9223 0.2636 0.0639
0.8343 0.1960 0.1073
0.9977 0.0673 0.0440
0.8701 0.1103 0.0932
0.8129 0.0387 0.1262
0.8819 -0.0252 0.0879
0.7724 0.1331 0.1486
0.7141 0.0661 0.1945
0.7476 -0.0174 0.1699
0.7050 -0.1203 0.1965
0.6684 -0.0378 0.2326
0.6389 0.0438 0.2585
0.5749 -0.0150 0.3187
0.6022 -0.1975 0.2715
0.6056 -0.1104 0.2829
0.5146 -0.1617 0.3596
0.5230 0.0506 0.3672
0.5088 -0.0694 0.3801
0.4305 -0.1176 0.4488
0.4583 -0.0065 0.4329
0.3871 -0.0344 0.5003
0.3463 -0.1173 0.5247
-0.7244 0.5485 0.1022
-0.7729 0.4620 0.0975
-0.8716 0.5912 0.0436
-0.7787 0.3626 0.1120
-0.8999 0.3818 0.0567
4.7586 -1.4088 0.0000
4.2958 -1.4042 0.0000
3.7062 -1.8504 0.0000
3.6199 -2.1240 0.0000
-2.1363 0.4340 0.0000
-2.3852 0.2677 0.0000
-1.3703 1.6162 0.0000
-1.6348 1.6083 0.0000
-2.7420 1.7696 0.0000
-3.0199 1.7635 0.0000
-4.2904 4.0660 0.0000
-1.7974 2.1858 0.0000
-1.9971 1.9573 0.0000
-2.1806 -4.5269 0.0000
1.0229 3.3331 0.0000
0.7785 3.2775 0.0000
1.7827 4.2711 0.0000
-2.0779 4.1446 0.0000
-2.3036 3.9577 0.0000
-1.8565 0.8947 0.0000
3.2118 2.0156 0.0000
2.9934 1.9308 0.0000
4.2350 0.3178 0.0000
4.2287 0.0305 0.0000
-0.0978 0.7208 0.2456
-0.1341 0.6415 0.3000
-0.2147 0.6730 0.2632
-0.2043 0.5790 0.3337
-0.2823 0.5273 0.3449
-0.2030 0.4854 0.4058
-0.2924 0.4265 0.4102
-0.3947 0.4218 0.3521
-0.4931 0.4223 0.2842
-0.1971 0.3925 0.4787
-0.2552 0.3287 0.4953
-0.3475 0.3377 0.4319
-0.4424 0.3367 0.3620
-0.5358 0.3391 0.2866
-0.3996 0.2499 0.4352
-0.4939 0.2522 0.3531
-0.5486 0.1730 0.3254
-1.0998 -0.0706 0.0213
-1.3216 -0.2041 0.0030
-1.5811 -0.0714 0.0001
-1.8204 -0.2430 0.0000
-2.0791 -0.1308 0.0000
-2.3005 -0.3022 0.0000
2.5727 -1.1612 0.0000
2.5657 -1.5407 0.0000
3.0530 -1.3103 0.0000
2.7681 -1.3725 0.0000
4.5097 -1.5683 0.0000
4.2869 -1.7203 0.0000
-2.4257 -1.9505 0.0000
-2.4385 -2.2357 0.0000
-2.0413 -0.4297 0.0000
-2.2868 -0.5923 0.0000
2.0193 1.7263 0.0000
1.7973 1.5398 0.0000
-2.8467 -0.9112 0.0000
-3.0581 -1.0997 0.0000
-3.2991 -4.0416 0.0000
-3.5568 -3.9367 0.0000
-3.7802 -4.1163 0.0000
2.4398 2.1127 0.0000
2.2269 1.9206 0.0000
0.7980 -0.0797 0.1330
0.7842 -0.1759 0.1344
0.7871 -0.2590 0.1228
0.7057 -0.3156 0.1650
0.6916 -0.2153 0.1942
0.6145 -0.2885 0.2392
0.6323 -0.3850 0.1983
0.5407 -0.3529 0.2773
0.5572 -0.4501 0.2276
0.4653 -0.4169 0.3060
0.5756 -0.5497 0.1776
0.4862 -0.5159 0.2440
0.3957 -0.4836 0.3154
0.4171 -0.5821 0.2475
0.0757 -0.7403 0.2329
0.0640 -0.8431 0.1691
-0.0312 -0.9885 0.0981
-0.0120 -0.7860 0.2017
-0.0233 -0.8898 0.1422
-0.0969 -0.8341 0.1663
-0.1200 -0.9455 0.1098
-0.1807 -0.8663 0.1394
-0.2146 -0.9293 0.1069
-0.2464 -1.0272 0.0697
-0.1062 -1.1087 0.0569
-0.2558 -1.2356 0.0266
-0.1414 -1.4121 0.0123
-0.4202 -1.0897 0.0400
-0.4895 -1.3249 0.0107
0.6926 4.5205 0.0000
0.9673 4.4753 0.0000
0.7254 4.2751 0.0000
0.4580 4.5035 0.0000
-4.2506 3.5591 0.0000
-4.3127 3.2892 0.0000
3.6911 4.5125 0.0000
3.5232 4.2383 0.0000
0.0025 1.0486 0.0781
-0.0572 0.9708 0.1076
-0.1111 1.1027 0.0631
-0.1478 1.0011 0.0946
-0.2665 1.0740 0.0652
-0.2275 0.9473 0.1106
-0.3319 0.9669 0.0916
-0.1306 0.9127 0.1320
-0.2030 0.8532 0.1560
-0.3027 0.8779 0.1306
-0.3942 0.8618 0.1196
3.9900 -4.5353 0.0000
3.8888 -4.7690 0.0000
0.1604 -2.4275 0.0000
4.7459 4.4963 0.0000
4.5204 4.3028 0.0000
-2.4473 1.7218 0.0000
-2.6200 1.5055 0.0000
-4.2440 -1.5136 0.0000
4.7468 -4.4916 0.0000
0.2638 1.5129 0.0058
0.0990 1.1983 0.0381
0.1224 1.0590 0.0696
-4.7491 3.6051 0.0000
-4.7221 4.5046 0.0000
3.9576 -4.0357 0.0000
4.0085 -4.2931 0.0000
