5.0000 5.0000 0.0000
0.0000 5.0000 0.0000
2.5000 5.0000 0.0000
3.7500 5.0000 0.0000
4.3750 5.0000 0.0000
4.6875 5.0000 0.0000
4.0625 5.0000 0.0000
3.1250 5.0000 0.0000
3.4375 5.0000 0.0000
2.8125 5.0000 0.0000
1.2500 5.0000 0.0000
1.8750 5.0000 0.0000
2.1875 5.0000 0.0000
1.5625 5.0000 0.0000
0.6250 5.0000 0.0000
0.9375 5.0000 0.0000
0.3125 5.0000 0.0000
-2.5000 5.0000 0.0000
-1.2500 5.0000 0.0000
-0.6250 5.0000 0.0000
-0.3125 5.0000 0.0000
-0.9375 5.0000 0.0000
-1.8750 5.0000 0.0000
-1.5625 5.0000 0.0000
-2.1875 5.0000 0.0000
-3.7500 5.0000 0.0000
-3.1250 5.0000 0.0000
-2.8125 5.0000 0.0000
-3.4375 5.0000 0.0000
-4.3750 5.0000 0.0000
-4.0625 5.0000 0.0000
-4.6875 5.0000 0.0000
5.0000 -5.0000 0.0000
5.0000 0.0000 0.0000
5.0000 -2.5000 0.0000
5.0000 -3.7500 0.0000
5.0000 -4.3750 0.0000
5.0000 -4.6875 0.0000
5.0000 -4.0625 0.0000
5.0000 -3.1250 0.0000
5.0000 -3.4375 0.0000
5.0000 -2.8125 0.0000
5.0000 -1.2500 0.0000
5.0000 -1.8750 0.0000
5.0000 -2.1875 0.0000
5.0000 -1.5625 0.0000
5.0000 -0.6250 0.0000
5.0000 -0.9375 0.0000
5.0000 -0.3125 0.0000
5.0000 2.5000 0.0000
5.0000 1.2500 0.0000
5.0000 0.6250 0.0000
5.0000 0.3125 0.0000
5.0000 0.9375 0.0000
5.0000 1.8750 0.0000
5.0000 1.5625 0.0000
5.0000 2.1875 0.0000
5.0000 3.7500 0.0000
5.0000 3.1250 0.0000
5.0000 2.8125 0.0000
5.0000 3.4375 0.0000
5.0000 4.3750 0.0000
5.0000 4.0625 0.0000
5.0000 4.6875 0.0000
-5.0000 -5.0000 0.0000
0.0000 -5.0000 0.0000
-2.5000 -5.0000 0.0000
-3.7500 -5.0000 0.0000
-4.3750 -5.0000 0.0000
-4.6875 -5.0000 0.0000
-4.0625 -5.0000 0.0000
-3.1250 -5.0000 0.0000
-3.4375 -5.0000 0.0000
-2.8125 -5.0000 0.0000
-1.2500 -5.0000 0.0000
-1.8750 -5.0000 0.0000
-2.1875 -5.0000 0.0000
-1.5625 -5.0000 0.0000
-0.6250 -5.0000 0.0000
-0.9375 -5.0000 0.0000
-0.3125 -5.0000 0.0000
2.5000 -5.0000 0.0000
1.2500 -5.0000 0.0000
0.6250 -5.0000 0.0000
0.3125 -5.0000 0.0000
0.9375 -5.0000 0.0000
1.8750 -5.0000 0.0000
1.5625 -5.0000 0.0000
2.1875 -5.0000 0.0000
3.7500 -5.0000 0.0000
3.1250 -5.0000 0.0000
2.8125 -5.0000 0.0000
3.4375 -5.0000 0.0000
4.3750 -5.0000 0.0000
4.0625 -5.0000 0.0000
4.6875 -5.0000 0.0000
-5.0000 5.0000 0.0000
-5.0000 0.0000 0.0000
-5.0000 2.5000 0.0000
-5.0000 3.7500 0.0000
-5.0000 4.3750 0.0000
-5.0000 4.6875 0.0000
-5.0000 4.0625 0.0000
-5.0000 3.1250 0.0000
-5.0000 3.4375 0.0000
-5.0000 2.8125 0.0000
-5.0000 1.2500 0.0000
-5.0000 1.8750 0.0000
-5.0000 2.1875 0.0000
-5.0000 1.5625 0.0000
-5.0000 0.6250 0.0000
-5.0000 0.9375 0.0000
-5.0000 0.3125 0.0000
-5.0000 -2.5000 0.0000
-5.0000 -1.2500 0.0000
-5.0000 -0.6250 0.0000
-5.0000 -0.3125 0.0000
-5.0000 -0.9375 0.0000
-5.0000 -1.8750 0.0000
-5.0000 -1.5625 0.0000
-5.0000 -2.1875 0.0000
-5.0000 -3.7500 0.0000
-5.0000 -3.1250 0.0000
-5.0000 -2.8125 0.0000
-5.0000 -3.4375 0.0000
-5.0000 -4.3750 0.0000
-5.0000 -4.0625 0.0000
-5.0000 -4.6875 0.0000
-4.7232 0.2627 0.0000
-3.8334 2.8647 0.0000
-3.8579 2.5699 0.0000
1.8068 4.4886 0.0000
-0.1810 -2.7948 0.0000
-1.2531 -4.4945 0.0000
-1.4206 -4.7439 0.0000
-1.4151 -0.0584 0.0011
0.9215 4.0489 0.0000
0.4790 -1.7217 0.0013
4.7381 3.9786 0.0000
4.7417 3.7420 0.0000
-1.5854 3.7724 0.0000
-0.7720 -2.2280 0.0000
-3.4125 -0.9228 0.0000
1.9107 2.1458 0.0000
1.6266 2.1119 0.0000
1.3434 2.0434 0.0000
2.0547 0.8599 0.0000
1.7685 4.0017 0.0000
3.6237 2.7842 0.0000
3.6453 2.5172 0.0000
-4.6046 2.5460 0.0000
-3.1165 -2.3002 0.0000
4.7699 1.0938 0.0000
-0.0392 -4.5205 0.0000
3.4998 -3.9880 0.0000
3.4547 -4.2718 0.0000
-1.7534 1.9259 0.0000
1.5754 -4.5407 0.0000
3.0037 1.0651 0.0000
2.8968 0.8677 0.0000
2.1012 -1.3188 0.0000
4.2480 3.5458 0.0000
4.0066 3.4053 0.0000
-3.5672 -2.1278 0.0000
-3.6679 -2.4100 0.0000
-3.9530 -2.4525 0.0000
-3.8259 -2.6872 0.0000
-2.7326 -0.3564 0.0000
-2.9399 -0.5271 0.0000
-3.1779 -0.7404 0.0000
2.2136 3.6847 0.0000
1.9656 3.5499 0.0000
-3.4511 -1.5265 0.0000
-3.4766 -1.8408 0.0000
-3.7600 -1.9163 0.0000
-3.8574 -2.1915 0.0000
-0.8808 -1.4542 0.0014
4.2209 4.1165 0.0000
3.9541 4.0038 0.0000
3.9769 3.7074 0.0000
0.5849 -2.9919 0.0000
0.7488 -3.2833 0.0000
0.5155 -3.2175 0.0000
-3.9269 -3.2243 0.0000
-3.9939 -3.4544 0.0000
-4.2068 -3.6599 0.0000
-4.2910 -3.9465 0.0000
-3.2818 1.3709 0.0000
-3.5256 1.1955 0.0000
-4.7499 -3.6030 0.0000
2.4293 -0.0826 0.0000
2.4206 -0.3563 0.0000
0.7322 -3.7732 0.0000
0.2434 -4.0049 0.0000
0.3946 -3.4432 0.0000
-4.5111 0.7204 0.0000
-3.5387 1.5008 0.0000
-2.0222 2.0552 0.0000
2.1095 -2.3946 0.0000
-1.5806 -1.6033 0.0000
-1.9571 -1.4285 0.0000
-1.8435 -1.6365 0.0000
-2.0464 -1.7541 0.0000
-3.8903 2.2787 0.0000
3.5759 3.6498 0.0000
-4.2395 -0.6373 0.0000
2.6299 3.9370 0.0000
2.3451 3.9303 0.0000
2.8289 -2.0432 0.0000
2.6711 -2.2833 0.0000
0.1203 -2.2446 0.0000
0.2626 -2.5017 0.0000
0.1175 -2.7512 0.0000
-2.1563 -4.0268 0.0000
-2.2710 -4.2987 0.0000
2.4963 0.2446 0.0000
-4.4904 4.7172 0.0000
-4.7554 4.7693 0.0000
-4.7694 4.5177 0.0000
-4.7513 -1.6971 0.0000
2.4208 2.3343 0.0000
2.2195 2.1485 0.0000
4.7639 0.7804 0.0000
4.5315 0.9492 0.0000
4.2957 0.8071 0.0000
-0.6050 0.2705 0.2516
-0.7829 0.2784 0.1226
-2.1205 0.1330 0.0000
-1.9559 -2.0069 0.0000
-2.4340 4.3260 0.0000
-2.7231 3.9172 0.0000
-1.5730 -3.9817 0.0000
-1.8656 -3.9910 0.0000
1.4069 -4.7672 0.0000
-3.5622 3.2870 0.0000
1.0143 -0.8891 0.0065
1.0241 -1.1452 0.0020
-2.9833 3.8073 0.0000
-3.2217 3.6858 0.0000
-3.4182 3.5079 0.0000
2.4801 0.5430 0.0000
1.0212 -2.7928 0.0000
0.8667 -3.0364 0.0000
3.7788 2.0236 0.0000
-2.7828 -2.8382 0.0000
-3.7608 1.0309 0.0000
-3.7680 0.7467 0.0000
3.2070 1.8765 0.0000
3.0152 1.7061 0.0000
2.7615 1.5834 0.0000
-4.1063 -2.7873 0.0000
-3.4794 3.7826 0.0000
0.8778 -0.2961 0.0733
0.8044 -0.3522 0.1004
-2.3788 -3.8063 0.0000
-2.6744 -1.2739 0.0000
-2.9378 -1.5548 0.0000
2.0583 2.3813 0.0000
-4.4928 -0.3440 0.0000
-4.2887 1.5997 0.0000
-4.5296 1.5204 0.0000
1.7248 -4.7676 0.0000
-2.9609 -4.7235 0.0000
0.1624 -3.5297 0.0000
0.0792 -3.7847 0.0000
-4.2404 0.1371 0.0000
1.5811 -2.2720 0.0000
-1.9871 -3.5352 0.0000
-2.0748 -3.7751 0.0000
-0.1163 -2.1463 0.0001
-0.2586 -2.3279 0.0000
-0.4882 -2.2462 0.0000
3.1664 2.9640 0.0000
3.1144 2.6731 0.0000
1.2937 1.0314 0.0008
1.0024 0.9967 0.0073
-2.0174 1.4725 0.0000
-2.2938 1.3684 0.0000
2.5143 2.6178 0.0000
0.0171 -0.2111 0.6443
-0.0615 -0.2790 0.5956
0.1105 -0.2646 0.5978
0.0242 -0.2883 0.5953
0.0163 -0.3674 0.5358
-0.0767 -0.3661 0.5278
-0.1113 -0.4563 0.4457
-0.2083 -0.4725 0.4016
-0.0030 -0.1257 0.6835
-0.0709 -0.1969 0.6439
-0.1553 -0.1910 0.6192
-0.1518 -0.2871 0.5640
-0.2337 -0.2299 0.5582
-0.1771 -0.3823 0.4846
-0.2509 -0.3213 0.4929
-0.2794 -0.4105 0.4154
-0.3044 -0.4968 0.3413
-0.3497 -0.3535 0.4107
-0.3860 -0.4483 0.3294
-0.4454 -0.5336 0.2464
1.3175 -2.3244 0.0000
-3.1233 2.6337 0.0000
-3.5063 -4.5270 0.0000
-3.7385 -4.7680 0.0000
3.3405 -1.9298 0.0000
3.5147 -4.7724 0.0000
-3.8137 4.1793 0.0000
-4.1021 4.1978 0.0000
-1.1134 -1.2041 0.0015
-1.1404 -1.4488 0.0004
-1.3147 -1.6569 0.0000
-2.6707 2.2872 0.0000
-2.5388 2.0811 0.0000
-2.8955 2.1866 0.0000
-2.7947 1.9586 0.0000
2.4690 -2.1215 0.0000
1.6491 3.0064 0.0000
-4.3018 3.2432 0.0000
-4.5357 3.1298 0.0000
-4.7748 2.9851 0.0000
3.7324 -0.2949 0.0000
3.5061 -0.4569 0.0000
-2.7978 2.5088 0.0000
-3.0179 2.4082 0.0000
-3.2387 2.3033 0.0000
2.2879 -4.2302 0.0000
2.1563 -4.4995 0.0000
-2.0334 4.7553 0.0000
-2.2104 4.5288 0.0000
1.3055 -1.5521 0.0000
1.0581 -1.9405 0.0000
0.1158 2.1301 0.0001
-2.6629 -3.9527 0.0000
-1.8068 -2.8639 0.0000
-3.1148 2.0865 0.0000
1.1690 2.5008 0.0000
1.1636 2.2597 0.0000
0.8966 2.2492 0.0000
2.9661 1.4110 0.0000
2.8113 1.2152 0.0000
2.6809 0.9969 0.0000
-3.7784 1.3246 0.0000
-4.0230 1.1641 0.0000
-4.0173 0.8802 0.0000
2.7762 2.1498 0.0000
2.8681 1.8997 0.0000
2.6365 1.8363 0.0000
0.6307 4.5076 0.0000
0.4475 4.3337 0.0000
-0.0168 4.5419 0.0000
-0.1745 4.3103 0.0000
-4.1203 2.4555 0.0000
2.7334 -3.3915 0.0000
2.4771 -3.4448 0.0000
2.2284 -3.4289 0.0000
2.0422 -3.6153 0.0000
4.3278 2.0909 0.0000
4.1952 4.7720 0.0000
4.7741 4.7690 0.0000
3.4708 -2.7760 0.0000
0.5098 -4.5088 0.0000
0.2428 -4.5050 0.0000
0.2727 -4.7468 0.0000
0.0505 -4.7657 0.0000
2.4936 4.1961 0.0000
2.2063 4.1851 0.0000
2.0338 3.9059 0.0000
4.7409 -4.1980 0.0000
0.7196 3.3131 0.0000
-3.4101 -2.4318 0.0000
-3.5227 -2.6783 0.0000
4.4994 -1.2915 0.0000
0.7790 4.7558 0.0000
0.7794 4.2737 0.0000
2.1156 3.0415 0.0000
1.8935 2.9043 0.0000
3.0509 -1.8376 0.0000
2.7844 -1.7322 0.0000
2.5922 -1.9216 0.0000
2.3817 -1.4079 0.0000
2.1697 -1.6056 0.0000
-4.2817 1.2996 0.0000
-4.2732 1.0065 0.0000
-4.5136 0.9766 0.0000
0.0226 3.2318 0.0000
-4.4820 -3.1596 0.0000
-4.7413 -3.3047 0.0000
-0.2468 3.1382 0.0000
-2.8002 1.6681 0.0000
-0.9507 4.5013 0.0000
-0.8897 4.0247 0.0000
-1.7713 1.2806 0.0000
-2.0800 1.1853 0.0000
-0.5282 -0.7837 0.1029
-0.5767 -0.9117 0.0578
-0.7814 -0.9504 0.0251
-0.8494 -1.1977 0.0064
-1.7076 4.3441 0.0000
4.7769 -3.8708 0.0000
4.5937 -3.9713 0.0000
4.7431 -1.0927 0.0000
-3.5001 0.8770 0.0000
-3.5891 0.5615 0.0000
-4.7365 -1.3985 0.0000
1.5948 -1.4448 0.0000
1.5503 -1.7343 0.0000
1.2817 -1.8154 0.0000
-1.5249 0.4575 0.0001
-1.8224 0.2039 0.0000
-1.9389 -0.1080 0.0000
-2.7024 -0.0571 0.0000
-3.6792 3.5815 0.0000
1.7517 -2.5310 0.0000
3.5373 -3.7089 0.0000
3.2699 -3.8098 0.0000
2.9942 -3.8865 0.0000
3.2361 -4.0978 0.0000
2.9912 -4.1635 0.0000
2.7621 -4.1533 0.0000
-1.4913 -3.7155 0.0000
0.5682 -2.5135 0.0000
0.4252 -2.7432 0.0000
4.7384 1.7251 0.0000
4.7368 -3.5814 0.0000
4.4925 -3.7142 0.0000
3.4690 -3.0720 0.0000
3.2642 -3.2692 0.0000
3.3375 -3.5277 0.0000
3.0765 -3.5913 0.0000
-3.6878 -1.3583 0.0000
1.3535 0.0899 0.0021
1.1005 0.0312 0.0211
4.7482 4.2360 0.0000
4.7470 2.0458 0.0000
4.5165 1.8980 0.0000
-3.8294 0.4204 0.0000
-1.5334 -4.4864 0.0000
-1.7720 -4.5245 0.0000
-1.7170 -4.7578 0.0000
-2.0148 -4.7572 0.0000
-1.6986 -1.3585 0.0000
2.7006 -1.4544 0.0000
2.8104 -3.6369 0.0000
2.5436 -3.6872 0.0000
2.2766 -3.7255 0.0000
4.0792 -0.3557 0.0000
3.8825 -0.4881 0.0000
1.0857 4.2530 0.0000
-2.4733 -4.5196 0.0000
-2.6515 -4.7535 0.0000
3.0230 4.7346 0.0000
-1.3453 -2.6927 0.0000
-1.6148 -2.6664 0.0000
-1.5190 -2.9438 0.0000
-1.7483 -3.1506 0.0000
2.0858 4.4682 0.0000
0.7763 0.2188 0.1386
0.9401 0.2045 0.0604
0.8280 0.1511 0.1138
0.7335 0.1296 0.1760
-1.0647 -2.7058 0.0000
-1.2394 -2.9470 0.0000
1.2350 1.7808 0.0000
1.1586 1.5160 0.0002
1.0565 3.3022 0.0000
3.1711 -4.4216 0.0000
2.8005 3.6835 0.0000
3.0036 3.4563 0.0000
2.7335 3.4085 0.0000
2.5127 3.6583 0.0000
3.4015 -2.2139 0.0000
3.1745 -2.3924 0.0000
3.1710 -2.6522 0.0000
0.8036 0.0648 0.1318
0.7086 0.0316 0.2001
0.6554 -0.0314 0.2444
0.6240 -0.1145 0.2661
0.6358 0.0912 0.2583
0.5872 0.0111 0.3073
0.5340 -0.0691 0.3559
0.5423 -0.1632 0.3336
0.5043 -0.2414 0.3477
0.4490 -0.1471 0.4253
0.4585 -0.3171 0.3581
-2.1419 -2.4692 0.0000
2.4265 -4.4944 0.0000
-0.6055 -2.4992 0.0000
0.6172 0.6186 0.1295
0.5688 0.6963 0.1209
0.5362 0.5814 0.1785
0.5454 0.4909 0.2126
0.4885 0.4253 0.2777
0.4544 0.5105 0.2544
0.3808 0.4549 0.3287
0.6352 0.5200 0.1536
0.6003 0.4273 0.2046
0.5411 0.3617 0.2694
0.4221 0.3852 0.3433
0.4594 0.3060 0.3554
0.3634 0.3186 0.4219
0.3149 0.3899 0.4099
0.2547 0.3193 0.4924
0.4001 0.2247 0.4392
0.3087 0.2506 0.4983
0.2645 0.1828 0.5618
0.1945 0.2473 0.5702
0.2333 0.1064 0.6100
0.1514 0.0647 0.6650
0.0758 0.2007 0.6408
0.1588 0.1653 0.6300
0.0729 0.1127 0.6794
0.0564 0.0244 0.7002
-0.0193 -0.0361 0.7035
1.6719 2.7158 0.0000
1.4368 2.5828 0.0000
-0.0850 1.0828 0.0687
0.0811 1.0466 0.0755
-0.0219 0.9893 0.0995
-0.1012 0.9391 0.1205
-0.0525 1.8946 0.0007
-0.2094 1.6618 0.0032
4.7299 2.6647 0.0000
3.4140 0.7998 0.0000
3.3434 0.5445 0.0000
3.3441 0.3115 0.0000
0.6633 0.7020 0.0892
0.6472 0.8152 0.0662
0.5121 0.7736 0.1107
0.5150 0.9127 0.0676
0.4175 0.8120 0.1199
0.3516 1.0125 0.0633
0.3897 0.9078 0.0897
0.3187 0.8441 0.1272
0.3392 0.7479 0.1693
-3.3451 2.8160 0.0000
-3.6006 2.6887 0.0000
2.3086 1.3628 0.0000
3.6799 -2.3284 0.0000
3.4413 -2.5002 0.0000
1.9747 4.7420 0.0000
-0.5448 -0.5208 0.1999
-0.6201 -0.5492 0.1511
-0.6743 -0.6041 0.1112
-0.7023 -0.6696 0.0851
-0.7201 -0.5314 0.1110
-0.7861 -0.5782 0.0767
-0.5100 -0.6038 0.1804
-0.5895 -0.6298 0.1365
-0.5910 -0.7084 0.1095
-0.6707 -0.7838 0.0678
-0.8590 -0.7163 0.0389
-0.0302 -1.5717 0.0055
0.4475 3.8517 0.0000
4.5252 -1.5779 0.0000
-4.2186 -1.4330 0.0000
-4.4857 -1.6330 0.0000
4.3946 -4.0318 0.0000
4.2059 -4.2073 0.0000
-0.6490 1.9602 0.0001
-0.7816 1.7484 0.0003
-1.0170 1.8540 0.0000
-2.4168 -0.8254 0.0000
0.6409 0.3418 0.2050
0.6133 0.2565 0.2484
0.6693 0.1844 0.2186
0.5741 0.1737 0.3010
0.5444 0.2790 0.2974
0.4957 0.2092 0.3618
0.4518 0.1322 0.4232
0.5335 0.0978 0.3520
0.4911 0.0226 0.4004
0.3503 0.1475 0.5096
0.4054 0.0538 0.4808
0.3378 -0.0183 0.5454
0.3104 0.0711 0.5617
0.2371 0.0071 0.6230
0.2646 -0.0796 0.5974
0.1529 -0.0249 0.6701
0.1743 -0.1089 0.6458
0.0750 -0.0740 0.6901
0.0899 -0.1677 0.6560
-3.9846 -4.7227 0.0000
1.4291 -0.5253 0.0003
1.2381 -0.7246 0.0016
1.2781 -1.0063 0.0004
2.0650 1.8910 0.0000
-0.9513 -3.5005 0.0000
-2.1743 -1.2577 0.0000
-2.1923 -1.5631 0.0000
3.9621 -2.4471 0.0000
3.7192 -2.6174 0.0000
3.7370 -2.9115 0.0000
1.6238 0.5758 0.0001
1.3267 0.5344 0.0022
0.2751 -0.3517 0.4695
0.1880 -0.4195 0.4617
0.2898 -0.4349 0.4059
0.3185 -0.5156 0.3367
0.2308 -0.5108 0.3768
0.0844 -0.4437 0.4678
0.1431 -0.5165 0.3973
0.1562 -0.5977 0.3300
0.0803 -0.6302 0.3138
0.0517 -0.5365 0.3923
-0.0016 -0.6167 0.3255
0.1621 -0.6905 0.2602
0.0602 -0.7188 0.2483
-0.0249 -0.7013 0.2588
-0.0594 -0.7852 0.1989
-0.1269 -0.7078 0.2421
-0.1637 -0.7895 0.1833
-0.2011 -0.8711 0.1342
1.9423 0.5912 0.0000
4.4870 3.9953 0.0000
4.2217 3.8421 0.0000
1.9929 0.0788 0.0000
1.3887 4.7542 0.0000
1.7767 0.3590 0.0000
4.7802 -0.1339 0.0000
3.0373 4.1650 0.0000
-0.4074 0.6901 0.1938
-0.4976 0.6489 0.1761
-0.5108 0.5510 0.2133
-0.5861 0.6193 0.1467
-0.6057 0.5321 0.1671
-0.6261 0.4490 0.1826
-0.7071 0.4680 0.1294
-0.6335 0.3693 0.2020
-0.7188 0.3899 0.1407
-0.7885 0.3705 0.1055
-0.9255 0.3612 0.0501
2.6091 1.3510 0.0000
2.4695 1.1169 0.0000
-4.5222 1.2448 0.0000
-4.7696 1.3993 0.0000
1.3605 4.2310 0.0000
-1.3739 2.4510 0.0000
-1.4980 2.1872 0.0000
4.2444 -0.5731 0.0000
4.0194 -0.6964 0.0000
-3.6837 -0.7985 0.0000
-3.6669 -1.0804 0.0000
0.1311 -0.7885 0.1988
0.1492 -0.8725 0.1504
0.0735 -0.8939 0.1421
0.0100 -0.9400 0.1197
0.0285 -1.0261 0.0862
0.0383 -0.8102 0.1882
-0.0256 -0.8746 0.1498
-0.0779 -0.9844 0.0972
-0.1787 -1.1013 0.0548
-1.9764 -0.3950 0.0000
1.5160 4.4982 0.0000
-0.7694 -3.7844 0.0000
1.1723 3.6166 0.0000
-0.1699 1.0165 0.0880
-0.2810 1.0539 0.0695
-0.1930 0.9279 0.1211
-0.2734 0.9418 0.1077
-0.2951 0.8627 0.1382
-0.3709 0.9618 0.0875
-0.3848 0.8739 0.1165
-0.3494 0.7806 0.1661
-0.4357 0.7906 0.1376
-0.4988 0.7413 0.1371
-4.2971 -4.2283 0.0000
-4.5286 -4.3842 0.0000
-4.7591 -4.5170 0.0000
-4.7796 -4.7855 0.0000
2.8382 0.6126 0.0000
2.7081 0.4100 0.0000
-2.0128 -0.6679 0.0000
-2.1408 -0.9453 0.0000
-3.2439 4.2609 0.0000
-3.2534 3.9788 0.0000
-3.5273 4.2793 0.0000
-1.3864 4.7646 0.0000
-2.7757 -2.0762 0.0000
-2.9970 -2.0902 0.0000
-2.2019 -2.1809 0.0000
0.2547 3.1165 0.0000
0.2882 2.8601 0.0000
-0.0669 2.6777 0.0000
-2.7683 3.3339 0.0000
1.6222 -0.3393 0.0000
-4.7659 1.1008 0.0000
-2.0445 3.0762 0.0000
0.6412 -0.8371 0.0651
0.5300 -0.9522 0.0631
0.4024 -0.9217 0.0958
0.3796 -1.0522 0.0608
1.1900 -3.5246 0.0000
1.0315 -3.7677 0.0000
1.0551 -4.0004 0.0000
2.3606 0.8670 0.0000
-4.7362 2.3166 0.0000
-3.3676 2.5154 0.0000
-3.6152 2.3887 0.0000
1.5037 -0.8304 0.0000
4.4955 -0.0243 0.0000
3.4853 3.4121 0.0000
3.2263 3.2376 0.0000
1.9349 2.6154 0.0000
1.7256 2.4063 0.0000
4.1879 1.8791 0.0000
0.8935 1.4479 0.0014
-2.5440 1.5322 0.0000
-3.1396 4.5379 0.0000
-2.9464 4.3575 0.0000
-2.9813 4.0874 0.0000
4.4858 -4.2787 0.0000
4.2258 -4.4748 0.0000
0.2878 -1.9921 0.0003
-0.3214 -1.5053 0.0055
2.7143 -0.7535 0.0000
-4.0374 1.4511 0.0000
1.9154 -3.8160 0.0000
1.8168 -4.0410 0.0000
1.6071 -3.8124 0.0000
1.5324 -4.0614 0.0000
4.7403 -2.0460 0.0000
4.5089 -2.2190 0.0000
4.2326 -2.5834 0.0000
3.9835 -2.7524 0.0000
-2.2484 3.5117 0.0000
-2.4945 3.5231 0.0000
2.6491 3.1226 0.0000
2.4765 3.3645 0.0000
2.3680 3.1244 0.0000
2.3879 2.8660 0.0000
-1.1117 4.2215 0.0000
-1.0985 3.9002 0.0000
-1.3569 4.0099 0.0000
-1.3008 3.7405 0.0000
1.3058 -1.2851 0.0001
1.0354 -1.4167 0.0004
1.0201 -1.6865 0.0001
0.7593 -1.5503 0.0012
0.7660 -1.8138 0.0002
-1.4750 -1.8952 0.0000
-1.7399 -1.8599 0.0000
-1.6616 -2.1273 0.0000
-1.6838 -2.3790 0.0000
-1.9316 -2.2807 0.0000
-1.0660 -2.2005 0.0000
-4.3573 -2.9109 0.0000
3.4872 3.1327 0.0000
3.3969 2.9205 0.0000
3.3788 2.6698 0.0000
-4.0263 -0.0999 0.0000
-1.7095 -4.2484 0.0000
-1.9919 -4.2517 0.0000
-1.9589 -4.4818 0.0000
-2.1844 -4.5383 0.0000
-2.3385 -4.7680 0.0000
-2.2569 -3.5253 0.0000
-2.5426 -3.6131 0.0000
0.1708 -1.7324 0.0021
0.0108 -1.9360 0.0005
-4.0102 2.0593 0.0000
3.7412 -3.1923 0.0000
3.5462 -3.3628 0.0000
-4.4779 0.2077 0.0000
-4.7761 0.0461 0.0000
-3.9933 0.5939 0.0000
-4.1833 0.4069 0.0000
-0.4805 4.3002 0.0000
-0.7911 4.2797 0.0000
-0.6106 4.0562 0.0000
-0.7495 3.7992 0.0000
-4.2276 -0.3818 0.0000
-0.3122 1.4495 0.0100
1.7504 3.7504 0.0000
3.3715 3.7629 0.0000
3.2622 3.5284 0.0000
0.2934 4.0966 0.0000
0.1420 3.8550 0.0000
0.3766 1.6127 0.0026
-1.6928 4.7793 0.0000
-0.5846 0.7135 0.1155
-0.6507 0.8830 0.0535
-0.6846 0.7397 0.0741
-0.6693 0.6382 0.1040
-0.6911 0.5484 0.1176
-0.7958 0.6214 0.0612
-0.8120 0.4832 0.0770
0.8064 -4.0160 0.0000
0.6746 -4.2649 0.0000
0.1039 0.2749 0.5886
-0.0285 0.3795 0.5254
-0.0038 0.1282 0.6825
-0.0089 0.2147 0.6421
-0.0829 0.2836 0.5912
-0.1632 0.2355 0.5966
-0.2520 0.2606 0.5371
-0.1869 0.1552 0.6235
-0.2705 0.1736 0.5658
-0.3314 0.0914 0.5422
-0.0428 0.0566 0.6986
-0.0914 0.1641 0.6567
0.3839 2.1164 0.0001
0.5150 1.8774 0.0003
2.2552 0.0982 0.0000
2.1437 -0.2028 0.0000
-1.4057 -1.3411 0.0001
1.7185 0.1216 0.0000
0.7706 -0.2587 0.1331
0.6769 -0.2911 0.1909
0.7371 -0.3482 0.1386
0.7168 -0.4249 0.1343
0.6322 -0.3787 0.2006
0.5751 -0.2934 0.2703
0.5327 -0.3674 0.2783
0.5584 -0.4509 0.2268
0.6502 -0.4798 0.1587
0.5808 -0.5385 0.1793
0.4533 -0.4053 0.3207
0.3711 -0.4123 0.3730
0.3968 -0.4959 0.3079
0.4949 -0.5657 0.2157
0.4805 -0.4838 0.2635
0.4065 -0.5812 0.2536
4.2840 1.1034 0.0000
4.0560 0.9433 0.0000
3.8318 1.0541 0.0000
3.8691 0.7432 0.0000
3.6131 0.5849 0.0000
4.5531 4.4925 0.0000
4.4897 4.2581 0.0000
-4.4176 2.3728 0.0000
0.3228 -1.2439 0.0286
0.0973 -1.3464 0.0201
-0.5952 -1.4143 0.0049
2.6772 -4.5024 0.0000
2.6444 -4.7506 0.0000
2.3434 -4.7487 0.0000
2.2217 0.6293 0.0000
2.9281 -2.8378 0.0000
2.7994 -3.1026 0.0000
2.6317 -2.8414 0.0000
2.5344 -3.1640 0.0000
2.2687 -3.1896 0.0000
-1.2474 0.3752 0.0037
-1.2003 0.1077 0.0085
-1.5146 0.2050 0.0002
-1.6719 -0.0411 0.0000
-2.5466 -2.8459 0.0000
-2.8000 -3.0999 0.0000
-2.3406 0.3332 0.0000
-2.4161 0.0527 0.0000
-2.6261 0.2410 0.0000
3.6458 0.9002 0.0000
-1.1141 0.8333 0.0035
3.9656 -4.7387 0.0000
-0.1994 -4.2843 0.0000
-0.3503 -4.5197 0.0000
-0.2096 -4.7586 0.0000
-2.8393 4.6204 0.0000
0.7876 -0.0173 0.1422
0.8162 -0.0978 0.1210
0.7855 -0.1727 0.1341
0.7233 -0.0905 0.1851
0.6965 -0.1890 0.1949
0.6112 -0.2154 0.2602
3.2335 -4.7349 0.0000
-2.7127 1.0486 0.0000
-2.9680 0.9309 0.0000
-3.0431 0.6297 0.0000
-3.0454 1.5191 0.0000
4.7593 -1.4065 0.0000
-2.5555 1.2664 0.0000
-2.7993 1.3688 0.0000
-3.0202 1.1993 0.0000
-3.2720 1.0943 0.0000
0.7664 -4.5183 0.0000
0.7975 -4.7583 0.0000
0.5210 -4.7531 0.0000
2.1587 2.7677 0.0000
2.2542 2.5389 0.0000
3.1185 -2.1141 0.0000
3.9367 0.1551 0.0000
-4.5426 4.0610 0.0000
-4.7639 3.9020 0.0000
0.9422 1.7264 0.0002
0.6592 1.6253 0.0011
1.0568 -0.2150 0.0249
0.9027 0.0654 0.0788
0.9150 -0.0583 0.0722
0.8843 -0.1919 0.0791
1.9474 -3.3406 0.0000
1.7629 -3.5680 0.0000
1.4783 -3.5442 0.0000
1.3205 -3.7813 0.0000
1.2963 -4.0188 0.0000
0.9240 2.5113 0.0000
0.6328 2.2119 0.0000
0.0775 1.6425 0.0035
4.3493 1.7121 0.0000
-4.7516 2.0091 0.0000
-1.4330 -0.5589 0.0007
1.4427 -2.0248 0.0000
1.2077 -2.1164 0.0000
3.2025 -0.1809 0.0000
3.2376 -0.4849 0.0000
2.9252 -0.0599 0.0000
2.9619 -0.3402 0.0000
2.9675 -0.6139 0.0000
1.4556 3.7110 0.0000
1.6690 3.4841 0.0000
1.3609 3.4228 0.0000
-0.9049 -2.4692 0.0000
-1.1925 -2.4425 0.0000
2.7812 4.2157 0.0000
2.6314 4.4661 0.0000
4.2467 -3.8522 0.0000
-4.2974 -0.1201 0.0000
-4.5341 -0.0376 0.0000
3.2363 -2.9217 0.0000
3.0697 -3.0923 0.0000
2.9967 -3.3556 0.0000
-4.6091 -2.8365 0.0000
-4.7535 -3.0129 0.0000
0.5662 -0.6369 0.1500
0.4631 -0.6578 0.1877
0.4295 -0.7540 0.1557
0.5219 -0.7275 0.1344
0.5386 -0.8035 0.1023
0.4720 -0.8413 0.1083
0.3848 -0.8390 0.1308
0.3657 -0.6771 0.2164
0.3033 -0.8543 0.1408
0.3097 -0.9355 0.1057
0.3183 -0.5960 0.2836
0.2329 -0.5946 0.3140
0.2614 -0.6798 0.2473
0.3198 -0.7638 0.1825
0.2234 -0.7689 0.1997
0.2285 -0.8498 0.1544
0.2186 -0.9406 0.1138
0.1267 -0.9770 0.1041
4.7531 3.2448 0.0000
4.7582 2.9526 0.0000
-2.6599 4.7850 0.0000
-4.2396 -3.3538 0.0000
-4.4861 -3.4740 0.0000
4.5341 3.0251 0.0000
4.4625 2.7745 0.0000
4.4670 2.4880 0.0000
4.5207 2.2231 0.0000
2.9035 3.9471 0.0000
-3.4895 -0.3507 0.0000
-3.7196 -0.5220 0.0000
3.5702 1.4889 0.0000
3.3878 1.3379 0.0000
3.2197 1.5380 0.0000
3.1657 1.2490 0.0000
4.0290 -1.6382 0.0000
4.0933 -1.9499 0.0000
3.9066 -2.1498 0.0000
-1.9920 3.6530 0.0000
-2.2477 3.7628 0.0000
3.4829 4.4711 0.0000
3.3722 4.2315 0.0000
3.1419 4.3455 0.0000
3.0834 3.7506 0.0000
-4.2132 2.2016 0.0000
-4.1921 -0.9152 0.0000
-4.4603 -0.8998 0.0000
-0.4845 -2.8009 0.0000
-0.7147 -3.0166 0.0000
-1.5350 4.5432 0.0000
3.1244 0.7346 0.0000
3.0617 0.4312 0.0000
-2.4181 -4.0665 0.0000
-2.5826 -4.2627 0.0000
-2.4266 -1.7220 0.0000
-2.6985 -1.8264 0.0000
4.0028 -1.0019 0.0000
3.8152 -1.1770 0.0000
3.5475 -1.2507 0.0000
-3.6784 2.0873 0.0000
-3.7941 1.6134 0.0000
4.4913 -2.7980 0.0000
4.2381 -2.8771 0.0000
4.0064 -3.0734 0.0000
-0.1572 3.8272 0.0000
-0.4583 3.8273 0.0000
-0.3157 3.5989 0.0000
1.5053 3.9799 0.0000
1.2157 3.9462 0.0000
1.0059 -4.5016 0.0000
-2.3759 1.0857 0.0000
-2.4865 0.8284 0.0000
-2.7630 0.7367 0.0000
4.7704 -1.7202 0.0000
3.0005 -1.5401 0.0000
-4.7246 -1.1005 0.0000
3.8864 4.7643 0.0000
3.5890 4.7377 0.0000
3.3143 4.7688 0.0000
0.9287 -0.4247 0.0441
0.7960 -0.4539 0.0885
0.7094 -0.5292 0.1137
0.7983 -0.5759 0.0677
0.6525 -0.5928 0.1241
0.6965 -0.6663 0.0867
0.6164 -0.7175 0.1028
-2.7639 -4.4864 0.0000
-1.9087 -1.1444 0.0000
-1.0299 -1.7073 0.0001
-1.1986 -1.9399 0.0000
-1.3745 -2.1800 0.0000
-1.4592 -2.4295 0.0000
3.6261 -2.0362 0.0000
4.7611 -2.9549 0.0000
4.5300 -3.0844 0.0000
4.4883 3.7360 0.0000
4.7472 3.5078 0.0000
4.5052 3.4835 0.0000
4.4940 3.2572 0.0000
-0.9169 1.2884 0.0021
-0.9009 1.0299 0.0082
-0.8541 0.8031 0.0261
-2.3583 -2.6522 0.0000
-2.4893 3.7748 0.0000
-2.7458 3.6199 0.0000
-3.0107 3.5092 0.0000
-0.4994 -4.7603 0.0000
4.4932 -2.4956 0.0000
-1.4360 -0.3037 0.0009
2.8886 -4.4165 0.0000
-4.2573 0.7108 0.0000
-4.4479 0.4537 0.0000
-3.4410 -3.2355 0.0000
-3.4645 -3.4986 0.0000
-3.7148 -3.4679 0.0000
-3.8730 -3.7065 0.0000
4.4841 -1.0253 0.0000
4.2573 -0.8540 0.0000
4.2237 -1.1613 0.0000
4.6204 -0.2986 0.0000
4.3564 -0.3024 0.0000
0.9346 4.5101 0.0000
-0.5999 2.4838 0.0000
0.8623 -2.0610 0.0000
0.5714 -2.0144 0.0001
0.6749 2.4971 0.0000
0.3900 2.3882 0.0000
3.8058 -0.8323 0.0000
3.6273 -0.9730 0.0000
3.3583 -1.0381 0.0000
2.0012 -2.6148 0.0000
2.3629 -2.9382 0.0000
2.1136 -2.8693 0.0000
2.0515 -3.1018 0.0000
1.7873 -3.0738 0.0000
1.6403 -3.3070 0.0000
1.8500 -2.8367 0.0000
1.5031 -3.0363 0.0000
2.2477 -0.8267 0.0000
2.0367 -1.0277 0.0000
-2.0106 1.7700 0.0000
-2.2733 1.6450 0.0000
-4.5141 -4.7087 0.0000
-3.0512 1.8268 0.0000
-3.3023 1.6679 0.0000
3.7777 3.5475 0.0000
3.7342 3.2941 0.0000
0.0084 2.9412 0.0000
-4.2886 3.9506 0.0000
-3.8552 3.3734 0.0000
2.9177 -1.2744 0.0000
2.5762 -1.2222 0.0000
-3.6270 0.2640 0.0000
-4.1992 -1.1755 0.0000
0.0236 0.7840 0.2022
0.2476 0.7790 0.1741
0.1506 0.8011 0.1785
0.0919 0.7363 0.2274
0.1783 0.7064 0.2335
0.0994 0.6419 0.2951
0.0097 0.6865 0.2704
0.0259 0.5829 0.3516
-0.0647 0.6192 0.3231
-0.1464 0.5476 0.3710
-0.0481 0.5329 0.3951
-0.0833 0.4580 0.4555
-0.1238 0.3739 0.5160
-0.1875 0.3222 0.5321
-0.1865 -1.7820 0.0013
-0.4713 -1.7305 0.0009
-0.3339 -2.0085 0.0002
-0.6207 -1.9784 0.0001
-1.8300 -0.8749 0.0000
-2.1870 4.2238 0.0000
-2.4191 4.0355 0.0000
1.4916 0.3023 0.0005
1.1633 0.3001 0.0120
-0.4686 -3.0647 0.0000
-0.7675 -3.2630 0.0000
0.5344 3.0325 0.0000
3.2343 -1.3342 0.0000
3.4387 -4.5347 0.0000
0.1520 4.7686 0.0000
-0.1648 4.7699 0.0000
-1.4367 1.1973 0.0000
-1.6285 1.0141 0.0000
-0.1398 0.0729 0.6693
-0.1139 -0.0174 0.6854
-0.0961 -0.1052 0.6755
-0.2058 -0.0121 0.6420
-0.1873 -0.1040 0.6375
-0.2385 0.0775 0.6150
-0.3045 0.0049 0.5726
-0.3961 0.0084 0.4922
-0.2860 -0.0759 0.5794
-0.2618 -0.1564 0.5739
-0.3442 -0.1697 0.5065
-0.4201 -0.2013 0.4307
-0.3759 -0.0854 0.5023
-0.4797 -0.0542 0.4087
-0.3201 -0.2536 0.4880
-0.4021 -0.2809 0.4119
-0.4932 -0.2623 0.3452
-0.4541 -0.1331 0.4201
-0.5247 -0.1734 0.3450
-0.5859 -0.2370 0.2753
-0.6426 -0.2943 0.2161
-0.4516 -0.3595 0.3355
-0.4866 -0.4422 0.2703
-0.5524 -0.3433 0.2678
-0.6515 -0.3831 0.1861
-0.5786 -0.4382 0.2138
-0.6640 -0.4792 0.1511
-0.7385 -0.4251 0.1261
4.7410 -4.4891 0.0000
4.4850 -4.5255 0.0000
-0.6579 -4.5195 0.0000
-0.8033 -4.7585 0.0000
-0.0574 0.7888 0.2013
-0.0767 0.7124 0.2520
-0.1164 0.8492 0.1643
-0.1586 0.7572 0.2155
-0.1505 0.6498 0.2909
-0.2039 0.8481 0.1580
-0.2563 0.7739 0.1906
-0.2301 0.6875 0.2494
-0.3139 0.6947 0.2229
-0.2376 0.6011 0.3074
-0.3250 0.6096 0.2717
-0.1797 0.4508 0.4396
-0.3449 0.5184 0.3215
-0.2465 0.5160 0.3665
-0.2348 0.3864 0.4662
-0.2917 0.4427 0.3989
-0.3724 0.4096 0.3730
4.7690 -0.5038 0.0000
4.5049 -0.5536 0.0000
1.7218 -2.0050 0.0000
4.5187 0.6492 0.0000
4.3525 0.4828 0.0000
3.4968 1.1161 0.0000
3.2580 0.9978 0.0000
1.1660 -0.4403 0.0070
0.9890 -0.6300 0.0183
-4.7948 2.6737 0.0000
3.7253 3.8607 0.0000
3.5038 3.9850 0.0000
4.7562 -2.3521 0.0000
-3.7620 -0.2335 0.0000
-3.9848 -0.4050 0.0000
3.6837 1.7490 0.0000
-0.3069 0.3397 0.4571
-0.4061 0.3079 0.4034
-0.5009 0.2881 0.3338
-0.6979 0.3053 0.1724
-0.6956 0.2162 0.1909
-0.3404 0.2537 0.4802
-0.3601 0.1792 0.4947
-0.4429 0.2104 0.4121
-0.5408 0.2026 0.3252
-0.6193 0.1626 0.2627
-0.4216 0.1070 0.4587
-0.5074 0.1291 0.3727
-0.4902 0.0383 0.4003
-0.5817 0.0878 0.3075
-0.6518 0.0398 0.2467
-0.5722 -0.0098 0.3210
-0.6637 -0.0591 0.2358
-0.7014 0.1154 0.1997
-0.7399 0.0174 0.1755
-0.7810 0.1784 0.1361
-0.7983 0.0951 0.1319
-0.8363 0.0106 0.1121
-4.0084 4.4588 0.0000
-4.3605 4.2369 0.0000
1.2046 -4.2576 0.0000
0.9508 -4.2568 0.0000
0.7114 -2.2815 0.0000
0.4174 -2.2586 0.0000
2.4704 1.6040 0.0000
2.1846 1.6197 0.0000
-2.0260 -3.0340 0.0000
-1.9905 -3.2991 0.0000
-0.7432 -1.7023 0.0005
-0.9040 -1.9609 0.0000
-1.4505 3.5096 0.0000
-1.7831 3.1749 0.0000
-1.1570 1.1148 0.0007
-1.3735 0.9188 0.0002
-2.9595 -1.8191 0.0000
-3.2328 -1.9663 0.0000
-3.3338 -2.1924 0.0000
1.8714 -2.2883 0.0000
-0.5068 -4.2861 0.0000
-0.8131 -4.2732 0.0000
-0.9614 -4.5084 0.0000
-1.1101 -4.7538 0.0000
-4.2465 1.9138 0.0000
-3.5264 4.0449 0.0000
-3.7534 3.8715 0.0000
1.5639 3.2327 0.0000
2.5290 2.0888 0.0000
2.3453 1.8700 0.0000
4.1916 -0.0848 0.0000
3.9363 -0.1271 0.0000
-0.9265 2.0849 0.0000
1.4637 -2.5485 0.0000
-4.5011 -3.7641 0.0000
-4.7588 -3.9054 0.0000
-4.5332 -4.0733 0.0000
-4.7659 -4.2169 0.0000
-0.0690 1.4166 0.0139
-0.2142 1.2194 0.0360
0.1726 2.6190 0.0000
0.1283 2.3663 0.0000
-0.1563 2.1560 0.0001
-3.0453 -2.9085 0.0000
-3.1763 -3.1126 0.0000
-2.9826 -3.2737 0.0000
-3.2114 -3.4069 0.0000
-3.2447 -3.6928 0.0000
0.5185 3.5328 0.0000
0.3036 3.6331 0.0000
0.4325 3.3124 0.0000
0.1900 3.4109 0.0000
4.5459 -1.8707 0.0000
-0.5343 3.0439 0.0000
-0.8471 2.9212 0.0000
0.8051 -0.7708 0.0382
0.7635 -1.0088 0.0200
4.2442 3.2495 0.0000
3.9864 3.1195 0.0000
4.2862 2.9941 0.0000
4.0838 2.8818 0.0000
3.8738 2.7859 0.0000
0.2351 1.8688 0.0006
0.1803 1.4007 0.0125
1.0580 0.5574 0.0184
0.9341 0.3831 0.0524
0.8229 0.2959 0.1041
0.7458 0.3447 0.1381
0.7077 0.2660 0.1764
-0.5661 -0.1005 0.3202
-0.6337 -0.1640 0.2504
-0.7087 -0.2291 0.1816
-0.7329 -0.3259 0.1489
-0.8130 -0.2620 0.1127
-0.8296 -0.3669 0.0923
-0.7984 -0.4768 0.0894
-0.9326 -0.4933 0.0444
-1.0880 -0.6550 0.0122
-1.2772 -0.7759 0.0021
-1.3342 -1.0445 0.0006
1.2736 -4.5231 0.0000
1.0905 -4.7546 0.0000
1.8196 -1.2323 0.0000
1.5498 -1.1344 0.0000
-0.2547 -3.3120 0.0000
-4.5267 -1.8792 0.0000
-4.7616 -2.0150 0.0000
-4.7537 -2.3081 0.0000
-3.9709 -0.6838 0.0000
-3.9269 -0.9599 0.0000
-3.9461 -1.2133 0.0000
-1.0041 0.5695 0.0193
-1.2562 0.6223 0.0018
-1.4769 0.6986 0.0001
-2.8313 0.4385 0.0000
-3.1106 0.3516 0.0000
2.5268 -0.9329 0.0000
2.3090 -1.1190 0.0000
-4.0837 2.7657 0.0000
-3.9659 -1.4714 0.0000
1.3225 -0.2104 0.0023
-0.5846 2.7744 0.0000
-0.8289 2.6156 0.0000
-1.0759 2.7048 0.0000
-0.3710 -1.2155 0.0242
0.0391 1.1993 0.0395
0.1956 1.0089 0.0797
0.2713 0.9207 0.1030
0.2109 0.8638 0.1363
0.1487 0.9177 0.1190
0.0629 0.9421 0.1153
0.0833 0.8507 0.1583
-0.0167 0.8809 0.1481
4.7614 -4.7554 0.0000
0.9677 3.7859 0.0000
0.8834 3.5346 0.0000
2.9216 -2.3288 0.0000
2.8865 -2.5758 0.0000
2.6271 -2.5614 0.0000
-0.5150 -3.3040 0.0000
-0.6829 -3.5454 0.0000
-0.3439 1.9093 0.0005
1.7870 1.8746 0.0000
1.5228 1.8218 0.0000
0.0203 -3.0266 0.0000
-0.2371 -3.0618 0.0000
1.0866 4.7560 0.0000
-1.7427 3.5131 0.0000
-1.9976 3.3652 0.0000
-2.2022 -0.1375 0.0000
-2.2320 -0.3910 0.0000
-2.2492 -0.6420 0.0000
-3.2697 -2.7682 0.0000
-3.3983 -2.9766 0.0000
-0.2202 -3.8062 0.0000
-0.1079 -0.8786 0.1415
-0.1756 -0.9555 0.1006
-0.2827 -1.0067 0.0722
-0.2802 -0.8960 0.1115
-0.3612 -0.8976 0.0980
-0.4240 -1.0033 0.0576
-0.5987 -1.1317 0.0214
-2.2714 3.2556 0.0000
-2.5202 3.2927 0.0000
-2.5506 3.0654 0.0000
4.5224 1.5471 0.0000
4.3012 1.3860 0.0000
-3.3406 1.9535 0.0000
-3.5700 1.8127 0.0000
3.9587 1.7937 0.0000
3.8580 1.5134 0.0000
-2.2898 2.2009 0.0000
4.2640 -1.4567 0.0000
4.0108 -1.3429 0.0000
3.7606 -1.5023 0.0000
3.5616 -1.7470 0.0000
-0.1135 -3.5589 0.0000
-0.4009 -3.5665 0.0000
-0.3291 4.5385 0.0000
-0.6410 4.5259 0.0000
0.4695 4.7436 0.0000
0.2935 4.5344 0.0000
-4.5078 1.8144 0.0000
-4.7614 1.7046 0.0000
1.2299 4.5026 0.0000
0.4323 -0.0488 0.4569
0.3583 -0.1124 0.5159
0.3374 -0.1899 0.5103
0.4080 -0.2338 0.4349
0.3693 -0.3269 0.4225
0.2586 -0.1656 0.5778
0.1719 -0.2029 0.6106
0.3074 -0.2664 0.4987
0.2336 -0.2523 0.5531
0.1905 -0.3183 0.5342
0.1074 -0.3560 0.5342
-0.4978 1.0058 0.0561
-0.4812 0.8717 0.0955
-0.5530 0.8078 0.0965
4.5195 4.7700 0.0000
4.7625 4.5128 0.0000
-3.2075 0.8650 0.0000
-3.3176 0.6273 0.0000
-3.3569 0.3774 0.0000
-2.9986 4.7811 0.0000
3.9488 2.5601 0.0000
3.8622 2.3061 0.0000
3.5703 2.2428 0.0000
3.2908 2.1611 0.0000
-4.2341 -4.7591 0.0000
-0.0414 -2.4970 0.0000
-0.3402 -2.5616 0.0000
1.8861 -1.5156 0.0000
1.8053 -1.7435 0.0000
-4.0515 1.7359 0.0000
-3.2412 3.3705 0.0000
-3.3216 3.1211 0.0000
-2.4750 -0.2298 0.0000
-2.4997 -0.5175 0.0000
-2.6945 -0.6980 0.0000
-0.5009 1.6674 0.0017
-0.7040 1.4764 0.0025
-0.4711 1.3553 0.0120
-0.6357 1.2290 0.0132
-0.7019 1.0660 0.0211
-0.9915 1.5629 0.0002
-1.2224 1.3939 0.0001
1.0133 -2.2884 0.0000
0.8698 -2.5301 0.0000
0.7282 -2.7646 0.0000
3.8680 0.4510 0.0000
3.6225 0.2904 0.0000
3.4091 0.0539 0.0000
3.6839 0.0002 0.0000
3.4640 -0.2098 0.0000
-4.3032 2.9497 0.0000
-4.5545 2.8303 0.0000
1.4353 2.3188 0.0000
1.6124 -2.7856 0.0000
1.3209 -2.7955 0.0000
1.1617 -2.5450 0.0000
-1.1978 2.9554 0.0000
4.7292 0.4651 0.0000
-2.2762 1.9229 0.0000
-2.5379 1.8038 0.0000
-2.8470 -4.1860 0.0000
-3.0340 -4.4375 0.0000
-3.2659 -4.4980 0.0000
-3.2396 -4.7452 0.0000
-3.5047 -4.7569 0.0000
4.7470 -3.2752 0.0000
2.2813 3.4700 0.0000
2.1314 3.3113 0.0000
1.8593 3.2294 0.0000
-4.3364 2.6506 0.0000
-1.2671 -3.1790 0.0000
-1.4942 -3.2140 0.0000
-1.4772 -3.4613 0.0000
-1.7239 -3.4390 0.0000
-1.7611 -3.7213 0.0000
-3.6397 -2.9369 0.0000
-3.6784 -3.2029 0.0000
0.4282 0.7152 0.1596
0.3589 0.6489 0.2186
0.2773 0.5830 0.2918
0.2668 0.6791 0.2299
0.1874 0.6099 0.3009
0.2009 0.5139 0.3716
0.4956 0.6649 0.1592
0.4378 0.6038 0.2124
0.3636 0.5487 0.2784
0.2906 0.4853 0.3563
0.2227 0.4169 0.4389
0.1285 0.4453 0.4504
0.1088 0.5408 0.3752
0.1615 0.3466 0.5180
0.0272 0.4710 0.4468
0.0679 0.3739 0.5230
0.0157 0.2960 0.5891
2.3569 4.4557 0.0000
2.2438 4.7304 0.0000
-0.7768 -2.7379 0.0000
-0.9718 -2.9736 0.0000
2.0339 -4.7593 0.0000
-2.2469 -3.2352 0.0000
-2.4917 -3.3469 0.0000
4.0421 4.5474 0.0000
3.7627 4.4916 0.0000
3.9679 4.2794 0.0000
3.6858 4.1981 0.0000
-2.2946 -2.9503 0.0000
1.8811 1.0978 0.0000
1.7602 0.8281 0.0000
-1.6949 -0.3074 0.0000
-1.7241 -0.5816 0.0000
-2.9310 -0.8163 0.0000
-2.6513 -2.2819 0.0000
-2.6530 -2.5701 0.0000
-2.3289 4.7873 0.0000
-2.4924 4.6073 0.0000
2.9225 -0.8967 0.0000
2.7678 -1.0748 0.0000
-0.9690 3.6823 0.0000
-1.1716 3.5165 0.0000
-1.2856 3.2363 0.0000
-1.5544 3.2723 0.0000
2.2466 0.3700 0.0000
2.0207 0.3275 0.0000
3.9527 -4.2370 0.0000
3.9711 -4.4832 0.0000
-3.8471 1.8917 0.0000
-1.2606 -3.9597 0.0000
-1.4059 -4.2252 0.0000
4.3480 4.5915 0.0000
4.2440 4.3821 0.0000
4.2102 2.6572 0.0000
4.1935 2.3570 0.0000
4.0443 2.1017 0.0000
-2.1181 3.9568 0.0000
1.6697 1.5790 0.0000
1.4170 1.5478 0.0000
1.7213 -4.2929 0.0000
1.4493 -4.3021 0.0000
4.1298 1.5705 0.0000
4.0290 1.2671 0.0000
3.7120 1.2666 0.0000
1.4160 1.2987 0.0001
1.1238 1.2562 0.0011
4.7539 2.3621 0.0000
-4.4529 -1.1625 0.0000
-4.4766 -1.3979 0.0000
2.9299 3.1696 0.0000
2.9044 2.8968 0.0000
2.6473 2.8725 0.0000
2.8233 2.6254 0.0000
2.6913 2.3854 0.0000
1.1006 3.0042 0.0000
0.8311 3.0529 0.0000
-4.1134 3.3970 0.0000
-4.0557 3.0905 0.0000
1.9163 -0.4264 0.0000
1.7063 -0.6304 0.0000
-3.1520 -1.0611 0.0000
-3.4169 -1.2200 0.0000
-1.8749 -2.5730 0.0000
-2.0852 -2.7554 0.0000
-3.1914 -2.5364 0.0000
4.7562 -0.7965 0.0000
4.5176 -0.7805 0.0000
0.5256 -1.4172 0.0074
0.2791 -1.5050 0.0077
4.1645 -3.3478 0.0000
3.9201 -3.3862 0.0000
3.7186 -3.5474 0.0000
-0.8798 0.2135 0.0794
-0.8964 0.1018 0.0786
-0.9799 -0.0215 0.0493
-0.7726 -0.0681 0.1516
-0.8488 -0.0819 0.1048
-0.7209 -0.1351 0.1845
-0.8000 -0.1716 0.1283
-0.9149 -0.1662 0.0712
-0.9684 -0.2976 0.0473
-1.1541 -0.1644 0.0138
-1.1798 -0.4313 0.0092
-2.2383 -1.9071 0.0000
-2.4800 -2.0474 0.0000
-0.9526 -4.0154 0.0000
-1.1146 -4.2421 0.0000
3.7260 -4.7062 0.0000
2.6022 0.7551 0.0000
-2.5421 -3.1052 0.0000
-1.7859 2.2234 0.0000
-2.0552 2.3344 0.0000
3.2326 4.5392 0.0000
-4.2424 -1.6916 0.0000
-4.2833 -1.9494 0.0000
2.1350 -3.9725 0.0000
2.0068 -4.2454 0.0000
1.8741 -4.5202 0.0000
-3.4419 2.1785 0.0000
-1.0904 4.7546 0.0000
4.1165 0.6323 0.0000
4.1290 0.3608 0.0000
-3.5704 2.9848 0.0000
-3.8021 3.1362 0.0000
-0.5996 3.5738 0.0000
-0.8100 3.4725 0.0000
-0.7355 3.2261 0.0000
-1.0116 3.3688 0.0000
-1.0048 3.1508 0.0000
0.9297 2.7617 0.0000
0.6723 2.7908 0.0000
0.4497 2.6656 0.0000
1.1605 0.7801 0.0053
0.8699 0.7848 0.0303
0.7577 0.6736 0.0683
0.7044 0.5907 0.1032
0.8576 0.5618 0.0575
0.7381 0.5101 0.1083
0.7980 0.4242 0.0983
0.6926 0.4279 0.1499
2.0294 -1.8263 0.0000
1.9793 -2.0539 0.0000
0.6226 -3.5268 0.0000
0.3969 -3.7368 0.0000
-1.0203 -3.7452 0.0000
-1.2471 -3.6745 0.0000
0.5890 4.1117 0.0000
-1.2605 1.6719 0.0000
-1.5153 1.4467 0.0000
-0.0573 -4.0348 0.0000
-0.3563 -4.0513 0.0000
-0.5049 -3.8089 0.0000
-0.6553 -4.0452 0.0000
2.7209 -3.9175 0.0000
2.4481 -3.9807 0.0000
2.5690 -4.2466 0.0000
0.7196 3.8798 0.0000
0.6698 3.6473 0.0000
1.5872 1.0625 0.0000
1.4553 0.7992 0.0004
-1.8421 4.5985 0.0000
0.5552 -1.1565 0.0251
0.7791 -1.2764 0.0053
-1.5502 -0.8233 0.0001
-1.6153 -1.0974 0.0000
-0.4799 4.7664 0.0000
-0.7906 4.7578 0.0000
-2.7440 -3.3984 0.0000
-2.9819 -3.5764 0.0000
-2.7588 -3.7145 0.0000
-2.9861 -3.8955 0.0000
-3.1125 -4.1695 0.0000
-3.3371 -4.2579 0.0000
4.5033 -4.7601 0.0000
4.2293 -4.7382 0.0000
2.4830 -1.6638 0.0000
2.2916 -1.8861 0.0000
-3.4029 0.1308 0.0000
-3.5307 -0.0677 0.0000
-3.7680 0.0572 0.0000
-1.9867 4.4074 0.0000
-1.9052 4.1392 0.0000
2.4908 4.7332 0.0000
1.9996 1.3694 0.0000
2.1751 1.1150 0.0000
3.8296 -1.8332 0.0000
-1.5107 2.9874 0.0000
-1.8177 2.8854 0.0000
-4.7535 -0.2157 0.0000
-4.7506 -0.4960 0.0000
4.2970 -3.1276 0.0000
0.1324 4.3133 0.0000
-0.0169 4.0793 0.0000
-0.3142 4.0684 0.0000
1.6862 4.7494 0.0000
-2.0924 2.7944 0.0000
-2.2161 2.5358 0.0000
-2.4317 2.3969 0.0000
-0.4195 0.5864 0.2438
-0.4381 0.4844 0.2892
-0.4637 0.3857 0.3221
-0.5530 0.3623 0.2642
-0.5356 0.4547 0.2401
-2.9011 0.1382 0.0000
-3.1663 0.0753 0.0000
-3.2748 -0.1640 0.0000
3.1330 0.1241 0.0000
2.8681 0.2315 0.0000
2.6593 0.0654 0.0000
2.9149 4.4744 0.0000
-1.6166 2.7048 0.0000
-1.8941 2.5699 0.0000
-3.7144 -1.6415 0.0000
-3.9958 -1.7283 0.0000
-1.0366 -0.9344 0.0075
0.2483 -1.0406 0.0759
0.1539 -1.1260 0.0564
-0.0217 -1.1589 0.0480
-0.1537 -1.3256 0.0192
4.7483 0.1572 0.0000
0.6458 1.3379 0.0065
0.4215 1.3613 0.0102
0.2584 1.1705 0.0362
-4.4898 2.1047 0.0000
-4.4909 -0.6218 0.0000
-4.7408 -0.7941 0.0000
4.2273 -3.5871 0.0000
3.9770 -3.6732 0.0000
4.0258 -3.9757 0.0000
3.7699 -3.8762 0.0000
3.7267 -4.1598 0.0000
-2.4100 -2.3689 0.0000
-1.3557 2.7109 0.0000
-1.6328 2.4496 0.0000
3.4935 1.9634 0.0000
3.4009 1.6930 0.0000
-3.8999 -2.9672 0.0000
-4.1641 -3.0987 0.0000
-1.2397 4.5021 0.0000
-0.1084 2.4173 0.0000
-0.3613 2.3781 0.0000
0.8353 1.1853 0.0073
0.7145 0.9937 0.0272
0.5129 1.1153 0.0290
4.7660 1.4092 0.0000
4.5363 1.2447 0.0000
-4.7647 0.8063 0.0000
-4.7310 0.5147 0.0000
-4.5091 3.7589 0.0000
-4.4739 3.4540 0.0000
-4.7468 3.5953 0.0000
-4.7501 3.2986 0.0000
4.2917 -1.7435 0.0000
4.3533 -2.0272 0.0000
4.2058 -2.2740 0.0000
3.7046 -4.4494 0.0000
-3.9749 0.2186 0.0000
-4.0223 3.9207 0.0000
-4.2403 3.6526 0.0000
1.9103 1.6275 0.0000
1.7063 1.3346 0.0000
-3.9542 3.6460 0.0000
1.3208 3.1330 0.0000
1.4201 2.8900 0.0000
1.1947 2.7568 0.0000
-2.6791 4.4431 0.0000
-2.6937 4.1798 0.0000
0.3021 -2.9814 0.0000
0.2470 -3.2264 0.0000
0.0047 -3.2972 0.0000
2.9441 -4.7063 0.0000
-3.2858 -3.9522 0.0000
-3.5296 -4.0467 0.0000
-3.5924 -4.2902 0.0000
-3.7702 -4.5130 0.0000
2.1956 -2.1469 0.0000
0.5304 -3.9968 0.0000
0.3875 -4.2508 0.0000
0.0979 -4.2636 0.0000
-2.2708 0.6183 0.0000
-2.5532 0.5342 0.0000
-1.7077 0.7548 0.0000
-1.7699 0.4814 0.0000
-1.8988 0.9801 0.0000
-2.1816 0.8962 0.0000
-1.9836 0.6906 0.0000
-2.0535 0.4098 0.0000
-0.0132 -0.4528 0.4637
-0.0515 -0.5360 0.3888
-0.1492 -0.5459 0.3616
-0.0934 -0.6230 0.3110
-0.1919 -0.6330 0.2824
-0.2473 -0.5603 0.3192
-0.3590 -0.5594 0.2735
-0.2335 -0.7140 0.2161
-0.2690 -0.8015 0.1575
-0.3591 -0.8151 0.1317
-0.3004 -0.6329 0.2493
-0.4103 -0.6428 0.2025
-0.4996 -0.6897 0.1469
-0.3355 -0.7205 0.1850
-0.4295 -0.7491 0.1434
-0.4507 -0.8518 0.0976
1.7683 -0.9336 0.0000
-1.4175 4.2790 0.0000
-3.5596 -3.7608 0.0000
-3.7772 -3.9794 0.0000
-3.8316 -4.2262 0.0000
-4.0389 -3.9294 0.0000
-4.0707 -4.1779 0.0000
-4.0385 -4.4516 0.0000
-4.2789 -4.5042 0.0000
1.5567 -0.0661 0.0002
-2.4069 -1.1193 0.0000
-2.4281 -1.4170 0.0000
-2.6859 -1.5554 0.0000
1.3449 -3.2814 0.0000
1.1850 -3.0376 0.0000
1.0424 -3.2767 0.0000
0.9008 -3.5255 0.0000
-1.0170 -3.2166 0.0000
-1.2191 -3.4368 0.0000
-0.4387 2.1598 0.0001
-0.6823 2.2492 0.0000
-2.6442 -0.9764 0.0000
-2.8739 -1.0462 0.0000
3.7360 3.0165 0.0000
-3.0313 3.2132 0.0000
-2.8137 3.0475 0.0000
-3.0899 2.9346 0.0000
-4.1699 -2.2366 0.0000
-4.1785 -2.5511 0.0000
-4.4050 -2.3867 0.0000
-4.6312 -2.5008 0.0000
-4.4189 -2.6609 0.0000
-4.7848 -2.6703 0.0000
3.6910 -0.6300 0.0000
3.4544 -0.7456 0.0000
3.1867 -0.7940 0.0000
3.0957 -1.0822 0.0000
-1.8464 3.8560 0.0000
1.9348 4.2168 0.0000
1.6440 4.2473 0.0000
-2.8856 -2.3764 0.0000
-2.9622 -2.6312 0.0000
-1.4968 1.9458 0.0000
-1.5090 1.7082 0.0000
-1.7627 1.6128 0.0000
3.2172 4.0006 0.0000
4.7489 -2.6536 0.0000
2.6853 -0.2144 0.0000
2.6995 -0.4812 0.0000
2.4551 -0.6400 0.0000
2.7459 4.7353 0.0000
-3.2957 4.7689 0.0000
-3.4234 4.5197 0.0000
-3.5975 4.7514 0.0000
-3.7254 4.4834 0.0000
1.8399 -0.1525 0.0000
-0.9123 2.3679 0.0000
-1.1276 2.4659 0.0000
-1.1960 2.1923 0.0000
-1.2558 1.9486 0.0000
0.0029 3.5996 0.0000
-0.1636 3.4023 0.0000
-0.4690 3.3365 0.0000
2.3930 -2.3824 0.0000
2.3234 -2.6532 0.0000
1.0485 1.9979 0.0000
0.7617 1.9583 0.0001
-2.9380 -1.2945 0.0000
-3.1931 -1.3850 0.0000
-3.2122 -1.6795 0.0000
-4.0353 -1.9813 0.0000
-4.4993 -2.1601 0.0000
4.4964 0.2858 0.0000
4.2539 0.1537 0.0000
3.4764 -1.4926 0.0000
3.2646 -1.6487 0.0000
-3.8951 4.7382 0.0000
-4.1884 4.7461 0.0000
-4.2757 4.4891 0.0000
-4.5450 4.4233 0.0000
-4.7472 4.2208 0.0000
-2.9835 -0.1897 0.0000
-3.2030 -0.4360 0.0000
-3.4409 -0.6292 0.0000
-2.3187 2.9962 0.0000
-2.3772 2.7476 0.0000
-2.6327 2.8273 0.0000
-2.5726 2.5836 0.0000
-2.8799 2.7445 0.0000
3.3114 2.4174 0.0000
3.0093 2.3761 0.0000
3.0467 2.0948 0.0000
-0.2895 2.8792 0.0000
-0.3412 2.6254 0.0000
-1.6313 4.0643 0.0000
4.4692 -3.3974 0.0000
2.1863 -0.5201 0.0000
1.9781 -0.7273 0.0000
