5.0000 5.0000 0.0000
0.0000 5.0000 0.0000
2.5000 5.0000 0.0000
3.7500 5.0000 0.0000
4.3750 5.0000 0.0000
4.6875 5.0000 0.0000
4.0625 5.0000 0.0000
3.1250 5.0000 0.0000
3.4375 5.0000 0.0000
2.8125 5.0000 0.0000
1.2500 5.0000 0.0000
1.8750 5.0000 0.0000
2.1875 5.0000 0.0000
1.5625 5.0000 0.0000
0.6250 5.0000 0.0000
0.9375 5.0000 0.0000
0.3125 5.0000 0.0000
-2.5000 5.0000 0.0000
-1.2500 5.0000 0.0000
-0.6250 5.0000 0.0000
-0.3125 5.0000 0.0000
-0.9375 5.0000 0.0000
-1.8750 5.0000 0.0000
-1.5625 5.0000 0.0000
-2.1875 5.0000 0.0000
-3.7500 5.0000 0.0000
-3.1250 5.0000 0.0000
-2.8125 5.0000 0.0000
-3.4375 5.0000 0.0000
-4.3750 5.0000 0.0000
-4.0625 5.0000 0.0000
-4.6875 5.0000 0.0000
5.0000 -5.0000 0.0000
5.0000 0.0000 0.0000
5.0000 -2.5000 0.0000
5.0000 -3.7500 0.0000
5.0000 -4.3750 0.0000
5.0000 -4.6875 0.0000
5.0000 -4.0625 0.0000
5.0000 -3.1250 0.0000
5.0000 -3.4375 0.0000
5.0000 -2.8125 0.0000
5.0000 -1.2500 0.0000
5.0000 -1.8750 0.0000
5.0000 -2.1875 0.0000
5.0000 -1.5625 0.0000
5.0000 -0.6250 0.0000
5.0000 -0.9375 0.0000
5.0000 -0.3125 0.0000
5.0000 2.5000 0.0000
5.0000 1.2500 0.0000
5.0000 0.6250 0.0000
5.0000 0.3125 0.0000
5.0000 0.9375 0.0000
5.0000 1.8750 0.0000
5.0000 1.5625 0.0000
5.0000 2.1875 0.0000
5.0000 3.7500 0.0000
5.0000 3.1250 0.0000
5.0000 2.8125 0.0000
5.0000 3.4375 0.0000
5.0000 4.3750 0.0000
5.0000 4.0625 0.0000
5.0000 4.6875 0.0000
-5.0000 -5.0000 0.0000
0.0000 -5.0000 0.0000
-2.5000 -5.0000 0.0000
-3.7500 -5.0000 0.0000
-4.3750 -5.0000 0.0000
-4.6875 -5.0000 0.0000
-4.0625 -5.0000 0.0000
-3.1250 -5.0000 0.0000
-3.4375 -5.0000 0.0000
-2.8125 -5.0000 0.0000
-1.2500 -5.0000 0.0000
-1.8750 -5.0000 0.0000
-2.1875 -5.0000 0.0000
-1.5625 -5.0000 0.0000
-0.6250 -5.0000 0.0000
-0.9375 -5.0000 0.0000
-0.3125 -5.0000 0.0000
2.5000 -5.0000 0.0000
1.2500 -5.0000 0.0000
0.6250 -5.0000 0.0000
0.3125 -5.0000 0.0000
0.9375 -5.0000 0.0000
1.8750 -5.0000 0.0000
1.5625 -5.0000 0.0000
2.1875 -5.0000 0.0000
3.7500 -5.0000 0.0000
3.1250 -5.0000 0.0000
2.8125 -5.0000 0.0000
3.4375 -5.0000 0.0000
4.3750 -5.0000 0.0000
4.0625 -5.0000 0.0000
4.6875 -5.0000 0.0000
-5.0000 5.0000 0.0000
-5.0000 0.0000 0.0000
-5.0000 2.5000 0.0000
-5.0000 3.7500 0.0000
-5.0000 4.3750 0.0000
-5.0000 4.6875 0.0000
-5.0000 4.0625 0.0000
-5.0000 3.1250 0.0000
-5.0000 3.4375 0.0000
-5.0000 2.8125 0.0000
-5.0000 1.2500 0.0000
-5.0000 1.8750 0.0000
-5.0000 2.1875 0.0000
-5.0000 1.5625 0.0000
-5.0000 0.6250 0.0000
-5.0000 0.9375 0.0000
-5.0000 0.3125 0.0000
-5.0000 -2.5000 0.0000
-5.0000 -1.2500 0.0000
-5.0000 -0.6250 0.0000
-5.0000 -0.3125 0.0000
-5.0000 -0.9375 0.0000
-5.0000 -1.8750 0.0000
-5.0000 -1.5625 0.0000
-5.0000 -2.1875 0.0000
-5.0000 -3.7500 0.0000
-5.0000 -3.1250 0.0000
-5.0000 -2.8125 0.0000
-5.0000 -3.4375 0.0000
-5.0000 -4.3750 0.0000
-5.0000 -4.0625 0.0000
-5.0000 -4.6875 0.0000
-3.0308 -1.5614 0.0000
-3.0429 -2.0291 0.0000
-3.3327 -2.0264 0.0000
4.7711 -4.2314 0.0000
4.5700 -4.4288 0.0000
-2.9068 -0.0360 0.0000
-1.1722 -2.2615 0.0000
-1.2448 -2.5140 0.0000
-1.2238 -2.8083 0.0000
-1.4574 -2.6747 0.0000
-1.4891 -2.9571 0.0000
3.7687 3.1247 0.0000
3.7823 -2.8723 0.0000
4.0326 -2.4684 0.0000
3.8109 -2.5962 0.0000
4.0499 1.9192 0.0000
4.0013 1.6262 0.0000
4.3005 -1.6574 0.0000
4.4409 -1.9017 0.0000
4.0964 -1.8320 0.0000
-4.7532 -1.3852 0.0000
-4.7540 -1.6748 0.0000
-4.7577 -1.9532 0.0000
0.3586 3.9860 0.0000
-3.8952 -3.7138 0.0000
4.2349 -0.6166 0.0000
3.9718 -0.7269 0.0000
3.7334 -0.8376 0.0000
2.0070 -2.8715 0.0000
-3.4623 2.6950 0.0000
2.5260 1.7755 0.0000
-2.1070 -4.0392 0.0000
-2.3046 -3.9211 0.0000
-2.4730 -4.0880 0.0000
1.2058 3.3489 0.0000
1.0214 3.1352 0.0000
0.8416 2.9260 0.0000
2.3342 3.9564 0.0000
-3.3211 -4.5042 0.0000
-3.5727 -4.7255 0.0000
2.5892 0.1590 0.0000
-4.0263 2.3216 0.0000
3.8977 3.7283 0.0000
3.6036 3.7487 0.0000
0.4109 -0.6165 0.2314
0.4697 -0.6859 0.1716
0.4393 -0.7882 0.1376
0.2871 -0.7327 0.2077
1.3842 -1.4544 0.0000
1.0790 -1.8473 0.0000
-1.2388 -3.3977 0.0000
3.2676 -0.9231 0.0000
-4.1922 -0.2450 0.0000
-3.9844 -0.3751 0.0000
-4.1216 -0.5831 0.0000
3.5979 4.7549 0.0000
4.7621 3.9080 0.0000
4.4996 3.7824 0.0000
-3.4735 4.4895 0.0000
-2.7530 -1.5397 0.0000
-2.8942 -1.0427 0.0000
-1.3676 0.7673 0.0003
4.4975 4.3256 0.0000
0.0928 2.9098 0.0000
-0.0179 3.1615 0.0000
-0.1657 2.8889 0.0000
4.7485 -1.7524 0.0000
4.7349 -2.0360 0.0000
1.7224 4.7499 0.0000
1.2572 1.4496 0.0002
-0.0345 0.7485 0.2275
-0.1347 0.6042 0.3281
-0.1476 0.5014 0.4081
-0.2316 0.4577 0.4158
-0.3121 0.4142 0.4071
-0.3262 0.3098 0.4619
-0.3912 0.3721 0.3819
-0.4531 0.3202 0.3607
-0.4047 0.2538 0.4290
-0.5428 0.3295 0.2843
-0.5011 0.2380 0.3511
-0.4865 0.1554 0.3874
0.3060 -0.4674 0.3748
0.2106 -0.4910 0.3983
0.1676 -0.3142 0.5459
0.1546 -0.4016 0.4862
0.1177 -0.4722 0.4383
0.2106 -0.5824 0.3287
0.1332 -0.5646 0.3598
0.0293 -0.4310 0.4828
0.0415 -0.5316 0.3966
0.0614 -0.6227 0.3205
-0.0327 -0.6105 0.3284
-0.1103 -0.6770 0.2669
0.1365 -0.6620 0.2837
0.0154 -0.6900 0.2689
0.0224 -0.7973 0.1956
-0.0445 -0.7382 0.2309
-1.3496 -2.0359 0.0000
-1.6292 -2.0790 0.0000
-1.4635 -2.3241 0.0000
-1.7857 -2.3213 0.0000
-2.9730 3.5049 0.0000
-4.7301 -0.4654 0.0000
3.0887 -4.5610 0.0000
2.9590 -4.7688 0.0000
-3.6049 -3.7338 0.0000
-0.7640 3.9435 0.0000
-0.9201 3.6898 0.0000
-1.1097 3.4707 0.0000
-2.3682 1.2493 0.0000
3.3046 -0.2139 0.0000
-0.9065 -4.7497 0.0000
0.9231 0.3198 0.0602
0.7860 0.2268 0.1316
0.7320 0.1512 0.1750
3.0025 3.7554 0.0000
-4.0533 -1.8486 0.0000
-4.2853 -1.9809 0.0000
-4.5265 -2.1189 0.0000
-4.7741 -2.2014 0.0000
-4.5107 -2.3861 0.0000
-4.7453 -2.4258 0.0000
3.0227 3.2415 0.0000
-2.0399 -4.7589 0.0000
-3.4652 2.1865 0.0000
-3.7534 2.2360 0.0000
-0.5033 -1.9450 0.0002
-0.6160 -2.2213 0.0000
-0.8396 -2.1203 0.0000
-0.9424 -2.3519 0.0000
-0.6422 2.5618 0.0000
-3.1924 -1.7889 0.0000
-3.4969 -1.7716 0.0000
-3.5941 -2.0144 0.0000
-3.8282 -1.9487 0.0000
4.1941 -0.9109 0.0000
3.9180 -1.0341 0.0000
3.6844 -1.1737 0.0000
-0.0189 -3.2182 0.0000
-0.2419 -3.3926 0.0000
-2.2184 -3.3665 0.0000
-2.2191 -3.6658 0.0000
-2.4859 -3.7544 0.0000
0.5009 1.7027 0.0011
-2.6167 -1.8217 0.0000
-1.2958 4.4810 0.0000
-1.5743 4.5222 0.0000
-0.7476 -3.4201 0.0000
0.9527 2.0782 0.0000
-1.7631 -4.0148 0.0000
-1.9753 -4.2512 0.0000
-1.8889 -4.5172 0.0000
-4.5182 1.2188 0.0000
4.7518 -3.4586 0.0000
-1.8649 4.5821 0.0000
-4.7226 1.7195 0.0000
4.7561 -2.9351 0.0000
4.7488 -3.2116 0.0000
0.7529 -3.1795 0.0000
1.1680 2.5264 0.0000
0.9445 2.3531 0.0000
0.5984 -1.8532 0.0003
0.3621 -2.0118 0.0002
0.8037 0.3071 0.1122
0.7071 0.3130 0.1674
0.7017 0.2331 0.1860
0.6245 0.2203 0.2475
0.6486 0.1312 0.2426
0.5501 0.1682 0.3233
0.4764 0.1075 0.4047
0.4085 0.0518 0.4777
0.4002 -0.0338 0.4879
0.3218 0.0444 0.5560
0.3109 -0.0502 0.5656
0.5695 0.0750 0.3201
0.5870 -0.0125 0.3072
0.4918 0.0052 0.3999
0.5090 -0.0810 0.3786
0.4310 -0.1103 0.4496
0.3453 -0.1264 0.5232
-2.8976 -1.2869 0.0000
2.1512 3.1422 0.0000
1.8734 3.2398 0.0000
-3.6877 3.9286 0.0000
1.5828 -0.5860 0.0000
-3.4772 3.4661 0.0000
2.8125 -1.2655 0.0000
-2.4971 -1.5842 0.0000
-4.4807 -2.8917 0.0000
-4.4639 -3.1633 0.0000
-4.6904 -3.1534 0.0000
-4.7686 -3.3363 0.0000
4.0859 3.5165 0.0000
3.9350 3.3173 0.0000
2.9456 -3.9399 0.0000
3.4230 -0.4597 0.0000
3.2095 -0.6410 0.0000
2.6128 -0.4279 0.0000
4.5135 -4.1368 0.0000
4.2225 -4.0418 0.0000
4.0757 -4.2554 0.0000
2.3218 0.9944 0.0000
2.3693 0.7037 0.0000
2.1906 0.5228 0.0000
1.9550 0.5069 0.0000
2.1098 0.2494 0.0000
-2.5533 3.9912 0.0000
-2.7721 3.7911 0.0000
-3.0072 3.7514 0.0000
4.7758 2.9318 0.0000
-0.4212 1.0128 0.0658
-0.8864 0.7555 0.0251
-3.4483 -0.5119 0.0000
-3.3299 -0.7752 0.0000
-3.6165 -0.7275 0.0000
-3.4869 -0.9987 0.0000
0.7268 0.6809 0.0753
0.6853 0.5783 0.1137
0.6192 0.6524 0.1178
0.5893 0.5616 0.1613
0.5004 0.5321 0.2186
1.3205 4.3857 0.0000
3.5294 -1.0009 0.0000
3.3537 -1.2255 0.0000
0.7933 4.7527 0.0000
-2.0373 -0.7241 0.0000
1.4165 3.5325 0.0000
-1.3919 -4.4272 0.0000
-1.4187 -4.7334 0.0000
-1.7336 -4.7698 0.0000
3.0788 -2.3061 0.0000
2.8161 -2.4725 0.0000
2.8451 -2.7676 0.0000
2.5760 -2.7197 0.0000
2.2261 -2.3498 0.0000
1.9274 -2.3665 0.0000
2.0563 -2.6212 0.0000
4.7197 3.1335 0.0000
3.1974 -3.7696 0.0000
0.2028 4.7521 0.0000
-2.1251 -1.2700 0.0000
-2.2067 -1.5469 0.0000
-0.3753 4.3439 0.0000
-0.5444 4.1299 0.0000
2.9923 -0.8068 0.0000
2.7694 -0.9820 0.0000
3.3398 -4.4702 0.0000
-4.2748 -0.7843 0.0000
-4.2265 -4.7750 0.0000
3.5760 2.0139 0.0000
-2.9373 -3.8380 0.0000
-2.8587 -4.1382 0.0000
-2.8872 -1.7959 0.0000
0.6553 0.4905 0.1522
0.5704 0.4640 0.2089
0.4858 0.4380 0.2731
0.5068 0.3549 0.2972
0.6706 0.4000 0.1696
0.5842 0.3841 0.2303
0.6168 0.3081 0.2314
0.5335 0.2666 0.3102
0.4363 0.2959 0.3781
0.4564 0.1999 0.3995
0.3712 0.1380 0.4944
0.3376 0.3216 0.4384
0.3687 0.2362 0.4598
0.2947 0.2070 0.5297
0.2690 0.1179 0.5823
0.2055 0.0661 0.6365
2.8937 -0.5571 0.0000
2.6857 -0.7128 0.0000
2.4069 -0.5995 0.0000
-3.0489 0.4642 0.0000
-3.1095 0.2029 0.0000
-3.1823 -0.0692 0.0000
-3.5781 2.4547 0.0000
-3.9752 3.8786 0.0000
0.6991 -2.4488 0.0000
2.1466 3.7255 0.0000
1.9110 3.5813 0.0000
1.6961 3.4149 0.0000
-2.1987 3.6536 0.0000
-2.4132 3.4702 0.0000
0.9694 -2.9506 0.0000
1.0344 -3.2268 0.0000
3.5962 -4.7591 0.0000
1.6934 -4.7622 0.0000
1.4218 4.7435 0.0000
1.2334 4.5819 0.0000
-4.5301 2.8515 0.0000
-3.8795 0.2178 0.0000
2.8865 -3.0648 0.0000
3.8050 -1.6751 0.0000
3.6063 -1.9001 0.0000
-2.6537 -4.7321 0.0000
-3.6815 -1.2136 0.0000
0.9345 4.0289 0.0000
0.8447 3.7413 0.0000
0.6668 3.5034 0.0000
-3.7848 4.4211 0.0000
-4.0747 4.3400 0.0000
-1.7792 1.2677 0.0000
1.1560 -1.2906 0.0003
-0.4151 -4.7108 0.0000
-0.7433 -2.7948 0.0000
-0.2189 -0.7341 0.2068
-0.3194 -0.7399 0.1788
-0.2898 -0.8203 0.1439
-0.3305 -0.9125 0.0974
-0.3917 -0.8380 0.1151
-0.5006 -0.8451 0.0895
-0.4488 -0.9713 0.0624
-0.6010 -1.0849 0.0264
-0.8163 -1.0675 0.0135
-0.6226 -1.3147 0.0079
-0.8034 -1.3555 0.0034
-1.0141 -1.2508 0.0022
-4.4102 1.6940 0.0000
-4.5159 1.4903 0.0000
-4.7645 1.3973 0.0000
3.6054 -1.4231 0.0000
3.7262 1.5115 0.0000
-3.1439 -4.0220 0.0000
-3.0830 -4.3086 0.0000
-3.3615 -4.2131 0.0000
-2.6855 -0.2796 0.0000
-2.8450 -0.5377 0.0000
-2.9944 -0.2987 0.0000
-3.1327 -0.5544 0.0000
-0.0511 4.2117 0.0000
-0.2684 4.1142 0.0000
-0.2054 3.8848 0.0000
4.7550 1.7849 0.0000
4.7651 1.5613 0.0000
4.7193 1.3229 0.0000
4.5015 1.5271 0.0000
4.4436 1.1929 0.0000
3.1607 -3.1917 0.0000
2.9278 -3.3537 0.0000
-1.6772 0.1908 0.0000
-1.9035 0.0190 0.0000
-2.7034 3.5257 0.0000
-2.5563 3.2550 0.0000
-2.8141 3.2510 0.0000
-4.3332 -0.4663 0.0000
-0.1475 -4.2427 0.0000
-0.3995 -4.4026 0.0000
-3.3967 3.9673 0.0000
-1.5460 -0.3679 0.0002
-1.8545 -0.2712 0.0000
-2.0783 -0.4378 0.0000
-2.6341 0.7394 0.0000
-0.7083 -2.4817 0.0000
-0.9840 -2.6289 0.0000
-0.3460 3.6238 0.0000
-0.5024 3.3674 0.0000
-0.0781 4.7425 0.0000
-2.0443 1.2138 0.0000
-2.2157 1.0375 0.0000
0.3522 -2.5602 0.0000
2.9758 0.6004 0.0000
2.7625 0.3757 0.0000
1.1015 -1.5618 0.0001
0.8397 -1.6883 0.0003
0.8625 -1.9805 0.0000
-0.7632 1.8887 0.0001
-0.5837 1.7128 0.0010
-0.7553 1.5329 0.0014
0.9024 2.6441 0.0000
-4.1886 1.8616 0.0000
-4.1724 0.2360 0.0000
2.8709 4.0034 0.0000
2.6293 3.9271 0.0000
0.6221 2.7401 0.0000
0.3833 2.5738 0.0000
0.4259 2.2969 0.0000
0.1471 2.3920 0.0000
0.4460 2.0208 0.0001
0.1928 2.1060 0.0001
-0.0117 1.8768 0.0008
-1.2035 -3.9769 0.0000
-1.1680 -4.2452 0.0000
-1.4577 -4.1457 0.0000
1.2144 0.1068 0.0083
4.7636 -4.5341 0.0000
-2.2870 -4.2538 0.0000
-2.6249 -4.2626 0.0000
-2.4792 -4.4798 0.0000
-1.5158 1.7789 0.0000
2.6054 -1.7082 0.0000
-1.1033 0.3564 0.0141
-1.2448 3.1212 0.0000
-1.2491 2.8056 0.0000
4.2229 0.2691 0.0000
-4.4898 -4.7136 0.0000
-3.2877 4.7504 0.0000
-3.5656 4.7720 0.0000
-3.7356 4.6434 0.0000
4.2337 3.2613 0.0000
-1.0249 3.2388 0.0000
0.3656 -4.5030 0.0000
0.4174 -4.7588 0.0000
0.1311 -4.7123 0.0000
-0.1455 -4.7860 0.0000
3.8636 -0.2487 0.0000
0.6590 3.9939 0.0000
0.5271 3.7475 0.0000
1.2005 -0.7563 0.0021
0.8740 0.6447 0.0436
0.7687 0.5524 0.0873
0.7416 0.4715 0.1147
-3.4877 -2.2884 0.0000
-3.6704 -2.5110 0.0000
-3.9310 -2.6652 0.0000
-3.0965 1.4634 0.0000
-3.2404 1.2162 0.0000
-3.5140 1.2017 0.0000
-3.3779 0.9437 0.0000
0.6109 1.0343 0.0321
0.4390 0.8841 0.0891
0.3457 0.8439 0.1221
0.2803 0.7833 0.1648
4.7417 1.0624 0.0000
-1.2091 4.1927 0.0000
-1.0748 3.9428 0.0000
-1.4033 3.9355 0.0000
-1.2146 3.7070 0.0000
-1.4482 3.6102 0.0000
-1.6832 3.4855 0.0000
-0.8868 -1.5698 0.0007
-0.9614 -1.7864 0.0001
-1.2214 -1.7512 0.0000
-1.0675 -2.0196 0.0000
-3.5293 3.6981 0.0000
3.1075 -0.4046 0.0000
3.3270 1.8713 0.0000
3.7526 4.5059 0.0000
1.6026 3.9729 0.0000
1.3829 3.8150 0.0000
1.1640 1.8966 0.0000
1.0552 1.6146 0.0002
-4.3657 2.6585 0.0000
-4.5553 2.5019 0.0000
-4.7500 2.6627 0.0000
4.2588 -2.9237 0.0000
0.5346 -3.3970 0.0000
0.2555 -3.3211 0.0000
-2.4657 -3.4770 0.0000
-2.7233 -3.6349 0.0000
0.7016 -1.0685 0.0209
-3.1969 1.7221 0.0000
-3.7057 -3.1190 0.0000
3.9049 -1.3458 0.0000
4.4638 -0.7948 0.0000
1.1740 -4.5188 0.0000
3.9549 -3.9274 0.0000
3.4473 2.5031 0.0000
3.2283 2.4527 0.0000
-3.5414 3.2069 0.0000
-3.5966 2.9565 0.0000
-0.8767 2.4000 0.0000
4.7258 -3.6833 0.0000
1.8805 4.5046 0.0000
3.6574 2.9104 0.0000
3.4457 3.0423 0.0000
2.7230 3.2089 0.0000
2.4292 3.1973 0.0000
-2.6718 -3.9362 0.0000
3.3409 2.1848 0.0000
3.0525 2.2494 0.0000
-1.4848 -3.8603 0.0000
0.4158 0.7838 0.1321
0.3487 0.7317 0.1753
0.4040 0.6668 0.1923
0.3306 0.6341 0.2380
0.3412 0.5495 0.2883
0.2630 0.4953 0.3616
0.1871 0.4480 0.4292
0.1845 0.3596 0.4990
0.2511 0.2858 0.5159
0.2049 0.1920 0.5945
0.2615 0.6840 0.2283
0.2493 0.5890 0.2976
0.1719 0.5413 0.3590
0.0934 0.5339 0.3840
0.1024 0.4417 0.4601
0.0964 0.3503 0.5358
0.0516 0.2688 0.6042
0.1517 0.2702 0.5755
0.1002 0.1905 0.6399
0.0750 0.0931 0.6847
0.0053 0.1758 0.6624
-4.5091 -3.4352 0.0000
-4.7587 -3.6172 0.0000
-4.3900 -3.9237 0.0000
-4.7145 -3.9261 0.0000
-4.7654 -4.2216 0.0000
-4.3770 3.6064 0.0000
1.1814 -2.7026 0.0000
4.0524 0.4791 0.0000
3.8343 0.3548 0.0000
3.6285 0.2345 0.0000
3.8884 -4.7427 0.0000
0.6191 -0.6012 0.1372
0.5928 -0.4256 0.2125
0.5564 -0.5202 0.2001
0.5174 -0.6116 0.1831
0.5743 -0.6871 0.1284
0.5076 -0.7453 0.1326
4.1924 2.4643 0.0000
4.1026 2.2084 0.0000
-1.6879 3.7771 0.0000
0.3926 -2.8479 0.0000
-4.5034 -0.2736 0.0000
0.9688 4.5042 0.0000
1.0994 4.2525 0.0000
2.5814 -1.9873 0.0000
4.7634 -1.4484 0.0000
2.5458 2.0746 0.0000
-1.3244 -0.8731 0.0011
4.1573 -1.1952 0.0000
-4.3524 4.2327 0.0000
-4.5106 4.0514 0.0000
-3.2211 -3.1230 0.0000
-3.4714 -3.2720 0.0000
-3.4413 -3.5570 0.0000
0.0887 -3.7951 0.0000
-0.1622 -3.9557 0.0000
-0.1483 -4.5328 0.0000
-1.9811 2.0292 0.0000
-2.2583 2.0092 0.0000
0.8286 0.1284 0.1145
0.7551 0.0692 0.1639
0.6703 0.0392 0.2312
0.7627 -0.0192 0.1591
0.7630 -0.1121 0.1544
0.6737 -0.0625 0.2269
0.5898 -0.0988 0.2990
-4.0780 2.6253 0.0000
-4.2873 2.4016 0.0000
-0.9417 -0.5789 0.0357
-1.1174 -0.7104 0.0087
-1.5316 -0.6849 0.0002
-0.8278 1.2643 0.0043
-1.2355 1.2512 0.0002
-1.5885 1.0400 0.0000
-3.1938 -2.2620 0.0000
-3.3225 -2.4870 0.0000
-3.2025 -2.8136 0.0000
2.8234 4.5148 0.0000
3.9534 -3.3280 0.0000
-4.1010 3.1258 0.0000
-1.4758 -3.2592 0.0000
-0.4705 -0.5867 0.2064
-0.5574 -0.6657 0.1358
-0.3907 -0.6756 0.1921
-0.4744 -0.6695 0.1650
-0.4067 -0.7601 0.1449
-0.4870 -0.7520 0.1257
-0.5761 -0.7513 0.1005
-0.5062 -0.4977 0.2317
-0.5669 -0.5740 0.1671
-0.6415 -0.6397 0.1135
-0.6918 -0.7308 0.0743
2.4011 1.5613 0.0000
3.3035 3.7583 0.0000
-4.2544 -3.6235 0.0000
-4.5068 -3.7107 0.0000
1.3562 -4.2894 0.0000
1.0793 -4.2502 0.0000
0.8336 1.1287 0.0096
0.1082 -2.4692 0.0000
4.5126 0.9002 0.0000
-4.2223 4.7802 0.0000
-4.5161 4.7198 0.0000
2.6555 -3.2507 0.0000
2.6977 -3.5248 0.0000
2.4957 -3.7142 0.0000
-1.8538 -1.0977 0.0000
-1.8830 -1.3705 0.0000
-3.6954 0.0180 0.0000
-3.8379 -0.1773 0.0000
3.9822 0.1487 0.0000
0.5886 -2.6609 0.0000
0.6796 -2.9166 0.0000
3.1728 2.9771 0.0000
2.0010 -1.0739 0.0000
-0.1332 1.1867 0.0434
-0.1669 1.0656 0.0724
-0.1279 0.9837 0.1015
-0.2020 0.9510 0.1108
4.3102 4.0039 0.0000
4.3585 3.5698 0.0000
4.1843 3.7731 0.0000
-0.5551 1.3550 0.0094
-0.6020 1.0915 0.0286
-0.8194 0.9837 0.0164
-1.0358 1.1156 0.0021
-1.3395 1.0194 0.0002
-1.1097 0.8759 0.0031
-1.0939 0.6181 0.0084
-1.3353 0.5336 0.0010
-1.9677 -1.6063 0.0000
-2.0691 -1.8431 0.0000
-2.3273 -1.8131 0.0000
-2.4826 -2.0715 0.0000
-3.8032 3.6506 0.0000
-4.0977 3.6296 0.0000
4.7442 -3.9431 0.0000
2.6677 -4.7504 0.0000
2.3702 -4.7697 0.0000
3.3152 -1.5172 0.0000
3.1100 -1.7056 0.0000
0.7001 2.1703 0.0000
0.6582 1.8989 0.0002
-0.0535 2.1625 0.0001
-0.2774 2.0775 0.0002
-0.5274 2.0118 0.0001
1.7440 -0.1259 0.0000
0.4834 3.2851 0.0000
0.2686 3.1492 0.0000
0.8773 1.8251 0.0001
0.7348 1.5868 0.0011
3.4360 -3.9251 0.0000
3.3812 -4.2070 0.0000
0.0982 4.4919 0.0000
1.5618 1.4324 0.0000
4.7441 2.6459 0.0000
4.7457 2.3357 0.0000
4.7814 2.0384 0.0000
1.7909 4.1986 0.0000
-2.9932 2.4682 0.0000
1.4091 2.6968 0.0000
-1.3638 2.0307 0.0000
-2.1747 -4.5026 0.0000
-2.3467 -4.7462 0.0000
4.2754 -2.6319 0.0000
-0.2934 3.1351 0.0000
-0.5391 3.0895 0.0000
-0.4209 2.8355 0.0000
0.4682 -3.1207 0.0000
0.1901 -3.0349 0.0000
-1.0949 4.7239 0.0000
-1.3982 4.7542 0.0000
-1.7007 4.7784 0.0000
-2.0216 4.7814 0.0000
-2.1893 4.6235 0.0000
-2.2078 -2.0898 0.0000
1.2457 -3.0046 0.0000
-4.2454 2.1259 0.0000
-4.4863 1.9424 0.0000
3.3154 1.0799 0.0000
3.1333 0.8406 0.0000
4.0156 3.0405 0.0000
3.8886 2.8200 0.0000
-0.6969 2.8428 0.0000
-0.9328 2.6838 0.0000
1.7390 1.9993 0.0000
1.6468 1.7333 0.0000
-2.2722 3.9270 0.0000
-2.4878 3.7289 0.0000
1.9591 -1.3192 0.0000
1.8552 -1.5909 0.0000
3.8742 -4.1972 0.0000
-4.5132 -0.9368 0.0000
-4.7548 -1.0871 0.0000
-2.5505 4.5311 0.0000
-2.4767 4.2078 0.0000
3.4576 4.0040 0.0000
1.4102 -4.7725 0.0000
1.1347 -4.7556 0.0000
4.7206 -0.9322 0.0000
4.4363 -1.0850 0.0000
3.0486 1.1219 0.0000
2.8455 0.9297 0.0000
-2.3366 0.7241 0.0000
-2.4830 0.5023 0.0000
4.4839 -2.1862 0.0000
4.2565 -2.3483 0.0000
-4.7222 -2.6790 0.0000
-4.7589 -2.9521 0.0000
3.3944 -3.0394 0.0000
3.8661 -1.9941 0.0000
3.6007 -2.1400 0.0000
3.3476 -2.1498 0.0000
0.1380 -0.8254 0.1762
0.1231 -0.9292 0.1242
0.0432 -0.9802 0.1033
0.0171 -1.1169 0.0587
-0.0157 -0.9039 0.1354
-0.1451 -1.1103 0.0545
-0.0615 -0.8347 0.1690
-0.1233 -0.8923 0.1332
-0.0661 -0.9852 0.0975
-0.1296 -0.7740 0.1978
-0.1899 -0.8344 0.1542
-0.2372 -0.9073 0.1130
-0.1722 -0.9710 0.0950
-0.2864 -1.0355 0.0636
-0.3979 -1.1826 0.0270
0.8352 -0.5069 0.0649
0.7118 -0.5821 0.1000
-0.7560 -3.1124 0.0000
-3.0642 3.2191 0.0000
4.7599 0.1816 0.0000
4.5203 0.0735 0.0000
-4.3058 -4.4466 0.0000
-2.2641 0.3681 0.0000
-2.5303 0.2375 0.0000
-2.2859 0.0897 0.0000
-2.4341 -0.1102 0.0000
-2.6442 0.0105 0.0000
-3.9623 -3.2320 0.0000
-3.1885 -1.0599 0.0000
-3.1382 -1.3177 0.0000
-0.4772 3.8766 0.0000
-0.6374 3.6485 0.0000
-0.7954 3.4120 0.0000
1.8328 -3.1318 0.0000
-2.7893 0.9713 0.0000
-2.9302 0.7213 0.0000
-3.7643 -2.2319 0.0000
-4.0434 -2.1462 0.0000
-3.9666 -2.4065 0.0000
-4.1997 -2.5009 0.0000
4.7592 -2.6383 0.0000
4.5135 -2.7820 0.0000
-3.7252 -3.4409 0.0000
-4.0082 -1.5876 0.0000
-4.2716 -1.6772 0.0000
2.6047 -2.9774 0.0000
-2.0484 4.3960 0.0000
-2.2187 4.1598 0.0000
-0.1561 4.4474 0.0000
-0.0095 -1.7456 0.0019
0.0890 -2.0013 0.0003
-0.1916 -1.9690 0.0004
1.8301 0.6895 0.0000
1.6179 0.4952 0.0001
1.8328 0.3112 0.0000
1.4780 0.2724 0.0005
1.6899 0.1304 0.0000
1.4601 -0.0251 0.0006
4.4984 -3.0726 0.0000
2.4767 -0.8837 0.0000
4.1726 -2.1011 0.0000
3.9172 -2.2559 0.0000
4.4807 3.1148 0.0000
4.2503 2.9334 0.0000
-3.3228 2.9465 0.0000
1.5836 4.4871 0.0000
1.5069 4.2111 0.0000
-1.1282 -1.4828 0.0003
-1.4033 -1.5029 0.0000
2.5268 -1.1558 0.0000
2.5746 -1.4229 0.0000
2.8876 2.7657 0.0000
0.8787 -4.7409 0.0000
3.2748 0.5827 0.0000
3.0980 0.3685 0.0000
-0.6457 -0.8872 0.0517
-0.8658 -0.8061 0.0289
-1.0734 -0.9846 0.0050
-4.1959 -2.7727 0.0000
3.6081 4.2542 0.0000
-4.7825 4.7882 0.0000
-0.3328 0.9231 0.1071
-0.3822 0.8549 0.1248
-0.4545 0.9052 0.0910
-0.4817 0.8129 0.1158
-0.4809 0.7158 0.1543
-0.5665 0.6683 0.1383
-1.9247 -2.0870 0.0000
-2.0713 -2.3471 0.0000
3.5573 -2.8630 0.0000
3.6690 -2.3618 0.0000
3.5636 -2.6114 0.0000
3.3617 -2.4199 0.0000
3.0859 -2.5917 0.0000
2.7296 0.6672 0.0000
0.8182 -3.4505 0.0000
0.5985 -3.6761 0.0000
0.3770 -3.9178 0.0000
3.5469 1.7030 0.0000
3.3182 1.5733 0.0000
3.6961 -3.4573 0.0000
4.5102 4.7334 0.0000
-2.7671 -2.0644 0.0000
-2.8240 4.0519 0.0000
-3.1051 3.9981 0.0000
4.7352 -0.6815 0.0000
2.3225 -2.6008 0.0000
0.6610 4.5039 0.0000
0.8002 4.2624 0.0000
-2.1102 1.7645 0.0000
-2.3341 1.6590 0.0000
0.6671 2.4600 0.0000
-2.9299 -2.3053 0.0000
2.1266 -0.5137 0.0000
2.2013 -0.7820 0.0000
3.0549 -1.1012 0.0000
3.0804 -1.3875 0.0000
-1.6788 2.0239 0.0000
3.3230 -2.7258 0.0000
3.1217 -2.9004 0.0000
-4.5074 -0.6337 0.0000
-4.7563 -0.7776 0.0000
3.1441 4.5105 0.0000
-4.1518 4.0847 0.0000
-4.2849 3.8739 0.0000
-3.5590 -4.4140 0.0000
-2.6376 -2.3187 0.0000
1.4743 -2.5766 0.0000
1.4633 -2.8211 0.0000
-4.5348 3.4045 0.0000
-4.3981 3.1242 0.0000
2.2963 -2.0776 0.0000
2.0315 -2.0929 0.0000
-1.1483 2.5169 0.0000
-1.6100 0.7802 0.0000
-2.1144 0.5491 0.0000
-2.6511 1.2137 0.0000
-2.4786 0.9739 0.0000
-2.7556 0.4869 0.0000
-2.8240 0.2391 0.0000
1.1076 1.2401 0.0013
3.7491 3.4902 0.0000
3.5872 3.2708 0.0000
0.2166 4.2362 0.0000
4.0738 2.7004 0.0000
3.9058 2.4450 0.0000
4.7213 3.6091 0.0000
4.5140 3.3912 0.0000
-3.4004 1.4893 0.0000
-3.6864 1.4271 0.0000
-3.9359 1.4770 0.0000
-3.7943 1.1888 0.0000
-3.9696 0.9744 0.0000
-3.3104 3.1907 0.0000
2.8484 -1.5610 0.0000
2.8469 -1.8650 0.0000
-0.4782 -3.5522 0.0000
-0.7210 -3.7106 0.0000
0.0575 3.9618 0.0000
-0.0474 3.6573 0.0000
0.1272 3.4139 0.0000
-0.1829 3.3970 0.0000
2.1810 1.6530 0.0000
0.4208 1.4689 0.0055
0.4256 1.1983 0.0237
-3.9452 -2.9457 0.0000
4.3172 -4.3201 0.0000
4.0860 -4.5142 0.0000
4.1983 -4.7764 0.0000
-0.2739 1.0199 0.0803
-0.2559 0.8854 0.1337
-0.3031 0.8079 0.1632
-0.3965 0.7655 0.1605
-0.3145 0.7130 0.2121
-1.3455 3.3684 0.0000
-1.4713 3.0152 0.0000
-2.5143 1.4717 0.0000
4.7579 -0.1174 0.0000
4.4852 -0.5018 0.0000
-4.0479 1.2527 0.0000
-4.2605 1.0413 0.0000
-0.9386 1.7219 0.0001
-1.0684 1.9635 0.0000
-1.2246 1.7435 0.0000
3.8393 2.1309 0.0000
3.7921 1.8241 0.0000
0.2245 3.7242 0.0000
0.3750 3.5008 0.0000
2.2955 4.2439 0.0000
0.7553 -0.2213 0.1479
0.8291 -0.2893 0.0963
0.7264 -0.3171 0.1511
0.7976 -0.3923 0.0976
0.7360 -0.4886 0.1099
0.6930 -0.4096 0.1518
0.6479 -0.5047 0.1523
1.4502 -0.8577 0.0001
1.1842 -1.0152 0.0009
-0.4391 -3.8314 0.0000
-0.6834 -3.9836 0.0000
-0.9270 -4.0295 0.0000
2.9649 1.4648 0.0000
2.8322 1.2515 0.0000
2.5842 1.1223 0.0000
2.5693 0.8545 0.0000
2.5241 0.5064 0.0000
3.6082 -4.2751 0.0000
1.5806 0.8089 0.0001
1.2701 0.3922 0.0044
1.4885 -3.8243 0.0000
1.2743 -4.0269 0.0000
0.9797 0.1357 0.0490
0.8696 0.2140 0.0886
0.8632 0.0308 0.0980
0.8543 -0.0755 0.1005
4.3845 2.2990 0.0000
4.5618 2.1193 0.0000
4.3091 2.0105 0.0000
4.5250 1.8248 0.0000
4.2678 1.7157 0.0000
-0.5044 -2.6663 0.0000
0.2705 1.8150 0.0009
0.1730 1.5781 0.0046
1.9655 -3.6619 0.0000
1.7956 -3.9067 0.0000
0.3172 -3.6124 0.0000
3.3116 4.2583 0.0000
0.8556 -1.3995 0.0017
0.5797 -1.5712 0.0024
-2.9904 4.7593 0.0000
3.1619 4.0071 0.0000
3.8232 -4.4731 0.0000
0.6600 -0.2466 0.2130
0.6266 -0.3354 0.2169
0.5278 -0.3481 0.2893
0.4964 -0.4381 0.2742
0.4018 -0.4494 0.3312
0.4626 -0.5299 0.2508
0.3707 -0.5388 0.2957
0.2891 -0.5604 0.3184
-2.6839 4.7649 0.0000
1.1907 -3.7643 0.0000
0.8959 -3.7161 0.0000
0.9854 -3.9809 0.0000
0.8053 -4.2121 0.0000
2.5623 -0.1354 0.0000
2.3372 -0.3065 0.0000
-3.4432 -2.6768 0.0000
-3.6899 -2.8148 0.0000
-1.6903 -4.2885 0.0000
-1.6154 -4.5343 0.0000
-3.1591 2.7025 0.0000
-3.2980 2.4493 0.0000
-4.0771 -4.6034 0.0000
-2.3783 4.7613 0.0000
-2.3373 4.4201 0.0000
2.3786 0.3100 0.0000
2.2894 0.0026 0.0000
-3.8901 -4.7842 0.0000
-2.3593 -2.3370 0.0000
-2.5131 -2.5929 0.0000
2.8110 -0.0015 0.0000
2.8336 -0.2802 0.0000
-0.3492 -2.1790 0.0001
-0.3816 -2.4422 0.0000
-2.4646 1.8785 0.0000
-2.7334 1.9617 0.0000
3.6905 -3.1509 0.0000
-3.3565 0.4261 0.0000
-3.5868 0.2556 0.0000
1.6076 -3.3496 0.0000
1.3984 -3.5562 0.0000
1.0593 1.0076 0.0050
0.8184 0.8717 0.0288
-0.2028 -1.2746 0.0235
-0.4139 -1.4470 0.0064
-0.1426 -1.5131 0.0070
-0.3294 -1.7172 0.0015
-0.6262 -1.6321 0.0012
-0.7478 -1.8866 0.0001
0.5637 0.8773 0.0681
0.6579 0.7851 0.0706
0.5621 0.7210 0.1146
0.5077 0.7904 0.1060
0.5167 0.6306 0.1659
0.4676 0.7078 0.1503
0.4282 0.5899 0.2242
0.4119 0.4920 0.2885
0.3356 0.4439 0.3618
0.4041 0.3874 0.3544
0.2725 0.3879 0.4356
4.1410 1.1390 0.0000
3.9206 1.0050 0.0000
3.1814 0.0886 0.0000
3.0551 -0.1191 0.0000
-4.7859 3.2989 0.0000
0.0362 -3.5067 0.0000
4.4907 -3.3580 0.0000
-2.8429 2.2154 0.0000
-3.0207 1.9713 0.0000
4.4865 0.3457 0.0000
-0.3118 -2.8050 0.0000
-0.5267 -2.9705 0.0000
4.7523 -2.3331 0.0000
4.5145 -2.4831 0.0000
-0.6554 -4.5152 0.0000
-3.0637 -0.8093 0.0000
0.9359 3.4380 0.0000
0.7569 3.2182 0.0000
0.5584 3.0204 0.0000
0.3488 2.8496 0.0000
2.9876 4.7546 0.0000
4.0542 4.5044 0.0000
-0.1461 -2.5982 0.0000
-3.9537 -4.0605 0.0000
-1.3597 2.3166 0.0000
-2.7002 4.2969 0.0000
-3.0008 4.2736 0.0000
0.9239 -1.1431 0.0042
4.7818 -4.7815 0.0000
-3.5252 0.6759 0.0000
-3.9417 2.8729 0.0000
-4.2310 2.8859 0.0000
3.2922 4.7552 0.0000
3.5010 -1.6721 0.0000
3.3314 -1.8767 0.0000
3.0765 -2.0195 0.0000
2.8009 -2.1828 0.0000
2.5636 -2.4709 0.0000
-3.1481 2.2208 0.0000
-3.3079 1.9862 0.0000
-3.4602 1.7825 0.0000
-2.9651 -3.2755 0.0000
-2.9725 -3.5503 0.0000
-3.2139 -3.4124 0.0000
2.6929 4.7661 0.0000
2.5093 4.6572 0.0000
4.2394 1.4223 0.0000
3.9730 1.3487 0.0000
-3.6642 0.9400 0.0000
-3.8405 0.7208 0.0000
3.9032 4.7543 0.0000
-4.0159 -3.5034 0.0000
3.9893 -3.0524 0.0000
0.3730 4.4958 0.0000
0.5099 4.2426 0.0000
-3.7793 -0.9638 0.0000
-3.9888 -1.1937 0.0000
-3.8634 -1.4129 0.0000
-3.7228 3.4093 0.0000
-3.8169 3.1210 0.0000
3.5693 -4.5308 0.0000
1.2702 -2.0263 0.0000
1.0864 -2.1800 0.0000
0.9990 -2.4551 0.0000
0.8731 -2.6941 0.0000
-1.1095 2.2276 0.0000
-2.8054 1.4531 0.0000
-2.9492 1.2099 0.0000
1.4485 -4.5481 0.0000
3.1926 -3.4790 0.0000
2.9527 -3.6427 0.0000
-3.9038 4.7988 0.0000
-4.0276 4.5964 0.0000
-4.3009 4.5179 0.0000
-4.0315 -0.0198 0.0000
-4.3276 -0.0054 0.0000
2.2581 -4.4266 0.0000
2.1855 -4.6529 0.0000
1.9821 -4.7502 0.0000
0.6219 -1.3009 0.0097
0.3599 -1.4023 0.0120
0.1361 -1.5081 0.0084
0.3069 -1.7278 0.0019
-1.5783 2.7757 0.0000
-1.4226 2.5632 0.0000
-1.6899 2.5004 0.0000
-1.5857 2.2626 0.0000
-1.8705 2.2776 0.0000
3.0703 1.6953 0.0000
2.7479 1.5954 0.0000
1.6613 -1.3711 0.0000
1.5951 -1.6593 0.0000
1.3310 -1.7392 0.0000
3.4383 -3.3219 0.0000
3.4466 -3.6203 0.0000
4.5303 0.6364 0.0000
4.2877 0.6033 0.0000
-0.6692 0.4403 0.1584
-0.5952 0.4001 0.2197
-0.6394 0.3224 0.2109
-0.7037 0.3636 0.1560
-0.7744 0.3312 0.1196
-0.7058 0.2536 0.1771
-0.8096 0.2416 0.1121
-0.8371 0.1445 0.1058
-0.9555 0.1918 0.0515
-1.1747 0.0802 0.0109
-1.2894 -0.2247 0.0041
2.0426 4.3007 0.0000
2.0714 4.0334 0.0000
-1.0535 1.4576 0.0003
-1.3584 1.5167 0.0000
-1.5022 1.2874 0.0000
-0.7513 0.1607 0.1580
-0.7504 0.0733 0.1657
-0.8438 0.0603 0.1066
-0.9697 0.0116 0.0524
-0.8655 -0.0500 0.0966
-0.7024 -0.1908 0.1919
-0.7434 -0.2775 0.1508
-0.8001 -0.2057 0.1255
-0.8096 -0.3169 0.1080
-0.9067 -0.2970 0.0675
-1.0707 -0.4051 0.0215
0.9194 1.3829 0.0018
1.9713 0.0208 0.0000
2.0549 -0.2412 0.0000
1.8132 -0.3703 0.0000
-0.9949 -3.2446 0.0000
-1.6405 -0.1096 0.0001
1.0162 -0.0708 0.0377
0.8207 -0.1708 0.1130
0.9055 -0.1955 0.0698
-3.7618 -3.9291 0.0000
-4.2087 -3.0503 0.0000
-4.2373 -3.3337 0.0000
2.5118 -2.2560 0.0000
-4.0280 -4.3397 0.0000
-3.4074 -1.2698 0.0000
-3.3227 -1.5416 0.0000
-3.6037 -1.4929 0.0000
-3.7669 -1.7101 0.0000
2.6076 1.4026 0.0000
2.0876 1.4203 0.0000
2.3312 1.2931 0.0000
2.0782 1.1258 0.0000
1.8240 1.2725 0.0000
2.0897 0.8073 0.0000
1.8384 0.9727 0.0000
-2.6444 -1.2936 0.0000
0.4146 1.0020 0.0590
0.3090 0.9246 0.0962
0.2106 0.9295 0.1071
0.2376 0.8527 0.1375
0.1588 0.8196 0.1667
0.1220 0.8994 0.1300
0.0578 0.8088 0.1844
0.2432 1.0697 0.0583
0.1394 0.9939 0.0894
0.0600 0.9975 0.0932
0.0553 1.1407 0.0511
-0.0401 1.0196 0.0886
0.0280 0.9163 0.1289
-0.0748 0.9172 0.1308
-4.5942 -0.0022 0.0000
-4.7777 -0.1664 0.0000
1.5359 -3.0859 0.0000
-0.5762 0.9079 0.0643
-0.5676 0.7663 0.1050
-0.6949 0.8196 0.0555
-0.6603 0.6997 0.0917
-0.6437 0.5990 0.1263
-0.7591 0.6353 0.0710
-0.7187 0.5227 0.1107
-0.7693 0.4317 0.1048
-0.8822 0.5141 0.0490
-0.8847 0.3496 0.0653
-2.8564 4.5245 0.0000
-3.1633 4.5061 0.0000
-2.7870 -2.5519 0.0000
-2.6612 -2.8367 0.0000
-2.6481 1.6926 0.0000
-2.9204 1.7119 0.0000
-0.3149 -0.1467 0.5381
-0.4186 -0.1677 0.4432
-0.3534 -0.2336 0.4727
-0.4507 -0.2604 0.3816
-0.4670 -0.3499 0.3288
-0.5141 -0.1941 0.3493
-0.5510 -0.2945 0.2864
-0.5365 -0.4065 0.2539
-0.6509 -0.2828 0.2129
-0.6066 -0.4791 0.1823
-0.6211 -0.3749 0.2084
-0.7147 -0.3621 0.1525
-0.7855 -0.3965 0.1083
-0.6917 -0.4444 0.1460
-0.7498 -0.5025 0.1047
-0.8530 -0.4532 0.0722
-0.6672 -0.5523 0.1285
-0.7716 -0.6184 0.0742
0.1566 0.1235 0.6472
-0.0133 0.0677 0.6992
0.1368 0.0192 0.6770
0.0545 -0.0083 0.7015
0.0139 -0.1004 0.6915
-0.0353 -0.0303 0.7027
-0.0569 -0.1480 0.6696
-0.1123 -0.0724 0.6787
-0.1442 -0.1556 0.6402
-0.2171 -0.1210 0.6154
-0.2479 -0.2155 0.5570
-0.1560 -0.2318 0.5971
-0.2082 -0.3090 0.5240
-0.2983 -0.3036 0.4751
-0.3816 -0.3290 0.4026
-0.3552 -0.4066 0.3742
-0.4360 -0.4309 0.3086
4.5368 2.8429 0.0000
4.3610 2.6607 0.0000
-2.1338 -0.1450 0.0000
-2.3645 -0.3578 0.0000
-2.2939 -0.6262 0.0000
-2.3478 -0.8501 0.0000
-2.5676 -0.5592 0.0000
-2.5866 -0.8103 0.0000
4.2341 -3.2062 0.0000
-0.7737 3.1389 0.0000
-0.9923 2.9536 0.0000
-0.5707 0.1529 0.3087
-0.5980 0.2404 0.2653
-0.6608 0.1607 0.2276
-0.6640 0.0740 0.2343
-0.7056 -0.0179 0.2024
-0.7888 -0.0193 0.1416
-0.7884 -0.1130 0.1394
-0.7086 -0.1031 0.1966
-0.8999 -0.1494 0.0781
4.5315 2.4904 0.0000
4.3473 4.5218 0.0000
2.3545 -1.5790 0.0000
2.3365 -1.8289 0.0000
2.1073 -1.5676 0.0000
2.0884 -1.8206 0.0000
4.7345 -1.1752 0.0000
4.4948 -1.3435 0.0000
3.9498 -3.6214 0.0000
2.7266 -3.8153 0.0000
2.3591 -3.9412 0.0000
2.6125 -4.0230 0.0000
2.3546 -4.1876 0.0000
-1.8674 0.9792 0.0000
-2.0929 0.8371 0.0000
-1.3068 -1.1987 0.0004
-1.5624 -1.0053 0.0001
-1.6024 -1.2841 0.0000
4.3642 -4.5808 0.0000
-2.0141 2.5064 0.0000
-2.1884 2.2838 0.0000
-3.2925 4.2417 0.0000
-3.5804 4.2057 0.0000
1.4426 -1.1570 0.0000
3.6980 -3.7534 0.0000
3.6709 -4.0235 0.0000
2.2460 -1.0509 0.0000
2.2613 -1.3132 0.0000
-0.4934 0.0719 0.3947
-0.5785 0.0694 0.3124
-0.4383 -0.0067 0.4520
-0.4673 -0.0951 0.4154
-0.6203 -0.0210 0.2758
-0.5329 -0.0208 0.3590
-0.5494 -0.1119 0.3344
-0.6287 -0.1072 0.2625
-0.6072 -0.1982 0.2666
-1.7930 -0.5472 0.0000
-4.5184 2.2188 0.0000
-4.7723 2.3416 0.0000
-4.7546 2.0329 0.0000
-0.9670 -3.7870 0.0000
-1.2370 -3.6919 0.0000
-3.0900 0.9595 0.0000
-3.2280 0.6946 0.0000
2.4222 2.6944 0.0000
2.2247 2.5240 0.0000
1.3508 0.6285 0.0015
1.0937 0.7475 0.0092
1.0584 0.4976 0.0203
0.8624 0.4520 0.0689
0.7706 0.3833 0.1176
-3.8669 4.1471 0.0000
-2.3736 -1.0973 0.0000
-2.4092 -1.3465 0.0000
-0.2805 -3.1042 0.0000
-0.5100 -3.2660 0.0000
2.3081 2.9309 0.0000
2.1121 2.7646 0.0000
1.9132 2.6120 0.0000
1.9448 2.9536 0.0000
1.7134 2.7952 0.0000
-4.7651 4.5208 0.0000
-3.2584 3.7171 0.0000
2.0278 4.7518 0.0000
-4.7506 -4.7676 0.0000
-0.9851 -2.9428 0.0000
-1.2374 -3.0981 0.0000
-0.6626 -4.2520 0.0000
-0.9127 -4.2667 0.0000
-0.9044 -4.5046 0.0000
-1.1496 -4.5142 0.0000
-1.1503 -4.7546 0.0000
-4.5128 -1.8183 0.0000
-4.2774 -2.2703 0.0000
-4.4476 -2.6143 0.0000
2.2713 1.9112 0.0000
2.0150 2.0865 0.0000
1.9608 1.8034 0.0000
1.8531 1.5519 0.0000
-3.7642 -4.2520 0.0000
0.2001 0.7437 0.2048
0.1132 0.7271 0.2308
0.0339 0.6929 0.2641
0.1689 0.6433 0.2805
0.0880 0.6241 0.3108
0.0109 0.5852 0.3507
-0.0516 0.6505 0.2990
-0.0650 0.5427 0.3860
-0.0686 0.4439 0.4691
-0.1554 0.4008 0.4864
-0.2360 0.3531 0.4889
-0.2375 0.2558 0.5484
-0.3200 0.2108 0.5150
-0.4059 0.1671 0.4589
3.1866 1.3478 0.0000
-3.5903 -4.0890 0.0000
3.6988 2.6231 0.0000
-1.9530 1.5161 0.0000
-2.2028 1.4397 0.0000
-3.3753 0.1309 0.0000
-3.2906 -0.3128 0.0000
-3.4795 -0.1119 0.0000
-3.6213 -0.3139 0.0000
-3.7714 -0.5019 0.0000
1.8221 -1.8622 0.0000
1.7434 -2.1362 0.0000
1.5402 -1.9402 0.0000
1.4455 -2.2173 0.0000
1.6370 -2.3853 0.0000
1.2724 -2.3979 0.0000
1.7404 -4.5470 0.0000
0.1242 -2.7433 0.0000
-0.0720 -2.9201 0.0000
1.8852 -3.3939 0.0000
1.6885 -3.6241 0.0000
2.8444 -4.1722 0.0000
2.8118 -4.4810 0.0000
4.2670 0.9044 0.0000
4.0407 0.7779 0.0000
3.8121 0.6384 0.0000
4.7806 4.7791 0.0000
4.7148 4.5110 0.0000
-0.1526 0.8796 0.1465
-0.2367 0.7244 0.2242
-0.0312 0.8426 0.1691
-0.1096 0.8037 0.1906
-0.2044 0.7996 0.1845
-0.1356 0.7102 0.2494
-0.2162 0.6480 0.2797
-0.2247 0.5567 0.3440
-0.3042 0.6197 0.2730
-0.3942 0.6663 0.2115
-0.3107 0.5163 0.3395
-0.3912 0.5688 0.2678
-0.3954 0.4680 0.3246
-0.4816 0.4116 0.2970
-0.4758 0.6192 0.2000
-0.5525 0.5703 0.1823
-0.4750 0.5177 0.2498
-0.6210 0.5105 0.1659
-0.5502 0.4663 0.2258
-4.4982 -4.1795 0.0000
-4.5714 -4.4493 0.0000
0.6438 1.3188 0.0073
4.7675 4.2189 0.0000
4.5373 4.0729 0.0000
-3.0829 -2.5523 0.0000
-2.9145 -2.7785 0.0000
-2.9701 -3.0124 0.0000
2.8343 2.1083 0.0000
-0.3191 4.6635 0.0000
-0.5504 4.5066 0.0000
1.5637 -4.0845 0.0000
-4.7706 3.9142 0.0000
-4.4980 -1.2374 0.0000
-4.4974 -1.5201 0.0000
1.3192 0.9346 0.0009
3.1680 -4.0481 0.0000
3.0827 -4.2947 0.0000
-4.1192 -3.8477 0.0000
4.5320 -1.6060 0.0000
2.0800 -3.9324 0.0000
2.0971 -4.1808 0.0000
1.8403 -4.1875 0.0000
1.6344 -4.3472 0.0000
4.5263 -4.7551 0.0000
3.1557 3.5093 0.0000
2.8736 3.4718 0.0000
3.7247 -0.5277 0.0000
3.4870 -0.7210 0.0000
-1.2927 -0.5289 0.0030
3.2974 -4.7505 0.0000
2.3250 4.7733 0.0000
2.2177 4.5218 0.0000
-0.9909 -3.5298 0.0000
1.2381 -0.2000 0.0054
1.0035 -0.3480 0.0306
1.5134 -0.3080 0.0002
1.2878 -0.4982 0.0019
1.0126 -0.5992 0.0168
-1.7303 -3.7105 0.0000
-1.9865 -3.8290 0.0000
0.2455 0.0010 0.6173
0.1892 -0.0527 0.6493
0.1112 -0.0833 0.6781
0.0737 -0.1662 0.6602
0.0083 -0.2098 0.6451
0.2481 -0.1196 0.5994
0.1710 -0.1563 0.6314
0.1228 -0.2394 0.6094
0.0515 -0.2750 0.6022
-0.0665 -0.2441 0.6177
-0.1131 -0.3233 0.5517
0.0821 -0.3555 0.5392
-0.0159 -0.3310 0.5633
-0.0706 -0.4124 0.4911
-0.1714 -0.3971 0.4754
-0.2719 -0.3862 0.4368
-0.2376 -0.4676 0.3935
-0.0461 -0.5073 0.4139
-0.1396 -0.4851 0.4143
-0.1200 -0.5783 0.3420
-0.3228 -0.4840 0.3412
-0.4038 -0.5116 0.2810
-0.2942 -0.5615 0.3002
-0.2132 -0.5522 0.3374
-0.1992 -0.6387 0.2763
-0.2892 -0.6507 0.2415
-0.3763 -0.5935 0.2448
-4.7676 1.0856 0.0000
-4.5242 0.9531 0.0000
-4.7370 0.7657 0.0000
-4.7785 0.4589 0.0000
-0.6049 2.2710 0.0000
-0.8380 2.1196 0.0000
0.8131 -2.2346 0.0000
0.5880 -2.1314 0.0000
0.4653 -2.3425 0.0000
4.2645 -1.3998 0.0000
4.0518 -1.5478 0.0000
-1.6418 -2.5266 0.0000
-1.9272 -2.6019 0.0000
-2.2352 -2.5915 0.0000
1.6652 2.5138 0.0000
1.4221 2.4197 0.0000
1.2252 2.2028 0.0000
-3.6763 1.6647 0.0000
-3.9177 1.7547 0.0000
-0.6784 -4.7685 0.0000
-1.6583 1.5314 0.0000
-1.8184 1.7766 0.0000
-4.5535 3.7671 0.0000
-4.7475 3.5948 0.0000
-3.6661 1.9617 0.0000
-3.9592 2.0381 0.0000
3.4480 3.5114 0.0000
3.2951 3.2629 0.0000
-4.1448 0.7567 0.0000
-4.2825 0.4922 0.0000
-4.4137 0.7441 0.0000
-4.5560 0.5184 0.0000
-4.4774 0.2600 0.0000
-4.7598 0.1845 0.0000
-3.7371 2.7418 0.0000
-3.8322 2.5231 0.0000
2.5834 -4.2887 0.0000
2.4962 -4.5262 0.0000
-3.9129 -0.7092 0.0000
-4.0532 -0.9177 0.0000
-4.2644 -1.0894 0.0000
-4.2144 -1.3826 0.0000
-3.2354 3.4605 0.0000
1.9656 -4.4498 0.0000
0.8999 -4.4878 0.0000
0.6173 -4.4460 0.0000
0.6525 -4.7035 0.0000
1.8933 -0.6055 0.0000
1.7199 -0.8419 0.0000
2.3005 -2.8796 0.0000
2.1091 -3.1349 0.0000
3.0222 4.2630 0.0000
-1.5682 3.2477 0.0000
-1.8484 3.2735 0.0000
-1.7746 2.9970 0.0000
-2.0561 3.0989 0.0000
0.2305 -2.2454 0.0000
-0.0887 -2.2718 0.0000
-1.7083 -3.1184 0.0000
-1.9598 -3.2522 0.0000
-1.7212 -3.4116 0.0000
-1.9720 -3.5393 0.0000
1.3185 -3.2842 0.0000
1.1073 -3.4981 0.0000
1.0868 4.7782 0.0000
-2.3959 -2.8745 0.0000
-2.4657 -3.1681 0.0000
-2.7196 -3.0733 0.0000
-2.7151 -3.3514 0.0000
1.6717 3.0831 0.0000
1.4658 2.9332 0.0000
2.3782 -3.1639 0.0000
2.1462 -3.3967 0.0000
2.4204 -3.4365 0.0000
2.2318 -3.6719 0.0000
1.8668 3.8723 0.0000
1.6463 3.6937 0.0000
-4.5420 4.3994 0.0000
-4.7415 4.2143 0.0000
3.7558 0.0062 0.0000
3.5937 -0.2426 0.0000
2.6727 2.6095 0.0000
2.4742 2.3922 0.0000
2.2683 2.2118 0.0000
-0.1962 -3.6748 0.0000
-0.4105 -4.1131 0.0000
-0.1003 1.6129 0.0045
-0.2405 1.3903 0.0151
-0.3564 1.1970 0.0339
-3.7091 0.4737 0.0000
-4.0031 0.4849 0.0000
2.0167 2.3800 0.0000
1.7806 2.2871 0.0000
1.5342 2.2032 0.0000
1.4399 1.9571 0.0000
1.3653 1.6853 0.0000
0.0147 0.4837 0.4368
0.0135 0.3828 0.5223
-0.0788 0.3501 0.5437
-0.0212 0.2923 0.5923
-0.0737 0.2314 0.6261
-0.1481 0.2952 0.5657
-0.1600 0.1935 0.6198
-0.0847 0.1312 0.6715
-0.2428 0.1531 0.5920
-0.1730 0.0894 0.6508
-0.1041 0.0300 0.6882
-0.1883 -0.0220 0.6516
-0.3240 0.1127 0.5440
-0.2554 0.0472 0.6078
-0.2804 -0.0521 0.5876
-0.4087 0.0811 0.4752
-0.3444 0.0151 0.5391
-0.3748 -0.0774 0.5048
-1.8574 0.6719 0.0000
-1.6058 0.4939 0.0000
-1.8832 0.3832 0.0000
-2.0505 0.2071 0.0000
0.5019 -0.8538 0.0963
0.5421 -0.9544 0.0604
0.4035 -0.9672 0.0809
0.2159 -1.2057 0.0383
0.0222 -1.3066 0.0242
-0.3050 1.8012 0.0011
-0.4044 1.5395 0.0051
4.2832 0.0060 0.0000
4.0544 -0.1009 0.0000
0.6920 -3.9375 0.0000
0.5389 -4.1737 0.0000
0.3191 -4.2395 0.0000
0.1049 -4.0831 0.0000
0.0955 -4.4016 0.0000
-2.3137 3.1281 0.0000
-2.5742 2.9869 0.0000
-2.8027 2.9998 0.0000
-3.0548 2.9663 0.0000
-2.8491 2.7303 0.0000
3.4506 4.5070 0.0000
4.0342 -2.7626 0.0000
4.2054 4.7597 0.0000
2.9409 2.4883 0.0000
2.7303 2.3272 0.0000
-1.9850 3.8731 0.0000
3.4084 2.7608 0.0000
3.1446 2.7061 0.0000
1.9757 -0.8444 0.0000
1.7251 -1.0938 0.0000
0.4945 4.7532 0.0000
-3.2144 -3.7191 0.0000
-3.4108 -3.9033 0.0000
-2.8208 -0.7787 0.0000
0.6870 -0.1552 0.2070
0.5968 -0.1740 0.2810
0.5610 -0.2596 0.2919
0.5032 -0.1770 0.3667
0.4294 -0.3580 0.3613
0.4630 -0.2702 0.3731
0.4018 -0.2003 0.4520
0.3576 -0.2837 0.4529
0.2985 -0.2054 0.5333
0.2184 -0.2305 0.5728
0.2635 -0.3102 0.5017
0.3342 -0.3770 0.4173
0.2380 -0.3996 0.4555
-3.9743 3.3814 0.0000
-4.2493 3.3677 0.0000
-4.7850 -4.5187 0.0000
-2.8060 -4.4699 0.0000
-3.0618 -4.5766 0.0000
-2.9397 -4.7750 0.0000
-3.2673 -4.7710 0.0000
1.4835 3.2542 0.0000
1.2856 3.0697 0.0000
1.1392 2.8338 0.0000
1.7700 -2.6259 0.0000
1.7295 -2.8656 0.0000
2.9285 0.1922 0.0000
3.5683 0.5320 0.0000
3.3701 0.3064 0.0000
3.4493 0.0141 0.0000
4.2106 -3.4805 0.0000
4.2033 -3.7615 0.0000
-2.3265 2.8622 0.0000
-2.5616 2.7139 0.0000
-2.6957 2.4572 0.0000
1.5913 1.1066 0.0000
3.7156 0.8529 0.0000
3.5759 1.0629 0.0000
3.4458 0.8018 0.0000
-3.4535 -2.9708 0.0000
4.7680 3.3328 0.0000
-2.6308 -1.0529 0.0000
4.5008 -0.2154 0.0000
4.2376 -0.3079 0.0000
4.0110 -0.4478 0.0000
3.7676 1.2134 0.0000
2.5229 4.4365 0.0000
2.7558 4.2484 0.0000
2.5386 4.1516 0.0000
2.9040 2.9995 0.0000
2.6134 2.9244 0.0000
-1.9223 3.6023 0.0000
-2.0420 3.4020 0.0000
-2.2216 3.3470 0.0000
4.2163 4.2536 0.0000
3.9057 4.2565 0.0000
4.0302 4.0060 0.0000
3.7505 3.9964 0.0000
0.3198 -0.6392 0.2549
0.2295 -0.6579 0.2695
0.1866 -0.7433 0.2208
0.0862 -0.7415 0.2314
0.0580 -0.8677 0.1555
4.7690 0.7725 0.0000
1.3544 1.2013 0.0003
3.6209 2.3141 0.0000
-1.3870 0.2720 0.0010
-1.4284 -0.0001 0.0009
4.7485 -0.4068 0.0000
-0.8118 4.5291 0.0000
-0.7090 4.2934 0.0000
-0.9161 4.1816 0.0000
-3.8027 -4.5310 0.0000
-1.7908 -0.8341 0.0000
-2.1021 -0.9724 0.0000
-1.4829 4.2386 0.0000
-1.7639 4.3163 0.0000
-1.6949 4.0394 0.0000
-1.9651 4.1208 0.0000
3.0869 1.9815 0.0000
2.8150 1.8446 0.0000
4.4682 -3.6175 0.0000
4.4702 -3.8747 0.0000
-1.8595 2.7144 0.0000
-2.0639 2.8518 0.0000
-2.2214 2.6270 0.0000
-2.4061 2.4686 0.0000
-2.5165 2.1884 0.0000
3.4900 1.3476 0.0000
-1.4828 -3.5591 0.0000
1.2917 4.0768 0.0000
1.1166 3.8906 0.0000
1.1373 3.6313 0.0000
-4.6367 3.1282 0.0000
-4.7832 2.9555 0.0000
0.2169 1.2983 0.0204
-0.0004 1.3691 0.0174
-1.7296 -2.7997 0.0000
-1.9168 -2.9672 0.0000
-2.1022 -2.8129 0.0000
-2.1910 -3.0814 0.0000
-4.1714 1.5803 0.0000
-4.2797 1.3575 0.0000
-4.2215 -4.1452 0.0000
0.7979 -0.6731 0.0529
0.6657 -0.6938 0.0912
0.5737 -0.7880 0.0963
0.9210 -0.8694 0.0136
0.6830 -0.8382 0.0548
0.4465 -1.1432 0.0360
2.7363 3.7027 0.0000
2.4439 3.7025 0.0000
2.5841 3.4531 0.0000
2.2986 3.4582 0.0000
2.0712 3.4012 0.0000
4.7569 0.4705 0.0000
0.1058 2.6552 0.0000
-0.1445 2.6396 0.0000
-0.3930 2.5819 0.0000
-0.1177 2.3976 0.0000
-0.3603 2.3255 0.0000
0.3834 -0.7158 0.1890
0.3432 -0.8130 0.1518
0.4086 -0.8744 0.1113
0.2457 -0.8187 0.1678
0.3041 -0.9071 0.1175
0.2924 -1.0386 0.0730
0.2062 -0.8971 0.1338
0.2180 -0.9729 0.1010
0.1468 -1.0408 0.0807
-0.5466 4.7676 0.0000
-0.8113 4.7589 0.0000
-1.0265 4.4356 0.0000
-1.6798 -1.5681 0.0000
-1.5039 -1.7956 0.0000
-1.7850 -1.8359 0.0000
