5.0000 5.0000 0.0000
0.0000 5.0000 0.0000
2.5000 5.0000 0.0000
3.7500 5.0000 0.0000
4.3750 5.0000 0.0000
4.6875 5.0000 0.0000
4.0625 5.0000 0.0000
3.1250 5.0000 0.0000
3.4375 5.0000 0.0000
2.8125 5.0000 0.0000
1.2500 5.0000 0.0000
1.8750 5.0000 0.0000
2.1875 5.0000 0.0000
1.5625 5.0000 0.0000
0.6250 5.0000 0.0000
0.9375 5.0000 0.0000
0.3125 5.0000 0.0000
-2.5000 5.0000 0.0000
-1.2500 5.0000 0.0000
-0.6250 5.0000 0.0000
-0.3125 5.0000 0.0000
-0.9375 5.0000 0.0000
-1.8750 5.0000 0.0000
-1.5625 5.0000 0.0000
-2.1875 5.0000 0.0000
-3.7500 5.0000 0.0000
-3.1250 5.0000 0.0000
-2.8125 5.0000 0.0000
-3.4375 5.0000 0.0000
-4.3750 5.0000 0.0000
-4.0625 5.0000 0.0000
-4.6875 5.0000 0.0000
5.0000 -5.0000 0.0000
5.0000 0.0000 0.0000
5.0000 -2.5000 0.0000
5.0000 -3.7500 0.0000
5.0000 -4.3750 0.0000
5.0000 -4.6875 0.0000
5.0000 -4.0625 0.0000
5.0000 -3.1250 0.0000
5.0000 -3.4375 0.0000
5.0000 -2.8125 0.0000
5.0000 -1.2500 0.0000
5.0000 -1.8750 0.0000
5.0000 -2.1875 0.0000
5.0000 -1.5625 0.0000
5.0000 -0.6250 0.0000
5.0000 -0.9375 0.0000
5.0000 -0.3125 0.0000
5.0000 2.5000 0.0000
5.0000 1.2500 0.0000
5.0000 0.6250 0.0000
5.0000 0.3125 0.0000
5.0000 0.9375 0.0000
5.0000 1.8750 0.0000
5.0000 1.5625 0.0000
5.0000 2.1875 0.0000
5.0000 3.7500 0.0000
5.0000 3.1250 0.0000
5.0000 2.8125 0.0000
5.0000 3.4375 0.0000
5.0000 4.3750 0.0000
5.0000 4.0625 0.0000
5.0000 4.6875 0.0000
-5.0000 -5.0000 0.0000
0.0000 -5.0000 0.0000
-2.5000 -5.0000 0.0000
-3.7500 -5.0000 0.0000
-4.3750 -5.0000 0.0000
-4.6875 -5.0000 0.0000
-4.0625 -5.0000 0.0000
-3.1250 -5.0000 0.0000
-3.4375 -5.0000 0.0000
-2.8125 -5.0000 0.0000
-1.2500 -5.0000 0.0000
-1.8750 -5.0000 0.0000
-2.1875 -5.0000 0.0000
-1.5625 -5.0000 0.0000
-0.6250 -5.0000 0.0000
-0.9375 -5.0000 0.0000
-0.3125 -5.0000 0.0000
2.5000 -5.0000 0.0000
1.2500 -5.0000 0.0000
0.6250 -5.0000 0.0000
0.3125 -5.0000 0.0000
0.9375 -5.0000 0.0000
1.8750 -5.0000 0.0000
1.5625 -5.0000 0.0000
2.1875 -5.0000 0.0000
3.7500 -5.0000 0.0000
3.1250 -5.0000 0.0000
2.8125 -5.0000 0.0000
3.4375 -5.0000 0.0000
4.3750 -5.0000 0.0000
4.0625 -5.0000 0.0000
4.6875 -5.0000 0.0000
-5.0000 5.0000 0.0000
-5.0000 0.0000 0.0000
-5.0000 2.5000 0.0000
-5.0000 3.7500 0.0000
-5.0000 4.3750 0.0000
-5.0000 4.6875 0.0000
-5.0000 4.0625 0.0000
-5.0000 3.1250 0.0000
-5.0000 3.4375 0.0000
-5.0000 2.8125 0.0000
-5.0000 1.2500 0.0000
-5.0000 1.8750 0.0000
-5.0000 2.1875 0.0000
-5.0000 1.5625 0.0000
-5.0000 0.6250 0.0000
-5.0000 0.9375 0.0000
-5.0000 0.3125 0.0000
-5.0000 -2.5000 0.0000
-5.0000 -1.2500 0.0000
-5.0000 -0.6250 0.0000
-5.0000 -0.3125 0.0000
-5.0000 -0.9375 0.0000
-5.0000 -1.8750 0.0000
-5.0000 -1.5625 0.0000
-5.0000 -2.1875 0.0000
-5.0000 -3.7500 0.0000
-5.0000 -3.1250 0.0000
-5.0000 -2.8125 0.0000
-5.0000 -3.4375 0.0000
-5.0000 -4.3750 0.0000
-5.0000 -4.0625 0.0000
-5.0000 -4.6875 0.0000
2.1564 3.6990 0.0000
-0.1443 4.3049 0.0000
-0.3597 4.1057 0.0000
-1.8314 0.1822 0.0000
4.0172 4.2979 0.0000
2.6214 -0.9172 0.0000
1.9668 3.8705 0.0000
1.8272 3.6517 0.0000
4.2432 -2.7989 0.0000
4.2018 -3.0754 0.0000
4.5744 -3.7206 0.0000
4.4763 -4.0534 0.0000
1.1452 -0.3593 0.0098
0.9317 -0.5069 0.0367
3.3419 -4.2613 0.0000
2.0350 -4.1422 0.0000
2.0100 -4.4371 0.0000
2.8903 -2.3926 0.0000
3.0046 -2.6218 0.0000
2.7465 -2.6430 0.0000
-1.7903 -3.0558 0.0000
3.3376 -0.0549 0.0000
-0.2153 0.5347 0.3640
-0.2083 0.4330 0.4441
-0.3047 0.3970 0.4231
-0.2350 0.3249 0.5086
-0.3288 0.3019 0.4648
-3.0211 0.7770 0.0000
-2.9503 -4.7530 0.0000
-4.2898 -2.5790 0.0000
-4.5238 -2.6632 0.0000
-0.3910 -3.7881 0.0000
-2.3430 -1.0044 0.0000
-2.2674 -1.2749 0.0000
3.4573 -1.0637 0.0000
3.2867 -1.2559 0.0000
3.0470 -1.3563 0.0000
-1.0378 2.5149 0.0000
1.3139 -1.5695 0.0000
-2.7153 1.3235 0.0000
-2.9483 1.2373 0.0000
-4.5377 -3.1623 0.0000
-4.7010 -3.4077 0.0000
-4.7596 -3.6318 0.0000
2.9132 1.0303 0.0000
2.6970 0.8291 0.0000
-4.0690 -2.1082 0.0000
0.7367 4.2972 0.0000
0.4419 4.2502 0.0000
-1.3752 2.4985 0.0000
3.4153 2.9455 0.0000
3.1646 2.8540 0.0000
-3.7830 -1.2025 0.0000
0.8827 -0.1486 0.0824
0.8331 -0.2288 0.1006
0.7493 -0.2359 0.1496
0.7017 -0.3313 0.1643
0.6366 -0.4038 0.1897
0.5988 -0.3171 0.2435
0.5387 -0.3921 0.2635
0.4671 -0.4470 0.2899
0.5044 -0.5277 0.2276
0.4575 -0.5992 0.2185
-4.5147 -1.5363 0.0000
-1.2121 -1.2024 0.0008
-1.3728 -1.4518 0.0001
4.3052 -1.9604 0.0000
-1.5968 3.6164 0.0000
3.7141 1.6462 0.0000
3.5504 1.4808 0.0000
3.3287 1.3568 0.0000
3.0956 1.5207 0.0000
-3.6949 0.3344 0.0000
-3.6520 2.5859 0.0000
-3.9101 2.4112 0.0000
-0.2701 -1.7672 0.0012
1.3527 -3.1558 0.0000
1.0970 -3.2420 0.0000
-1.4945 2.8178 0.0000
-1.5866 2.6114 0.0000
-1.7212 2.4034 0.0000
-1.8966 2.2244 0.0000
-2.2266 0.4609 0.0000
4.7353 0.7655 0.0000
4.4569 0.7282 0.0000
4.2118 0.7128 0.0000
-2.0319 2.9331 0.0000
-2.1628 2.7042 0.0000
-2.3384 2.4764 0.0000
1.0632 0.4084 0.0226
0.7603 0.4544 0.1098
0.8828 0.4974 0.0576
0.8369 0.3625 0.0897
0.7321 0.3681 0.1413
0.8155 0.1418 0.1212
0.8530 0.2498 0.0937
0.7503 0.2815 0.1461
0.7578 0.1927 0.1530
0.7688 0.0799 0.1538
0.6957 0.1251 0.2048
0.6623 0.2179 0.2181
0.5718 0.2075 0.2950
0.6138 0.1212 0.2742
0.5951 0.0375 0.2987
0.5283 0.1195 0.3532
0.4999 0.0387 0.3905
0.6847 0.0282 0.2193
0.5400 -0.0410 0.3515
-0.3462 -0.6760 0.2073
-0.3831 -0.7786 0.1429
-0.4906 -0.7767 0.1155
-0.3696 -0.8727 0.1060
-0.4657 -0.8633 0.0909
-0.9402 1.1088 0.0045
1.7994 2.5835 0.0000
4.2749 4.2703 0.0000
4.1419 4.0437 0.0000
3.8476 4.0713 0.0000
2.6868 4.2675 0.0000
-2.4054 4.7532 0.0000
-2.4218 4.5081 0.0000
-2.5655 -3.3164 0.0000
-2.9527 1.5143 0.0000
-3.2079 1.6473 0.0000
-3.4227 1.4668 0.0000
-4.4925 1.5602 0.0000
-4.2617 1.1543 0.0000
-4.5060 1.2757 0.0000
-3.1185 -0.8525 0.0000
-2.3308 -4.7643 0.0000
-3.9321 3.4983 0.0000
-2.5548 3.5764 0.0000
-2.3533 -0.0869 0.0000
-2.5908 0.0540 0.0000
-2.8379 -0.1417 0.0000
-3.6783 2.8843 0.0000
2.5673 -1.2623 0.0000
2.5632 -1.5609 0.0000
-2.4463 4.2445 0.0000
-2.5987 3.8776 0.0000
-1.4029 -4.2386 0.0000
-0.2010 -0.9124 0.1156
-0.2875 -0.9281 0.0980
-0.4008 -0.9978 0.0617
-0.3366 -1.2144 0.0259
2.6052 -2.8775 0.0000
2.3207 -2.8536 0.0000
-4.2455 0.8548 0.0000
-4.2519 0.5513 0.0000
-0.7347 0.9341 0.0310
3.1046 0.1571 0.0000
1.6668 -4.7610 0.0000
2.0256 -1.4967 0.0000
1.9398 -4.7136 0.0000
2.5654 0.1138 0.0000
0.2743 3.6715 0.0000
3.1975 -2.4493 0.0000
3.2243 -2.7534 0.0000
2.9320 -2.8982 0.0000
2.7301 -3.1075 0.0000
2.7908 -0.6572 0.0000
3.5949 -1.6575 0.0000
-2.4549 -4.5345 0.0000
1.1244 -2.9628 0.0000
0.8652 -3.1210 0.0000
-2.1791 4.4880 0.0000
3.2934 -4.7718 0.0000
3.1644 -4.5450 0.0000
2.9825 -4.7600 0.0000
-1.1402 -0.2033 0.0152
-1.3929 -0.2913 0.0014
-1.0722 -0.4381 0.0204
-1.2809 -0.4934 0.0036
-1.4832 -0.6499 0.0004
-4.4681 -0.1434 0.0000
-4.4699 -0.4178 0.0000
-4.7392 -0.5228 0.0000
-4.7483 -0.8015 0.0000
-3.2725 -1.3306 0.0000
-3.4208 2.1016 0.0000
-3.6703 1.9860 0.0000
-3.8064 1.7979 0.0000
-3.6102 1.6399 0.0000
-3.8893 1.5515 0.0000
3.6460 3.0391 0.0000
3.4292 2.6909 0.0000
3.3153 4.2125 0.0000
3.1261 3.9795 0.0000
3.6178 -3.7507 0.0000
4.0752 2.0009 0.0000
4.2461 1.7743 0.0000
4.0376 1.6222 0.0000
3.8845 1.4341 0.0000
-3.4883 0.5881 0.0000
-3.6589 -0.9181 0.0000
3.2007 1.0120 0.0000
-3.2664 -4.5197 0.0000
-3.2424 -4.7699 0.0000
4.7258 -4.5122 0.0000
1.1362 -0.8626 0.0026
-4.7421 0.2427 0.0000
3.4537 4.5056 0.0000
-0.6066 -3.5941 0.0000
-3.6677 -0.6041 0.0000
4.7800 -1.3830 0.0000
4.5732 -1.5127 0.0000
-0.2717 -2.6230 0.0000
-3.1586 -0.5696 0.0000
-3.4048 -0.7395 0.0000
-0.3008 -4.5128 0.0000
-0.4451 -4.7713 0.0000
-2.2747 3.0559 0.0000
-3.7216 -1.7269 0.0000
-3.8639 -1.9827 0.0000
-3.4157 2.8854 0.0000
-3.3899 2.6516 0.0000
-3.4108 2.3855 0.0000
-3.6645 2.2774 0.0000
0.4111 0.0238 0.4776
0.4496 -0.0556 0.4391
0.3595 -0.0663 0.5223
0.3005 -0.1387 0.5562
0.2201 -0.1660 0.6016
0.3289 -0.2219 0.5037
0.2382 -0.2467 0.5533
0.2202 -0.3311 0.5118
0.1395 -0.2141 0.6181
0.1390 -0.3060 0.5620
0.1597 -0.4045 0.4827
0.0623 -0.3680 0.5326
0.0716 -0.4606 0.4553
-0.0225 -0.4277 0.4848
-0.0936 -0.4926 0.4194
2.0655 0.4353 0.0000
1.8094 0.3338 0.0000
1.7460 0.0527 0.0000
1.7279 -4.5125 0.0000
3.3550 1.6643 0.0000
-4.1718 2.5213 0.0000
-4.4215 2.3484 0.0000
-4.4816 2.0977 0.0000
1.0635 -2.0242 0.0000
0.8570 -2.1918 0.0000
-4.7345 -0.2556 0.0000
-0.1230 -3.6629 0.0000
4.7458 0.1710 0.0000
2.6132 -3.3291 0.0000
2.5483 -3.5693 0.0000
4.7428 -3.9098 0.0000
-0.7415 0.1186 0.1690
-0.7893 0.0381 0.1404
-0.8296 -0.0502 0.1162
4.4089 2.9811 0.0000
4.4925 2.7424 0.0000
-0.8540 1.4218 0.0015
-1.0690 1.3214 0.0006
-1.1771 0.9706 0.0012
2.2808 -0.0051 0.0000
2.1735 -0.2318 0.0000
3.0936 -1.6072 0.0000
-0.2090 1.7754 0.0015
-0.3250 1.5073 0.0071
3.7091 2.2949 0.0000
3.7675 2.0267 0.0000
3.8964 1.8059 0.0000
3.5555 1.8477 0.0000
-2.4501 2.1881 0.0000
3.8879 -1.6984 0.0000
3.7726 -1.9146 0.0000
3.2795 -2.0762 0.0000
3.0722 -2.2140 0.0000
-4.4611 -4.2617 0.0000
-4.7374 -4.2161 0.0000
-0.2932 -2.8859 0.0000
3.0138 -1.9098 0.0000
-4.7690 -4.7591 0.0000
0.6396 -4.4907 0.0000
0.4844 -4.7555 0.0000
0.1762 -4.7578 0.0000
1.6071 3.8184 0.0000
-0.5385 -2.6909 0.0000
0.3443 -2.2555 0.0000
0.1577 -2.4908 0.0000
2.2048 -2.5770 0.0000
2.0530 -2.7911 0.0000
2.5144 -0.1290 0.0000
2.5441 -4.4502 0.0000
2.2509 -4.5210 0.0000
-3.0217 -1.4648 0.0000
-3.2276 -1.6269 0.0000
-3.4446 -1.7678 0.0000
-0.2027 3.0381 0.0000
0.1557 -3.2526 0.0000
2.1341 4.0667 0.0000
3.6498 0.4060 0.0000
-0.8029 -3.1233 0.0000
2.9033 2.9583 0.0000
4.7461 -2.6278 0.0000
4.4976 -2.7937 0.0000
3.2557 3.4005 0.0000
-4.7367 3.9276 0.0000
1.5581 0.8014 0.0001
1.4301 -0.7764 0.0001
1.3317 -1.0542 0.0002
3.5907 -4.7695 0.0000
2.6749 4.7517 0.0000
2.5313 4.5047 0.0000
2.3693 4.7631 0.0000
-2.5675 -0.2345 0.0000
-2.7156 -0.4092 0.0000
-2.9425 -0.3914 0.0000
-2.8715 -0.6867 0.0000
-1.2244 -4.0040 0.0000
-1.4661 -3.9651 0.0000
-1.6881 -4.0286 0.0000
-1.0334 -2.9441 0.0000
-1.2952 -3.0976 0.0000
-1.5472 -3.2184 0.0000
1.5083 -2.2844 0.0000
1.3349 -2.5201 0.0000
1.2271 -2.2230 0.0000
2.4185 2.0871 0.0000
-2.4240 0.8901 0.0000
-2.7048 0.7766 0.0000
-0.4319 4.3294 0.0000
-0.6563 4.1430 0.0000
-0.8867 4.2990 0.0000
-0.9623 4.0403 0.0000
-1.2496 3.9676 0.0000
-2.1908 4.2419 0.0000
-2.3428 3.9979 0.0000
1.6089 -1.5305 0.0000
-3.0858 -1.1431 0.0000
-1.3672 -0.0330 0.0018
-0.4617 -0.2476 0.3780
-0.5013 -0.3371 0.3092
-0.5465 -0.4154 0.2439
-0.5567 -0.2535 0.2954
-0.6096 -0.3388 0.2279
3.4151 0.5586 0.0000
0.8904 0.1450 0.0824
0.8489 0.0485 0.1053
0.9427 0.0033 0.0621
0.8367 -0.0632 0.1104
0.7762 -0.0115 0.1496
0.7129 -0.0718 0.1940
0.6259 -0.0573 0.2691
0.7752 -0.1379 0.1437
0.6806 -0.1587 0.2114
0.5979 -0.1388 0.2859
0.6573 -0.2439 0.2155
0.5753 -0.2209 0.2897
0.5141 -0.1220 0.3677
0.4078 -0.1486 0.4625
0.4937 -0.1991 0.3695
0.5041 -0.2935 0.3293
0.4471 -0.3597 0.3471
0.7430 -1.5906 0.0010
-0.7633 -0.1082 0.1563
-0.8248 -0.1645 0.1147
-0.9395 -0.1188 0.0629
-0.9295 -0.2866 0.0601
4.7662 3.6051 0.0000
4.7543 -4.2037 0.0000
4.0384 -2.0180 0.0000
3.3059 -1.7925 0.0000
-2.4650 -1.4215 0.0000
-2.6966 -1.4794 0.0000
-2.8743 -1.6780 0.0000
-3.1823 -0.2661 0.0000
-3.4190 -0.4433 0.0000
-3.1607 1.0514 0.0000
-3.3156 0.8304 0.0000
4.2591 0.4443 0.0000
4.4881 -2.5375 0.0000
4.3343 -3.5521 0.0000
2.9940 -4.1138 0.0000
3.0924 -4.3206 0.0000
2.8655 -4.4937 0.0000
2.9762 0.7835 0.0000
2.1314 1.3343 0.0000
-0.6848 -3.8663 0.0000
-0.7614 -4.1465 0.0000
-0.9634 -3.9560 0.0000
-1.0658 -4.2516 0.0000
4.0897 -0.2830 0.0000
3.8332 -0.3115 0.0000
3.6819 -0.5325 0.0000
-4.7561 -1.6832 0.0000
-4.7450 -1.9504 0.0000
-4.7077 -2.1664 0.0000
-0.1120 -1.3042 0.0224
-0.3240 -1.4671 0.0068
-3.5261 -4.7063 0.0000
2.4495 2.6378 0.0000
2.2954 2.4627 0.0000
-2.4218 0.2868 0.0000
-0.7567 3.8565 0.0000
-1.0412 3.7643 0.0000
-0.7558 1.7131 0.0004
-0.9998 1.6430 0.0001
-1.2188 1.5331 0.0000
-1.2653 -1.7048 0.0000
-1.2900 -1.9359 0.0000
0.6436 -2.3520 0.0000
0.4402 -2.5134 0.0000
-3.1359 3.8147 0.0000
-3.3439 3.6252 0.0000
-2.6389 2.4092 0.0000
-1.7621 -1.1279 0.0000
-2.0587 -1.1097 0.0000
4.7536 0.4656 0.0000
4.5193 0.5049 0.0000
0.9704 -3.9815 0.0000
0.6329 -3.9325 0.0000
4.3409 3.2599 0.0000
4.1368 3.0587 0.0000
4.1906 2.7921 0.0000
1.3914 -4.7364 0.0000
3.4608 -3.1848 0.0000
3.2060 -3.0389 0.0000
3.2213 -3.3395 0.0000
0.6821 3.2210 0.0000
0.0723 0.9064 0.1312
0.0040 0.8402 0.1697
-0.1059 0.8773 0.1501
-0.0731 0.7939 0.1983
-0.1289 0.7566 0.2192
-0.1639 0.6896 0.2607
-0.1934 0.8088 0.1809
-0.2332 0.6324 0.2869
-0.3055 0.5781 0.3004
-0.2399 0.7336 0.2182
-0.3219 0.6722 0.2343
-0.4021 0.6394 0.2231
-0.3821 0.5622 0.2764
-0.2946 0.4889 0.3662
-0.4645 0.5399 0.2450
-0.3819 0.4714 0.3310
-0.4704 0.4364 0.2932
-0.5452 0.4938 0.2178
-0.5790 0.4186 0.2246
-0.6320 0.3640 0.2048
-0.3984 0.3725 0.3769
-0.4543 0.3119 0.3636
-0.5165 0.3647 0.2917
-0.5714 0.2989 0.2714
0.3871 1.7837 0.0008
3.1549 4.4898 0.0000
3.0046 4.2512 0.0000
-0.9115 2.2177 0.0000
-2.5550 2.9997 0.0000
-2.7437 2.8447 0.0000
-1.2265 2.7229 0.0000
-2.0538 -3.1896 0.0000
-0.7248 -2.4705 0.0000
-0.9841 -2.6476 0.0000
-1.0150 -2.3661 0.0000
-0.1086 -4.3342 0.0000
-0.2795 -4.1787 0.0000
-3.4421 4.5188 0.0000
-3.6846 4.3668 0.0000
-3.9413 4.2364 0.0000
-3.6694 4.0531 0.0000
1.2162 -4.4851 0.0000
1.0869 -4.7473 0.0000
0.7842 -4.7496 0.0000
-2.0462 -2.3424 0.0000
-2.3234 -2.4473 0.0000
2.8537 0.3186 0.0000
1.5415 3.5459 0.0000
-0.0927 -3.3668 0.0000
-0.3472 -3.4878 0.0000
4.2665 -2.2410 0.0000
4.0096 -2.3388 0.0000
2.8364 4.0260 0.0000
-3.1981 1.3393 0.0000
-3.4443 1.1456 0.0000
-3.7484 1.1112 0.0000
-3.8553 0.8637 0.0000
-1.6149 -0.4052 0.0001
1.3199 2.6943 0.0000
1.1406 2.8965 0.0000
1.1351 2.5280 0.0000
-3.3114 3.3538 0.0000
-2.9581 4.7830 0.0000
-3.2140 4.7128 0.0000
4.0362 4.5413 0.0000
4.7461 4.2034 0.0000
4.4665 4.0478 0.0000
-3.0691 3.5343 0.0000
-3.0223 3.2624 0.0000
-1.6944 -4.2562 0.0000
-2.1704 -4.4990 0.0000
-4.4715 -0.6875 0.0000
-4.5006 -0.9579 0.0000
-4.7593 -1.0941 0.0000
0.4517 4.7568 0.0000
0.1556 4.7565 0.0000
0.0124 4.5127 0.0000
-0.7739 -2.8238 0.0000
-1.0625 -3.2269 0.0000
-1.8019 -0.6231 0.0000
-2.1175 -0.8193 0.0000
-4.4742 -2.8996 0.0000
-4.7409 -2.9279 0.0000
-4.7779 -3.1834 0.0000
0.1075 -3.8338 0.0000
-0.1709 -3.9513 0.0000
-0.4878 -4.0426 0.0000
-3.9906 3.2533 0.0000
-1.2735 1.2275 0.0001
-1.4477 1.0722 0.0000
-1.6790 0.9669 0.0000
-1.9149 0.8583 0.0000
-0.4654 2.9623 0.0000
-0.6142 2.7298 0.0000
4.5852 -3.4233 0.0000
2.7660 -4.2537 0.0000
-0.4671 3.9020 0.0000
4.7786 4.7826 0.0000
-2.1652 4.7420 0.0000
1.8626 -2.6352 0.0000
1.0383 -2.3861 0.0000
0.8252 -2.5351 0.0000
3.5897 0.1191 0.0000
3.6213 -0.1492 0.0000
-0.0145 3.6045 0.0000
-0.0970 3.3272 0.0000
1.7105 -0.7486 0.0000
-3.9279 0.1414 0.0000
-3.7401 -0.0624 0.0000
-3.9715 -0.1569 0.0000
-4.7614 -1.3924 0.0000
-0.6926 -0.3832 0.1610
-0.6332 -0.4472 0.1782
-0.7172 -0.4938 0.1213
-0.7848 -0.5423 0.0836
1.5382 0.2667 0.0003
1.4679 -0.0026 0.0005
1.2012 -0.0234 0.0089
1.0394 -0.1495 0.0302
1.3542 -0.2555 0.0015
1.1859 -0.6003 0.0039
4.0940 -3.6823 0.0000
3.8766 -3.8440 0.0000
-0.7192 -0.3049 0.1615
-0.7367 -0.2123 0.1649
-0.8163 -0.2515 0.1121
-0.8022 -0.3421 0.1085
-0.8694 -0.4582 0.0661
-0.7581 -0.4235 0.1168
0.9717 3.3612 0.0000
-2.0898 -0.5483 0.0000
2.6597 3.8103 0.0000
3.9573 0.5163 0.0000
4.1030 0.2393 0.0000
1.5662 0.5309 0.0002
1.3115 0.4999 0.0027
1.2769 0.2334 0.0046
1.0321 0.1626 0.0343
-2.1060 1.6993 0.0000
-4.0328 0.6992 0.0000
-4.2152 0.2705 0.0000
-4.4894 0.4015 0.0000
-4.4731 0.1276 0.0000
4.5100 2.4627 0.0000
3.7608 3.5225 0.0000
4.2845 -1.3641 0.0000
4.0688 -1.4964 0.0000
4.1516 -1.7530 0.0000
1.0540 4.3695 0.0000
0.9288 4.1204 0.0000
2.7058 3.1217 0.0000
2.6418 2.8328 0.0000
1.2125 3.1820 0.0000
0.9580 3.0928 0.0000
0.7896 2.9324 0.0000
0.6819 2.6792 0.0000
0.6956 0.6762 0.0858
3.5871 4.0600 0.0000
3.3996 3.8872 0.0000
0.0801 0.4684 0.4424
-0.0281 0.4773 0.4438
0.0204 0.4066 0.5026
-0.0943 0.4136 0.4913
-0.0431 0.3487 0.5496
-0.1098 0.2906 0.5810
-0.1549 0.3587 0.5191
-0.1810 0.2471 0.5829
-0.2673 0.2239 0.5470
1.8583 -2.9561 0.0000
1.5977 -3.0739 0.0000
3.0102 3.4880 0.0000
2.8692 3.2899 0.0000
1.8282 0.6278 0.0000
-1.2625 -4.4942 0.0000
-1.5625 -4.5010 0.0000
2.0581 -1.2452 0.0000
-0.9562 0.8375 0.0120
-1.1122 0.6478 0.0066
-1.3780 0.5032 0.0007
-1.6478 0.4045 0.0000
-0.4205 -2.3943 0.0000
4.7623 -2.3312 0.0000
-3.7994 -4.7790 0.0000
-1.6921 4.4518 0.0000
2.0318 3.4507 0.0000
1.7527 3.3651 0.0000
2.3284 -3.3859 0.0000
0.3882 -3.7260 0.0000
0.3313 -4.0107 0.0000
1.3315 1.0175 0.0006
1.2853 0.7427 0.0021
2.8169 0.0694 0.0000
1.2142 -1.3158 0.0001
1.0121 -1.4656 0.0004
1.0150 -1.7285 0.0001
-3.9964 -1.7618 0.0000
4.7673 1.0657 0.0000
4.4033 1.2522 0.0000
4.4962 0.9786 0.0000
4.2139 1.0006 0.0000
4.5206 -2.3195 0.0000
-3.2844 0.0777 0.0000
-3.4355 -0.1494 0.0000
-0.4912 -0.4798 0.2494
-0.5647 -0.5219 0.1893
-0.6544 -0.5423 0.1375
-0.6014 -0.6234 0.1342
-0.6663 -0.7149 0.0852
-0.6937 -0.6065 0.1034
-1.9114 1.1918 0.0000
-2.1539 1.0457 0.0000
3.7814 -4.0583 0.0000
4.1393 -3.9770 0.0000
3.9855 -4.1729 0.0000
3.8938 -4.3747 0.0000
-4.2361 -2.3065 0.0000
-3.9578 -2.3507 0.0000
-1.7213 -4.7483 0.0000
-4.5032 3.4709 0.0000
-0.6106 3.1584 0.0000
-0.7732 2.9704 0.0000
-0.9072 2.7349 0.0000
-4.2225 -1.9339 0.0000
-4.4354 -2.1052 0.0000
-3.2185 3.0712 0.0000
-2.0868 3.7120 0.0000
-2.2665 3.4689 0.0000
-4.5173 -1.2434 0.0000
4.2453 2.5362 0.0000
4.2381 2.2741 0.0000
3.9659 2.2656 0.0000
-2.8503 -3.5606 0.0000
-2.9026 -3.7959 0.0000
-3.1504 -3.7430 0.0000
-3.4338 -3.7868 0.0000
-2.9699 -4.0220 0.0000
-3.2108 -3.9924 0.0000
-3.2400 -4.2524 0.0000
-3.5772 -2.0222 0.0000
-3.7538 -2.2158 0.0000
0.2470 2.8734 0.0000
0.4068 2.6399 0.0000
0.1402 2.5737 0.0000
-4.4897 3.1914 0.0000
-4.0225 1.8958 0.0000
-4.1040 1.6504 0.0000
-4.2394 1.4378 0.0000
-0.4885 1.7473 0.0011
-0.5963 1.4754 0.0041
-3.9289 -0.4254 0.0000
3.9078 3.0085 0.0000
3.9405 2.7657 0.0000
3.6799 2.7817 0.0000
3.7216 2.5383 0.0000
-3.1200 2.7869 0.0000
-3.1423 2.5051 0.0000
0.9191 -3.4514 0.0000
0.6355 -3.5859 0.0000
-4.2808 -3.9172 0.0000
-4.5142 -4.0113 0.0000
-3.9525 2.9749 0.0000
-3.9238 2.6960 0.0000
-4.2228 4.7539 0.0000
-4.4969 4.7146 0.0000
-4.7728 4.7807 0.0000
-4.7391 4.5145 0.0000
-4.7387 4.2289 0.0000
-3.3895 0.3318 0.0000
-3.5722 0.1036 0.0000
-2.1032 -3.7182 0.0000
-2.1811 -3.9913 0.0000
-2.7950 -3.3251 0.0000
4.2470 -2.5214 0.0000
3.9815 -2.6225 0.0000
-1.3965 0.7910 0.0002
-1.6590 0.6810 0.0000
-1.9213 0.5325 0.0000
2.1416 -2.2541 0.0000
2.0014 -2.4403 0.0000
1.9586 -2.0747 0.0000
1.7969 -2.3098 0.0000
1.6158 -2.5341 0.0000
2.5664 0.6005 0.0000
2.3180 0.5632 0.0000
2.3200 0.2848 0.0000
2.0387 0.1225 0.0000
1.8281 -1.5906 0.0000
1.8430 -1.8222 0.0000
1.6774 -2.0497 0.0000
1.5526 -1.7843 0.0000
1.4012 -2.0311 0.0000
-1.7953 1.7714 0.0000
0.5232 2.9300 0.0000
-1.2555 -2.5087 0.0000
-1.2651 -2.7940 0.0000
-1.5175 -2.6386 0.0000
-1.5324 -2.9246 0.0000
2.4139 -0.3422 0.0000
-2.3374 -3.4831 0.0000
-2.3729 -3.7593 0.0000
-2.6059 -3.5921 0.0000
-2.6646 -3.8576 0.0000
4.0135 -0.9360 0.0000
3.7496 -1.0842 0.0000
-4.4983 0.6913 0.0000
-4.7490 0.5197 0.0000
-1.5461 3.1457 0.0000
-1.7155 2.9387 0.0000
4.3523 -3.8253 0.0000
2.4926 -2.0981 0.0000
3.9541 0.8280 0.0000
3.6979 0.6839 0.0000
-0.5476 3.6672 0.0000
-0.8331 3.5662 0.0000
-1.1076 3.4808 0.0000
3.0876 1.2562 0.0000
2.8234 1.2995 0.0000
-1.8099 3.9270 0.0000
-3.5080 -1.4966 0.0000
-4.5081 -4.5160 0.0000
-4.5157 -4.7552 0.0000
-4.7488 -4.4937 0.0000
-1.3227 3.6812 0.0000
-1.4023 3.3865 0.0000
-2.9056 1.7977 0.0000
3.2709 -0.8677 0.0000
2.9374 -0.8766 0.0000
3.1148 -1.0690 0.0000
2.8297 -1.1360 0.0000
2.8019 -1.4138 0.0000
4.2507 3.8077 0.0000
4.2696 3.5446 0.0000
4.5403 3.4474 0.0000
4.0685 3.3203 0.0000
0.2175 -4.2857 0.0000
0.0375 -4.1146 0.0000
-1.4287 4.1912 0.0000
-1.5397 3.8997 0.0000
0.4044 -0.5122 0.2937
0.3725 -0.5946 0.2613
0.2957 -0.5705 0.3092
0.3613 -0.6748 0.2190
0.2761 -0.6529 0.2606
0.3890 -0.7672 0.1618
0.2933 -0.7482 0.1975
0.2203 -0.7991 0.1826
0.1992 -0.7000 0.2475
0.1345 -0.7618 0.2152
0.1442 -0.8663 0.1539
0.0609 -0.8107 0.1881
2.7847 -3.6803 0.0000
-1.1878 3.2213 0.0000
-1.3365 3.0119 0.0000
2.3772 -1.0637 0.0000
2.3004 -1.3080 0.0000
-3.4103 -2.5549 0.0000
-3.6032 -2.7743 0.0000
1.5099 2.4935 0.0000
1.3049 2.3395 0.0000
-1.9929 -0.0428 0.0000
-2.1687 -0.2542 0.0000
0.3970 -3.4181 0.0000
0.1440 -3.5472 0.0000
3.2071 3.6902 0.0000
1.0584 -1.1351 0.0016
0.8263 -1.2596 0.0044
-0.0756 -3.0600 0.0000
-0.3186 -3.1860 0.0000
4.7570 -0.7869 0.0000
4.7551 -1.0846 0.0000
4.5163 -1.2372 0.0000
4.5225 2.1945 0.0000
4.3579 2.0208 0.0000
2.8472 0.5727 0.0000
2.5976 0.3617 0.0000
-4.2009 2.8065 0.0000
1.8778 1.2056 0.0000
-1.8719 -4.4930 0.0000
-2.0257 -4.7504 0.0000
-1.4951 -1.1771 0.0001
-1.6422 -1.4208 0.0000
-1.9175 -1.3428 0.0000
-2.1225 -1.4831 0.0000
-1.0838 0.3655 0.0162
-1.3213 0.2465 0.0022
-1.5597 0.1605 0.0001
3.3548 -3.8046 0.0000
3.2360 -4.0237 0.0000
4.7652 2.3338 0.0000
4.7331 2.0209 0.0000
-4.2739 -1.3819 0.0000
0.2326 1.5434 0.0051
-4.7400 -0.0087 0.0000
-1.3222 -3.4173 0.0000
-1.5938 -3.4983 0.0000
-3.8976 -2.8268 0.0000
-4.2017 -2.8472 0.0000
4.7645 1.7164 0.0000
4.5225 1.5413 0.0000
4.7441 -3.2413 0.0000
4.7906 -3.5829 0.0000
-0.3914 2.0121 0.0002
0.9197 -0.7188 0.0228
0.8700 -0.9745 0.0126
0.6605 -1.0015 0.0330
-2.3802 -0.4208 0.0000
-2.3561 -0.7058 0.0000
-2.6031 -0.8697 0.0000
0.6741 1.8655 0.0002
-1.4207 -3.7136 0.0000
1.3242 3.7274 0.0000
1.2591 3.4544 0.0000
-3.4676 4.7891 0.0000
-3.6964 4.6799 0.0000
-3.9529 4.7622 0.0000
-3.9476 4.5018 0.0000
4.2882 0.0669 0.0000
3.6349 -4.2857 0.0000
-2.4534 -4.0359 0.0000
-2.5142 -4.3011 0.0000
-2.7533 -4.4653 0.0000
-2.7338 -4.1358 0.0000
-2.9896 -4.2767 0.0000
-3.0248 -4.5239 0.0000
2.4073 -1.8057 0.0000
2.2318 -2.0174 0.0000
-4.2237 3.3952 0.0000
3.7269 -2.4483 0.0000
3.7158 -2.7373 0.0000
3.4697 -2.5727 0.0000
3.4631 -2.8832 0.0000
-2.7499 3.1644 0.0000
-2.9415 2.9802 0.0000
-2.0707 3.9623 0.0000
-2.3388 3.7447 0.0000
-1.4317 1.4190 0.0000
-1.6462 1.2527 0.0000
-4.7540 1.4092 0.0000
-4.7552 1.1099 0.0000
-0.5054 -4.3258 0.0000
-0.6101 -4.5868 0.0000
3.9114 -4.7425 0.0000
2.8560 1.5392 0.0000
-3.0870 0.2907 0.0000
-3.0839 -0.0440 0.0000
0.0020 0.0645 0.7004
-0.0505 -0.0124 0.7023
-0.1359 -0.0248 0.6772
-0.1524 -0.1189 0.6509
-0.2349 -0.1467 0.5961
-0.3250 -0.1462 0.5308
-0.1239 -0.1999 0.6277
-0.1973 -0.2292 0.5796
-0.2788 -0.2304 0.5297
-0.2960 -0.3141 0.4708
-0.3670 -0.2377 0.4607
-0.3389 -0.3979 0.3903
-0.4005 -0.3251 0.3914
-0.4367 -0.4152 0.3172
4.3594 -1.6167 0.0000
3.2827 4.7502 0.0000
2.9829 4.7488 0.0000
2.8438 4.5028 0.0000
-4.7460 3.3199 0.0000
2.2850 -3.6683 0.0000
2.2551 -3.9530 0.0000
1.6053 1.0976 0.0000
-3.6203 3.4646 0.0000
0.6479 -3.2854 0.0000
2.3887 0.8638 0.0000
2.0968 0.7420 0.0000
4.7833 3.2969 0.0000
4.5989 3.1491 0.0000
-2.6738 4.4321 0.0000
-2.9179 4.2658 0.0000
-3.1532 4.1168 0.0000
-1.9380 4.7262 0.0000
2.6137 1.6336 0.0000
2.5740 1.3624 0.0000
2.6196 1.0821 0.0000
2.3591 1.1739 0.0000
3.5483 3.3076 0.0000
3.3400 3.1483 0.0000
1.8417 0.9138 0.0000
2.3233 3.9082 0.0000
0.4763 3.4489 0.0000
0.1870 3.3874 0.0000
1.4846 -1.2960 0.0000
2.2148 -0.5313 0.0000
1.9458 -0.4354 0.0000
-2.8439 -2.2857 0.0000
-3.1352 -2.3960 0.0000
-2.0264 2.4671 0.0000
-2.1785 2.2181 0.0000
-2.3098 1.9425 0.0000
2.0550 -3.6001 0.0000
1.9947 -3.8344 0.0000
0.5508 3.7474 0.0000
0.7528 3.5361 0.0000
-1.6954 1.5036 0.0000
-1.7036 3.3670 0.0000
-0.4413 1.2621 0.0210
-0.6969 1.2014 0.0117
-2.5912 0.5284 0.0000
-4.0154 -3.0926 0.0000
-4.2838 -3.1365 0.0000
-4.4340 -3.4232 0.0000
0.7877 -1.8938 0.0001
0.5675 -2.0715 0.0001
0.0025 -0.5262 0.4017
-0.0706 -0.5874 0.3436
-0.1646 -0.5688 0.3395
-0.0505 -0.6770 0.2749
-0.1431 -0.6599 0.2741
-0.2015 -0.7296 0.2137
-0.2483 -0.6430 0.2598
-0.2869 -0.7439 0.1853
-0.1090 -0.7609 0.2092
-0.2024 -0.8172 0.1616
-0.2873 -0.8341 0.1379
-1.6146 -0.8884 0.0000
-1.8854 -0.8704 0.0000
4.7757 1.4220 0.0000
4.6367 1.2511 0.0000
1.7829 -4.0023 0.0000
1.5271 -3.9589 0.0000
1.5376 -4.2145 0.0000
0.6038 1.5833 0.0017
0.4428 1.4135 0.0073
0.2895 1.2530 0.0232
0.4354 1.0971 0.0375
0.2600 1.0387 0.0653
0.1283 0.9847 0.0938
0.0244 1.0101 0.0905
-0.0203 0.9254 0.1267
4.1264 1.2975 0.0000
3.9304 1.1217 0.0000
3.6946 0.9769 0.0000
-0.7569 2.4730 0.0000
-1.1881 2.3381 0.0000
3.3415 -1.5135 0.0000
-0.4205 -0.1590 0.4447
-0.5148 -0.1647 0.3567
-0.6084 -0.1646 0.2723
-0.6500 -0.2463 0.2220
-1.0757 -3.4842 0.0000
-1.1735 -3.7334 0.0000
-2.6554 -4.7445 0.0000
2.2420 4.5315 0.0000
2.0782 4.3534 0.0000
0.0564 -2.1819 0.0001
-0.2555 -2.1040 0.0001
-2.4522 -2.7152 0.0000
-2.6934 -2.7986 0.0000
-0.1204 -2.4004 0.0000
-1.2413 1.8037 0.0000
-1.5058 1.7015 0.0000
2.1387 1.6515 0.0000
3.8394 -0.7712 0.0000
3.5746 -0.8183 0.0000
-4.7614 1.7001 0.0000
-4.2017 4.5122 0.0000
-4.4652 4.4175 0.0000
-4.2003 4.2494 0.0000
-4.4754 4.1228 0.0000
0.2036 -1.7082 0.0024
-0.0170 -1.8957 0.0007
2.5319 4.0334 0.0000
2.3639 4.2509 0.0000
-1.7157 2.0475 0.0000
-2.0134 1.9704 0.0000
-3.9133 2.1200 0.0000
-4.1616 2.2357 0.0000
-4.2466 2.0040 0.0000
-4.3094 1.7612 0.0000
-1.6747 -0.1082 0.0000
-1.8878 -0.3266 0.0000
4.2846 -0.4859 0.0000
4.0046 -0.5690 0.0000
4.2285 -0.7706 0.0000
-0.0297 2.8101 0.0000
-0.1449 2.5256 0.0000
-4.2070 -0.0034 0.0000
2.7339 2.1779 0.0000
-0.8172 -3.4041 0.0000
-0.8864 -3.6818 0.0000
4.5167 1.8234 0.0000
4.2700 1.5127 0.0000
0.2924 4.4922 0.0000
-3.3214 -2.8429 0.0000
-3.2961 -3.2396 0.0000
3.2166 -0.3556 0.0000
3.0965 -0.6436 0.0000
-0.7804 -0.6484 0.0665
-0.7879 -0.8406 0.0365
-1.0261 -0.9528 0.0075
-0.9644 -0.6572 0.0263
-1.1926 -0.7243 0.0048
-1.3347 -0.9397 0.0008
0.6350 4.0313 0.0000
0.3474 3.9713 0.0000
1.5693 4.1804 0.0000
-3.1760 4.4167 0.0000
-3.4223 4.2353 0.0000
-3.3789 3.9544 0.0000
-3.9562 -4.0699 0.0000
-3.7238 -4.2022 0.0000
-3.9827 -4.3505 0.0000
-4.2462 -4.4640 0.0000
4.7538 -2.9403 0.0000
4.4956 -3.0656 0.0000
4.3650 -3.2869 0.0000
-2.2859 -1.9025 0.0000
-2.5168 -1.9674 0.0000
-2.5627 -2.2236 0.0000
0.6274 -0.6578 0.1159
0.5357 -0.6398 0.1626
0.4496 -0.6896 0.1779
0.5393 -0.7256 0.1284
0.4830 -0.7871 0.1248
0.3247 -0.8402 0.1432
1.1193 3.9173 0.0000
0.8345 3.8317 0.0000
-0.7657 4.7555 0.0000
-0.9329 4.5312 0.0000
-1.0672 4.7645 0.0000
-1.1990 4.5076 0.0000
-1.1606 4.2561 0.0000
-3.6787 1.3604 0.0000
-3.9878 1.3083 0.0000
-4.0319 1.0296 0.0000
0.3129 0.0114 0.5659
0.2594 -0.0591 0.6040
0.1918 -0.0944 0.6404
0.1122 -0.1265 0.6659
0.0362 -0.1772 0.6610
0.1312 -0.0367 0.6786
0.0281 -0.0830 0.6955
-0.0587 -0.1209 0.6800
-0.0381 -0.2305 0.6309
0.0509 -0.2713 0.6051
-0.0302 -0.3329 0.5612
-0.1130 -0.2925 0.5744
-0.1242 -0.3915 0.4961
-0.1991 -0.3120 0.5269
-0.1864 -0.4736 0.4094
2.2916 -1.5435 0.0000
2.1048 -1.7711 0.0000
3.5784 4.7743 0.0000
2.6808 2.5153 0.0000
2.5188 2.3178 0.0000
2.1294 -0.9940 0.0000
2.6635 -0.4111 0.0000
3.5280 -4.0200 0.0000
3.5095 -3.4883 0.0000
3.2837 -3.6169 0.0000
1.3968 4.7559 0.0000
1.2307 4.5393 0.0000
4.0866 -3.3900 0.0000
3.8339 -3.5431 0.0000
-2.3870 1.6657 0.0000
-2.4772 1.4108 0.0000
-2.1537 0.7440 0.0000
-2.4037 0.6392 0.0000
1.2571 -3.9595 0.0000
1.2992 -4.2117 0.0000
1.0528 -4.2366 0.0000
0.9239 -4.4911 0.0000
-1.8780 3.1588 0.0000
-1.8470 2.6949 0.0000
2.4766 -2.6111 0.0000
-0.7721 -1.6822 0.0005
-0.7564 -1.9318 0.0001
0.6139 -2.9697 0.0000
-3.5480 3.7682 0.0000
-3.7966 3.7458 0.0000
3.3622 0.2735 0.0000
1.9246 -0.1565 0.0000
1.6500 -0.2418 0.0000
1.7097 -0.5008 0.0000
1.4478 -0.5024 0.0003
0.3281 0.9398 0.0883
0.2643 0.8690 0.1258
0.1989 0.8065 0.1681
0.1622 0.7325 0.2195
0.0835 0.7006 0.2539
0.1074 0.6181 0.3128
0.2024 0.9261 0.1097
0.1435 0.8636 0.1456
0.0871 0.7960 0.1898
-0.0032 0.7400 0.2330
0.0125 0.6397 0.3068
-0.0739 0.6754 0.2797
-0.1422 0.5969 0.3332
0.0400 0.5466 0.3814
-0.0549 0.5707 0.3637
-0.1279 0.4966 0.4168
1.7145 2.3001 0.0000
1.4857 2.1598 0.0000
1.4368 1.8675 0.0000
0.3967 -3.1127 0.0000
-0.1492 4.7641 0.0000
-0.2951 4.5370 0.0000
-0.4704 4.7371 0.0000
-0.6407 4.4833 0.0000
-1.9333 4.4707 0.0000
0.0424 -0.9012 0.1386
-0.0039 -0.9901 0.0986
0.2486 -0.8825 0.1360
0.2875 -0.9681 0.0964
0.1888 -0.9620 0.1074
0.1043 -0.9585 0.1123
0.0845 -1.0549 0.0772
-0.0706 -1.1012 0.0604
-0.6694 0.2835 0.1978
-0.7136 0.2059 0.1792
-0.7314 0.3397 0.1435
-0.7794 0.2795 0.1245
-0.8095 0.2044 0.1162
-0.8316 0.1211 0.1104
-0.9341 0.2003 0.0583
-0.9128 0.0384 0.0735
-1.1058 0.0669 0.0194
1.4076 3.9983 0.0000
-2.3732 2.8121 0.0000
-2.5584 2.6618 0.0000
0.4189 -0.2444 0.4209
0.3889 -0.3108 0.4156
0.3120 -0.3203 0.4657
0.3669 -0.4089 0.3772
0.2612 -0.4127 0.4354
0.3227 -0.4885 0.3524
0.2336 -0.4988 0.3846
0.1576 -0.4924 0.4134
0.1973 -0.5903 0.3266
0.0974 -0.5587 0.3701
0.1245 -0.6492 0.2952
0.0650 -0.7084 0.2557
0.0249 -0.6251 0.3196
-0.0073 -0.7454 0.2288
1.0346 0.6640 0.0170
0.8197 0.6619 0.0541
0.7412 0.5463 0.0992
0.6577 0.5910 0.1216
3.9745 3.8091 0.0000
1.2581 -1.8344 0.0000
2.6348 1.9466 0.0000
2.3905 1.7917 0.0000
2.3512 1.4949 0.0000
-1.4796 1.9616 0.0000
3.4806 3.5969 0.0000
3.1728 2.5478 0.0000
3.0870 3.1523 0.0000
0.7764 -4.2134 0.0000
0.5009 -4.2334 0.0000
0.3529 -4.5131 0.0000
-1.6988 -3.7596 0.0000
-1.9178 -3.9264 0.0000
-1.9749 -4.2157 0.0000
-2.2584 -4.2587 0.0000
-2.3948 1.1754 0.0000
-2.6366 1.0831 0.0000
-2.8747 1.0022 0.0000
0.8388 1.1077 0.0103
0.8245 0.8513 0.0301
0.6056 1.2460 0.0120
0.6270 0.9856 0.0375
0.4402 0.9208 0.0775
-1.4444 4.4423 0.0000
0.1400 4.2092 0.0000
-0.1269 4.0512 0.0000
2.1032 2.6715 0.0000
1.9993 2.4008 0.0000
-1.0093 -1.7497 0.0001
-1.0348 -2.0134 0.0000
-1.2413 -2.2101 0.0000
3.1189 0.4624 0.0000
1.0283 2.2363 0.0000
0.8642 2.0271 0.0000
-4.5084 -3.7105 0.0000
-4.7590 -3.9104 0.0000
3.7293 -4.5500 0.0000
1.1028 -2.6734 0.0000
0.8669 -2.8298 0.0000
1.7793 -1.2918 0.0000
0.5687 0.5601 0.1719
0.4941 0.4843 0.2453
0.6547 0.5016 0.1495
0.5761 0.4602 0.2072
0.4243 0.4197 0.3227
0.6747 0.4257 0.1605
0.6070 0.3796 0.2165
0.6594 0.3095 0.2005
0.5701 0.2910 0.2727
0.5091 0.3795 0.2848
0.4842 0.2880 0.3431
0.3115 0.3689 0.4259
0.4030 0.3372 0.3829
0.4049 0.2367 0.4301
0.3280 0.2723 0.4729
0.2799 0.1872 0.5492
0.2421 0.2844 0.5220
0.4817 0.1994 0.3771
0.4364 0.1202 0.4400
0.3616 0.1719 0.4918
0.3488 0.0916 0.5254
0.2662 0.1001 0.5892
0.1926 0.2044 0.5951
0.1446 0.2852 0.5685
0.0673 0.2271 0.6281
0.1163 0.1693 0.6452
0.0632 0.1141 0.6813
0.2100 0.0174 0.6398
0.1836 0.1143 0.6370
0.1185 0.0557 0.6801
0.0500 -0.0015 0.7026
-3.4687 -3.0411 0.0000
-3.5679 -3.3066 0.0000
2.9770 -3.2073 0.0000
2.8389 -3.4127 0.0000
-4.7657 -2.4116 0.0000
0.0850 1.7905 0.0014
-0.0587 1.5402 0.0070
-0.1891 1.2810 0.0273
1.2110 1.7350 0.0000
1.1151 1.4957 0.0003
0.8847 1.6750 0.0003
1.6879 3.0667 0.0000
1.8726 2.8600 0.0000
1.5979 2.7776 0.0000
0.0500 -4.5125 0.0000
-0.1347 -4.7362 0.0000
4.7621 -1.7072 0.0000
4.5224 -1.8174 0.0000
0.3254 2.3285 0.0000
0.0336 2.2946 0.0000
-0.0887 2.0335 0.0003
4.7450 3.9095 0.0000
4.5123 3.7405 0.0000
-3.4830 -4.0724 0.0000
-3.5007 -4.3813 0.0000
-3.7487 -4.5040 0.0000
0.3744 3.1656 0.0000
0.0822 3.1021 0.0000
3.8529 0.2286 0.0000
1.8918 4.1923 0.0000
2.7568 -0.1757 0.0000
-3.1413 -3.0173 0.0000
-3.0429 -3.2770 0.0000
-3.0903 -3.5053 0.0000
0.8843 4.5298 0.0000
0.5841 4.5187 0.0000
1.4181 1.5665 0.0000
1.6464 1.3870 0.0000
1.3657 1.2966 0.0002
2.9796 2.0586 0.0000
2.8436 1.8124 0.0000
0.0781 3.8857 0.0000
-0.2261 3.8012 0.0000
-2.8722 2.6238 0.0000
-2.9090 2.3380 0.0000
1.0612 0.9313 0.0065
-3.5012 3.1535 0.0000
-3.7527 3.1993 0.0000
2.5049 -0.6300 0.0000
2.3068 -0.7972 0.0000
-0.5380 -1.1286 0.0256
-0.5999 -1.3531 0.0069
-0.8209 -1.4514 0.0018
4.7544 4.5118 0.0000
4.5252 4.3724 0.0000
-2.6055 -0.5929 0.0000
-2.8484 -0.9886 0.0000
-2.1814 -2.6832 0.0000
-0.4959 -1.9027 0.0003
-0.5660 -2.1728 0.0000
-0.8398 -2.1966 0.0000
-2.8339 -3.0700 0.0000
-2.6224 -2.4967 0.0000
-2.8896 -2.5660 0.0000
4.7676 -0.4849 0.0000
4.3374 -0.1981 0.0000
4.5445 -0.3474 0.0000
-3.7713 -1.4570 0.0000
-4.0076 -1.5003 0.0000
4.5115 -0.6445 0.0000
4.5004 -0.9324 0.0000
1.4224 -3.6871 0.0000
1.1222 -3.7017 0.0000
-1.4140 -4.7506 0.0000
1.9050 1.5073 0.0000
4.7594 -2.0247 0.0000
4.5244 -2.0966 0.0000
2.6901 -4.7328 0.0000
2.4193 -4.7399 0.0000
2.1594 -4.7646 0.0000
1.9932 -0.7228 0.0000
-3.7654 -2.5594 0.0000
-4.0458 -2.5935 0.0000
-4.5098 -2.3904 0.0000
-4.2115 3.1033 0.0000
-4.4255 2.9456 0.0000
4.7848 -4.7817 0.0000
-0.0327 -0.8307 0.1736
-0.0510 -0.9195 0.1263
-0.1215 -0.8624 0.1486
-0.1206 -0.9726 0.0990
-0.2286 -1.0574 0.0627
2.0948 -3.3474 0.0000
1.8333 -3.4979 0.0000
1.7149 -3.7187 0.0000
2.2040 2.2211 0.0000
1.0390 3.6386 0.0000
-4.2599 -1.6581 0.0000
-4.5003 -1.8335 0.0000
0.9652 2.7301 0.0000
0.8584 2.4535 0.0000
0.5715 2.4150 0.0000
0.7146 2.2104 0.0000
0.4956 2.0824 0.0001
0.2111 2.0491 0.0002
-1.5256 -2.0426 0.0000
-1.7827 -1.9023 0.0000
-1.7782 -2.2017 0.0000
-1.5012 -2.3380 0.0000
-1.7504 -2.4745 0.0000
-1.9846 -2.5865 0.0000
3.4496 2.4255 0.0000
3.2041 2.2536 0.0000
-2.3158 -2.9398 0.0000
-2.5647 -3.0450 0.0000
2.9130 2.6771 0.0000
2.9270 2.3715 0.0000
-2.7215 0.3069 0.0000
-2.8902 0.1343 0.0000
-0.6049 3.4126 0.0000
-0.8880 3.2588 0.0000
-2.1325 3.2427 0.0000
-2.4778 3.2835 0.0000
-1.6870 4.1851 0.0000
-1.9384 4.2152 0.0000
3.9867 2.5155 0.0000
0.0626 1.3291 0.0206
0.1159 1.1314 0.0511
-0.3360 1.0846 0.0573
-0.5222 1.0397 0.0460
-0.0579 1.1190 0.0589
-0.1950 1.0788 0.0677
-0.0865 0.9836 0.1024
-0.1708 0.9790 0.1018
-0.2696 0.9611 0.1010
-0.1962 0.8995 0.1339
-0.3679 0.9393 0.0957
-0.2855 0.8554 0.1434
-0.3180 0.7690 0.1803
-0.3867 0.8301 0.1342
-0.4133 0.7300 0.1722
-0.4603 0.9018 0.0909
-0.4828 0.8003 0.1201
3.4374 -4.5135 0.0000
-2.8368 3.7044 0.0000
-2.7827 3.4270 0.0000
2.0553 4.7486 0.0000
1.9042 4.5368 0.0000
-4.5034 0.9812 0.0000
-4.7535 0.8115 0.0000
0.6678 -0.5708 0.1228
0.7409 -0.6439 0.0755
0.7189 -0.8036 0.0525
0.6137 -0.7421 0.0966
0.5639 -0.8458 0.0827
-1.8144 -3.3341 0.0000
-1.8769 -3.5913 0.0000
1.7749 -4.2624 0.0000
1.4871 -4.4713 0.0000
4.7625 -0.1655 0.0000
3.7932 4.3583 0.0000
3.5945 4.2930 0.0000
1.7311 4.7525 0.0000
1.5619 4.5520 0.0000
-2.3042 -3.2003 0.0000
-3.9475 3.9845 0.0000
-4.0822 3.7308 0.0000
-4.2957 3.6451 0.0000
1.0909 1.2159 0.0017
0.8273 1.3923 0.0025
-3.6770 -0.3092 0.0000
-0.5476 -3.0012 0.0000
1.0714 4.7465 0.0000
0.7583 4.7644 0.0000
-1.2220 2.0928 0.0000
-0.0094 -2.7346 0.0000
1.7274 4.3734 0.0000
0.3403 -1.2671 0.0249
1.2207 2.0501 0.0000
1.0337 1.8770 0.0000
4.4708 0.2536 0.0000
4.5453 -0.0281 0.0000
1.8683 -1.0028 0.0000
1.6036 -1.0303 0.0000
-4.2120 -0.2919 0.0000
-2.9687 -2.8333 0.0000
-3.1529 -2.6653 0.0000
-0.7861 -4.4023 0.0000
-0.9782 -4.5366 0.0000
-1.1137 -4.7627 0.0000
-3.3529 -3.5084 0.0000
-3.6431 -3.5817 0.0000
-3.7280 -3.8745 0.0000
-2.5827 -1.1695 0.0000
-2.8417 -1.2783 0.0000
-3.0749 -1.8326 0.0000
-3.0742 -2.1237 0.0000
-3.2975 -1.9689 0.0000
3.0884 1.7764 0.0000
1.4830 3.2654 0.0000
1.4119 2.9815 0.0000
3.6743 1.2697 0.0000
3.4409 1.1386 0.0000
3.4488 0.8472 0.0000
3.1940 0.7283 0.0000
-0.6905 1.9864 0.0001
-3.3554 -1.0227 0.0000
-3.5377 -1.2208 0.0000
-3.9239 -3.6041 0.0000
2.2267 3.2100 0.0000
1.9436 3.1697 0.0000
2.1159 2.9684 0.0000
-3.5837 0.8697 0.0000
-3.7574 0.6124 0.0000
-3.9765 0.4236 0.0000
2.6259 -2.3629 0.0000
2.3541 -2.3432 0.0000
-2.8956 0.5135 0.0000
4.0680 -0.0405 0.0000
3.8515 -0.0285 0.0000
3.4865 -0.3410 0.0000
3.3864 -0.6021 0.0000
3.8019 -1.4147 0.0000
3.5583 -1.3334 0.0000
-4.0345 -1.2401 0.0000
-2.0548 0.2805 0.0000
-2.2245 0.1086 0.0000
-0.5666 -0.7173 0.1146
-0.5916 -0.8021 0.0819
-0.5929 -0.9265 0.0523
-0.7632 -1.0931 0.0149
-0.9464 -1.2319 0.0035
-1.0841 -1.4825 0.0004
1.3999 4.3635 0.0000
1.2262 4.1850 0.0000
0.9239 -0.3103 0.0546
0.7902 -0.3241 0.1118
0.8162 -0.4109 0.0860
0.7310 -0.4239 0.1263
0.7699 -0.5272 0.0867
0.6698 -0.4945 0.1430
0.5789 -0.4784 0.2024
0.5862 -0.5699 0.1644
-4.6129 3.6887 0.0000
-4.7983 3.5921 0.0000
-3.9274 -0.7146 0.0000
-3.9609 -0.9806 0.0000
4.7404 2.9400 0.0000
4.7554 2.6384 0.0000
2.8487 -1.6605 0.0000
2.6843 -1.8652 0.0000
-0.0254 0.2536 0.6187
-0.1024 0.1861 0.6444
-0.1880 0.1472 0.6266
-0.2737 0.1157 0.5828
-0.3190 0.0236 0.5610
-0.3430 0.1873 0.5066
-0.3750 0.1008 0.5032
-0.4133 0.0103 0.4766
-0.0059 0.1640 0.6685
-0.0773 0.0933 0.6854
-0.1526 0.0660 0.6657
-0.2290 0.0322 0.6276
-0.2241 -0.0554 0.6271
-0.3023 -0.0573 0.5704
-0.3835 -0.0706 0.4986
-0.4726 -0.0769 0.4134
-0.5674 -0.0804 0.3218
-2.6752 4.7251 0.0000
-2.9305 4.5417 0.0000
1.2610 -3.4502 0.0000
0.8501 -3.7376 0.0000
4.5187 -4.7367 0.0000
2.1179 1.0278 0.0000
2.4150 -3.1218 0.0000
2.1277 -3.0845 0.0000
2.4564 3.6673 0.0000
2.3213 3.4499 0.0000
-4.7579 -2.6664 0.0000
-0.5661 -3.2988 0.0000
-0.2713 2.2665 0.0000
-1.0518 2.9784 0.0000
3.7017 3.7951 0.0000
-4.2072 3.9820 0.0000
-4.4329 3.8487 0.0000
0.5095 -1.7785 0.0008
0.2786 -1.9776 0.0003
0.5729 -1.1601 0.0232
0.5919 -1.3839 0.0070
0.4086 -1.5314 0.0053
3.9661 -2.9018 0.0000
3.7046 -3.0247 0.0000
3.9419 -3.1865 0.0000
3.7208 -3.3094 0.0000
-4.1269 -3.3731 0.0000
-4.2269 -3.6333 0.0000
-4.0325 -3.8438 0.0000
-4.2079 -4.1607 0.0000
3.4837 2.1363 0.0000
3.2742 1.9637 0.0000
-2.7039 2.1266 0.0000
-2.6079 1.8899 0.0000
-2.6801 1.6140 0.0000
-1.7935 -2.7707 0.0000
-2.0444 -2.9187 0.0000
2.7953 -2.1210 0.0000
-0.3125 3.5412 0.0000
-0.3643 3.2593 0.0000
4.5110 4.7139 0.0000
4.2100 4.7732 0.0000
4.2959 4.5216 0.0000
-0.5730 0.8680 0.0746
-0.6247 0.7621 0.0876
-0.5140 0.7234 0.1388
-0.5785 0.6626 0.1352
-0.6650 0.6621 0.0996
-0.4822 0.6348 0.1898
-0.5613 0.5789 0.1743
-0.6461 0.5755 0.1321
-0.6386 0.4920 0.1616
-0.7375 0.4984 0.1070
-0.6934 0.4197 0.1491
-0.8003 0.6991 0.0485
-0.7383 0.5813 0.0891
-0.8894 0.5136 0.0469
-0.7888 0.4064 0.0995
-0.8712 0.3314 0.0724
1.8399 -3.2327 0.0000
1.5627 -3.3986 0.0000
0.6166 -2.6930 0.0000
0.3356 -2.7766 0.0000
0.1615 -2.9651 0.0000
4.0012 3.5725 0.0000
3.8336 3.2633 0.0000
-2.0285 -2.0506 0.0000
-2.2869 -2.1731 0.0000
-1.5436 -1.7253 0.0000
-1.8300 -1.6165 0.0000
-2.0551 -1.7607 0.0000
3.0468 -3.5494 0.0000
3.0444 -3.8242 0.0000
3.9027 4.7750 0.0000
3.7408 4.5784 0.0000
-4.7451 3.0254 0.0000
-4.5923 2.8247 0.0000
-4.7825 2.7185 0.0000
-4.6733 2.5116 0.0000
-1.8255 3.6850 0.0000
-1.9574 3.4536 0.0000
1.6430 -2.7921 0.0000
1.3791 -2.8241 0.0000
1.6956 1.9862 0.0000
1.6715 1.6853 0.0000
2.9295 3.7533 0.0000
2.7129 3.5258 0.0000
-3.3792 -2.2396 0.0000
-3.6007 -2.3839 0.0000
-4.4312 2.6350 0.0000
-0.7976 -4.7548 0.0000
4.2145 -4.7637 0.0000
-2.9357 2.0535 0.0000
-3.1687 2.2211 0.0000
-3.1818 1.9290 0.0000
-3.4436 1.8124 0.0000
0.4404 0.7932 0.1220
0.3557 0.8331 0.1248
0.3556 0.7238 0.1776
0.2818 0.7752 0.1690
0.2465 0.7063 0.2181
0.1870 0.6406 0.2784
0.1437 0.5398 0.3683
0.2278 0.5603 0.3265
0.1739 0.4585 0.4258
0.1181 0.3798 0.5070
0.0492 0.3165 0.5711
4.2623 -1.0738 0.0000
4.0143 -1.2194 0.0000
1.9386 2.1170 0.0000
2.1633 1.9442 0.0000
1.9161 1.8149 0.0000
-4.5367 1.8466 0.0000
0.5361 0.8466 0.0817
0.5311 0.7419 0.1167
0.4436 0.6984 0.1626
0.3930 0.6217 0.2214
0.2961 0.6396 0.2466
0.6534 0.7879 0.0710
0.5921 0.6620 0.1246
0.5090 0.6485 0.1613
0.4765 0.5792 0.2075
0.4083 0.5205 0.2736
0.3209 0.5472 0.2990
0.3465 0.4508 0.3511
0.2584 0.4663 0.3855
0.2137 0.3717 0.4772
-2.3436 -1.6417 0.0000
-2.5925 -1.7295 0.0000
-2.8006 -1.9819 0.0000
-3.1977 0.5557 0.0000
-4.0150 -4.6465 0.0000
-4.2559 -4.7480 0.0000
-0.3955 0.2571 0.4356
-0.4397 0.1800 0.4250
-0.5051 0.2466 0.3451
-0.5360 0.1631 0.3393
-0.4714 0.0897 0.4144
-0.5714 0.0844 0.3180
-0.6080 0.2105 0.2637
-0.6441 0.1282 0.2463
-0.6110 0.0073 0.2848
-0.5138 0.0052 0.3785
-0.6833 0.0462 0.2196
-0.7285 -0.0279 0.1845
-0.6569 -0.0676 0.2415
-0.6903 -0.1432 0.2073
-2.0993 -3.4444 0.0000
-4.1953 -0.5660 0.0000
-4.2104 -0.8401 0.0000
-4.2606 -1.0996 0.0000
3.8095 -2.1678 0.0000
3.5243 -1.9668 0.0000
3.5877 -2.2109 0.0000
3.3988 -2.3042 0.0000
-2.6675 4.1333 0.0000
-2.8958 3.9750 0.0000
-3.7360 -3.0585 0.0000
-3.8416 -3.3348 0.0000
-1.3196 4.7730 0.0000
-1.4719 4.6871 0.0000
-1.6910 4.7310 0.0000
-1.9313 1.4764 0.0000
-2.1885 1.3828 0.0000
-4.7317 2.2719 0.0000
-4.7627 2.0014 0.0000
-0.3105 2.7473 0.0000
-0.4505 2.4933 0.0000
-0.5855 2.2416 0.0000
-1.4979 2.2532 0.0000
2.5399 3.3334 0.0000
2.4378 3.0701 0.0000
2.3285 2.8415 0.0000
-0.9747 1.9297 0.0000
0.4943 -0.9519 0.0697
0.4296 -0.8567 0.1132
0.3658 -0.9241 0.1013
0.3980 -1.0635 0.0561
0.2246 -1.0845 0.0647
0.0985 -1.2186 0.0376
0.1462 -1.4366 0.0124
-0.0644 -1.5878 0.0049
1.7544 4.0034 0.0000
4.5189 -4.3361 0.0000
4.3667 -4.5274 0.0000
4.2377 -4.2619 0.0000
4.0825 -4.5102 0.0000
-0.5391 -1.6319 0.0015
2.5206 -3.8409 0.0000
2.5171 -4.1272 0.0000
2.2826 -4.2606 0.0000
2.7694 -3.9628 0.0000
-0.2349 -0.3935 0.4511
-0.2856 -0.4727 0.3681
-0.2531 -0.5483 0.3264
-0.3359 -0.5760 0.2734
-0.3726 -0.4909 0.3109
-0.4398 -0.5346 0.2493
-0.4189 -0.6158 0.2142
-0.4410 -0.7011 0.1623
-0.5088 -0.5943 0.1856
-0.5153 -0.6748 0.1479
3.0456 -0.1238 0.0000
2.9413 -0.4014 0.0000
