5.0000 5.0000 0.0000
0.0000 5.0000 0.0000
2.5000 5.0000 0.0000
3.7500 5.0000 0.0000
4.3750 5.0000 0.0000
4.6875 5.0000 0.0000
4.0625 5.0000 0.0000
3.1250 5.0000 0.0000
3.4375 5.0000 0.0000
2.8125 5.0000 0.0000
1.2500 5.0000 0.0000
1.8750 5.0000 0.0000
2.1875 5.0000 0.0000
1.5625 5.0000 0.0000
0.6250 5.0000 0.0000
0.9375 5.0000 0.0000
0.3125 5.0000 0.0000
-2.5000 5.0000 0.0000
-1.2500 5.0000 0.0000
-0.6250 5.0000 0.0000
-0.3125 5.0000 0.0000
-0.9375 5.0000 0.0000
-1.8750 5.0000 0.0000
-1.5625 5.0000 0.0000
-2.1875 5.0000 0.0000
-3.7500 5.0000 0.0000
-3.1250 5.0000 0.0000
-2.8125 5.0000 0.0000
-3.4375 5.0000 0.0000
-4.3750 5.0000 0.0000
-4.0625 5.0000 0.0000
-4.6875 5.0000 0.0000
5.0000 -5.0000 0.0000
5.0000 0.0000 0.0000
5.0000 -2.5000 0.0000
5.0000 -3.7500 0.0000
5.0000 -4.3750 0.0000
5.0000 -4.6875 0.0000
5.0000 -4.0625 0.0000
5.0000 -3.1250 0.0000
5.0000 -3.4375 0.0000
5.0000 -2.8125 0.0000
5.0000 -1.2500 0.0000
5.0000 -1.8750 0.0000
5.0000 -2.1875 0.0000
5.0000 -1.5625 0.0000
5.0000 -0.6250 0.0000
5.0000 -0.9375 0.0000
5.0000 -0.3125 0.0000
5.0000 2.5000 0.0000
5.0000 1.2500 0.0000
5.0000 0.6250 0.0000
5.0000 0.3125 0.0000
5.0000 0.9375 0.0000
5.0000 1.8750 0.0000
5.0000 1.5625 0.0000
5.0000 2.1875 0.0000
5.0000 3.7500 0.0000
5.0000 3.1250 0.0000
5.0000 2.8125 0.0000
5.0000 3.4375 0.0000
5.0000 4.3750 0.0000
5.0000 4.0625 0.0000
5.0000 4.6875 0.0000
-5.0000 -5.0000 0.0000
0.0000 -5.0000 0.0000
-2.5000 -5.0000 0.0000
-3.7500 -5.0000 0.0000
-4.3750 -5.0000 0.0000
-4.6875 -5.0000 0.0000
-4.0625 -5.0000 0.0000
-3.1250 -5.0000 0.0000
-3.4375 -5.0000 0.0000
-2.8125 -5.0000 0.0000
-1.2500 -5.0000 0.0000
-1.8750 -5.0000 0.0000
-2.1875 -5.0000 0.0000
-1.5625 -5.0000 0.0000
-0.6250 -5.0000 0.0000
-0.9375 -5.0000 0.0000
-0.3125 -5.0000 0.0000
2.5000 -5.0000 0.0000
1.2500 -5.0000 0.0000
0.6250 -5.0000 0.0000
0.3125 -5.0000 0.0000
0.9375 -5.0000 0.0000
1.8750 -5.0000 0.0000
1.5625 -5.0000 0.0000
2.1875 -5.0000 0.0000
3.7500 -5.0000 0.0000
3.1250 -5.0000 0.0000
2.8125 -5.0000 0.0000
3.4375 -5.0000 0.0000
4.3750 -5.0000 0.0000
4.0625 -5.0000 0.0000
4.6875 -5.0000 0.0000
-5.0000 5.0000 0.0000
-5.0000 0.0000 0.0000
-5.0000 2.5000 0.0000
-5.0000 3.7500 0.0000
-5.0000 4.3750 0.0000
-5.0000 4.6875 0.0000
-5.0000 4.0625 0.0000
-5.0000 3.1250 0.0000
-5.0000 3.4375 0.0000
-5.0000 2.8125 0.0000
-5.0000 1.2500 0.0000
-5.0000 1.8750 0.0000
-5.0000 2.1875 0.0000
-5.0000 1.5625 0.0000
-5.0000 0.6250 0.0000
-5.0000 0.9375 0.0000
-5.0000 0.3125 0.0000
-5.0000 -2.5000 0.0000
-5.0000 -1.2500 0.0000
-5.0000 -0.6250 0.0000
-5.0000 -0.3125 0.0000
-5.0000 -0.9375 0.0000
-5.0000 -1.8750 0.0000
-5.0000 -1.5625 0.0000
-5.0000 -2.1875 0.0000
-5.0000 -3.7500 0.0000
-5.0000 -3.1250 0.0000
-5.0000 -2.8125 0.0000
-5.0000 -3.4375 0.0000
-5.0000 -4.3750 0.0000
-5.0000 -4.0625 0.0000
-5.0000 -4.6875 0.0000
2.6551 3.0276 0.0000
2.3887 3.0327 0.0000
1.5380 -0.7658 0.0000
1.2893 -0.8620 0.0006
0.1006 -0.9663 0.1092
0.0246 -1.0049 0.0939
-0.1949 -1.2513 0.0267
-2.6901 0.0396 0.0000
-2.9715 -0.0106 0.0000
-4.2206 -4.2476 0.0000
-2.6191 3.4474 0.0000
4.3714 4.5190 0.0000
4.0745 4.5206 0.0000
3.7487 -4.5215 0.0000
-2.5191 -2.7969 0.0000
-2.6189 -3.0165 0.0000
3.5217 1.3914 0.0000
3.2924 1.5344 0.0000
3.5175 1.0830 0.0000
3.2582 1.2716 0.0000
3.2432 1.0196 0.0000
3.0922 3.4577 0.0000
2.8819 3.2407 0.0000
0.0274 -4.5128 0.0000
-2.5824 -0.4286 0.0000
-2.8812 -0.5134 0.0000
-3.9832 3.5579 0.0000
-4.2679 3.5119 0.0000
-0.1707 4.2541 0.0000
-0.4526 4.2614 0.0000
-0.6226 4.0399 0.0000
-4.7669 4.4936 0.0000
4.7389 -1.7690 0.0000
0.8770 2.2273 0.0000
-1.2388 0.8328 0.0011
-0.7553 -3.1819 0.0000
-4.4103 1.0910 0.0000
1.6237 4.0446 0.0000
4.2710 1.3619 0.0000
3.9874 1.3136 0.0000
3.7323 1.2287 0.0000
3.8869 1.0283 0.0000
3.7015 0.8620 0.0000
-3.8694 -0.8430 0.0000
0.9813 1.2682 0.0024
4.5100 -4.5073 0.0000
-0.9261 -4.0598 0.0000
-1.1632 -4.1752 0.0000
-1.0513 -4.3835 0.0000
-1.2566 -4.5202 0.0000
-1.4053 -4.7647 0.0000
-3.4525 -1.5765 0.0000
4.3654 2.9475 0.0000
4.2534 2.7131 0.0000
-1.4168 1.0295 0.0001
-1.7073 1.0277 0.0000
-2.6850 -4.4925 0.0000
0.7182 -2.1197 0.0000
0.5094 -2.3282 0.0000
0.3096 -2.5503 0.0000
0.0866 -2.7346 0.0000
-0.6556 -2.8862 0.0000
-0.9080 -1.6327 0.0004
2.8918 4.0111 0.0000
2.7195 3.7788 0.0000
-3.8771 4.2738 0.0000
-4.0042 4.0243 0.0000
-4.1674 3.7766 0.0000
3.7757 -3.7476 0.0000
0.3680 3.3822 0.0000
0.3574 3.1050 0.0000
0.1058 3.2397 0.0000
0.1070 2.9625 0.0000
-0.9060 -1.8972 0.0001
4.2176 -2.0876 0.0000
4.1983 -1.5088 0.0000
0.2051 -0.5348 0.3673
0.1045 -0.5368 0.3878
0.0236 -0.5649 0.3695
0.1410 -0.6140 0.3203
0.0593 -0.6435 0.3050
-0.0362 -0.6340 0.3100
-0.0902 -0.5747 0.3513
-0.1675 -0.6112 0.3057
-0.0090 -0.7276 0.2415
-0.1132 -0.6840 0.2620
-0.1909 -0.7390 0.2101
-2.8514 -2.9314 0.0000
-3.0966 -3.1364 0.0000
0.6334 4.1344 0.0000
-3.2230 -4.4756 0.0000
4.6311 0.9134 0.0000
-3.0799 -4.7416 0.0000
-1.1166 4.7456 0.0000
3.9418 -2.5140 0.0000
0.0370 2.1477 0.0001
-2.9665 4.7609 0.0000
-3.2770 4.7525 0.0000
4.1618 3.0393 0.0000
3.9935 2.8655 0.0000
4.0103 2.5742 0.0000
-3.4088 4.1325 0.0000
-4.5067 -0.3300 0.0000
4.5601 3.4137 0.0000
4.2964 3.2736 0.0000
-1.0986 2.9249 0.0000
0.1305 1.1246 0.0520
0.0700 1.0204 0.0848
0.0402 0.9130 0.1301
-0.0673 1.1064 0.0623
-0.0289 0.9895 0.0998
-0.0474 0.8912 0.1437
-0.1144 0.9552 0.1136
-0.1384 0.8688 0.1532
-0.2136 0.9152 0.1253
-0.1772 1.0146 0.0886
-0.2890 1.0139 0.0810
-0.2951 0.9213 0.1134
-0.4248 1.0487 0.0565
-0.3818 0.9125 0.1029
-0.3038 0.8316 0.1517
-0.4452 0.7249 0.1636
-0.4025 0.8123 0.1380
-0.4777 0.8896 0.0910
-0.5010 0.7995 0.1150
-0.5457 0.7157 0.1298
4.2886 -2.9060 0.0000
1.3308 3.2156 0.0000
1.3675 2.9675 0.0000
1.1208 2.9257 0.0000
1.1360 2.6553 0.0000
4.4729 -1.3775 0.0000
3.0001 1.2699 0.0000
4.3925 -2.5589 0.0000
-4.1369 -3.4987 0.0000
-4.2040 -3.7644 0.0000
-4.1735 -2.1783 0.0000
-4.2632 -2.4079 0.0000
2.2342 4.5147 0.0000
1.9479 -4.7546 0.0000
1.6699 -4.7512 0.0000
-3.3411 -4.7436 0.0000
-3.6210 -4.7492 0.0000
-1.5558 4.4944 0.0000
4.7704 2.6614 0.0000
4.7496 2.3751 0.0000
4.5178 -3.3989 0.0000
3.7330 -1.9243 0.0000
3.4364 -1.9426 0.0000
0.9087 1.9698 0.0000
1.1215 1.8235 0.0000
-2.0282 1.8451 0.0000
0.5187 -3.0201 0.0000
0.3129 -3.1688 0.0000
-1.6392 -2.7568 0.0000
-1.8975 -2.7981 0.0000
-1.7683 -3.0370 0.0000
-1.9237 -3.2821 0.0000
-2.1861 -2.7652 0.0000
-2.0577 -3.0291 0.0000
-2.2148 -3.2683 0.0000
-3.4057 -3.1782 0.0000
3.4903 0.3059 0.0000
3.3710 0.0607 0.0000
-0.5051 2.0365 0.0001
1.8288 3.3105 0.0000
-2.5747 0.5190 0.0000
4.7587 -2.9657 0.0000
4.5118 -3.0957 0.0000
2.8346 -1.6485 0.0000
2.2707 -2.7238 0.0000
2.0433 -3.0102 0.0000
4.7697 -2.6696 0.0000
4.5202 -2.7914 0.0000
-1.7036 -1.6514 0.0000
-1.9036 -1.9010 0.0000
-2.1329 -2.1064 0.0000
1.4214 3.7023 0.0000
1.4755 3.4511 0.0000
-0.2856 -2.1021 0.0001
-2.1600 -3.7737 0.0000
-2.4006 -4.0044 0.0000
-2.5308 -4.2503 0.0000
-2.0232 4.2765 0.0000
-2.1644 4.0289 0.0000
-1.9687 3.8058 0.0000
-2.2378 3.7534 0.0000
-3.7719 -4.4952 0.0000
-2.7129 -1.8617 0.0000
-2.9126 -2.0921 0.0000
4.7648 3.9001 0.0000
4.7444 3.5981 0.0000
0.7420 0.6747 0.0724
0.7310 0.5553 0.1011
0.6364 0.5102 0.1560
0.5565 0.4584 0.2196
0.4992 0.3963 0.2841
0.4552 0.4876 0.2661
0.4136 0.3842 0.3495
0.3818 0.2911 0.4228
1.9729 -1.8987 0.0000
3.5541 -3.5533 0.0000
3.5138 -3.8432 0.0000
-0.1390 4.7558 0.0000
-0.0143 4.5049 0.0000
1.0678 -3.5080 0.0000
4.7377 2.1010 0.0000
3.0104 3.7432 0.0000
2.8132 3.5152 0.0000
-3.5414 3.8327 0.0000
-3.6943 3.5795 0.0000
-3.9463 -2.3065 0.0000
-4.0222 -2.5540 0.0000
2.3102 -0.1569 0.0000
2.3424 -0.4219 0.0000
2.0652 -0.5444 0.0000
-4.1228 1.0722 0.0000
-4.2781 0.8229 0.0000
4.4694 -0.5747 0.0000
4.7470 -0.7280 0.0000
2.4157 2.0054 0.0000
2.1480 1.9871 0.0000
-0.8772 3.0860 0.0000
4.2070 3.7758 0.0000
2.1921 1.1200 0.0000
0.7811 -4.7553 0.0000
0.6051 -0.8785 0.0646
0.4075 -0.9961 0.0721
0.8235 -0.7301 0.0391
0.9679 -1.0578 0.0046
0.7951 -0.9206 0.0240
0.6557 -1.0673 0.0257
0.4924 -1.1264 0.0346
0.5183 -1.3275 0.0122
0.3115 -1.1307 0.0487
0.2638 -1.3159 0.0216
-2.5778 -4.7511 0.0000
-2.8344 -4.7490 0.0000
0.1901 -4.2921 0.0000
2.0115 -3.7945 0.0000
1.9470 -4.0373 0.0000
-2.2541 0.9863 0.0000
-2.4057 0.7377 0.0000
-3.5392 -3.4441 0.0000
2.5769 -1.7195 0.0000
2.5031 -2.0025 0.0000
2.3681 -2.2604 0.0000
-0.1432 -4.3300 0.0000
-0.2971 -4.5294 0.0000
-1.0418 -3.2559 0.0000
-0.6138 -4.1585 0.0000
-0.8178 -4.2936 0.0000
4.1863 1.8489 0.0000
4.0935 1.5729 0.0000
-3.8280 1.8064 0.0000
3.9466 2.0405 0.0000
3.9078 1.7608 0.0000
3.7766 1.5324 0.0000
4.5148 -3.7137 0.0000
1.6613 2.3040 0.0000
4.7377 -2.0528 0.0000
-3.4509 -1.0842 0.0000
1.2314 -2.0668 0.0000
0.9584 -2.0610 0.0000
-3.7301 0.7284 0.0000
-3.9982 0.7933 0.0000
-4.1603 0.5702 0.0000
-4.2250 0.3387 0.0000
-4.2705 0.0890 0.0000
1.2999 -3.6768 0.0000
-4.0576 -0.9837 0.0000
-1.8711 3.0084 0.0000
-3.9819 0.2468 0.0000
-3.6618 -3.7059 0.0000
1.6801 -1.8612 0.0000
1.5143 -2.0997 0.0000
4.2406 -4.2583 0.0000
-3.7750 -3.9764 0.0000
-3.9194 -4.2452 0.0000
-3.4966 -3.9577 0.0000
-1.1237 -1.1134 0.0022
-1.2778 -1.3398 0.0003
-1.5714 -1.3456 0.0000
-1.4209 -1.5716 0.0000
-1.4521 -1.8053 0.0000
-4.4596 -1.7901 0.0000
4.7588 -3.2678 0.0000
3.7739 0.3548 0.0000
-4.7503 -1.3973 0.0000
3.9849 -0.0907 0.0000
3.7643 -0.2615 0.0000
4.0378 -0.3508 0.0000
3.8678 -0.5531 0.0000
-3.9136 -4.7530 0.0000
-4.2023 4.7563 0.0000
-0.6737 -4.5187 0.0000
-0.7729 -4.7828 0.0000
-0.9339 -4.5887 0.0000
-1.1053 -4.7597 0.0000
4.7436 -0.9970 0.0000
2.8237 -0.5085 0.0000
2.8384 -0.8136 0.0000
2.4294 4.2831 0.0000
2.1342 4.2601 0.0000
2.4939 -3.9539 0.0000
-3.2945 3.9054 0.0000
1.9495 1.0486 0.0000
-0.4720 -4.7377 0.0000
-0.3339 3.9801 0.0000
-0.3853 3.6849 0.0000
-0.6311 3.7901 0.0000
-0.6377 3.5159 0.0000
-0.8962 3.9164 0.0000
-0.8951 3.6425 0.0000
-0.8885 3.3621 0.0000
-0.6977 -1.4276 0.0033
0.5211 1.2859 0.0122
0.3763 1.1685 0.0302
0.4095 0.8838 0.0946
0.4213 0.9956 0.0598
0.3167 0.9520 0.0856
0.2867 0.8850 0.1152
0.2436 1.0507 0.0634
0.2116 0.9565 0.0967
0.1986 0.8689 0.1358
0.1290 0.9438 0.1099
2.4522 2.7592 0.0000
2.3921 2.4774 0.0000
-3.6863 -1.6355 0.0000
-2.8693 0.2681 0.0000
1.0514 -0.8118 0.0064
-3.7392 1.5223 0.0000
-4.0167 1.5754 0.0000
4.2125 4.2593 0.0000
1.9454 0.7863 0.0000
-0.1389 0.3669 0.5179
-0.0790 0.5498 0.3795
-0.1643 0.5304 0.3815
-0.1055 0.4553 0.4551
-0.2023 0.4447 0.4375
-0.2331 0.3537 0.4905
-0.1705 0.2786 0.5685
-0.3291 0.3278 0.4504
-0.2028 0.1954 0.5989
-0.2672 0.2678 0.5245
-0.2998 0.1918 0.5385
-0.3827 0.1595 0.4823
-0.3204 0.0980 0.5508
-0.3475 0.0142 0.5369
4.7547 -0.1423 0.0000
4.2408 -0.0867 0.0000
1.3691 3.9609 0.0000
1.0850 3.9017 0.0000
4.5078 3.7649 0.0000
4.3722 3.5544 0.0000
2.1772 0.6055 0.0000
-3.3180 -2.9042 0.0000
1.3840 2.7064 0.0000
3.6999 -2.3837 0.0000
1.6511 0.6762 0.0000
3.4307 4.5316 0.0000
3.2922 4.2815 0.0000
-4.7611 0.7367 0.0000
-3.7459 2.3134 0.0000
-4.0383 2.3676 0.0000
-4.3011 2.4089 0.0000
-0.4819 -3.1250 0.0000
3.6156 -3.2634 0.0000
3.8155 -3.4682 0.0000
0.1672 -2.9847 0.0000
0.0251 -3.2492 0.0000
-0.2426 -3.4257 0.0000
4.2674 -3.7944 0.0000
-4.5475 4.5072 0.0000
-4.7430 4.2115 0.0000
-3.3631 1.1904 0.0000
-3.5507 0.9651 0.0000
-0.9647 -0.9029 0.0127
-2.8955 4.2380 0.0000
3.1797 0.2688 0.0000
3.2100 -0.1486 0.0000
2.9781 4.7632 0.0000
-2.8550 4.5006 0.0000
-3.1161 4.5146 0.0000
-1.7278 3.7190 0.0000
-1.9991 3.5249 0.0000
-2.3114 3.4931 0.0000
2.1635 2.2844 0.0000
1.8965 2.7400 0.0000
1.6490 2.5869 0.0000
0.6886 -0.6355 0.0970
0.5871 -0.6920 0.1217
0.5090 -0.7287 0.1387
0.4387 -0.8020 0.1323
0.5360 -0.7972 0.1052
0.4987 -0.9231 0.0766
0.4001 -0.8841 0.1097
0.3310 -0.8438 0.1406
0.3117 -0.9384 0.1045
0.1933 -0.9645 0.1063
0.2661 -1.0137 0.0831
0.1387 -1.1015 0.0631
0.0229 -1.3171 0.0230
-0.4187 -3.6627 0.0000
-0.4537 -3.9104 0.0000
-0.3320 -4.1797 0.0000
1.6311 3.7661 0.0000
-4.5018 -4.1649 0.0000
0.0372 -3.5455 0.0000
-0.1779 -3.7078 0.0000
-0.1990 -3.9634 0.0000
3.8816 0.6396 0.0000
0.8039 0.4624 0.0896
0.7192 0.4602 0.1281
0.6380 0.4100 0.1868
0.4840 0.2983 0.3389
0.9349 0.3549 0.0541
0.8170 0.3763 0.0968
0.7301 0.3720 0.1417
0.7757 0.2922 0.1295
0.6647 0.3097 0.1968
0.5721 0.3514 0.2506
0.5853 0.2646 0.2685
0.7133 0.2341 0.1778
0.6340 0.2015 0.2438
0.6970 0.1303 0.2034
0.5864 0.1287 0.2979
0.5267 0.2042 0.3355
0.5371 0.0427 0.3541
0.4847 0.1224 0.3941
0.4328 0.2089 0.4172
0.3358 0.2008 0.5014
0.4389 0.0371 0.4503
0.3887 0.1199 0.4839
0.3418 0.0317 0.5403
0.2932 -0.0539 0.5795
0.2361 0.1891 0.5773
0.2931 0.1119 0.5660
0.2438 0.0221 0.6177
0.2268 -0.1036 0.6177
0.8769 2.7928 0.0000
0.8791 2.5046 0.0000
0.6314 2.6348 0.0000
0.3877 2.5392 0.0000
1.5508 -1.5754 0.0000
2.0986 0.0363 0.0000
2.0689 -0.2631 0.0000
1.8129 -0.3733 0.0000
4.5051 -4.0031 0.0000
0.6654 -0.3542 0.1839
0.6626 -0.4456 0.1610
0.5820 -0.4946 0.1948
0.6908 -0.1773 0.2009
0.5908 -0.2055 0.2801
0.6630 -0.2683 0.2061
0.5712 -0.2974 0.2722
0.4876 -0.3444 0.3229
0.5808 -0.3908 0.2335
0.5073 -0.4408 0.2658
0.3986 -0.3825 0.3715
0.4387 -0.4444 0.3107
0.4023 -0.5093 0.2970
0.4937 -0.5380 0.2294
0.5832 -0.5931 0.1577
0.4995 -0.6358 0.1814
0.4097 -0.5980 0.2426
0.4225 -0.6983 0.1845
0.3373 -0.4481 0.3715
0.3100 -0.5457 0.3205
0.2417 -0.6186 0.2945
0.3480 -0.7548 0.1800
0.3340 -0.6497 0.2440
0.1782 -0.6940 0.2556
0.2628 -0.7107 0.2275
0.2506 -0.7942 0.1808
0.2387 -0.8828 0.1374
0.1689 -0.7833 0.1988
0.1484 -0.8715 0.1512
2.4050 1.2069 0.0000
-0.5094 -2.6021 0.0000
-0.8381 -2.6657 0.0000
3.0158 4.2579 0.0000
3.1945 3.9843 0.0000
-3.0691 0.4552 0.0000
-0.7172 -3.9140 0.0000
-1.5056 -0.3303 0.0004
4.7766 1.3871 0.0000
4.7596 1.1203 0.0000
-4.5014 2.1745 0.0000
-4.7563 2.0392 0.0000
2.5133 0.9758 0.0000
2.2370 0.8800 0.0000
-1.0807 -2.1049 0.0000
-1.2508 -2.3076 0.0000
-3.7065 -3.2185 0.0000
3.9592 -1.3421 0.0000
3.9105 -1.6455 0.0000
-4.5629 -4.4333 0.0000
-4.7808 -4.5176 0.0000
-2.2424 -4.2558 0.0000
-2.4066 -4.5026 0.0000
-0.5321 -2.2681 0.0000
-0.7341 -2.4295 0.0000
1.7746 -3.7454 0.0000
1.7105 -3.9874 0.0000
1.6569 -4.2336 0.0000
1.3767 -4.2138 0.0000
-2.6359 -2.1568 0.0000
1.9306 -4.2683 0.0000
1.7982 -4.5034 0.0000
-0.4410 -1.6151 0.0022
-0.6631 -1.7487 0.0005
-0.0809 0.8043 0.1918
-0.1401 0.7477 0.2241
-0.2008 0.6907 0.2539
-0.2880 0.6483 0.2604
-0.3390 0.5752 0.2886
-0.4333 0.5504 0.2570
-0.5621 0.4089 0.2406
3.0834 -0.6116 0.0000
3.1518 -0.8617 0.0000
-3.8424 -3.4618 0.0000
-3.9372 -3.7288 0.0000
-1.7167 -2.4902 0.0000
-1.9550 -2.5642 0.0000
1.8648 0.2182 0.0000
1.8474 -0.0746 0.0000
2.2024 -4.7663 0.0000
-0.9314 -3.7365 0.0000
3.0915 -1.5657 0.0000
2.7786 -1.9454 0.0000
1.9501 3.6383 0.0000
1.7197 3.5305 0.0000
1.6034 3.1777 0.0000
-0.9114 0.5022 0.0421
-1.0666 0.3143 0.0202
-1.3060 0.2840 0.0024
1.8004 -2.1426 0.0000
1.6171 -2.3771 0.0000
1.4246 -2.5964 0.0000
1.6160 1.7295 0.0000
1.5370 1.4428 0.0000
1.2519 1.3699 0.0003
1.9000 1.8413 0.0000
-3.6407 -1.8999 0.0000
-3.9131 -2.0306 0.0000
4.2182 0.6363 0.0000
4.0682 0.4221 0.0000
3.9092 4.7601 0.0000
4.1829 -2.3666 0.0000
0.0517 0.3931 0.5103
0.0860 0.4827 0.4290
-0.0446 0.3778 0.5263
0.0154 0.3028 0.5845
3.9870 -4.2392 0.0000
4.0594 -3.3734 0.0000
1.5473 -0.4790 0.0001
-3.9312 -1.7586 0.0000
-4.1781 -1.8955 0.0000
-0.6987 1.8137 0.0003
-0.4672 0.1798 0.3999
-0.5582 0.1755 0.3163
-0.6136 0.0931 0.2778
-0.7110 0.1028 0.1937
-0.6082 0.0083 0.2876
-0.6966 0.0126 0.2099
-0.7853 0.0371 0.1433
-0.8115 0.1132 0.1229
-0.8486 -0.0096 0.1057
-2.8002 -3.2225 0.0000
-2.9665 -3.4334 0.0000
1.4173 4.7649 0.0000
0.1524 4.7557 0.0000
-3.2475 -3.4154 0.0000
-3.1169 -3.6829 0.0000
4.2324 0.1660 0.0000
3.5264 1.6931 0.0000
3.2181 1.8103 0.0000
3.0476 1.5503 0.0000
-3.1897 4.2666 0.0000
1.0248 -3.7505 0.0000
0.7722 -3.7344 0.0000
4.0337 -3.6786 0.0000
-1.1454 0.5631 0.0063
-1.5614 0.2718 0.0001
3.5834 -0.4883 0.0000
3.3757 -0.7018 0.0000
0.7505 4.7522 0.0000
-3.4616 0.1769 0.0000
-3.5327 -0.0795 0.0000
-3.7400 0.1757 0.0000
4.2058 -4.7487 0.0000
3.9015 -4.7614 0.0000
4.7608 4.2069 0.0000
4.5234 4.0342 0.0000
-2.3723 -0.6320 0.0000
-2.6711 -0.6977 0.0000
-2.9813 -0.8093 0.0000
-2.9081 -1.1068 0.0000
3.2926 -3.6506 0.0000
3.2571 -3.9438 0.0000
2.9937 -4.0348 0.0000
-1.4012 3.8977 0.0000
-1.4890 3.6764 0.0000
-1.6752 3.4367 0.0000
-1.6347 3.1143 0.0000
-2.4430 3.9824 0.0000
-2.5265 3.7180 0.0000
-2.7965 3.6365 0.0000
-2.9853 3.7931 0.0000
-0.9331 -2.9593 0.0000
-1.1240 -2.7402 0.0000
-1.3765 -2.8098 0.0000
-1.2060 -3.0280 0.0000
-1.4942 -3.0447 0.0000
-1.6284 -3.2874 0.0000
4.7071 4.5033 0.0000
4.4921 4.2874 0.0000
4.2911 4.0159 0.0000
-1.5330 -0.8328 0.0001
-1.7037 -1.0754 0.0000
-3.6903 2.8013 0.0000
1.8802 3.0357 0.0000
1.6353 2.8775 0.0000
-4.4609 0.5687 0.0000
-4.5025 0.2711 0.0000
0.4748 -4.7606 0.0000
2.8449 4.5172 0.0000
2.7247 4.2731 0.0000
1.0736 -4.2396 0.0000
1.2278 -4.4867 0.0000
-1.8603 4.5111 0.0000
-0.3868 3.3881 0.0000
-0.6322 3.2329 0.0000
1.4935 -2.8756 0.0000
-3.3832 -3.6893 0.0000
2.1514 2.8828 0.0000
-0.5365 -3.3907 0.0000
-0.6648 -3.6542 0.0000
3.7624 2.7136 0.0000
-4.7143 -2.0329 0.0000
-3.0599 3.1804 0.0000
-3.3392 3.0987 0.0000
-2.6658 -3.9899 0.0000
1.2291 -1.1015 0.0004
1.0848 -1.3268 0.0005
0.9400 -1.5612 0.0004
0.7851 -1.2748 0.0052
0.6682 -1.5590 0.0018
0.5120 -1.8161 0.0006
0.7853 -1.8327 0.0002
0.4706 -2.0536 0.0001
-0.4344 -1.3536 0.0104
-0.1935 -1.4907 0.0074
1.2736 4.5158 0.0000
1.0670 4.3899 0.0000
-1.1813 -1.8392 0.0000
4.7772 -2.3273 0.0000
4.6217 -2.4946 0.0000
4.0714 -3.0317 0.0000
3.8839 -3.1755 0.0000
-3.2738 1.6922 0.0000
-3.1806 1.4088 0.0000
2.3156 -1.7890 0.0000
2.2147 -2.0079 0.0000
2.0655 -2.2159 0.0000
1.8959 -2.4441 0.0000
4.7471 -4.2019 0.0000
-2.7510 3.9477 0.0000
-3.0710 4.0241 0.0000
-1.0674 2.2006 0.0000
-0.8434 4.7518 0.0000
-0.9258 4.4996 0.0000
4.7544 -0.4501 0.0000
4.2828 -3.5231 0.0000
-4.5067 -4.7259 0.0000
0.2004 0.0995 0.6319
0.1231 0.0453 0.6798
0.1312 -0.1174 0.6623
0.1769 -0.0278 0.6583
0.0780 -0.0388 0.6950
0.0265 0.0466 0.7019
-0.0160 -0.0492 0.7024
0.0905 -0.2073 0.6368
-0.0051 -0.2216 0.6387
-0.0991 -0.2387 0.6136
-0.0429 -0.3156 0.5730
-0.1082 -0.0664 0.6817
0.0341 -0.1297 0.6811
-0.0625 -0.1455 0.6700
-0.1628 -0.1623 0.6296
-0.2547 -0.2168 0.5526
-0.1877 -0.2637 0.5640
-0.2329 -0.3443 0.4876
-0.1329 -0.3380 0.5352
-0.1757 -0.4238 0.4532
-0.8830 1.5979 0.0004
-1.1655 1.6841 0.0000
-1.3635 1.4674 0.0000
-1.5583 1.2667 0.0000
-4.2957 4.5066 0.0000
-4.4619 4.2644 0.0000
-0.2985 -0.2825 0.4879
-0.3327 -0.3612 0.4176
-0.3717 -0.4389 0.3443
-0.3309 -0.1669 0.5189
-0.3709 -0.2475 0.4531
-0.4103 -0.3282 0.3825
-0.4506 -0.4082 0.3117
-0.4879 -0.4887 0.2469
-0.5237 -0.5715 0.1888
-0.5532 -0.4141 0.2400
-0.5883 -0.4997 0.1852
-0.6090 -0.5939 0.1412
-0.5906 -0.6738 0.1212
-0.6803 -0.5269 0.1300
-0.7016 -0.6296 0.0949
-0.6778 -0.7524 0.0732
-0.8387 -0.7121 0.0434
-4.5026 -0.6297 0.0000
-4.7544 -0.4738 0.0000
-4.7565 -0.7779 0.0000
2.0954 3.9571 0.0000
1.8601 3.8672 0.0000
0.6338 -4.0452 0.0000
2.6000 4.0330 0.0000
2.3222 4.0387 0.0000
1.3296 -2.3297 0.0000
1.1322 -2.5439 0.0000
-1.4037 -4.2894 0.0000
-1.6795 -4.2691 0.0000
-1.5521 -4.5265 0.0000
-1.7086 -4.7652 0.0000
-2.0067 -4.7610 0.0000
-2.1246 -4.5102 0.0000
0.9331 -4.5064 0.0000
1.0359 -2.3041 0.0000
0.8001 -2.3908 0.0000
0.9064 -2.6507 0.0000
0.7158 -2.8562 0.0000
4.7577 -3.5774 0.0000
4.1103 3.4948 0.0000
-0.4265 1.7503 0.0013
-0.6136 1.4865 0.0036
0.5794 4.5081 0.0000
-2.7838 -0.2330 0.0000
4.2161 -1.7848 0.0000
-2.6541 4.7354 0.0000
-2.6423 4.4279 0.0000
0.1642 -4.7591 0.0000
2.4026 0.4281 0.0000
2.3669 0.1322 0.0000
2.1329 0.3220 0.0000
-4.5332 3.4268 0.0000
-4.5815 3.1159 0.0000
-4.7469 2.9374 0.0000
-2.9865 3.4695 0.0000
-3.1840 3.6701 0.0000
-3.2584 3.3789 0.0000
-1.9046 -3.7722 0.0000
-1.8953 -4.0163 0.0000
-2.1410 -4.0103 0.0000
3.4136 0.8008 0.0000
3.1137 0.7639 0.0000
2.9902 0.5283 0.0000
-0.1868 -0.8315 0.1567
-0.1887 -0.9333 0.1085
-0.2019 -1.0592 0.0644
-1.2650 4.5011 0.0000
-1.1107 4.2938 0.0000
-1.4123 4.2133 0.0000
-1.6371 3.9758 0.0000
-1.7124 4.2599 0.0000
-1.8811 4.0375 0.0000
-4.5266 2.4833 0.0000
-4.7671 2.6402 0.0000
-4.7575 2.3347 0.0000
-1.3653 -2.0598 0.0000
3.6977 -1.4117 0.0000
3.5954 -1.6805 0.0000
-4.5271 -3.4064 0.0000
-4.4082 -3.6208 0.0000
-4.7308 -3.6134 0.0000
2.3550 -1.5125 0.0000
2.8873 0.2750 0.0000
2.6047 0.2435 0.0000
-3.1477 -2.3079 0.0000
3.9533 -0.8213 0.0000
3.6772 -0.7685 0.0000
3.4819 -0.9454 0.0000
3.2755 -1.0892 0.0000
-2.2949 -0.3574 0.0000
-2.7211 -0.9586 0.0000
-2.7548 -1.3169 0.0000
-3.0394 -1.3592 0.0000
2.5751 -0.6209 0.0000
2.3029 -0.7168 0.0000
2.9912 1.0067 0.0000
-2.6283 2.3013 0.0000
-2.8935 2.1530 0.0000
-2.8102 1.8526 0.0000
-2.9956 1.6309 0.0000
-2.9076 1.3465 0.0000
-2.3360 1.9807 0.0000
-2.2475 1.7311 0.0000
-2.6080 2.0439 0.0000
-2.5303 1.7704 0.0000
-2.7189 1.5655 0.0000
-0.2349 -0.6768 0.2407
-0.3151 -0.6981 0.2043
-0.3813 -0.7709 0.1469
-0.3638 -0.8658 0.1098
-0.5716 -0.8693 0.0686
-0.4772 -0.9727 0.0584
-0.6021 -1.1436 0.0201
3.2888 3.6667 0.0000
0.4755 -4.2549 0.0000
0.3329 -4.5205 0.0000
3.9660 0.1560 0.0000
3.6857 0.0477 0.0000
-4.7389 0.4514 0.0000
-1.1308 -0.4084 0.0139
-1.3344 -0.5781 0.0019
-3.0696 -0.2865 0.0000
-3.1684 -0.5620 0.0000
-0.6157 1.1740 0.0187
-0.7915 0.9870 0.0188
4.7522 2.9716 0.0000
4.5477 2.8032 0.0000
-3.1791 0.6650 0.0000
-3.3493 0.4304 0.0000
-1.1444 -3.8841 0.0000
-4.7650 -3.9294 0.0000
2.6727 4.7624 0.0000
2.5439 4.5230 0.0000
0.3888 -1.5600 0.0046
0.1191 -1.5385 0.0070
-0.0301 -1.9386 0.0005
-0.0720 -1.6887 0.0026
-0.3014 -1.8153 0.0008
4.0030 -3.9682 0.0000
2.2402 -1.2970 0.0000
-4.2854 -1.0972 0.0000
-4.5221 -1.2252 0.0000
-4.3288 -4.4878 0.0000
2.4775 0.7009 0.0000
2.8909 2.2663 0.0000
2.6582 2.2549 0.0000
2.4215 2.2286 0.0000
2.8473 -0.1956 0.0000
2.7424 0.0325 0.0000
2.5397 -0.0836 0.0000
2.6092 -0.3230 0.0000
0.0944 -0.7169 0.2487
0.0709 -0.8004 0.1945
-0.0202 -0.8285 0.1759
-0.1008 -0.7793 0.1988
-0.1032 -0.8797 0.1418
0.0555 -0.8901 0.1444
-0.0194 -0.9291 0.1238
-0.0935 -0.9854 0.0961
-0.0322 -1.1139 0.0585
-3.5133 -2.6788 0.0000
-4.7598 -2.3545 0.0000
-0.5751 0.6228 0.1511
-0.6207 0.5378 0.1573
-0.7109 0.5175 0.1158
-0.7671 0.4596 0.1008
-0.7050 0.3737 0.1531
-0.7946 0.3754 0.1018
0.7984 -0.5501 0.0717
0.7300 -0.4962 0.1112
0.6623 -0.5439 0.1332
0.6604 -0.7620 0.0766
3.3947 -1.4649 0.0000
3.2994 -1.7269 0.0000
-3.4283 3.5946 0.0000
-3.5405 3.3168 0.0000
-0.1118 -2.9557 0.0000
-0.2526 -3.1740 0.0000
-2.8107 -4.2312 0.0000
-3.0841 -4.2127 0.0000
-3.4642 -0.5726 0.0000
-3.5818 -0.8206 0.0000
2.9595 -2.1710 0.0000
2.6604 -2.2359 0.0000
2.5097 -2.5269 0.0000
0.5972 -2.6140 0.0000
0.3838 -2.8150 0.0000
-3.8004 3.3299 0.0000
-4.0732 3.2886 0.0000
0.7208 1.4911 0.0021
-2.3575 3.0150 0.0000
-2.2936 2.7419 0.0000
-2.5596 2.8179 0.0000
-4.0316 -0.0120 0.0000
-4.2489 -0.1975 0.0000
2.3613 4.7597 0.0000
2.0481 4.7486 0.0000
1.4115 2.1808 0.0000
-4.1022 1.8554 0.0000
1.3905 -1.8248 0.0000
1.2466 -1.5692 0.0000
1.0898 -1.8094 0.0000
-0.8665 2.4236 0.0000
-0.7857 2.1209 0.0000
-2.3703 -2.2718 0.0000
-3.5760 4.7449 0.0000
-3.7336 4.5295 0.0000
2.6046 3.3001 0.0000
2.3635 3.2811 0.0000
2.1213 3.1719 0.0000
-0.5296 -1.9577 0.0002
-0.7482 -2.0928 0.0000
-0.9124 -2.2762 0.0000
-1.0621 -2.4791 0.0000
-2.1530 -0.8466 0.0000
-2.2717 -1.1143 0.0000
-2.4468 -0.8956 0.0000
-2.5617 -1.1643 0.0000
-2.7458 -2.6878 0.0000
-2.8464 -2.3584 0.0000
-3.2907 -0.8222 0.0000
4.7821 4.7744 0.0000
4.5141 4.7518 0.0000
0.8081 -0.1801 0.1195
0.7521 -0.2405 0.1473
0.9320 -0.1908 0.0597
0.8424 -0.2879 0.0899
0.8635 -0.4056 0.0673
0.7510 -0.3313 0.1332
0.7525 -0.4170 0.1162
2.5269 3.5600 0.0000
2.2818 3.5040 0.0000
2.0535 3.4157 0.0000
3.6008 4.7432 0.0000
2.7476 1.1082 0.0000
3.7490 -1.0838 0.0000
3.4969 -1.2242 0.0000
3.1744 -1.3209 0.0000
-4.1592 -1.3139 0.0000
-4.3828 -1.4204 0.0000
3.4964 -0.1968 0.0000
3.3079 -0.4216 0.0000
-4.2782 -2.6975 0.0000
-4.5124 -2.8399 0.0000
-4.7633 -2.9747 0.0000
-4.5208 -3.1219 0.0000
-4.7662 -3.2852 0.0000
-0.2705 -0.4369 0.4016
-0.3154 -0.5203 0.3201
-0.4089 -0.5176 0.2751
-0.2117 -0.5204 0.3632
-0.2634 -0.5983 0.2864
-0.3492 -0.6096 0.2464
-0.4395 -0.5927 0.2177
-0.4118 -0.6818 0.1817
-0.4612 -0.8338 0.1018
-0.5085 -0.6603 0.1564
-0.4802 -0.7457 0.1303
-0.5627 -0.7648 0.1000
3.7468 -4.0170 0.0000
3.4853 -4.1392 0.0000
-2.8821 2.9754 0.0000
-2.8175 2.7459 0.0000
-3.0718 2.6655 0.0000
4.7569 -4.7557 0.0000
-3.7925 -2.7401 0.0000
-0.6465 2.6238 0.0000
-0.5814 2.3274 0.0000
3.9919 -1.9242 0.0000
3.9140 -2.1971 0.0000
4.2394 2.1182 0.0000
4.0029 2.2894 0.0000
0.1322 4.2619 0.0000
-0.2053 0.8145 0.1764
-0.2588 0.7464 0.2067
-0.3472 0.7342 0.1912
-0.3885 0.6479 0.2243
-0.4807 0.6378 0.1893
-0.5192 0.5537 0.2079
-0.5460 0.4815 0.2228
-0.6475 0.4443 0.1709
-3.0803 1.1207 0.0000
-3.2685 0.9183 0.0000
3.2849 4.7662 0.0000
3.1361 4.5214 0.0000
-3.4594 1.4693 0.0000
-4.0216 4.5167 0.0000
-4.1655 4.2613 0.0000
-0.2733 -2.3943 0.0000
3.0332 0.0225 0.0000
3.0385 -0.3358 0.0000
-1.8268 -2.2100 0.0000
-3.0662 -2.8240 0.0000
2.0319 -0.8355 0.0000
0.2520 0.4397 0.4081
0.1510 0.4069 0.4750
0.2219 0.3528 0.4867
0.1857 0.2762 0.5567
0.1492 0.2015 0.6167
0.1133 0.3174 0.5561
0.0748 0.2304 0.6243
0.1217 0.1302 0.6591
0.0453 0.1387 0.6753
-0.0195 0.2101 0.6448
-0.0789 0.2855 0.5911
-0.0475 0.1170 0.6837
-0.0738 0.0268 0.6970
-0.1949 -0.0672 0.6426
-0.1146 0.1910 0.6383
-0.1438 0.1010 0.6618
-0.2275 0.1167 0.6138
-0.1689 0.0151 0.6630
-0.2489 0.0326 0.6142
-0.2818 -0.0495 0.5875
-0.2565 -0.1291 0.5877
-2.1287 0.7320 0.0000
-4.0464 -4.0015 0.0000
-4.3141 -3.9811 0.0000
1.3282 1.6354 0.0000
1.0206 1.5674 0.0004
-3.3578 -4.2124 0.0000
-3.6361 -4.2280 0.0000
-3.4940 -4.4834 0.0000
-0.0186 4.0201 0.0000
0.1516 3.7832 0.0000
-0.1187 3.7666 0.0000
-0.1331 3.5067 0.0000
4.0040 4.0013 0.0000
3.9211 3.7024 0.0000
0.2279 -1.7924 0.0014
0.2306 -2.0466 0.0002
-0.0294 -2.2096 0.0001
4.1693 -2.6846 0.0000
1.1581 2.1132 0.0000
2.1582 2.6014 0.0000
1.9127 2.4448 0.0000
0.2872 -3.7114 0.0000
-2.0217 4.7585 0.0000
-2.1637 4.5165 0.0000
-0.2891 2.2300 0.0000
-2.4310 1.4992 0.0000
-2.3717 1.2417 0.0000
1.2736 -0.5801 0.0017
3.0541 -1.8610 0.0000
2.9938 -1.0844 0.0000
2.8811 -1.3541 0.0000
2.6163 -1.4268 0.0000
-0.9914 -1.3712 0.0013
-1.1633 -1.6026 0.0001
4.5116 0.1846 0.0000
4.1739 1.0965 0.0000
4.0508 0.8306 0.0000
4.7628 0.1390 0.0000
-2.8087 1.0584 0.0000
-2.9764 0.8222 0.0000
1.7969 -0.6615 0.0000
0.2410 -2.2924 0.0000
0.0151 -2.4753 0.0000
-3.9496 2.8325 0.0000
-4.1411 3.0073 0.0000
1.5134 -4.4872 0.0000
-3.4061 4.4835 0.0000
-3.5943 4.3102 0.0000
3.6976 -2.6716 0.0000
4.4922 -4.7513 0.0000
-3.1688 -1.0789 0.0000
-3.3235 -1.3374 0.0000
-3.8809 2.5785 0.0000
-4.2059 2.6762 0.0000
-2.4188 -2.6171 0.0000
-2.3392 -2.9992 0.0000
-4.3382 3.2274 0.0000
-4.3892 2.9414 0.0000
-4.5099 2.7417 0.0000
-4.5495 -1.5578 0.0000
-4.7578 -1.7278 0.0000
4.2153 4.7627 0.0000
2.7861 0.7932 0.0000
2.6977 0.5115 0.0000
-1.6533 1.5265 0.0000
-1.8546 1.2992 0.0000
-1.9812 1.0103 0.0000
-2.4546 3.2585 0.0000
-2.6470 3.0721 0.0000
4.7829 0.7317 0.0000
4.7140 0.4326 0.0000
1.7072 4.3308 0.0000
0.6196 0.7069 0.1011
0.5375 0.7609 0.1082
0.5450 0.6479 0.1473
0.4724 0.6974 0.1531
0.4622 0.5932 0.2069
0.6340 0.6055 0.1267
0.5458 0.5508 0.1867
0.3743 0.5547 0.2695
0.3526 0.4610 0.3408
0.3189 0.3682 0.4216
0.2828 0.2781 0.5006
-4.2914 4.0104 0.0000
-4.5401 4.0027 0.0000
-4.7634 3.8884 0.0000
-4.4757 3.7308 0.0000
-4.7532 3.5946 0.0000
-4.7722 3.2821 0.0000
-4.5444 1.5862 0.0000
-4.7916 1.7195 0.0000
-4.7714 1.4277 0.0000
3.6495 3.2677 0.0000
3.6229 2.9189 0.0000
0.0493 1.8580 0.0009
0.0508 1.5122 0.0077
0.4291 4.2621 0.0000
3.1362 2.3509 0.0000
2.9680 2.0492 0.0000
2.5406 -0.9025 0.0000
3.5907 -4.7470 0.0000
2.6326 -4.4471 0.0000
2.3687 -4.4961 0.0000
3.0753 -3.4568 0.0000
2.8139 -3.5627 0.0000
-1.9151 2.3268 0.0000
-4.7624 -4.2159 0.0000
4.4916 2.2384 0.0000
3.7246 3.8697 0.0000
3.4734 4.0945 0.0000
3.4713 3.8512 0.0000
-2.2193 -0.0684 0.0000
-2.4924 -0.1473 0.0000
-0.4682 -0.2480 0.3724
-0.5675 -0.2505 0.2874
-0.5115 -0.3309 0.3041
-0.6137 -0.3368 0.2257
-0.6563 -0.4254 0.1714
-0.7410 -0.4585 0.1181
-0.8042 -0.5515 0.0754
-0.9108 -0.4583 0.0533
1.0864 -4.7509 0.0000
-1.8462 -0.7916 0.0000
-1.8296 -0.4825 0.0000
-2.0862 -0.5755 0.0000
-0.2798 -0.7853 0.1642
-0.2661 -0.8812 0.1203
-0.3177 -0.9750 0.0782
-0.3761 -1.1343 0.0355
3.3493 -2.2771 0.0000
-0.1462 -4.7478 0.0000
1.7216 -1.2996 0.0000
1.8259 -1.6154 0.0000
2.9963 -4.7625 0.0000
3.9987 3.2297 0.0000
3.8164 3.0644 0.0000
3.8387 3.4323 0.0000
-4.2114 -4.7518 0.0000
2.9970 -2.6778 0.0000
2.8885 -2.9634 0.0000
-1.3807 -3.7684 0.0000
-1.6414 -3.7775 0.0000
-1.4101 -4.0274 0.0000
-1.6527 -4.0246 0.0000
-4.5418 0.8573 0.0000
2.4516 -4.2216 0.0000
2.0944 -4.5190 0.0000
3.4347 2.7663 0.0000
3.2713 2.5627 0.0000
-4.5200 -2.5454 0.0000
-4.7616 -2.6691 0.0000
1.2151 -2.7926 0.0000
1.2743 -3.0750 0.0000
3.5818 -2.1633 0.0000
-3.2094 -3.9434 0.0000
2.5993 -3.3704 0.0000
2.5522 -3.6636 0.0000
-4.7647 -4.7691 0.0000
3.5548 2.5328 0.0000
3.4290 2.2915 0.0000
3.4529 1.9907 0.0000
3.1992 2.0917 0.0000
-0.7191 -0.9274 0.0347
-0.8450 -1.1519 0.0081
-0.1231 2.6904 0.0000
-0.3694 2.5180 0.0000
2.4253 3.8014 0.0000
2.1852 3.7288 0.0000
1.8948 4.1553 0.0000
0.6275 -4.5105 0.0000
-1.9814 -1.0812 0.0000
-2.1184 -1.3498 0.0000
-2.4100 -1.3727 0.0000
-3.0078 -1.8227 0.0000
-3.1741 -2.0096 0.0000
-3.4141 -2.1134 0.0000
-1.5472 0.7821 0.0000
-1.4079 0.5430 0.0004
-1.7012 0.5215 0.0000
-1.8420 0.7610 0.0000
3.1681 3.1853 0.0000
2.9570 2.9751 0.0000
2.7642 2.7636 0.0000
-2.3334 4.7636 0.0000
-2.4459 4.5194 0.0000
-2.3345 4.2668 0.0000
-2.6142 4.2030 0.0000
-1.5012 2.5374 0.0000
2.0059 -1.4072 0.0000
2.1092 -1.6514 0.0000
-0.4130 4.7604 0.0000
0.5577 -3.3034 0.0000
0.2863 -3.4293 0.0000
0.5004 3.8957 0.0000
0.3817 3.6523 0.0000
0.1125 3.5132 0.0000
-0.1348 3.2361 0.0000
-0.1353 2.9606 0.0000
-0.3884 2.8005 0.0000
-4.6542 1.2329 0.0000
-4.7521 1.0398 0.0000
-4.3740 1.9066 0.0000
-4.5892 1.8557 0.0000
3.2179 -2.0688 0.0000
-2.1240 0.2174 0.0000
-2.4037 0.1558 0.0000
-2.9552 -4.4801 0.0000
1.5522 -3.1604 0.0000
1.8361 -3.2382 0.0000
1.5878 -3.4381 0.0000
1.5485 -3.6780 0.0000
0.4894 -0.0449 0.4012
0.3926 -0.0489 0.4943
0.3425 -0.1299 0.5250
0.2770 -0.1780 0.5604
0.2370 -0.2770 0.5374
0.6358 0.0448 0.2613
0.5851 -0.0397 0.3084
0.6323 -0.1181 0.2581
0.5358 -0.1310 0.3457
0.4440 -0.1323 0.4331
0.3915 -0.2040 0.4601
0.3197 -0.2522 0.4971
0.4897 -0.2314 0.3638
0.4037 -0.2945 0.4124
0.3050 -0.3527 0.4512
0.2510 -0.4503 0.4138
0.2034 -0.3670 0.4950
0.1870 -0.1967 0.6066
0.1447 -0.2870 0.5732
0.1051 -0.3760 0.5197
0.1536 -0.4540 0.4458
0.0505 -0.2982 0.5868
0.0109 -0.3901 0.5179
0.0530 -0.4638 0.4547
-0.0741 -0.4162 0.4879
-0.0296 -0.4993 0.4232
-0.1259 -0.5002 0.4060
-4.2043 -1.6164 0.0000
-3.2463 -2.5998 0.0000
4.7763 3.2749 0.0000
4.5262 3.1285 0.0000
4.4914 -4.2650 0.0000
1.1932 4.1719 0.0000
0.9193 4.1363 0.0000
0.6171 2.0343 0.0001
2.7237 -4.1646 0.0000
-2.6381 1.2871 0.0000
-1.0184 2.6377 0.0000
-1.2009 2.4554 0.0000
-4.5126 -0.0340 0.0000
-4.7577 -0.1672 0.0000
3.0309 -3.7504 0.0000
2.7643 -3.8624 0.0000
2.7040 1.9996 0.0000
2.5690 1.7844 0.0000
2.5005 1.5288 0.0000
2.2889 1.7420 0.0000
-2.2986 -4.7571 0.0000
-0.9568 0.7648 0.0153
-0.4842 -4.3877 0.0000
3.9264 4.2876 0.0000
3.7332 4.1225 0.0000
-0.9149 4.1560 0.0000
-1.1680 4.0316 0.0000
-1.1667 3.7524 0.0000
-1.1415 3.4829 0.0000
-1.3697 3.5314 0.0000
-1.4207 3.3027 0.0000
-2.0385 -2.3358 0.0000
-2.2378 -2.4811 0.0000
3.9384 -2.8237 0.0000
-0.8543 -3.4567 0.0000
-1.1632 -3.5522 0.0000
-2.6111 0.3014 0.0000
-1.4135 4.7522 0.0000
4.7424 -1.2457 0.0000
4.7373 -1.4965 0.0000
4.5372 1.4015 0.0000
4.4749 1.1486 0.0000
4.3489 0.8843 0.0000
2.2657 -1.0070 0.0000
1.4696 -3.9400 0.0000
1.1926 -3.9740 0.0000
0.8931 -3.9987 0.0000
0.7815 -4.2716 0.0000
4.5018 2.5384 0.0000
4.2543 2.4139 0.0000
1.0469 -3.2364 0.0000
-2.8432 0.5564 0.0000
3.4476 3.0987 0.0000
3.2474 2.9145 0.0000
0.7257 1.2304 0.0089
0.8500 1.0151 0.0146
0.5969 1.0401 0.0325
0.6883 0.8396 0.0532
3.4071 -3.0761 0.0000
3.3421 -3.3586 0.0000
2.9310 1.8027 0.0000
2.7503 1.6514 0.0000
2.8072 1.4424 0.0000
2.6165 1.3120 0.0000
-2.5981 -2.4554 0.0000
-3.4597 0.6887 0.0000
-3.6381 0.4352 0.0000
-3.9055 0.4920 0.0000
-4.0299 -0.6355 0.0000
-4.2513 -0.7911 0.0000
3.3012 -4.7442 0.0000
-3.9265 1.2942 0.0000
-4.2060 1.3514 0.0000
2.3366 -3.4655 0.0000
2.2847 -3.7443 0.0000
2.2140 -4.0150 0.0000
2.1911 -4.2632 0.0000
-3.6112 3.0479 0.0000
-3.8601 3.0823 0.0000
-0.3839 3.0967 0.0000
-0.1203 0.6435 0.3002
-0.2077 0.6007 0.3166
-0.2650 0.5250 0.3536
-0.3622 0.4886 0.3320
-0.2948 0.4250 0.4102
-0.3887 0.4023 0.3674
-0.4610 0.4569 0.2896
-0.4955 0.3717 0.3052
-0.4255 0.3261 0.3804
-0.3851 0.2477 0.4484
-0.5058 0.2727 0.3359
-0.6063 0.3408 0.2310
-0.5978 0.2542 0.2624
-0.6570 0.1828 0.2277
-0.6875 0.2802 0.1855
-0.7530 0.1946 0.1531
-0.7720 0.2851 0.1284
-0.8903 0.3099 0.0670
-0.8427 0.2068 0.0980
-0.9323 0.1262 0.0628
-0.4257 0.0819 0.4596
-0.4351 -0.0034 0.4557
-0.5177 0.0884 0.3696
-0.5208 0.0050 0.3718
-0.5691 -0.0809 0.3203
-0.6665 -0.0771 0.2329
-0.7686 -0.0606 0.1549
-0.4723 -0.0843 0.4129
-0.3692 -0.0818 0.5097
-0.4238 -0.1644 0.4403
-0.5217 -0.1663 0.3501
-0.6200 -0.1651 0.2625
-0.7203 -0.1606 0.1828
-0.6650 -0.2523 0.2096
-0.7570 -0.2475 0.1470
-0.8193 -0.3181 0.1033
-0.8077 -0.1338 0.1265
-0.8914 -0.1316 0.0826
-0.8268 -0.2126 0.1102
-0.9314 -0.2680 0.0606
-0.7156 -0.3446 0.1560
-0.7980 -0.4035 0.1016
2.7300 -2.7331 0.0000
2.5139 -2.8525 0.0000
2.2779 -2.9755 0.0000
2.6302 -3.0729 0.0000
-3.8787 -3.0087 0.0000
-4.0536 -2.8416 0.0000
-4.2474 -3.0105 0.0000
-4.0250 -3.2167 0.0000
-4.2966 -3.2949 0.0000
-4.5130 -0.9264 0.0000
-4.7611 -1.0852 0.0000
-0.2020 -2.6674 0.0000
-0.3778 -2.8757 0.0000
-0.6222 2.9426 0.0000
-0.8425 2.7975 0.0000
-2.1335 2.4312 0.0000
-2.1115 2.1203 0.0000
-2.3734 2.2558 0.0000
-0.3187 4.5146 0.0000
-0.6308 4.7553 0.0000
-0.6128 4.5137 0.0000
-0.7429 4.2867 0.0000
1.2105 3.6870 0.0000
1.1709 3.4456 0.0000
0.9283 3.6299 0.0000
0.8697 3.3631 0.0000
-2.9699 -2.5757 0.0000
0.5350 0.8810 0.0724
0.4593 0.8113 0.1103
0.4078 0.7557 0.1467
0.3490 0.8261 0.1292
0.3230 0.7235 0.1870
0.2329 0.6958 0.2282
0.3886 0.6542 0.2046
0.3002 0.6246 0.2549
0.2075 0.5994 0.3033
0.2584 0.7923 0.1647
0.1663 0.7694 0.1952
0.1047 0.8421 0.1612
0.0115 0.8158 0.1837
0.0707 0.7448 0.2244
-0.0341 0.7210 0.2471
0.2785 0.5302 0.3292
0.1809 0.5040 0.3864
0.1145 0.5775 0.3440
0.1413 0.6734 0.2644
0.0498 0.6530 0.2934
-0.0341 0.6291 0.3165
0.0218 0.5563 0.3747
-0.0124 0.4693 0.4506
0.2857 4.5092 0.0000
4.2690 -4.4983 0.0000
4.0113 -4.4970 0.0000
-1.8931 3.2595 0.0000
-2.1555 3.2373 0.0000
-2.0934 2.9533 0.0000
-3.7228 -1.0609 0.0000
-3.9274 -1.1980 0.0000
3.7724 2.4103 0.0000
3.6878 2.1765 0.0000
3.7018 1.8871 0.0000
-3.3096 2.5341 0.0000
-3.5832 2.5463 0.0000
4.2508 -4.0260 0.0000
-2.5310 1.0088 0.0000
-2.6912 0.7860 0.0000
2.6445 2.5082 0.0000
4.7778 1.8643 0.0000
4.6870 1.6502 0.0000
4.4873 1.9240 0.0000
4.3857 1.6426 0.0000
2.6885 -4.7396 0.0000
2.4330 -4.7344 0.0000
-1.6470 -1.9891 0.0000
-1.3273 -3.2920 0.0000
-1.4804 -3.5251 0.0000
-1.7802 -3.5250 0.0000
-0.1367 1.6761 0.0031
-0.3257 1.5004 0.0074
-0.4177 1.2810 0.0201
1.0850 3.1766 0.0000
0.8410 3.0782 0.0000
0.6204 3.3945 0.0000
0.5949 3.1570 0.0000
-3.9273 2.0879 0.0000
-4.2095 2.1334 0.0000
3.7710 4.5143 0.0000
3.5949 4.3447 0.0000
1.6591 2.0140 0.0000
1.3907 1.9100 0.0000
0.8127 -3.4475 0.0000
0.5408 -3.5728 0.0000
0.5233 -3.8527 0.0000
3.4715 -2.4917 0.0000
3.1221 -3.1658 0.0000
2.8567 -3.2621 0.0000
-3.9695 -0.3331 0.0000
-4.2523 -0.4805 0.0000
-3.1697 -1.6143 0.0000
-3.3668 -1.8219 0.0000
-4.0549 -4.4991 0.0000
1.7680 -0.9659 0.0000
1.5140 -1.0671 0.0000
1.4048 -1.3292 0.0000
2.0641 1.6329 0.0000
1.8116 1.5331 0.0000
1.7467 1.2455 0.0000
1.9234 4.4835 0.0000
4.5137 0.6503 0.0000
4.3811 0.4129 0.0000
-1.5680 2.8236 0.0000
0.6118 2.8984 0.0000
0.3712 2.8272 0.0000
0.1228 2.6886 0.0000
0.1440 2.4199 0.0000
-0.1005 2.4249 0.0000
0.3004 -4.0215 0.0000
3.7309 -4.2776 0.0000
3.4583 -4.4543 0.0000
4.4723 -1.6516 0.0000
2.2714 1.4314 0.0000
2.0242 1.3338 0.0000
2.3785 -3.1847 0.0000
2.1116 -3.2736 0.0000
2.0684 -3.5388 0.0000
1.8368 -3.5019 0.0000
0.6181 2.3430 0.0000
0.3550 2.2301 0.0000
0.3137 1.9584 0.0003
1.3906 2.4396 0.0000
1.1405 2.3816 0.0000
4.4889 -0.0527 0.0000
4.5259 -0.3009 0.0000
4.2824 -0.3401 0.0000
4.1817 -0.6242 0.0000
0.7997 1.7540 0.0003
2.1866 -2.4773 0.0000
1.9975 -2.7327 0.0000
1.7067 -2.6645 0.0000
1.7705 -2.9484 0.0000
0.0615 -3.8511 0.0000
0.0041 -4.1286 0.0000
-2.7991 3.2794 0.0000
0.7911 3.8850 0.0000
0.6511 3.6346 0.0000
-1.9581 -4.2619 0.0000
-1.8393 -4.5173 0.0000
2.9520 -4.3004 0.0000
2.8712 -4.5262 0.0000
1.8907 0.5017 0.0000
1.6101 0.3841 0.0001
-3.6770 -2.1957 0.0000
-3.7229 -2.4757 0.0000
1.2076 1.0962 0.0013
1.0704 0.9384 0.0060
0.8952 0.7729 0.0278
0.9014 0.5573 0.0465
-3.6442 1.2436 0.0000
-3.8306 1.0181 0.0000
2.8218 -2.4541 0.0000
3.7003 -2.9739 0.0000
3.4603 -2.8020 0.0000
1.9940 -1.1303 0.0000
1.9094 2.1472 0.0000
-3.1653 0.2026 0.0000
-3.2561 -0.0559 0.0000
-3.3569 -0.3200 0.0000
-0.8489 1.2796 0.0035
-1.0497 1.0549 0.0025
1.6812 0.9542 0.0000
1.3896 0.8645 0.0006
1.1418 0.7096 0.0073
4.7582 -3.8893 0.0000
-2.6032 -1.5244 0.0000
-2.8547 -1.5983 0.0000
-4.7614 4.7609 0.0000
-1.9985 0.4913 0.0000
-2.3021 0.4507 0.0000
-3.8934 4.7650 0.0000
3.1168 -2.3943 0.0000
2.7311 -1.1119 0.0000
2.4843 -1.2008 0.0000
-0.2152 1.9588 0.0004
1.3815 0.5669 0.0012
1.1248 0.4525 0.0137
1.3340 0.2775 0.0026
0.8625 0.2495 0.0894
0.7860 0.1834 0.1361
1.0812 0.1847 0.0241
0.9015 0.1389 0.0778
0.7946 0.0921 0.1365
0.7834 -0.0275 0.1447
0.7284 0.0384 0.1845
0.6856 -0.0470 0.2178
0.9518 -0.0067 0.0587
0.8496 -0.0873 0.1024
0.8461 0.0247 0.1070
0.7513 -0.1169 0.1622
-1.5409 -2.2765 0.0000
-1.3959 -2.5444 0.0000
0.4518 4.7572 0.0000
-1.9363 1.5762 0.0000
-2.1597 1.4906 0.0000
-2.1178 1.2562 0.0000
0.5212 1.7437 0.0008
0.2341 1.6725 0.0023
0.4130 1.4837 0.0052
0.2272 1.3293 0.0172
0.0101 1.2587 0.0303
-0.1526 1.3660 0.0180
-0.2373 1.1739 0.0436
-1.6692 0.0152 0.0000
-1.9420 -0.0136 0.0000
-2.0215 -0.2839 0.0000
-2.5947 2.5598 0.0000
-2.8561 2.4580 0.0000
-3.1040 2.3821 0.0000
-3.1945 2.1705 0.0000
-3.4459 2.2762 0.0000
-3.6436 2.0400 0.0000
1.4258 4.2733 0.0000
0.2874 4.0191 0.0000
-2.9328 -3.9582 0.0000
-1.0816 1.3997 0.0003
-1.2504 1.2054 0.0002
-3.4430 -2.3915 0.0000
-4.7546 0.1432 0.0000
-1.1507 3.2173 0.0000
-1.1536 0.0680 0.0132
-0.9512 -0.0366 0.0593
-1.0990 -0.1534 0.0213
-1.3004 -0.2390 0.0037
-1.4128 -0.0144 0.0011
-1.7278 -0.2329 0.0000
-1.6116 -0.5769 0.0001
-4.2964 1.6361 0.0000
-4.4494 1.3604 0.0000
-3.6952 4.0499 0.0000
-3.8494 3.8063 0.0000
-4.5301 -3.8563 0.0000
4.2668 -3.2189 0.0000
3.0743 2.7149 0.0000
2.9150 2.5161 0.0000
-1.8404 0.2578 0.0000
-3.5965 -2.9547 0.0000
-4.4099 -2.0531 0.0000
-4.5028 -2.2708 0.0000
-3.1408 2.8953 0.0000
-3.4020 2.8024 0.0000
1.3817 -4.7471 0.0000
3.2287 -4.2347 0.0000
3.1598 -4.5080 0.0000
-1.3634 3.0201 0.0000
-1.2966 2.7312 0.0000
3.1808 -2.8926 0.0000
-3.6547 -0.3332 0.0000
-3.7599 -0.5790 0.0000
-4.4944 4.7523 0.0000
3.3829 3.3893 0.0000
-1.0441 -0.6455 0.0167
-1.2404 -0.8506 0.0024
-1.4136 -1.0921 0.0002
-3.6400 -1.3385 0.0000
-3.9234 -1.4777 0.0000
-1.7798 2.5445 0.0000
-0.9750 1.9019 0.0000
-1.4504 1.7429 0.0000
4.7516 -4.4895 0.0000
3.5933 0.5813 0.0000
3.2961 0.5329 0.0000
-3.0839 1.9134 0.0000
-3.3741 1.9697 0.0000
-3.5546 1.7492 0.0000
0.9952 -2.9359 0.0000
0.7853 -3.1411 0.0000
-1.7987 2.7938 0.0000
-2.0348 2.6690 0.0000
-2.3681 2.5192 0.0000
-2.0851 -3.5267 0.0000
-2.3738 -3.5142 0.0000
-2.3924 -3.7565 0.0000
-2.6226 -3.7541 0.0000
-0.5861 0.9512 0.0531
-0.5985 0.8141 0.0819
-0.7311 0.7805 0.0535
-0.6382 0.6981 0.1003
-0.6710 0.6143 0.1098
-0.7817 0.6179 0.0664
1.3255 -3.3779 0.0000
-3.7950 -0.0816 0.0000
1.5960 -0.1783 0.0001
1.3479 -0.2708 0.0016
1.0849 -0.3428 0.0167
0.9926 -0.5691 0.0209
-1.7133 4.7529 0.0000
1.5673 4.5338 0.0000
1.4737 1.1583 0.0001
-1.8400 -1.3560 0.0000
-1.9858 -1.6135 0.0000
-2.2736 -1.5929 0.0000
-2.4840 -1.7250 0.0000
4.4872 -0.8262 0.0000
4.4810 -1.0981 0.0000
4.2416 -0.9063 0.0000
4.0175 -1.0752 0.0000
4.2346 -1.2224 0.0000
4.4745 -1.9404 0.0000
4.4759 -2.2452 0.0000
-2.1799 -1.8335 0.0000
-2.4125 -1.9800 0.0000
3.2615 -2.6144 0.0000
-1.3676 2.2447 0.0000
-1.2569 1.9701 0.0000
1.1090 4.7525 0.0000
0.9226 4.5947 0.0000
0.7725 4.3725 0.0000
-2.4995 -3.2588 0.0000
-2.6643 -3.4924 0.0000
-2.8670 -3.7113 0.0000
-1.5444 2.0141 0.0000
-1.6426 2.2858 0.0000
-1.8294 2.0597 0.0000
-1.7391 1.7943 0.0000
1.7421 4.7337 0.0000
3.6047 3.5904 0.0000
1.6098 0.1081 0.0001
1.3661 0.0245 0.0018
1.1446 -0.0673 0.0142
