5.0000 5.0000 0.0000
0.0000 5.0000 0.0000
2.5000 5.0000 0.0000
3.7500 5.0000 0.0000
4.3750 5.0000 0.0000
4.6875 5.0000 0.0000
4.0625 5.0000 0.0000
3.1250 5.0000 0.0000
3.4375 5.0000 0.0000
2.8125 5.0000 0.0000
1.2500 5.0000 0.0000
1.8750 5.0000 0.0000
2.1875 5.0000 0.0000
1.5625 5.0000 0.0000
0.6250 5.0000 0.0000
0.9375 5.0000 0.0000
0.3125 5.0000 0.0000
-2.5000 5.0000 0.0000
-1.2500 5.0000 0.0000
-0.6250 5.0000 0.0000
-0.3125 5.0000 0.0000
-0.9375 5.0000 0.0000
-1.8750 5.0000 0.0000
-1.5625 5.0000 0.0000
-2.1875 5.0000 0.0000
-3.7500 5.0000 0.0000
-3.1250 5.0000 0.0000
-2.8125 5.0000 0.0000
-3.4375 5.0000 0.0000
-4.3750 5.0000 0.0000
-4.0625 5.0000 0.0000
-4.6875 5.0000 0.0000
5.0000 -5.0000 0.0000
5.0000 0.0000 0.0000
5.0000 -2.5000 0.0000
5.0000 -3.7500 0.0000
5.0000 -4.3750 0.0000
5.0000 -4.6875 0.0000
5.0000 -4.0625 0.0000
5.0000 -3.1250 0.0000
5.0000 -3.4375 0.0000
5.0000 -2.8125 0.0000
5.0000 -1.2500 0.0000
5.0000 -1.8750 0.0000
5.0000 -2.1875 0.0000
5.0000 -1.5625 0.0000
5.0000 -0.6250 0.0000
5.0000 -0.9375 0.0000
5.0000 -0.3125 0.0000
5.0000 2.5000 0.0000
5.0000 1.2500 0.0000
5.0000 0.6250 0.0000
5.0000 0.3125 0.0000
5.0000 0.9375 0.0000
5.0000 1.8750 0.0000
5.0000 1.5625 0.0000
5.0000 2.1875 0.0000
5.0000 3.7500 0.0000
5.0000 3.1250 0.0000
5.0000 2.8125 0.0000
5.0000 3.4375 0.0000
5.0000 4.3750 0.0000
5.0000 4.0625 0.0000
5.0000 4.6875 0.0000
-5.0000 -5.0000 0.0000
0.0000 -5.0000 0.0000
-2.5000 -5.0000 0.0000
-3.7500 -5.0000 0.0000
-4.3750 -5.0000 0.0000
-4.6875 -5.0000 0.0000
-4.0625 -5.0000 0.0000
-3.1250 -5.0000 0.0000
-3.4375 -5.0000 0.0000
-2.8125 -5.0000 0.0000
-1.2500 -5.0000 0.0000
-1.8750 -5.0000 0.0000
-2.1875 -5.0000 0.0000
-1.5625 -5.0000 0.0000
-0.6250 -5.0000 0.0000
-0.9375 -5.0000 0.0000
-0.3125 -5.0000 0.0000
2.5000 -5.0000 0.0000
1.2500 -5.0000 0.0000
0.6250 -5.0000 0.0000
0.3125 -5.0000 0.0000
0.9375 -5.0000 0.0000
1.8750 -5.0000 0.0000
1.5625 -5.0000 0.0000
2.1875 -5.0000 0.0000
3.7500 -5.0000 0.0000
3.1250 -5.0000 0.0000
2.8125 -5.0000 0.0000
3.4375 -5.0000 0.0000
4.3750 -5.0000 0.0000
4.0625 -5.0000 0.0000
4.6875 -5.0000 0.0000
-5.0000 5.0000 0.0000
-5.0000 0.0000 0.0000
-5.0000 2.5000 0.0000
-5.0000 3.7500 0.0000
-5.0000 4.3750 0.0000
-5.0000 4.6875 0.0000
-5.0000 4.0625 0.0000
-5.0000 3.1250 0.0000
-5.0000 3.4375 0.0000
-5.0000 2.8125 0.0000
-5.0000 1.2500 0.0000
-5.0000 1.8750 0.0000
-5.0000 2.1875 0.0000
-5.0000 1.5625 0.0000
-5.0000 0.6250 0.0000
-5.0000 0.9375 0.0000
-5.0000 0.3125 0.0000
-5.0000 -2.5000 0.0000
-5.0000 -1.2500 0.0000
-5.0000 -0.6250 0.0000
-5.0000 -0.3125 0.0000
-5.0000 -0.9375 0.0000
-5.0000 -1.8750 0.0000
-5.0000 -1.5625 0.0000
-5.0000 -2.1875 0.0000
-5.0000 -3.7500 0.0000
-5.0000 -3.1250 0.0000
-5.0000 -2.8125 0.0000
-5.0000 -3.4375 0.0000
-5.0000 -4.3750 0.0000
-5.0000 -4.0625 0.0000
-5.0000 -4.6875 0.0000
2.5870 1.3715 0.0000
2.1350 0.6711 0.0000
2.0051 -2.6588 0.0000
-4.2247 0.8180 0.0000
-1.9519 3.7549 0.0000
-2.1931 3.7876 0.0000
-2.1620 3.5281 0.0000
-2.6331 3.3251 0.0000
0.7192 0.9493 0.0320
0.5655 0.8424 0.0768
0.4315 0.8659 0.0967
0.4745 0.7720 0.1215
0.3872 0.7612 0.1499
0.3451 0.9710 0.0760
0.2602 0.9008 0.1127
0.3322 0.8441 0.1248
0.5427 0.7156 0.1226
0.4419 0.6760 0.1739
0.2987 0.7528 0.1773
0.2370 0.8072 0.1610
0.3327 0.6710 0.2147
0.3721 0.5933 0.2469
0.2294 0.6922 0.2316
0.1563 0.7677 0.1981
0.0560 0.7483 0.2236
0.1809 0.6120 0.3014
0.1248 0.6811 0.2619
0.2727 0.5801 0.2958
0.4177 -2.5201 0.0000
4.0606 3.0467 0.0000
3.9246 2.8180 0.0000
4.0175 2.5464 0.0000
3.7600 2.5938 0.0000
3.7010 2.3516 0.0000
4.2493 -3.8661 0.0000
4.0090 -4.0013 0.0000
2.2232 4.1730 0.0000
1.9159 3.9701 0.0000
-3.3119 -0.8984 0.0000
-3.6166 -0.9371 0.0000
4.4868 -0.8444 0.0000
4.2238 -0.9645 0.0000
1.3344 3.4387 0.0000
-4.5717 -2.1518 0.0000
-2.6941 -1.1437 0.0000
-2.7504 -1.4148 0.0000
-2.9916 -1.3246 0.0000
-2.9192 0.2258 0.0000
2.5396 -4.0753 0.0000
2.3103 -4.2246 0.0000
-4.7776 -4.7686 0.0000
3.9533 3.3091 0.0000
3.7804 3.0736 0.0000
3.6280 2.8461 0.0000
-3.4250 3.0079 0.0000
-3.6922 2.8661 0.0000
4.0306 4.5151 0.0000
-1.0459 -0.6224 0.0174
-1.3353 -0.6818 0.0016
1.6116 -0.0445 0.0001
1.1623 -0.1525 0.0114
-1.4269 3.7178 0.0000
-1.5688 3.4485 0.0000
-1.7388 3.2139 0.0000
1.3623 2.9256 0.0000
2.5550 4.2453 0.0000
2.4444 3.9982 0.0000
2.4329 1.5178 0.0000
2.3880 1.1647 0.0000
0.5402 -4.7489 0.0000
-1.9975 -1.5297 0.0000
-4.0409 -1.5688 0.0000
-4.2044 -1.8706 0.0000
4.0283 -2.5688 0.0000
4.0506 -2.8057 0.0000
-3.3010 2.4761 0.0000
-3.5279 2.3763 0.0000
-3.5703 2.0970 0.0000
-4.2684 1.7234 0.0000
0.0399 -0.2811 0.5996
-0.0455 -0.2779 0.5993
-0.1295 -0.3199 0.5494
-0.0495 -0.3730 0.5273
-0.1336 -0.4164 0.4731
-0.1825 -0.4796 0.4057
-0.2527 -0.4361 0.4106
-0.2125 -0.3656 0.4822
-0.2878 -0.3126 0.4766
-0.3242 -0.3872 0.4060
-0.3306 -0.4860 0.3360
-0.4194 -0.5270 0.2639
-2.5636 1.7615 0.0000
0.9917 -3.9593 0.0000
0.8901 -4.1905 0.0000
-0.7235 -1.8285 0.0002
-0.7799 -2.0791 0.0000
2.6615 0.1614 0.0000
-4.7512 -3.8805 0.0000
-1.8791 1.2127 0.0000
-1.9175 0.9296 0.0000
0.6248 -4.2135 0.0000
3.4118 -4.5159 0.0000
3.2726 -4.7616 0.0000
-4.1964 4.7727 0.0000
1.9237 3.4396 0.0000
1.6218 3.4530 0.0000
-0.8080 -2.8080 0.0000
2.9736 4.7673 0.0000
2.8309 4.5322 0.0000
2.2568 2.4326 0.0000
1.9099 2.3556 0.0000
1.6613 2.4495 0.0000
-1.0033 -3.5688 0.0000
-1.2615 -3.7264 0.0000
-1.4857 -3.9085 0.0000
-1.3745 1.1239 0.0001
-1.6434 1.0134 0.0000
-3.5769 4.2501 0.0000
-3.7402 4.0151 0.0000
-4.0174 4.0362 0.0000
-4.0058 3.7989 0.0000
0.1734 2.8241 0.0000
-0.1167 2.9020 0.0000
-1.4852 2.2040 0.0000
1.5453 -2.0376 0.0000
1.2957 -2.1278 0.0000
1.2388 -2.4093 0.0000
3.2900 0.7597 0.0000
-3.5202 3.8652 0.0000
-3.7530 3.7245 0.0000
-2.8029 1.8903 0.0000
3.4885 4.0016 0.0000
3.6684 3.7805 0.0000
3.3805 3.7337 0.0000
3.1506 3.6095 0.0000
-3.6378 -2.4365 0.0000
-3.7131 -2.6566 0.0000
-3.9653 -2.5932 0.0000
-4.1282 -2.8613 0.0000
0.8115 0.5673 0.0704
0.6487 0.7576 0.0793
0.6209 0.6607 0.1147
0.7844 0.7447 0.0501
0.7002 0.6194 0.0978
0.6960 0.5132 0.1263
0.6123 0.5620 0.1506
0.6087 0.4627 0.1871
0.6915 0.4109 0.1548
0.5335 0.6196 0.1636
0.4542 0.5800 0.2176
0.5247 0.5126 0.2147
0.5128 0.3163 0.3089
2.8090 4.2985 0.0000
2.7329 4.0248 0.0000
2.6343 3.7611 0.0000
2.3476 3.7149 0.0000
4.5065 2.5001 0.0000
4.1901 2.2391 0.0000
4.7487 0.4818 0.0000
4.4737 0.5954 0.0000
4.5063 4.7207 0.0000
4.1966 4.7673 0.0000
4.3033 4.5289 0.0000
4.2191 4.2666 0.0000
3.9052 4.2756 0.0000
-0.3452 0.4848 0.3433
-0.4619 0.4775 0.2781
-0.5343 0.5152 0.2154
-0.5650 0.4375 0.2272
-0.4935 0.3944 0.2963
-0.6529 0.4618 0.1621
-0.6154 0.3644 0.2166
-0.6048 0.2678 0.2526
2.1820 -4.4953 0.0000
1.5973 -3.7574 0.0000
1.3461 -3.8846 0.0000
-1.1887 -2.4728 0.0000
-1.4222 -2.6541 0.0000
-1.6989 -2.5335 0.0000
-0.2949 1.4306 0.0114
-0.1738 1.2373 0.0339
0.1806 0.5173 0.3760
0.1042 0.4481 0.4547
0.1051 0.5670 0.3547
0.0455 0.5125 0.4099
0.0063 0.4251 0.4880
0.0394 0.3453 0.5505
-0.0507 0.3412 0.5547
-0.0843 0.2520 0.6121
-0.1261 0.1636 0.6470
-0.1543 0.0636 0.6651
-0.0520 0.5022 0.4217
-0.0982 0.4227 0.4832
-0.1455 0.3346 0.5398
-0.1757 0.2457 0.5861
-0.2567 0.2264 0.5526
-0.2150 0.1461 0.6120
-0.2562 0.0640 0.6056
-3.5877 4.7587 0.0000
-3.7326 4.5108 0.0000
-2.2456 -3.6594 0.0000
-2.4848 -3.7409 0.0000
-2.7801 -3.7039 0.0000
0.5097 -1.2035 0.0232
0.3470 -1.3986 0.0126
0.3040 -1.1499 0.0452
0.1425 -1.3046 0.0247
0.0279 -1.4871 0.0093
2.3337 -3.9094 0.0000
2.0740 -3.9995 0.0000
2.7326 -1.7771 0.0000
-1.5166 1.8968 0.0000
-2.5930 2.6146 0.0000
-2.8206 2.4945 0.0000
-3.8927 4.7587 0.0000
-0.5451 -0.2943 0.2913
-0.7608 -0.4606 0.1083
-0.6412 -0.2931 0.2175
-0.6850 -0.0509 0.2185
-0.7316 -0.1242 0.1777
-0.6825 -0.2083 0.2042
-0.7797 -0.1970 0.1386
-0.8237 -0.2764 0.1056
-0.9248 -0.2595 0.0632
-0.6989 -0.3746 0.1592
-0.7379 -0.2877 0.1527
-0.8044 -0.3718 0.1031
-0.9355 -0.4155 0.0497
4.7654 -2.9690 0.0000
-2.0211 4.2637 0.0000
-2.1762 4.0249 0.0000
3.4877 1.8605 0.0000
0.9231 0.4251 0.0525
0.7761 0.4569 0.1023
0.7839 0.3649 0.1142
0.8762 0.2849 0.0806
0.7830 0.2811 0.1269
0.7691 0.2053 0.1445
0.6940 0.3135 0.1762
0.6041 0.3626 0.2241
0.5977 0.2664 0.2582
0.6835 0.2260 0.2007
0.6051 0.1665 0.2750
0.6941 0.1335 0.2054
0.6234 0.0608 0.2717
0.5430 0.0189 0.3496
0.5139 0.2115 0.3449
0.5292 0.1158 0.3533
-4.2440 3.7631 0.0000
-2.1184 -0.2959 0.0000
-2.1238 -0.5798 0.0000
2.5252 -1.9853 0.0000
2.6249 -2.2405 0.0000
2.3203 -2.2260 0.0000
0.4246 0.1517 0.4431
1.9356 -3.4611 0.0000
1.6761 -3.5051 0.0000
1.8754 -3.7190 0.0000
1.8214 -3.9764 0.0000
1.1336 3.6620 0.0000
3.9681 -0.0458 0.0000
-3.9356 0.7519 0.0000
-4.2402 0.5562 0.0000
-1.1469 -1.4362 0.0004
-1.1960 -1.6996 0.0001
0.7653 -1.6980 0.0004
0.6370 -1.9573 0.0001
-1.7414 -3.4551 0.0000
-1.9576 -3.6105 0.0000
0.3515 1.6961 0.0016
1.3826 2.4089 0.0000
-1.1448 0.0463 0.0143
-1.3521 -0.1438 0.0022
1.5140 2.6829 0.0000
-3.2023 0.1119 0.0000
-3.4741 0.0998 0.0000
-3.7032 0.3028 0.0000
-3.5776 -0.1786 0.0000
-3.7672 0.0333 0.0000
-3.8751 -0.2280 0.0000
-0.3754 -2.4117 0.0000
4.7534 -0.4443 0.0000
4.7499 -0.7344 0.0000
-4.2189 3.5038 0.0000
-2.4641 -1.2970 0.0000
-1.1087 0.2951 0.0149
-1.3840 0.1382 0.0013
2.5066 -0.5631 0.0000
-3.9791 3.5372 0.0000
-3.9574 3.2739 0.0000
-3.9574 3.0104 0.0000
-4.2056 3.2568 0.0000
-4.2138 3.0169 0.0000
-4.2223 2.7784 0.0000
3.4675 0.9818 0.0000
3.5700 0.7027 0.0000
4.7544 2.6451 0.0000
4.7521 2.3410 0.0000
4.7342 2.0369 0.0000
-3.0855 0.8257 0.0000
-3.2693 0.6065 0.0000
-3.4479 0.3718 0.0000
-4.0586 -0.0139 0.0000
-4.1863 -0.2612 0.0000
-4.2946 1.0859 0.0000
-0.5624 -1.6508 0.0012
-3.2325 3.7830 0.0000
-0.8416 -0.5615 0.0620
1.9354 -3.2171 0.0000
3.4807 3.1050 0.0000
3.3457 2.8404 0.0000
4.7489 -1.2651 0.0000
2.3404 -4.7459 0.0000
3.6778 -0.6426 0.0000
2.1580 4.5092 0.0000
-3.9695 -3.0859 0.0000
-4.2474 -3.1530 0.0000
-0.0699 -2.2352 0.0001
-3.7174 -4.0226 0.0000
-3.9145 -4.2415 0.0000
-4.0712 -4.4901 0.0000
-0.6494 -2.3255 0.0000
1.2151 -4.0728 0.0000
1.1141 -4.2956 0.0000
0.7863 -4.4477 0.0000
-4.4802 3.5780 0.0000
-0.9692 0.7596 0.0143
-1.0562 0.5283 0.0144
-3.0460 2.0672 0.0000
3.1119 -3.7904 0.0000
3.8441 1.4402 0.0000
-0.0273 -3.1023 0.0000
-0.2240 -3.2783 0.0000
0.1978 -2.9428 0.0000
0.1925 -3.2477 0.0000
3.4687 0.1676 0.0000
1.6580 2.9359 0.0000
-3.3495 -3.0843 0.0000
-3.6075 -3.0150 0.0000
-4.2664 -3.4491 0.0000
-4.5187 -3.4207 0.0000
3.8900 4.7582 0.0000
3.5806 4.7503 0.0000
-2.8976 1.0550 0.0000
0.3683 -1.9268 0.0004
-1.0210 -1.9403 0.0000
-4.0536 1.5505 0.0000
-4.1101 1.2323 0.0000
-4.5104 -0.6771 0.0000
-4.7553 -0.8160 0.0000
-1.2245 2.2598 0.0000
-1.2407 1.9890 0.0000
4.1012 -4.2555 0.0000
3.9877 -4.4983 0.0000
3.7081 -4.4963 0.0000
1.6680 0.7820 0.0000
4.7416 -1.7881 0.0000
0.8090 -4.7360 0.0000
-4.5582 2.1956 0.0000
-0.7580 2.3386 0.0000
-1.0380 2.4439 0.0000
1.3131 -1.6111 0.0000
1.0517 -1.6704 0.0001
1.1975 -1.9041 0.0000
0.9306 -1.9485 0.0000
1.0432 -2.2041 0.0000
0.7716 -2.2056 0.0000
-0.1428 -4.2778 0.0000
-0.3518 -4.1247 0.0000
-0.4529 -4.3863 0.0000
-0.6404 -4.1797 0.0000
-0.8306 -4.3511 0.0000
-0.6592 -4.5218 0.0000
3.1976 3.0968 0.0000
3.0682 2.8241 0.0000
2.7846 2.8178 0.0000
2.6367 2.5750 0.0000
2.5048 2.3383 0.0000
0.6249 1.6764 0.0009
-0.3115 -2.1811 0.0001
-0.5211 -2.0759 0.0001
-1.2522 0.6405 0.0018
-1.3481 0.3857 0.0012
1.4998 3.1875 0.0000
4.2689 2.4837 0.0000
3.9397 2.3228 0.0000
-2.1607 -0.8430 0.0000
-2.4316 -1.0194 0.0000
-3.2629 4.2964 0.0000
4.0058 -0.2800 0.0000
3.7579 -0.3363 0.0000
1.1184 -4.7657 0.0000
-0.8571 4.2666 0.0000
-4.2113 -4.2188 0.0000
-4.4860 -4.2637 0.0000
-4.7016 -4.4927 0.0000
-2.6047 0.9786 0.0000
-2.8058 0.7696 0.0000
1.2092 3.1653 0.0000
2.5306 3.4863 0.0000
-3.0950 -0.3610 0.0000
-4.5155 1.5610 0.0000
-4.7556 1.4044 0.0000
4.0046 -3.0760 0.0000
3.7950 -3.2342 0.0000
0.8509 -0.2440 0.0903
0.8067 -0.3339 0.1018
0.7336 -0.2788 0.1534
-4.5159 0.9461 0.0000
3.5771 -3.3865 0.0000
3.3602 -3.5114 0.0000
3.1137 -3.5474 0.0000
2.8571 -3.5640 0.0000
3.0701 4.2968 0.0000
2.9952 4.0745 0.0000
-0.8519 -0.7840 0.0330
-1.1494 -1.1499 0.0016
-3.9681 2.7493 0.0000
-4.0052 2.4881 0.0000
-4.2437 2.5403 0.0000
-4.2951 2.2898 0.0000
-4.3634 2.0373 0.0000
-2.9346 3.8521 0.0000
-2.9848 3.6132 0.0000
1.6453 0.2077 0.0001
2.9379 2.5585 0.0000
2.7940 2.3172 0.0000
2.6512 2.0458 0.0000
2.9144 1.2583 0.0000
2.8451 0.9691 0.0000
1.9086 2.0546 0.0000
4.5228 0.0027 0.0000
-2.1480 1.3828 0.0000
-3.2645 -1.4341 0.0000
-3.4785 -1.6412 0.0000
2.6614 4.7670 0.0000
2.5480 4.5193 0.0000
-1.9193 -1.2774 0.0000
-2.2259 -1.3725 0.0000
-4.2606 -0.5297 0.0000
0.6296 -3.5541 0.0000
0.4734 -3.7461 0.0000
-1.2361 -2.1761 0.0000
1.1263 -3.7462 0.0000
0.8577 -3.6914 0.0000
-4.7754 -2.6731 0.0000
-4.7068 4.5120 0.0000
-4.7618 4.2409 0.0000
3.5901 -3.6995 0.0000
-2.8114 -0.3146 0.0000
0.4597 0.0615 0.4280
0.3807 0.0605 0.5027
0.2964 0.0208 0.5790
0.4652 -0.0238 0.4262
0.3842 -0.0253 0.5037
0.2161 -0.0220 0.6365
0.3073 -0.0779 0.5652
0.2279 -0.1171 0.6136
0.1469 -0.1578 0.6418
0.0962 -0.2193 0.6289
-0.9137 -4.0880 0.0000
-1.1297 -4.2782 0.0000
-1.2796 -4.5004 0.0000
-1.3999 -4.7550 0.0000
-1.6800 -4.7598 0.0000
3.6423 -3.9858 0.0000
3.5386 -4.2577 0.0000
3.2487 -4.2776 0.0000
2.9432 2.0867 0.0000
2.4223 0.6347 0.0000
3.7509 -1.7802 0.0000
0.0947 1.0428 0.0761
-0.0041 1.0057 0.0930
-0.1036 1.0621 0.0748
-0.1346 0.9729 0.1056
0.2269 1.0683 0.0600
0.2016 0.9614 0.0959
0.1146 0.9450 0.1106
0.0389 0.9169 0.1283
-0.0515 0.9247 0.1274
-0.1432 0.9017 0.1364
-0.2067 0.8634 0.1502
0.1680 0.8699 0.1394
0.0872 0.8392 0.1646
-0.0671 0.7503 0.2265
-0.0052 0.8237 0.1796
-0.2616 0.7844 0.1840
-0.0952 0.8425 0.1690
-0.1616 0.7820 0.2001
-0.2191 0.7042 0.2410
-0.3186 0.6945 0.2219
-0.1349 0.6813 0.2703
-0.2523 0.6256 0.2863
-0.3531 0.7945 0.1585
-0.3288 0.5840 0.2870
-0.4083 0.7221 0.1776
-0.4141 0.5403 0.2725
-0.4076 0.6361 0.2224
-0.4909 0.5889 0.2068
2.8325 1.8208 0.0000
-3.7338 -1.1970 0.0000
-3.9990 -1.2748 0.0000
-0.2187 -0.7966 0.1702
-0.2426 -0.8936 0.1183
-0.3116 -0.8298 0.1353
-0.3516 -0.9057 0.0968
-0.4720 -1.0069 0.0513
-0.7285 -1.4685 0.0023
-0.9228 -1.6356 0.0004
-1.8973 0.2010 0.0000
4.4725 -1.9578 0.0000
-4.5185 0.1439 0.0000
-4.7021 -0.0603 0.0000
-1.5622 4.5071 0.0000
3.0252 0.7945 0.0000
2.7667 0.6648 0.0000
1.5494 -4.0370 0.0000
1.7338 -4.2486 0.0000
1.4180 -4.2595 0.0000
1.2937 -4.5184 0.0000
-0.4107 1.8810 0.0005
-0.4771 1.5969 0.0030
-0.6583 1.7728 0.0005
-0.8060 1.5832 0.0008
1.7664 -2.4785 0.0000
1.4815 -2.5786 0.0000
-3.0986 1.8332 0.0000
-2.6213 4.2877 0.0000
-2.7864 4.0884 0.0000
-4.7490 2.0206 0.0000
-4.5083 3.8548 0.0000
3.3033 4.2215 0.0000
3.2043 3.9403 0.0000
3.4629 -0.1286 0.0000
3.5171 -0.3882 0.0000
3.3476 -0.6020 0.0000
2.9364 -1.5701 0.0000
-2.6858 1.5422 0.0000
4.7397 -2.0702 0.0000
4.4774 -2.2467 0.0000
1.7317 1.0507 0.0000
-0.0206 -3.7174 0.0000
-0.2905 -3.8374 0.0000
-0.5574 -3.9310 0.0000
-2.6492 4.7569 0.0000
-2.9581 4.7582 0.0000
-0.9878 -4.5378 0.0000
-1.1088 -4.7650 0.0000
3.9381 2.0719 0.0000
3.6376 2.1030 0.0000
1.4321 -3.1124 0.0000
4.7668 1.7252 0.0000
4.5425 1.5946 0.0000
1.3550 1.8991 0.0000
1.0616 1.9065 0.0000
-0.2816 2.1345 0.0001
3.9683 -1.9424 0.0000
3.5774 -1.9687 0.0000
3.7823 -2.0952 0.0000
3.6422 -2.3109 0.0000
1.7343 4.7659 0.0000
1.3733 4.7702 0.0000
2.7431 -1.0265 0.0000
2.5620 -1.2201 0.0000
2.4814 -4.4807 0.0000
-2.4237 -3.0494 0.0000
2.4035 0.2783 0.0000
-3.6092 -4.7576 0.0000
-3.9146 -4.7517 0.0000
-4.2129 -4.7498 0.0000
-1.8802 -0.7108 0.0000
-1.8986 -0.9887 0.0000
-2.1717 -1.1160 0.0000
0.9363 -3.1302 0.0000
0.6913 -2.9681 0.0000
-0.3172 0.1555 0.5381
-0.3513 0.0587 0.5305
-0.4088 0.1326 0.4656
-0.4520 0.0505 0.4373
-0.5386 0.0337 0.3533
-0.4381 -0.1157 0.4393
-0.4891 -0.0400 0.4010
-0.5371 -0.1217 0.3445
-0.5902 -0.0367 0.3033
-0.6314 -0.1278 0.2578
4.5188 0.3029 0.0000
4.2848 0.1305 0.0000
4.2384 -1.5252 0.0000
4.2243 -1.8079 0.0000
4.1918 -2.0953 0.0000
1.3319 1.3785 0.0001
1.1881 1.1007 0.0015
-2.6733 3.8261 0.0000
-2.7256 3.5833 0.0000
-2.3948 1.1663 0.0000
4.7451 -1.0096 0.0000
-2.4554 0.0456 0.0000
2.8048 1.4961 0.0000
1.1202 -3.4905 0.0000
3.7888 1.8485 0.0000
-3.4660 1.6064 0.0000
-3.6084 1.3472 0.0000
3.2774 -2.9676 0.0000
3.3766 1.5176 0.0000
3.1393 1.3845 0.0000
2.3373 4.3747 0.0000
1.9888 4.2625 0.0000
-3.6176 -4.2693 0.0000
-3.7746 -4.5057 0.0000
-4.2876 -1.6441 0.0000
-4.4991 -1.8632 0.0000
-4.7557 -1.7165 0.0000
-4.7726 -2.0172 0.0000
1.6488 0.4802 0.0001
1.3768 0.3390 0.0016
1.3278 0.0742 0.0028
1.0788 0.2371 0.0238
-4.3073 -2.1184 0.0000
-4.4285 -2.3842 0.0000
1.9565 2.9336 0.0000
2.4413 1.8481 0.0000
1.8149 2.6869 0.0000
0.7964 4.7273 0.0000
-3.7199 2.5825 0.0000
-3.7906 2.3027 0.0000
-4.0676 2.2241 0.0000
-4.1417 1.9614 0.0000
-4.3665 -4.4989 0.0000
-4.5091 -4.7436 0.0000
0.9143 3.1332 0.0000
3.6005 4.2619 0.0000
-1.4282 -1.5641 0.0000
-1.5420 -1.7819 0.0000
-2.7287 0.4826 0.0000
-2.4933 -1.8478 0.0000
-3.4897 1.1001 0.0000
2.6410 -3.5010 0.0000
0.4776 2.4312 0.0000
0.3170 2.2136 0.0000
1.0659 2.9060 0.0000
0.5779 -0.0535 0.3145
0.4925 -0.0983 0.3928
0.4010 -0.1123 0.4777
0.3143 -0.1813 0.5318
0.5763 -0.1560 0.3033
0.4942 -0.1854 0.3733
0.4114 -0.1934 0.4466
0.3696 -0.2709 0.4505
0.2729 -0.2844 0.5120
0.2140 -0.3574 0.4973
0.3340 -0.3535 0.4323
0.2858 -0.4169 0.4206
0.2196 -0.2090 0.5836
0.1660 -0.2744 0.5733
0.1097 -0.3308 0.5529
0.1285 -0.4073 0.4896
0.1166 -0.5013 0.4153
0.0282 -0.3651 0.5377
0.0398 -0.4438 0.4723
-1.4635 -2.3640 0.0000
4.4871 2.2142 0.0000
4.3091 2.0099 0.0000
1.0911 4.7651 0.0000
1.0792 4.5357 0.0000
3.5825 -4.7551 0.0000
-3.9753 -0.4826 0.0000
-4.0534 -0.7503 0.0000
1.1964 1.6450 0.0001
1.4458 -2.8427 0.0000
4.1142 1.8927 0.0000
3.9758 1.6696 0.0000
2.0346 -4.7522 0.0000
-0.2280 0.9577 0.1062
-0.3376 0.9636 0.0918
-0.2617 1.0792 0.0641
-0.4448 1.0505 0.0537
-0.2971 0.8762 0.1320
-0.3958 0.8807 0.1117
-0.4855 0.9445 0.0733
-0.5034 0.8613 0.0936
-0.4543 0.7973 0.1296
-0.4996 0.6941 0.1561
-0.6366 0.9029 0.0528
-0.5537 0.7818 0.1045
-0.6086 0.7154 0.1061
3.3733 0.4677 0.0000
3.1664 0.2585 0.0000
3.2072 -0.0258 0.0000
0.5216 0.4146 0.2608
0.4340 0.4992 0.2720
0.4412 0.4262 0.3082
0.3513 0.4118 0.3737
0.4285 0.2518 0.4041
0.4291 0.3459 0.3593
0.3457 0.3086 0.4402
0.2633 0.2651 0.5208
0.3408 0.2086 0.4944
0.3156 0.1181 0.5469
0.2425 0.1738 0.5803
0.2178 0.0813 0.6262
-4.7395 -2.3688 0.0000
-2.6422 -3.9607 0.0000
-2.9509 -3.9282 0.0000
-2.8098 -4.1928 0.0000
-3.0561 -4.2645 0.0000
1.4257 -0.1979 0.0007
1.2342 -0.3975 0.0040
-4.4629 3.3056 0.0000
-4.7338 3.1933 0.0000
-4.4685 3.0383 0.0000
2.4574 -0.2818 0.0000
0.2240 1.4583 0.0085
0.2042 1.2576 0.0255
0.0287 1.1888 0.0418
0.5119 1.0007 0.0481
-0.0275 1.4290 0.0128
0.3072 2.6074 0.0000
0.1362 2.4330 0.0000
-3.1868 1.0962 0.0000
-3.3780 0.8595 0.0000
-2.7028 -2.9336 0.0000
-3.0820 -2.9969 0.0000
-3.1522 -3.3132 0.0000
-1.2725 -2.8563 0.0000
-1.6654 -2.8177 0.0000
1.1505 3.9400 0.0000
4.7638 -3.5851 0.0000
4.5168 -3.7250 0.0000
-2.0966 0.3865 0.0000
1.7941 3.1902 0.0000
0.2683 -0.6951 0.2359
0.1900 -0.7410 0.2225
0.1924 -0.8367 0.1657
0.1106 -0.7882 0.2006
0.1033 -0.8837 0.1469
0.0230 -0.8279 0.1778
0.0156 -0.9154 0.1313
0.1133 -0.9714 0.1068
0.0277 -1.0027 0.0947
-0.0682 -0.9200 0.1251
-0.0631 -1.0316 0.0813
-0.0336 -1.2034 0.0389
-1.7406 2.0823 0.0000
-1.7943 1.7907 0.0000
0.9436 -2.8165 0.0000
-3.0271 -0.8485 0.0000
-2.9240 -1.0741 0.0000
-3.1834 -1.1360 0.0000
-3.5548 -1.4121 0.0000
-4.2846 -3.9539 0.0000
-4.5215 -4.0122 0.0000
-4.7575 -4.1945 0.0000
2.1749 -3.4360 0.0000
-0.0525 -0.4698 0.4457
-0.1257 -0.5292 0.3816
-0.2481 -0.5393 0.3349
-0.1742 -0.5975 0.3143
-0.1948 -0.6958 0.2375
-0.3410 -0.5801 0.2684
-0.2664 -0.6363 0.2587
-0.3591 -0.6743 0.2038
-0.2878 -0.7338 0.1908
-0.3819 -0.7722 0.1461
-0.5158 -0.5610 0.1972
-0.4356 -0.6147 0.2075
-0.4516 -0.7020 0.1582
-2.9750 -4.7584 0.0000
-3.2995 -4.7436 0.0000
0.4807 2.8043 0.0000
4.5036 1.8719 0.0000
4.2791 1.6695 0.0000
1.4610 2.1498 0.0000
2.6110 -3.7947 0.0000
-2.0211 -1.8161 0.0000
-2.2494 -1.9769 0.0000
0.6144 3.1291 0.0000
0.1626 0.1911 0.6164
0.1324 0.1137 0.6608
0.0364 0.0820 0.6944
0.1288 0.0261 0.6799
0.0480 -0.0237 0.7021
0.1339 -0.0688 0.6731
0.0517 -0.1245 0.6808
-0.0330 -0.0819 0.6948
-0.0033 -0.1953 0.6531
-0.1094 -0.0227 0.6870
-0.0750 -0.1533 0.6640
-0.1160 -0.2240 0.6169
-0.1449 -0.1051 0.6582
-0.1906 -0.1798 0.6079
-0.2079 -0.2675 0.5512
-0.0364 2.6488 0.0000
-0.1589 2.3924 0.0000
4.3762 0.8646 0.0000
4.1674 0.6512 0.0000
-0.2779 -2.9842 0.0000
3.4679 -0.8648 0.0000
3.2997 -1.1114 0.0000
3.1374 -1.3524 0.0000
3.2197 -1.6241 0.0000
-3.7797 1.1019 0.0000
-4.0031 1.0007 0.0000
-2.9951 1.3473 0.0000
-3.3158 1.3431 0.0000
2.1945 -3.1467 0.0000
-4.7608 3.9570 0.0000
-3.4933 -0.6732 0.0000
1.1565 0.4943 0.0101
-0.4866 -0.2014 0.3720
-0.4573 -0.2803 0.3680
-0.4961 -0.3778 0.2948
-0.5974 -0.3770 0.2238
-0.6595 -0.4591 0.1595
-0.6972 -0.5481 0.1167
-2.9057 -0.5953 0.0000
-3.2028 -0.6265 0.0000
-1.0682 1.5039 0.0002
1.4251 -4.7588 0.0000
-3.4726 3.5944 0.0000
-3.7102 3.4344 0.0000
4.2932 -3.2881 0.0000
4.4854 -1.6721 0.0000
4.5328 -3.4219 0.0000
-2.4562 1.4219 0.0000
-2.7039 1.2679 0.0000
-4.2627 -1.3714 0.0000
-4.5257 -1.5475 0.0000
1.9016 -0.0026 0.0000
1.7581 -0.2587 0.0000
-2.6278 -0.5450 0.0000
-2.7102 -0.8444 0.0000
1.4286 0.9110 0.0004
0.9591 0.9047 0.0130
1.4100 0.6240 0.0008
1.1851 0.7881 0.0043
0.9746 0.6486 0.0253
2.0389 4.7636 0.0000
1.8817 4.5239 0.0000
3.9428 1.1764 0.0000
3.6788 1.1521 0.0000
2.2726 -2.5444 0.0000
2.2347 -2.8474 0.0000
0.8720 0.1814 0.0894
0.8270 0.0410 0.1178
0.7893 0.1190 0.1386
0.7268 0.0464 0.1855
1.0395 0.0211 0.0330
0.9161 0.0881 0.0727
0.8834 -0.0404 0.0868
0.7754 -0.0385 0.1497
0.6720 -0.0268 0.2300
0.9518 -0.1632 0.0541
0.8270 -0.1291 0.1126
0.7315 -0.1196 0.1764
0.6485 -0.1124 0.2445
-2.8551 -4.4813 0.0000
-3.1361 -4.5388 0.0000
-1.4270 0.8447 0.0001
-1.5417 0.5914 0.0001
-1.7303 0.7453 0.0000
-1.8729 0.5266 0.0000
2.2178 1.6665 0.0000
1.9788 1.4832 0.0000
-0.5313 -0.6516 0.1512
-0.6371 -0.6966 0.0986
4.7782 4.7851 0.0000
4.7437 4.5203 0.0000
4.5046 4.3773 0.0000
4.4468 4.0840 0.0000
-0.3860 3.6465 0.0000
-0.5069 3.3486 0.0000
-0.6835 3.5549 0.0000
-0.8132 3.2814 0.0000
-0.6383 3.0861 0.0000
1.9258 0.3209 0.0000
-4.7587 0.7892 0.0000
-3.2913 -0.1441 0.0000
-3.3899 -0.4064 0.0000
4.5021 -0.2814 0.0000
4.2453 -0.1245 0.0000
3.8664 0.6671 0.0000
3.6600 0.4326 0.0000
-3.1007 4.0580 0.0000
-3.3839 4.0564 0.0000
0.9444 -2.4950 0.0000
0.6553 -2.4362 0.0000
-2.0679 1.6882 0.0000
-2.3326 1.6295 0.0000
1.4624 4.2716 0.0000
1.3920 4.0312 0.0000
-4.7484 3.6845 0.0000
-4.7397 3.4381 0.0000
-4.4651 -3.7118 0.0000
-4.7486 -3.5863 0.0000
4.2881 -3.5653 0.0000
0.5450 -4.5065 0.0000
0.2965 -4.7607 0.0000
0.7763 3.3652 0.0000
2.2149 1.3694 0.0000
2.0792 1.1374 0.0000
1.7230 4.1774 0.0000
1.6252 3.9391 0.0000
1.4292 3.7238 0.0000
-4.5025 -1.2544 0.0000
-4.7611 -1.4058 0.0000
-1.6990 -3.1189 0.0000
-1.8974 -3.2670 0.0000
-2.0998 -3.4153 0.0000
0.8904 -3.4103 0.0000
0.6623 -3.2565 0.0000
4.2570 3.8411 0.0000
4.1340 3.5540 0.0000
3.8261 3.5495 0.0000
0.4540 -2.2146 0.0000
0.1615 -2.1022 0.0002
4.7002 3.5054 0.0000
4.4812 3.3237 0.0000
4.2382 3.2885 0.0000
-3.6807 -0.4461 0.0000
-3.7828 -0.7126 0.0000
-2.3040 0.8771 0.0000
-2.5260 0.6923 0.0000
1.6125 -1.0635 0.0000
1.4038 -0.9185 0.0001
1.4369 -1.2764 0.0000
1.2564 -1.1095 0.0003
1.1796 -1.3898 0.0001
-4.3274 4.5490 0.0000
-4.5086 4.7374 0.0000
-4.7803 4.7770 0.0000
-1.0996 3.2351 0.0000
-1.1891 2.9932 0.0000
1.9435 1.7780 0.0000
1.6525 1.8920 0.0000
1.7450 1.6037 0.0000
-1.4044 -1.2823 0.0001
-1.6724 -1.4268 0.0000
-3.0013 -0.0815 0.0000
-4.7632 -3.2728 0.0000
0.5441 -0.7549 0.1165
0.4723 -0.7707 0.1347
0.4374 -0.8327 0.1204
0.4856 -0.8894 0.0891
0.4509 -1.0079 0.0627
0.5208 -0.6768 0.1545
0.4328 -0.6975 0.1809
0.3712 -0.7756 0.1630
0.3495 -0.8595 0.1298
0.2783 -0.7905 0.1776
0.2709 -0.8933 0.1283
0.3851 -0.9165 0.1007
0.3101 -0.9793 0.0900
0.1920 -0.9301 0.1205
0.2164 -1.0174 0.0854
0.1131 -1.1013 0.0634
-4.4379 -0.1503 0.0000
-4.5004 -0.3876 0.0000
-4.5092 2.4899 0.0000
-4.7698 2.3458 0.0000
1.9594 -2.9484 0.0000
1.6912 -3.2501 0.0000
-2.3373 4.7602 0.0000
-2.4801 4.5218 0.0000
-2.7937 4.5092 0.0000
0.0190 2.1726 0.0001
-0.1045 1.9186 0.0006
-0.2035 1.6674 0.0031
4.4947 -4.2949 0.0000
4.5062 -4.5540 0.0000
4.4884 -4.7705 0.0000
-4.5069 -3.1582 0.0000
-3.6849 0.8566 0.0000
-3.5491 0.6242 0.0000
-3.7650 0.5352 0.0000
1.6808 2.1877 0.0000
2.8730 0.3612 0.0000
2.9345 0.0689 0.0000
-4.1360 -2.3560 0.0000
-4.2608 -2.6200 0.0000
-4.5426 -2.6365 0.0000
-4.4273 -2.8844 0.0000
4.5169 -3.1073 0.0000
4.7624 -3.2726 0.0000
4.5296 3.8060 0.0000
4.4147 3.5765 0.0000
0.9705 -0.3727 0.0368
1.0614 -0.6007 0.0115
0.8566 -0.9483 0.0151
0.7925 -0.4462 0.0912
0.8508 -0.5970 0.0484
0.7291 -0.5344 0.1031
0.6362 -0.5499 0.1449
0.7038 -0.6372 0.0905
0.6067 -0.6383 0.1310
0.6180 -0.7206 0.1012
0.7252 -0.7806 0.0549
0.5727 -0.8425 0.0813
0.6376 -0.9937 0.0373
3.0230 -1.8484 0.0000
2.8242 -2.0467 0.0000
4.7446 3.9702 0.0000
4.7716 3.7127 0.0000
4.7653 -3.8894 0.0000
4.5234 -4.0074 0.0000
4.2913 -4.1325 0.0000
4.7421 4.2324 0.0000
1.1089 -0.8683 0.0032
3.1086 -4.5250 0.0000
2.8013 -4.5249 0.0000
2.6626 -4.2878 0.0000
-3.8989 1.3336 0.0000
-4.7246 -2.9547 0.0000
-3.0047 -1.5948 0.0000
-2.9881 -1.8881 0.0000
1.8173 -0.8658 0.0000
2.5979 0.4416 0.0000
2.1975 0.4288 0.0000
-2.6771 -4.7319 0.0000
-0.5824 2.1081 0.0000
-0.7786 1.9708 0.0001
-0.9701 2.1379 0.0000
-0.9991 1.8069 0.0000
-0.3365 4.3011 0.0000
-0.5748 4.2300 0.0000
3.9680 -1.0935 0.0000
3.7577 -1.2551 0.0000
4.7041 0.8020 0.0000
4.7451 -1.5184 0.0000
4.2302 -0.6892 0.0000
3.9650 -0.8077 0.0000
3.9669 -0.5436 0.0000
3.7322 -0.9406 0.0000
1.7575 3.6987 0.0000
-4.7566 -1.1089 0.0000
2.7601 -0.6615 0.0000
0.8370 3.6040 0.0000
0.5910 3.6621 0.0000
0.2974 3.5522 0.0000
1.1594 4.2478 0.0000
0.9013 4.1169 0.0000
4.2465 -0.4152 0.0000
0.4507 4.7405 0.0000
0.1239 4.7601 0.0000
0.6994 -2.6847 0.0000
0.4455 -2.7942 0.0000
0.4332 -3.0951 0.0000
1.8961 0.5977 0.0000
2.8786 -2.3300 0.0000
2.7761 -2.5999 0.0000
2.7424 -2.9093 0.0000
-1.6386 0.0390 0.0001
3.0337 3.3400 0.0000
2.9127 3.0746 0.0000
2.6197 3.0675 0.0000
2.4980 2.8489 0.0000
2.3683 2.6384 0.0000
-1.7421 -4.0342 0.0000
-3.8299 -2.8782 0.0000
-3.7612 -3.2327 0.0000
-4.0188 -3.3547 0.0000
3.0370 1.6193 0.0000
1.4772 1.6376 0.0000
2.9775 -0.2269 0.0000
2.9592 -4.7632 0.0000
2.8177 -4.0346 0.0000
3.7281 4.5117 0.0000
3.4101 4.4895 0.0000
4.2507 0.3977 0.0000
4.0478 0.1741 0.0000
3.9496 -2.2944 0.0000
2.1623 -0.1636 0.0000
1.9919 -0.3670 0.0000
1.7884 -0.5569 0.0000
1.5841 -0.7331 0.0000
-1.8485 2.6984 0.0000
-1.6445 0.3396 0.0000
-1.3129 -1.9088 0.0000
-1.5191 -2.0816 0.0000
-4.7610 1.7128 0.0000
-4.0380 4.5200 0.0000
0.7494 2.8931 0.0000
3.7710 0.9164 0.0000
-2.1292 1.0816 0.0000
-2.6297 -3.2314 0.0000
-2.8898 -3.1410 0.0000
3.2160 -3.2694 0.0000
2.9368 -3.3301 0.0000
1.2264 2.6641 0.0000
4.0845 4.0472 0.0000
3.7840 4.0299 0.0000
1.5191 -2.3127 0.0000
3.0108 -2.7918 0.0000
2.9908 -3.0680 0.0000
-2.7139 -2.6214 0.0000
-2.9385 -2.7898 0.0000
3.8437 -3.8274 0.0000
3.8226 -4.2134 0.0000
-3.4450 -1.1665 0.0000
4.0513 -3.6754 0.0000
0.6382 3.9384 0.0000
-0.6053 1.3912 0.0064
0.6032 4.5227 0.0000
2.1688 3.9358 0.0000
2.0484 3.6913 0.0000
-4.4781 4.3692 0.0000
-4.5174 4.1337 0.0000
-0.1265 4.1672 0.0000
-0.4003 4.0181 0.0000
-0.1866 3.8702 0.0000
-0.5638 3.8273 0.0000
-0.6404 -1.1977 0.0138
-0.9116 -1.3037 0.0028
-3.2776 4.7604 0.0000
-3.4327 4.5157 0.0000
4.7637 3.2421 0.0000
1.0519 1.3882 0.0009
0.8961 1.1562 0.0064
-2.4693 4.0383 0.0000
1.4340 -3.3797 0.0000
1.3681 -3.6029 0.0000
-3.3468 -3.5562 0.0000
4.1289 1.4117 0.0000
-0.8755 -2.5191 0.0000
-1.0752 -2.7107 0.0000
-1.9422 -2.6959 0.0000
-1.9285 -2.9735 0.0000
3.5616 -1.1492 0.0000
3.4342 -1.3948 0.0000
3.7066 -1.4990 0.0000
3.4872 -1.6877 0.0000
3.0825 0.5378 0.0000
4.7526 -2.3590 0.0000
4.5196 -2.5289 0.0000
2.5764 -0.8499 0.0000
2.3934 -1.0385 0.0000
-1.7155 2.4015 0.0000
-1.9622 2.2375 0.0000
-2.0363 2.4791 0.0000
-2.2556 2.2164 0.0000
-2.1162 0.0441 0.0000
-2.2836 -0.1360 0.0000
0.3582 -4.2844 0.0000
0.2868 -4.5197 0.0000
-2.8939 2.7619 0.0000
-3.0999 2.6240 0.0000
-3.0546 2.3394 0.0000
-3.2967 2.1671 0.0000
2.6509 -1.4998 0.0000
2.3741 -1.4111 0.0000
2.4495 -1.6994 0.0000
-3.1743 -4.0602 0.0000
-3.4044 -4.1389 0.0000
-3.3050 -4.3561 0.0000
-3.4779 -4.5144 0.0000
-0.3567 4.5245 0.0000
-1.7716 -1.6585 0.0000
-1.7729 -1.9525 0.0000
4.2897 -2.8242 0.0000
4.2526 -3.0509 0.0000
0.9979 -1.1565 0.0023
0.8913 -1.4338 0.0011
0.7451 -1.2036 0.0091
0.6008 -1.4525 0.0046
0.4780 -1.6921 0.0016
4.2385 1.1339 0.0000
4.0633 0.9065 0.0000
2.8708 -3.7912 0.0000
-0.4010 -0.3481 0.3784
-0.4110 -0.4344 0.3226
-0.4944 -0.4737 0.2502
-0.5676 -0.4565 0.2137
-0.5971 -0.5362 0.1669
-0.6151 -0.6192 0.1300
-0.7325 -0.6559 0.0789
-1.2747 4.4853 0.0000
-1.1109 -0.8709 0.0058
-1.3804 -0.9848 0.0005
-1.6492 -1.1343 0.0000
0.9187 2.1626 0.0000
0.7676 1.9243 0.0001
4.4969 -0.5674 0.0000
2.2252 3.4517 0.0000
2.0967 3.1859 0.0000
-1.0170 -2.9997 0.0000
-1.2482 -3.1580 0.0000
-1.4714 -2.9968 0.0000
-1.5103 -3.3011 0.0000
3.2876 1.7259 0.0000
4.7299 1.3849 0.0000
-2.5932 -4.4610 0.0000
-2.4107 -4.7583 0.0000
0.4081 -3.4000 0.0000
0.2448 -3.5928 0.0000
-3.2549 -3.8171 0.0000
-3.4898 -3.9118 0.0000
-4.4814 0.3844 0.0000
-4.7650 0.2085 0.0000
0.1920 1.9460 0.0004
0.0705 1.6892 0.0026
-3.5693 -3.6830 0.0000
-3.8072 -3.7810 0.0000
-4.0105 -3.9607 0.0000
-0.7306 4.0192 0.0000
-0.8591 3.7661 0.0000
-1.1478 3.7354 0.0000
4.2706 -4.4663 0.0000
4.2012 -4.7361 0.0000
3.8878 -4.7537 0.0000
1.6306 1.3755 0.0000
0.4230 -4.0254 0.0000
0.1362 -4.1910 0.0000
-3.4778 -3.3190 0.0000
-3.6946 -3.4791 0.0000
-3.0583 -3.6199 0.0000
-1.9334 2.9826 0.0000
-2.1252 2.7539 0.0000
-3.9722 0.2444 0.0000
-4.0096 0.4952 0.0000
-4.2272 0.2851 0.0000
-4.2883 0.0535 0.0000
-3.2376 -1.7540 0.0000
-3.2355 -2.0525 0.0000
-3.4944 -2.2198 0.0000
-2.8081 3.0985 0.0000
-3.0206 2.9785 0.0000
-3.2233 2.8355 0.0000
-3.4527 2.6936 0.0000
-0.3238 -2.6953 0.0000
2.9340 3.8088 0.0000
2.8391 3.5539 0.0000
2.7337 3.3013 0.0000
2.4111 3.2258 0.0000
0.6220 2.1914 0.0000
0.4787 1.9495 0.0002
3.0972 -4.0333 0.0000
-0.0622 4.4784 0.0000
3.9639 3.7943 0.0000
3.3505 -3.7829 0.0000
3.3727 -4.0190 0.0000
-0.6225 2.8386 0.0000
4.4119 1.3682 0.0000
-4.4984 0.6680 0.0000
-4.7412 0.4850 0.0000
3.4963 2.5911 0.0000
3.4184 2.3293 0.0000
3.2212 2.5652 0.0000
3.1135 2.2915 0.0000
3.6342 1.6321 0.0000
3.5994 1.3574 0.0000
0.1222 -1.8342 0.0011
0.1991 -3.8945 0.0000
-0.0728 -4.0032 0.0000
-2.0264 1.9778 0.0000
-2.2948 1.9089 0.0000
-1.0594 4.7660 0.0000
-1.2641 4.7190 0.0000
-2.0541 0.7318 0.0000
-2.2548 0.5792 0.0000
0.3616 3.8302 0.0000
0.1064 3.7214 0.0000
0.0513 3.3928 0.0000
-0.0962 3.6232 0.0000
-0.2480 3.3997 0.0000
0.1057 3.0969 0.0000
-0.1552 3.1666 0.0000
-0.3861 3.1063 0.0000
-0.3695 2.8658 0.0000
-4.2767 1.4152 0.0000
-4.5023 1.2555 0.0000
4.4847 -1.1172 0.0000
2.2432 -0.4684 0.0000
2.3032 -0.7626 0.0000
2.0381 -0.6755 0.0000
2.1003 -0.9702 0.0000
1.8974 -1.1477 0.0000
2.3767 2.1228 0.0000
2.1364 2.2276 0.0000
2.1685 1.9428 0.0000
3.0608 -2.5090 0.0000
-0.2032 -0.0217 0.6434
-0.2464 -0.1087 0.6006
-0.3932 -0.0294 0.4940
-0.2981 -0.0248 0.5770
-0.3915 -0.1939 0.4583
-0.2888 -0.2049 0.5348
-0.3625 -0.2729 0.4468
-0.3399 -0.1141 0.5277
-0.5816 -0.2110 0.2856
-2.9911 0.5408 0.0000
-3.1867 0.3474 0.0000
-4.2766 -0.8251 0.0000
-4.5050 -0.9742 0.0000
-1.8695 4.5060 0.0000
-1.7262 4.2500 0.0000
-1.8882 3.9994 0.0000
-1.1271 2.7188 0.0000
-1.3617 2.5046 0.0000
-2.0015 -2.1177 0.0000
-2.2327 -2.2845 0.0000
-2.4706 -2.4554 0.0000
-2.4600 -2.7545 0.0000
-2.7496 -1.7173 0.0000
2.2553 -1.9064 0.0000
4.2317 -1.2413 0.0000
3.9913 -1.3798 0.0000
3.9799 -1.6471 0.0000
2.7059 -3.2130 0.0000
-2.2134 -2.5793 0.0000
-2.1925 -2.8626 0.0000
-2.1620 -3.1467 0.0000
3.7090 -0.0816 0.0000
4.0528 -3.3654 0.0000
3.8175 -3.5289 0.0000
-3.2143 3.4682 0.0000
-0.9073 2.9676 0.0000
2.7475 -0.3926 0.0000
4.5393 3.0772 0.0000
4.3109 3.0193 0.0000
4.7611 2.9380 0.0000
4.4918 2.7795 0.0000
1.4973 1.1504 0.0001
-2.7320 -0.0323 0.0000
1.7283 -2.7449 0.0000
1.6931 -3.0026 0.0000
-1.1616 -0.4003 0.0110
-1.4160 -0.4123 0.0010
-1.6293 -0.5637 0.0001
2.2646 0.9069 0.0000
1.9528 0.8949 0.0000
-1.2547 -3.4386 0.0000
-1.5007 -3.5990 0.0000
-1.7348 -3.7582 0.0000
-1.1440 4.2469 0.0000
-1.4391 4.2381 0.0000
-1.0140 4.0023 0.0000
-1.3025 3.9859 0.0000
-1.5994 3.9783 0.0000
-1.6981 3.7203 0.0000
-2.5300 -0.2507 0.0000
-2.3542 -0.4572 0.0000
-2.4166 -0.7371 0.0000
0.9124 1.6603 0.0003
0.7645 1.4195 0.0027
0.4777 1.4212 0.0064
0.6360 1.1894 0.0146
0.3968 1.1809 0.0274
-3.3541 1.8812 0.0000
-3.6484 1.8310 0.0000
3.4226 -2.1753 0.0000
3.2613 -2.3712 0.0000
-0.6855 -0.9705 0.0331
-0.8960 -1.0415 0.0106
-1.2875 1.7029 0.0000
-0.9793 4.5140 0.0000
-0.4731 -4.7278 0.0000
0.2059 -0.4589 0.4257
0.1985 -0.5517 0.3563
0.1037 -0.5952 0.3402
0.1893 -0.6437 0.2893
0.1054 -0.6888 0.2681
0.0252 -0.5393 0.3912
-0.0587 -0.5763 0.3545
0.0322 -0.7410 0.2333
0.0101 -0.6440 0.3046
-0.1014 -0.6563 0.2844
-0.0462 -0.7315 0.2361
-0.1308 -0.7615 0.2060
3.2391 -0.3265 0.0000
3.0346 -0.5444 0.0000
-2.0684 -4.4416 0.0000
-2.9381 3.3343 0.0000
-3.1794 3.1727 0.0000
-0.7758 -3.8647 0.0000
-1.0195 -3.8296 0.0000
-1.2230 -4.0216 0.0000
-1.4539 -4.2177 0.0000
-1.5571 -4.4983 0.0000
-0.4121 1.2420 0.0246
-0.6319 1.1204 0.0224
-0.8626 0.9977 0.0120
-1.5691 1.6007 0.0000
-1.8513 1.4953 0.0000
-2.9050 1.6222 0.0000
-3.1905 1.5878 0.0000
0.1804 -2.3754 0.0000
-0.0995 -2.5026 0.0000
2.3479 4.7292 0.0000
3.3122 2.0727 0.0000
3.1194 1.9106 0.0000
-4.5173 1.8560 0.0000
0.3528 0.5078 0.3102
0.2696 0.4714 0.3765
0.1912 0.4264 0.4451
0.2652 0.3630 0.4570
0.1767 0.3444 0.5138
0.1070 0.3629 0.5235
0.1874 0.2712 0.5593
0.1006 0.2689 0.5939
0.0092 0.2603 0.6144
0.0651 0.1789 0.6545
-0.0272 0.1699 0.6649
-0.0682 0.0882 0.6884
-0.0342 0.0145 0.7042
0.5363 3.3983 0.0000
0.3140 3.2750 0.0000
0.3868 3.0271 0.0000
0.6421 4.2266 0.0000
0.3748 4.0956 0.0000
3.4757 -2.5133 0.0000
3.2698 -2.6833 0.0000
-2.3096 -3.9764 0.0000
-2.2818 -4.2575 0.0000
-2.5315 -4.2128 0.0000
2.2150 -1.2230 0.0000
2.0305 -1.3779 0.0000
1.7198 -1.3463 0.0000
1.8591 -1.5676 0.0000
1.6608 -1.7122 0.0000
1.5253 -1.5140 0.0000
1.4385 -1.8256 0.0000
0.0560 0.6360 0.3061
-0.0060 0.6943 0.2658
-0.0651 0.6388 0.3081
-0.0043 0.5820 0.3546
-0.1028 0.5687 0.3615
-0.1769 0.5992 0.3247
-0.2496 0.5205 0.3626
-0.1588 0.4983 0.4086
-0.1960 0.4161 0.4615
-0.2814 0.4255 0.4165
-0.3989 0.4171 0.3518
-0.2454 0.3254 0.5028
-0.3378 0.3584 0.4265
-0.3344 0.2665 0.4790
-0.4287 0.3147 0.3828
-0.4078 0.2155 0.4416
-0.4951 0.2325 0.3584
-0.4956 0.1373 0.3828
-0.5776 0.0955 0.3108
-0.5320 0.3172 0.2975
-0.6816 0.2154 0.2019
-0.5776 0.1897 0.2951
-0.6583 0.1372 0.2328
-0.6530 0.0393 0.2458
-0.7513 0.0040 0.1674
-0.7952 -4.7482 0.0000
2.5381 -2.4620 0.0000
2.5058 -2.7403 0.0000
-2.6328 0.2272 0.0000
3.7627 -2.5810 0.0000
3.5269 -2.8057 0.0000
2.2872 2.9857 0.0000
2.1568 2.7738 0.0000
2.0350 2.5634 0.0000
1.1961 -2.6813 0.0000
1.1828 -2.9707 0.0000
1.1856 -3.2586 0.0000
-2.4466 0.4070 0.0000
-2.2810 0.2242 0.0000
-3.7600 1.5774 0.0000
2.9560 -4.2839 0.0000
3.8129 -2.8570 0.0000
3.6443 -3.0457 0.0000
3.4527 -3.1727 0.0000
2.6659 1.1618 0.0000
2.5577 0.8953 0.0000
4.7652 -2.6627 0.0000
4.5273 -2.8205 0.0000
-2.7140 -2.3121 0.0000
-2.9465 -2.4672 0.0000
-3.1524 -2.6341 0.0000
-3.2796 -2.8338 0.0000
-0.7124 0.3873 0.1451
-0.6955 0.3013 0.1750
-0.7786 0.2719 0.1261
-0.9035 0.2775 0.0645
-0.7581 0.1845 0.1505
-0.8333 0.1819 0.1049
-0.7405 0.0985 0.1713
-0.8210 0.0925 0.1182
-0.9487 0.1204 0.0569
-0.8372 0.0145 0.1115
-0.8000 -0.0775 0.1335
-0.9351 -0.0508 0.0652
-0.8606 -0.1567 0.0961
-1.0763 -0.1827 0.0249
-2.5805 -3.5080 0.0000
-2.8611 -3.4195 0.0000
-3.8840 4.2754 0.0000
-4.1992 4.2826 0.0000
-4.2786 4.0289 0.0000
-4.0209 -2.0909 0.0000
3.9616 0.4189 0.0000
3.7660 0.1807 0.0000
2.4702 -3.0303 0.0000
2.4311 -3.3181 0.0000
1.0498 3.3957 0.0000
0.1708 -2.6566 0.0000
-0.0612 -2.8044 0.0000
4.7542 -4.1983 0.0000
4.7489 -4.4911 0.0000
-1.9005 -0.1135 0.0000
-0.0824 -1.6957 0.0025
-0.1472 -1.9559 0.0004
4.4873 -1.3910 0.0000
0.8669 4.4125 0.0000
3.2812 4.7563 0.0000
3.1216 4.5220 0.0000
-0.7514 -3.1053 0.0000
-0.9896 -3.2946 0.0000
-0.4910 -3.1623 0.0000
-0.4912 -3.4123 0.0000
-0.7350 -3.3781 0.0000
-0.7614 -3.6216 0.0000
-0.5834 2.5860 0.0000
-0.8502 2.6568 0.0000
-0.4836 4.7589 0.0000
0.0176 -3.4284 0.0000
-2.0191 -3.8818 0.0000
-2.0157 -4.1652 0.0000
0.6467 2.6201 0.0000
0.8876 3.8419 0.0000
-4.7421 2.9257 0.0000
-0.5978 -2.6061 0.0000
2.6209 1.6890 0.0000
-1.7411 -2.2481 0.0000
-1.9729 -2.4123 0.0000
-2.3164 2.5199 0.0000
-2.5426 2.3388 0.0000
-2.5371 2.0547 0.0000
-2.7934 2.1959 0.0000
-1.3931 2.8306 0.0000
-1.5911 2.6515 0.0000
-0.8495 1.2857 0.0034
-1.1050 1.2073 0.0007
-1.1509 0.9220 0.0018
1.0130 -4.5238 0.0000
1.5301 -0.4366 0.0001
1.3189 -0.6527 0.0009
-3.8529 2.0363 0.0000
-3.9461 1.7838 0.0000
-0.0581 -0.8258 0.1749
-0.1476 -0.8622 0.1459
-0.1658 -0.9657 0.0978
-0.1906 -1.1201 0.0498
-0.2948 -0.9993 0.0733
-0.3698 -1.1872 0.0279
-0.4591 -1.4021 0.0075
-1.6385 -0.2489 0.0001
-1.8722 -0.4167 0.0000
-0.3169 2.6283 0.0000
-0.4499 2.3576 0.0000
4.7607 -0.1474 0.0000
-2.0316 4.7571 0.0000
-2.1736 4.5157 0.0000
-2.3201 4.2772 0.0000
0.7009 -3.9221 0.0000
-0.4849 -0.7779 0.1164
-0.5566 -0.7344 0.1117
-0.6629 -0.7943 0.0674
-0.4261 -0.8566 0.1011
-0.5460 -0.8636 0.0750
3.1868 -0.8305 0.0000
2.9218 -0.8307 0.0000
3.0280 -1.0840 0.0000
2.8466 -1.2975 0.0000
4.2308 -2.3564 0.0000
4.2939 -2.5913 0.0000
-3.1141 4.5301 0.0000
2.0122 -4.2545 0.0000
1.8800 -4.5069 0.0000
1.5845 -4.5021 0.0000
-2.2186 3.0304 0.0000
-2.3983 2.8082 0.0000
-0.7422 0.7631 0.0536
-0.5708 0.6253 0.1519
-0.6719 0.6359 0.1035
-0.6104 0.5453 0.1601
-0.7068 0.5457 0.1108
-0.7625 0.4654 0.1017
-0.8316 0.5985 0.0536
-0.8914 0.4224 0.0556
-0.7923 0.3581 0.1055
-1.7584 -4.2948 0.0000
-1.8463 -4.5332 0.0000
-2.3652 -3.3683 0.0000
-0.7778 4.7473 0.0000
-0.6472 4.4923 0.0000
1.7272 -4.7547 0.0000
4.5307 1.1049 0.0000
-1.8660 3.4827 0.0000
-2.0380 3.2564 0.0000
2.4168 -0.0064 0.0000
2.1559 0.1333 0.0000
-2.9566 4.2960 0.0000
-3.7961 -1.4939 0.0000
-3.9274 -3.5738 0.0000
-4.1475 -3.7003 0.0000
0.9307 2.6610 0.0000
0.7932 2.4067 0.0000
-4.7552 1.0993 0.0000
0.7714 -0.2038 0.1396
0.6676 -0.2050 0.2150
0.5686 -0.2528 0.2876
0.4697 -0.2725 0.3670
0.5347 -0.3421 0.2864
0.6430 -0.2993 0.2143
0.6115 -0.3779 0.2155
0.7097 -0.3723 0.1503
0.6674 -0.4603 0.1540
0.5727 -0.4525 0.2165
0.4296 -0.3549 0.3633
0.4930 -0.4232 0.2839
0.3847 -0.4433 0.3463
0.4685 -0.5069 0.2595
0.5572 -0.5207 0.1996
0.5380 -0.5865 0.1835
0.4544 -0.5998 0.2201
0.3775 -0.5380 0.2934
0.3626 -0.6219 0.2497
0.3409 -0.7004 0.2117
0.2935 -0.5109 0.3518
0.2807 -0.6031 0.2930
4.7593 -4.7606 0.0000
-0.9845 3.5040 0.0000
-1.2817 3.4563 0.0000
-1.4259 3.1673 0.0000
-1.6499 2.9413 0.0000
-2.3316 3.2947 0.0000
-2.5082 3.0742 0.0000
-2.6845 2.8609 0.0000
-3.7149 -1.7382 0.0000
-3.9543 -1.8093 0.0000
1.0827 2.4149 0.0000
1.1986 2.1594 0.0000
-3.9328 -0.9838 0.0000
-4.2181 -1.0810 0.0000
-2.4204 3.7821 0.0000
-2.4490 3.5500 0.0000
3.3703 1.2286 0.0000
3.1490 1.0550 0.0000
4.2128 2.7581 0.0000
2.1794 -1.5948 0.0000
1.9947 -1.7850 0.0000
2.0431 -2.0816 0.0000
1.7817 -1.9256 0.0000
1.7885 -2.2065 0.0000
-0.1834 -1.3686 0.0147
-0.2875 -1.6119 0.0031
-0.3962 -1.8612 0.0005
-1.4622 4.7621 0.0000
-1.7370 4.7538 0.0000
2.3863 -3.6200 0.0000
2.1189 -3.7220 0.0000
2.0437 -2.3669 0.0000
2.6421 -4.7507 0.0000
-3.2160 -2.3384 0.0000
-3.4055 -2.5347 0.0000
-3.5070 -2.7768 0.0000
-4.4814 2.7687 0.0000
-4.7524 2.6426 0.0000
-1.6203 -0.8437 0.0000
-0.9705 -2.2589 0.0000
-2.7301 -2.0138 0.0000
-2.4794 -2.1499 0.0000
-2.9714 -2.1768 0.0000
4.7623 0.1628 0.0000
4.7818 1.0899 0.0000
0.0482 -4.4761 0.0000
0.0601 -4.7339 0.0000
-0.2363 -4.5279 0.0000
-0.1837 -4.7691 0.0000
-3.4473 3.3005 0.0000
-3.6923 3.1470 0.0000
-2.2621 -1.6582 0.0000
-2.5071 -1.5587 0.0000
3.6534 3.3165 0.0000
3.5247 3.5376 0.0000
3.3289 3.3694 0.0000
0.2400 -1.6141 0.0042
-0.5435 -2.8881 0.0000
0.2417 4.5390 0.0000
0.4072 4.3679 0.0000
0.1382 4.2664 0.0000
0.0908 3.9776 0.0000
-4.7533 -0.2765 0.0000
-4.7546 -0.5317 0.0000
-0.1732 4.7515 0.0000
-0.2488 -3.5570 0.0000
-0.5190 -3.6674 0.0000
-1.3379 1.4110 0.0000
-1.6097 1.3074 0.0000
3.2962 -1.9129 0.0000
3.1062 -2.1477 0.0000
2.6992 -0.1153 0.0000
1.8599 1.2639 0.0000
-3.4853 -1.9242 0.0000
-3.7398 -2.0501 0.0000
-3.8444 -2.3207 0.0000
-1.9487 -4.7684 0.0000
-2.1530 -4.7059 0.0000
-2.3557 -4.5053 0.0000
1.5596 4.6116 0.0000
1.6759 4.4184 0.0000
1.3272 4.4977 0.0000
