5.0000 5.0000 0.0000
0.0000 5.0000 0.0000
2.5000 5.0000 0.0000
3.7500 5.0000 0.0000
4.3750 5.0000 0.0000
4.6875 5.0000 0.0000
4.0625 5.0000 0.0000
3.1250 5.0000 0.0000
3.4375 5.0000 0.0000
2.8125 5.0000 0.0000
1.2500 5.0000 0.0000
1.8750 5.0000 0.0000
2.1875 5.0000 0.0000
1.5625 5.0000 0.0000
0.6250 5.0000 0.0000
0.9375 5.0000 0.0000
0.3125 5.0000 0.0000
-2.5000 5.0000 0.0000
-1.2500 5.0000 0.0000
-0.6250 5.0000 0.0000
-0.3125 5.0000 0.0000
-0.9375 5.0000 0.0000
-1.8750 5.0000 0.0000
-1.5625 5.0000 0.0000
-2.1875 5.0000 0.0000
-3.7500 5.0000 0.0000
-3.1250 5.0000 0.0000
-2.8125 5.0000 0.0000
-3.4375 5.0000 0.0000
-4.3750 5.0000 0.0000
-4.0625 5.0000 0.0000
-4.6875 5.0000 0.0000
5.0000 -5.0000 0.0000
5.0000 0.0000 0.0000
5.0000 -2.5000 0.0000
5.0000 -3.7500 0.0000
5.0000 -4.3750 0.0000
5.0000 -4.6875 0.0000
5.0000 -4.0625 0.0000
5.0000 -3.1250 0.0000
5.0000 -3.4375 0.0000
5.0000 -2.8125 0.0000
5.0000 -1.2500 0.0000
5.0000 -1.8750 0.0000
5.0000 -2.1875 0.0000
5.0000 -1.5625 0.0000
5.0000 -0.6250 0.0000
5.0000 -0.9375 0.0000
5.0000 -0.3125 0.0000
5.0000 2.5000 0.0000
5.0000 1.2500 0.0000
5.0000 0.6250 0.0000
5.0000 0.3125 0.0000
5.0000 0.9375 0.0000
5.0000 1.8750 0.0000
5.0000 1.5625 0.0000
5.0000 2.1875 0.0000
5.0000 3.7500 0.0000
5.0000 3.1250 0.0000
5.0000 2.8125 0.0000
5.0000 3.4375 0.0000
5.0000 4.3750 0.0000
5.0000 4.0625 0.0000
5.0000 4.6875 0.0000
-5.0000 -5.0000 0.0000
0.0000 -5.0000 0.0000
-2.5000 -5.0000 0.0000
-3.7500 -5.0000 0.0000
-4.3750 -5.0000 0.0000
-4.6875 -5.0000 0.0000
-4.0625 -5.0000 0.0000
-3.1250 -5.0000 0.0000
-3.4375 -5.0000 0.0000
-2.8125 -5.0000 0.0000
-1.2500 -5.0000 0.0000
-1.8750 -5.0000 0.0000
-2.1875 -5.0000 0.0000
-1.5625 -5.0000 0.0000
-0.6250 -5.0000 0.0000
-0.9375 -5.0000 0.0000
-0.3125 -5.0000 0.0000
2.5000 -5.0000 0.0000
1.2500 -5.0000 0.0000
0.6250 -5.0000 0.0000
0.3125 -5.0000 0.0000
0.9375 -5.0000 0.0000
1.8750 -5.0000 0.0000
1.5625 -5.0000 0.0000
2.1875 -5.0000 0.0000
3.7500 -5.0000 0.0000
3.1250 -5.0000 0.0000
2.8125 -5.0000 0.0000
3.4375 -5.0000 0.0000
4.3750 -5.0000 0.0000
4.0625 -5.0000 0.0000
4.6875 -5.0000 0.0000
-5.0000 5.0000 0.0000
-5.0000 0.0000 0.0000
-5.0000 2.5000 0.0000
-5.0000 3.7500 0.0000
-5.0000 4.3750 0.0000
-5.0000 4.6875 0.0000
-5.0000 4.0625 0.0000
-5.0000 3.1250 0.0000
-5.0000 3.4375 0.0000
-5.0000 2.8125 0.0000
-5.0000 1.2500 0.0000
-5.0000 1.8750 0.0000
-5.0000 2.1875 0.0000
-5.0000 1.5625 0.0000
-5.0000 0.6250 0.0000
-5.0000 0.9375 0.0000
-5.0000 0.3125 0.0000
-5.0000 -2.5000 0.0000
-5.0000 -1.2500 0.0000
-5.0000 -0.6250 0.0000
-5.0000 -0.3125 0.0000
-5.0000 -0.9375 0.0000
-5.0000 -1.8750 0.0000
-5.0000 -1.5625 0.0000
-5.0000 -2.1875 0.0000
-5.0000 -3.7500 0.0000
-5.0000 -3.1250 0.0000
-5.0000 -2.8125 0.0000
-5.0000 -3.4375 0.0000
-5.0000 -4.3750 0.0000
-5.0000 -4.0625 0.0000
-5.0000 -4.6875 0.0000
2.3760 4.3404 0.0000
-0.7640 -2.2257 0.0000
-1.0088 -2.4316 0.0000
2.8740 1.2653 0.0000
0.4734 2.5617 0.0000
-3.7379 -3.7381 0.0000
-3.8144 -4.0691 0.0000
1.7025 2.9766 0.0000
-3.4763 -1.9005 0.0000
-3.5128 -2.1476 0.0000
-3.7942 -2.1480 0.0000
3.3713 -4.2160 0.0000
0.3965 0.8402 0.1134
0.3979 0.7485 0.1530
0.3087 0.8016 0.1494
0.3048 0.7147 0.1974
0.2443 0.6508 0.2556
0.3017 0.5853 0.2810
0.1996 0.5748 0.3246
0.1524 0.4926 0.4047
0.1053 0.5734 0.3493
2.6663 4.7651 0.0000
2.5300 4.5357 0.0000
-3.0755 0.2924 0.0000
-3.1932 -0.2784 0.0000
0.4032 0.9581 0.0722
0.3119 0.8900 0.1093
0.2755 1.0021 0.0745
0.2250 0.9044 0.1162
0.2250 0.8188 0.1571
0.1515 0.9758 0.0954
0.1391 0.8696 0.1431
0.9898 2.5107 0.0000
0.7743 2.3066 0.0000
-3.6194 -1.3630 0.0000
-3.9301 -1.1649 0.0000
-3.8819 -1.4101 0.0000
-3.9872 -1.6916 0.0000
-2.9710 0.5989 0.0000
-3.2408 0.5828 0.0000
-3.3570 0.3060 0.0000
-3.6306 0.3130 0.0000
4.7554 -0.7762 0.0000
2.0648 -3.2738 0.0000
1.7975 -3.3913 0.0000
2.0200 -3.5512 0.0000
1.7613 -3.6926 0.0000
4.0520 -3.7001 0.0000
3.7930 -3.7713 0.0000
3.8023 -2.9645 0.0000
3.6724 -3.2250 0.0000
1.2368 -0.6875 0.0018
-1.3226 2.9935 0.0000
-0.8585 0.9400 0.0155
-0.8789 0.6723 0.0337
-1.1115 0.7584 0.0047
1.7021 1.7788 0.0000
2.3129 2.6357 0.0000
2.0619 2.5795 0.0000
-3.6104 -4.2480 0.0000
-1.4853 -2.6331 0.0000
-1.7172 -2.8235 0.0000
-1.9521 -2.9841 0.0000
-3.4645 -0.2256 0.0000
1.6757 -3.9755 0.0000
1.4295 -4.0417 0.0000
1.2660 -4.2432 0.0000
1.5942 -4.2627 0.0000
1.3788 -4.4909 0.0000
1.1009 -4.4712 0.0000
1.2270 -4.7439 0.0000
0.9799 -4.7361 0.0000
-1.6494 3.3816 0.0000
-1.7918 3.1634 0.0000
1.2091 2.6946 0.0000
-1.0966 4.7537 0.0000
-3.3351 3.8611 0.0000
-3.5033 3.6553 0.0000
0.4082 3.3432 0.0000
-1.2470 -4.5794 0.0000
4.4849 -3.4171 0.0000
-2.6413 -4.7660 0.0000
2.0605 -4.7539 0.0000
3.6310 -4.2662 0.0000
2.0684 -1.8399 0.0000
1.8337 -1.6714 0.0000
1.7692 -1.9258 0.0000
-1.6384 0.4032 0.0000
-4.5230 1.5351 0.0000
-4.7613 1.4177 0.0000
3.3929 1.2290 0.0000
4.2391 -2.6762 0.0000
4.0855 -2.9515 0.0000
-2.9518 -2.7351 0.0000
-3.0006 -3.0319 0.0000
0.5144 -0.1647 0.3592
0.4986 -0.2627 0.3453
0.4762 -0.3599 0.3249
-4.2766 -1.6974 0.0000
-1.3807 0.8564 0.0002
-1.3619 0.5807 0.0006
-1.6407 0.6986 0.0000
-4.7614 -1.9465 0.0000
4.4999 3.7802 0.0000
4.2650 3.6116 0.0000
-4.7485 4.5184 0.0000
-1.2772 -4.0651 0.0000
-2.9618 2.4451 0.0000
-2.5635 2.1270 0.0000
-2.6884 1.8857 0.0000
-2.7709 1.6245 0.0000
4.7453 -2.0237 0.0000
-1.0723 2.5870 0.0000
-1.3109 2.4448 0.0000
1.2034 -1.6230 0.0000
0.9539 -1.6409 0.0002
0.9678 -1.8740 0.0000
-4.7644 3.4256 0.0000
0.1350 0.7723 0.1986
0.0531 0.8259 0.1752
0.2173 0.7341 0.2075
0.1417 0.6680 0.2684
0.0517 0.7298 0.2367
0.0438 0.6426 0.3022
0.0092 0.5667 0.3668
-0.0665 0.5914 0.3461
-0.0382 0.6801 0.2771
-0.1825 0.5843 0.3350
-0.1233 0.5278 0.3920
-4.4949 3.2227 0.0000
-0.0003 -0.2211 0.6383
-0.0523 -0.2945 0.5860
-0.0943 -0.3849 0.5085
-0.1943 -0.3644 0.4908
-0.1620 -0.4573 0.4301
-0.1902 -0.5331 0.3596
-0.2456 -0.4331 0.4157
-0.2787 -0.5034 0.3483
-0.2614 -0.5951 0.2886
-0.3605 -0.4555 0.3396
-0.3575 -0.5511 0.2794
-0.3351 -0.6350 0.2354
-0.4287 -0.6248 0.2048
-0.3711 -0.7140 0.1779
-0.4524 -0.7403 0.1406
-0.5053 -0.6762 0.1506
-3.9873 3.5016 0.0000
-4.2368 3.3563 0.0000
-0.4226 0.1387 0.4513
-0.4709 0.0561 0.4182
-0.5139 -0.0287 0.3772
-0.5614 0.0612 0.3294
-0.6051 -0.0262 0.2897
-0.6183 -0.1103 0.2713
-0.7041 -0.0942 0.2006
-0.6864 -0.1773 0.2058
-0.6479 -0.2482 0.2229
-0.7642 -0.1994 0.1479
-0.7261 -0.2917 0.1593
-0.8215 -0.2648 0.1079
-0.8064 -0.3608 0.1037
-0.9536 -0.2794 0.0525
0.6889 1.8030 0.0003
0.9960 -2.5981 0.0000
0.3476 -2.9644 0.0000
-4.5155 -3.3909 0.0000
-4.7498 -3.5966 0.0000
4.2209 -4.1820 0.0000
3.9243 -4.2585 0.0000
-3.2850 -0.7898 0.0000
-3.4670 -1.0241 0.0000
-3.6922 -1.1187 0.0000
-0.9108 -1.9472 0.0000
-1.2088 -1.9512 0.0000
-1.9213 0.8803 0.0000
-2.1456 0.5938 0.0000
-3.1964 4.2189 0.0000
-3.3876 4.0982 0.0000
-3.3583 -4.0804 0.0000
1.7358 0.5781 0.0000
-2.0769 3.0393 0.0000
-2.1619 2.7910 0.0000
-1.1006 -0.4413 0.0165
-1.3756 -0.4193 0.0015
-1.5125 -0.6693 0.0003
-0.5657 2.7084 0.0000
-0.8164 2.7536 0.0000
-0.8130 2.4771 0.0000
0.3473 -3.7414 0.0000
0.3829 -3.9858 0.0000
0.4340 -4.2319 0.0000
0.1408 -4.0219 0.0000
-0.0243 -4.4970 0.0000
-3.8262 4.2416 0.0000
-4.0987 4.1946 0.0000
-4.2532 3.9664 0.0000
3.1890 1.4014 0.0000
-1.2223 1.3370 0.0001
3.3782 -3.2075 0.0000
0.8834 2.0223 0.0000
0.5930 2.0607 0.0001
4.7625 2.0282 0.0000
4.5207 1.8647 0.0000
-3.9216 -2.3874 0.0000
-4.1835 -2.4555 0.0000
-4.1807 -2.7133 0.0000
-4.4498 -2.5835 0.0000
-4.5113 -2.8311 0.0000
1.1753 -3.9627 0.0000
0.9737 -4.1897 0.0000
-2.3173 -1.2339 0.0000
-2.5201 -1.4320 0.0000
-2.6872 -1.6490 0.0000
-2.9636 -1.7497 0.0000
0.8551 -0.0090 0.1018
0.7555 -0.0221 0.1642
0.6638 -0.0252 0.2370
0.6473 0.1416 0.2426
0.7026 0.0634 0.2037
0.6020 0.0522 0.2917
0.5864 -0.0497 0.3065
0.7010 -0.1084 0.2009
0.6064 -0.1335 0.2792
3.7835 -4.7690 0.0000
0.7996 0.0634 0.1341
1.6271 1.3070 0.0000
1.8405 -2.7327 0.0000
1.6710 -2.9168 0.0000
1.3879 -3.0090 0.0000
-1.9335 1.6895 0.0000
-2.0227 1.4099 0.0000
-2.3013 1.3677 0.0000
-2.0988 1.1301 0.0000
-2.3722 1.1116 0.0000
4.7393 -3.5833 0.0000
2.0124 -0.9548 0.0000
-1.8430 2.9295 0.0000
-1.9161 2.6988 0.0000
-2.6262 1.1467 0.0000
-2.8151 0.8328 0.0000
-0.4432 1.6376 0.0025
-0.4448 1.3508 0.0133
-0.4756 1.1400 0.0342
3.1005 2.6699 0.0000
4.7446 3.2867 0.0000
0.4940 3.8559 0.0000
0.4105 3.6032 0.0000
-0.4872 -3.2958 0.0000
-0.5058 -3.5786 0.0000
-0.7407 -3.3917 0.0000
-0.9632 -3.4683 0.0000
-0.7678 -3.6878 0.0000
-0.9781 -3.9401 0.0000
-3.9172 4.7419 0.0000
-4.2126 4.7305 0.0000
-4.1917 4.4653 0.0000
-2.1722 2.4830 0.0000
-2.4764 2.4035 0.0000
-4.2123 -4.0318 0.0000
-4.4828 -4.1423 0.0000
4.0785 3.1439 0.0000
-1.3909 -1.7286 0.0000
-1.4943 -2.0163 0.0000
2.9689 0.9243 0.0000
-1.5465 3.1373 0.0000
-0.5909 3.2585 0.0000
-0.8511 3.3454 0.0000
-1.0828 3.1642 0.0000
3.6641 1.2543 0.0000
3.5839 0.9995 0.0000
-2.9399 -0.3693 0.0000
-3.1114 -0.5721 0.0000
-2.9762 -0.8262 0.0000
-3.1819 -1.0513 0.0000
4.7579 2.3447 0.0000
4.5248 2.1720 0.0000
2.3126 3.8145 0.0000
3.9602 -3.2170 0.0000
3.8247 -3.4910 0.0000
2.5795 -3.4403 0.0000
0.1939 0.0839 0.6393
0.1060 0.0611 0.6831
0.1596 -0.0189 0.6670
0.0676 -0.0209 0.6983
-0.0114 -0.0539 0.7014
0.1001 -0.1024 0.6764
0.0209 -0.1271 0.6823
-0.0559 -0.1591 0.6648
-0.1063 -0.2198 0.6219
-0.1475 -0.2982 0.5579
-0.2074 -0.2332 0.5712
-0.2615 -0.3065 0.4962
-0.3024 -0.3812 0.4226
-0.7807 4.7381 0.0000
-4.0118 -4.2015 0.0000
-0.6473 0.5459 0.1404
-0.7564 0.5593 0.0863
-0.5492 0.5332 0.1993
-0.5967 0.4598 0.1980
-0.6523 0.4041 0.1792
-0.7072 0.4761 0.1275
-0.7508 0.3958 0.1212
-0.7838 0.3203 0.1159
-0.8472 0.4627 0.0664
-0.9020 0.3136 0.0621
-0.9115 0.1378 0.0704
-0.0510 2.4329 0.0000
0.2006 -0.5812 0.3326
0.1416 -0.6868 0.2653
0.0855 -0.7697 0.2129
0.0329 -0.6960 0.2647
-0.0177 -0.7743 0.2088
-0.0542 -0.8670 0.1520
-0.0911 -0.9542 0.1084
-0.1120 -0.7892 0.1907
-0.1563 -0.8803 0.1355
-0.1829 -0.9851 0.0889
-0.2918 -0.9827 0.0785
-4.0285 2.0833 0.0000
-4.2721 1.9697 0.0000
-4.0332 1.7987 0.0000
-4.2847 1.6738 0.0000
-4.5163 1.8500 0.0000
-1.4154 -4.7681 0.0000
3.1774 3.6840 0.0000
-3.2918 2.8403 0.0000
1.4992 1.5607 0.0000
1.3220 1.2997 0.0002
4.7488 3.9128 0.0000
4.7828 4.7851 0.0000
4.5139 4.7290 0.0000
-3.0734 -1.3056 0.0000
-3.3619 -1.3045 0.0000
-3.4473 -1.6217 0.0000
-3.7175 -1.6460 0.0000
-0.1368 4.7481 0.0000
-2.3218 -4.0888 0.0000
-0.7641 -4.2072 0.0000
0.7589 0.8240 0.0433
0.6367 0.6516 0.1119
2.9324 -2.9606 0.0000
-1.8731 2.4383 0.0000
-1.7367 2.2175 0.0000
-2.0208 2.1978 0.0000
-1.8443 1.9527 0.0000
-2.1254 1.9191 0.0000
4.7670 -2.6561 0.0000
-4.4698 -0.3737 0.0000
-4.3945 0.0850 0.0000
-4.5372 -0.1091 0.0000
-4.7779 -0.0357 0.0000
-4.7456 -0.2869 0.0000
-4.7474 -0.5247 0.0000
-4.4950 -0.6211 0.0000
-4.7600 -0.7901 0.0000
-1.6212 -3.0784 0.0000
-3.2959 1.4166 0.0000
-0.2396 0.1318 0.6013
-0.2547 0.0351 0.6095
-0.2406 0.2963 0.5233
-0.2866 0.2184 0.5361
-0.3544 0.1754 0.5011
-0.3176 0.1010 0.5520
-0.3814 0.0568 0.5034
-0.3328 -0.0139 0.5487
-0.4230 -0.0347 0.4653
-0.4399 -0.1201 0.4364
-0.5269 -0.1108 0.3557
-0.3434 -0.1139 0.5244
-0.3977 -0.2057 0.4482
-0.5805 -0.1907 0.2911
-0.4893 -0.2064 0.3677
-0.5539 -0.2818 0.2882
-0.6343 -0.3409 0.2094
3.5486 -4.7429 0.0000
-1.4934 -1.1881 0.0001
0.3883 1.8332 0.0006
0.0860 1.8765 0.0008
3.4268 4.5155 0.0000
3.5594 4.2858 0.0000
3.2460 4.3052 0.0000
3.2213 1.6838 0.0000
2.9645 1.5442 0.0000
-0.6120 3.5460 0.0000
0.0644 4.1367 0.0000
4.4928 -0.0562 0.0000
-1.7953 -3.7836 0.0000
0.2561 -2.1691 0.0001
0.2000 2.6260 0.0000
-4.2354 3.0852 0.0000
-4.4996 2.9645 0.0000
3.8714 1.0379 0.0000
0.3432 -2.4429 0.0000
0.9132 3.3705 0.0000
-4.4792 4.5005 0.0000
-0.5999 0.9428 0.0524
-0.5615 0.8061 0.0948
-0.5824 0.7126 0.1169
-0.5942 0.6283 0.1401
-0.6897 0.6479 0.0936
-0.6996 0.7835 0.0610
1.2491 -3.5564 0.0000
-3.7743 1.6424 0.0000
-4.0381 1.5206 0.0000
-4.0452 1.2397 0.0000
-4.2427 1.0743 0.0000
-4.2857 1.3770 0.0000
0.1922 -2.7093 0.0000
-3.5286 0.5648 0.0000
-3.8814 0.3707 0.0000
-4.0944 0.3795 0.0000
-4.2585 0.5215 0.0000
-4.4385 0.3454 0.0000
-4.6925 0.1872 0.0000
1.9826 3.3760 0.0000
1.7041 3.2593 0.0000
-3.2599 3.5070 0.0000
-3.4697 3.3438 0.0000
3.6451 -2.7165 0.0000
3.5132 -2.9676 0.0000
3.2139 -2.9746 0.0000
4.3258 -3.6150 0.0000
-1.3548 2.1656 0.0000
-1.5500 2.3647 0.0000
-1.5720 2.0220 0.0000
2.2300 3.2060 0.0000
1.9700 3.0881 0.0000
-4.5081 -1.5430 0.0000
-4.5251 -1.8238 0.0000
2.6632 2.2545 0.0000
2.4227 2.0946 0.0000
4.2091 -1.3879 0.0000
4.5077 -0.6152 0.0000
0.0345 0.1213 0.6829
0.0012 0.0432 0.7032
-0.0886 0.0032 0.6938
-0.0922 -0.0881 0.6812
-0.1701 0.0155 0.6619
-0.1756 -0.0633 0.6531
-0.1600 -0.1506 0.6351
-0.2557 -0.0576 0.6049
-0.2473 -0.1424 0.5888
-0.3028 -0.2115 0.5213
-0.3542 -0.2872 0.4452
-4.0052 -3.3298 0.0000
-4.2727 -3.2209 0.0000
-4.2489 -3.4922 0.0000
-4.4947 -3.6581 0.0000
-1.3001 -3.4983 0.0000
-1.5516 -3.6512 0.0000
-3.0012 -2.3440 0.0000
0.2779 -4.5220 0.0000
-4.5022 4.7539 0.0000
2.9919 1.8644 0.0000
3.4567 3.5770 0.0000
4.1992 4.7515 0.0000
-0.6885 1.1513 0.0154
1.5025 -2.0030 0.0000
1.3233 -2.1807 0.0000
1.1396 -2.3638 0.0000
1.3060 -2.5466 0.0000
-3.1749 -1.5618 0.0000
0.6906 -0.5389 0.1203
0.6583 -0.6116 0.1160
0.6030 -0.6824 0.1184
0.5380 -0.7551 0.1185
0.5725 -0.5857 0.1659
0.4717 -0.5755 0.2233
0.3962 -0.6317 0.2298
0.5040 -0.6611 0.1682
0.4334 -0.7224 0.1688
0.3642 -0.7975 0.1544
0.3371 -0.7095 0.2076
0.2699 -0.8288 0.1589
-1.0433 -2.1851 0.0000
-1.2929 -2.2133 0.0000
-1.2560 -2.4640 0.0000
-0.9724 -4.4843 0.0000
-0.7979 -4.7555 0.0000
-1.0856 -4.7699 0.0000
-3.3302 1.1112 0.0000
-3.4149 0.8290 0.0000
1.2481 -1.1908 0.0002
-1.4557 1.5096 0.0000
-1.6224 1.7388 0.0000
-1.7505 1.4773 0.0000
3.7658 -1.1072 0.0000
2.6412 -4.7403 0.0000
4.0446 -1.6469 0.0000
0.1611 3.2006 0.0000
0.0616 0.9249 0.1234
-0.0263 0.8782 0.1502
-0.0345 0.7785 0.2083
-0.1159 0.8345 0.1729
-0.1250 0.7366 0.2329
-0.1297 0.6477 0.2959
-0.2220 0.6795 0.2571
-0.2050 0.7862 0.1926
-0.2987 0.7478 0.1967
-0.2657 0.5719 0.3197
-0.2073 0.4801 0.4084
-0.3077 0.4825 0.3642
-0.2625 0.3995 0.4441
-0.3502 0.3963 0.3958
-0.3220 0.6532 0.2460
-0.3622 0.5574 0.2889
-0.4572 0.5361 0.2511
-0.4096 0.4607 0.3203
-0.5060 0.4250 0.2736
0.4621 -1.6236 0.0026
0.2045 -1.6659 0.0031
-2.0222 -1.4294 0.0000
-2.2447 -1.5011 0.0000
-2.1747 -1.7622 0.0000
-2.4378 -1.7226 0.0000
2.9380 -4.7707 0.0000
-3.6834 -0.4718 0.0000
0.7500 -2.6760 0.0000
0.4743 -2.7024 0.0000
2.0328 3.6693 0.0000
-0.3664 3.7290 0.0000
-1.7551 -1.4211 0.0000
-3.2476 3.1850 0.0000
-3.4742 3.0453 0.0000
3.5978 -4.5051 0.0000
-1.0719 0.4778 0.0143
-1.3338 0.3175 0.0017
-2.3332 -4.7534 0.0000
-2.6165 -0.0413 0.0000
-2.7638 -0.2177 0.0000
-4.7488 2.9232 0.0000
2.7927 -3.7146 0.0000
-1.4013 4.7521 0.0000
3.5573 -0.9099 0.0000
3.4585 -1.1580 0.0000
-2.7732 -4.5224 0.0000
0.1011 0.4085 0.4882
0.0543 0.4854 0.4320
-0.0047 0.3979 0.5109
0.0679 0.3212 0.5644
0.0417 0.2238 0.6341
-0.0396 0.4901 0.4325
-0.1126 0.4345 0.4707
-0.0193 0.2947 0.5909
-0.0905 0.3469 0.5445
-0.1840 0.3726 0.4984
-0.1511 0.2811 0.5742
-0.0321 0.1731 0.6628
-0.0804 0.2428 0.6182
-0.1955 0.2071 0.5968
-0.0741 0.0912 0.6861
-0.1268 0.1700 0.6437
-0.1645 0.0939 0.6540
-4.5060 3.4863 0.0000
-4.7483 -2.6789 0.0000
2.9691 4.7642 0.0000
2.8248 4.5117 0.0000
2.6671 4.2733 0.0000
2.9834 4.2553 0.0000
2.8041 4.0366 0.0000
2.7836 -4.2567 0.0000
2.8618 -4.5164 0.0000
1.3849 1.8201 0.0000
-2.7892 -2.5375 0.0000
-3.1474 -2.5511 0.0000
1.1813 1.9633 0.0000
0.9853 0.0483 0.0478
0.9387 -0.1175 0.0606
0.8405 -0.2949 0.0900
0.8541 -0.4159 0.0697
0.7282 -0.4566 0.1208
3.2743 0.9925 0.0000
-4.2797 -2.9364 0.0000
-4.5240 -3.1100 0.0000
-4.7645 -2.9738 0.0000
-4.7646 -3.2803 0.0000
-2.7613 3.3594 0.0000
-2.8781 3.0951 0.0000
1.0897 4.7502 0.0000
0.4451 4.5481 0.0000
0.2313 4.3754 0.0000
-1.5327 -2.3357 0.0000
-1.7348 -2.5237 0.0000
3.7652 0.7498 0.0000
3.5086 0.5507 0.0000
3.2515 0.4517 0.0000
3.9045 4.7427 0.0000
4.7855 1.1480 0.0000
0.5474 -4.4797 0.0000
0.4377 -4.7557 0.0000
3.1364 -4.6794 0.0000
0.0757 -3.4953 0.0000
-0.2447 -3.4432 0.0000
1.2645 0.9825 0.0013
0.9912 0.8934 0.0113
1.1928 0.6776 0.0054
0.9157 0.6591 0.0342
-4.2538 0.7935 0.0000
-4.5140 1.2207 0.0000
-4.4981 0.9359 0.0000
-4.7405 0.9440 0.0000
-4.7620 0.7324 0.0000
-4.5123 0.6495 0.0000
-4.7367 0.4568 0.0000
-4.7431 -3.9012 0.0000
-4.7475 -4.2021 0.0000
4.2788 2.2973 0.0000
4.0182 2.1449 0.0000
0.2063 -1.1737 0.0446
0.0203 -1.2214 0.0367
0.6736 3.1000 0.0000
0.6769 2.8535 0.0000
0.4386 2.8128 0.0000
-2.2112 0.8657 0.0000
-2.3922 0.6584 0.0000
-2.9979 1.8428 0.0000
-3.2606 1.7112 0.0000
1.0582 3.9545 0.0000
0.9781 3.6614 0.0000
3.9881 0.2674 0.0000
-3.7183 0.8222 0.0000
-3.7882 0.5857 0.0000
-4.0137 0.6553 0.0000
1.4845 -2.7321 0.0000
1.1911 -2.8124 0.0000
-2.4361 -2.9197 0.0000
-2.5283 -3.1615 0.0000
-2.7950 -3.1998 0.0000
-2.5930 -3.4223 0.0000
-2.8160 -3.4783 0.0000
-3.0103 -3.6584 0.0000
1.8863 -1.4058 0.0000
1.6435 -1.4614 0.0000
1.3684 -1.4405 0.0000
1.5135 -1.7190 0.0000
1.2427 -1.8849 0.0000
0.0366 2.1728 0.0001
4.2224 -1.9000 0.0000
4.3642 -2.1687 0.0000
0.7460 -2.0725 0.0000
0.5283 -2.2093 0.0000
-3.6192 4.7816 0.0000
2.9799 3.4761 0.0000
3.0156 3.1963 0.0000
-0.3599 -1.8478 0.0006
-0.2750 -2.1195 0.0001
1.7711 0.8509 0.0000
1.5472 1.0658 0.0001
1.4878 0.8089 0.0003
-1.8294 -3.2152 0.0000
-2.0541 -3.3153 0.0000
3.2389 0.1532 0.0000
2.9871 0.0129 0.0000
3.0027 -0.2716 0.0000
-0.3460 3.4448 0.0000
4.4984 -1.4709 0.0000
4.5441 -1.7254 0.0000
4.4879 -1.9472 0.0000
0.9210 3.0879 0.0000
0.9358 2.8057 0.0000
0.7179 2.5865 0.0000
0.4184 -1.1691 0.0341
0.2875 -1.3883 0.0144
0.0538 -1.4362 0.0124
3.8699 2.9442 0.0000
-4.3708 -1.3647 0.0000
-1.5312 -4.2144 0.0000
-0.0945 3.6287 0.0000
-0.0896 3.3298 0.0000
4.7572 -3.2840 0.0000
4.2610 -3.2151 0.0000
0.4236 3.0772 0.0000
0.1764 2.9120 0.0000
3.2428 3.3871 0.0000
4.1327 -3.4400 0.0000
4.7551 4.2070 0.0000
-2.2018 3.9114 0.0000
-2.3638 3.6625 0.0000
-1.8454 -3.5192 0.0000
1.4399 -0.1784 0.0006
1.2892 -0.4082 0.0022
1.0303 -0.5385 0.0171
4.1589 1.1632 0.0000
-2.0655 -4.0512 0.0000
0.6373 -2.9507 0.0000
3.2978 3.0989 0.0000
-3.8849 -4.7331 0.0000
-4.7893 -4.7884 0.0000
2.2659 -0.7864 0.0000
2.3077 -1.0767 0.0000
-3.0510 3.3334 0.0000
-4.5129 -0.8939 0.0000
-4.7592 -1.0795 0.0000
2.1834 1.2053 0.0000
2.0665 0.9512 0.0000
2.7556 -3.2029 0.0000
4.1506 2.8498 0.0000
3.9294 2.6694 0.0000
3.7854 2.4500 0.0000
2.2347 2.9050 0.0000
-4.2290 -3.7620 0.0000
-4.4880 -3.9024 0.0000
-3.4368 4.6228 0.0000
-3.6834 4.5151 0.0000
-3.9435 4.4799 0.0000
-4.2551 3.6277 0.0000
1.5982 0.3366 0.0001
1.4516 0.0926 0.0007
1.1850 -0.0947 0.0098
1.0282 -0.2937 0.0278
-1.9863 3.2937 0.0000
-2.1957 3.4099 0.0000
-2.2926 3.1729 0.0000
-2.3855 2.9373 0.0000
-3.2242 -1.8672 0.0000
-3.2368 -2.1647 0.0000
1.8290 2.4686 0.0000
1.6159 2.3049 0.0000
1.3747 2.1790 0.0000
-1.5524 -3.9477 0.0000
-1.8119 -4.0429 0.0000
2.9106 -4.0196 0.0000
2.6639 -3.9697 0.0000
2.4626 -4.2061 0.0000
4.1646 -4.4632 0.0000
2.6000 2.5424 0.0000
2.1709 2.0775 0.0000
1.9418 1.9269 0.0000
-1.5743 1.2757 0.0000
-1.8302 1.1810 0.0000
3.2575 1.9719 0.0000
3.5689 -3.7286 0.0000
3.4909 -3.9667 0.0000
4.7669 -1.0606 0.0000
-2.2227 1.6371 0.0000
-2.4864 1.6583 0.0000
-2.5483 1.4074 0.0000
-2.8276 1.3485 0.0000
-2.8732 1.0660 0.0000
3.7449 2.2242 0.0000
3.5306 2.0310 0.0000
3.4846 1.7734 0.0000
-0.4003 -0.8100 0.1246
-0.4775 -0.8490 0.0930
-0.5404 -0.7663 0.1054
-0.6166 -0.9003 0.0538
-0.7913 -1.0407 0.0167
-0.9751 -1.2062 0.0034
4.7583 1.7186 0.0000
4.5032 1.5596 0.0000
0.0594 -2.9704 0.0000
-2.0287 -3.8056 0.0000
-0.4215 0.3542 0.3693
-0.4921 0.3150 0.3312
-0.5826 0.3412 0.2487
-0.6386 0.2427 0.2309
-0.6844 0.3216 0.1784
-0.7364 0.2410 0.1576
-0.3149 0.3218 0.4629
-0.3762 0.2702 0.4451
-0.4511 0.2293 0.3986
-0.5476 0.2391 0.3095
-0.5118 0.1478 0.3651
-0.6039 0.1526 0.2783
-0.6529 0.0688 0.2442
-0.7013 0.1573 0.1952
-0.7495 0.0682 0.1666
-0.8188 0.2233 0.1089
-0.7936 0.1443 0.1313
-0.8466 0.0489 0.1054
-0.6933 -0.0150 0.2123
-0.7816 -0.0214 0.1463
-0.8689 -0.0520 0.0947
0.1333 -4.7566 0.0000
-0.7620 4.3707 0.0000
-0.9013 4.1656 0.0000
-1.1720 4.0121 0.0000
-2.5406 -2.6956 0.0000
-2.7291 -2.9037 0.0000
-3.4088 -4.6047 0.0000
-3.5885 -4.7870 0.0000
4.7394 1.4217 0.0000
3.9609 -0.3245 0.0000
3.7081 -0.4801 0.0000
3.7271 -4.0301 0.0000
2.6924 -0.4172 0.0000
2.4494 -0.3039 0.0000
2.2155 -0.1682 0.0000
2.2080 -0.4711 0.0000
-2.7418 -1.9147 0.0000
-2.9802 -2.0510 0.0000
-4.7658 4.7714 0.0000
-3.5724 4.2748 0.0000
4.5065 2.4814 0.0000
-3.3908 -0.5083 0.0000
-3.5715 -0.7410 0.0000
-1.9227 -1.6580 0.0000
-1.9521 -1.9117 0.0000
1.1915 2.9585 0.0000
-4.7448 -4.5214 0.0000
-2.2743 -2.5812 0.0000
-2.5206 -2.4350 0.0000
-3.9233 2.4186 0.0000
-4.1364 2.3084 0.0000
-4.3504 2.2081 0.0000
4.7691 -0.4945 0.0000
-1.0622 -3.6671 0.0000
-1.2934 -3.7990 0.0000
4.7477 -4.2020 0.0000
4.4711 -4.3047 0.0000
4.4492 -4.5464 0.0000
-3.4136 2.2313 0.0000
-3.7946 2.2013 0.0000
-3.5740 2.0881 0.0000
-3.7789 1.9071 0.0000
3.7292 3.4884 0.0000
4.2551 0.6705 0.0000
3.9985 0.5726 0.0000
-2.9479 -4.7543 0.0000
-0.2027 1.0089 0.0893
-0.2766 0.9378 0.1092
-0.1148 0.9323 0.1235
-0.1955 0.8931 0.1370
-0.2812 0.8429 0.1503
-0.3570 0.9034 0.1108
-0.4597 0.8612 0.1046
-0.3769 0.8171 0.1424
-0.3978 0.7278 0.1786
-0.4179 0.6337 0.2194
-0.4791 0.7813 0.1285
-0.4960 0.7000 0.1553
-0.5091 0.6171 0.1850
4.2813 2.0081 0.0000
4.0495 1.8543 0.0000
-3.6277 3.9676 0.0000
-3.7898 3.7293 0.0000
2.3510 -4.7439 0.0000
-1.2870 -4.3468 0.0000
-0.0769 3.0323 0.0000
-1.3528 1.8505 0.0000
3.4420 -0.6385 0.0000
3.1174 -0.6891 0.0000
3.0085 -0.9482 0.0000
1.4495 2.9851 0.0000
1.4469 2.7512 0.0000
3.4562 0.7755 0.0000
3.1969 0.7265 0.0000
2.9870 0.5821 0.0000
4.5286 1.2226 0.0000
0.5180 0.5937 0.1816
0.4420 0.4937 0.2706
0.3257 0.4274 0.3785
0.5125 0.5122 0.2216
0.5345 0.4329 0.2443
0.4204 0.4261 0.3216
0.4833 0.3795 0.3033
0.4457 0.2995 0.3691
0.3790 0.3524 0.3917
0.3241 0.2984 0.4612
0.3900 0.2380 0.4419
0.3033 0.2059 0.5240
0.3610 0.1361 0.5038
0.2787 0.1099 0.5773
0.2320 0.2756 0.5332
0.2108 0.1817 0.5959
-0.1806 1.7699 0.0016
-2.5617 -3.9414 0.0000
-2.5982 -4.2403 0.0000
-0.7117 -0.3974 0.1463
-0.7654 -0.4645 0.1054
-0.8901 -0.4590 0.0593
-0.9682 -0.6535 0.0259
-1.2244 -0.6778 0.0042
-3.6635 -4.5262 0.0000
0.0920 -0.3732 0.5234
0.0034 -0.4542 0.4628
0.0876 -0.4502 0.4614
0.1295 -0.5322 0.3868
0.0396 -0.5341 0.3944
-0.0021 -0.3768 0.5275
-0.0785 -0.4783 0.4336
-0.0337 -0.5493 0.3791
-0.1112 -0.5762 0.3452
0.0828 -0.6130 0.3270
-0.0153 -0.6242 0.3185
-0.0808 -0.6852 0.2650
-0.1793 -0.6347 0.2842
-0.1696 -0.7191 0.2265
-0.2642 -0.7004 0.2167
-0.2129 -0.7962 0.1711
-0.3068 -0.7918 0.1544
-0.2510 -0.8819 0.1219
-0.3513 -0.8823 0.1053
-0.4397 -0.9657 0.0650
-4.5244 -4.7444 0.0000
1.1942 3.4646 0.0000
1.1815 3.2158 0.0000
-0.3135 2.8653 0.0000
-0.5591 2.4397 0.0000
4.3044 -1.6595 0.0000
3.9280 -1.9125 0.0000
-0.0597 2.7341 0.0000
-0.3045 2.5784 0.0000
-0.3664 -2.6610 0.0000
-0.0322 1.5787 0.0055
-0.2216 1.4462 0.0113
-0.2294 1.1950 0.0399
-0.3272 1.0381 0.0702
-0.4374 0.9635 0.0768
1.9644 2.8047 0.0000
1.7124 2.6986 0.0000
1.5071 2.5101 0.0000
-1.3573 2.7035 0.0000
-1.6002 2.8707 0.0000
-1.6396 2.6026 0.0000
2.1058 -3.7640 0.0000
-0.1185 3.9164 0.0000
2.7169 1.9869 0.0000
1.3378 3.9999 0.0000
1.2619 3.7278 0.0000
2.7308 0.4434 0.0000
2.4701 0.2706 0.0000
2.3336 0.0561 0.0000
-3.7263 3.4576 0.0000
-3.7248 3.1965 0.0000
-3.9740 3.2168 0.0000
-0.5690 -1.1218 0.0243
-0.7133 -1.3428 0.0051
-0.9554 -1.4599 0.0010
4.7470 -2.9652 0.0000
4.5329 -3.1272 0.0000
3.7924 3.2118 0.0000
-4.7308 -1.3766 0.0000
-0.4170 -3.8048 0.0000
-0.6711 -3.9264 0.0000
-2.4762 3.4020 0.0000
-2.5857 3.1413 0.0000
2.0213 -2.9070 0.0000
1.8622 -3.1000 0.0000
1.5906 -3.2031 0.0000
1.5325 -3.4952 0.0000
-0.7845 -0.1108 0.1419
-0.8722 -0.1651 0.0900
-1.0084 -0.0384 0.0409
-1.1998 -0.2053 0.0093
-3.8636 -4.3858 0.0000
1.4333 3.2211 0.0000
-1.1141 -3.3001 0.0000
-1.5779 -3.3701 0.0000
-4.5279 -4.4032 0.0000
0.1716 3.8125 0.0000
0.1531 3.4979 0.0000
-4.7607 1.1501 0.0000
1.4015 4.7622 0.0000
1.0345 0.4329 0.0265
0.8503 0.3462 0.0858
0.7522 0.3758 0.1289
0.6789 0.3448 0.1789
0.7495 0.2827 0.1464
0.6964 0.2192 0.1923
0.9528 0.2377 0.0547
0.8637 0.1290 0.0958
0.8172 0.2254 0.1142
0.7543 0.1508 0.1595
-0.1809 -1.3570 0.0158
-0.0623 -1.6582 0.0032
0.4976 4.2803 0.0000
0.3233 4.0727 0.0000
2.4961 3.0795 0.0000
2.5439 2.8140 0.0000
4.3657 1.0091 0.0000
4.0941 0.8691 0.0000
2.3790 1.0133 0.0000
-4.3487 -4.5724 0.0000
4.2399 0.3905 0.0000
2.4709 1.8420 0.0000
2.2238 1.8000 0.0000
3.8417 4.2367 0.0000
3.8018 1.9565 0.0000
3.7143 1.7463 0.0000
1.6671 -0.9635 0.0000
1.5462 -1.2133 0.0000
2.7382 3.2823 0.0000
-0.7463 1.6774 0.0006
-0.6828 1.4088 0.0042
-0.9719 1.4982 0.0004
1.7710 -0.7648 0.0000
-2.9302 2.7894 0.0000
-3.1326 2.6470 0.0000
-1.9349 0.3554 0.0000
-2.2204 0.3393 0.0000
-2.0522 0.0987 0.0000
-2.9583 4.7542 0.0000
-2.6640 4.7785 0.0000
-1.0883 0.2124 0.0196
-1.2763 0.0385 0.0044
4.0168 -4.7316 0.0000
-1.8136 -0.1456 0.0000
-2.1129 -0.1548 0.0000
-0.0789 -2.6683 0.0000
3.7450 -0.7625 0.0000
1.7193 4.7627 0.0000
1.5595 4.5313 0.0000
3.3574 -1.4111 0.0000
-2.1121 4.5063 0.0000
-2.1619 4.2104 0.0000
-2.4211 4.1208 0.0000
1.2623 4.5085 0.0000
4.2252 3.3677 0.0000
2.4803 3.3497 0.0000
2.5354 -0.8968 0.0000
4.7375 4.5188 0.0000
4.5353 4.3648 0.0000
2.0334 4.7505 0.0000
0.0725 -2.4327 0.0000
1.0416 -2.1175 0.0000
0.8511 -2.3424 0.0000
0.6292 -2.4485 0.0000
1.7703 1.5042 0.0000
-0.8261 3.0426 0.0000
-1.0789 2.8682 0.0000
-3.0798 2.1900 0.0000
-3.2523 2.0076 0.0000
-3.5022 1.8524 0.0000
0.8807 -3.6036 0.0000
0.6131 -3.7157 0.0000
0.6235 -3.9764 0.0000
-1.5403 0.1199 0.0002
0.3030 -0.5407 0.3265
0.3025 -0.6248 0.2705
0.2272 -0.6680 0.2634
0.2635 -0.7383 0.2102
0.1858 -0.7737 0.2023
0.1395 -0.8462 0.1648
0.0427 -0.8568 0.1615
0.0098 -0.9480 0.1162
0.2049 -0.9006 0.1325
0.1080 -0.9349 0.1224
0.0824 -1.0479 0.0794
-0.0475 -1.0483 0.0766
-1.3457 -0.9279 0.0008
-4.2639 2.5230 0.0000
-4.5112 2.4210 0.0000
-4.7599 2.3213 0.0000
0.5079 -0.0755 0.3804
0.4250 -0.1077 0.4557
0.4193 -0.1996 0.4370
0.4096 -0.2899 0.4094
0.3816 -0.3828 0.3828
0.3442 -0.4555 0.3624
0.3267 -0.3258 0.4526
0.2636 -0.3583 0.4711
0.1826 -0.3757 0.4963
0.2759 -0.4253 0.4192
0.2358 -0.4905 0.3898
0.1725 -0.4547 0.4390
1.4682 3.4837 0.0000
0.8064 -0.1005 0.1266
0.7678 -0.1818 0.1445
0.6764 -0.2052 0.2079
0.8533 -0.2010 0.0930
0.7506 -0.2696 0.1439
0.5879 -0.2335 0.2759
0.6611 -0.3048 0.1992
0.7419 -0.3623 0.1328
0.6469 -0.4059 0.1824
0.6153 -0.4980 0.1734
0.5710 -0.3321 0.2610
0.5478 -0.4235 0.2448
0.5167 -0.5077 0.2296
0.4456 -0.4563 0.2997
0.3937 -0.5374 0.2851
4.3423 4.5271 0.0000
4.2863 4.2584 0.0000
1.4301 4.2721 0.0000
1.1465 4.2352 0.0000
-0.4545 4.7650 0.0000
-2.7511 2.3049 0.0000
-2.8737 2.0844 0.0000
-4.3861 4.2414 0.0000
-4.7124 4.2414 0.0000
-3.8464 0.1127 0.0000
-4.1496 0.1578 0.0000
-4.2582 -0.1740 0.0000
-4.2012 -0.4567 0.0000
4.7635 -3.9018 0.0000
4.5333 -3.7523 0.0000
4.5022 -4.0362 0.0000
0.2670 0.3658 0.4541
0.1648 0.3385 0.5228
0.1365 0.2493 0.5946
0.1202 0.1565 0.6493
2.9849 0.2981 0.0000
2.7209 0.1392 0.0000
2.5376 -0.0665 0.0000
2.7657 -0.1727 0.0000
-0.1676 -4.7589 0.0000
0.7910 3.8814 0.0000
0.7751 4.7275 0.0000
0.2044 1.6015 0.0038
0.0421 1.3145 0.0226
-0.0604 1.1211 0.0584
-0.1124 1.0226 0.0878
-2.6625 2.8719 0.0000
-2.7234 2.5921 0.0000
2.5699 -1.2008 0.0000
2.3540 -1.3955 0.0000
-0.0211 4.4633 0.0000
-2.3309 4.7323 0.0000
-2.3593 4.4078 0.0000
1.4699 0.5792 0.0005
1.3022 0.3857 0.0033
1.1668 0.1766 0.0124
-0.7458 -2.5271 0.0000
-0.6269 -2.7386 0.0000
-0.8264 -2.8938 0.0000
-0.6439 -3.0965 0.0000
-0.8978 -3.1665 0.0000
3.0883 -1.4550 0.0000
3.2330 -1.6649 0.0000
3.0483 -1.8287 0.0000
2.8928 -1.6105 0.0000
2.6689 -1.7458 0.0000
4.2762 1.7029 0.0000
4.1327 1.4903 0.0000
4.7274 -4.4935 0.0000
4.7767 -4.7548 0.0000
1.8146 3.8427 0.0000
1.7535 3.5558 0.0000
2.6208 3.8378 0.0000
2.2157 4.1463 0.0000
2.0862 3.9489 0.0000
4.2356 0.1027 0.0000
4.2165 -0.1802 0.0000
-0.6397 3.8348 0.0000
-3.0592 -3.3444 0.0000
-3.2165 -3.6058 0.0000
2.6226 -1.4824 0.0000
2.3729 -1.7197 0.0000
2.1218 -1.5597 0.0000
1.2772 2.4354 0.0000
1.0728 2.2345 0.0000
2.7818 0.7351 0.0000
2.5579 0.8165 0.0000
0.8312 -4.4677 0.0000
0.7171 -4.7380 0.0000
3.8525 -4.5083 0.0000
-2.4070 -2.2152 0.0000
-2.7178 -2.2162 0.0000
-2.2513 -2.0032 0.0000
-2.5079 -1.9624 0.0000
4.0934 4.1444 0.0000
3.9150 3.9438 0.0000
-4.5062 2.7003 0.0000
-4.7544 2.6286 0.0000
-4.5660 2.1214 0.0000
-4.7802 2.0056 0.0000
-4.7590 1.7111 0.0000
3.3541 -2.7192 0.0000
-3.7576 2.9391 0.0000
-3.5466 2.7680 0.0000
-3.7692 2.6573 0.0000
-4.0304 2.6576 0.0000
3.6372 4.0208 0.0000
3.4057 3.8470 0.0000
4.6507 -0.3187 0.0000
4.4403 -0.3496 0.0000
4.2611 -4.7525 0.0000
-0.9571 4.5110 0.0000
-1.1054 4.2764 0.0000
0.6047 0.7706 0.0873
0.5825 0.9195 0.0554
0.4832 0.8572 0.0894
0.4951 0.7643 0.1189
0.5554 0.6800 0.1314
0.4576 0.6714 0.1705
0.3614 0.6483 0.2182
0.4216 0.5807 0.2323
-1.4913 -1.4423 0.0000
0.7735 1.5458 0.0012
0.4932 1.5764 0.0024
0.5670 1.3171 0.0092
0.4898 1.1041 0.0323
-1.9546 -0.4167 0.0000
-2.1233 -0.6909 0.0000
-4.0622 -4.5244 0.0000
1.1044 -3.1036 0.0000
-4.7622 -1.6712 0.0000
-4.4663 3.7749 0.0000
0.3546 0.5156 0.3043
0.2569 0.4927 0.3663
0.2041 0.4196 0.4451
1.3150 -3.2903 0.0000
4.7528 0.4177 0.0000
4.7481 0.1324 0.0000
3.7528 0.4309 0.0000
3.7361 0.1281 0.0000
3.7382 1.4997 0.0000
3.4690 1.5037 0.0000
-0.4385 -4.0852 0.0000
3.3140 -3.6990 0.0000
3.0144 -3.8199 0.0000
3.2258 -3.9509 0.0000
3.0872 -4.2033 0.0000
4.2547 -0.7403 0.0000
3.9850 -0.8978 0.0000
-2.3989 -0.8611 0.0000
-2.5296 -1.0875 0.0000
-2.7264 -0.9353 0.0000
-2.8986 -1.1174 0.0000
-2.7083 -1.2761 0.0000
-2.8759 -1.4680 0.0000
3.9981 3.6788 0.0000
3.7027 3.7480 0.0000
0.1764 4.7096 0.0000
-1.0459 -4.2211 0.0000
4.7480 0.7005 0.0000
4.5003 0.5164 0.0000
4.4922 0.2381 0.0000
3.9826 3.4246 0.0000
-1.5123 -0.1514 0.0003
-4.2239 -1.9332 0.0000
-4.4354 -2.0466 0.0000
-4.4201 -2.2999 0.0000
3.5302 -3.4724 0.0000
3.2392 -3.4229 0.0000
3.0705 -3.5904 0.0000
3.3541 -4.4718 0.0000
3.0996 -4.4437 0.0000
2.1956 4.5200 0.0000
2.0391 4.3197 0.0000
0.9166 -2.9001 0.0000
0.8157 -3.1938 0.0000
0.8610 4.1984 0.0000
0.6278 4.0934 0.0000
3.2285 2.2116 0.0000
2.9579 2.1518 0.0000
0.7608 0.4459 0.1113
0.7037 0.4760 0.1321
0.6523 0.4263 0.1734
0.5895 0.3714 0.2313
0.5426 0.3026 0.2905
1.0229 -3.3887 0.0000
0.6725 -3.4380 0.0000
-2.2318 -0.4114 0.0000
-2.4146 -0.5775 0.0000
-2.6233 -0.7325 0.0000
-2.4307 2.6683 0.0000
-0.0076 -2.1714 0.0001
4.5347 -4.7747 0.0000
4.2672 -3.8934 0.0000
-0.2880 -1.5881 0.0036
-0.5664 -1.6056 0.0017
-0.8087 -1.6804 0.0004
-1.0942 -1.7049 0.0001
3.4745 -0.3207 0.0000
3.2259 -0.4373 0.0000
1.1002 -3.7273 0.0000
0.8765 -3.9116 0.0000
-3.5308 1.5866 0.0000
-3.5538 1.3159 0.0000
-3.6009 1.0578 0.0000
4.0499 4.4629 0.0000
3.7421 4.5061 0.0000
-0.1692 -1.1303 0.0487
-0.3445 -1.1395 0.0366
-0.4372 -1.3521 0.0104
4.2476 -1.0147 0.0000
4.0552 -1.1715 0.0000
3.5671 -2.2147 0.0000
3.4761 -2.4718 0.0000
3.0801 -2.6974 0.0000
-1.6632 4.0053 0.0000
-1.6259 3.7057 0.0000
-1.8906 3.8041 0.0000
-1.8502 3.5156 0.0000
-2.0919 3.6344 0.0000
-1.9631 -2.4042 0.0000
-2.2062 -2.3446 0.0000
2.4941 0.5580 0.0000
2.2274 0.4361 0.0000
2.2745 0.7388 0.0000
2.0077 0.6523 0.0000
1.9255 0.3612 0.0000
1.7726 0.1367 0.0000
-1.2053 -2.7187 0.0000
-1.4120 -2.9053 0.0000
-1.3520 -3.1871 0.0000
0.4882 4.7747 0.0000
2.7356 1.7102 0.0000
2.4722 1.5820 0.0000
1.9882 1.6526 0.0000
2.2325 1.4956 0.0000
1.9740 1.3553 0.0000
-1.2619 4.4988 0.0000
-1.3971 4.2066 0.0000
-2.0431 -4.2913 0.0000
-2.1604 -4.5440 0.0000
2.6954 1.4259 0.0000
2.4771 1.2799 0.0000
-3.2440 -4.7631 0.0000
-1.6364 -0.9229 0.0000
-2.3397 0.0750 0.0000
-2.4145 -0.2191 0.0000
-2.6017 -0.4059 0.0000
-2.5585 4.5645 0.0000
-2.8249 4.5094 0.0000
-2.9282 4.2440 0.0000
1.8718 4.5197 0.0000
1.7141 4.3073 0.0000
4.2886 -2.3984 0.0000
4.0314 -2.4262 0.0000
3.9369 -2.6990 0.0000
3.0533 -3.2347 0.0000
2.8635 -3.4634 0.0000
-3.0392 1.5367 0.0000
-1.8634 -4.5299 0.0000
-2.0186 -4.7707 0.0000
3.0823 1.1733 0.0000
2.7027 1.0668 0.0000
2.9312 -0.4998 0.0000
2.7834 -0.7304 0.0000
2.7833 -1.0303 0.0000
-1.6642 -0.4089 0.0000
-1.8264 4.5415 0.0000
-1.8987 4.3046 0.0000
-3.7139 -1.8887 0.0000
-3.9715 -1.9320 0.0000
-4.1286 -2.1825 0.0000
0.5668 -0.8791 0.0732
0.4574 -0.8086 0.1242
0.4536 -0.8919 0.0954
0.4199 -0.9863 0.0729
0.3598 -0.8861 0.1168
0.2866 -0.9281 0.1116
0.2996 -1.0273 0.0757
0.1901 -0.9997 0.0930
-0.6273 -1.9191 0.0002
-0.4994 -2.1539 0.0000
-0.5031 -2.4164 0.0000
0.7012 -4.2114 0.0000
0.2003 -4.2835 0.0000
1.7600 2.1009 0.0000
1.5467 1.9962 0.0000
2.2441 3.5040 0.0000
3.9065 -1.3961 0.0000
3.6351 -1.3944 0.0000
3.3138 -4.7516 0.0000
4.5930 3.0423 0.0000
4.4704 2.7851 0.0000
-0.5188 -4.3525 0.0000
-0.6848 -4.5170 0.0000
-1.7764 -4.2790 0.0000
-2.8080 -0.5884 0.0000
-0.0583 -4.2171 0.0000
-0.2644 -4.2782 0.0000
-0.3196 -4.5287 0.0000
-0.4901 -4.7373 0.0000
-3.0946 -4.5020 0.0000
1.8473 1.1355 0.0000
4.5126 -0.9252 0.0000
4.4159 -1.2026 0.0000
3.3372 2.5297 0.0000
3.1020 2.4169 0.0000
-0.8951 3.9274 0.0000
-0.8783 3.6348 0.0000
3.5776 3.0187 0.0000
3.3666 2.8078 0.0000
-1.6999 4.7664 0.0000
-2.0177 4.7639 0.0000
2.1724 -4.0209 0.0000
1.9281 -3.9314 0.0000
2.1631 -4.2563 0.0000
1.8862 -4.2104 0.0000
0.3047 2.0928 0.0001
2.8364 2.7160 0.0000
2.8643 2.4389 0.0000
-0.3300 3.1555 0.0000
-0.5702 2.9769 0.0000
4.7699 -0.1446 0.0000
0.2332 2.3661 0.0000
-3.7410 -0.1660 0.0000
-4.0307 -0.0935 0.0000
-1.2252 -1.1872 0.0008
-0.2991 4.5149 0.0000
-0.5955 4.5364 0.0000
2.3924 2.3608 0.0000
2.1633 2.3518 0.0000
1.9436 2.2479 0.0000
-2.7585 -3.7432 0.0000
-3.0988 -3.9035 0.0000
1.4362 -3.7706 0.0000
0.3130 1.3629 0.0126
0.2732 1.1550 0.0383
0.1038 1.0935 0.0611
0.0191 1.0046 0.0928
-0.0377 0.9628 0.1108
-0.1881 -2.9087 0.0000
-0.4668 -2.9412 0.0000
-3.9565 -0.3515 0.0000
-4.2398 -0.7321 0.0000
2.5388 -1.9832 0.0000
2.8306 -1.9450 0.0000
2.7495 -2.1995 0.0000
2.4498 -2.2515 0.0000
2.2608 -2.0337 0.0000
2.1621 -2.3272 0.0000
-3.2118 -2.8498 0.0000
-3.2629 -3.1400 0.0000
-3.4797 -2.9556 0.0000
-3.3453 -3.4131 0.0000
-3.5401 -3.2318 0.0000
-3.7341 -3.4334 0.0000
-3.5246 -3.5899 0.0000
-3.3670 -3.7940 0.0000
-3.5968 -3.9370 0.0000
4.3235 3.0453 0.0000
-4.1969 -4.7769 0.0000
3.0695 2.9257 0.0000
2.7831 2.9991 0.0000
-4.6871 -2.1548 0.0000
-4.7178 -2.4087 0.0000
4.3339 1.3611 0.0000
0.7123 0.6822 0.0795
0.8464 0.4860 0.0705
0.7536 0.5794 0.0877
0.6761 0.5455 0.1267
0.6037 0.5819 0.1476
0.5993 0.4931 0.1816
0.9742 4.4821 0.0000
0.6995 4.4480 0.0000
1.4082 -0.9352 0.0001
-2.5471 0.8859 0.0000
-2.6634 0.5998 0.0000
-2.7946 0.3783 0.0000
3.9527 1.6416 0.0000
3.9450 1.3186 0.0000
1.1195 -0.9117 0.0025
0.9733 -1.0977 0.0037
1.0255 -1.3755 0.0006
0.7381 -1.4990 0.0019
3.6537 2.7541 0.0000
3.5791 2.5347 0.0000
3.4684 2.2881 0.0000
4.7615 -1.4455 0.0000
-2.6306 4.2937 0.0000
-2.7385 4.0566 0.0000
-2.8458 3.8328 0.0000
-3.0670 3.9838 0.0000
-3.1348 3.7122 0.0000
-3.1132 -4.1951 0.0000
-3.3550 -4.3707 0.0000
0.7847 -0.9341 0.0240
0.5871 -1.0462 0.0363
0.7496 -1.2169 0.0084
0.5375 -1.3451 0.0105
0.5108 -3.2107 0.0000
0.2241 -3.2303 0.0000
2.8654 -1.2884 0.0000
-1.1052 3.7625 0.0000
-1.2923 3.6618 0.0000
-1.4102 3.8872 0.0000
-1.4531 3.5178 0.0000
4.0018 -3.9838 0.0000
3.5143 3.2954 0.0000
-3.7699 -0.8737 0.0000
-3.9334 -0.6404 0.0000
-4.0237 -0.9253 0.0000
-4.1585 -1.2201 0.0000
3.1490 -1.1800 0.0000
-3.9930 2.9322 0.0000
3.0578 -2.1392 0.0000
3.2096 -2.4316 0.0000
2.9325 -2.4253 0.0000
2.6430 -2.4560 0.0000
2.8054 -2.6962 0.0000
2.5262 -2.7014 0.0000
2.6461 -2.9504 0.0000
-1.7655 -2.1931 0.0000
-2.0399 -2.1328 0.0000
-3.1129 2.9895 0.0000
-2.5314 3.8864 0.0000
-2.6515 3.6303 0.0000
-2.9343 3.5757 0.0000
2.4973 3.6063 0.0000
4.7673 -1.7302 0.0000
-1.8095 -0.6692 0.0000
-1.9249 -0.9271 0.0000
-2.1964 -0.9865 0.0000
-3.2412 2.3868 0.0000
-3.4172 2.5655 0.0000
-3.6172 2.4153 0.0000
-0.9335 1.2266 0.0026
-1.1329 1.0362 0.0013
2.4699 4.0605 0.0000
4.7854 -2.3601 0.0000
4.5866 -2.2356 0.0000
4.5182 -2.5037 0.0000
-0.3852 -0.3637 0.3804
-0.4553 -0.4159 0.3039
-0.4439 -0.5178 0.2558
-0.5299 -0.4744 0.2284
-0.5215 -0.5804 0.1855
-0.6512 -0.5995 0.1215
-0.5877 -0.6526 0.1291
-0.6340 -0.7368 0.0884
-0.4578 -0.3033 0.3573
-0.5416 -0.3757 0.2630
-0.6247 -0.4394 0.1853
-0.5975 -0.5352 0.1669
-0.6900 -0.5128 0.1289
-0.7081 -0.6666 0.0840
-0.7898 -0.5854 0.0742
-3.7895 1.3756 0.0000
-3.8291 1.1149 0.0000
-3.9829 0.9183 0.0000
-2.2154 -3.1102 0.0000
-2.3303 -3.3750 0.0000
-2.1474 -3.5815 0.0000
-2.4814 -3.6449 0.0000
-2.2905 -3.8316 0.0000
2.1293 0.1847 0.0000
1.9892 -0.0176 0.0000
1.9625 -0.3103 0.0000
1.7193 -0.1469 0.0000
1.5999 -0.4053 0.0000
-0.0866 -1.8988 0.0007
-0.2962 2.2882 0.0000
-0.5453 2.1657 0.0000
-0.1760 2.0665 0.0002
-0.3894 1.9438 0.0003
-0.6410 1.9021 0.0002
0.9247 -0.7594 0.0194
0.8171 -0.5635 0.0631
0.7418 -0.6845 0.0675
0.6693 -0.7881 0.0682
1.2333 1.6140 0.0001
1.0427 1.4389 0.0007
1.0465 1.1572 0.0029
0.7542 1.0570 0.0181
-1.2290 -1.4468 0.0002
-2.4529 0.4172 0.0000
-2.5762 0.2263 0.0000
-2.8520 0.1110 0.0000
-2.9929 -0.0766 0.0000
-1.7659 -1.1784 0.0000
-2.0334 -1.2019 0.0000
2.0978 -4.5168 0.0000
1.8774 -4.4640 0.0000
1.6409 -4.5127 0.0000
1.7827 -4.7440 0.0000
1.4877 -4.7559 0.0000
-4.7284 3.6817 0.0000
4.4774 4.0669 0.0000
4.2246 3.9059 0.0000
4.5305 -2.7870 0.0000
4.3510 -2.9473 0.0000
-0.2228 -2.3944 0.0000
4.7610 3.6079 0.0000
4.5188 3.5011 0.0000
2.3460 -2.5219 0.0000
2.1920 -2.7238 0.0000
2.3652 -2.8955 0.0000
2.1989 -3.0840 0.0000
-3.0865 1.2272 0.0000
-3.1170 0.8870 0.0000
-0.7968 2.2158 0.0000
-1.0625 2.2841 0.0000
-1.1258 2.0111 0.0000
2.3916 -3.9339 0.0000
3.3539 4.1065 0.0000
3.1089 3.9850 0.0000
2.9012 3.7670 0.0000
2.7291 3.5519 0.0000
-2.8441 -4.0165 0.0000
-2.8761 -4.2926 0.0000
-0.3896 4.0094 0.0000
-0.0533 -3.2263 0.0000
-0.2921 -3.1437 0.0000
3.9736 -0.0287 0.0000
3.7213 -0.1748 0.0000
4.6680 0.9495 0.0000
4.4685 0.7824 0.0000
-1.5505 4.4956 0.0000
-1.6675 4.2618 0.0000
0.5014 2.3191 0.0000
-3.2548 4.7590 0.0000
-3.1124 4.5034 0.0000
-3.3654 4.4128 0.0000
3.2882 -0.9133 0.0000
-4.1409 -1.4703 0.0000
-0.8040 -0.7991 0.0389
-1.0460 -0.9212 0.0074
4.2132 -0.4717 0.0000
3.9778 -0.6123 0.0000
-4.7406 3.1918 0.0000
0.9940 1.7473 0.0001
0.8084 1.2874 0.0048
-0.1936 4.2237 0.0000
1.9724 -2.1270 0.0000
2.0202 -2.5555 0.0000
1.8479 -2.3837 0.0000
1.6621 -2.5543 0.0000
2.1035 -1.2506 0.0000
1.8229 -1.1600 0.0000
-1.1146 3.4611 0.0000
-1.3331 3.2991 0.0000
4.7393 2.6625 0.0000
-1.6538 -1.6940 0.0000
-1.7245 -1.9242 0.0000
2.5913 -4.4744 0.0000
2.3465 -4.4884 0.0000
3.5939 4.7547 0.0000
3.2824 4.7610 0.0000
3.1153 4.5304 0.0000
-1.9343 4.0557 0.0000
-2.3110 -4.3327 0.0000
-2.4870 -4.5238 0.0000
4.1076 -2.1513 0.0000
3.8367 -2.1819 0.0000
3.7539 -2.4553 0.0000
-0.8622 1.9944 0.0000
-1.0047 1.7760 0.0001
-1.2291 1.6364 0.0000
0.6877 3.6054 0.0000
0.6495 3.3420 0.0000
-0.9648 -2.6918 0.0000
-1.1178 -2.9851 0.0000
-3.9829 -3.6025 0.0000
-3.9705 -3.8844 0.0000
-1.5538 -4.5042 0.0000
-3.2410 0.0283 0.0000
-3.5377 0.0526 0.0000
2.3496 4.7474 0.0000
0.6348 0.2767 0.2266
0.5871 0.2096 0.2815
0.5439 0.1285 0.3371
0.4687 0.0912 0.4150
0.5155 0.0212 0.3763
0.4312 -0.0123 0.4592
0.4960 0.2172 0.3588
0.4358 0.1655 0.4289
0.3919 0.0602 0.4922
0.3476 -0.0439 0.5350
0.3393 -0.1411 0.5243
0.3147 0.0332 0.5629
0.2382 0.0063 0.6219
0.2643 -0.0736 0.5981
0.2548 -0.1735 0.5766
0.1830 -0.1065 0.6416
0.0881 -0.1970 0.6419
0.1705 -0.1969 0.6135
0.1388 -0.2876 0.5739
0.0464 -0.2938 0.5894
0.3235 -0.2388 0.5001
0.2321 -0.2746 0.5408
4.2387 2.5905 0.0000
4.0289 2.4042 0.0000
-1.7115 -4.7597 0.0000
0.6979 -1.7848 0.0003
0.4486 -1.9221 0.0003
3.4945 0.2759 0.0000
3.4860 -0.0148 0.0000
3.2416 -0.1404 0.0000
-1.8985 0.6105 0.0000
-1.7869 0.1137 0.0000
-4.5342 4.0182 0.0000
-4.7672 3.9380 0.0000
-3.9134 3.9917 0.0000
-4.0706 3.7924 0.0000
3.7697 -1.6665 0.0000
3.5016 -1.6750 0.0000
3.6274 -1.9468 0.0000
3.3340 -1.9361 0.0000
3.3318 -2.1925 0.0000
-4.2449 -4.3166 0.0000
0.1720 -1.9076 0.0006
4.7841 2.9436 0.0000
-4.2560 2.8113 0.0000
1.8905 4.1216 0.0000
1.6133 4.0440 0.0000
1.5398 3.7662 0.0000
1.6734 -2.2002 0.0000
1.4885 -2.3712 0.0000
-2.2873 2.1869 0.0000
-2.3920 1.9082 0.0000
1.8187 -0.5012 0.0000
1.5192 -0.6635 0.0001
2.4878 -0.6060 0.0000
2.0251 -0.6579 0.0000
2.4509 -3.1813 0.0000
2.2925 -3.4228 0.0000
4.4416 3.2701 0.0000
-4.2770 -1.0236 0.0000
-4.5087 -1.1840 0.0000
-3.3713 -2.4061 0.0000
-3.6461 -2.4073 0.0000
-3.4229 -2.6752 0.0000
-3.6629 -2.6575 0.0000
-3.7115 -2.9034 0.0000
-3.9071 -2.6186 0.0000
-3.9481 -2.8538 0.0000
-3.7855 -3.1414 0.0000
-4.0437 -3.0564 0.0000
4.6553 -1.2347 0.0000
-1.9862 -2.6727 0.0000
-2.2043 -2.8323 0.0000
-1.3935 1.1326 0.0001
-1.6411 0.9787 0.0000
0.3745 -3.4841 0.0000
0.0988 -3.7675 0.0000
-0.1715 -3.6843 0.0000
-0.1599 -3.9658 0.0000
-0.4625 4.2951 0.0000
-0.6479 4.1117 0.0000
2.5558 -3.6864 0.0000
2.3163 -3.6719 0.0000
