5.0000 5.0000 0.0000
0.0000 5.0000 0.0000
2.5000 5.0000 0.0000
3.7500 5.0000 0.0000
4.3750 5.0000 0.0000
4.6875 5.0000 0.0000
4.0625 5.0000 0.0000
3.1250 5.0000 0.0000
3.4375 5.0000 0.0000
2.8125 5.0000 0.0000
1.2500 5.0000 0.0000
1.8750 5.0000 0.0000
2.1875 5.0000 0.0000
1.5625 5.0000 0.0000
0.6250 5.0000 0.0000
0.9375 5.0000 0.0000
0.3125 5.0000 0.0000
-2.5000 5.0000 0.0000
-1.2500 5.0000 0.0000
-0.6250 5.0000 0.0000
-0.3125 5.0000 0.0000
-0.9375 5.0000 0.0000
-1.8750 5.0000 0.0000
-1.5625 5.0000 0.0000
-2.1875 5.0000 0.0000
-3.7500 5.0000 0.0000
-3.1250 5.0000 0.0000
-2.8125 5.0000 0.0000
-3.4375 5.0000 0.0000
-4.3750 5.0000 0.0000
-4.0625 5.0000 0.0000
-4.6875 5.0000 0.0000
5.0000 -5.0000 0.0000
5.0000 0.0000 0.0000
5.0000 -2.5000 0.0000
5.0000 -3.7500 0.0000
5.0000 -4.3750 0.0000
5.0000 -4.6875 0.0000
5.0000 -4.0625 0.0000
5.0000 -3.1250 0.0000
5.0000 -3.4375 0.0000
5.0000 -2.8125 0.0000
5.0000 -1.2500 0.0000
5.0000 -1.8750 0.0000
5.0000 -2.1875 0.0000
5.0000 -1.5625 0.0000
5.0000 -0.6250 0.0000
5.0000 -0.9375 0.0000
5.0000 -0.3125 0.0000
5.0000 2.5000 0.0000
5.0000 1.2500 0.0000
5.0000 0.6250 0.0000
5.0000 0.3125 0.0000
5.0000 0.9375 0.0000
5.0000 1.8750 0.0000
5.0000 1.5625 0.0000
5.0000 2.1875 0.0000
5.0000 3.7500 0.0000
5.0000 3.1250 0.0000
5.0000 2.8125 0.0000
5.0000 3.4375 0.0000
5.0000 4.3750 0.0000
5.0000 4.0625 0.0000
5.0000 4.6875 0.0000
-5.0000 -5.0000 0.0000
0.0000 -5.0000 0.0000
-2.5000 -5.0000 0.0000
-3.7500 -5.0000 0.0000
-4.3750 -5.0000 0.0000
-4.6875 -5.0000 0.0000
-4.0625 -5.0000 0.0000
-3.1250 -5.0000 0.0000
-3.4375 -5.0000 0.0000
-2.8125 -5.0000 0.0000
-1.2500 -5.0000 0.0000
-1.8750 -5.0000 0.0000
-2.1875 -5.0000 0.0000
-1.5625 -5.0000 0.0000
-0.6250 -5.0000 0.0000
-0.9375 -5.0000 0.0000
-0.3125 -5.0000 0.0000
2.5000 -5.0000 0.0000
1.2500 -5.0000 0.0000
0.6250 -5.0000 0.0000
0.3125 -5.0000 0.0000
0.9375 -5.0000 0.0000
1.8750 -5.0000 0.0000
1.5625 -5.0000 0.0000
2.1875 -5.0000 0.0000
3.7500 -5.0000 0.0000
3.1250 -5.0000 0.0000
2.8125 -5.0000 0.0000
3.4375 -5.0000 0.0000
4.3750 -5.0000 0.0000
4.0625 -5.0000 0.0000
4.6875 -5.0000 0.0000
-5.0000 5.0000 0.0000
-5.0000 0.0000 0.0000
-5.0000 2.5000 0.0000
-5.0000 3.7500 0.0000
-5.0000 4.3750 0.0000
-5.0000 4.6875 0.0000
-5.0000 4.0625 0.0000
-5.0000 3.1250 0.0000
-5.0000 3.4375 0.0000
-5.0000 2.8125 0.0000
-5.0000 1.2500 0.0000
-5.0000 1.8750 0.0000
-5.0000 2.1875 0.0000
-5.0000 1.5625 0.0000
-5.0000 0.6250 0.0000
-5.0000 0.9375 0.0000
-5.0000 0.3125 0.0000
-5.0000 -2.5000 0.0000
-5.0000 -1.2500 0.0000
-5.0000 -0.6250 0.0000
-5.0000 -0.3125 0.0000
-5.0000 -0.9375 0.0000
-5.0000 -1.8750 0.0000
-5.0000 -1.5625 0.0000
-5.0000 -2.1875 0.0000
-5.0000 -3.7500 0.0000
-5.0000 -3.1250 0.0000
-5.0000 -2.8125 0.0000
-5.0000 -3.4375 0.0000
-5.0000 -4.3750 0.0000
-5.0000 -4.0625 0.0000
-5.0000 -4.6875 0.0000
-4.0222 -0.1630 0.0000
-1.6677 2.3120 0.0000
-1.6469 2.0766 0.0000
-1.9008 2.1286 0.0000
-2.4870 -4.5052 0.0000
-2.3782 -4.7681 0.0000
-2.6621 -4.7522 0.0000
1.1099 4.7535 0.0000
-4.5283 1.5818 0.0000
-2.8741 0.8910 0.0000
-2.9291 0.6248 0.0000
-0.5803 -0.4282 0.2167
-0.6760 -0.4651 0.1489
-0.7530 -0.5081 0.1022
-0.5913 -0.5128 0.1785
-0.6689 -0.5684 0.1233
-0.7733 -0.6140 0.0745
-0.8424 -0.7815 0.0348
-0.9370 -0.5664 0.0376
-1.0714 -0.7271 0.0114
-1.3038 -0.8327 0.0014
-4.0225 1.5483 0.0000
1.3121 -1.8473 0.0000
1.0812 -2.0045 0.0000
0.8526 -2.0435 0.0000
-0.5251 -4.7489 0.0000
3.4058 -4.5341 0.0000
3.2595 -4.7482 0.0000
2.1153 -0.8653 0.0000
-0.9582 1.7344 0.0001
-1.1741 1.5900 0.0000
-1.4548 2.7476 0.0000
0.2730 0.1644 0.5635
0.3231 0.0933 0.5468
0.2157 -0.0323 0.6359
0.2046 -0.1366 0.6212
0.1276 -0.0631 0.6763
0.0987 -0.1448 0.6631
0.1848 0.1203 0.6344
0.2397 0.0582 0.6163
0.1379 0.0381 0.6750
0.0494 -0.0189 0.7021
0.0157 -0.1110 0.6884
-0.0122 -0.1972 0.6516
-0.0822 -0.1109 0.6779
-0.0962 -0.1863 0.6432
-0.1280 -0.2564 0.5932
2.8014 3.0841 0.0000
-2.8190 -3.1711 0.0000
-2.7256 -3.4344 0.0000
-2.9387 -3.5187 0.0000
-2.9294 -3.7541 0.0000
-3.1967 -3.7456 0.0000
4.7563 -1.7292 0.0000
4.7532 -2.0295 0.0000
4.4994 -1.8846 0.0000
4.4969 -2.1700 0.0000
4.5085 -2.4558 0.0000
4.4702 0.9623 0.0000
4.5107 0.6580 0.0000
1.8971 2.6505 0.0000
3.0693 -3.6021 0.0000
3.0659 -3.8984 0.0000
2.8177 -3.7445 0.0000
-0.4167 -0.0011 0.4729
-0.3227 0.0169 0.5578
-0.3504 -0.0752 0.5270
-0.4463 -0.0959 0.4354
-0.1526 -0.0423 0.6681
-0.2516 -0.0601 0.6078
-0.3785 -0.1688 0.4784
-0.1825 -0.1378 0.6296
-0.1971 -0.2214 0.5837
-0.2836 -0.1470 0.5622
-0.2608 -0.2244 0.5445
-0.3369 -0.2447 0.4805
-0.2761 -0.3110 0.4849
-0.3697 -0.3393 0.4056
-0.4249 -0.2630 0.4021
-0.4064 -0.4211 0.3333
-0.4710 -0.3551 0.3236
-0.4982 -0.4473 0.2607
-0.5467 -0.1206 0.3356
-0.4778 -0.1851 0.3848
-0.5773 -0.2116 0.2891
-0.5165 -0.2716 0.3226
-0.5617 -0.3451 0.2604
-0.6257 -0.2798 0.2324
-0.6579 -0.3675 0.1864
0.1227 4.4600 0.0000
0.1235 4.2027 0.0000
-0.0336 3.9987 0.0000
0.3882 1.9831 0.0002
-3.9494 2.5458 0.0000
0.9630 1.0823 0.0064
0.9475 0.7630 0.0218
-3.7417 4.5172 0.0000
-4.0596 4.5229 0.0000
2.0740 -4.2538 0.0000
-4.2449 2.0178 0.0000
-4.2722 1.7175 0.0000
-1.5029 0.1928 0.0003
4.1770 -3.4157 0.0000
3.5247 3.0620 0.0000
3.2566 3.0016 0.0000
-3.9186 3.2992 0.0000
-4.0051 3.0480 0.0000
-3.9888 2.7974 0.0000
-4.2154 -4.7685 0.0000
0.1087 -0.6646 0.2854
0.0253 -0.7259 0.2434
-4.5334 -1.5782 0.0000
-4.7640 -1.7296 0.0000
-1.2369 -2.2320 0.0000
-3.9273 4.2781 0.0000
-4.0682 4.0267 0.0000
-4.2219 3.7715 0.0000
-1.9596 2.7182 0.0000
-2.1638 2.5698 0.0000
-2.2303 2.2951 0.0000
-2.1392 2.0686 0.0000
-3.1959 -3.5073 0.0000
-3.4613 -3.7031 0.0000
-3.7147 -3.6414 0.0000
-3.3263 -1.3355 0.0000
-3.5217 -1.7927 0.0000
-0.5910 -3.7620 0.0000
-3.8569 -3.1839 0.0000
-4.1251 -3.2464 0.0000
-3.9652 -3.4966 0.0000
-2.2118 -2.4593 0.0000
-1.3976 -2.4986 0.0000
-1.6058 -2.6927 0.0000
-1.7534 -2.9515 0.0000
0.7896 0.9318 0.0261
0.6113 0.7124 0.1022
0.6305 0.8358 0.0651
0.5120 0.8001 0.1016
0.5245 0.7102 0.1306
0.4652 0.6369 0.1842
2.6757 -2.6959 0.0000
2.4931 -2.8967 0.0000
2.3946 -2.6346 0.0000
2.2224 -2.8957 0.0000
4.7693 2.8972 0.0000
2.0376 4.2275 0.0000
1.9157 3.9729 0.0000
-0.3865 -0.6848 0.1887
-0.3908 -0.7796 0.1403
-0.4824 -0.8200 0.1018
-0.5397 -0.9426 0.0567
-0.5751 -1.1500 0.0210
-0.6858 -1.4163 0.0037
3.2836 4.7704 0.0000
3.1500 4.5397 0.0000
-1.2682 4.5271 0.0000
3.9643 3.7767 0.0000
3.6032 3.8044 0.0000
2.9675 -4.7760 0.0000
-0.4063 0.4587 0.3232
-0.3853 0.3713 0.3863
-0.4776 0.4029 0.3038
-0.5486 0.3334 0.2780
-0.4595 0.3012 0.3634
-0.5414 0.2306 0.3172
-3.4932 -2.0805 0.0000
-3.4815 -2.3801 0.0000
4.7498 -4.5242 0.0000
3.9570 -4.4914 0.0000
-1.6206 -1.2247 0.0000
-1.8935 -1.3287 0.0000
4.5277 -3.4452 0.0000
-4.7464 2.6407 0.0000
-2.8519 2.2220 0.0000
-2.9449 1.9377 0.0000
1.0508 -0.5888 0.0129
1.1288 -0.8238 0.0032
0.8770 -0.8171 0.0218
-1.4686 -4.2411 0.0000
-1.5890 -4.5066 0.0000
-3.7238 -2.2407 0.0000
-2.3453 4.7556 0.0000
-2.1143 0.9694 0.0000
-1.7277 4.7617 0.0000
0.8584 1.9370 0.0001
0.0211 2.3971 0.0000
-0.0984 2.1683 0.0001
-2.0548 -0.8419 0.0000
-2.3208 -0.9259 0.0000
3.7892 0.6183 0.0000
-0.4904 -2.9994 0.0000
-0.7509 -2.9112 0.0000
-0.6809 -3.2335 0.0000
1.8476 -3.3718 0.0000
1.2957 1.1153 0.0006
1.1456 0.9128 0.0040
2.4263 -2.3908 0.0000
2.1490 -2.3667 0.0000
2.1225 -2.6220 0.0000
1.8560 -2.6148 0.0000
1.6601 -2.8322 0.0000
1.8377 -1.2925 0.0000
-0.8007 0.9150 0.0237
0.6537 1.1002 0.0211
2.7871 1.5515 0.0000
2.6645 1.3057 0.0000
-1.2285 -3.5321 0.0000
-0.2728 -1.7806 0.0011
-4.5230 -2.7983 0.0000
-4.7783 -2.9593 0.0000
3.1426 -0.4521 0.0000
2.8880 -0.4131 0.0000
-2.0432 -2.9494 0.0000
-2.3001 -3.0152 0.0000
-2.2414 -3.2671 0.0000
-2.5249 -3.2211 0.0000
-2.4526 -3.4898 0.0000
2.1303 2.5765 0.0000
2.0877 2.3142 0.0000
3.8103 0.0821 0.0000
3.6869 -0.1322 0.0000
3.4253 -0.3587 0.0000
-4.7546 -2.0333 0.0000
0.5643 0.6211 0.1502
0.4305 0.2966 0.3825
0.5019 0.5453 0.2116
0.4009 0.5647 0.2512
0.4329 0.4707 0.2887
0.3303 0.4974 0.3286
0.3988 0.3894 0.3569
0.3352 0.3171 0.4427
0.3196 0.4125 0.3921
0.2432 0.3571 0.4731
0.3548 0.2204 0.4781
0.2601 0.2614 0.5250
0.1662 0.3073 0.5448
0.1817 0.2128 0.5963
-3.0358 0.3875 0.0000
-2.5463 0.2503 0.0000
-2.8343 0.2524 0.0000
-3.0646 0.0895 0.0000
-4.2149 4.2781 0.0000
-4.3488 4.0217 0.0000
2.3604 0.4350 0.0000
2.5971 0.3171 0.0000
2.3423 0.1550 0.0000
2.3575 -0.1393 0.0000
2.4358 2.7138 0.0000
2.3697 2.4438 0.0000
4.2500 -1.4545 0.0000
3.1597 -1.1569 0.0000
-2.0883 -0.3616 0.0000
-2.2732 -0.6310 0.0000
-1.4232 -3.3502 0.0000
-2.3851 1.0194 0.0000
-2.6226 0.9791 0.0000
3.0014 4.3536 0.0000
2.7857 4.1891 0.0000
3.2008 -1.4110 0.0000
2.9518 -1.4714 0.0000
4.5271 2.8101 0.0000
-2.9313 2.8366 0.0000
1.8347 1.6060 0.0000
1.6787 1.3825 0.0000
-2.6337 -1.2710 0.0000
-2.8698 -1.2313 0.0000
-0.8430 -0.1512 0.1053
-0.8029 -0.2416 0.1202
-0.7307 -0.3114 0.1530
-0.8118 -0.3306 0.1051
-0.8851 -0.3548 0.0709
-0.7508 -0.4028 0.1243
-0.8329 -0.4558 0.0793
-1.0462 -0.3968 0.0257
-1.2425 -0.5472 0.0046
4.0544 4.1078 0.0000
4.7411 -2.9425 0.0000
4.5337 -3.0991 0.0000
4.3675 -3.2691 0.0000
-1.7419 -3.2361 0.0000
-1.5482 0.7334 0.0000
-3.5332 0.4047 0.0000
-3.8281 0.3071 0.0000
-1.6948 2.5732 0.0000
-1.9468 2.3930 0.0000
-4.5025 3.0309 0.0000
-4.7477 2.9527 0.0000
2.9573 -2.4816 0.0000
2.6543 0.6082 0.0000
2.7241 2.8163 0.0000
3.9766 3.4624 0.0000
3.6924 3.3070 0.0000
3.7584 3.0040 0.0000
4.4777 3.5243 0.0000
4.4804 3.2687 0.0000
-1.6845 -1.5232 0.0000
-1.7461 -1.8223 0.0000
-1.9608 -1.6221 0.0000
-2.0119 -1.9132 0.0000
-4.7422 2.3396 0.0000
3.5691 -4.7647 0.0000
0.7458 0.7255 0.0620
0.8259 0.5949 0.0621
0.7094 0.5462 0.1122
0.7353 0.4672 0.1190
0.6638 0.6231 0.1102
0.6093 0.5348 0.1615
0.7091 0.3851 0.1510
0.6419 0.4458 0.1736
0.5412 0.4586 0.2290
0.5865 0.3675 0.2348
0.4901 0.3775 0.2995
-1.7546 -4.2506 0.0000
-2.0470 -4.2349 0.0000
1.5555 2.3494 0.0000
-2.7955 -4.5021 0.0000
-2.6050 -0.2349 0.0000
-2.5500 -0.5132 0.0000
-4.3214 0.4580 0.0000
4.2407 -0.1909 0.0000
4.2202 -0.4424 0.0000
4.1675 -0.7063 0.0000
3.8818 -0.8193 0.0000
-0.7098 -4.4919 0.0000
-0.9465 3.5154 0.0000
-1.8852 4.5185 0.0000
2.3371 -3.6860 0.0000
1.5506 -3.3067 0.0000
0.1428 -3.9663 0.0000
0.0015 -4.2223 0.0000
-0.2804 -4.2316 0.0000
-0.2250 -1.4552 0.0087
3.4811 3.5282 0.0000
3.1758 3.5066 0.0000
3.0597 3.2338 0.0000
-2.2015 -3.9916 0.0000
-2.3569 -4.2326 0.0000
4.1997 4.7566 0.0000
4.3345 4.5294 0.0000
4.7652 0.1802 0.0000
4.5208 0.0695 0.0000
4.7483 -0.1260 0.0000
4.4867 -0.1829 0.0000
4.4959 -0.4070 0.0000
4.3964 -3.8731 0.0000
-4.4033 -3.2703 0.0000
-4.2677 -3.5071 0.0000
-4.1610 -3.7393 0.0000
-4.4725 -3.7563 0.0000
-2.1042 4.0306 0.0000
2.1823 1.5604 0.0000
4.7559 -2.3291 0.0000
4.7572 -2.6339 0.0000
4.5115 -2.7551 0.0000
1.5755 -1.1437 0.0000
2.8743 -0.9562 0.0000
2.6142 -0.8464 0.0000
3.9041 -1.0821 0.0000
3.7332 -1.3854 0.0000
-0.4409 -3.9896 0.0000
-4.2107 3.2407 0.0000
-4.2572 2.9418 0.0000
-4.4932 2.7602 0.0000
3.9050 4.7512 0.0000
3.5951 4.7646 0.0000
3.4411 4.5285 0.0000
0.5499 1.3617 0.0075
0.4147 1.1261 0.0342
1.9913 3.6737 0.0000
1.7966 3.4579 0.0000
1.7733 3.1731 0.0000
1.8384 0.3805 0.0000
-2.6473 3.5228 0.0000
-2.9313 3.5469 0.0000
0.6487 3.5190 0.0000
0.9574 1.7203 0.0002
-0.4583 -2.3988 0.0000
-0.6438 3.5777 0.0000
-0.7430 3.3106 0.0000
0.6658 2.8719 0.0000
0.3801 2.8276 0.0000
0.2913 2.5481 0.0000
0.6069 4.2269 0.0000
0.1707 -3.4534 0.0000
0.3138 0.8495 0.1259
0.2823 0.9456 0.0923
0.2110 0.8695 0.1337
0.2459 0.7785 0.1749
0.1457 0.7855 0.1886
0.3710 0.6608 0.2075
0.2768 0.6841 0.2240
0.3032 0.5921 0.2758
0.1850 0.7027 0.2349
0.1053 0.6895 0.2588
0.0354 0.6472 0.2992
-0.0185 0.5934 0.3452
0.2000 0.6172 0.2923
0.2286 0.5376 0.3436
0.1413 0.5054 0.3974
0.0591 0.4430 0.4675
0.1153 0.5964 0.3286
0.0414 0.5356 0.3905
0.7816 -2.7550 0.0000
0.7691 -3.0096 0.0000
0.7401 -3.2673 0.0000
0.4936 -3.2503 0.0000
4.4891 3.0424 0.0000
-1.4159 4.7648 0.0000
1.0358 3.2527 0.0000
0.9050 2.9865 0.0000
3.8513 4.2639 0.0000
3.8140 3.9857 0.0000
0.3292 -1.9862 0.0003
-0.1749 -1.9939 0.0003
0.6517 0.3193 0.2036
0.5334 0.2838 0.3047
0.7087 0.2166 0.1839
0.6204 0.2455 0.2455
0.5506 0.1797 0.3207
0.4818 0.1069 0.4000
0.4591 0.2074 0.3948
0.3929 0.1372 0.4757
0.4092 0.0319 0.4791
0.3138 0.0003 0.5655
-0.6457 0.1983 0.2337
-0.6724 0.1074 0.2240
-3.3670 0.0602 0.0000
1.5722 -0.0252 0.0001
-1.8980 1.1181 0.0000
-1.8454 0.8387 0.0000
-4.7492 -3.9028 0.0000
3.5753 0.1623 0.0000
-0.4861 0.0605 0.4029
-0.5146 -0.0301 0.3764
-0.6120 -0.0512 0.2821
-0.6975 -0.0767 0.2068
-0.7464 -0.1567 0.1641
3.3280 0.2325 0.0000
3.1223 0.0484 0.0000
2.8869 -0.1351 0.0000
-4.7701 1.4173 0.0000
-0.8226 3.7949 0.0000
3.1470 -1.9698 0.0000
3.9517 -3.5434 0.0000
3.7443 -3.7009 0.0000
3.5321 -3.8488 0.0000
-0.8728 -4.2499 0.0000
-1.3018 -4.4719 0.0000
4.0926 1.9496 0.0000
0.8864 -3.7431 0.0000
0.7255 -3.9908 0.0000
-1.3728 3.7915 0.0000
1.8626 -4.5092 0.0000
1.7248 -4.7556 0.0000
1.4234 -4.7532 0.0000
0.4608 -0.4206 0.3079
0.4727 -0.5272 0.2470
0.3726 -0.5496 0.2889
0.3261 -0.6236 0.2631
0.4249 -0.6255 0.2209
0.3691 -0.7222 0.1909
0.2754 -0.6901 0.2373
2.7108 3.6979 0.0000
-2.4391 2.9916 0.0000
-2.7132 3.0229 0.0000
3.1331 1.8775 0.0000
3.0740 1.5928 0.0000
1.2330 -3.0244 0.0000
1.2685 -3.2828 0.0000
0.9953 -3.1874 0.0000
1.0346 -3.4773 0.0000
0.0010 -3.7051 0.0000
-0.1441 -3.9721 0.0000
-2.7386 -2.1466 0.0000
-2.7061 -2.4166 0.0000
-2.4413 2.5008 0.0000
-2.5228 2.2302 0.0000
-2.6653 1.9804 0.0000
0.4928 4.7510 0.0000
0.3833 4.4928 0.0000
1.0401 -1.0814 0.0024
0.7305 -1.0203 0.0225
0.7279 1.5764 0.0012
-1.4379 -2.8546 0.0000
-1.5095 -3.1177 0.0000
-0.0548 -0.7796 0.2030
-0.1259 -0.8403 0.1598
-0.1197 -0.9484 0.1087
-0.1176 -1.1013 0.0583
-0.2041 -0.8896 0.1253
-0.2274 -1.0065 0.0777
-3.0962 -4.5042 0.0000
2.6259 -2.1658 0.0000
2.3367 -2.1160 0.0000
1.5075 3.6040 0.0000
1.5447 3.3598 0.0000
1.2429 3.5485 0.0000
1.2894 3.3050 0.0000
1.8779 -3.6574 0.0000
-2.0033 -3.2019 0.0000
-2.1732 -3.5078 0.0000
1.3004 -1.2611 0.0001
3.4770 -1.5141 0.0000
3.2302 -1.6724 0.0000
2.9898 -1.7274 0.0000
-3.7770 1.8305 0.0000
4.4210 1.9827 0.0000
-2.3467 -3.7461 0.0000
-2.6526 -3.7164 0.0000
-1.5738 4.5276 0.0000
-1.2341 -0.2581 0.0067
-3.5704 -0.4471 0.0000
1.3800 1.3907 0.0001
-4.2667 -2.0074 0.0000
-4.2254 -2.2871 0.0000
-4.4072 -2.5151 0.0000
1.3362 -0.9732 0.0002
1.3511 -0.6407 0.0006
1.3484 -0.1628 0.0018
1.1987 -0.3802 0.0059
0.9046 -0.4347 0.0503
-4.3097 -3.0170 0.0000
-4.5810 -3.1012 0.0000
-4.7565 -3.2910 0.0000
-2.8085 -0.7172 0.0000
-3.7346 2.8068 0.0000
-3.6735 2.5559 0.0000
2.9650 1.3292 0.0000
-2.5259 3.2552 0.0000
4.1391 1.0359 0.0000
3.9241 0.8421 0.0000
-4.4713 3.2457 0.0000
-4.7566 3.2521 0.0000
1.9879 0.9224 0.0000
1.6930 0.8589 0.0000
1.4237 0.8726 0.0004
4.2388 -1.7318 0.0000
3.9755 -1.8523 0.0000
4.2379 -2.0116 0.0000
3.9784 -2.1354 0.0000
3.8535 -2.3431 0.0000
3.6563 -2.2244 0.0000
3.6933 -2.5356 0.0000
-0.9479 -1.5051 0.0008
-0.9970 -1.7925 0.0001
-1.2106 -1.6121 0.0001
-1.4715 -1.7116 0.0000
0.6619 2.1188 0.0000
0.6276 1.8260 0.0003
4.8213 -4.8035 0.0000
4.5904 -4.7441 0.0000
4.3896 -4.6585 0.0000
-0.6952 2.8069 0.0000
-0.7628 2.5315 0.0000
-1.0378 2.4373 0.0000
-1.1958 2.2542 0.0000
-0.8867 -2.6653 0.0000
-1.0555 -2.8711 0.0000
-1.2537 -3.0294 0.0000
1.7179 3.7422 0.0000
-3.2178 3.5449 0.0000
-4.7372 1.0911 0.0000
4.3296 -4.1942 0.0000
4.2191 -4.4442 0.0000
-3.0463 -3.2818 0.0000
-3.4390 -3.4587 0.0000
-3.5843 -3.1517 0.0000
-3.6746 -3.3965 0.0000
-0.1696 -3.4642 0.0000
-2.7896 -3.9978 0.0000
-2.9473 -4.2550 0.0000
-2.3206 3.9671 0.0000
-3.2829 4.7655 0.0000
-2.5047 -3.9838 0.0000
-2.6470 -4.2508 0.0000
-0.7125 -3.5180 0.0000
-0.9498 -3.6590 0.0000
3.9508 -0.2529 0.0000
3.9289 -0.5386 0.0000
3.6794 -0.3881 0.0000
3.6384 -0.6405 0.0000
-1.7448 3.3448 0.0000
-1.9698 3.2505 0.0000
-1.9225 3.0211 0.0000
-2.1529 2.9310 0.0000
-2.3383 2.7491 0.0000
0.0154 -2.9803 0.0000
-0.2292 -3.1097 0.0000
2.2928 4.0984 0.0000
2.1896 3.8781 0.0000
1.8672 -0.7375 0.0000
1.5898 -0.8591 0.0000
2.8801 1.8230 0.0000
1.2392 1.6375 0.0001
1.1269 1.2790 0.0010
1.5991 -4.0716 0.0000
1.3036 -4.0224 0.0000
1.4384 -4.2751 0.0000
1.1444 -4.2632 0.0000
0.8555 -4.2504 0.0000
-3.3036 1.6297 0.0000
-3.4995 1.4172 0.0000
-3.3763 2.4710 0.0000
-1.9734 3.8019 0.0000
-0.6171 4.5444 0.0000
-0.5491 4.2283 0.0000
-2.9792 -2.3190 0.0000
-1.4152 1.2049 0.0000
-1.6310 1.0265 0.0000
1.7504 -3.8687 0.0000
-2.4507 -1.4782 0.0000
4.3566 -2.9340 0.0000
4.1794 -3.1051 0.0000
3.4449 -2.6779 0.0000
3.4434 -2.9643 0.0000
3.2052 -3.1074 0.0000
4.7480 0.7963 0.0000
4.7557 0.4873 0.0000
4.2859 0.5125 0.0000
4.5141 0.3424 0.0000
4.2509 0.2753 0.0000
4.2866 0.0604 0.0000
4.0142 0.2917 0.0000
4.0364 0.0060 0.0000
4.1875 -3.9695 0.0000
-3.2571 -4.7593 0.0000
-0.4663 3.3483 0.0000
-0.3105 3.1259 0.0000
-0.4168 2.8662 0.0000
2.1111 -1.3893 0.0000
-1.5691 -0.9335 0.0001
-1.8363 -1.0339 0.0000
4.2144 2.1593 0.0000
1.1738 -3.7577 0.0000
-1.9131 -3.4722 0.0000
-2.0453 -3.7475 0.0000
0.5243 -1.7256 0.0011
1.5597 1.1298 0.0000
-3.5928 0.1596 0.0000
-3.7210 -0.0241 0.0000
-4.2634 0.7465 0.0000
1.4880 -3.0419 0.0000
-4.0766 -0.4101 0.0000
-4.3557 -0.8107 0.0000
2.8138 -4.0254 0.0000
2.5665 -4.1530 0.0000
2.3353 -4.2820 0.0000
4.6954 -0.8747 0.0000
4.7616 -1.1427 0.0000
4.7523 -1.4259 0.0000
4.5046 -1.3426 0.0000
4.5031 -1.6076 0.0000
-4.5723 -0.6381 0.0000
-4.7747 -0.7905 0.0000
-3.0016 -2.0289 0.0000
4.4900 2.2469 0.0000
-4.0405 0.5329 0.0000
-3.9435 -2.3859 0.0000
-4.1219 -2.5477 0.0000
-1.6041 -0.1689 0.0001
-1.9040 -0.1893 0.0000
-3.6521 4.2733 0.0000
1.6298 -3.5756 0.0000
-0.3616 4.0734 0.0000
-1.6774 3.8032 0.0000
1.7399 4.2318 0.0000
3.7531 3.6022 0.0000
3.3599 3.2796 0.0000
1.4179 0.6400 0.0007
1.3055 0.4059 0.0031
0.4369 3.3706 0.0000
-1.4692 -4.7660 0.0000
-1.7395 -4.7501 0.0000
-2.0140 -4.7694 0.0000
0.2830 3.6124 0.0000
0.1313 3.3825 0.0000
1.8221 2.3947 0.0000
1.8484 2.1267 0.0000
1.5829 2.1098 0.0000
-0.1350 -4.4817 0.0000
4.2815 1.4932 0.0000
4.0541 1.3231 0.0000
3.8540 1.1331 0.0000
3.6469 0.9286 0.0000
-1.4168 4.2888 0.0000
2.1019 -0.3011 0.0000
1.8517 -0.4494 0.0000
3.3722 2.1725 0.0000
-0.0251 -3.2567 0.0000
-0.6432 -0.1534 0.2440
-0.6946 -0.2319 0.1912
-2.9461 -2.6023 0.0000
-3.4691 -2.6742 0.0000
-3.4070 -2.9458 0.0000
-0.6151 3.0826 0.0000
2.0934 -3.1802 0.0000
2.1091 -3.4905 0.0000
-0.5161 3.8430 0.0000
-3.0827 -4.0101 0.0000
-3.3644 -3.9747 0.0000
-2.5442 1.2526 0.0000
3.3802 -0.6492 0.0000
3.1134 -0.6909 0.0000
-1.2072 3.1988 0.0000
-1.4631 3.3006 0.0000
-1.4327 3.0183 0.0000
-1.6738 3.1019 0.0000
-1.7041 2.8458 0.0000
4.5396 -4.0682 0.0000
0.8251 -2.5223 0.0000
0.5374 -2.7473 0.0000
0.5211 -3.0058 0.0000
-4.5126 -4.7136 0.0000
0.3304 -2.2826 0.0000
1.8214 0.1068 0.0000
-3.0745 1.1103 0.0000
-3.1539 0.8420 0.0000
-3.3426 3.2604 0.0000
-4.1016 -0.9644 0.0000
-3.8187 -1.3845 0.0000
-4.0797 -1.2540 0.0000
-3.7895 -0.2678 0.0000
-3.5949 4.7636 0.0000
-2.7710 3.7900 0.0000
-3.3148 -0.4604 0.0000
-3.3430 -0.7420 0.0000
-3.5903 -0.6925 0.0000
-0.9239 -2.3048 0.0000
3.5800 1.2130 0.0000
3.3754 1.0274 0.0000
2.5914 -3.5583 0.0000
1.4246 4.2133 0.0000
-4.0519 -1.5458 0.0000
-4.3064 -1.4146 0.0000
-4.2856 -1.7130 0.0000
-4.5185 -1.8858 0.0000
0.9657 4.5161 0.0000
0.6601 4.4918 0.0000
-3.6054 -0.9454 0.0000
-3.8452 -1.0992 0.0000
4.7693 1.4200 0.0000
4.5181 1.5094 0.0000
4.7606 1.0889 0.0000
4.5575 1.2499 0.0000
4.3200 1.2290 0.0000
-0.2945 -1.1852 0.0320
-0.4483 -1.3461 0.0105
-0.1423 1.0541 0.0766
-0.2222 0.9831 0.0970
-0.2795 1.1175 0.0535
-0.3099 0.9543 0.0987
-0.3777 0.8983 0.1086
2.7187 -2.9945 0.0000
2.6504 -3.2494 0.0000
3.4531 -3.2577 0.0000
3.4606 -3.5504 0.0000
3.2849 -3.7377 0.0000
-0.6737 -2.1991 0.0000
-0.7261 -2.4831 0.0000
-1.5422 3.5607 0.0000
-1.8480 3.5751 0.0000
-2.3882 2.0037 0.0000
-2.4755 1.7282 0.0000
-0.8408 0.2262 0.0969
-0.8320 0.1271 0.1096
-0.9558 0.1165 0.0544
4.7442 -3.2682 0.0000
2.3377 4.7669 0.0000
2.1579 4.5814 0.0000
2.4788 4.5465 0.0000
2.2578 4.3791 0.0000
-4.7670 -0.1573 0.0000
-4.3348 -1.1122 0.0000
-4.5498 -1.2725 0.0000
-4.7723 -1.4220 0.0000
1.1259 2.7467 0.0000
0.8611 2.6704 0.0000
0.7770 2.3895 0.0000
-4.7561 0.7793 0.0000
2.8683 -0.6852 0.0000
2.6188 -0.5577 0.0000
-0.7646 -1.9759 0.0001
-0.5669 0.4299 0.2286
-0.6370 0.3838 0.1952
-0.6309 0.2884 0.2260
-0.7141 0.3490 0.1523
-0.6148 0.5032 0.1717
-0.7307 0.5241 0.1046
-0.6821 0.4538 0.1469
-0.7655 0.4187 0.1090
-0.7886 0.3056 0.1154
-0.7245 0.2569 0.1631
-0.7485 0.1759 0.1579
-0.4211 -2.1079 0.0001
0.2512 -4.7419 0.0000
1.2024 4.0333 0.0000
1.0829 3.7766 0.0000
0.9556 3.5046 0.0000
-4.2948 1.4279 0.0000
-4.3525 1.1316 0.0000
-1.8942 1.5970 0.0000
-2.0030 1.3438 0.0000
-2.2281 1.2385 0.0000
-3.0916 3.3067 0.0000
-0.3596 2.1204 0.0001
-0.4744 1.8701 0.0005
2.0091 4.7748 0.0000
1.7181 4.7408 0.0000
4.7381 3.9271 0.0000
4.7433 3.6382 0.0000
2.3187 3.2990 0.0000
-0.3614 0.2813 0.4511
-0.4309 0.2078 0.4237
-0.4935 0.1432 0.3833
-0.5810 0.1301 0.3026
-0.5739 0.0458 0.3182
-0.6576 0.0266 0.2420
1.1222 4.2736 0.0000
0.8557 4.2586 0.0000
0.8419 -1.2536 0.0042
0.5991 -1.2565 0.0134
0.4108 -1.4565 0.0081
-2.4882 3.7477 0.0000
-2.1690 -1.4198 0.0000
-0.8830 1.4554 0.0010
-2.8972 4.0502 0.0000
-3.1879 4.0368 0.0000
0.3406 3.9878 0.0000
0.1441 3.8401 0.0000
-0.0332 3.6375 0.0000
2.0230 3.1347 0.0000
1.9725 2.8983 0.0000
4.7824 -3.5752 0.0000
1.8040 -1.8453 0.0000
1.8207 -2.1119 0.0000
-0.1682 3.3800 0.0000
-0.0121 3.1421 0.0000
-0.2586 1.3631 0.0171
-0.4426 1.2251 0.0250
2.9606 4.7314 0.0000
-4.7524 0.1505 0.0000
-0.4120 -4.4978 0.0000
-0.6479 1.1270 0.0204
-0.8848 1.1855 0.0045
3.7325 2.7317 0.0000
3.4742 2.4998 0.0000
-1.7324 0.0411 0.0000
-2.0188 0.0923 0.0000
1.0485 -1.4130 0.0004
-4.2293 2.6319 0.0000
-4.4747 2.4718 0.0000
-1.5421 4.0429 0.0000
-0.1689 1.8777 0.0008
-3.2343 0.5866 0.0000
-3.2979 0.3147 0.0000
-3.5302 1.7342 0.0000
1.3455 -3.5389 0.0000
3.4807 2.8013 0.0000
3.2260 2.6960 0.0000
2.3341 2.1473 0.0000
2.0874 2.0194 0.0000
2.0196 1.7784 0.0000
2.5668 3.2098 0.0000
2.4977 2.9734 0.0000
-3.2272 2.9785 0.0000
0.2942 -2.5832 0.0000
0.2752 -2.8787 0.0000
0.2496 -3.1733 0.0000
0.7451 -3.4985 0.0000
0.5892 -3.7380 0.0000
0.4331 -3.9786 0.0000
2.8312 -1.9506 0.0000
2.9187 -2.2128 0.0000
2.6958 -2.4422 0.0000
-3.4933 -0.1826 0.0000
-2.3524 4.2447 0.0000
-2.5929 4.0215 0.0000
-0.0381 0.4776 0.4431
-0.0207 0.3825 0.5236
-0.0966 0.3172 0.5654
-0.1923 0.3390 0.5190
-0.2656 0.2703 0.5238
1.5719 -1.4230 0.0000
-0.0857 0.5480 0.3801
-0.1167 0.4128 0.4874
-0.0209 0.7073 0.2566
-0.0934 0.6490 0.2983
-0.1717 0.5907 0.3321
-0.1519 0.4945 0.4130
-0.2440 0.5243 0.3616
-0.2210 0.4295 0.4413
-0.3186 0.4586 0.3743
-0.2919 0.3617 0.4529
0.7952 4.7522 0.0000
-1.5211 -0.6399 0.0002
-1.4222 1.7879 0.0000
-1.4158 1.4732 0.0000
-1.6491 1.6102 0.0000
-1.6963 1.3315 0.0000
0.7544 3.2537 0.0000
0.5502 3.0966 0.0000
-3.5549 -1.5082 0.0000
-3.7576 -1.9548 0.0000
-3.7891 -1.6710 0.0000
-4.0265 -1.8335 0.0000
-3.9944 -2.1127 0.0000
-3.7262 -2.5518 0.0000
1.8545 -1.5755 0.0000
-0.7281 -1.6934 0.0005
1.8203 -0.1802 0.0000
1.5408 -0.3473 0.0001
1.6270 -0.5996 0.0000
-4.1877 2.3247 0.0000
-4.4799 2.1849 0.0000
-4.5074 1.8837 0.0000
-3.6222 2.2915 0.0000
-3.8763 2.3147 0.0000
3.1069 0.8531 0.0000
2.8483 0.8042 0.0000
2.3372 -4.5430 0.0000
2.1111 -4.4996 0.0000
2.0389 -4.7535 0.0000
3.0068 2.9041 0.0000
2.9501 2.6168 0.0000
-2.8060 3.2927 0.0000
-2.9962 3.0853 0.0000
3.0622 4.0740 0.0000
3.0648 3.7972 0.0000
2.8155 3.9107 0.0000
-1.2483 0.7001 0.0016
-1.5758 0.4687 0.0001
3.3374 0.7730 0.0000
3.2624 0.5314 0.0000
-2.4998 4.5089 0.0000
-2.6665 4.2778 0.0000
1.5959 3.9830 0.0000
1.3812 3.8374 0.0000
4.2722 2.7482 0.0000
4.0118 2.6063 0.0000
-1.7830 -0.7410 0.0000
2.9106 -1.2156 0.0000
2.6268 -1.1288 0.0000
2.3716 -1.3111 0.0000
4.7623 2.6277 0.0000
4.5070 2.5308 0.0000
-3.3309 1.1651 0.0000
-3.6001 1.1322 0.0000
-3.6765 0.8567 0.0000
-3.7554 0.5838 0.0000
4.5001 -1.1051 0.0000
1.4175 4.7469 0.0000
-0.1669 0.2435 0.5910
-0.2373 0.1842 0.5837
-0.3347 0.1891 0.5122
-0.3945 0.1032 0.4848
-0.2922 0.1032 0.5717
-3.9520 0.0675 0.0000
-4.2556 0.0666 0.0000
2.6079 0.0147 0.0000
2.6236 -0.2726 0.0000
2.3655 -0.4269 0.0000
2.1144 -0.5816 0.0000
3.2031 -3.3995 0.0000
2.8520 -3.4657 0.0000
3.1827 2.4079 0.0000
3.0984 2.1222 0.0000
3.2912 4.2783 0.0000
3.3227 4.0128 0.0000
3.3318 3.7681 0.0000
-2.8981 -2.8963 0.0000
1.0084 1.4675 0.0007
0.8142 1.2864 0.0047
-1.2547 4.0448 0.0000
-0.6726 1.6857 0.0008
0.9083 0.0130 0.0764
0.8638 -0.0541 0.0963
0.9186 -0.1360 0.0678
0.8200 -0.1618 0.1143
0.7603 -0.2338 0.1431
0.9760 -0.2885 0.0403
0.8442 -0.2654 0.0916
0.6664 -0.2089 0.2155
0.7009 -0.3040 0.1711
0.6038 -0.2825 0.2499
0.7944 -0.3495 0.1060
0.7126 -0.3966 0.1433
0.6227 -0.3777 0.2077
0.6498 -0.4729 0.1611
0.5508 -0.4510 0.2320
0.5776 -0.5409 0.1803
1.7421 1.8716 0.0000
-3.0519 -1.4502 0.0000
-3.2875 -1.6219 0.0000
2.8932 2.3398 0.0000
2.6649 2.5372 0.0000
2.6072 2.2681 0.0000
4.5895 -3.7286 0.0000
4.7607 -3.9115 0.0000
2.7183 -1.6692 0.0000
2.5482 -1.8886 0.0000
-4.0731 3.5234 0.0000
-4.3453 3.5103 0.0000
-4.6104 3.4707 0.0000
-4.3000 -4.2375 0.0000
-4.5374 -4.3783 0.0000
-4.7595 -4.5171 0.0000
2.1653 0.7263 0.0000
3.1862 -2.8086 0.0000
2.9224 -2.7208 0.0000
2.9544 -2.9766 0.0000
2.9530 -3.2425 0.0000
2.8203 1.0743 0.0000
2.4838 1.1535 0.0000
-1.6173 -3.4837 0.0000
-1.0239 3.9708 0.0000
-2.3693 -1.2038 0.0000
-2.2459 -1.7070 0.0000
-2.2863 -1.9733 0.0000
-2.7260 0.0238 0.0000
-2.9051 -0.1614 0.0000
-3.2027 -0.1748 0.0000
-1.8311 4.0460 0.0000
-0.4820 2.6002 0.0000
-0.5509 2.3351 0.0000
-0.6421 2.0746 0.0000
-0.8154 1.9280 0.0001
-0.8373 2.2602 0.0000
-1.0102 2.0863 0.0000
-1.1731 1.9051 0.0000
-2.6798 -2.7007 0.0000
-1.4004 2.0883 0.0000
-1.6862 1.8594 0.0000
-1.9353 1.8499 0.0000
-2.2022 1.7890 0.0000
-2.1497 1.5630 0.0000
-0.5588 -4.2647 0.0000
-0.5928 1.4073 0.0062
0.1230 2.8787 0.0000
0.0525 2.6515 0.0000
-0.1975 2.6533 0.0000
-0.2623 2.3997 0.0000
4.2789 -2.5944 0.0000
4.1558 -2.7954 0.0000
-3.0198 -1.7295 0.0000
-3.2572 -1.9097 0.0000
-4.5445 1.2811 0.0000
-0.1669 4.2367 0.0000
2.3630 -3.3855 0.0000
1.5905 -2.5646 0.0000
1.3454 -2.7561 0.0000
1.0774 -2.5835 0.0000
1.0284 -2.8562 0.0000
-3.0936 -0.9100 0.0000
-3.1134 -1.1669 0.0000
-3.3597 -1.0285 0.0000
-3.5835 -1.2229 0.0000
-0.1402 2.9028 0.0000
-2.8993 1.4095 0.0000
-3.1691 1.3842 0.0000
4.7358 3.3598 0.0000
0.8354 -2.2817 0.0000
0.5913 -2.2377 0.0000
0.5676 -2.4889 0.0000
2.2627 3.0563 0.0000
2.2044 2.8133 0.0000
0.9125 4.0173 0.0000
0.7942 3.7553 0.0000
-2.9587 -4.7535 0.0000
1.2880 2.2073 0.0000
1.1472 1.9378 0.0000
-2.8136 1.1825 0.0000
0.5685 -4.2370 0.0000
0.2834 -4.2254 0.0000
0.4132 -4.4867 0.0000
-4.7874 3.6061 0.0000
2.2631 3.5819 0.0000
2.0556 3.3783 0.0000
0.1373 -4.4790 0.0000
0.0021 -4.7455 0.0000
-4.2891 -0.2136 0.0000
-4.3338 -0.5114 0.0000
3.4200 -0.0667 0.0000
3.1631 -0.2093 0.0000
1.2795 4.4977 0.0000
-1.4537 -3.7133 0.0000
-1.7570 -3.7309 0.0000
2.0361 -1.8585 0.0000
2.0687 -2.1035 0.0000
1.8793 -2.3713 0.0000
0.1689 -0.3989 0.4841
0.1101 -0.4794 0.4342
0.0561 -0.5603 0.3722
0.1157 -0.3116 0.5648
0.0124 -0.4785 0.4427
-0.0526 -0.5679 0.3619
0.0198 -0.6345 0.3120
-0.0613 -0.6773 0.2735
-0.1393 -0.7363 0.2208
0.0642 -0.2270 0.6307
0.0270 -0.3090 0.5803
-0.0463 -0.2805 0.5972
0.0668 -0.3955 0.5098
-0.0320 -0.3871 0.5175
-0.1128 -0.3538 0.5288
-0.1486 -0.4314 0.4560
-0.0754 -0.4699 0.4418
-0.1512 -0.5294 0.3746
-0.1406 -0.6282 0.2983
-0.2198 -0.6889 0.2361
-0.2302 -0.5872 0.3053
-0.3065 -0.6448 0.2396
-0.3019 -0.7391 0.1840
-0.2200 -0.7963 0.1699
-0.3082 -0.8313 0.1351
-0.2915 -0.9094 0.1046
-0.3814 -1.0086 0.0611
-0.3968 -0.8778 0.0990
-2.6384 2.7374 0.0000
-2.7061 2.4420 0.0000
-2.9054 2.5724 0.0000
-3.0958 2.3946 0.0000
2.4263 -1.5916 0.0000
2.2884 -1.8532 0.0000
4.2510 2.4448 0.0000
3.9956 2.3150 0.0000
-4.5188 3.7565 0.0000
-3.4748 4.0420 0.0000
-3.7785 4.0267 0.0000
-0.7653 4.3656 0.0000
3.2687 1.3277 0.0000
3.1018 1.0855 0.0000
-1.0899 -2.4977 0.0000
-1.2404 -2.7100 0.0000
1.5982 -2.2955 0.0000
1.3320 -2.1545 0.0000
1.3346 -2.4496 0.0000
1.0827 -2.2971 0.0000
-0.0039 1.3797 0.0165
-1.1546 1.2827 0.0003
-1.1145 3.7384 0.0000
-1.2411 3.4880 0.0000
0.2749 -0.7815 0.1833
0.1063 -0.7711 0.2114
0.0249 -0.8254 0.1792
0.1880 -0.8311 0.1692
0.1008 -0.8689 0.1547
0.0460 -0.9316 0.1243
-0.0408 -0.8883 0.1421
-0.0219 -0.9954 0.0960
3.9542 -3.2541 0.0000
3.7046 -3.4039 0.0000
1.9537 -2.8875 0.0000
1.7788 -3.1060 0.0000
1.1771 0.6612 0.0063
1.0094 0.4868 0.0286
0.8349 0.4596 0.0782
0.8037 0.3692 0.1040
0.7389 0.2944 0.1512
-0.2921 -3.7354 0.0000
-3.5025 3.0258 0.0000
0.3859 0.9527 0.0761
0.4148 0.8346 0.1116
0.3429 0.7582 0.1632
-3.8553 -0.8152 0.0000
-4.1027 -0.6830 0.0000
2.7741 4.4943 0.0000
2.5298 4.2848 0.0000
-3.9341 -2.7100 0.0000
-4.2396 -2.7656 0.0000
3.8765 2.1074 0.0000
2.8287 2.0624 0.0000
2.5684 1.9994 0.0000
-3.4925 3.5317 0.0000
-3.6337 3.2900 0.0000
-3.7607 3.0490 0.0000
-4.5470 -3.4670 0.0000
-4.7599 -3.6112 0.0000
-1.0880 0.9847 0.0024
-1.3502 0.9578 0.0002
4.1443 -4.7396 0.0000
3.8596 -4.7507 0.0000
3.7641 0.3750 0.0000
-3.0578 3.7956 0.0000
-3.3479 3.7912 0.0000
-3.2262 1.8817 0.0000
-3.4626 1.9724 0.0000
2.5565 -3.8653 0.0000
2.2800 -4.0028 0.0000
3.5655 0.6958 0.0000
3.5108 0.4523 0.0000
0.4557 -3.4821 0.0000
0.2942 -3.7202 0.0000
-4.7796 -4.7854 0.0000
-4.5737 -0.9601 0.0000
-4.7776 -1.1114 0.0000
-2.4321 -2.2453 0.0000
-2.4548 -2.5280 0.0000
0.1474 1.7797 0.0013
-0.0948 1.6102 0.0046
-3.8786 1.0580 0.0000
-3.9600 0.7890 0.0000
0.6453 0.1480 0.2435
0.5764 0.0819 0.3133
0.6712 0.0537 0.2303
0.6042 -0.0147 0.2913
0.5098 0.0119 0.3824
0.4558 -0.0632 0.4328
0.3749 -0.0707 0.5082
0.2895 -0.0905 0.5766
0.3857 -0.1539 0.4813
0.3074 -0.1740 0.5395
0.2501 -0.2368 0.5515
0.1595 -0.2235 0.6052
0.2016 -0.3166 0.5303
-0.4496 1.0177 0.0605
-0.4719 0.8841 0.0938
-0.4958 0.7880 0.1205
-0.5865 0.8990 0.0641
-0.6553 0.7789 0.0742
-0.5619 0.7485 0.1125
-0.6262 0.6675 0.1135
-0.7592 0.6776 0.0634
-0.8468 0.5353 0.0572
-0.9718 0.7231 0.0158
-1.0660 0.4658 0.0154
-0.8811 0.3593 0.0656
-1.3290 0.4420 0.0014
4.7523 2.3353 0.0000
4.7323 4.5178 0.0000
2.1018 -1.1349 0.0000
1.8410 -1.0120 0.0000
-2.3683 1.4755 0.0000
-0.9008 4.1698 0.0000
4.3131 -3.6203 0.0000
0.2748 3.1213 0.0000
4.0435 4.4773 0.0000
3.7415 4.5210 0.0000
2.6619 -1.3991 0.0000
2.0881 -3.7928 0.0000
1.9494 -4.0151 0.0000
-2.7976 -0.4539 0.0000
-3.0444 -0.4037 0.0000
-3.0621 -0.6563 0.0000
-2.1997 -4.4587 0.0000
4.7504 -4.2261 0.0000
4.5128 -4.4010 0.0000
0.2427 1.0706 0.0582
0.1834 0.9617 0.0976
0.0778 1.0566 0.0726
0.1141 0.9453 0.1104
0.0348 0.9420 0.1171
-0.0708 1.1796 0.0450
-0.0405 1.0062 0.0935
0.1200 0.8652 0.1472
0.0412 0.8518 0.1611
-0.0469 0.8977 0.1403
0.0563 0.7620 0.2142
-0.1314 0.9393 0.1197
-0.1284 0.8433 0.1670
-0.0383 0.8012 0.1938
-0.1158 0.7450 0.2276
4.7432 3.1189 0.0000
4.7208 2.0221 0.0000
4.7665 1.7177 0.0000
4.5233 1.7487 0.0000
-1.2287 2.6101 0.0000
-1.4212 2.4125 0.0000
-0.4545 -1.6034 0.0023
-0.5144 -1.8853 0.0003
-1.0161 -4.0072 0.0000
-1.1667 -4.2326 0.0000
-4.7338 0.4538 0.0000
3.0660 -4.1813 0.0000
2.8236 -4.3114 0.0000
-3.2214 -2.4930 0.0000
0.5310 0.9441 0.0576
0.4342 0.7342 0.1490
2.6565 4.7611 0.0000
1.0677 2.4491 0.0000
0.9795 2.1818 0.0000
4.7489 4.2143 0.0000
4.4772 3.7970 0.0000
4.2171 3.6313 0.0000
1.7067 2.8954 0.0000
1.6177 2.6181 0.0000
0.3842 -0.4593 0.3370
0.3022 -0.4947 0.3587
0.2816 -0.3283 0.4804
0.2658 -0.4130 0.4332
0.2049 -0.4898 0.4018
0.1481 -0.5703 0.3531
-3.2589 -4.2590 0.0000
-3.5286 -4.1895 0.0000
-3.5857 -4.4117 0.0000
-0.4046 -3.2833 0.0000
-0.4589 -3.5161 0.0000
0.3795 4.2506 0.0000
-4.7745 -0.4679 0.0000
-1.7509 -0.4347 0.0000
-1.9975 -0.5647 0.0000
-2.7759 -1.8473 0.0000
2.9203 3.5758 0.0000
2.8088 3.3691 0.0000
3.0841 -4.4978 0.0000
2.8171 -4.5823 0.0000
2.6216 -4.7516 0.0000
2.5726 -4.4583 0.0000
2.3339 -4.7671 0.0000
-2.5291 -1.9801 0.0000
-2.1545 -2.7014 0.0000
-2.3893 -2.7743 0.0000
-2.6065 -2.9651 0.0000
-0.9872 3.2478 0.0000
-1.1761 2.9181 0.0000
-2.5223 -1.7281 0.0000
0.3167 1.3376 0.0143
0.1484 1.2260 0.0318
-2.0997 0.6709 0.0000
-2.3775 0.4935 0.0000
1.4878 3.0842 0.0000
1.2028 3.0211 0.0000
3.7179 -1.6859 0.0000
3.4558 -1.8209 0.0000
-0.5272 4.7753 0.0000
-0.8101 4.7397 0.0000
-0.9665 4.5101 0.0000
-3.9024 4.7592 0.0000
-0.2482 -4.7458 0.0000
4.1354 -0.9782 0.0000
4.2479 -1.1868 0.0000
3.9995 -1.2965 0.0000
3.9810 -1.5711 0.0000
-3.1412 2.1366 0.0000
-2.6530 4.7605 0.0000
-2.5515 -0.7569 0.0000
-2.6021 -1.0104 0.0000
-2.8480 -0.9708 0.0000
0.2560 -0.5724 0.3228
0.2042 -0.6417 0.2874
0.1884 -0.7326 0.2280
3.6182 -0.8979 0.0000
3.6771 -1.1280 0.0000
3.4418 -1.2200 0.0000
-3.8435 -0.5339 0.0000
3.6782 -4.0293 0.0000
3.6703 -4.5001 0.0000
3.3323 -4.0357 0.0000
3.5274 -4.2409 0.0000
3.2884 -4.3257 0.0000
4.2335 -2.2953 0.0000
4.0468 -2.4706 0.0000
3.9250 -2.6739 0.0000
3.9467 -2.9638 0.0000
3.6904 -2.8261 0.0000
1.5655 -1.7002 0.0000
1.5610 -1.9959 0.0000
-3.9711 2.0885 0.0000
-4.0142 1.8233 0.0000
1.0401 -1.7099 0.0001
-3.2402 -2.2043 0.0000
-3.6558 -3.9176 0.0000
-3.9180 -3.8161 0.0000
-4.0112 -4.0423 0.0000
-3.7869 -4.1335 0.0000
-4.0752 -4.2763 0.0000
3.1874 -2.2618 0.0000
3.4526 -2.3888 0.0000
3.2003 -2.5368 0.0000
-2.0799 3.4803 0.0000
-2.2315 3.2070 0.0000
-1.8297 0.5712 0.0000
-1.8034 0.2945 0.0000
-2.0768 0.3918 0.0000
-2.2767 0.1996 0.0000
0.0769 -2.1392 0.0001
0.0550 -2.4242 0.0000
0.0251 -2.7054 0.0000
-1.0092 -2.0712 0.0000
-1.2635 -1.9311 0.0000
-0.2219 0.8856 0.1377
-0.2067 0.7897 0.1899
-0.2749 0.7313 0.2116
-0.1916 0.6869 0.2578
-0.3060 0.8310 0.1512
-0.4097 0.8152 0.1346
-0.3685 0.7442 0.1792
-0.3333 0.6645 0.2348
-0.2620 0.6218 0.2857
-0.3342 0.5567 0.3019
-0.4479 0.7084 0.1698
-0.5282 0.6740 0.1524
-0.4030 0.6307 0.2272
-0.4826 0.5987 0.2062
-0.5727 0.5847 0.1660
-0.6730 0.5818 0.1174
-0.4177 0.5341 0.2738
-0.5076 0.5021 0.2373
-4.0804 1.2586 0.0000
-4.1563 0.9827 0.0000
-0.6976 4.0337 0.0000
0.6963 -0.0421 0.2093
0.5453 -0.0871 0.3430
0.7310 -0.1362 0.1753
0.6360 -0.1140 0.2554
0.5711 -0.1852 0.3023
0.4777 -0.1548 0.3964
0.5110 -0.2583 0.3363
0.5304 -0.3529 0.2858
0.4346 -0.3276 0.3725
0.4254 -0.2317 0.4208
0.3478 -0.2658 0.4695
0.3573 -0.3781 0.4022
3.6286 1.9811 0.0000
3.3809 1.8900 0.0000
-3.3909 0.9127 0.0000
-3.4678 0.6583 0.0000
-2.8108 4.5313 0.0000
-2.9499 4.3002 0.0000
2.3960 -3.1262 0.0000
-0.1952 -0.3176 0.5246
-0.2203 -0.3980 0.4544
-0.2429 -0.4887 0.3752
-0.3261 -0.5583 0.2890
-0.3004 -0.3962 0.4140
-0.3351 -0.4689 0.3452
-0.4216 -0.5169 0.2686
-0.4086 -0.6045 0.2246
-0.4881 -0.6305 0.1777
-0.4695 -0.7205 0.1440
-0.5577 -0.7795 0.0967
-0.5077 -0.5414 0.2103
-0.5837 -0.6082 0.1467
-0.5622 -0.6975 0.1226
-0.6655 -0.6890 0.0918
-0.6545 -0.8243 0.0627
-0.7660 -0.9940 0.0225
-1.0492 -0.9986 0.0055
-0.8679 -1.2217 0.0053
-3.3861 -4.5176 0.0000
-3.5559 -4.7581 0.0000
-3.7385 -4.6160 0.0000
-3.9110 -4.7750 0.0000
0.2337 0.4517 0.4077
0.1516 0.4049 0.4767
0.0741 0.3475 0.5433
0.0908 0.2512 0.6080
-0.0006 0.2877 0.5961
0.0209 0.1894 0.6554
-0.0693 0.2246 0.6314
0.1067 0.1540 0.6551
-0.0438 0.1269 0.6809
0.0551 0.0868 0.6906
-0.0227 0.0436 0.7029
-0.0528 -0.0328 0.7003
-0.1304 0.1569 0.6482
-0.1186 0.0523 0.6814
-0.1966 0.1102 0.6336
-0.2222 0.0269 0.6322
2.1190 0.4796 0.0000
3.5761 4.2829 0.0000
3.5577 4.0553 0.0000
4.2499 1.7589 0.0000
4.0135 1.6121 0.0000
1.9859 1.3943 0.0000
2.1284 1.1654 0.0000
1.8346 1.1420 0.0000
-3.3745 2.2009 0.0000
-3.7019 2.0537 0.0000
1.8969 4.4873 0.0000
1.5796 4.4808 0.0000
-4.5129 4.7537 0.0000
-4.7826 4.7769 0.0000
-4.7072 4.5092 0.0000
-1.1071 4.7610 0.0000
-2.6600 1.4867 0.0000
-3.7565 1.5819 0.0000
-3.8018 1.3285 0.0000
-1.0993 -0.0586 0.0213
-1.1957 0.1966 0.0081
-1.3808 -0.0396 0.0015
-1.1200 4.2848 0.0000
1.6262 0.5643 0.0001
-1.3421 -1.1151 0.0004
-1.1401 -1.3020 0.0008
-1.4113 -1.4124 0.0001
-2.3518 0.7737 0.0000
-2.6152 0.7232 0.0000
-2.7011 0.4785 0.0000
-0.9461 -3.1144 0.0000
-0.9530 -3.3880 0.0000
3.0253 0.6146 0.0000
2.8473 0.4484 0.0000
3.0773 0.3249 0.0000
2.8488 0.1568 0.0000
2.4802 1.5276 0.0000
2.3128 1.3229 0.0000
-2.0385 4.7565 0.0000
-2.1972 4.5063 0.0000
3.7725 2.4594 0.0000
3.6428 2.2520 0.0000
-0.9018 3.0138 0.0000
-0.9699 2.7263 0.0000
1.5564 0.2815 0.0002
1.1034 0.2515 0.0197
1.3067 0.1079 0.0035
1.1057 -0.0921 0.0191
1.0146 -4.0039 0.0000
-0.3749 1.6155 0.0034
-1.8013 -2.1394 0.0000
-2.1145 -2.1874 0.0000
-1.4542 -0.3709 0.0007
-3.8364 -4.3686 0.0000
-4.0441 -4.5390 0.0000
-4.3040 -4.5078 0.0000
-2.7670 1.7173 0.0000
-3.0243 1.6515 0.0000
0.7596 -0.4718 0.1021
0.8260 -0.6004 0.0552
0.7125 -0.6913 0.0758
0.6924 -0.5562 0.1154
0.6287 -0.6151 0.1287
0.5912 -0.6999 0.1178
0.5352 -0.7653 0.1163
0.6595 -0.8320 0.0618
0.5366 -0.8785 0.0808
0.5260 -0.6266 0.1731
0.4710 -0.7047 0.1632
0.4437 -0.7981 0.1327
0.3543 -0.8270 0.1434
0.4285 -0.9020 0.0977
0.5133 -1.0250 0.0502
0.3419 -0.9245 0.1054
0.3445 -1.0314 0.0703
-2.2028 3.7194 0.0000
-2.3615 3.4807 0.0000
-1.1655 -3.8006 0.0000
-1.3317 -3.9976 0.0000
-1.6130 -3.9813 0.0000
0.7432 -1.5164 0.0017
4.4618 4.0827 0.0000
4.2149 3.9240 0.0000
-1.1860 -3.2479 0.0000
-4.1306 0.2822 0.0000
-4.4852 0.2692 0.0000
-4.5190 -0.0277 0.0000
2.0862 0.2355 0.0000
2.0866 -0.0301 0.0000
-4.5415 -0.3269 0.0000
4.7823 4.7843 0.0000
3.8716 1.8093 0.0000
3.7925 1.4456 0.0000
2.5899 0.9097 0.0000
2.2991 0.9647 0.0000
2.4095 0.6823 0.0000
-1.0138 -4.5038 0.0000
-1.0861 -4.7661 0.0000
-1.2884 -4.6971 0.0000
-0.7585 0.0814 0.1592
-0.7346 0.0017 0.1796
-0.8338 0.0246 0.1131
-0.7962 -0.0679 0.1359
-0.9114 -0.0551 0.0748
-0.9553 -0.2184 0.0545
-4.6305 -2.4940 0.0000
-4.7709 -2.6675 0.0000
-2.7640 -1.5386 0.0000
-4.5034 -2.2058 0.0000
-4.7704 -2.3229 0.0000
-1.5259 -1.9924 0.0000
-1.5041 -2.2332 0.0000
-1.6919 -2.4325 0.0000
-3.1729 2.6878 0.0000
-3.4524 2.7587 0.0000
-4.7486 2.0387 0.0000
-4.7609 1.7310 0.0000
3.3292 1.6328 0.0000
0.2657 -0.8798 0.1353
0.2378 -0.9659 0.1024
0.1659 -0.9245 0.1248
0.2074 -1.0827 0.0662
0.1109 -0.9947 0.0979
0.0503 -1.1168 0.0595
-0.0552 -1.3018 0.0239
4.7433 -0.3951 0.0000
4.7534 -0.6322 0.0000
1.2804 -4.5142 0.0000
0.9843 -4.5082 0.0000
0.6950 -4.4982 0.0000
1.1154 -4.7580 0.0000
0.8144 -4.7546 0.0000
0.5241 -4.7492 0.0000
3.6341 1.6973 0.0000
3.5163 1.4594 0.0000
2.6187 1.7659 0.0000
2.3250 1.8237 0.0000
2.3666 -0.7192 0.0000
2.3648 -1.0163 0.0000
0.3848 -1.2010 0.0317
0.1916 -1.2721 0.0285
0.1073 -1.4963 0.0090
-0.0795 -1.6423 0.0035
0.9144 0.3084 0.0641
0.8171 0.2666 0.1103
1.0110 0.0807 0.0404
0.8980 0.1724 0.0782
0.8336 0.1103 0.1126
0.7944 0.1951 0.1300
0.7439 0.1179 0.1695
0.8342 0.0409 0.1138
0.7648 0.0229 0.1581
0.7900 -0.0629 0.1392
0.5745 2.6000 0.0000
0.4892 2.3206 0.0000
0.2383 2.2474 0.0000
0.0990 2.0330 0.0003
-1.9078 -4.5038 0.0000
-2.1950 -4.6689 0.0000
3.6991 -3.1126 0.0000
-3.4398 4.5297 0.0000
1.4759 -3.8012 0.0000
4.0877 -3.7353 0.0000
3.8995 -3.9280 0.0000
1.8914 0.6561 0.0000
-2.9709 4.7616 0.0000
-3.1377 4.5245 0.0000
1.3035 -1.5562 0.0000
0.6282 3.9909 0.0000
0.4888 3.7428 0.0000
0.7965 -1.7958 0.0002
0.5910 -2.0033 0.0001
4.4740 -0.6471 0.0000
4.3859 -0.8913 0.0000
0.1922 4.7317 0.0000
-0.0702 4.7552 0.0000
-0.3159 4.6940 0.0000
-0.1078 4.4941 0.0000
-0.3893 4.4246 0.0000
3.3762 -0.9297 0.0000
3.1142 -0.9141 0.0000
4.2309 0.7803 0.0000
4.0365 0.5545 0.0000
4.2326 3.3280 0.0000
3.9777 3.1787 0.0000
4.2425 3.0378 0.0000
4.0045 2.8816 0.0000
-3.7105 -2.8844 0.0000
-4.0236 -2.9592 0.0000
-0.2159 3.8486 0.0000
2.1437 -1.6184 0.0000
-2.1026 -1.1300 0.0000
1.4190 1.8950 0.0000
1.5425 1.6398 0.0000
0.2566 -1.6990 0.0024
0.0543 -1.8529 0.0010
-4.2538 -3.9750 0.0000
-4.5215 -4.0644 0.0000
-4.7641 -4.2110 0.0000
4.0392 -4.1978 0.0000
3.8007 -4.2530 0.0000
-4.6080 4.0351 0.0000
-4.7874 3.8907 0.0000
-3.6330 3.7883 0.0000
-3.9303 3.7795 0.0000
-3.7796 3.5421 0.0000
-4.4971 0.9238 0.0000
-4.5233 0.6218 0.0000
2.5542 4.0034 0.0000
2.4545 3.7830 0.0000
-0.1882 -2.2769 0.0000
-0.2297 -2.5590 0.0000
4.5167 4.3658 0.0000
4.2377 4.2633 0.0000
1.4107 2.8104 0.0000
1.3345 2.5240 0.0000
-2.0358 4.2736 0.0000
-0.8086 -4.7492 0.0000
-3.1924 4.2679 0.0000
-3.4086 4.2987 0.0000
4.5121 4.7290 0.0000
-1.9555 -2.4151 0.0000
-1.8893 -2.6804 0.0000
-2.2047 -0.1098 0.0000
-2.4430 -0.0240 0.0000
-2.3436 -0.3473 0.0000
-3.1808 -2.7680 0.0000
-3.1248 -3.0368 0.0000
-3.3304 -3.2310 0.0000
-4.2115 4.7615 0.0000
-4.3706 4.5221 0.0000
-4.5025 4.2864 0.0000
-4.7796 4.2235 0.0000
-1.9004 -3.9917 0.0000
-0.7035 -4.0566 0.0000
3.7166 -1.9798 0.0000
3.4177 -2.0914 0.0000
1.7813 -4.2517 0.0000
1.5847 -4.4924 0.0000
2.5493 3.4928 0.0000
-0.3446 3.6043 0.0000
-0.2518 -2.8307 0.0000
-0.5329 -2.6972 0.0000
-0.8196 -3.8526 0.0000
0.4234 1.6365 0.0020
0.1831 1.5201 0.0063
-1.7184 4.2880 0.0000
