5.0000 5.0000 0.0000
0.0000 5.0000 0.0000
2.5000 5.0000 0.0000
3.7500 5.0000 0.0000
4.3750 5.0000 0.0000
4.6875 5.0000 0.0000
4.0625 5.0000 0.0000
3.1250 5.0000 0.0000
3.4375 5.0000 0.0000
2.8125 5.0000 0.0000
1.2500 5.0000 0.0000
1.8750 5.0000 0.0000
2.1875 5.0000 0.0000
1.5625 5.0000 0.0000
0.6250 5.0000 0.0000
0.9375 5.0000 0.0000
0.3125 5.0000 0.0000
-2.5000 5.0000 0.0000
-1.2500 5.0000 0.0000
-0.6250 5.0000 0.0000
-0.3125 5.0000 0.0000
-0.9375 5.0000 0.0000
-1.8750 5.0000 0.0000
-1.5625 5.0000 0.0000
-2.1875 5.0000 0.0000
-3.7500 5.0000 0.0000
-3.1250 5.0000 0.0000
-2.8125 5.0000 0.0000
-3.4375 5.0000 0.0000
-4.3750 5.0000 0.0000
-4.0625 5.0000 0.0000
-4.6875 5.0000 0.0000
5.0000 -5.0000 0.0000
5.0000 0.0000 0.0000
5.0000 -2.5000 0.0000
5.0000 -3.7500 0.0000
5.0000 -4.3750 0.0000
5.0000 -4.6875 0.0000
5.0000 -4.0625 0.0000
5.0000 -3.1250 0.0000
5.0000 -3.4375 0.0000
5.0000 -2.8125 0.0000
5.0000 -1.2500 0.0000
5.0000 -1.8750 0.0000
5.0000 -2.1875 0.0000
5.0000 -1.5625 0.0000
5.0000 -0.6250 0.0000
5.0000 -0.9375 0.0000
5.0000 -0.3125 0.0000
5.0000 2.5000 0.0000
5.0000 1.2500 0.0000
5.0000 0.6250 0.0000
5.0000 0.3125 0.0000
5.0000 0.9375 0.0000
5.0000 1.8750 0.0000
5.0000 1.5625 0.0000
5.0000 2.1875 0.0000
5.0000 3.7500 0.0000
5.0000 3.1250 0.0000
5.0000 2.8125 0.0000
5.0000 3.4375 0.0000
5.0000 4.3750 0.0000
5.0000 4.0625 0.0000
5.0000 4.6875 0.0000
-5.0000 -5.0000 0.0000
0.0000 -5.0000 0.0000
-2.5000 -5.0000 0.0000
-3.7500 -5.0000 0.0000
-4.3750 -5.0000 0.0000
-4.6875 -5.0000 0.0000
-4.0625 -5.0000 0.0000
-3.1250 -5.0000 0.0000
-3.4375 -5.0000 0.0000
-2.8125 -5.0000 0.0000
-1.2500 -5.0000 0.0000
-1.8750 -5.0000 0.0000
-2.1875 -5.0000 0.0000
-1.5625 -5.0000 0.0000
-0.6250 -5.0000 0.0000
-0.9375 -5.0000 0.0000
-0.3125 -5.0000 0.0000
2.5000 -5.0000 0.0000
1.2500 -5.0000 0.0000
0.6250 -5.0000 0.0000
0.3125 -5.0000 0.0000
0.9375 -5.0000 0.0000
1.8750 -5.0000 0.0000
1.5625 -5.0000 0.0000
2.1875 -5.0000 0.0000
3.7500 -5.0000 0.0000
3.1250 -5.0000 0.0000
2.8125 -5.0000 0.0000
3.4375 -5.0000 0.0000
4.3750 -5.0000 0.0000
4.0625 -5.0000 0.0000
4.6875 -5.0000 0.0000
-5.0000 5.0000 0.0000
-5.0000 0.0000 0.0000
-5.0000 2.5000 0.0000
-5.0000 3.7500 0.0000
-5.0000 4.3750 0.0000
-5.0000 4.6875 0.0000
-5.0000 4.0625 0.0000
-5.0000 3.1250 0.0000
-5.0000 3.4375 0.0000
-5.0000 2.8125 0.0000
-5.0000 1.2500 0.0000
-5.0000 1.8750 0.0000
-5.0000 2.1875 0.0000
-5.0000 1.5625 0.0000
-5.0000 0.6250 0.0000
-5.0000 0.9375 0.0000
-5.0000 0.3125 0.0000
-5.0000 -2.5000 0.0000
-5.0000 -1.2500 0.0000
-5.0000 -0.6250 0.0000
-5.0000 -0.3125 0.0000
-5.0000 -0.9375 0.0000
-5.0000 -1.8750 0.0000
-5.0000 -1.5625 0.0000
-5.0000 -2.1875 0.0000
-5.0000 -3.7500 0.0000
-5.0000 -3.1250 0.0000
-5.0000 -2.8125 0.0000
-5.0000 -3.4375 0.0000
-5.0000 -4.3750 0.0000
-5.0000 -4.0625 0.0000
-5.0000 -4.6875 0.0000
-0.4986 4.7610 0.0000
0.7328 4.5219 0.0000
0.7426 4.2679 0.0000
-4.2069 -0.4686 0.0000
-4.4729 -0.5940 0.0000
-4.4823 -0.8920 0.0000
-3.3202 1.9556 0.0000
-3.5503 1.8773 0.0000
-3.7599 2.0620 0.0000
-3.7720 1.7601 0.0000
-3.9138 1.4002 0.0000
4.2718 -1.3572 0.0000
-0.2025 2.4881 0.0000
-0.2331 2.2092 0.0001
0.2853 -2.3799 0.0000
-0.0703 0.1517 0.6676
0.0206 0.3898 0.5174
0.0139 0.2949 0.5911
-0.0715 0.2505 0.6161
-0.1512 0.2014 0.6206
-0.1600 0.1131 0.6517
-0.0711 0.0548 0.6946
-0.1544 0.0218 0.6697
-0.2358 -0.0295 0.6225
3.7607 1.1283 0.0000
3.5029 1.1004 0.0000
3.4691 -0.7146 0.0000
3.1923 -0.8053 0.0000
3.1034 -1.0871 0.0000
3.3768 -1.0123 0.0000
3.2846 -1.3020 0.0000
2.9989 -1.3781 0.0000
-3.7510 -4.4876 0.0000
-4.2222 -1.0485 0.0000
2.3615 3.5930 0.0000
-2.7161 -3.0680 0.0000
-3.4165 0.2682 0.0000
-2.9292 -3.2812 0.0000
-3.1123 -3.5128 0.0000
-4.1135 -4.0349 0.0000
2.9247 0.8860 0.0000
2.7272 0.6790 0.0000
3.2194 0.9953 0.0000
-0.3861 -0.2024 0.4596
1.5583 -3.3030 0.0000
3.2055 -3.2802 0.0000
2.6304 -3.2181 0.0000
2.8886 -3.3120 0.0000
2.7811 -3.6060 0.0000
4.7602 -1.7196 0.0000
4.3743 -2.1162 0.0000
-0.0654 4.4981 0.0000
4.2042 1.8432 0.0000
4.2155 1.6096 0.0000
3.9289 1.6766 0.0000
3.7800 1.3852 0.0000
-4.2732 2.6189 0.0000
-4.2840 2.9071 0.0000
-4.5248 2.7693 0.0000
-4.7641 2.6363 0.0000
-1.7497 3.7852 0.0000
2.3768 -0.7977 0.0000
2.0524 -2.0295 0.0000
-0.4880 3.2364 0.0000
4.3470 3.5985 0.0000
4.5439 3.4700 0.0000
4.4383 3.2646 0.0000
4.1802 3.3843 0.0000
0.0158 -4.4966 0.0000
-1.3686 2.6916 0.0000
0.3472 -0.5323 0.3113
0.2659 -0.5397 0.3419
0.2056 -0.5949 0.3207
0.3954 -0.6212 0.2356
0.2966 -0.6365 0.2645
0.2000 -0.6823 0.2591
0.3303 -0.2575 0.4859
0.2944 -0.4356 0.4023
0.2637 -0.3292 0.4896
0.2139 -0.4779 0.4072
0.1515 -0.5287 0.3851
0.1720 -0.2918 0.5587
0.0939 -0.3590 0.5341
0.1910 -0.3925 0.4804
0.1122 -0.4485 0.4588
0.0140 -0.4454 0.4705
0.0593 -0.5312 0.3960
0.0072 -0.5918 0.3460
0.1128 -0.6173 0.3207
0.0323 -0.6622 0.2901
0.1108 -0.7160 0.2475
0.0189 -0.7516 0.2252
-1.2433 4.6057 0.0000
-2.6945 -2.4961 0.0000
-2.8957 -2.7310 0.0000
-0.4630 2.3988 0.0000
-0.0738 -0.6159 0.3194
-0.0546 -0.6941 0.2614
-0.0746 -0.7900 0.1944
-0.1044 -0.8766 0.1428
-0.1420 -0.7183 0.2322
-0.1717 -0.8100 0.1702
-0.2069 -0.9042 0.1183
-0.2820 -0.9766 0.0816
-0.2639 -0.8305 0.1438
-0.3215 -0.8851 0.1093
-2.4200 -2.6711 0.0000
4.2897 -3.3157 0.0000
-4.5263 -2.8355 0.0000
-4.7651 -2.9762 0.0000
-4.7310 -0.4516 0.0000
4.7400 -2.9747 0.0000
4.5229 -3.1643 0.0000
2.0465 1.8301 0.0000
-0.3906 -2.9377 0.0000
-4.0090 3.6084 0.0000
-4.2416 3.4517 0.0000
-4.2760 3.1904 0.0000
-4.5254 3.0617 0.0000
-4.7660 2.9398 0.0000
-0.7359 0.2427 0.1577
-0.7984 0.2004 0.1231
-0.8790 0.1992 0.0808
-0.7694 0.1279 0.1485
-0.9454 0.1025 0.0587
-0.7611 0.0273 0.1600
-0.8202 -0.0320 0.1219
-0.8358 0.0745 0.1105
-0.9002 -0.0133 0.0798
-1.1036 -0.0492 0.0207
-1.1028 -0.3158 0.0189
4.5351 0.2559 0.0000
0.6611 -3.3783 0.0000
0.3924 -3.4488 0.0000
-1.0805 4.7782 0.0000
-0.7207 2.5632 0.0000
-0.6652 1.2868 0.0088
-1.2518 0.9770 0.0005
2.6175 -2.5624 0.0000
2.7796 -2.7660 0.0000
2.5566 -2.9026 0.0000
3.0363 -1.9084 0.0000
2.6576 -2.2695 0.0000
4.0486 -3.4599 0.0000
-0.7301 -4.4811 0.0000
-1.7676 0.4689 0.0000
-3.6211 -0.4492 0.0000
2.3574 2.7266 0.0000
0.4398 1.3492 0.0105
-0.0679 3.7088 0.0000
-3.8150 -1.4407 0.0000
-4.0466 -1.5271 0.0000
-1.2061 -4.1533 0.0000
2.5009 1.2321 0.0000
2.3336 0.9963 0.0000
2.4357 0.7272 0.0000
2.1453 0.7597 0.0000
-2.3702 -4.7311 0.0000
2.9910 -0.6185 0.0000
2.9020 -0.8756 0.0000
2.6733 -0.7329 0.0000
2.6234 -0.9910 0.0000
2.3821 -1.1097 0.0000
4.1504 -1.0799 0.0000
4.0191 -1.3449 0.0000
0.3865 -1.3818 0.0128
0.1842 -1.5426 0.0067
0.3189 -1.1737 0.0398
0.1152 -1.2763 0.0285
-0.0451 -1.4531 0.0108
-0.0688 -1.7077 0.0023
-0.0105 -1.9741 0.0004
-0.0727 0.3468 0.5485
-0.1599 0.2998 0.5595
-0.2313 0.2288 0.5672
-0.2476 0.1458 0.5922
-0.2451 0.0586 0.6143
-0.3271 0.0522 0.5521
-0.3245 -0.0361 0.5546
-0.2497 -0.1065 0.5989
-0.4203 -0.0259 0.4688
-0.3698 -0.1171 0.5011
-0.4585 -0.1086 0.4216
-0.4655 -0.1918 0.3939
-0.4629 -0.2780 0.3644
1.7296 -3.5322 0.0000
0.2548 4.1230 0.0000
0.0471 3.9231 0.0000
-2.9193 -4.3964 0.0000
-3.1789 -4.5102 0.0000
3.3989 -4.4687 0.0000
-0.9628 4.4951 0.0000
1.1852 1.1816 0.0011
-2.8653 4.1955 0.0000
-2.9426 3.9585 0.0000
-3.1498 4.0475 0.0000
0.2391 1.8972 0.0005
-0.6504 3.4487 0.0000
-2.1048 -3.3721 0.0000
-2.3482 -3.4785 0.0000
4.7742 4.7813 0.0000
1.9710 -4.2637 0.0000
-4.2770 4.0591 0.0000
-4.4597 3.8729 0.0000
4.4960 -4.3756 0.0000
1.2393 2.7634 0.0000
1.0645 2.5348 0.0000
-4.7148 3.7832 0.0000
-0.7190 -0.1579 0.1838
-0.8131 -0.1208 0.1238
-0.9291 -0.1255 0.0667
-0.8057 -0.2097 0.1219
-0.9213 -0.2505 0.0650
-0.8082 -0.3066 0.1100
-0.9067 -0.4107 0.0586
-4.4871 0.5392 0.0000
-4.7519 0.4842 0.0000
-4.4931 -2.5317 0.0000
-4.7551 -2.3653 0.0000
0.7671 3.0848 0.0000
0.5746 -3.6650 0.0000
0.4774 -3.9409 0.0000
0.2806 -2.6523 0.0000
2.6749 4.7763 0.0000
-0.7558 3.1787 0.0000
-0.9849 3.0211 0.0000
0.9657 3.8549 0.0000
0.8279 3.6496 0.0000
1.3214 -3.8440 0.0000
1.0153 -3.8709 0.0000
1.1713 -4.0929 0.0000
-0.5340 -0.0497 0.3565
-0.6296 -0.0921 0.2634
-0.6343 -0.1951 0.2447
-0.5496 -0.1441 0.3288
-0.5483 -0.2391 0.3065
-0.6240 -0.2924 0.2305
-0.7189 -0.2594 0.1697
-0.6952 -0.3494 0.1672
-0.7682 -0.3722 0.1210
-1.8891 2.7130 0.0000
-2.1865 2.7544 0.0000
-1.5640 2.5265 0.0000
-1.7835 2.4516 0.0000
-2.0752 2.4926 0.0000
-2.2401 2.2638 0.0000
4.1111 2.8629 0.0000
4.0954 2.5831 0.0000
3.8738 2.6211 0.0000
-4.0032 -4.3601 0.0000
-3.8833 -4.7611 0.0000
-4.0454 -4.5901 0.0000
-4.2173 -4.7818 0.0000
0.7745 -1.1267 0.0113
0.5527 -1.1893 0.0217
0.6160 -0.9568 0.0467
-4.4179 4.3338 0.0000
-4.5507 4.1066 0.0000
-4.7748 3.9895 0.0000
1.0293 3.4979 0.0000
0.8850 3.3067 0.0000
-3.9999 -1.2246 0.0000
0.6477 -0.3832 0.1880
0.5871 -0.4575 0.2047
1.3570 -4.3061 0.0000
1.0535 -4.3414 0.0000
0.7708 -4.4272 0.0000
0.9688 -4.6030 0.0000
0.7642 -4.7470 0.0000
0.4855 -4.7667 0.0000
0.8539 -2.6197 0.0000
-4.7611 2.3319 0.0000
0.7446 -0.4205 0.1195
0.8389 -0.4776 0.0674
0.7323 -0.5481 0.0986
2.7664 -4.4880 0.0000
2.4795 -4.5042 0.0000
3.8986 0.0892 0.0000
-2.4428 -4.4225 0.0000
-2.6863 -4.5288 0.0000
-2.6505 -4.7679 0.0000
-2.9568 -4.7181 0.0000
4.7634 -1.4172 0.0000
4.5073 -1.5833 0.0000
-2.1816 -4.5340 0.0000
-2.0362 -4.7575 0.0000
-0.2347 -4.5002 0.0000
1.7956 4.4902 0.0000
1.5418 4.3239 0.0000
1.7994 -0.3011 0.0000
1.5583 -0.4413 0.0001
2.3332 4.7696 0.0000
1.6398 -3.8128 0.0000
2.8432 3.6263 0.0000
2.6088 3.4545 0.0000
1.8529 0.7926 0.0000
1.9588 0.5259 0.0000
3.9993 0.8632 0.0000
3.8970 0.5911 0.0000
4.5315 -2.7932 0.0000
-2.7529 -0.4653 0.0000
-3.0251 -0.4512 0.0000
0.7984 -0.2623 0.1158
0.8291 -0.3627 0.0869
0.7272 -0.3331 0.1472
0.6830 -0.4663 0.1431
3.1734 0.7419 0.0000
3.1743 0.3340 0.0000
0.4845 1.8784 0.0003
-1.0757 -1.7331 0.0001
-4.7405 -0.7511 0.0000
-4.7452 -1.0435 0.0000
-2.4459 -3.2432 0.0000
-2.6667 -3.3573 0.0000
-0.2417 2.9938 0.0000
-0.4618 2.6993 0.0000
-3.7769 -3.1431 0.0000
2.8750 2.7165 0.0000
2.8018 2.4595 0.0000
3.2061 2.0181 0.0000
3.0146 2.2243 0.0000
2.3180 3.8915 0.0000
2.0342 4.0176 0.0000
2.0952 3.7401 0.0000
1.8796 3.6704 0.0000
-2.3740 2.5279 0.0000
-2.5263 2.2790 0.0000
1.5031 1.8879 0.0000
2.0107 -4.7494 0.0000
0.5870 0.2399 0.2737
0.5991 0.5855 0.1484
0.5500 0.4957 0.2081
0.5918 0.4077 0.2169
0.5440 0.3234 0.2817
0.5397 0.1562 0.3353
0.6761 0.2367 0.2040
0.6442 0.1497 0.2438
-0.7488 4.0192 0.0000
1.7105 -4.7612 0.0000
-1.8167 -0.7934 0.0000
-2.0930 -0.8441 0.0000
-4.2740 -1.6518 0.0000
-1.1652 -2.0267 0.0000
-1.3598 -1.7995 0.0000
-1.4670 -2.0666 0.0000
-1.5671 -2.3245 0.0000
-2.4793 -1.6563 0.0000
-0.2183 4.7484 0.0000
0.8264 0.3181 0.0997
0.7504 0.2796 0.1462
0.9461 0.2935 0.0542
0.8227 0.2143 0.1120
0.7414 0.1756 0.1657
1.7902 4.1918 0.0000
1.7703 3.9117 0.0000
1.5203 4.0445 0.0000
1.4362 3.7924 0.0000
-3.5719 0.0480 0.0000
-3.7319 -0.1756 0.0000
-2.6022 -0.7559 0.0000
-2.7033 -0.9679 0.0000
-3.1153 -1.1932 0.0000
4.7521 4.2196 0.0000
4.4963 4.0785 0.0000
-0.4186 -4.0294 0.0000
-0.7135 -4.1992 0.0000
3.0093 0.5599 0.0000
2.8150 0.4116 0.0000
-1.8951 -3.8338 0.0000
3.0674 -4.0285 0.0000
2.9009 -4.2385 0.0000
-2.8122 0.9729 0.0000
-2.9946 0.7426 0.0000
2.7089 1.4442 0.0000
0.0421 2.8911 0.0000
-0.2039 2.7501 0.0000
-3.4547 -4.4913 0.0000
-3.6984 -3.4069 0.0000
-3.2842 -4.7564 0.0000
-3.5891 -4.7472 0.0000
-4.5145 -4.3734 0.0000
-4.2907 -4.5128 0.0000
-4.5090 -4.7114 0.0000
-3.2822 0.8191 0.0000
-3.5323 0.7260 0.0000
-3.4256 0.5204 0.0000
-3.6555 0.3979 0.0000
3.7177 -4.4948 0.0000
3.5481 -4.7377 0.0000
-2.1696 0.0963 0.0000
2.9895 -4.7614 0.0000
0.6779 -0.6444 0.0988
0.5765 -0.6971 0.1240
0.6337 -0.5424 0.1484
0.5905 -0.6145 0.1462
0.5357 -0.5365 0.2053
0.4984 -0.6268 0.1854
0.5178 -0.7510 0.1267
0.4557 -0.6997 0.1707
0.3645 -0.7148 0.1956
-2.6665 4.7339 0.0000
-3.4431 -0.6960 0.0000
-3.2813 -0.9440 0.0000
-3.4146 -1.1858 0.0000
-1.7853 -2.0916 0.0000
-1.8441 -2.3697 0.0000
-1.9583 -2.6015 0.0000
-2.0740 -2.2659 0.0000
-2.1834 -2.5001 0.0000
0.7349 -3.9063 0.0000
0.8565 -4.1399 0.0000
0.5704 -4.2185 0.0000
4.2549 -1.6071 0.0000
4.0051 -1.5938 0.0000
3.9913 -1.8421 0.0000
1.2636 4.5078 0.0000
-2.5770 -3.6032 0.0000
-2.8397 -3.5820 0.0000
-2.9887 -3.8001 0.0000
-1.8422 -4.5841 0.0000
-1.5959 -0.0388 0.0001
2.7397 -1.4957 0.0000
-0.2023 -2.7528 0.0000
-2.4853 4.5331 0.0000
-2.6430 4.3624 0.0000
2.7560 -4.7289 0.0000
1.2283 3.9773 0.0000
1.1686 3.6924 0.0000
1.5129 4.5724 0.0000
2.3543 3.2690 0.0000
2.1294 3.4648 0.0000
1.8693 3.4262 0.0000
3.1220 4.5183 0.0000
-0.9944 -4.5856 0.0000
-1.1121 -4.7778 0.0000
-3.0981 -1.6965 0.0000
-3.2495 -1.4407 0.0000
-3.4080 -1.6805 0.0000
-3.2966 -1.9333 0.0000
-2.0933 0.8306 0.0000
2.0543 2.3580 0.0000
0.0145 -2.2416 0.0001
-0.2330 -2.2514 0.0000
-0.2300 -2.5033 0.0000
4.7600 -3.6099 0.0000
4.5060 -3.7732 0.0000
4.7515 -3.9166 0.0000
4.7526 -4.2180 0.0000
-2.8563 -0.6990 0.0000
-2.9795 -0.9432 0.0000
2.5713 1.9891 0.0000
2.3186 1.8165 0.0000
-3.7606 3.4976 0.0000
-0.5656 -3.6877 0.0000
-0.7878 -3.5724 0.0000
-3.5879 2.8658 0.0000
-4.4929 1.5773 0.0000
-4.4755 1.2847 0.0000
0.6129 -0.2025 0.2609
0.6202 -0.2937 0.2331
0.5311 -0.1869 0.3380
0.4501 -0.1231 0.4287
0.3612 -0.1670 0.4978
0.4425 -0.2102 0.4125
0.4132 -0.2835 0.4090
0.5191 -0.2777 0.3220
0.4553 -0.3627 0.3392
0.3547 -0.3575 0.4152
0.3947 -0.4459 0.3376
0.5515 -0.3682 0.2630
0.4913 -0.4500 0.2719
0.4422 -0.5364 0.2589
-3.9233 -0.9346 0.0000
-3.5950 3.9746 0.0000
-3.8147 3.7976 0.0000
-3.3958 -3.9906 0.0000
-3.6203 -3.9634 0.0000
-2.5664 1.3854 0.0000
-4.4853 3.6065 0.0000
-4.5132 3.3435 0.0000
-3.1459 -0.1985 0.0000
-3.3127 -0.4492 0.0000
0.5233 -2.2358 0.0000
2.0312 -3.4790 0.0000
-4.0355 2.7760 0.0000
0.6705 -0.7667 0.0724
0.5609 -0.8162 0.0917
-4.1109 -0.2060 0.0000
1.4288 4.7888 0.0000
1.1869 4.7472 0.0000
-0.0126 1.7802 0.0016
2.2952 2.4468 0.0000
2.2689 2.1129 0.0000
-0.4843 -4.2725 0.0000
-0.4837 -4.5109 0.0000
-4.5185 2.4751 0.0000
-0.6993 2.2654 0.0000
2.1272 1.5624 0.0000
3.7672 -2.6117 0.0000
1.4866 -1.8003 0.0000
1.2631 -2.0010 0.0000
1.4458 -3.5854 0.0000
0.7254 1.4778 0.0022
1.6350 3.6795 0.0000
1.3669 3.5229 0.0000
1.1595 2.2509 0.0000
1.2674 2.0086 0.0000
1.8496 2.5681 0.0000
1.6033 2.4791 0.0000
-4.0650 -2.9313 0.0000
-4.2989 -3.0116 0.0000
-4.5301 -3.1423 0.0000
1.4087 1.3772 0.0001
1.4718 1.1035 0.0001
1.2773 0.8913 0.0015
-3.0006 3.3996 0.0000
4.2166 4.7796 0.0000
2.1564 -4.0866 0.0000
-3.3954 4.4686 0.0000
1.1464 -3.6147 0.0000
0.8505 -3.6301 0.0000
0.6508 1.2398 0.0108
-3.9735 1.1555 0.0000
4.0142 -0.5985 0.0000
3.9656 -0.8643 0.0000
-3.7305 -0.6967 0.0000
3.2256 -1.5789 0.0000
2.9810 -1.6651 0.0000
2.7524 -1.7851 0.0000
-0.1367 -3.9711 0.0000
-0.2532 4.2649 0.0000
-0.5012 4.2382 0.0000
3.7540 -1.5751 0.0000
4.7654 0.1402 0.0000
2.9682 4.7528 0.0000
3.4877 -2.5561 0.0000
3.3105 -2.7524 0.0000
3.2579 -2.9670 0.0000
3.5805 -2.8501 0.0000
3.4267 -3.0925 0.0000
3.0449 -3.0397 0.0000
4.0308 2.3010 0.0000
3.7906 2.3953 0.0000
3.5167 2.1863 0.0000
3.9771 1.9997 0.0000
3.7521 2.1493 0.0000
3.7055 1.8838 0.0000
3.4560 1.9595 0.0000
0.2916 -4.4089 0.0000
3.7395 -0.7092 0.0000
3.6494 -0.9670 0.0000
3.5556 -1.2348 0.0000
-3.8240 -2.8700 0.0000
-2.0404 0.5797 0.0000
-2.2702 0.3888 0.0000
-2.4646 0.1889 0.0000
-0.9400 -4.0551 0.0000
-0.9822 -4.3250 0.0000
2.4066 -2.7219 0.0000
2.2041 -2.9061 0.0000
2.4066 -3.0922 0.0000
2.1352 -3.2183 0.0000
-4.7581 2.0256 0.0000
1.3592 -1.1843 0.0001
1.1758 -1.3831 0.0001
-2.3648 4.2489 0.0000
3.3599 3.7565 0.0000
3.1050 3.7775 0.0000
1.0678 -1.0719 0.0020
4.3933 -1.0919 0.0000
-0.5084 2.0781 0.0001
4.3260 -2.6514 0.0000
1.8484 -4.5151 0.0000
-1.2643 -3.3564 0.0000
1.3874 -3.0938 0.0000
1.0978 -3.1303 0.0000
0.9666 -3.3776 0.0000
-4.2602 -1.3463 0.0000
-4.5117 -1.4817 0.0000
2.1512 -2.6033 0.0000
1.9245 -2.7722 0.0000
1.9466 -3.0226 0.0000
1.6735 -2.9992 0.0000
-2.7443 2.3783 0.0000
-3.0358 2.3754 0.0000
-3.2107 2.2086 0.0000
1.1101 1.8107 0.0000
0.9641 1.6295 0.0003
-0.2582 1.9259 0.0005
-0.5102 1.7637 0.0009
-4.7386 -3.9091 0.0000
3.4296 4.5096 0.0000
3.2738 4.2697 0.0000
-1.6704 -2.5939 0.0000
3.6269 1.6277 0.0000
3.5155 1.3768 0.0000
-1.5039 4.2222 0.0000
-1.7661 4.0907 0.0000
4.2369 4.2063 0.0000
4.0121 4.0258 0.0000
-1.5185 0.5989 0.0001
-4.5326 0.0092 0.0000
-4.7479 -0.1596 0.0000
3.7331 0.8621 0.0000
3.4553 0.8260 0.0000
3.7154 -3.9919 0.0000
3.5691 -4.2362 0.0000
2.2267 1.2769 0.0000
1.8360 -3.2659 0.0000
-0.4999 0.7292 0.1417
-0.3156 0.7469 0.1928
-0.3591 0.6632 0.2267
-0.4484 0.6511 0.1971
-0.5455 0.6462 0.1557
-0.6408 0.6149 0.1229
-0.7687 0.6761 0.0607
-0.3972 0.5697 0.2645
-0.4840 0.5612 0.2235
-0.5700 0.5463 0.1821
-0.6596 0.5230 0.1405
2.0832 2.6826 0.0000
-1.0129 3.3232 0.0000
-1.2022 2.8732 0.0000
3.2740 -0.2313 0.0000
3.2393 -0.5101 0.0000
-1.3340 -0.1844 0.0027
-1.3317 -0.4928 0.0022
-0.2226 -4.2526 0.0000
1.7853 0.2968 0.0000
1.4897 0.3605 0.0005
1.5864 0.1098 0.0001
-2.8775 2.1640 0.0000
-3.0438 2.0006 0.0000
-3.1638 1.7334 0.0000
-1.9480 2.2290 0.0000
-2.1066 2.0032 0.0000
-2.3946 2.0207 0.0000
-2.5484 1.7757 0.0000
1.0131 0.9733 0.0075
0.8486 0.8045 0.0315
0.8646 1.1331 0.0082
0.4273 0.8302 0.1110
0.3721 0.7790 0.1459
0.6913 0.9840 0.0308
0.5788 0.7537 0.0994
0.6657 0.7960 0.0666
0.5322 0.8847 0.0722
0.5024 0.7704 0.1149
0.4308 0.7198 0.1571
-4.2805 -0.0197 0.0000
4.0631 0.3196 0.0000
4.0237 4.6137 0.0000
3.8682 4.7731 0.0000
-3.4036 -4.2388 0.0000
4.5242 -0.3355 0.0000
-2.4269 -2.9575 0.0000
-3.3056 4.7551 0.0000
-1.4008 -3.1066 0.0000
1.3091 -0.3080 0.0022
1.0417 -0.4627 0.0186
1.2843 -0.5896 0.0015
3.6404 2.6927 0.0000
3.5490 2.4551 0.0000
3.4982 -3.3578 0.0000
3.0630 -3.5278 0.0000
3.3162 -3.5714 0.0000
3.2594 -3.8108 0.0000
-0.5016 -2.3899 0.0000
-0.4834 -2.6587 0.0000
-0.6784 -2.8464 0.0000
-0.7805 -2.5384 0.0000
-0.9576 -2.8099 0.0000
-1.2459 -2.8256 0.0000
3.8764 3.8110 0.0000
3.6193 3.6864 0.0000
4.5139 -0.6308 0.0000
0.5536 -2.5572 0.0000
3.8423 2.8940 0.0000
-1.9429 -4.1141 0.0000
-1.9060 -0.0077 0.0000
-1.4587 2.9858 0.0000
3.3682 -4.0852 0.0000
3.2044 -4.2798 0.0000
2.8830 1.9534 0.0000
2.8573 1.6869 0.0000
2.6035 1.7279 0.0000
-4.2458 -4.2424 0.0000
4.5026 4.7067 0.0000
4.5026 4.3737 0.0000
-0.6529 4.5189 0.0000
-0.9534 2.3930 0.0000
-1.1676 2.1931 0.0000
-1.4018 2.0542 0.0000
2.9981 4.2731 0.0000
3.1013 4.0334 0.0000
2.8399 3.9280 0.0000
2.5911 3.7585 0.0000
0.8105 -3.1263 0.0000
-1.8162 -0.2772 0.0000
-3.1809 2.6102 0.0000
4.1076 -3.7391 0.0000
4.0010 -3.9941 0.0000
-4.4478 -0.2818 0.0000
2.4121 1.5159 0.0000
3.6171 0.5867 0.0000
3.3360 0.5552 0.0000
-0.5814 0.0237 0.3123
-0.6563 -0.0052 0.2439
-0.7281 -0.0638 0.1838
3.2877 2.3020 0.0000
-4.7638 3.2389 0.0000
0.2940 -3.7310 0.0000
0.1405 -3.9368 0.0000
-1.5369 0.8886 0.0000
-1.7878 0.7526 0.0000
3.4495 3.2059 0.0000
3.1779 3.2661 0.0000
3.0038 3.0525 0.0000
-2.6084 4.0960 0.0000
-2.7385 3.8548 0.0000
-2.8528 3.6184 0.0000
-3.0683 3.7375 0.0000
-0.5748 -1.0836 0.0286
-0.7872 -1.2102 0.0078
-3.5044 3.3865 0.0000
-3.4968 3.0940 0.0000
-3.2924 -2.4426 0.0000
-3.4626 -2.6862 0.0000
-1.4230 4.7801 0.0000
-3.4909 -3.1909 0.0000
1.8398 -0.8687 0.0000
2.2805 4.1836 0.0000
3.2516 1.2604 0.0000
2.9917 1.1610 0.0000
3.4036 1.7331 0.0000
3.2850 1.5194 0.0000
3.1258 1.7539 0.0000
3.0026 1.4416 0.0000
-0.0485 -0.5226 0.4003
-0.1416 -0.5463 0.3630
-0.1550 -0.6380 0.2874
-0.2333 -0.6416 0.2647
-0.2326 -0.7333 0.2042
-0.3260 -0.7672 0.1625
-0.3858 -0.8319 0.1187
-0.4282 -0.9492 0.0711
-0.0856 -0.4480 0.4581
-0.1689 -0.4651 0.4216
-0.2277 -0.5546 0.3304
-0.3151 -0.5816 0.2779
-0.3161 -0.6802 0.2142
-0.3960 -0.6492 0.2045
-0.4119 -0.7386 0.1534
-0.4823 -0.7018 0.1478
-0.5375 -0.7340 0.1175
-0.5881 -0.7832 0.0878
-0.4793 -0.8136 0.1047
-0.5836 -0.8969 0.0600
-2.2803 3.7031 0.0000
-2.3946 3.3822 0.0000
-2.5631 3.6177 0.0000
-2.7090 3.3615 0.0000
-2.7692 3.1060 0.0000
1.3217 1.6894 0.0000
1.1840 1.4851 0.0002
0.9544 1.3378 0.0019
2.8357 -2.0459 0.0000
2.5534 -1.9713 0.0000
2.3443 -2.1486 0.0000
2.3823 -2.4229 0.0000
-2.8550 4.5023 0.0000
4.2565 -0.7971 0.0000
4.7467 -4.5111 0.0000
2.9954 -3.7743 0.0000
2.7489 -3.9411 0.0000
2.6162 -4.2272 0.0000
2.3274 -4.2708 0.0000
2.1547 -4.4790 0.0000
-0.2542 1.6374 0.0036
-0.4671 1.4698 0.0065
-3.0032 3.1254 0.0000
-3.2541 3.2599 0.0000
-3.2612 2.9709 0.0000
0.9763 -1.8809 0.0000
0.7496 -2.0507 0.0000
1.4822 2.2051 0.0000
-1.5470 -0.3393 0.0002
-1.7001 -0.5429 0.0000
-2.0049 -0.5259 0.0000
4.5268 -1.2956 0.0000
0.3082 2.4585 0.0000
-4.2427 0.9701 0.0000
-4.2821 0.7370 0.0000
-1.0689 1.1443 0.0014
-0.0238 -3.7140 0.0000
-0.2368 -3.5809 0.0000
-0.3419 -3.7890 0.0000
-2.5071 3.1291 0.0000
-2.7500 2.8685 0.0000
-2.4764 2.8390 0.0000
-2.6207 2.6040 0.0000
-2.8961 2.6179 0.0000
-1.7606 -1.3023 0.0000
-2.0548 -1.3565 0.0000
-1.9267 -1.0756 0.0000
-2.6657 -2.8042 0.0000
-4.5140 2.1797 0.0000
-1.6569 2.1871 0.0000
-1.5926 1.8480 0.0000
-1.8243 1.9599 0.0000
-1.9642 1.7334 0.0000
-1.7480 1.6133 0.0000
-2.0988 1.4965 0.0000
-2.2463 1.7712 0.0000
-2.3844 1.5537 0.0000
-2.2976 1.2826 0.0000
4.2044 -4.2280 0.0000
3.8732 -4.2398 0.0000
4.0090 -4.4764 0.0000
2.5473 -4.7617 0.0000
1.2680 -3.3582 0.0000
-2.8271 -1.9787 0.0000
-3.0368 -1.9445 0.0000
-3.1305 -2.1934 0.0000
-3.4258 -2.1798 0.0000
-3.5808 -2.4162 0.0000
-3.9992 0.9168 0.0000
-0.0155 0.7218 0.2468
-0.0922 0.8336 0.1744
-0.1149 0.7475 0.2265
-0.0801 0.6592 0.2922
-0.2190 0.7459 0.2146
-0.1733 0.6634 0.2781
-0.2646 0.6613 0.2587
-0.3134 0.5832 0.2939
-0.2172 0.5687 0.3380
-0.2996 0.5003 0.3562
-0.3810 0.4889 0.3209
-0.2153 1.3630 0.0177
-0.4054 1.2182 0.0281
-0.1794 1.1393 0.0528
-0.5196 -1.3254 0.0099
-0.7587 -1.4645 0.0021
0.0496 -0.9949 0.0978
-0.3554 -1.1493 0.0343
-1.3593 -3.6329 0.0000
-1.6232 -3.7168 0.0000
-3.5809 -1.9257 0.0000
-3.7170 -2.1942 0.0000
1.6094 3.4314 0.0000
3.0584 -4.5098 0.0000
1.1465 -2.6456 0.0000
1.2095 -2.8773 0.0000
0.9476 -2.8801 0.0000
-2.3462 4.7641 0.0000
3.8593 -1.0993 0.0000
3.7651 -1.3386 0.0000
2.3527 -3.3541 0.0000
2.5757 -3.4523 0.0000
2.5042 -3.7182 0.0000
2.2629 -3.5655 0.0000
2.4408 -3.9955 0.0000
0.4942 0.4104 0.2811
0.4428 0.3282 0.3577
0.4858 0.2374 0.3608
0.3872 0.2391 0.4435
0.5066 0.0633 0.3817
0.5953 0.0795 0.2954
0.4797 -0.0280 0.4112
0.4400 0.1418 0.4312
0.4151 0.0432 0.4720
0.3876 -0.0601 0.4973
0.2931 -0.0980 0.5718
0.2605 -0.1945 0.5641
0.3508 0.1565 0.5058
0.3402 0.0777 0.5352
0.2571 0.0731 0.6013
0.3246 -0.0045 0.5560
0.2410 -0.0150 0.6199
0.1925 -0.1002 0.6380
0.1734 -0.1954 0.6128
-3.5803 -2.9205 0.0000
4.2487 -2.3688 0.0000
4.0465 -2.6137 0.0000
4.2599 3.0859 0.0000
3.9923 3.1511 0.0000
-4.7631 -3.5939 0.0000
-3.6550 -4.2298 0.0000
2.5718 2.5243 0.0000
2.5063 2.2682 0.0000
-3.2386 1.4516 0.0000
-3.3103 1.1652 0.0000
-2.5572 0.4733 0.0000
-2.7593 0.2696 0.0000
-2.9681 0.0683 0.0000
3.6221 0.0868 0.0000
3.5352 -0.1662 0.0000
3.5138 -0.4348 0.0000
4.7774 -4.7817 0.0000
4.5100 -4.7079 0.0000
4.2315 -4.7696 0.0000
-3.9022 -0.3855 0.0000
-3.9731 -0.6389 0.0000
-4.2161 -0.7671 0.0000
-4.5198 -3.4343 0.0000
4.5152 2.2129 0.0000
4.2545 2.1151 0.0000
-4.7512 -4.2094 0.0000
-4.0678 -3.7411 0.0000
0.9932 4.7089 0.0000
1.0009 4.4458 0.0000
1.7515 3.1564 0.0000
-3.7754 0.1725 0.0000
-3.9264 -0.0363 0.0000
-2.1516 -2.8227 0.0000
2.5060 -1.6563 0.0000
2.2282 -1.5971 0.0000
0.6092 3.7640 0.0000
0.4469 3.5456 0.0000
0.4791 -0.8760 0.0946
-2.0012 0.2992 0.0000
4.5377 -3.4578 0.0000
4.3087 -3.5996 0.0000
4.0280 -0.3134 0.0000
3.7619 -0.4405 0.0000
-1.5152 -0.7414 0.0002
-4.1826 -1.8932 0.0000
-4.4538 -1.9793 0.0000
-4.7300 -2.0633 0.0000
-4.7010 4.5108 0.0000
-4.7541 4.2598 0.0000
-4.5347 0.2833 0.0000
-4.7730 0.1577 0.0000
0.8841 -0.1577 0.0812
0.9209 -0.2874 0.0573
-0.9872 -2.2805 0.0000
-1.2746 -2.3018 0.0000
-1.0936 -2.5531 0.0000
-1.3876 -2.5702 0.0000
-0.3308 -1.7753 0.0010
-0.2475 -1.9948 0.0003
0.9813 2.8369 0.0000
-3.7404 3.2037 0.0000
-3.9901 3.3154 0.0000
-4.0454 3.0655 0.0000
1.9598 -3.9512 0.0000
-1.1095 0.2447 0.0159
-1.3323 0.1010 0.0023
-1.7256 3.0224 0.0000
-1.6515 2.7717 0.0000
-4.7661 -3.2867 0.0000
1.3437 0.5943 0.0017
1.1285 0.4159 0.0139
4.7217 0.4662 0.0000
4.3544 0.4118 0.0000
4.7562 -2.0241 0.0000
4.5798 -2.2016 0.0000
4.7819 -2.3516 0.0000
4.7512 -2.6511 0.0000
4.5191 -2.4646 0.0000
0.3048 2.7679 0.0000
1.9038 -1.1238 0.0000
1.6335 -1.1576 0.0000
-3.0298 2.8553 0.0000
1.7857 2.2855 0.0000
2.9850 -0.3058 0.0000
2.7822 -0.5040 0.0000
2.5014 -0.5168 0.0000
-3.1578 -4.0024 0.0000
-3.1621 -4.2539 0.0000
0.4097 -2.8655 0.0000
0.1979 -2.9877 0.0000
-4.7399 1.0904 0.0000
3.8899 3.4864 0.0000
3.6107 3.4190 0.0000
-1.5090 0.2936 0.0002
3.7392 4.4892 0.0000
3.5523 4.2473 0.0000
-1.4131 -3.9330 0.0000
-1.6724 -4.0171 0.0000
-1.2435 4.3496 0.0000
-1.0018 4.1906 0.0000
-1.2595 4.0712 0.0000
-1.2732 3.8005 0.0000
-0.8145 -1.7108 0.0003
-0.8732 -1.9893 0.0000
-1.5198 4.5127 0.0000
-1.7473 4.3696 0.0000
-0.3771 -0.2963 0.4236
-0.4472 -0.3700 0.3335
-0.5249 -0.4368 0.2485
-0.3353 -0.4893 0.3311
-0.4259 -0.4596 0.2989
-0.4087 -0.5564 0.2520
-0.4954 -0.5210 0.2265
-0.5624 -0.5689 0.1712
-0.5369 -0.3371 0.2818
-0.6107 -0.3928 0.2096
-0.6078 -0.4925 0.1770
-0.6908 -0.4420 0.1472
-0.7071 -0.5273 0.1176
-0.4898 -0.6225 0.1806
-0.5896 -0.6646 0.1245
-0.6454 -0.5908 0.1266
-0.7222 -0.6381 0.0859
-0.8236 -0.5526 0.0687
-0.6837 -0.7498 0.0722
-2.1400 3.2311 0.0000
-2.2710 3.0238 0.0000
-1.4620 3.6496 0.0000
-1.6567 3.5225 0.0000
-1.8831 3.4899 0.0000
3.3585 3.4989 0.0000
3.0988 3.5236 0.0000
1.9986 2.0737 0.0000
-1.7604 0.1944 0.0000
0.9533 2.0132 0.0000
1.8078 -1.3758 0.0000
1.7104 -1.6312 0.0000
4.4992 -4.0861 0.0000
4.2790 -3.9342 0.0000
4.2516 3.9051 0.0000
4.1030 3.6860 0.0000
-0.5636 3.7109 0.0000
-0.0003 -0.8386 0.1704
-0.0261 -0.9137 0.1302
-0.0485 -0.9833 0.0992
-0.0219 -1.1025 0.0616
-0.1337 -0.9628 0.1016
-0.1780 -1.0619 0.0651
0.9082 0.1291 0.0751
0.8386 0.0244 0.1110
0.9461 -0.0210 0.0604
0.8483 -0.0712 0.1036
0.7903 -0.1756 0.1305
0.5859 0.6718 0.1237
0.5033 0.5817 0.1940
0.4576 0.4991 0.2591
0.3941 0.4275 0.3377
0.3498 0.3305 0.4249
0.5069 0.6718 0.1524
0.4182 0.6256 0.2095
0.3936 0.5428 0.2682
0.3173 0.5021 0.3323
0.2992 0.4136 0.4033
0.2849 0.2480 0.5163
0.1862 0.2871 0.5500
0.2682 0.1574 0.5694
0.3409 0.6917 0.2005
0.3177 0.6044 0.2626
0.2325 0.5547 0.3299
0.2228 0.4605 0.4062
0.2569 0.3418 0.4766
0.1445 0.5126 0.3914
0.1076 0.4360 0.4648
0.1829 0.3885 0.4786
0.1017 0.3382 0.5447
0.1001 0.2436 0.6106
0.0980 0.1501 0.6595
0.0133 0.1992 0.6511
0.1885 0.1935 0.6027
0.1788 0.0995 0.6436
0.0932 0.0544 0.6883
0.0123 0.1023 0.6911
0.0178 0.0034 0.7057
2.3605 -0.2630 0.0000
2.2318 -0.5183 0.0000
-3.6580 4.5425 0.0000
-3.8921 4.4089 0.0000
-4.1145 4.2421 0.0000
4.3906 -2.9771 0.0000
4.1716 -3.1147 0.0000
1.5410 -4.5313 0.0000
1.4083 -4.7727 0.0000
1.2465 -4.5506 0.0000
1.1051 -4.7943 0.0000
-1.0165 3.8955 0.0000
-0.7943 3.7641 0.0000
-0.8630 3.5360 0.0000
-1.1031 3.6169 0.0000
0.0600 2.6102 0.0000
-1.3144 3.4448 0.0000
-1.2548 3.1689 0.0000
4.1698 0.6028 0.0000
-2.6492 -1.4309 0.0000
-2.7929 -1.7025 0.0000
1.6626 0.5695 0.0000
-0.7332 1.9093 0.0001
-0.9227 1.7356 0.0001
4.7676 -3.2901 0.0000
3.2682 -4.7379 0.0000
-2.0908 -0.2072 0.0000
0.4881 4.2813 0.0000
0.5094 4.0259 0.0000
4.6980 2.8490 0.0000
4.7924 2.6186 0.0000
4.5473 2.5522 0.0000
-2.7308 0.6559 0.0000
-2.9165 0.4568 0.0000
-3.1965 0.5506 0.0000
-3.1329 0.2901 0.0000
1.2947 0.2483 0.0038
1.0908 0.1221 0.0228
-4.2108 4.7747 0.0000
-4.1541 4.5136 0.0000
-4.4309 4.5964 0.0000
-4.5205 4.7946 0.0000
-4.7701 4.7636 0.0000
-0.6822 -3.3465 0.0000
-0.9719 -3.3346 0.0000
4.7627 -0.4758 0.0000
4.5095 3.7895 0.0000
4.7486 3.6304 0.0000
0.5257 -4.5221 0.0000
0.2396 -4.7004 0.0000
0.6726 -2.8459 0.0000
1.2792 4.2543 0.0000
1.0081 4.1581 0.0000
0.7585 3.9997 0.0000
0.0723 0.7689 0.2089
0.1619 0.7232 0.2264
0.2645 0.7262 0.2018
0.2362 0.6488 0.2600
0.1511 0.6148 0.3074
0.0735 0.6715 0.2774
-0.0056 0.6180 0.3258
0.0683 0.5678 0.3609
-0.0421 0.5430 0.3882
-0.1204 0.5868 0.3451
0.0350 0.4902 0.4311
-0.0498 0.4481 0.4687
-0.1297 0.4113 0.4865
-0.1338 0.5003 0.4132
-0.2149 0.4699 0.4140
-1.0795 1.9304 0.0000
-1.2895 1.8181 0.0000
-1.4370 1.5837 0.0000
-1.1299 1.5960 0.0001
-1.2569 1.3482 0.0001
-1.5909 1.3734 0.0000
-1.4282 1.1631 0.0000
-1.7135 1.1166 0.0000
-1.9845 2.9734 0.0000
-3.3751 2.7538 0.0000
1.7478 2.7832 0.0000
1.4939 2.7152 0.0000
1.0682 3.1054 0.0000
4.5052 -0.0311 0.0000
-0.7266 1.5750 0.0012
-0.9350 1.3864 0.0011
-2.6798 2.0352 0.0000
-2.8582 1.8126 0.0000
1.9536 1.2917 0.0000
2.0463 1.0265 0.0000
-1.9701 -3.0588 0.0000
-3.2729 0.0361 0.0000
-3.4445 -0.2054 0.0000
4.2704 -4.5167 0.0000
1.3339 2.4734 0.0000
0.8749 2.2929 0.0000
1.5629 2.9661 0.0000
1.2933 2.9995 0.0000
0.0698 -3.2342 0.0000
0.6909 3.4420 0.0000
0.5182 3.2426 0.0000
0.5068 2.9542 0.0000
0.3047 -4.1291 0.0000
0.0403 -4.2231 0.0000
-2.5484 1.1119 0.0000
-2.3405 0.6695 0.0000
-2.5472 0.8327 0.0000
-2.3303 -1.8897 0.0000
-2.5825 -1.9304 0.0000
-2.4171 -2.3964 0.0000
-2.5920 -2.1890 0.0000
-2.8532 -2.2295 0.0000
-1.0125 -1.4369 0.0008
-1.2267 -1.2724 0.0005
-1.3037 -1.5328 0.0001
-1.5915 -1.5643 0.0000
-1.6327 -1.8287 0.0000
2.7757 4.1913 0.0000
2.5497 4.0403 0.0000
1.5187 -0.7127 0.0001
2.8038 4.4957 0.0000
2.5304 4.3283 0.0000
-3.8858 -4.1669 0.0000
-2.2887 -0.3756 0.0000
-2.5096 -0.5466 0.0000
3.5812 4.7502 0.0000
3.2773 4.7577 0.0000
2.2810 -1.8630 0.0000
-4.4900 -1.1822 0.0000
-4.7473 -1.3194 0.0000
2.7947 -3.0244 0.0000
-2.9998 -2.9858 0.0000
-4.0286 0.6770 0.0000
-4.2207 0.4628 0.0000
2.1414 -1.2734 0.0000
4.7522 1.4204 0.0000
1.7333 2.0333 0.0000
4.7590 2.3354 0.0000
4.7449 2.0298 0.0000
4.4762 1.8882 0.0000
-1.0002 2.6947 0.0000
-1.2119 2.5004 0.0000
-1.4260 2.3365 0.0000
4.7585 -0.1651 0.0000
-0.0055 -4.7643 0.0000
-0.2381 -4.7447 0.0000
-4.7550 3.5244 0.0000
1.8603 1.5489 0.0000
1.6751 1.3243 0.0000
-0.1559 -1.2538 0.0276
-0.2959 -1.4725 0.0070
0.8008 0.1082 0.1317
0.7610 0.0044 0.1604
0.7747 -0.0849 0.1479
0.7163 0.0840 0.1918
0.6605 0.0317 0.2397
0.6837 -0.0490 0.2190
0.6996 -0.1466 0.1977
0.5795 -0.0167 0.3140
0.6159 -0.1115 0.2732
0.5353 -0.1026 0.3500
0.7053 -0.2396 0.1797
2.9634 0.2034 0.0000
2.8094 -0.0459 0.0000
2.6574 0.1957 0.0000
2.5010 -0.0276 0.0000
3.7671 0.3382 0.0000
-1.7275 -4.3017 0.0000
-1.9826 -4.3883 0.0000
3.2854 2.9995 0.0000
3.1203 2.7962 0.0000
3.0696 2.4986 0.0000
3.2260 -2.0915 0.0000
3.0138 -2.2465 0.0000
0.0063 4.2148 0.0000
-4.5011 -2.2604 0.0000
-4.4824 1.0213 0.0000
4.5272 1.2580 0.0000
4.2609 1.1099 0.0000
2.2648 4.4869 0.0000
2.0333 4.3434 0.0000
-1.8786 1.3545 0.0000
-1.9022 0.9811 0.0000
-2.0617 1.1655 0.0000
-2.2911 0.9866 0.0000
-0.3416 1.0368 0.0690
0.0022 1.0808 0.0683
-0.0978 1.0026 0.0951
-0.2140 0.9958 0.0930
-0.1387 0.9163 0.1299
-0.1822 0.8277 0.1717
-0.2341 0.9066 0.1270
-0.2805 0.8278 0.1577
-0.3212 0.9215 0.1094
-0.4268 0.9283 0.0891
-0.3758 0.8382 0.1332
0.2691 3.0666 0.0000
-3.5389 3.6787 0.0000
0.8009 2.5644 0.0000
-4.7558 -2.6648 0.0000
0.0503 -2.7754 0.0000
-0.1078 -3.0323 0.0000
0.4588 1.0772 0.0391
0.2404 1.1723 0.0369
0.3915 0.9224 0.0850
0.2765 0.9922 0.0776
0.1655 0.9237 0.1151
0.3241 0.8720 0.1148
0.2443 0.8872 0.1212
0.3049 0.8018 0.1506
0.2173 0.8080 0.1647
0.1379 0.8382 0.1600
0.1309 1.0424 0.0742
0.0809 0.9466 0.1126
0.0081 0.9789 0.1030
-0.0375 0.9119 0.1336
0.0531 0.8715 0.1502
-0.0145 0.8099 0.1886
0.7103 2.8151 0.0000
0.5279 2.6305 0.0000
4.7469 4.5129 0.0000
3.4760 0.3240 0.0000
3.3271 0.0760 0.0000
0.2752 -0.7415 0.2053
0.2604 -0.8444 0.1524
0.1616 -0.8706 0.1503
0.1438 -0.9678 0.1071
0.1488 -1.0837 0.0676
3.3681 -2.2998 0.0000
2.5328 0.4587 0.0000
2.2453 0.4899 0.0000
2.0652 0.2461 0.0000
2.3617 0.2261 0.0000
2.1960 -0.0090 0.0000
1.8740 -0.0064 0.0000
1.5720 -0.1576 0.0001
4.1567 -2.8632 0.0000
3.8867 -2.8985 0.0000
3.6952 -3.1305 0.0000
1.9266 2.9314 0.0000
0.5345 -3.1141 0.0000
0.3267 -3.2214 0.0000
-2.9520 -1.4507 0.0000
3.0868 -0.0237 0.0000
2.6592 -0.2691 0.0000
-1.2555 -4.4681 0.0000
-2.1266 -3.6636 0.0000
-2.1692 -3.9533 0.0000
-2.3937 -3.7914 0.0000
-2.4424 -4.0813 0.0000
-3.3820 4.1694 0.0000
-3.6364 4.2675 0.0000
0.9618 -1.5827 0.0003
0.7201 -1.7437 0.0004
0.4916 -1.9304 0.0003
0.2605 -2.0946 0.0001
-0.7795 -4.7548 0.0000
-1.6736 -3.0921 0.0000
-1.8546 -3.2887 0.0000
3.4955 -1.5155 0.0000
3.4951 -1.7661 0.0000
3.2754 -1.8242 0.0000
0.5825 2.3520 0.0000
0.6632 2.0841 0.0000
1.0775 0.7069 0.0116
0.7638 0.4878 0.1018
0.9516 0.5418 0.0365
0.8650 0.4276 0.0710
0.8133 0.6230 0.0614
0.6843 0.6731 0.0901
0.6966 0.5628 0.1133
0.6412 0.4973 0.1577
0.6845 0.4260 0.1548
0.7563 0.3758 0.1265
0.6541 0.3291 0.1992
2.7537 2.2129 0.0000
4.0302 1.3768 0.0000
-2.0118 3.7224 0.0000
-2.1326 3.4743 0.0000
-0.5340 0.3804 0.2719
-0.6287 0.3633 0.2072
-0.7230 0.3414 0.1484
-0.8037 0.2992 0.1081
-3.7382 -2.6146 0.0000
3.8157 4.1796 0.0000
3.6486 3.9627 0.0000
3.3779 4.0018 0.0000
-4.5247 -3.7343 0.0000
3.8164 -2.0892 0.0000
3.6559 -2.3248 0.0000
-0.2155 4.0124 0.0000
-0.4942 3.9820 0.0000
1.6008 -2.3883 0.0000
1.3811 -2.5642 0.0000
1.4477 -2.8206 0.0000
-1.8609 3.2535 0.0000
1.4473 3.2197 0.0000
4.7381 -1.0995 0.0000
-0.3745 4.5044 0.0000
-0.7482 4.2811 0.0000
-4.0033 2.2062 0.0000
-4.2633 2.3328 0.0000
-4.0110 1.9205 0.0000
-4.2617 2.0451 0.0000
-4.2572 1.7521 0.0000
3.7344 -1.8221 0.0000
3.5201 -2.0464 0.0000
2.0730 -0.2542 0.0000
1.9522 -0.5124 0.0000
1.7560 -0.6337 0.0000
2.0324 4.6998 0.0000
-2.0438 4.2487 0.0000
-1.9977 3.9630 0.0000
-2.2444 4.0028 0.0000
-2.4685 3.8930 0.0000
1.5971 -0.9396 0.0000
1.3148 -0.9063 0.0004
-4.3151 -3.8810 0.0000
-4.4852 -4.0726 0.0000
-4.5356 0.7925 0.0000
-4.7621 0.7844 0.0000
-1.5208 3.9333 0.0000
-1.7257 4.7271 0.0000
-3.0025 -2.4667 0.0000
-3.1703 -2.7119 0.0000
-3.3019 -2.9569 0.0000
0.3118 3.8261 0.0000
0.1693 3.6132 0.0000
-3.8163 2.9643 0.0000
-0.3134 -3.2285 0.0000
-0.4553 -3.4525 0.0000
-4.5098 1.8805 0.0000
-4.7519 1.7159 0.0000
-0.1981 0.3794 0.4886
-0.2685 0.3170 0.4954
-0.3180 0.2300 0.5088
-0.4224 0.1434 0.4507
-0.3329 0.1420 0.5297
-0.4084 0.0622 0.4782
-0.4940 0.0411 0.3968
0.1860 -0.7785 0.1990
0.0926 -0.8103 0.1873
0.0670 -0.9047 0.1368
-3.4426 1.6476 0.0000
-3.6913 1.5283 0.0000
-3.5057 1.3466 0.0000
-3.7074 1.1874 0.0000
1.3310 -0.0097 0.0026
1.0893 -0.1573 0.0206
-1.3884 -4.7434 0.0000
-2.2061 -3.1387 0.0000
-2.2193 -1.1225 0.0000
-2.3421 -1.4023 0.0000
-3.5892 -0.9408 0.0000
-4.7513 -4.5116 0.0000
-4.7773 -4.7819 0.0000
-3.9216 -2.3723 0.0000
-4.0128 -2.6439 0.0000
4.2707 -0.4894 0.0000
-3.7170 -1.1775 0.0000
-3.5423 -1.4295 0.0000
4.0087 -4.7205 0.0000
3.8145 -4.7534 0.0000
2.5234 4.5913 0.0000
-0.2912 3.7637 0.0000
-0.3508 3.5048 0.0000
4.7494 0.7804 0.0000
4.4829 0.6505 0.0000
0.0207 -2.5062 0.0000
-1.6944 -4.7784 0.0000
1.7631 -1.9214 0.0000
1.5374 -2.1018 0.0000
-2.7089 1.5724 0.0000
-2.9580 1.5207 0.0000
-0.8879 2.0997 0.0000
-0.7780 -0.4492 0.1027
-1.0456 -0.5775 0.0191
-1.2457 -0.7556 0.0029
-1.3265 -1.0093 0.0007
0.3393 2.1623 0.0001
-1.5694 -3.3950 0.0000
-1.8517 -3.5514 0.0000
2.7926 2.9751 0.0000
2.6270 2.7774 0.0000
-1.1184 -3.0821 0.0000
-3.2869 -3.7406 0.0000
-3.5584 -3.7042 0.0000
-3.5866 4.7690 0.0000
-3.9057 4.7236 0.0000
-0.0650 3.4488 0.0000
-0.2497 3.2444 0.0000
2.7683 1.1841 0.0000
2.6331 0.9541 0.0000
4.7426 1.7279 0.0000
4.4885 1.5832 0.0000
4.2859 1.3603 0.0000
3.9583 -3.1905 0.0000
3.7729 -3.4248 0.0000
3.5766 -3.6404 0.0000
3.8341 -3.7249 0.0000
3.5138 -3.8698 0.0000
0.0550 2.3256 0.0000
0.0196 2.0605 0.0002
-1.4873 -1.2821 0.0001
-1.6294 -1.0238 0.0000
-0.5959 -1.8939 0.0002
-0.4823 -2.1047 0.0001
-0.7217 -2.2218 0.0000
-3.3208 3.8571 0.0000
-1.5521 -4.5169 0.0000
-4.7445 1.4059 0.0000
-4.0006 1.6412 0.0000
-4.2130 1.4585 0.0000
-4.2093 1.2068 0.0000
-0.5588 1.0479 0.0398
-0.8124 1.0782 0.0114
-0.9692 0.8436 0.0107
-1.2498 0.7128 0.0015
-0.9896 0.5471 0.0226
-1.2750 0.4353 0.0024
4.5169 -1.8704 0.0000
4.2536 -1.8510 0.0000
4.0995 -2.1104 0.0000
3.9433 -2.3557 0.0000
-1.8646 -1.5617 0.0000
-2.1554 -1.6559 0.0000
-1.8840 -1.8057 0.0000
-2.0754 -1.9815 0.0000
-2.3184 -2.1543 0.0000
-0.5650 -3.1293 0.0000
-0.8386 -3.0839 0.0000
4.7625 1.0984 0.0000
4.5170 0.9573 0.0000
-3.8074 -3.6605 0.0000
-3.8483 -3.9154 0.0000
1.8232 -2.2039 0.0000
1.3080 -2.2957 0.0000
0.0375 4.7495 0.0000
-3.2037 -3.2275 0.0000
-3.3988 -3.4615 0.0000
0.1246 -3.4997 0.0000
-0.1239 -3.3819 0.0000
4.2716 4.5013 0.0000
4.0078 4.3542 0.0000
1.5307 -1.4122 0.0000
1.3628 -1.5524 0.0000
1.1945 -1.7244 0.0000
-3.2586 3.5526 0.0000
1.7562 1.0551 0.0000
1.5542 0.8257 0.0001
0.9095 -1.3157 0.0019
0.6701 -1.4379 0.0038
0.4549 -1.6421 0.0024
0.2197 -1.8106 0.0012
1.0238 -2.1578 0.0000
1.0665 -2.4181 0.0000
0.7839 -2.3450 0.0000
3.0363 -2.7589 0.0000
2.8417 -1.1665 0.0000
2.6162 -1.2868 0.0000
2.3880 -1.4013 0.0000
4.7678 3.3354 0.0000
4.6568 3.1198 0.0000
4.4510 2.9369 0.0000
4.3468 2.7211 0.0000
4.3060 2.4089 0.0000
-0.2881 0.4080 0.4253
-0.3671 0.4073 0.3785
-0.4468 0.3972 0.3292
-0.3632 0.3217 0.4297
-0.4594 0.3096 0.3603
-0.4022 0.2315 0.4406
-0.4930 0.2159 0.3655
-0.5131 0.1220 0.3688
-0.5570 0.2892 0.2864
-0.6493 0.2685 0.2166
-0.5855 0.1948 0.2869
-0.6819 0.1705 0.2089
-0.6019 0.1025 0.2873
-0.6853 0.0757 0.2162
-3.4893 1.0088 0.0000
-3.7567 0.9077 0.0000
-3.7758 0.6325 0.0000
0.8444 -0.6617 0.0424
1.0681 -0.7635 0.0067
0.8409 -0.8906 0.0207
-4.2129 -2.4300 0.0000
-4.2746 -2.7200 0.0000
-0.0645 -0.0381 0.6975
-0.1478 -0.0639 0.6667
-0.1767 -0.1401 0.6314
0.1689 0.0084 0.6625
0.1041 -0.0489 0.6862
0.0967 -0.1433 0.6638
0.0152 -0.0941 0.6930
-0.0737 -0.1362 0.6708
0.0056 -0.1920 0.6543
-0.1178 -0.2135 0.6219
0.0924 -0.2392 0.6175
0.0416 -0.2940 0.5897
-0.0408 -0.2671 0.6066
-0.0183 -0.3614 0.5391
-0.1230 -0.2966 0.5677
-0.1028 -0.3703 0.5182
-0.2160 -0.2170 0.5754
-0.2032 -0.2999 0.5325
-0.1860 -0.3835 0.4800
-0.2842 -0.3166 0.4761
-0.2647 -0.4003 0.4305
-0.2541 -0.4790 0.3774
-0.2947 -0.1499 0.5528
-0.3017 -0.2304 0.5133
-0.3521 -0.3942 0.3840
-2.6689 -0.0024 0.0000
-2.8622 -0.2056 0.0000
2.2908 -4.7399 0.0000
2.8858 3.3181 0.0000
2.6545 3.1788 0.0000
2.4736 2.9965 0.0000
-0.6475 -3.9375 0.0000
-0.8701 -3.8091 0.0000
-1.1523 -3.8602 0.0000
1.7945 1.7920 0.0000
1.5730 1.5985 0.0000
-2.9691 4.7714 0.0000
-3.1294 4.5668 0.0000
-3.1151 4.3052 0.0000
-1.0767 -3.5914 0.0000
1.7712 -4.0539 0.0000
1.4833 -4.0656 0.0000
1.6638 -4.2954 0.0000
4.2601 0.8546 0.0000
4.0105 1.1175 0.0000
-0.4937 2.9777 0.0000
-0.7446 2.8558 0.0000
0.4361 -0.7920 0.1368
0.3453 -0.8113 0.1521
0.3867 -0.8844 0.1120
0.3146 -0.9213 0.1103
0.4276 -1.0119 0.0649
0.2724 -1.0239 0.0791
0.2240 -0.9372 0.1146
-3.8710 4.1016 0.0000
-4.0669 3.9194 0.0000
-4.2368 3.7380 0.0000
-0.5393 -1.6091 0.0017
-2.2133 -4.2404 0.0000
-2.6703 -4.2288 0.0000
-4.7668 -1.5689 0.0000
-4.5085 -1.7525 0.0000
-4.7454 -1.8016 0.0000
4.7552 3.9256 0.0000
3.7614 3.2167 0.0000
3.6209 3.0191 0.0000
3.1792 -2.4868 0.0000
2.8861 -2.4933 0.0000
-0.5012 -4.7520 0.0000
2.1061 -2.3131 0.0000
1.8796 -2.4869 0.0000
1.6684 -2.6812 0.0000
0.7559 1.7916 0.0002
0.4931 1.6068 0.0020
-0.4068 0.7449 0.1671
-0.4639 0.8191 0.1185
-0.5358 0.8830 0.0795
-0.5650 0.7806 0.1013
-0.7043 0.8579 0.0468
-0.6229 0.7102 0.1024
3.4533 2.8327 0.0000
3.3270 2.6109 0.0000
-2.7998 1.2610 0.0000
-3.0430 1.2491 0.0000
-3.0912 1.0043 0.0000
0.7687 4.7607 0.0000
0.5059 4.7758 0.0000
0.4869 4.5285 0.0000
-0.8606 -0.7266 0.0376
-0.7813 -0.9393 0.0262
-1.0358 -0.8616 0.0097
-1.0310 -1.1037 0.0040
-3.7782 2.6643 0.0000
-4.0097 2.4879 0.0000
2.0487 3.1984 0.0000
-1.4610 -4.2349 0.0000
4.0888 -0.0429 0.0000
-4.2535 -2.1828 0.0000
0.2313 3.3448 0.0000
0.0067 3.1662 0.0000
-2.3697 -0.0887 0.0000
-2.5687 -0.2679 0.0000
2.2059 2.9719 0.0000
3.7936 -0.1691 0.0000
4.2905 -0.1983 0.0000
-3.1495 -0.6990 0.0000
2.2054 -3.8057 0.0000
1.9292 -3.7252 0.0000
2.0715 -0.7469 0.0000
2.1393 -0.9882 0.0000
-3.3550 2.4197 0.0000
-3.5412 2.5529 0.0000
-3.7365 2.3603 0.0000
-3.5062 2.1919 0.0000
-4.0142 -3.1740 0.0000
-3.9953 -3.4412 0.0000
-4.2620 -3.2833 0.0000
-4.2761 -3.5734 0.0000
1.2111 3.3233 0.0000
-2.6891 -3.8869 0.0000
-2.9044 -4.0923 0.0000
-3.9563 0.3903 0.0000
-4.3078 0.2454 0.0000
-4.0750 0.1577 0.0000
2.0094 -1.4768 0.0000
1.9839 -1.7441 0.0000
-1.5583 3.2811 0.0000
-2.0436 4.7635 0.0000
-1.9260 4.5268 0.0000
-2.2052 4.5024 0.0000
1.7312 4.7627 0.0000
-3.7074 -1.6786 0.0000
-3.9610 -1.7547 0.0000
-3.8444 -1.9605 0.0000
-4.0176 -2.1265 0.0000
-0.7348 0.5613 0.0947
-0.8103 0.5049 0.0743
-0.4628 0.4787 0.2770
-0.5412 0.4653 0.2322
-0.6174 0.4477 0.1887
-0.7105 0.4413 0.1339
-0.8045 0.4035 0.0925
-0.9129 0.3325 0.0566
-0.7951 4.7545 0.0000
-2.2745 -0.6509 0.0000
-2.3919 -0.8961 0.0000
-2.5149 -1.1605 0.0000
-2.8226 -1.2032 0.0000
0.2503 4.7069 0.0000
0.2112 4.4283 0.0000
4.2689 0.1285 0.0000
4.7646 -0.7818 0.0000
4.5241 -0.9139 0.0000
-1.5287 -2.8397 0.0000
-1.8241 -2.8374 0.0000
0.2470 1.6425 0.0027
-0.0096 1.5116 0.0080
0.2170 1.4065 0.0115
0.0179 1.2539 0.0309
