5.0000 5.0000 0.0000
0.0000 5.0000 0.0000
2.5000 5.0000 0.0000
3.7500 5.0000 0.0000
4.3750 5.0000 0.0000
4.6875 5.0000 0.0000
4.0625 5.0000 0.0000
3.1250 5.0000 0.0000
3.4375 5.0000 0.0000
2.8125 5.0000 0.0000
1.2500 5.0000 0.0000
1.8750 5.0000 0.0000
2.1875 5.0000 0.0000
1.5625 5.0000 0.0000
0.6250 5.0000 0.0000
0.9375 5.0000 0.0000
0.3125 5.0000 0.0000
-2.5000 5.0000 0.0000
-1.2500 5.0000 0.0000
-0.6250 5.0000 0.0000
-0.3125 5.0000 0.0000
-0.9375 5.0000 0.0000
-1.8750 5.0000 0.0000
-1.5625 5.0000 0.0000
-2.1875 5.0000 0.0000
-3.7500 5.0000 0.0000
-3.1250 5.0000 0.0000
-2.8125 5.0000 0.0000
-3.4375 5.0000 0.0000
-4.3750 5.0000 0.0000
-4.0625 5.0000 0.0000
-4.6875 5.0000 0.0000
5.0000 -5.0000 0.0000
5.0000 0.0000 0.0000
5.0000 -2.5000 0.0000
5.0000 -3.7500 0.0000
5.0000 -4.3750 0.0000
5.0000 -4.6875 0.0000
5.0000 -4.0625 0.0000
5.0000 -3.1250 0.0000
5.0000 -3.4375 0.0000
5.0000 -2.8125 0.0000
5.0000 -1.2500 0.0000
5.0000 -1.8750 0.0000
5.0000 -2.1875 0.0000
5.0000 -1.5625 0.0000
5.0000 -0.6250 0.0000
5.0000 -0.9375 0.0000
5.0000 -0.3125 0.0000
5.0000 2.5000 0.0000
5.0000 1.2500 0.0000
5.0000 0.6250 0.0000
5.0000 0.3125 0.0000
5.0000 0.9375 0.0000
5.0000 1.8750 0.0000
5.0000 1.5625 0.0000
5.0000 2.1875 0.0000
5.0000 3.7500 0.0000
5.0000 3.1250 0.0000
5.0000 2.8125 0.0000
5.0000 3.4375 0.0000
5.0000 4.3750 0.0000
5.0000 4.0625 0.0000
5.0000 4.6875 0.0000
-5.0000 -5.0000 0.0000
0.0000 -5.0000 0.0000
-2.5000 -5.0000 0.0000
-3.7500 -5.0000 0.0000
-4.3750 -5.0000 0.0000
-4.6875 -5.0000 0.0000
-4.0625 -5.0000 0.0000
-3.1250 -5.0000 0.0000
-3.4375 -5.0000 0.0000
-2.8125 -5.0000 0.0000
-1.2500 -5.0000 0.0000
-1.8750 -5.0000 0.0000
-2.1875 -5.0000 0.0000
-1.5625 -5.0000 0.0000
-0.6250 -5.0000 0.0000
-0.9375 -5.0000 0.0000
-0.3125 -5.0000 0.0000
2.5000 -5.0000 0.0000
1.2500 -5.0000 0.0000
0.6250 -5.0000 0.0000
0.3125 -5.0000 0.0000
0.9375 -5.0000 0.0000
1.8750 -5.0000 0.0000
1.5625 -5.0000 0.0000
2.1875 -5.0000 0.0000
3.7500 -5.0000 0.0000
3.1250 -5.0000 0.0000
2.8125 -5.0000 0.0000
3.4375 -5.0000 0.0000
4.3750 -5.0000 0.0000
4.0625 -5.0000 0.0000
4.6875 -5.0000 0.0000
-5.0000 5.0000 0.0000
-5.0000 0.0000 0.0000
-5.0000 2.5000 0.0000
-5.0000 3.7500 0.0000
-5.0000 4.3750 0.0000
-5.0000 4.6875 0.0000
-5.0000 4.0625 0.0000
-5.0000 3.1250 0.0000
-5.0000 3.4375 0.0000
-5.0000 2.8125 0.0000
-5.0000 1.2500 0.0000
-5.0000 1.8750 0.0000
-5.0000 2.1875 0.0000
-5.0000 1.5625 0.0000
-5.0000 0.6250 0.0000
-5.0000 0.9375 0.0000
-5.0000 0.3125 0.0000
-5.0000 -2.5000 0.0000
-5.0000 -1.2500 0.0000
-5.0000 -0.6250 0.0000
-5.0000 -0.3125 0.0000
-5.0000 -0.9375 0.0000
-5.0000 -1.8750 0.0000
-5.0000 -1.5625 0.0000
-5.0000 -2.1875 0.0000
-5.0000 -3.7500 0.0000
-5.0000 -3.1250 0.0000
-5.0000 -2.8125 0.0000
-5.0000 -3.4375 0.0000
-5.0000 -4.3750 0.0000
-5.0000 -4.0625 0.0000
-5.0000 -4.6875 0.0000
-4.7470 -4.5141 0.0000
-1.1167 4.7650 0.0000
3.6290 0.4014 0.0000
3.5492 0.1166 0.0000
-3.2409 -4.7651 0.0000
-2.4744 -4.5075 0.0000
-2.6546 -4.7528 0.0000
-2.9529 -4.7090 0.0000
0.6281 -1.3018 0.0095
0.4310 -1.4550 0.0078
-1.2497 2.6009 0.0000
-2.0323 4.7577 0.0000
-2.1896 4.5143 0.0000
-1.5613 -0.6616 0.0001
-1.3598 2.8296 0.0000
-3.3122 1.3234 0.0000
-2.4374 -2.3281 0.0000
-2.7350 -2.4938 0.0000
-2.9733 -2.6670 0.0000
-0.9017 -4.4808 0.0000
1.0278 0.5357 0.0233
0.8440 0.4935 0.0704
0.7339 0.4527 0.1228
0.7825 0.3788 0.1129
0.6938 0.3479 0.1688
0.8023 0.2952 0.1148
0.9056 0.3491 0.0642
0.8611 0.2268 0.0918
0.7297 0.1002 0.1811
0.7399 0.2633 0.1556
0.7834 0.1827 0.1379
0.6855 0.1794 0.2068
0.6553 0.0739 0.2428
1.1534 -3.3078 0.0000
3.8894 2.6507 0.0000
3.6793 2.5326 0.0000
1.7728 -3.7646 0.0000
3.7757 1.0458 0.0000
3.5690 0.8769 0.0000
3.3093 0.8416 0.0000
4.7108 3.9825 0.0000
4.6740 3.7513 0.0000
2.6999 3.0533 0.0000
-4.7634 -0.4706 0.0000
-4.7506 -0.7888 0.0000
-4.1434 -0.1944 0.0000
1.5201 2.8055 0.0000
-2.8568 -1.0797 0.0000
3.3666 3.5083 0.0000
1.8821 -0.0856 0.0000
2.4429 -3.7253 0.0000
4.7410 -2.0210 0.0000
4.5997 -2.2677 0.0000
-2.2423 -0.1904 0.0000
-0.8245 1.7232 0.0003
-1.0304 1.5902 0.0002
-1.2458 1.4712 0.0000
-1.3764 1.2853 0.0000
4.2489 3.2293 0.0000
3.9770 -3.1123 0.0000
3.7949 -3.3343 0.0000
-3.7228 -4.6592 0.0000
4.4945 3.4121 0.0000
1.8208 2.3652 0.0000
1.7125 2.0578 0.0000
-4.0308 2.2869 0.0000
-4.2890 2.2577 0.0000
-4.1336 1.9793 0.0000
-4.3540 1.7500 0.0000
4.5152 -3.1480 0.0000
4.3919 -3.3942 0.0000
-2.6054 -0.5622 0.0000
0.5186 0.3798 0.2783
0.6492 0.4437 0.1702
0.6049 0.3700 0.2214
0.5789 0.2999 0.2633
0.4929 0.2878 0.3364
0.3989 0.2650 0.4227
0.4229 0.3585 0.3575
0.3184 0.2779 0.4770
0.2269 0.2506 0.5513
0.4651 0.1921 0.3947
0.3686 0.1736 0.4856
0.2932 0.1945 0.5369
0.1736 0.1798 0.6168
0.2502 0.1300 0.5919
0.2395 0.0361 0.6196
0.0850 0.1472 0.6642
0.1601 0.0890 0.6559
0.0678 0.0522 0.6951
-0.0522 0.0351 0.7003
0.1445 -0.0010 0.6746
0.0783 -0.0654 0.6911
0.0143 -0.0088 0.7058
-0.0106 -0.0989 0.6918
-0.0888 -0.0457 0.6907
-3.0704 -0.9177 0.0000
-3.3276 -1.0135 0.0000
-3.1693 -1.2126 0.0000
-3.4183 -1.3466 0.0000
-1.4550 1.9396 0.0000
-1.6517 1.7595 0.0000
-0.2812 1.7360 0.0019
3.5343 2.7395 0.0000
2.8994 1.3071 0.0000
2.7071 1.1773 0.0000
2.5201 1.0346 0.0000
2.6883 -1.3747 0.0000
2.4344 -1.4272 0.0000
2.3262 -1.7161 0.0000
-1.9255 2.1917 0.0000
-1.8199 1.9179 0.0000
-0.0844 3.1375 0.0000
-0.3571 3.0944 0.0000
3.1100 3.3796 0.0000
2.8820 3.2577 0.0000
3.6753 3.4210 0.0000
3.4496 3.2591 0.0000
3.5477 -4.2751 0.0000
3.7119 -4.5099 0.0000
0.3039 1.7919 0.0009
0.1632 1.5403 0.0058
0.0124 1.3462 0.0196
0.1434 1.2043 0.0356
-0.1389 1.2179 0.0376
-4.7752 1.4004 0.0000
-2.1739 -4.0525 0.0000
1.4854 -3.7792 0.0000
-3.8577 -0.9350 0.0000
0.6261 -3.9744 0.0000
0.6355 -4.2245 0.0000
0.5870 -4.4903 0.0000
0.3406 -4.0050 0.0000
0.3932 -4.2522 0.0000
0.2837 -4.4931 0.0000
-0.5026 2.8232 0.0000
-0.7997 2.8738 0.0000
-0.7229 2.6374 0.0000
-0.9614 2.5405 0.0000
3.7555 3.1640 0.0000
3.5386 3.0279 0.0000
2.0923 -0.4033 0.0000
1.8496 -0.3485 0.0000
-1.6526 -3.0191 0.0000
4.7560 2.6548 0.0000
2.4981 -3.4463 0.0000
3.6725 -1.6999 0.0000
3.5631 -1.4463 0.0000
3.3982 -1.6287 0.0000
3.2775 -1.8376 0.0000
4.7687 -3.2584 0.0000
4.6368 -3.4444 0.0000
-0.7337 3.9475 0.0000
-1.0545 2.8245 0.0000
-2.3120 -3.4934 0.0000
4.2863 2.9460 0.0000
4.7531 1.7052 0.0000
4.5097 1.5370 0.0000
3.9150 3.6051 0.0000
3.9746 3.3324 0.0000
3.6950 -3.0480 0.0000
3.5203 -3.2209 0.0000
-0.1251 1.0489 0.0787
0.0095 1.0990 0.0630
-0.0085 0.9869 0.1003
-0.0797 0.9515 0.1156
-0.1753 0.9437 0.1157
-0.2091 0.8563 0.1535
-0.2448 1.0382 0.0769
-0.3803 0.9919 0.0771
-0.2755 0.9279 0.1131
-0.3588 0.8866 0.1168
-0.3846 0.8010 0.1474
2.1635 -4.1633 0.0000
-3.9912 -0.4490 0.0000
-4.0382 -0.7034 0.0000
-4.4683 4.5597 0.0000
-0.5717 4.2150 0.0000
3.9908 -1.8641 0.0000
-1.4680 2.4687 0.0000
-1.5800 2.6910 0.0000
-1.7356 2.4227 0.0000
1.5539 2.5239 0.0000
1.5316 2.2650 0.0000
1.4052 1.9880 0.0000
-1.2768 -2.4095 0.0000
0.9535 0.9818 0.0101
0.7433 0.9033 0.0349
2.9675 2.5633 0.0000
2.8635 2.3197 0.0000
3.3542 0.3311 0.0000
3.2726 0.0440 0.0000
-0.3423 0.2100 0.4985
-0.4149 0.1745 0.4491
-0.4009 0.0930 0.4810
-0.4729 0.0521 0.4169
-0.5607 0.0242 0.3323
-0.6230 -0.0425 0.2728
-0.6928 -0.1035 0.2091
-0.7001 -0.2101 0.1909
-0.7886 -0.2534 0.1272
-0.8661 -0.1798 0.0922
-0.9087 -0.3127 0.0657
-1.0843 -0.4384 0.0187
-0.1318 -4.0225 0.0000
-0.1988 -4.2645 0.0000
-0.1135 0.8596 0.1590
-0.1644 0.7786 0.2019
-0.2900 0.8232 0.1582
-0.2337 0.7534 0.2072
-0.3162 0.7277 0.2033
-0.3313 0.6347 0.2538
-0.3817 0.5532 0.2818
1.5213 1.4380 0.0000
1.3103 1.3125 0.0002
0.6942 2.0878 0.0000
0.4974 1.9442 0.0002
-1.6942 2.9112 0.0000
-3.8844 4.7679 0.0000
-1.1921 2.0702 0.0000
-3.7971 -3.4914 0.0000
4.5077 1.2307 0.0000
4.2496 1.0635 0.0000
1.1047 -4.3929 0.0000
1.0806 -4.7269 0.0000
0.8680 -4.2427 0.0000
0.8571 -4.5061 0.0000
0.7622 -4.7561 0.0000
-1.6542 3.9752 0.0000
0.7250 1.4687 0.0024
0.3008 1.3262 0.0156
2.8194 2.7986 0.0000
2.6585 2.5519 0.0000
2.6144 4.2574 0.0000
2.3207 4.2055 0.0000
2.0989 3.9666 0.0000
2.6013 0.1802 0.0000
2.3455 0.0614 0.0000
-0.1101 -0.2329 0.6133
-0.1213 -0.3270 0.5465
-0.0496 -0.4045 0.5011
-0.1387 -0.4230 0.4658
-0.0701 -0.5039 0.4137
-0.2307 -0.4589 0.4030
-0.0227 -0.1942 0.6524
-0.1039 -0.1348 0.6632
-0.1891 -0.1702 0.6127
-0.2070 -0.2578 0.5573
-0.2097 -0.3578 0.4888
-0.2896 -0.3022 0.4815
-0.2933 -0.3983 0.4163
-0.3255 -0.4804 0.3422
-0.1614 -0.5106 0.3871
-0.2398 -0.5619 0.3208
-0.1319 -0.5907 0.3297
-0.2962 -0.6507 0.2391
-0.3627 -0.3653 0.3948
-0.4116 -0.4354 0.3215
-0.4122 -0.5318 0.2646
-0.3326 -0.5711 0.2776
-0.4016 -0.6386 0.2082
-0.4909 -0.5784 0.2009
-0.4920 -0.6711 0.1576
4.5352 -4.4528 0.0000
-0.7607 4.7609 0.0000
-0.9422 4.6125 0.0000
1.1147 -0.8239 0.0036
4.1562 3.7841 0.0000
-2.6128 3.8018 0.0000
0.1667 -1.3887 0.0160
-0.0505 -1.5476 0.0063
-0.3181 -1.5041 0.0056
-0.2335 -1.7746 0.0012
-0.3871 -2.0131 0.0002
2.9885 -3.7419 0.0000
2.9864 -4.0235 0.0000
0.5830 2.3303 0.0000
0.3658 2.1539 0.0001
2.4602 4.4935 0.0000
2.1729 4.4845 0.0000
1.8742 4.5044 0.0000
-1.9228 -3.9150 0.0000
3.2594 -3.6280 0.0000
-4.5162 -4.0912 0.0000
-4.4980 -4.3847 0.0000
-0.4949 -0.4799 0.2467
-0.5786 -0.5328 0.1774
-0.6648 -0.5849 0.1203
-0.6499 -0.6936 0.0954
-0.7548 -0.7866 0.0496
-0.8935 -0.9463 0.0156
3.3340 4.0789 0.0000
3.3495 3.7947 0.0000
-1.7827 1.2662 0.0000
-2.0566 1.1451 0.0000
3.8911 4.7657 0.0000
3.7545 4.4851 0.0000
3.5474 4.2707 0.0000
-0.5210 -1.7330 0.0008
-0.5532 -2.2345 0.0000
4.2158 4.7660 0.0000
4.0410 4.5584 0.0000
-0.2115 3.6974 0.0000
1.8089 1.2650 0.0000
-1.5407 1.0892 0.0000
-1.8129 0.6969 0.0000
-4.5194 -1.2581 0.0000
-4.7520 -1.4086 0.0000
-3.7302 4.1289 0.0000
-0.9438 1.9285 0.0000
-1.1860 1.7901 0.0000
3.0883 -0.1138 0.0000
3.0687 -0.4767 0.0000
0.2815 0.8533 0.1302
0.3448 0.7757 0.1540
0.2195 0.9321 0.1053
0.1849 0.8380 0.1534
0.2465 0.7650 0.1826
0.3085 0.6892 0.2116
0.2093 0.6795 0.2454
0.1693 0.5914 0.3206
0.1448 0.7529 0.2093
0.0835 0.8318 0.1691
0.0904 0.5592 0.3640
0.0472 0.7309 0.2363
0.1132 0.6622 0.2780
0.0286 0.6263 0.3166
0.6328 -0.6360 0.1202
0.5595 -0.8013 0.0967
-0.1355 -3.7360 0.0000
4.4035 3.9682 0.0000
4.4382 3.6879 0.0000
4.2063 3.5086 0.0000
0.9156 -1.3264 0.0017
-1.3522 -4.7668 0.0000
-0.2330 2.6290 0.0000
-0.4626 2.5213 0.0000
-0.7029 2.3563 0.0000
2.1555 3.2010 0.0000
1.9437 3.1034 0.0000
1.7273 2.9578 0.0000
3.0945 4.5316 0.0000
3.0842 3.9206 0.0000
2.8422 4.0803 0.0000
2.8151 3.7968 0.0000
2.3583 3.9176 0.0000
2.2083 3.6819 0.0000
2.3294 3.4259 0.0000
2.0173 3.4471 0.0000
3.5292 -3.4934 0.0000
-2.4421 -3.9984 0.0000
-2.4336 -4.2668 0.0000
-2.6909 -4.2088 0.0000
-2.7257 -4.4808 0.0000
1.8963 -3.5175 0.0000
-3.6334 -1.8869 0.0000
-3.9242 -1.9453 0.0000
2.8451 -0.6046 0.0000
-4.2806 1.1585 0.0000
-3.5521 -0.1867 0.0000
-4.5607 1.5661 0.0000
2.4172 -2.2167 0.0000
-1.8191 -3.6671 0.0000
-2.0409 -3.5723 0.0000
-2.2056 -3.7814 0.0000
2.8524 0.3513 0.0000
-2.6873 -1.8400 0.0000
-2.8671 -2.0138 0.0000
0.6470 0.2578 0.2221
0.5617 0.2098 0.3036
0.6127 0.1397 0.2730
0.5792 0.0297 0.3146
0.5264 0.1135 0.3566
0.4264 0.0999 0.4541
0.4826 0.0273 0.4088
0.3985 0.0011 0.4909
0.5171 -0.0497 0.3741
0.4364 -0.0789 0.4500
0.3303 0.0805 0.5438
0.3151 -0.0246 0.5644
0.3477 -0.1042 0.5269
0.2607 -0.1359 0.5865
0.4257 -0.1727 0.4401
0.3308 -0.2017 0.5112
0.2330 -0.0574 0.6227
0.1567 -0.0912 0.6588
0.2363 -0.2332 0.5619
0.1726 -0.1622 0.6286
0.0749 -0.1610 0.6624
0.0473 -0.2546 0.6162
0.1419 -0.2445 0.6004
0.1008 -0.3219 0.5611
-0.0295 -0.2996 0.5857
-4.3866 -3.2753 0.0000
4.7563 1.0928 0.0000
4.5068 0.9348 0.0000
-3.5091 -1.6204 0.0000
2.3266 0.3333 0.0000
0.3649 0.6149 0.2370
0.3131 0.5251 0.3180
0.2645 0.6018 0.2836
0.2727 0.4371 0.4005
0.1808 0.4187 0.4554
0.3344 0.3614 0.4166
0.2409 0.3416 0.4854
0.2076 0.5130 0.3706
0.1527 0.3274 0.5361
0.1127 0.4823 0.4242
0.0002 0.5273 0.4009
0.0906 0.3821 0.5126
0.0307 0.4427 0.4715
-0.0160 0.3644 0.5386
0.1369 0.2582 0.5893
0.0660 0.2267 0.6287
0.0476 0.3058 0.5795
-0.0463 0.2775 0.6015
-0.0629 0.4422 0.4720
-0.1118 0.3565 0.5331
-0.1491 0.2764 0.5783
-0.1765 0.1911 0.6142
-0.2448 0.2635 0.5405
-0.2627 0.1774 0.5704
-0.0057 0.1116 0.6885
-0.0076 0.1963 0.6528
-0.0919 0.1937 0.6434
-0.2005 0.1077 0.6323
-0.1036 0.1123 0.6730
-0.1511 0.0257 0.6708
-0.1899 -0.0647 0.6455
4.5298 -0.6464 0.0000
4.4660 -0.9382 0.0000
4.2468 -1.1535 0.0000
-1.5416 -3.2440 0.0000
-1.8814 -3.1300 0.0000
-2.0222 0.3248 0.0000
-2.2151 0.1773 0.0000
-2.3971 0.0230 0.0000
-1.7207 3.5206 0.0000
-0.6120 1.7838 0.0005
-1.6392 3.2673 0.0000
-1.8394 3.0834 0.0000
1.0639 -1.9455 0.0000
0.8620 -2.1237 0.0000
0.4918 4.4330 0.0000
2.7529 1.5267 0.0000
2.5550 1.3933 0.0000
-1.6556 -2.7243 0.0000
-3.7855 1.0799 0.0000
-4.0233 1.0663 0.0000
-4.2031 4.7372 0.0000
-4.7471 -2.0067 0.0000
-0.6003 4.5273 0.0000
-0.7993 4.4019 0.0000
-1.3911 4.2969 0.0000
-1.4999 4.1107 0.0000
1.1265 -4.0993 0.0000
0.3604 3.9205 0.0000
-4.4073 -2.9857 0.0000
-4.6156 -3.1316 0.0000
-3.6021 4.7293 0.0000
3.1200 -4.5103 0.0000
2.9661 -4.7596 0.0000
-4.2202 -2.0044 0.0000
-4.2850 -2.2862 0.0000
-4.5056 -2.1380 0.0000
-4.5074 -2.4491 0.0000
-4.7533 -2.3165 0.0000
3.8449 -0.8595 0.0000
4.2656 0.7704 0.0000
4.0530 0.6133 0.0000
3.8912 0.4372 0.0000
4.2710 0.4394 0.0000
4.0811 0.2742 0.0000
3.8280 0.1669 0.0000
1.1894 1.5258 0.0002
0.9858 1.3573 0.0015
0.7987 1.1819 0.0086
3.2401 -3.9143 0.0000
-1.8710 -0.2080 0.0000
-2.0675 -0.3731 0.0000
1.6623 -4.0236 0.0000
1.6599 -4.2625 0.0000
-2.5536 0.5811 0.0000
3.9137 -1.6218 0.0000
2.0292 4.7493 0.0000
-0.4735 0.7852 0.1286
-0.4053 0.7100 0.1846
-0.4987 0.6918 0.1574
-0.5488 0.6190 0.1648
-0.4333 0.6251 0.2169
-0.4898 0.5651 0.2185
-0.4488 0.4825 0.2837
-0.5534 0.5012 0.2096
-0.6521 0.4881 0.1549
-0.7173 0.4399 0.1304
-4.2201 -4.7673 0.0000
2.0126 4.2398 0.0000
1.8230 3.9993 0.0000
-3.9998 -2.2161 0.0000
-4.1366 -2.4814 0.0000
-3.5434 1.2068 0.0000
-4.7573 -4.2235 0.0000
2.9921 -2.2078 0.0000
2.0429 1.3174 0.0000
3.8160 2.3142 0.0000
-1.1821 4.1400 0.0000
1.7181 4.2706 0.0000
1.5525 4.0642 0.0000
-2.0510 1.4280 0.0000
-3.1143 -2.4210 0.0000
-3.3777 -2.3241 0.0000
-3.5635 -2.5181 0.0000
-3.4294 3.1008 0.0000
-3.6951 3.0270 0.0000
3.3190 2.6050 0.0000
3.1673 2.3845 0.0000
2.5847 0.7636 0.0000
2.5893 0.4737 0.0000
-2.3246 1.0174 0.0000
-1.5726 4.4998 0.0000
3.4880 -4.0454 0.0000
3.8049 -4.2373 0.0000
1.5219 -1.8242 0.0000
1.0663 2.4539 0.0000
4.7682 -4.2103 0.0000
4.7621 -4.4952 0.0000
4.7531 -4.7556 0.0000
-1.8789 2.7055 0.0000
2.8890 -0.2765 0.0000
2.6374 -0.3877 0.0000
4.3070 -4.1896 0.0000
-3.1524 -2.1037 0.0000
-3.4360 -2.0691 0.0000
-2.8239 0.7185 0.0000
-2.7929 0.4641 0.0000
-2.8469 0.2062 0.0000
-3.1155 0.1204 0.0000
1.4236 4.7495 0.0000
1.2625 4.4935 0.0000
3.8837 2.0224 0.0000
3.6930 1.8624 0.0000
0.0247 -2.5001 0.0000
3.0788 -2.5769 0.0000
2.3947 -4.2626 0.0000
2.1658 -4.4739 0.0000
0.2990 4.2173 0.0000
0.0906 4.0736 0.0000
1.5977 -3.5255 0.0000
2.5897 3.9780 0.0000
2.5321 3.6636 0.0000
-1.0384 1.2963 0.0008
-1.2500 1.0523 0.0004
-1.0004 0.7962 0.0101
-1.2810 0.7881 0.0008
-1.5376 0.8154 0.0000
3.8814 -4.7618 0.0000
3.4059 -4.5041 0.0000
3.2727 -4.7576 0.0000
1.8220 0.4024 0.0000
-4.2956 0.1409 0.0000
-4.3631 -0.1230 0.0000
2.1136 -0.9404 0.0000
2.1449 -1.2159 0.0000
1.8826 -1.1455 0.0000
1.3199 -0.1515 0.0025
1.1930 4.0978 0.0000
0.3104 -2.4622 0.0000
2.3263 -4.7568 0.0000
2.6399 -4.3593 0.0000
2.4656 -4.5371 0.0000
2.3624 1.2175 0.0000
-3.0996 2.1326 0.0000
-3.3482 1.9585 0.0000
-3.3366 1.6467 0.0000
-3.5619 1.4909 0.0000
-3.7950 1.3208 0.0000
-3.4647 -4.4853 0.0000
-4.3066 1.4545 0.0000
-4.5320 1.2675 0.0000
0.1056 1.0073 0.0873
0.1335 0.9152 0.1219
0.0419 0.9199 0.1268
-0.0270 0.8780 0.1501
0.0001 0.8043 0.1911
-0.0728 0.7752 0.2101
-0.0378 0.6939 0.2668
-0.1319 0.6960 0.2601
-0.1511 0.6125 0.3196
-0.0653 0.6039 0.3361
-0.2268 0.6701 0.2622
-0.1040 0.5196 0.4019
-0.1601 0.4359 0.4582
-0.2168 0.3536 0.4984
-0.2532 0.5884 0.3121
-0.1868 0.5370 0.3705
-0.2347 0.4763 0.4012
-0.2989 0.5264 0.3382
-0.3541 0.4593 0.3545
-0.2692 0.4195 0.4270
-0.3255 0.3700 0.4276
-0.3142 0.3006 0.4756
0.0148 2.5522 0.0000
-0.6965 2.0523 0.0000
-3.0862 0.7358 0.0000
-3.0545 0.4358 0.0000
4.0114 3.0398 0.0000
-4.4089 2.0153 0.0000
-4.6095 1.8701 0.0000
-4.7859 1.7105 0.0000
-4.2893 3.5813 0.0000
2.7351 -3.5706 0.0000
2.7215 -3.8567 0.0000
0.5622 -2.5215 0.0000
0.4868 -2.7484 0.0000
0.4179 -2.9889 0.0000
-4.5014 -4.7069 0.0000
-1.1484 0.0474 0.0139
-1.0288 -0.1683 0.0350
-1.2520 -0.2219 0.0058
-1.3646 -0.4395 0.0017
3.2717 4.3679 0.0000
3.0913 4.1948 0.0000
2.9089 4.3596 0.0000
2.0578 0.1759 0.0000
-2.1551 -3.0118 0.0000
-2.3795 -3.1917 0.0000
4.5112 -2.5259 0.0000
4.2449 -2.5942 0.0000
4.1280 -2.8462 0.0000
4.6943 0.0371 0.0000
-0.2485 0.0321 0.6144
-0.2939 -0.0461 0.5783
-0.3569 -0.1096 0.5143
-0.4515 -0.1084 0.4282
-0.5097 -0.1719 0.3594
-0.5639 -0.3244 0.2661
-0.6481 -0.3766 0.1902
-0.2626 -0.1303 0.5827
-0.3038 -0.2074 0.5226
-0.4102 -0.1918 0.4429
-0.3817 -0.2748 0.4310
-0.4851 -0.2659 0.3508
-0.4487 -0.3449 0.3449
-0.5109 -0.3893 0.2790
-0.5816 -0.4354 0.2131
-0.6616 -0.4823 0.1515
-0.3136 0.1113 0.5533
-0.3467 0.0233 0.5372
-0.4104 -0.0242 0.4783
-0.5065 -0.0419 0.3840
-0.5627 -0.1038 0.3233
-0.6237 -0.1593 0.2599
-0.5779 -0.2273 0.2848
-0.6492 -0.2780 0.2154
-0.7295 -0.3187 0.1524
-0.8083 -0.3613 0.1028
-0.7373 -0.4201 0.1278
-0.8712 -0.4817 0.0628
-0.7448 -0.5146 0.1043
-0.7828 -0.6232 0.0700
2.8601 -3.0120 0.0000
2.5699 -3.1869 0.0000
-0.7431 -2.4768 0.0000
-1.0355 -2.4999 0.0000
-1.3786 -2.6163 0.0000
3.6126 -0.9372 0.0000
3.6647 -1.1560 0.0000
4.0445 2.4591 0.0000
4.0864 2.1718 0.0000
-4.7426 2.9555 0.0000
-4.7463 2.6618 0.0000
-4.5115 2.4920 0.0000
-4.5532 2.2180 0.0000
-4.7721 2.3623 0.0000
-4.7659 2.0519 0.0000
1.4969 -0.4265 0.0002
1.3253 -0.6523 0.0008
1.6301 -2.0980 0.0000
1.6621 -2.4981 0.0000
1.4666 -2.2904 0.0000
-2.5810 -3.4153 0.0000
-3.6953 0.8569 0.0000
4.7617 4.5114 0.0000
4.7755 4.2465 0.0000
4.5288 4.2315 0.0000
4.7611 0.5087 0.0000
4.5056 0.6359 0.0000
1.8310 0.7012 0.0000
1.5922 0.5901 0.0001
-2.6855 -3.1396 0.0000
-0.4446 2.2186 0.0000
2.4348 3.1301 0.0000
2.2399 2.9355 0.0000
-4.0824 0.3419 0.0000
4.4568 -2.8283 0.0000
4.2742 -3.0712 0.0000
4.1634 -3.3061 0.0000
4.0767 -1.3860 0.0000
3.7982 -1.3838 0.0000
-2.0352 2.9461 0.0000
-2.1804 2.6988 0.0000
-2.4722 2.6893 0.0000
-2.6318 2.4345 0.0000
-0.2124 3.3863 0.0000
-1.2819 -1.1993 0.0005
-0.8941 4.1568 0.0000
0.5531 2.8797 0.0000
4.1890 -4.7485 0.0000
2.7841 2.0343 0.0000
2.6974 1.7602 0.0000
2.4552 1.6687 0.0000
2.2608 1.4612 0.0000
-4.5659 0.0167 0.0000
-4.0277 3.7077 0.0000
-3.0731 -0.2817 0.0000
-3.3485 -0.3745 0.0000
-3.4914 -0.5780 0.0000
-3.5765 -0.8652 0.0000
-0.1945 -3.3470 0.0000
-0.3586 -3.5716 0.0000
2.3181 0.8945 0.0000
2.3322 0.6183 0.0000
-3.2824 -2.6209 0.0000
-3.4617 -2.8237 0.0000
-1.5863 -0.3106 0.0001
1.9149 3.7231 0.0000
1.6965 3.5155 0.0000
-3.3745 0.7790 0.0000
-4.3381 -2.6308 0.0000
-4.5378 -2.7832 0.0000
-4.7451 -2.6249 0.0000
-4.7623 -2.9425 0.0000
2.3519 -0.4327 0.0000
2.2406 -0.6813 0.0000
-2.5865 0.8758 0.0000
-2.8770 1.0079 0.0000
1.2973 0.5072 0.0030
1.0850 0.2944 0.0219
1.3029 0.1758 0.0036
1.0892 0.0037 0.0229
-1.8791 4.5150 0.0000
-2.8939 -2.9835 0.0000
-3.0932 -3.1971 0.0000
-1.2868 -3.1019 0.0000
2.0783 0.7921 0.0000
3.4176 -1.2337 0.0000
3.2179 -1.4477 0.0000
-1.4454 -0.9355 0.0003
-3.8300 -1.6753 0.0000
2.2471 -3.9219 0.0000
1.9341 -4.0069 0.0000
3.2435 -4.2253 0.0000
2.9538 -4.2930 0.0000
-1.3259 3.9073 0.0000
4.7440 -0.2171 0.0000
-3.7040 -1.4127 0.0000
-3.9832 -1.4408 0.0000
-1.4375 3.5321 0.0000
-2.8852 3.9462 0.0000
-3.0749 3.7467 0.0000
-2.1128 3.7891 0.0000
-2.3414 3.6999 0.0000
-4.4766 -1.5500 0.0000
-4.7383 -1.7088 0.0000
-1.6011 0.2457 0.0001
-1.8677 0.1338 0.0000
1.1522 -2.2699 0.0000
0.8797 -2.4011 0.0000
0.6371 -2.2997 0.0000
-2.2891 1.6208 0.0000
1.6044 -1.0584 0.0000
1.3051 -4.5483 0.0000
3.9913 0.8932 0.0000
-1.5944 -4.6597 0.0000
4.7491 3.5316 0.0000
-2.5482 -1.5871 0.0000
-2.9583 -1.3620 0.0000
-2.8514 -1.6143 0.0000
-3.0360 -1.8122 0.0000
0.9502 -2.8842 0.0000
1.2613 2.7886 0.0000
-4.1504 -3.1214 0.0000
-0.6596 0.6492 0.1051
-0.6165 0.5751 0.1469
-0.7148 0.5615 0.1035
-0.7806 0.6868 0.0556
-0.7855 0.4961 0.0858
1.5815 1.1682 0.0000
1.1146 1.1443 0.0020
3.0803 -1.6799 0.0000
3.0360 -1.9652 0.0000
2.8024 -1.8862 0.0000
2.7187 -2.1624 0.0000
-0.1756 4.7598 0.0000
4.7520 2.9537 0.0000
2.0506 2.5891 0.0000
1.7862 -1.8948 0.0000
-4.3202 -3.5495 0.0000
0.3420 -1.2334 0.0293
-1.4932 3.0504 0.0000
0.1318 3.3153 0.0000
0.0188 3.5234 0.0000
-0.4594 4.7564 0.0000
2.1755 -2.7481 0.0000
2.1225 -3.0148 0.0000
-0.5122 0.4102 0.2756
-0.6035 0.4113 0.2101
-0.6773 0.3563 0.1750
-0.6590 0.2578 0.2113
-0.7822 0.3800 0.1072
-0.7520 0.2904 0.1395
-0.8447 0.2800 0.0896
-0.9045 0.3811 0.0552
0.6594 4.7134 0.0000
0.4090 4.7160 0.0000
0.1261 4.7518 0.0000
1.3707 3.6147 0.0000
1.0986 3.5297 0.0000
0.9343 3.3045 0.0000
1.9695 -2.0425 0.0000
1.8170 -2.2668 0.0000
-2.5904 1.1608 0.0000
1.3428 -0.9546 0.0002
1.1808 -1.1659 0.0005
-4.0843 3.1298 0.0000
-4.5101 3.1076 0.0000
4.5001 2.7872 0.0000
0.2068 -0.7044 0.2432
0.1230 -0.7511 0.2230
0.0490 -0.7434 0.2314
0.0108 -0.8211 0.1812
-0.0556 -0.8940 0.1382
0.1086 -0.8421 0.1687
0.0371 -0.9178 0.1305
-0.0389 -0.9814 0.1005
-0.1424 -0.9764 0.0957
-0.0415 -0.7294 0.2376
-0.0918 -0.8048 0.1839
-0.1634 -0.7606 0.2011
-0.2102 -0.8319 0.1525
-0.1420 -0.8821 0.1364
-0.2342 -0.9249 0.1062
-0.2991 -0.8325 0.1363
-0.3371 -0.9191 0.0941
-0.2895 -1.0658 0.0557
-0.4900 -1.1893 0.0215
-0.1117 -1.1134 0.0555
-0.0568 -1.2915 0.0250
-0.2815 -1.2823 0.0202
-0.5808 -1.4481 0.0042
3.5757 -4.7550 0.0000
4.3019 2.3248 0.0000
-3.1872 -1.5449 0.0000
-3.3161 -1.8255 0.0000
4.0229 -0.6280 0.0000
3.7467 -0.6005 0.0000
3.4318 1.8814 0.0000
3.0480 2.1139 0.0000
2.7265 -4.1420 0.0000
2.4864 -4.0282 0.0000
-3.9582 -4.7640 0.0000
1.8000 3.2848 0.0000
1.5856 3.1624 0.0000
1.3658 3.0475 0.0000
-3.1919 4.2965 0.0000
-3.4609 4.2228 0.0000
-4.3093 3.2866 0.0000
-2.5598 1.4570 0.0000
-2.9622 -4.3898 0.0000
-3.2122 -4.5219 0.0000
1.9225 1.8394 0.0000
1.6547 1.7711 0.0000
1.4128 1.6713 0.0000
-1.0791 4.3859 0.0000
-1.2709 4.5344 0.0000
2.2008 1.7443 0.0000
1.9922 2.1191 0.0000
0.2066 4.4712 0.0000
3.6227 3.6929 0.0000
2.8640 -2.4268 0.0000
0.3996 -0.2694 0.4272
0.3028 -0.2956 0.4862
0.2869 -0.3848 0.4412
0.2003 -0.3302 0.5219
0.2088 -0.4291 0.4468
0.1188 -0.4085 0.4906
0.3076 -0.4651 0.3761
0.2304 -0.5171 0.3722
0.3038 -0.5620 0.3118
0.2516 -0.6336 0.2808
0.1810 -0.5891 0.3315
0.1277 -0.6608 0.2861
0.0353 -0.6571 0.2944
0.1363 -0.4982 0.4137
0.0313 -0.3704 0.5330
0.0343 -0.4730 0.4472
0.0835 -0.5716 0.3609
-0.0071 -0.5630 0.3699
-0.0545 -0.6307 0.3103
-0.1215 -0.6911 0.2551
0.2130 -3.6454 0.0000
0.1056 -3.8775 0.0000
0.1060 -4.2064 0.0000
-0.9264 3.1340 0.0000
-1.4228 2.2354 0.0000
-1.6556 2.1372 0.0000
3.5154 -1.9300 0.0000
4.1374 -0.9048 0.0000
3.9392 -1.1216 0.0000
-2.3159 1.3085 0.0000
1.0585 4.3014 0.0000
-4.7619 1.0948 0.0000
2.2939 -3.2497 0.0000
3.3105 -3.0464 0.0000
3.2789 -3.3473 0.0000
4.0903 2.7826 0.0000
1.9368 -1.4356 0.0000
1.6768 -1.3454 0.0000
1.7415 -1.6289 0.0000
-1.9372 3.3111 0.0000
-2.1638 3.1947 0.0000
-2.3272 2.9539 0.0000
-1.7033 -1.0088 0.0000
-1.9354 -1.1030 0.0000
-3.6583 -3.0319 0.0000
-3.8769 -3.2342 0.0000
1.5361 0.3249 0.0003
1.5321 0.0339 0.0003
4.2856 -4.4767 0.0000
-4.4922 4.3001 0.0000
-4.5082 4.0234 0.0000
0.0018 1.7842 0.0015
-0.1209 1.5358 0.0072
0.9417 0.1445 0.0616
0.8250 0.1004 0.1179
0.8765 0.0095 0.0912
1.0443 -0.2600 0.0259
0.9220 -0.1085 0.0676
0.8136 -0.1539 0.1186
-4.5146 -0.3219 0.0000
-4.7503 -0.1626 0.0000
-0.3557 -3.8841 0.0000
-0.4617 -4.0990 0.0000
-0.6973 -4.2703 0.0000
0.6515 -0.8952 0.0512
1.3151 2.5436 0.0000
1.2708 2.2752 0.0000
0.8872 2.2647 0.0000
2.1887 -1.4796 0.0000
2.0312 -1.7373 0.0000
4.0444 -2.3830 0.0000
3.9448 -2.6165 0.0000
3.8330 -2.8418 0.0000
1.5852 -4.5163 0.0000
1.4153 -4.7725 0.0000
-0.4457 3.9096 0.0000
1.6215 3.7735 0.0000
-1.3739 -1.4918 0.0001
1.1912 -1.4490 0.0001
0.9843 -1.6365 0.0002
-2.8241 3.6494 0.0000
-1.4252 -0.0491 0.0009
4.2614 1.6629 0.0000
4.6084 2.2048 0.0000
4.4118 2.1046 0.0000
-4.2414 4.1553 0.0000
0.7945 -0.0673 0.1361
0.7324 -0.1708 0.1705
0.6785 -0.2518 0.1979
0.7646 0.0164 0.1583
0.6797 -0.0052 0.2241
0.7088 -0.0868 0.1967
0.6358 -0.1565 0.2499
0.5891 -0.2330 0.2752
0.6063 -0.0687 0.2868
0.5289 -0.1462 0.3497
0.4924 -0.2425 0.3579
0.4668 -0.3442 0.3394
0.3749 -0.3620 0.3993
3.1679 1.8805 0.0000
2.9451 1.8095 0.0000
-0.4602 0.8870 0.0956
-0.5573 0.7794 0.1041
-0.5799 0.8838 0.0691
-0.6655 0.7720 0.0728
-0.5936 0.6963 0.1177
-2.5588 3.4959 0.0000
-2.8021 3.3835 0.0000
-0.7506 -1.2232 0.0084
-0.8649 -1.4551 0.0015
-4.1961 -3.7634 0.0000
-4.4961 -3.7811 0.0000
1.0176 -3.5267 0.0000
-0.4230 1.9468 0.0003
-0.4878 1.5719 0.0033
1.3998 -4.0341 0.0000
1.3846 -4.2848 0.0000
3.2925 -2.1244 0.0000
3.2011 -2.3638 0.0000
3.2861 1.0811 0.0000
3.0769 0.8010 0.0000
3.0289 1.0719 0.0000
2.8089 0.9274 0.0000
2.8476 0.6316 0.0000
-3.6106 0.6254 0.0000
-3.8588 0.5490 0.0000
-4.2422 -4.5189 0.0000
-2.4708 3.2202 0.0000
4.7706 -3.6441 0.0000
4.7579 -3.9245 0.0000
4.5362 -4.2013 0.0000
-0.4152 0.3827 0.3593
-0.4935 0.3227 0.3269
-0.5794 0.3167 0.2592
-0.5692 0.2171 0.2963
-0.6533 0.1586 0.2342
-0.7383 0.1001 0.1728
-0.8094 0.0221 0.1280
-0.9330 0.0096 0.0657
-0.4024 0.2858 0.4172
-0.4824 0.2370 0.3683
-0.4961 0.1403 0.3818
-0.5728 0.1132 0.3132
-0.6489 0.0585 0.2486
-0.7157 -0.0038 0.1945
-0.7845 -0.0667 0.1438
-0.8693 -0.0823 0.0942
-0.7739 -0.1547 0.1460
-3.3189 -3.4026 0.0000
-3.5424 -3.6045 0.0000
-3.5093 -3.8990 0.0000
3.0648 -3.1756 0.0000
2.7925 -3.2872 0.0000
3.4091 -0.4771 0.0000
3.2238 -0.6699 0.0000
2.0059 2.8537 0.0000
1.7840 2.6700 0.0000
4.0783 -4.2784 0.0000
4.5117 3.1058 0.0000
-0.4622 -3.2809 0.0000
-0.6414 -3.5001 0.0000
-0.8477 -3.7274 0.0000
-1.1804 2.3517 0.0000
-4.7735 -4.7814 0.0000
-1.8013 -3.3767 0.0000
-2.1020 -3.2975 0.0000
3.8084 1.6369 0.0000
4.0207 1.4902 0.0000
3.7352 1.3533 0.0000
3.5177 1.1401 0.0000
-1.1634 -2.7812 0.0000
-1.4291 -2.8944 0.0000
-1.8016 0.9792 0.0000
-2.0647 0.8611 0.0000
-2.3197 0.7280 0.0000
3.1368 0.5296 0.0000
3.0931 0.2303 0.0000
-1.9098 -2.8521 0.0000
-0.0036 -4.4919 0.0000
0.4564 -4.7473 0.0000
0.1536 -4.7501 0.0000
-0.1431 -4.7650 0.0000
-0.2853 -4.5466 0.0000
-0.4615 -4.7539 0.0000
3.3106 2.9256 0.0000
3.1200 2.7672 0.0000
-0.3459 1.1609 0.0406
-0.5459 1.0537 0.0404
-0.2932 1.3956 0.0139
4.7647 0.2397 0.0000
4.5265 0.3505 0.0000
4.4323 0.1394 0.0000
3.7371 -2.4451 0.0000
3.6250 -2.6825 0.0000
-3.1913 4.0226 0.0000
-3.4973 3.9431 0.0000
-0.2297 -2.5864 0.0000
-0.4562 -2.4845 0.0000
-0.3535 -2.8101 0.0000
-0.4770 -3.0371 0.0000
2.5951 2.2521 0.0000
2.3297 2.1955 0.0000
2.4870 1.9560 0.0000
2.2059 1.9814 0.0000
-3.9446 0.8054 0.0000
-2.0771 -0.9108 0.0000
-2.2681 -1.0817 0.0000
-2.4052 -1.3309 0.0000
-4.4824 0.6638 0.0000
-4.5438 0.3037 0.0000
-4.7806 0.1666 0.0000
-1.6168 -2.0365 0.0000
-2.0364 2.4514 0.0000
-2.3347 2.4468 0.0000
-2.4861 2.1905 0.0000
-2.7919 2.1900 0.0000
-1.4572 -4.2885 0.0000
-0.6878 3.6954 0.0000
-0.9342 3.6322 0.0000
2.1301 2.3501 0.0000
-1.0808 -4.7346 0.0000
-2.6611 -0.0052 0.0000
-2.5137 -0.2728 0.0000
-2.7661 -0.2657 0.0000
-2.9410 -0.0664 0.0000
-3.1381 -0.5578 0.0000
0.5884 0.8432 0.0719
0.4788 0.9232 0.0708
0.4439 0.7978 0.1194
0.4112 0.7059 0.1699
4.2545 -3.6346 0.0000
4.0159 -3.4899 0.0000
3.7646 -3.6423 0.0000
-3.2589 3.2478 0.0000
4.7623 -0.4954 0.0000
4.7524 -0.7986 0.0000
-2.2085 2.1991 0.0000
4.0037 -3.7775 0.0000
3.7448 -3.9528 0.0000
3.3399 -0.9459 0.0000
3.1470 -1.1457 0.0000
2.9576 -1.3628 0.0000
2.8613 -1.6122 0.0000
4.3130 -2.2985 0.0000
-2.3284 -0.4924 0.0000
-2.0886 -0.6484 0.0000
-1.0176 3.8879 0.0000
3.0897 3.6493 0.0000
4.2762 4.2539 0.0000
4.0931 4.0489 0.0000
3.8629 3.8788 0.0000
0.6530 1.7511 0.0005
0.4519 1.5636 0.0029
4.7550 0.7944 0.0000
-4.2467 0.8637 0.0000
-0.5698 -3.7739 0.0000
0.0229 2.8448 0.0000
-0.2297 2.8603 0.0000
-3.7335 0.0466 0.0000
-3.8626 -0.1900 0.0000
-4.5757 -3.4639 0.0000
-4.7668 -3.6245 0.0000
-4.7529 -3.9197 0.0000
-1.9341 -4.2292 0.0000
-1.6920 -4.4152 0.0000
0.8586 -0.8227 0.0237
-0.9401 2.2221 0.0000
-4.0620 3.4198 0.0000
-3.0300 3.1851 0.0000
-3.2038 2.9300 0.0000
2.8770 -1.1020 0.0000
2.6193 -1.1336 0.0000
-4.1518 0.6159 0.0000
-4.3488 0.4427 0.0000
2.5983 -1.6640 0.0000
2.5191 -1.9432 0.0000
2.2336 -1.9831 0.0000
-4.7348 4.4946 0.0000
-4.7548 4.1974 0.0000
-0.0671 4.5251 0.0000
-0.3300 4.4716 0.0000
-1.7935 -4.7542 0.0000
-2.6976 -0.8257 0.0000
-3.4928 2.8246 0.0000
-3.7612 2.7204 0.0000
-2.2078 -4.5295 0.0000
-2.3586 -4.7662 0.0000
0.6943 -2.9417 0.0000
-0.7394 0.1969 0.1619
-0.8139 0.1955 0.1145
-0.8292 0.1083 0.1125
-0.9474 0.1758 0.0549
-0.5747 -0.6285 0.1429
-0.5552 -0.7327 0.1126
-0.4397 -0.7395 0.1448
-0.2052 -0.6597 0.2599
-0.2581 -0.7452 0.1912
-0.3470 -0.7260 0.1788
-0.3741 -0.8050 0.1329
-0.4220 -0.8591 0.1009
-0.4726 -0.9682 0.0600
-0.4898 -0.8072 0.1045
-0.5955 -0.8413 0.0708
-0.6767 -1.0092 0.0290
-4.0127 -1.1906 0.0000
-4.2791 -1.1904 0.0000
0.6574 0.6256 0.1119
0.7232 0.7284 0.0670
0.6175 0.7404 0.0923
0.5757 0.6831 0.1233
0.5211 0.7779 0.1070
0.7769 0.5966 0.0767
0.7063 0.5294 0.1177
0.6212 0.5352 0.1557
0.5595 0.4651 0.2154
0.5601 0.6047 0.1584
0.5019 0.7051 0.1402
0.4661 0.6223 0.1910
0.4123 0.5353 0.2631
0.5081 0.5358 0.2131
0.4617 0.4521 0.2816
0.3695 0.4471 0.3406
-0.4858 3.3301 0.0000
-0.6426 3.1029 0.0000
-3.3029 2.6305 0.0000
-3.5504 2.5298 0.0000
-2.9364 2.4234 0.0000
-3.2047 2.4055 0.0000
-3.4193 2.2668 0.0000
-3.6113 2.0614 0.0000
0.9199 4.0138 0.0000
0.6644 3.9008 0.0000
-1.2575 -0.6844 0.0031
1.9608 -0.6536 0.0000
1.8223 -0.8720 0.0000
1.7628 0.1367 0.0000
1.6287 -0.2002 0.0000
2.5928 -2.4483 0.0000
2.4829 -2.7031 0.0000
-1.0899 3.3829 0.0000
-1.2005 3.0834 0.0000
-0.6885 -1.9706 0.0001
-0.8489 -2.2223 0.0000
-1.1218 -2.2083 0.0000
-3.9942 -4.2354 0.0000
-4.2419 -4.2576 0.0000
-3.6042 1.7863 0.0000
-3.8317 1.5789 0.0000
-4.0475 1.3516 0.0000
-3.0681 3.4798 0.0000
-4.5100 0.9656 0.0000
-4.7492 0.7893 0.0000
-4.7331 0.4874 0.0000
2.6370 -2.9352 0.0000
2.3761 -2.9685 0.0000
3.7588 0.6925 0.0000
3.4345 0.6116 0.0000
-3.9715 4.2778 0.0000
3.3219 -2.6956 0.0000
3.0990 -2.8653 0.0000
4.5048 -3.6943 0.0000
4.5178 -3.9456 0.0000
4.2639 -3.9277 0.0000
-2.7257 -3.9129 0.0000
-2.9597 -4.1012 0.0000
-3.2124 -4.2612 0.0000
-0.9776 -0.6897 0.0225
1.0860 2.0955 0.0000
1.1602 1.8200 0.0000
0.8740 1.9234 0.0001
0.9307 1.6471 0.0003
0.5424 -0.5932 0.1784
0.5625 -0.6989 0.1291
0.4757 -0.7511 0.1414
0.4645 -0.8479 0.1078
0.5179 -0.9455 0.0670
0.4206 -0.5999 0.2362
0.4769 -0.6551 0.1828
0.3973 -0.7031 0.1910
0.3814 -0.7930 0.1519
0.3661 -0.8803 0.1179
0.2992 -0.7283 0.2075
0.2876 -0.8271 0.1566
0.4053 -0.9542 0.0847
0.3251 -1.0454 0.0682
0.2041 -0.7945 0.1875
0.2038 -0.8879 0.1385
0.1302 -0.9361 0.1211
0.2858 -0.9300 0.1110
0.1957 -1.0076 0.0899
0.1425 -1.1550 0.0499
0.0825 -0.9997 0.0961
0.0265 -1.0700 0.0720
0.5093 -1.1105 0.0354
-3.7661 3.8311 0.0000
-3.8032 3.5277 0.0000
4.7910 -2.3697 0.0000
4.7423 -2.6616 0.0000
-0.7606 1.4626 0.0021
2.5379 -0.6544 0.0000
2.4079 -0.9209 0.0000
2.3731 -1.1862 0.0000
1.4667 3.3804 0.0000
1.2289 3.2825 0.0000
1.0525 3.0201 0.0000
1.0308 2.7133 0.0000
3.5475 1.6137 0.0000
3.4328 1.3773 0.0000
3.2648 1.6259 0.0000
3.0090 1.5741 0.0000
3.1788 1.3322 0.0000
1.9105 -4.2762 0.0000
2.0313 -4.7509 0.0000
1.8643 -4.5245 0.0000
1.7212 -4.7657 0.0000
2.8047 -2.7070 0.0000
-3.2793 -3.7033 0.0000
-3.2384 -3.9889 0.0000
-3.4723 -4.1993 0.0000
-3.7396 -4.0799 0.0000
-3.7007 4.4410 0.0000
0.7434 -1.0776 0.0165
0.2638 3.6374 0.0000
3.7743 -1.9561 0.0000
3.8427 -2.1915 0.0000
4.5004 4.7444 0.0000
-1.4236 4.7603 0.0000
-1.7233 4.7546 0.0000
1.4308 -3.2890 0.0000
1.2936 -3.5627 0.0000
-4.2427 -1.4333 0.0000
-4.1598 -1.7112 0.0000
-1.8203 -0.7891 0.0000
1.3951 4.2608 0.0000
1.3735 3.9040 0.0000
3.7298 -0.1125 0.0000
3.4459 -0.1584 0.0000
3.2408 -0.3031 0.0000
2.6284 4.7621 0.0000
2.3284 4.7484 0.0000
0.0642 2.2625 0.0000
0.1512 2.0115 0.0003
-3.6904 -2.2001 0.0000
-3.8381 -2.4542 0.0000
-3.9976 -2.6847 0.0000
-3.3092 3.7442 0.0000
-3.5585 3.6402 0.0000
-0.4497 -4.3726 0.0000
-0.6241 -4.5472 0.0000
-0.7840 -4.7612 0.0000
2.9443 4.7456 0.0000
2.7492 4.5336 0.0000
-0.4584 3.5855 0.0000
-0.7592 3.3979 0.0000
-3.3016 0.2693 0.0000
-3.2722 -0.0847 0.0000
-3.4812 0.0939 0.0000
3.6087 2.1381 0.0000
-2.0403 4.2822 0.0000
1.4650 -1.5438 0.0000
1.2535 -1.7396 0.0000
-2.3579 4.2572 0.0000
4.2641 1.3618 0.0000
4.0040 1.2054 0.0000
4.7525 3.2544 0.0000
-4.7761 -3.2993 0.0000
1.7228 4.7513 0.0000
1.5648 4.4986 0.0000
-1.6803 -0.0297 0.0000
-2.0542 -0.0258 0.0000
0.6300 3.3426 0.0000
0.7505 3.0948 0.0000
0.4458 3.1456 0.0000
0.1940 3.0689 0.0000
0.3278 2.8860 0.0000
-1.0980 0.3262 0.0155
-1.3556 0.2239 0.0016
-3.5387 -1.1309 0.0000
-3.7588 -1.1763 0.0000
3.5606 -2.2039 0.0000
3.4361 -2.4468 0.0000
2.8255 3.5283 0.0000
2.6055 3.3563 0.0000
4.5261 2.4760 0.0000
2.4053 -0.1920 0.0000
2.1375 -0.1435 0.0000
3.4955 -2.8997 0.0000
0.3338 -3.2338 0.0000
0.1610 -3.3832 0.0000
-0.0329 -3.5345 0.0000
1.3636 -2.5311 0.0000
-1.4180 1.6416 0.0000
-1.5715 1.4332 0.0000
-1.7988 1.5659 0.0000
1.0878 -2.5745 0.0000
0.7978 -2.6596 0.0000
1.1405 4.7573 0.0000
0.8715 4.7736 0.0000
0.9677 4.5359 0.0000
2.1504 1.0953 0.0000
1.9013 1.0159 0.0000
-0.0969 -2.0391 0.0002
-0.2249 -2.2906 0.0000
-2.3424 1.9124 0.0000
-2.5635 1.7238 0.0000
4.7883 2.3571 0.0000
3.4782 2.3857 0.0000
3.3244 2.1414 0.0000
-4.2646 3.8695 0.0000
2.1226 -2.2665 0.0000
2.2892 -2.4874 0.0000
1.9668 -2.5192 0.0000
1.9002 -2.7748 0.0000
4.2930 4.5015 0.0000
4.0176 4.3208 0.0000
3.8061 4.1661 0.0000
-2.8169 1.3404 0.0000
-2.6417 4.0933 0.0000
-2.6480 4.3534 0.0000
-2.9261 4.2351 0.0000
-4.5241 3.7334 0.0000
-4.5348 3.4318 0.0000
-4.7555 3.2680 0.0000
-2.3251 -2.8248 0.0000
-2.5162 -2.9567 0.0000
1.1333 3.8090 0.0000
0.8773 3.7347 0.0000
0.7747 3.5335 0.0000
-0.8291 -1.7025 0.0003
3.2225 3.1650 0.0000
3.0059 3.0241 0.0000
-3.6916 -0.4046 0.0000
-3.7711 -0.6613 0.0000
-1.5581 0.5419 0.0001
-1.7994 0.4291 0.0000
-2.8382 4.5159 0.0000
2.3949 2.4699 0.0000
0.7114 -1.5528 0.0016
0.4958 -1.7447 0.0011
3.5905 3.9759 0.0000
-0.7424 -3.9896 0.0000
-0.9525 -4.1965 0.0000
-1.0800 -3.9249 0.0000
-1.1998 -4.2195 0.0000
-1.1558 -4.4682 0.0000
-1.3806 -4.5138 0.0000
-3.9988 3.9957 0.0000
1.7166 -0.5559 0.0000
1.5735 -0.7633 0.0000
4.7544 -1.3952 0.0000
4.7663 -1.7146 0.0000
4.4476 -2.0651 0.0000
2.8861 0.0529 0.0000
2.6536 -0.0944 0.0000
-2.1922 -4.3005 0.0000
2.5200 2.8145 0.0000
2.2844 2.6764 0.0000
-3.9611 4.5449 0.0000
-0.0306 4.2832 0.0000
-0.2816 4.2021 0.0000
-2.0941 1.9527 0.0000
-2.0224 1.7141 0.0000
0.2717 -1.9584 0.0004
0.1022 -2.2132 0.0001
-2.0719 0.5764 0.0000
-2.3119 0.4242 0.0000
-2.5485 0.2730 0.0000
-1.1037 -3.6163 0.0000
-1.3409 -3.7321 0.0000
-1.3836 -4.0096 0.0000
-1.6139 -3.8384 0.0000
-1.6783 -4.1098 0.0000
-0.2038 2.3477 0.0000
-0.1575 2.0451 0.0002
1.4171 -2.7780 0.0000
1.1834 -2.7952 0.0000
-1.8158 -1.3252 0.0000
-2.1104 -1.3132 0.0000
-2.2467 -1.5730 0.0000
2.0764 0.4940 0.0000
-3.8738 1.8408 0.0000
-4.0981 1.6602 0.0000
0.7997 2.8232 0.0000
0.7845 2.5475 0.0000
0.5402 3.6542 0.0000
0.3675 3.4042 0.0000
2.0183 -3.2820 0.0000
1.8802 -3.0239 0.0000
1.7157 -3.2666 0.0000
4.3492 -1.4243 0.0000
4.2186 -1.6544 0.0000
-3.9292 -2.9530 0.0000
4.2161 1.9521 0.0000
4.0092 1.7991 0.0000
4.7522 -1.0856 0.0000
4.5243 -1.2285 0.0000
4.5431 -1.5453 0.0000
4.4943 -1.7922 0.0000
0.6119 -3.2157 0.0000
0.4759 -3.4833 0.0000
4.7623 4.7662 0.0000
-0.9852 -3.0182 0.0000
-1.0699 -3.2752 0.0000
-0.9094 -3.4489 0.0000
-1.7735 -2.2711 0.0000
-2.0636 -2.3243 0.0000
-2.2375 -2.4880 0.0000
4.2539 -1.9244 0.0000
4.0991 -2.1158 0.0000
-4.1668 -0.9480 0.0000
-4.4783 -0.9415 0.0000
-4.7489 -1.0912 0.0000
0.9886 -1.0407 0.0042
1.6585 -2.7508 0.0000
1.6376 -3.0055 0.0000
1.4095 -3.0385 0.0000
1.1722 -3.0558 0.0000
-3.7801 -3.7895 0.0000
-4.0053 -3.9640 0.0000
-4.2708 -4.0115 0.0000
-1.2164 3.6479 0.0000
-1.3602 3.3123 0.0000
-4.5030 4.7797 0.0000
-4.7611 4.7585 0.0000
1.2275 -0.4074 0.0042
1.0116 -0.5619 0.0186
0.8686 -0.2436 0.0821
0.7854 -1.8359 0.0001
0.5749 -2.0176 0.0001
0.3871 -2.2202 0.0000
-1.4467 -2.2375 0.0000
-1.5944 -2.4512 0.0000
4.2737 2.6170 0.0000
-3.2119 1.0219 0.0000
-3.4818 0.9934 0.0000
-3.1713 -2.8976 0.0000
-3.3740 -3.1090 0.0000
-3.5873 -3.3083 0.0000
0.2313 -1.6488 0.0034
0.0400 -1.8314 0.0011
4.7554 1.3971 0.0000
-2.0295 3.5438 0.0000
-2.2643 3.4437 0.0000
0.9016 -3.1812 0.0000
0.7865 -3.4389 0.0000
-0.5836 -2.7157 0.0000
-0.8790 -2.7381 0.0000
-0.7004 -2.9546 0.0000
-0.7520 -3.2186 0.0000
3.5190 -0.7057 0.0000
-4.7616 3.8955 0.0000
-4.7666 3.5867 0.0000
0.7063 -3.6967 0.0000
0.4344 -3.7654 0.0000
-2.5034 -3.7108 0.0000
-2.7854 -3.6210 0.0000
-3.0051 -3.8108 0.0000
4.7398 -2.9584 0.0000
-2.3795 -0.7958 0.0000
-2.5524 -1.0684 0.0000
-2.6901 -1.3352 0.0000
0.9530 -3.7572 0.0000
0.8793 -3.9827 0.0000
1.3341 -2.0353 0.0000
-1.8881 -2.5442 0.0000
-2.1184 -2.6904 0.0000
-4.1036 -3.4018 0.0000
-4.0022 -3.6383 0.0000
0.2292 -2.7215 0.0000
0.1578 -2.9937 0.0000
0.0185 -3.1863 0.0000
0.5466 1.2876 0.0113
0.6050 1.0499 0.0305
0.3917 1.1115 0.0383
0.2194 1.0576 0.0634
0.3329 0.9587 0.0814
0.3764 0.8607 0.1094
-1.8133 -0.5026 0.0000
3.7800 2.8728 0.0000
-2.4741 -2.6229 0.0000
-2.6993 -2.7880 0.0000
0.7329 4.4687 0.0000
0.8088 4.2352 0.0000
0.5732 4.1559 0.0000
-3.3286 3.4767 0.0000
-3.5745 3.3326 0.0000
2.8147 -4.5240 0.0000
2.6489 -4.7438 0.0000
3.5967 4.7585 0.0000
3.2718 4.7434 0.0000
3.4530 4.5380 0.0000
2.2114 -3.5341 0.0000
2.0661 -3.7573 0.0000
3.5066 -3.7741 0.0000
-4.2240 4.4412 0.0000
-1.2970 -3.4185 0.0000
-1.5600 -3.5421 0.0000
-2.8557 -0.4846 0.0000
-2.9252 -0.7307 0.0000
-3.2893 -0.7435 0.0000
1.4184 -1.2614 0.0000
-4.1999 -2.8352 0.0000
-3.8416 3.2397 0.0000
-3.9399 2.9237 0.0000
0.0632 3.8076 0.0000
-0.1621 3.9761 0.0000
-1.5401 3.7589 0.0000
-1.8464 3.7725 0.0000
0.5208 2.6206 0.0000
0.2965 2.4192 0.0000
4.7518 2.0095 0.0000
4.5034 1.8495 0.0000
-4.1276 2.7663 0.0000
-4.2428 2.5245 0.0000
-4.2751 2.9792 0.0000
-4.4635 2.7802 0.0000
-3.7269 -4.3664 0.0000
-3.9878 -4.5032 0.0000
3.0150 -3.4632 0.0000
1.9778 1.5733 0.0000
1.7433 1.5233 0.0000
-4.2694 -0.4402 0.0000
-4.2889 -0.7007 0.0000
-4.5288 -0.6188 0.0000
-2.6262 1.9591 0.0000
-2.8721 1.9205 0.0000
-3.1035 1.8057 0.0000
-2.8210 1.6468 0.0000
-3.0761 1.5114 0.0000
-3.0530 1.2306 0.0000
1.6623 0.9194 0.0000
0.7757 -0.2479 0.1314
0.7514 -0.3243 0.1343
0.6495 -0.3418 0.1985
0.6422 -0.4418 0.1749
0.5596 -0.3102 0.2776
0.5584 -0.3963 0.2479
0.5543 -0.4898 0.2138
0.4722 -0.5297 0.2457
0.4716 -0.4372 0.2920
0.3926 -0.4386 0.3437
0.3833 -0.5236 0.2988
0.3467 -0.6364 0.2470
-3.4917 -4.7564 0.0000
0.2515 2.6875 0.0000
1.4393 0.7868 0.0004
1.3512 1.0304 0.0005
1.1588 0.7991 0.0051
0.9098 0.7218 0.0299
4.4611 -0.1294 0.0000
4.2186 -0.1797 0.0000
4.2369 -0.4330 0.0000
-1.1485 -1.7127 0.0001
-1.4679 -1.7738 0.0000
4.4893 -0.3884 0.0000
4.2958 -0.6888 0.0000
4.4870 -4.7267 0.0000
-1.9348 -4.5124 0.0000
-2.0654 -4.7668 0.0000
-2.6081 2.9312 0.0000
-2.7347 3.1601 0.0000
-2.9063 2.9284 0.0000
-2.7643 2.6788 0.0000
-3.0459 2.6790 0.0000
-2.0921 -1.8288 0.0000
-2.3772 -1.8239 0.0000
-2.5149 -2.0456 0.0000
-2.6872 -2.2088 0.0000
-2.9252 -2.2984 0.0000
-2.6585 4.7386 0.0000
-3.9414 2.5527 0.0000
-3.7355 2.3448 0.0000
-3.8595 2.0835 0.0000
-2.1543 4.0289 0.0000
-2.3941 3.9666 0.0000
3.0266 -0.8483 0.0000
2.7192 -0.8658 0.0000
-1.7268 4.2694 0.0000
-1.8933 4.0419 0.0000
-3.7306 -2.7428 0.0000
-0.9866 -1.9549 0.0000
-1.2941 -1.9982 0.0000
-0.9952 1.0342 0.0041
-0.9079 0.5515 0.0385
-1.1110 0.5728 0.0082
-1.3391 0.4917 0.0011
-1.6525 -1.5472 0.0000
-1.7825 -1.8059 0.0000
-1.9343 -2.0556 0.0000
-2.2350 -2.1076 0.0000
3.9916 -4.5161 0.0000
4.5309 4.4854 0.0000
4.2191 0.0961 0.0000
3.9902 -0.0433 0.0000
3.9388 -0.3414 0.0000
3.6292 -0.3691 0.0000
0.8662 -0.3734 0.0700
0.7345 -0.4117 0.1271
0.7123 -0.5061 0.1177
0.8182 -0.5053 0.0713
0.6273 -0.5421 0.1522
0.7062 -0.5935 0.0998
0.7965 -0.6431 0.0577
0.6780 -0.7335 0.0776
-2.4799 4.5308 0.0000
4.0166 -4.0406 0.0000
-2.9681 4.7679 0.0000
-3.1088 4.5297 0.0000
-3.8116 0.2848 0.0000
-4.0298 0.0565 0.0000
-0.5360 1.2996 0.0134
-0.7663 1.1812 0.0091
-0.7621 0.9205 0.0284
-1.1515 -0.9333 0.0036
-2.3403 4.7648 0.0000
-2.8579 -3.3292 0.0000
-3.0607 -3.5157 0.0000
-0.9955 -1.1774 0.0035
-1.1021 -1.4385 0.0005
1.1918 -3.8253 0.0000
-3.2844 4.7592 0.0000
-3.4089 4.5031 0.0000
-4.4665 -1.8426 0.0000
-0.0520 -2.8157 0.0000
-0.2046 -3.0585 0.0000
-3.3254 0.5307 0.0000
-3.5744 0.3569 0.0000
-1.5595 -1.2454 0.0000
-1.9548 -1.5723 0.0000
