5.0000 5.0000 0.0000
0.0000 5.0000 0.0000
2.5000 5.0000 0.0000
3.7500 5.0000 0.0000
4.3750 5.0000 0.0000
4.6875 5.0000 0.0000
4.0625 5.0000 0.0000
3.1250 5.0000 0.0000
3.4375 5.0000 0.0000
2.8125 5.0000 0.0000
1.2500 5.0000 0.0000
1.8750 5.0000 0.0000
2.1875 5.0000 0.0000
1.5625 5.0000 0.0000
0.6250 5.0000 0.0000
0.9375 5.0000 0.0000
0.3125 5.0000 0.0000
-2.5000 5.0000 0.0000
-1.2500 5.0000 0.0000
-0.6250 5.0000 0.0000
-0.3125 5.0000 0.0000
-0.9375 5.0000 0.0000
-1.8750 5.0000 0.0000
-1.5625 5.0000 0.0000
-2.1875 5.0000 0.0000
-3.7500 5.0000 0.0000
-3.1250 5.0000 0.0000
-2.8125 5.0000 0.0000
-3.4375 5.0000 0.0000
-4.3750 5.0000 0.0000
-4.0625 5.0000 0.0000
-4.6875 5.0000 0.0000
5.0000 -5.0000 0.0000
5.0000 0.0000 0.0000
5.0000 -2.5000 0.0000
5.0000 -3.7500 0.0000
5.0000 -4.3750 0.0000
5.0000 -4.6875 0.0000
5.0000 -4.0625 0.0000
5.0000 -3.1250 0.0000
5.0000 -3.4375 0.0000
5.0000 -2.8125 0.0000
5.0000 -1.2500 0.0000
5.0000 -1.8750 0.0000
5.0000 -2.1875 0.0000
5.0000 -1.5625 0.0000
5.0000 -0.6250 0.0000
5.0000 -0.9375 0.0000
5.0000 -0.3125 0.0000
5.0000 2.5000 0.0000
5.0000 1.2500 0.0000
5.0000 0.6250 0.0000
5.0000 0.3125 0.0000
5.0000 0.9375 0.0000
5.0000 1.8750 0.0000
5.0000 1.5625 0.0000
5.0000 2.1875 0.0000
5.0000 3.7500 0.0000
5.0000 3.1250 0.0000
5.0000 2.8125 0.0000
5.0000 3.4375 0.0000
5.0000 4.3750 0.0000
5.0000 4.0625 0.0000
5.0000 4.6875 0.0000
-5.0000 -5.0000 0.0000
0.0000 -5.0000 0.0000
-2.5000 -5.0000 0.0000
-3.7500 -5.0000 0.0000
-4.3750 -5.0000 0.0000
-4.6875 -5.0000 0.0000
-4.0625 -5.0000 0.0000
-3.1250 -5.0000 0.0000
-3.4375 -5.0000 0.0000
-2.8125 -5.0000 0.0000
-1.2500 -5.0000 0.0000
-1.8750 -5.0000 0.0000
-2.1875 -5.0000 0.0000
-1.5625 -5.0000 0.0000
-0.6250 -5.0000 0.0000
-0.9375 -5.0000 0.0000
-0.3125 -5.0000 0.0000
2.5000 -5.0000 0.0000
1.2500 -5.0000 0.0000
0.6250 -5.0000 0.0000
0.3125 -5.0000 0.0000
0.9375 -5.0000 0.0000
1.8750 -5.0000 0.0000
1.5625 -5.0000 0.0000
2.1875 -5.0000 0.0000
3.7500 -5.0000 0.0000
3.1250 -5.0000 0.0000
2.8125 -5.0000 0.0000
3.4375 -5.0000 0.0000
4.3750 -5.0000 0.0000
4.0625 -5.0000 0.0000
4.6875 -5.0000 0.0000
-5.0000 5.0000 0.0000
-5.0000 0.0000 0.0000
-5.0000 2.5000 0.0000
-5.0000 3.7500 0.0000
-5.0000 4.3750 0.0000
-5.0000 4.6875 0.0000
-5.0000 4.0625 0.0000
-5.0000 3.1250 0.0000
-5.0000 3.4375 0.0000
-5.0000 2.8125 0.0000
-5.0000 1.2500 0.0000
-5.0000 1.8750 0.0000
-5.0000 2.1875 0.0000
-5.0000 1.5625 0.0000
-5.0000 0.6250 0.0000
-5.0000 0.9375 0.0000
-5.0000 0.3125 0.0000
-5.0000 -2.5000 0.0000
-5.0000 -1.2500 0.0000
-5.0000 -0.6250 0.0000
-5.0000 -0.3125 0.0000
-5.0000 -0.9375 0.0000
-5.0000 -1.8750 0.0000
-5.0000 -1.5625 0.0000
-5.0000 -2.1875 0.0000
-5.0000 -3.7500 0.0000
-5.0000 -3.1250 0.0000
-5.0000 -2.8125 0.0000
-5.0000 -3.4375 0.0000
-5.0000 -4.3750 0.0000
-5.0000 -4.0625 0.0000
-5.0000 -4.6875 0.0000
2.5489 1.1788 0.0000
2.3363 0.9863 0.0000
2.1131 0.7936 0.0000
1.8257 0.8713 0.0000
1.8927 0.6117 0.0000
1.6673 0.5554 0.0003
1.4129 0.5271 0.0033
-2.3386 2.3170 0.0000
-2.5970 2.1641 0.0000
2.6144 2.5302 0.0000
2.3522 2.3557 0.0000
-4.7641 3.3281 0.0000
1.6476 -2.7615 0.0000
-3.4332 4.5286 0.0000
-3.5849 4.2940 0.0000
-3.7684 4.1416 0.0000
-3.7162 3.9033 0.0000
-2.2536 -3.8607 0.0000
4.0265 0.5058 0.0000
-2.3185 -2.3219 0.0000
3.2746 0.1437 0.0000
-2.0307 -4.4171 0.0000
-2.2140 -4.6112 0.0000
-1.6087 4.4637 0.0000
2.0445 -4.7654 0.0000
3.7661 2.7159 0.0000
-3.9838 -0.8464 0.0000
2.6654 4.7110 0.0000
-3.1300 4.5198 0.0000
-3.2947 4.2791 0.0000
-3.2116 -1.0933 0.0000
-3.4522 -1.2432 0.0000
2.8458 2.3929 0.0000
1.9561 -2.3511 0.0000
1.9142 -2.6620 0.0000
1.6833 -2.4683 0.0000
3.2043 -4.2505 0.0000
-2.8648 3.2402 0.0000
3.1932 4.1126 0.0000
2.8964 4.1126 0.0000
2.7686 3.8730 0.0000
2.4908 3.9047 0.0000
-3.1283 -2.2040 0.0000
0.1684 4.7798 0.0000
0.0275 4.5873 0.0000
-0.1848 4.7454 0.0000
-0.1842 4.4198 0.0000
-2.6488 -3.2216 0.0000
-2.8452 -2.9959 0.0000
-2.9244 -3.2883 0.0000
-1.9181 2.9745 0.0000
0.4830 -4.2808 0.0000
0.3391 -4.5195 0.0000
0.2513 -2.0810 0.0001
-1.6561 -0.4181 0.0004
-1.6278 4.1434 0.0000
1.7247 -2.1857 0.0000
1.4427 -2.2727 0.0000
1.4221 -2.5912 0.0000
1.2185 -2.4154 0.0000
1.1387 -2.6939 0.0000
-2.7168 2.7685 0.0000
0.6531 -4.0710 0.0000
0.4915 -3.8570 0.0000
0.3284 -4.0718 0.0000
-3.9278 4.3420 0.0000
-2.9979 -4.2798 0.0000
-3.0471 -4.5233 0.0000
0.0771 -2.3100 0.0000
-0.0186 -0.9673 0.1047
-0.2098 -1.2338 0.0296
0.2222 3.2240 0.0000
-0.0476 3.1298 0.0000
-2.3521 4.7449 0.0000
3.5404 -0.9127 0.0000
4.5077 1.8619 0.0000
4.2665 1.8312 0.0000
3.4556 -3.9769 0.0000
3.5156 -2.2261 0.0000
3.2285 -2.3172 0.0000
-3.2416 -0.5235 0.0000
-0.2714 0.1787 0.5110
-0.3068 0.0930 0.5133
-0.3677 0.1748 0.4535
-0.4032 0.0887 0.4486
0.2927 1.4912 0.0063
0.0629 1.4435 0.0100
-0.1578 1.2713 0.0254
2.9998 -2.1409 0.0000
1.5117 -3.3943 0.0000
1.2277 -3.4840 0.0000
3.2493 -3.4603 0.0000
3.0308 -3.5106 0.0000
3.2587 -2.8202 0.0000
-1.0762 2.3739 0.0000
-1.3102 2.2028 0.0000
-1.3018 1.9167 0.0000
3.7983 0.6611 0.0000
3.7617 0.3781 0.0000
-4.1593 0.4130 0.0000
0.7209 0.1488 0.2100
0.7313 0.3079 0.1769
0.6743 0.2321 0.2265
0.6366 0.0572 0.2766
0.7255 0.4095 0.1566
0.6519 0.3483 0.2119
0.6077 0.2814 0.2577
0.5669 0.2130 0.3032
0.6239 0.1472 0.2759
0.5078 0.1557 0.3591
0.5496 0.0762 0.3400
0.4479 0.0889 0.4157
0.4885 0.0019 0.3909
-0.5701 1.1890 0.0204
-0.6594 1.4587 0.0039
-0.8140 1.2463 0.0074
-1.0829 1.1926 0.0029
-1.8009 -0.8981 0.0000
-1.9985 -1.1069 0.0000
3.2650 -3.2193 0.0000
-4.2233 -3.9504 0.0000
-4.5108 -4.0195 0.0000
-4.7335 -3.7519 0.0000
-4.7628 -3.9810 0.0000
-4.6922 -4.2558 0.0000
-0.1115 2.8586 0.0000
1.8935 2.6647 0.0000
-2.0259 -3.7441 0.0000
-0.0133 0.8443 0.1606
-0.0761 0.7831 0.1925
-0.1443 0.8593 0.1480
-0.1664 0.7721 0.1914
-0.3197 0.8662 0.1252
-0.2398 0.8179 0.1582
-0.2341 0.7091 0.2171
-0.3269 0.7763 0.1639
-0.3201 0.6873 0.2105
1.3949 2.4107 0.0000
1.2380 2.2242 0.0000
-3.6157 2.2359 0.0000
-3.8062 2.0861 0.0000
-3.6108 1.9005 0.0000
-3.8722 1.8465 0.0000
2.0115 1.3650 0.0000
1.7371 1.3881 0.0000
2.0710 1.0713 0.0000
1.8210 1.1549 0.0000
1.5958 1.0668 0.0001
0.4702 3.3532 0.0000
2.2749 -0.0208 0.0000
3.9528 -4.7612 0.0000
-1.2810 1.6314 0.0001
-1.5591 1.5007 0.0000
2.8593 -1.6731 0.0000
2.7713 -1.9393 0.0000
4.3111 -3.5564 0.0000
0.6984 -4.3891 0.0000
0.6072 -4.5915 0.0000
0.4593 -4.7835 0.0000
1.0596 -0.6044 0.0264
0.9589 -0.4667 0.0600
0.8504 -0.5395 0.0830
0.8801 -0.6850 0.0510
0.7464 -0.6317 0.0979
-2.3991 4.2279 0.0000
-2.6420 3.4807 0.0000
-2.6112 3.2387 0.0000
-2.6372 3.0085 0.0000
-0.9377 -2.5011 0.0000
-1.1458 -2.7153 0.0000
4.3304 -4.0190 0.0000
-4.5931 0.6218 0.0000
-4.7696 0.4500 0.0000
2.5851 -0.4132 0.0000
2.3157 -0.5658 0.0000
-1.0772 3.7703 0.0000
-1.3127 3.7264 0.0000
-1.5443 3.6173 0.0000
3.1991 -1.2769 0.0000
3.9674 3.1650 0.0000
4.4656 3.2081 0.0000
4.7603 3.0257 0.0000
4.5318 2.9734 0.0000
4.3048 2.8645 0.0000
1.7170 -4.7374 0.0000
1.4152 -4.7395 0.0000
1.0964 -4.7567 0.0000
4.7536 2.5166 0.0000
4.7295 2.2617 0.0000
4.7482 1.9876 0.0000
4.1727 -3.1253 0.0000
-2.5625 -0.9609 0.0000
-4.7552 -2.2719 0.0000
-4.7510 -2.5293 0.0000
-2.2914 -2.6775 0.0000
-1.9912 -2.2105 0.0000
-1.0825 -1.6252 0.0003
4.5162 -4.7487 0.0000
2.1622 0.5093 0.0000
-3.4687 -4.7377 0.0000
4.5068 -3.7612 0.0000
4.1892 -3.7776 0.0000
-0.2303 0.9167 0.1152
0.1672 2.9423 0.0000
3.9082 -4.2680 0.0000
3.0468 -0.0437 0.0000
2.8212 -0.2461 0.0000
2.5502 -0.1329 0.0000
-3.1005 -2.8087 0.0000
1.0412 2.4044 0.0000
-1.7866 3.5188 0.0000
1.0902 1.6769 0.0002
1.2229 1.2066 0.0013
-0.4786 0.1147 0.3887
-0.5276 0.0503 0.3591
-0.5653 -0.0235 0.3315
-0.6221 -0.0854 0.2850
-0.5450 0.1693 0.3293
-0.5968 0.1041 0.3020
-0.6365 0.0288 0.2783
-0.6842 -0.0377 0.2438
-0.7480 -0.1010 0.1978
-0.7579 -0.2040 0.1802
1.4906 -1.7356 0.0000
1.2277 -1.7374 0.0001
1.2795 -2.0305 0.0000
1.0131 -1.9401 0.0000
1.0842 -2.2108 0.0000
2.3849 0.6977 0.0000
2.4338 0.4135 0.0000
2.1965 0.2258 0.0000
-0.2856 2.3072 0.0000
3.3784 3.6622 0.0000
3.1487 3.5322 0.0000
3.2488 1.2403 0.0000
3.0123 1.2733 0.0000
2.7588 1.3716 0.0000
2.8235 1.0755 0.0000
2.6044 0.8884 0.0000
1.4302 0.3001 0.0041
1.3910 0.0507 0.0064
1.5223 -0.1780 0.0020
1.2585 -0.2034 0.0154
0.4065 -0.8316 0.1244
0.3601 -0.9080 0.1030
0.3016 -1.0112 0.0751
0.1663 -1.1343 0.0498
0.1807 -0.9833 0.0933
0.0765 -0.9985 0.0921
-0.0437 -1.1034 0.0597
0.0183 -1.3041 0.0224
-2.0638 -1.9000 0.0000
0.2945 -2.8301 0.0000
0.0909 -3.0291 0.0000
-0.4963 -0.0761 0.3808
-0.5574 -0.1385 0.3258
-0.6665 -0.1612 0.2442
-0.5910 -0.2280 0.2828
-0.6817 -0.2636 0.2153
-0.6026 -0.3245 0.2482
-0.6928 -0.3621 0.1852
-0.7758 -0.4027 0.1345
2.1790 1.5854 0.0000
4.2820 -0.4791 0.0000
4.0220 -0.6249 0.0000
4.2670 -0.7707 0.0000
4.0064 -0.9246 0.0000
3.9950 -1.2298 0.0000
3.5469 1.8890 0.0000
3.2514 1.7689 0.0000
-0.3486 1.1398 0.0402
-3.9285 -2.8981 0.0000
-4.2252 -2.8022 0.0000
-4.4830 -2.9560 0.0000
-1.7198 -1.1830 0.0000
-1.9207 -1.3911 0.0000
-2.6038 1.8660 0.0000
2.6547 -4.7552 0.0000
-2.8720 -2.2241 0.0000
0.7158 3.7947 0.0000
-3.7886 -1.9335 0.0000
-3.7551 -2.2019 0.0000
-4.0096 -2.3400 0.0000
-3.9910 -2.6444 0.0000
-4.2451 -2.5201 0.0000
1.1411 -1.1717 0.0023
4.4686 3.4952 0.0000
-2.2064 3.7009 0.0000
-2.3576 3.4462 0.0000
-1.9364 -3.9554 0.0000
-2.1172 -4.1264 0.0000
-2.3099 -4.3425 0.0000
-2.3457 1.1182 0.0000
4.0386 -4.0166 0.0000
4.0072 -2.3845 0.0000
3.9898 -2.6662 0.0000
0.5405 -2.0736 0.0001
0.4162 -2.2916 0.0000
-1.3753 -4.7529 0.0000
-1.6799 -4.7486 0.0000
3.0081 0.2415 0.0000
4.1972 -4.2716 0.0000
-2.0811 -0.8202 0.0000
-2.3560 -0.7892 0.0000
4.4924 -4.2810 0.0000
-2.1970 -1.3191 0.0000
-2.4003 -1.5171 0.0000
3.1143 -4.5004 0.0000
2.9587 -4.7532 0.0000
-1.0935 0.3083 0.0382
-1.3327 0.2345 0.0088
-1.4189 0.0092 0.0051
-1.5449 0.3421 0.0014
-1.6689 0.1300 0.0005
-1.7020 -0.1329 0.0004
0.6283 4.2877 0.0000
0.3876 4.2442 0.0000
2.9164 3.0214 0.0000
2.8734 2.6981 0.0000
4.7665 -0.1652 0.0000
-3.9798 -3.7614 0.0000
-4.2267 -3.6388 0.0000
-1.8257 1.3701 0.0000
-2.4416 -3.4197 0.0000
2.4992 -3.7290 0.0000
-4.3561 -4.2384 0.0000
-4.4525 -4.4906 0.0000
-4.7424 -4.5281 0.0000
-4.7935 -4.7919 0.0000
-3.7173 0.8431 0.0000
-3.8563 0.5662 0.0000
-3.9686 -3.4751 0.0000
3.1794 -3.9981 0.0000
-1.9806 -0.0339 0.0000
-2.2105 -0.2437 0.0000
-2.4683 -0.3281 0.0000
-4.5215 4.3580 0.0000
0.3805 -1.5722 0.0035
0.2396 -1.8261 0.0007
-0.5003 4.7760 0.0000
-0.4289 4.5605 0.0000
4.7647 -2.3392 0.0000
-0.5474 -1.8608 0.0003
0.9480 -3.6056 0.0000
-2.4733 0.2209 0.0000
-2.2608 0.0063 0.0000
-2.5060 -0.0697 0.0000
-2.7446 -1.1570 0.0000
-2.6857 -1.4441 0.0000
1.4919 1.2931 0.0001
1.3608 0.9887 0.0013
1.0999 0.9353 0.0081
0.8054 0.7132 0.0620
0.8634 0.8948 0.0280
0.6763 0.8314 0.0655
0.6788 0.6904 0.0990
0.5868 0.7238 0.1151
0.6071 0.6322 0.1394
-2.3564 0.5131 0.0000
3.5554 -0.5842 0.0000
-3.7004 -3.3384 0.0000
-3.9470 -3.1881 0.0000
2.4976 -2.0490 0.0000
2.2621 -1.8963 0.0000
2.9387 -4.2519 0.0000
-2.3678 3.1913 0.0000
1.1937 0.2352 0.0236
1.1510 0.0119 0.0338
0.9553 -0.0457 0.0929
0.9173 -0.1420 0.1060
1.0465 -0.1445 0.0579
1.0367 -0.3254 0.0513
0.9100 -0.2320 0.1028
0.8853 -0.3259 0.1032
-4.2140 4.7706 0.0000
-4.3576 4.5311 0.0000
0.7544 -1.8776 0.0002
-1.1150 -0.6048 0.0204
2.6604 3.6252 0.0000
3.8783 -3.8061 0.0000
1.0939 4.5069 0.0000
0.8569 4.4582 0.0000
0.3924 -0.4315 0.3256
0.4387 -0.5014 0.2673
0.3419 -0.5002 0.3103
0.3016 -0.5728 0.2818
0.3312 -0.6572 0.2239
0.2705 -0.7290 0.1990
0.1797 -0.7236 0.2180
0.2136 -0.8127 0.1642
0.1221 -0.8164 0.1716
0.0697 -0.8998 0.1328
0.0304 -4.0569 0.0000
-0.2579 -4.0365 0.0000
-1.5573 1.7816 0.0000
3.7401 -4.5110 0.0000
3.5257 -4.7474 0.0000
3.0988 -2.9958 0.0000
2.5100 -4.5050 0.0000
2.3492 -4.7530 0.0000
-2.7304 0.1045 0.0000
-1.5639 2.0633 0.0000
-1.8255 1.9446 0.0000
4.1955 -1.5459 0.0000
3.9558 -1.4975 0.0000
-2.5017 -4.5295 0.0000
-1.6761 -3.9584 0.0000
-1.8403 -4.2102 0.0000
-2.8578 2.5965 0.0000
-4.7435 -1.0825 0.0000
2.9655 -2.7294 0.0000
2.8191 -2.9924 0.0000
-2.9432 0.6108 0.0000
-2.2233 -3.5511 0.0000
2.3978 2.9487 0.0000
0.9486 3.6280 0.0000
0.7036 3.4935 0.0000
0.6685 -1.5976 0.0016
-0.8968 0.4801 0.0771
-0.8194 0.3974 0.1200
0.4284 -0.6791 0.1847
0.3652 -0.7469 0.1695
0.3088 -0.8226 0.1455
0.2561 -0.9035 0.1177
0.1605 -0.8985 0.1286
1.2021 2.5809 0.0000
1.6737 -4.4604 0.0000
-2.7080 -3.5005 0.0000
-2.9800 -3.5763 0.0000
0.2287 -0.5285 0.3327
0.2255 -0.6318 0.2662
0.1280 -0.6434 0.2762
0.0514 -0.5795 0.3282
0.0378 -0.6738 0.2630
-0.0378 -0.6172 0.3015
-0.0312 -0.7230 0.2307
-0.0702 -0.8043 0.1807
-0.1354 -0.7602 0.2004
-0.1801 -0.8297 0.1577
-0.1959 -0.9332 0.1097
-0.0523 -2.8047 0.0000
-0.2191 -3.0164 0.0000
-0.0705 -3.2781 0.0000
-0.3524 -3.2832 0.0000
1.1610 1.9506 0.0000
0.9555 2.1398 0.0000
0.8749 1.8641 0.0001
0.8087 1.5878 0.0011
-4.5229 1.9083 0.0000
-4.7378 1.7258 0.0000
-0.8008 -1.7296 0.0004
-1.0239 -1.9150 0.0000
3.5143 1.6161 0.0000
3.2668 1.4898 0.0000
3.0089 1.5473 0.0000
-0.1117 0.1061 0.5990
-0.2093 0.0976 0.5658
-0.0400 0.0260 0.6236
-0.1471 0.0180 0.6007
-0.2488 0.0115 0.5559
-0.1949 -0.0700 0.5766
-0.2955 -0.0733 0.5234
-0.3451 -0.1589 0.4731
-0.4045 -0.2481 0.4039
-2.2704 2.6009 0.0000
-3.9266 -4.0087 0.0000
-3.7922 -4.2390 0.0000
-4.0759 -4.2291 0.0000
-4.1526 -4.4853 0.0000
-4.2512 -4.7450 0.0000
2.1754 -1.3155 0.0000
1.9570 -1.4924 0.0000
2.0057 -1.7660 0.0000
0.5371 1.5129 0.0037
0.4998 1.2693 0.0161
0.4883 1.0838 0.0400
0.2888 1.2616 0.0234
0.0694 1.2216 0.0341
-4.0988 2.5356 0.0000
-4.2430 2.3420 0.0000
-4.4645 2.4992 0.0000
-4.5203 2.2202 0.0000
-4.7275 2.5815 0.0000
-4.7573 2.3272 0.0000
-4.7609 2.0345 0.0000
-3.6994 -3.9248 0.0000
-1.8367 1.0682 0.0000
4.7790 -2.0320 0.0000
4.3912 -3.2903 0.0000
4.1061 -3.3939 0.0000
-3.5942 4.7610 0.0000
3.5705 4.4754 0.0000
3.3903 4.2695 0.0000
-2.1327 -3.2832 0.0000
-0.1146 -0.5003 0.3777
-0.1215 -0.5840 0.3166
-0.1124 -0.6796 0.2527
-0.2013 -0.6428 0.2623
-0.2055 -0.7268 0.2099
-0.2666 -0.7856 0.1671
-0.2542 -0.8802 0.1251
-0.3387 -0.8450 0.1271
-0.3184 -0.9466 0.0918
-0.4290 -0.9708 0.0707
-0.2900 -0.6902 0.2133
-0.3645 -0.7544 0.1621
-0.4075 -0.8719 0.1047
-0.4460 -0.8008 0.1234
-0.5245 -0.8814 0.0811
-0.6359 -1.0188 0.0369
-0.4237 -1.1340 0.0362
-0.6586 -1.2521 0.0119
-0.5090 -3.5244 0.0000
-0.8353 -4.0081 0.0000
4.0958 -1.8058 0.0000
4.0384 -2.0890 0.0000
-4.5107 1.5631 0.0000
-0.9949 1.4840 0.0010
2.0293 -0.4406 0.0000
-0.2075 1.8314 0.0007
-0.1866 1.5429 0.0052
-0.4435 1.6553 0.0019
-0.3974 1.3775 0.0108
0.0225 0.7567 0.2097
0.1158 0.7334 0.2183
0.0527 0.6611 0.2702
-0.0390 0.6886 0.2526
-0.0125 0.5922 0.3202
-0.0914 0.6093 0.3033
-0.1222 0.5307 0.3552
-0.1816 0.4471 0.4009
-0.1877 0.3655 0.4531
-0.2649 0.3436 0.4360
0.3122 1.7371 0.0012
0.0417 1.7023 0.0019
2.5986 4.1588 0.0000
-3.1262 1.6024 0.0000
-3.1072 1.3334 0.0000
-3.3897 1.4165 0.0000
-3.2813 1.1180 0.0000
-3.1118 2.4808 0.0000
-3.3671 2.3582 0.0000
-3.3857 2.0567 0.0000
0.4697 4.7690 0.0000
0.5824 4.5297 0.0000
0.3157 4.5155 0.0000
-1.3949 -2.6319 0.0000
-1.6698 -2.7260 0.0000
-2.0487 4.7544 0.0000
-1.9186 4.5152 0.0000
-4.0375 2.1662 0.0000
-4.3007 2.0577 0.0000
-4.1051 1.8870 0.0000
-4.3470 1.7405 0.0000
-2.0751 3.4430 0.0000
3.6493 3.5470 0.0000
3.3883 3.3593 0.0000
-1.8745 4.2736 0.0000
-2.1007 3.9758 0.0000
1.5314 -0.6496 0.0008
1.5730 -0.8878 0.0003
1.3348 -0.9597 0.0015
1.6308 -1.1362 0.0001
1.3986 -1.2262 0.0003
1.4068 -1.4835 0.0001
1.1391 2.8601 0.0000
0.8964 2.6700 0.0000
0.5958 2.5762 0.0000
4.7303 -3.2533 0.0000
4.5717 -3.4648 0.0000
4.7736 -3.5964 0.0000
4.7823 -3.8869 0.0000
-0.3294 -2.7335 0.0000
-4.7393 -3.0100 0.0000
-4.7408 -3.2683 0.0000
0.1724 -4.2997 0.0000
0.1629 -4.7609 0.0000
-0.1479 -4.7651 0.0000
4.7694 2.7699 0.0000
4.5205 2.6943 0.0000
4.4790 2.4165 0.0000
4.2124 2.3359 0.0000
-1.8214 1.6606 0.0000
-2.0803 1.5431 0.0000
-1.5789 -2.4691 0.0000
-0.4100 -1.3842 0.0103
0.3017 2.4824 0.0000
3.7582 -1.0801 0.0000
3.9587 -2.9504 0.0000
4.7366 1.0889 0.0000
4.4582 1.1504 0.0000
-4.0024 -0.5707 0.0000
-4.2674 -0.4394 0.0000
-0.6215 -0.4236 0.2052
-0.7134 -0.4655 0.1477
-0.8145 -0.4812 0.1028
-0.8083 -0.5706 0.0875
-0.6348 -0.5248 0.1648
-0.7233 -0.5524 0.1207
-0.8994 -0.6570 0.0501
-1.0485 -0.8531 0.0140
-4.5230 -1.8216 0.0000
-4.2725 -1.9679 0.0000
-4.5148 -2.1123 0.0000
4.4945 4.3828 0.0000
-3.2798 4.7637 0.0000
2.4167 2.0597 0.0000
-2.2068 4.4848 0.0000
-2.1231 4.2269 0.0000
3.4197 2.3484 0.0000
-2.9423 -1.4615 0.0000
-3.2213 -1.4104 0.0000
-3.4630 -1.5410 0.0000
3.1195 0.9829 0.0000
3.1379 -1.5687 0.0000
-4.0778 0.6720 0.0000
-4.3508 0.6162 0.0000
-4.3936 1.1132 0.0000
-4.5358 0.8971 0.0000
-4.7865 0.7862 0.0000
-0.0854 1.0836 0.0650
0.0593 1.0478 0.0753
0.0414 0.9108 0.1276
-0.0203 0.9722 0.1027
-0.0674 0.9014 0.1319
-0.1357 0.9609 0.1043
0.9107 -1.1131 0.0093
1.4191 3.2848 0.0000
1.4062 3.0070 0.0000
-2.3478 1.7079 0.0000
4.7502 3.9073 0.0000
-3.1451 -3.0963 0.0000
-3.4273 -3.2089 0.0000
4.4938 4.6989 0.0000
-1.3952 4.2492 0.0000
3.2586 -1.0028 0.0000
-3.4236 0.8609 0.0000
-3.5577 0.6038 0.0000
-0.7314 0.8036 0.0625
-0.9091 0.7933 0.0321
-1.0772 0.6090 0.0237
4.7680 0.7687 0.0000
4.5397 0.5779 0.0000
2.2290 -2.1947 0.0000
3.4306 1.0521 0.0000
3.3550 0.7844 0.0000
3.2481 0.4422 0.0000
4.5323 -0.0191 0.0000
-4.1235 1.1351 0.0000
3.9619 4.7622 0.0000
3.7052 4.7129 0.0000
4.2000 3.6536 0.0000
3.9417 3.4596 0.0000
-1.7331 4.7434 0.0000
-0.6839 4.4525 0.0000
-0.6376 4.1331 0.0000
-2.3525 -3.1782 0.0000
-1.8535 0.7532 0.0000
-2.1392 0.7048 0.0000
-4.2076 -3.0706 0.0000
-0.4063 0.7099 0.1768
-0.3744 0.6140 0.2341
-0.4687 0.6379 0.1908
-0.4272 0.5392 0.2533
-0.4858 0.4621 0.2635
-0.5663 0.6563 0.1505
-0.6172 0.5782 0.1595
-0.5210 0.5608 0.2046
-0.5843 0.4941 0.2029
-0.5598 0.4129 0.2450
-0.6641 0.4760 0.1719
-0.6418 0.3982 0.2059
-0.7194 0.3672 0.1735
0.0907 -0.7355 0.2205
0.0269 -0.7992 0.1855
-0.0212 -0.8841 0.1410
-0.1123 -0.8861 0.1364
-0.1134 -0.9845 0.0954
-0.2418 -1.0441 0.0686
-1.5120 -2.0184 0.0000
4.7565 3.5936 0.0000
4.7285 3.2985 0.0000
-4.7313 4.5183 0.0000
1.2918 -0.6996 0.0049
1.0583 -0.8710 0.0120
4.0923 1.0984 0.0000
3.8967 0.9498 0.0000
3.7220 1.1453 0.0000
3.6244 0.8614 0.0000
-3.7784 0.0051 0.0000
-4.0142 -0.2991 0.0000
1.6297 -4.1782 0.0000
1.4027 -4.2350 0.0000
4.7558 -2.6430 0.0000
4.7471 -2.9479 0.0000
4.4798 -3.0500 0.0000
0.0752 0.5625 0.3381
-0.0200 0.5044 0.3845
-0.0903 0.4448 0.4222
-0.1023 0.3651 0.4757
-0.1462 0.2810 0.5171
-0.2327 0.2636 0.4938
-0.0478 0.2949 0.5283
-0.0855 0.2025 0.5715
-0.1754 0.1855 0.5532
-3.6895 1.3721 0.0000
-3.5530 1.1232 0.0000
-4.5126 -0.6038 0.0000
-4.7540 -0.7730 0.0000
-1.1083 4.7554 0.0000
-2.9736 -0.6507 0.0000
-3.2124 -0.8104 0.0000
2.4051 3.6594 0.0000
2.5201 3.3958 0.0000
2.2046 3.4303 0.0000
1.4512 -4.4724 0.0000
1.2112 -4.5073 0.0000
-3.1331 0.8549 0.0000
1.6722 1.8826 0.0000
1.5825 1.5971 0.0000
1.3770 1.7724 0.0000
1.3001 1.4913 0.0002
3.4884 -3.5078 0.0000
3.3118 -3.7297 0.0000
-4.5297 -4.7541 0.0000
1.6658 0.0771 0.0006
0.2119 2.2086 0.0000
-0.8881 -1.4169 0.0022
-4.0112 4.0721 0.0000
-3.9740 3.8036 0.0000
-4.2293 3.6557 0.0000
3.4247 -4.4951 0.0000
3.2537 -4.7492 0.0000
-0.3489 0.0091 0.4941
-0.4517 0.0075 0.4191
-0.3943 -0.0715 0.4577
-0.4389 -0.1499 0.4110
-0.4981 -0.2030 0.3547
-0.5064 -0.2908 0.3210
0.0059 2.3784 0.0000
-3.6017 1.6312 0.0000
-3.8583 1.6168 0.0000
-3.9842 1.3697 0.0000
-3.8314 1.1249 0.0000
3.4182 -1.4712 0.0000
1.1561 -3.7603 0.0000
-3.4634 -3.4999 0.0000
-3.7351 -3.6352 0.0000
-0.1666 -1.4880 0.0073
-0.4377 -1.6480 0.0019
4.4542 2.1269 0.0000
4.1773 2.0660 0.0000
0.4529 -3.3910 0.0000
0.2080 -3.3095 0.0000
-3.9037 4.7418 0.0000
-4.0798 4.5294 0.0000
3.6268 -1.6643 0.0000
2.1724 3.7352 0.0000
1.9445 3.5445 0.0000
1.9445 3.2656 0.0000
-2.4520 -2.0029 0.0000
-2.5793 -2.2326 0.0000
-2.7543 -2.4722 0.0000
3.8810 -3.2430 0.0000
-2.9689 4.7585 0.0000
-2.9973 4.2687 0.0000
0.9387 1.1369 0.0076
3.3177 2.5923 0.0000
3.0787 2.5121 0.0000
-0.7648 -4.7596 0.0000
-1.1869 -4.5046 0.0000
-1.0704 -4.7564 0.0000
4.7142 1.6691 0.0000
4.5327 1.4012 0.0000
-4.5177 -0.2970 0.0000
-4.7585 -0.4609 0.0000
0.1650 4.0584 0.0000
-0.2189 1.0417 0.0721
-4.5190 4.7344 0.0000
-2.8211 -2.7246 0.0000
-3.0489 -2.5028 0.0000
0.3810 2.7604 0.0000
4.0595 1.5681 0.0000
3.7594 1.4576 0.0000
3.5159 1.3298 0.0000
0.2387 3.5125 0.0000
-0.0047 3.3938 0.0000
-0.8913 -4.5114 0.0000
-3.1252 0.3650 0.0000
2.3442 3.2031 0.0000
2.1351 3.0992 0.0000
1.8991 2.9632 0.0000
-3.6513 -2.7430 0.0000
-0.8017 -3.5044 0.0000
-1.0896 -3.4773 0.0000
-0.9563 -3.7455 0.0000
-1.2345 -3.7269 0.0000
3.5645 -1.9463 0.0000
3.2863 -2.0421 0.0000
-2.9885 0.1334 0.0000
-3.2740 0.0783 0.0000
0.8532 -0.0681 0.1399
0.8245 -0.1616 0.1499
0.7548 -0.0913 0.1950
0.8076 -0.2536 0.1487
0.7296 -0.1833 0.2018
0.7129 -0.2789 0.1961
0.6390 -0.2117 0.2551
0.6207 -0.3083 0.2439
0.5305 -0.3394 0.2891
0.4493 -0.3781 0.3214
-1.7805 2.5101 0.0000
-2.0547 2.4058 0.0000
-2.4155 2.9380 0.0000
-2.4918 2.6967 0.0000
-4.2352 -1.0030 0.0000
-4.5004 -0.9095 0.0000
-4.4750 -1.2212 0.0000
4.0435 -4.5199 0.0000
2.4245 1.7189 0.0000
2.7212 1.6523 0.0000
2.4861 1.4708 0.0000
2.2766 1.2824 0.0000
-1.2908 4.5183 0.0000
-1.4117 -0.2560 0.0048
2.6926 -1.2051 0.0000
2.4458 -1.4138 0.0000
2.2446 -1.6066 0.0000
-3.2167 -4.7736 0.0000
-3.6920 0.3483 0.0000
-3.9340 0.2451 0.0000
-4.0240 -0.0337 0.0000
2.3940 -4.2432 0.0000
2.2107 -4.4986 0.0000
0.5403 0.9182 0.0689
0.5445 0.7989 0.1018
0.4747 0.7540 0.1348
0.4141 0.9280 0.0853
0.4465 0.8372 0.1101
0.3401 0.8658 0.1186
0.3759 0.7818 0.1472
0.2107 0.7142 0.2165
0.2753 0.7953 0.1610
0.1809 0.8047 0.1703
4.3627 -4.5138 0.0000
-0.1903 2.5826 0.0000
3.0394 -3.7470 0.0000
2.7705 -3.7389 0.0000
0.6872 3.1756 0.0000
0.4397 3.0473 0.0000
0.6615 2.8623 0.0000
2.3083 -0.2979 0.0000
-0.5690 -2.8049 0.0000
-0.7707 -3.0205 0.0000
-0.9402 -3.2423 0.0000
0.7105 4.0680 0.0000
0.4549 3.9679 0.0000
-2.2332 -2.1069 0.0000
2.6507 2.8377 0.0000
2.3939 2.6705 0.0000
2.1477 2.8253 0.0000
2.1486 2.5413 0.0000
-0.7843 3.3624 0.0000
-0.8312 3.0906 0.0000
-0.8873 2.8302 0.0000
1.9467 0.0830 0.0000
1.7959 -0.1717 0.0001
-3.9604 -1.1280 0.0000
-4.2093 -1.2637 0.0000
-3.5156 -0.1212 0.0000
-3.5061 -0.4007 0.0000
3.7404 4.3027 0.0000
3.9194 4.5121 0.0000
-1.7279 -2.9748 0.0000
3.9919 -3.6019 0.0000
-2.0876 1.8313 0.0000
4.7828 -4.7747 0.0000
-1.3033 1.3528 0.0003
-0.6450 -1.5246 0.0026
-1.5620 0.6249 0.0007
-1.7826 0.4599 0.0001
-1.9054 0.2151 0.0000
-2.0425 0.4789 0.0000
-2.1847 0.2512 0.0000
-2.3310 1.4199 0.0000
0.7887 4.7381 0.0000
0.0937 -1.5596 0.0049
-0.0053 -1.7975 0.0010
2.3639 4.7460 0.0000
2.9099 -4.0062 0.0000
2.6431 -3.9988 0.0000
2.3805 -3.9914 0.0000
-2.8850 2.9607 0.0000
-3.0848 2.7787 0.0000
-3.1205 2.1875 0.0000
-3.1213 1.8986 0.0000
-3.3616 1.7473 0.0000
4.7648 -0.4760 0.0000
4.5298 -0.3271 0.0000
-1.6459 -1.4664 0.0000
-1.8550 -1.6804 0.0000
-3.7019 -4.7259 0.0000
-1.7128 2.7926 0.0000
-1.9906 2.6907 0.0000
0.0174 -4.5307 0.0000
-0.4577 -4.7631 0.0000
-0.8516 2.2636 0.0000
4.7749 -4.2190 0.0000
-0.5510 1.8769 0.0003
3.5607 -3.2680 0.0000
4.0219 1.8475 0.0000
3.7851 1.7237 0.0000
2.0749 -0.7334 0.0000
1.8471 -0.9274 0.0000
-4.4822 -1.5170 0.0000
-4.7417 -1.3834 0.0000
-4.7532 -1.6818 0.0000
-4.7619 -1.9862 0.0000
-1.0700 3.2468 0.0000
-1.3448 3.1523 0.0000
-1.1176 2.9649 0.0000
-1.1923 2.7087 0.0000
-1.4098 2.8680 0.0000
0.5356 0.5751 0.1882
0.4671 0.5065 0.2492
0.4035 0.4319 0.3182
0.2732 0.2870 0.4622
0.6353 0.5465 0.1576
0.5592 0.4840 0.2150
0.6463 0.4508 0.1838
0.5766 0.3889 0.2422
0.4931 0.4140 0.2792
0.4394 0.3395 0.3437
0.3418 0.3576 0.3900
0.5324 0.3176 0.2947
0.4778 0.2483 0.3550
0.3761 0.2688 0.4135
0.3115 0.1996 0.4803
0.4115 0.1801 0.4224
0.3514 0.1096 0.4811
0.2964 0.0366 0.5269
0.2276 -0.0343 0.5657
0.2533 0.1283 0.5359
0.2081 0.0510 0.5734
0.1340 0.0254 0.6044
0.2074 0.2140 0.5274
0.1510 0.1297 0.5801
0.0557 0.0736 0.6160
-2.8503 0.8799 0.0000
-0.0218 -2.0368 0.0002
-0.2150 -2.2485 0.0000
-0.4911 -2.1574 0.0000
-0.4199 -2.4579 0.0000
2.8083 -4.5068 0.0000
0.8026 -2.1752 0.0000
0.6368 -2.3930 0.0000
0.4680 -2.6249 0.0000
4.0923 3.9502 0.0000
-0.3323 0.9722 0.0845
-0.4162 0.8033 0.1339
-1.2916 -4.2449 0.0000
-1.4786 -4.4965 0.0000
0.5116 0.6714 0.1571
0.4418 0.5996 0.2141
0.3757 0.5259 0.2795
0.3135 0.4505 0.3501
0.2465 0.3786 0.4223
0.1722 0.3120 0.4901
-1.3632 -1.5390 0.0001
-1.2992 -1.8199 0.0000
-2.0858 2.1220 0.0000
-1.9397 -3.4766 0.0000
-4.2599 -2.2374 0.0000
-4.4987 -2.3971 0.0000
1.4352 3.5646 0.0000
1.6580 4.4266 0.0000
1.4235 4.3369 0.0000
1.5052 4.1247 0.0000
1.2411 4.0326 0.0000
0.4876 -1.8243 0.0005
0.4089 0.6892 0.1815
0.3461 0.6175 0.2386
0.2834 0.5444 0.3033
0.3116 0.7082 0.1983
0.2513 0.6347 0.2561
0.1925 0.5684 0.3138
0.1441 0.6371 0.2767
0.2255 0.4740 0.3685
0.1408 0.5073 0.3679
0.0646 0.4566 0.4166
0.1573 0.4129 0.4302
0.0893 0.3596 0.4812
-0.0060 0.3893 0.4686
0.1163 0.2395 0.5462
0.0475 0.2916 0.5298
0.0046 0.2180 0.5719
0.0700 0.1675 0.5877
-0.0211 0.1261 0.6072
4.5330 -2.1749 0.0000
2.7789 0.0460 0.0000
0.2726 -2.4663 0.0000
0.1304 -2.6452 0.0000
3.3479 -1.7581 0.0000
3.0673 -1.8587 0.0000
-4.5047 0.0174 0.0000
-4.7556 -0.1470 0.0000
3.7692 -2.2193 0.0000
4.2273 -4.7572 0.0000
-2.2625 -2.9325 0.0000
4.7689 4.7791 0.0000
4.7456 4.5122 0.0000
-1.2218 -1.0601 0.0024
-1.4361 -1.2596 0.0002
-0.3886 2.7933 0.0000
-0.4736 2.5148 0.0000
3.4993 -2.7442 0.0000
0.0933 2.6621 0.0000
-1.9404 -0.3289 0.0000
-2.1961 -0.5309 0.0000
4.5280 0.2867 0.0000
4.2930 0.1209 0.0000
4.0578 -0.0363 0.0000
-1.8617 4.0112 0.0000
-1.9202 3.7323 0.0000
-2.7688 -3.7747 0.0000
3.4854 -1.1937 0.0000
-2.9458 -4.7523 0.0000
2.1804 -2.7589 0.0000
2.2564 -2.9885 0.0000
1.9704 -2.9604 0.0000
1.7972 -3.2688 0.0000
-2.1005 0.9626 0.0000
1.1169 -2.9969 0.0000
2.1360 -4.2434 0.0000
1.9022 -4.2853 0.0000
1.9403 -4.5306 0.0000
1.3659 4.7867 0.0000
1.0761 4.7530 0.0000
-1.3139 -0.7865 0.0036
-1.5154 -0.9818 0.0004
-4.6997 3.0457 0.0000
-4.7936 2.8212 0.0000
-0.1319 0.6941 0.2420
-0.1843 0.6154 0.2851
-0.2268 0.5271 0.3337
-0.2756 0.6104 0.2665
-0.3261 0.5266 0.3007
-0.3844 0.4496 0.3197
-0.4517 0.3738 0.3218
-0.5294 0.3398 0.2896
-0.2795 0.4365 0.3740
-0.3308 0.2616 0.4438
-0.3547 0.3594 0.3829
-0.4220 0.2844 0.3785
-0.5138 0.2625 0.3263
-0.4467 0.1964 0.3930
-0.6029 0.2346 0.2742
-2.6093 1.5665 0.0000
-2.8652 1.7366 0.0000
-2.8637 1.4490 0.0000
1.7958 -0.6556 0.0001
1.7669 -1.9084 0.0000
-2.8444 -1.7115 0.0000
-3.0172 -1.9390 0.0000
-3.1291 -1.6783 0.0000
-3.3499 -1.7560 0.0000
-3.5553 -1.8801 0.0000
-3.2753 -1.9952 0.0000
-3.4881 -2.1368 0.0000
-0.4239 -4.2777 0.0000
-0.5927 -4.5186 0.0000
-0.4232 4.3001 0.0000
-0.3622 4.0546 0.0000
-0.5705 3.8365 0.0000
-0.8001 3.6595 0.0000
-3.9436 -1.4198 0.0000
-4.2089 -1.4939 0.0000
-3.6974 -1.3626 0.0000
-3.7187 -1.6486 0.0000
-4.0035 -1.7329 0.0000
-4.0291 -2.0401 0.0000
-4.2667 -1.7336 0.0000
3.6936 -3.0224 0.0000
3.3171 -0.1379 0.0000
3.3755 -0.4117 0.0000
3.0891 -0.3219 0.0000
2.8712 -0.5493 0.0000
-1.3401 1.0562 0.0010
-1.5770 1.2110 0.0001
-1.5906 0.9098 0.0002
4.7611 -0.7844 0.0000
-1.5708 -4.2306 0.0000
-1.7637 -4.4861 0.0000
-1.9856 -4.7343 0.0000
0.4709 3.6647 0.0000
0.2098 3.7888 0.0000
-1.4320 4.7473 0.0000
1.7570 4.7658 0.0000
3.7392 -4.7564 0.0000
1.9978 -2.0563 0.0000
2.4546 -2.3540 0.0000
2.5224 -3.4830 0.0000
2.2633 -3.4686 0.0000
1.7801 4.2136 0.0000
1.7211 3.9579 0.0000
1.4608 3.8466 0.0000
1.2016 3.7422 0.0000
3.8997 3.7342 0.0000
3.6246 3.8249 0.0000
2.8791 0.7968 0.0000
2.6593 0.6032 0.0000
-4.0372 3.4703 0.0000
-4.2761 3.3443 0.0000
-4.0784 3.1603 0.0000
-4.1020 2.8725 0.0000
-4.3532 3.0267 0.0000
-4.2787 2.6997 0.0000
-4.5216 2.7999 0.0000
4.5219 -0.6307 0.0000
0.7737 2.3664 0.0000
0.4981 2.2883 0.0000
0.6815 2.0727 0.0000
0.5900 1.7840 0.0005
0.4056 2.0068 0.0001
-4.7858 4.7853 0.0000
4.5295 3.7496 0.0000
-3.1985 -3.3933 0.0000
-3.2369 -3.7020 0.0000
-3.5023 -3.7738 0.0000
3.7875 0.1070 0.0000
3.5506 0.0240 0.0000
-0.2598 3.3418 0.0000
-0.3198 3.0663 0.0000
-3.1152 3.3775 0.0000
-3.3529 3.2459 0.0000
-2.3430 3.9635 0.0000
-2.4892 3.7169 0.0000
2.9716 -3.2517 0.0000
-4.2410 0.1482 0.0000
-4.2737 -0.1496 0.0000
0.9371 -4.4951 0.0000
0.7946 -4.7507 0.0000
3.4343 -3.0085 0.0000
1.1446 -4.2445 0.0000
3.2358 3.0644 0.0000
3.1410 2.8078 0.0000
-0.7665 -2.0341 0.0000
-0.9944 -2.2202 0.0000
-1.2104 -2.4225 0.0000
0.0596 -0.0236 0.6214
-0.0090 -0.0689 0.6205
-0.0979 -0.0639 0.6100
0.1491 -0.0674 0.5953
0.0698 -0.1308 0.6007
-0.0398 -0.1515 0.5974
-0.1384 -0.1534 0.5766
0.0206 -0.2228 0.5691
-0.0793 -0.2415 0.5530
-0.1908 -0.2312 0.5264
-0.2436 -0.1543 0.5332
-0.2410 -0.3141 0.4626
-0.0044 -0.3206 0.5142
-0.0771 -0.3469 0.4913
-0.1435 -0.3076 0.5015
-0.1777 -0.3866 0.4419
-0.2976 -0.2392 0.4721
-0.3387 -0.3305 0.4058
-0.2741 -0.4041 0.3954
-0.1009 -0.4228 0.4356
-0.1978 -0.4683 0.3810
-0.2905 -0.4983 0.3300
-0.2076 -0.5521 0.3210
-0.2927 -0.5948 0.2690
-0.4300 -0.3493 0.3447
-0.5276 -0.3831 0.2725
-0.3669 -0.4360 0.3342
-0.3776 -0.5405 0.2707
-0.3739 -0.6482 0.2129
-0.4583 -0.6110 0.2025
-0.4539 -0.7072 0.1600
-0.4532 -0.4403 0.2884
-0.5459 -0.4769 0.2243
-0.4622 -0.5212 0.2444
-0.5471 -0.5705 0.1853
2.6236 2.2324 0.0000
-1.5046 -3.7124 0.0000
-1.3984 -3.9799 0.0000
-3.1179 3.0880 0.0000
2.2070 4.5092 0.0000
2.0460 4.2928 0.0000
1.6643 -1.4055 0.0000
1.7223 -1.6571 0.0000
1.5217 -1.9785 0.0000
-3.2593 0.6126 0.0000
-3.3996 0.3603 0.0000
-3.5590 0.1403 0.0000
2.0849 -3.2246 0.0000
1.9893 -3.5022 0.0000
1.7128 -3.5862 0.0000
-0.6620 2.7477 0.0000
-0.7479 2.4941 0.0000
-0.9719 2.5989 0.0000
3.1717 -0.5710 0.0000
3.0682 -0.8051 0.0000
2.8163 -0.8475 0.0000
2.9579 -1.0832 0.0000
2.9333 -1.3737 0.0000
2.8167 3.3467 0.0000
2.6332 3.1252 0.0000
-2.7959 1.2090 0.0000
-2.9959 1.0981 0.0000
3.5140 0.5728 0.0000
3.5099 0.2913 0.0000
0.8437 -3.0869 0.0000
0.6209 -3.2076 0.0000
3.7687 -3.4928 0.0000
3.6257 -3.7454 0.0000
-3.7406 4.5124 0.0000
4.2950 -0.1805 0.0000
4.0457 -0.3300 0.0000
3.7852 -0.4534 0.0000
3.7645 -0.7633 0.0000
2.2215 1.8643 0.0000
2.6696 -3.2229 0.0000
2.3898 -3.2219 0.0000
4.5134 -2.4663 0.0000
4.2537 -2.5706 0.0000
4.7695 1.3737 0.0000
-3.5674 -4.4442 0.0000
0.9253 3.3180 0.0000
4.7713 0.4534 0.0000
1.5782 2.5739 0.0000
0.0999 4.3240 0.0000
-0.1282 4.1490 0.0000
-0.3063 3.8125 0.0000
-2.8598 2.0269 0.0000
3.7028 3.2809 0.0000
3.7472 2.9847 0.0000
0.9065 0.2445 0.1008
1.0109 0.1771 0.0671
0.9058 0.1228 0.1106
0.8434 0.1833 0.1358
1.0020 0.0508 0.0746
0.8790 0.0286 0.1270
0.8064 0.1019 0.1626
0.7859 0.0013 0.1784
-3.0743 3.7407 0.0000
-3.3034 3.5504 0.0000
0.8588 -0.4120 0.1017
0.7771 -0.4458 0.1294
0.7513 -0.5385 0.1188
0.6635 -0.5707 0.1441
0.5772 -0.6053 0.1653
0.6437 -0.6711 0.1204
0.5408 -0.7028 0.1415
0.4624 -0.7606 0.1405
-1.2369 -3.2030 0.0000
-1.3690 -3.4557 0.0000
-1.6466 -3.4537 0.0000
-1.7708 -3.7025 0.0000
-0.8456 -0.2542 0.1271
-0.7740 -0.3058 0.1546
-0.8482 -0.3691 0.1095
-0.9422 -0.4595 0.0648
-0.6630 0.1647 0.2472
-0.7065 0.0824 0.2267
-0.7585 0.0061 0.1953
-0.8452 -0.0542 0.1437
-0.9451 -0.1087 0.0944
-0.8367 -0.1484 0.1427
-0.9095 -0.2003 0.1037
-1.0105 -0.2413 0.0637
-0.9219 -0.3167 0.0876
-1.0736 -2.9803 0.0000
-1.3966 -2.9235 0.0000
-1.5252 -3.1914 0.0000
-1.8213 -3.2341 0.0000
1.8671 -4.0378 0.0000
4.3499 3.8926 0.0000
-4.4954 3.5168 0.0000
-4.5212 3.2494 0.0000
1.5564 0.7835 0.0005
1.2591 0.7314 0.0060
1.0014 0.6877 0.0295
1.1655 0.4819 0.0196
0.8266 0.5775 0.0809
0.7135 0.6017 0.1116
0.9460 0.4936 0.0595
0.8158 0.4627 0.1060
0.7275 0.5066 0.1312
0.8050 0.3752 0.1269
1.0109 0.3347 0.0570
0.8896 0.3673 0.0933
0.8313 0.2896 0.1288
0.7730 0.2206 0.1690
-2.6670 -4.7497 0.0000
2.7208 0.3246 0.0000
-3.0224 -3.8649 0.0000
-3.1404 -4.0629 0.0000
-3.3544 -3.9669 0.0000
-0.8914 4.2289 0.0000
-0.8496 3.9427 0.0000
-1.1346 4.0263 0.0000
1.9226 0.3436 0.0000
1.6769 0.3157 0.0004
2.7267 -2.2265 0.0000
2.9477 -2.4411 0.0000
2.6871 -2.5013 0.0000
2.4322 -2.6671 0.0000
2.1920 -2.4885 0.0000
-3.2832 -4.5211 0.0000
-0.6151 0.3202 0.2439
-0.6982 0.2710 0.2060
-0.7909 0.3047 0.1492
-0.8221 0.2313 0.1437
-0.9000 0.2623 0.1037
-0.9663 0.2188 0.0808
-0.8911 0.3388 0.0987
-0.7490 0.1933 0.1887
-0.7872 0.1175 0.1737
-0.8649 0.1616 0.1288
-0.8382 0.0478 0.1482
-0.9043 0.0916 0.1137
-0.9889 0.1180 0.0776
-0.9148 0.0015 0.1103
-1.0113 -0.0115 0.0715
-1.1548 0.0982 0.0320
-1.1668 -0.1254 0.0298
4.5963 -4.0327 0.0000
-0.7805 1.9931 0.0001
-0.7658 1.6985 0.0006
-0.8656 -2.7696 0.0000
-0.4806 -3.0370 0.0000
-0.6440 -3.2719 0.0000
-2.3451 2.0063 0.0000
-2.5174 4.4941 0.0000
-2.8247 4.5098 0.0000
4.3063 -2.0046 0.0000
4.2709 -2.2854 0.0000
-0.2879 3.5798 0.0000
-0.5364 3.5519 0.0000
4.2766 0.4130 0.0000
4.0327 0.2388 0.0000
-2.6127 -4.2556 0.0000
-2.7829 -4.4691 0.0000
-1.6447 3.8388 0.0000
4.2136 4.4863 0.0000
2.3204 4.2238 0.0000
2.2549 3.9789 0.0000
2.0190 4.0486 0.0000
1.9387 3.8228 0.0000
-2.7380 -0.4689 0.0000
3.3608 -0.7367 0.0000
-0.1290 -4.2911 0.0000
-0.2909 -4.5267 0.0000
4.2555 -1.0535 0.0000
4.2479 -1.3204 0.0000
-0.5251 3.2774 0.0000
-0.5975 3.0113 0.0000
-3.9736 0.8926 0.0000
-4.2633 0.8739 0.0000
4.7596 4.2219 0.0000
4.5351 4.0779 0.0000
4.0189 4.2446 0.0000
3.8283 4.0238 0.0000
4.2173 4.7525 0.0000
1.2934 -3.2004 0.0000
1.0161 -3.2942 0.0000
-3.3003 -4.2743 0.0000
-1.7095 -2.2303 0.0000
-1.8548 -2.4887 0.0000
1.6702 3.1260 0.0000
1.6575 2.8315 0.0000
1.3921 2.7414 0.0000
3.5602 4.1083 0.0000
3.3635 3.9320 0.0000
3.0842 3.8378 0.0000
-4.4830 -3.2232 0.0000
-4.7380 -3.5218 0.0000
3.8614 -1.7175 0.0000
1.7493 -0.4040 0.0002
1.4849 -0.4169 0.0021
1.2362 -0.4452 0.0128
1.5691 4.6463 0.0000
1.3277 4.5445 0.0000
-4.7517 3.9156 0.0000
-4.7484 3.6141 0.0000
-3.5482 -4.1355 0.0000
-3.8694 -4.4867 0.0000
4.2226 3.0880 0.0000
4.0223 2.8487 0.0000
3.5878 2.5485 0.0000
3.6142 2.1722 0.0000
2.7797 -3.4895 0.0000
2.6847 -1.4875 0.0000
2.5324 -1.7349 0.0000
-4.2196 -3.3490 0.0000
-4.4852 -3.4933 0.0000
-4.4806 -3.7643 0.0000
-0.6848 0.9927 0.0359
-0.8903 1.0107 0.0156
-1.1185 0.8992 0.0079
-1.3277 0.7541 0.0033
-0.9860 0.4184 0.0572
-1.2834 0.4799 0.0088
2.0073 2.3573 0.0000
1.8222 2.1312 0.0000
2.7737 2.0254 0.0000
2.5925 1.8816 0.0000
4.5238 0.8729 0.0000
4.3017 0.6768 0.0000
2.2191 -3.7269 0.0000
2.1223 -3.9990 0.0000
1.9227 -3.7767 0.0000
1.6243 -3.8926 0.0000
-4.4793 0.3345 0.0000
-4.7462 0.1604 0.0000
-2.6168 0.9998 0.0000
2.0540 -0.1668 0.0000
-1.0065 -4.2556 0.0000
3.9564 2.2196 0.0000
3.8215 2.0135 0.0000
-2.0211 -3.0452 0.0000
3.7303 -2.7628 0.0000
-1.1192 -3.9938 0.0000
1.7422 -2.9754 0.0000
1.5466 -3.1106 0.0000
1.3885 -2.8892 0.0000
-0.6704 -3.7640 0.0000
-0.5472 -4.0220 0.0000
-0.7168 -4.2662 0.0000
-0.0707 3.8914 0.0000
-0.0378 3.6359 0.0000
-1.0593 2.0747 0.0000
-1.0298 1.7895 0.0001
-2.5942 2.4600 0.0000
-2.8562 2.3139 0.0000
-0.2196 -1.7252 0.0015
-0.2888 -1.9616 0.0002
-0.1157 -2.5188 0.0000
4.7553 -1.0912 0.0000
-2.0848 1.2495 0.0000
-1.1471 -0.3708 0.0263
-1.3742 -0.5200 0.0045
3.7298 -2.4918 0.0000
3.4650 -2.5003 0.0000
3.2022 -2.5880 0.0000
-2.3064 -1.7925 0.0000
-2.5778 -1.7319 0.0000
-2.7324 -1.9781 0.0000
4.7660 0.1459 0.0000
-1.3899 3.9666 0.0000
-0.6492 0.7083 0.1074
-0.6845 0.6326 0.1181
-0.7665 0.6763 0.0813
-0.8794 0.6127 0.0620
-0.7051 0.5469 0.1343
-0.7739 0.5635 0.1043
-0.8151 0.4941 0.1037
-0.7454 0.4554 0.1406
-2.5491 -2.9672 0.0000
4.2376 2.6094 0.0000
3.9677 2.5309 0.0000
3.7512 2.3742 0.0000
-3.4790 4.0420 0.0000
-3.3514 3.8220 0.0000
-3.5693 3.7011 0.0000
-3.8111 3.5943 0.0000
-3.8226 3.2888 0.0000
-3.5726 3.4183 0.0000
-3.8442 2.9898 0.0000
4.3778 -1.7369 0.0000
4.5714 -1.8835 0.0000
3.3392 2.0702 0.0000
-4.7709 1.4196 0.0000
-4.5549 1.2796 0.0000
-4.7452 1.0929 0.0000
1.4346 -3.6852 0.0000
1.3383 -3.9801 0.0000
-1.2352 -2.1012 0.0000
-1.4198 -2.2849 0.0000
0.7732 -3.4003 0.0000
-0.7134 -2.3164 0.0000
-0.6541 -2.5774 0.0000
2.5898 -0.6813 0.0000
2.6057 -0.9655 0.0000
2.3458 -0.8466 0.0000
2.3941 -1.1356 0.0000
2.1217 -1.0257 0.0000
1.9013 -1.2151 0.0000
0.8038 -0.8997 0.0343
0.6529 -1.1126 0.0235
0.5492 -1.3516 0.0092
0.4014 -1.1608 0.0334
0.2645 -1.3447 0.0155
-1.8518 3.2481 0.0000
-3.5928 3.1138 0.0000
1.0171 1.4010 0.0014
0.7361 1.3049 0.0072
0.6907 1.0511 0.0277
-2.6449 0.6840 0.0000
-2.6244 0.4295 0.0000
-2.8374 0.3640 0.0000
-3.4852 -0.6807 0.0000
-3.4677 -0.9580 0.0000
-3.7169 -1.0988 0.0000
-3.9700 -4.7471 0.0000
-2.4981 -0.6008 0.0000
-2.7131 -0.7692 0.0000
3.4992 3.1044 0.0000
3.4675 2.8312 0.0000
-3.7696 -0.2747 0.0000
-3.7561 -0.5539 0.0000
1.1762 3.4482 0.0000
1.1571 3.1536 0.0000
0.9068 3.0009 0.0000
-4.4936 -2.6839 0.0000
-4.7502 -2.7686 0.0000
2.1391 2.1434 0.0000
3.1381 0.6877 0.0000
2.9383 0.5088 0.0000
-3.7376 -0.8288 0.0000
0.3908 0.0171 0.4642
0.4224 -0.0750 0.4364
0.3268 -0.0519 0.5062
0.3561 -0.1422 0.4703
0.4611 -0.1718 0.3896
0.4605 -0.2728 0.3583
0.3858 -0.3228 0.3840
0.3735 -0.2302 0.4309
0.2752 -0.2024 0.5000
0.2953 -0.2932 0.4486
0.2581 -0.1138 0.5372
0.1805 -0.1554 0.5620
0.1176 -0.2189 0.5567
0.3269 -0.3865 0.3827
0.2347 -0.3664 0.4357
0.2707 -0.4547 0.3666
0.1986 -0.2640 0.5080
0.1654 -0.4461 0.4063
0.1522 -0.3435 0.4779
0.0843 -0.2953 0.5229
0.0733 -0.3912 0.4624
-0.0144 -0.4265 0.4417
0.1438 -0.5501 0.3381
0.0683 -0.4854 0.3955
-0.0291 -0.5202 0.3723
-2.7016 4.2526 0.0000
-2.8934 4.0035 0.0000
-3.1724 4.0282 0.0000
0.7190 0.0657 0.2187
0.6874 -0.0236 0.2421
0.6521 -0.1116 0.2614
0.5872 -0.0299 0.3147
0.5136 -0.0861 0.3665
0.5669 -0.1478 0.3176
0.5455 -0.2397 0.3118
-0.4072 0.8866 0.1038
-0.5023 0.8388 0.1028
-0.4957 0.7387 0.1407
-0.4892 0.9783 0.0635
-0.5997 0.8482 0.0796
-0.5794 0.7566 0.1119
-4.2355 4.2591 0.0000
-4.2484 3.9464 0.0000
-4.4953 3.7924 0.0000
-4.4974 4.0816 0.0000
-4.7604 4.2141 0.0000
-0.5786 2.2245 0.0000
-0.3807 2.0371 0.0001
1.8874 1.6407 0.0000
4.2812 4.1858 0.0000
2.9160 3.6040 0.0000
3.0766 3.2854 0.0000
1.4449 2.0450 0.0000
4.4997 -2.7594 0.0000
4.2335 -2.8543 0.0000
-2.4915 -2.5039 0.0000
-2.5675 -2.7430 0.0000
0.7863 -0.3470 0.1446
0.6964 -0.3763 0.1835
0.6819 -0.4709 0.1655
0.5934 -0.5031 0.1956
0.6037 -0.4059 0.2239
0.5120 -0.4413 0.2592
0.5106 -0.5387 0.2182
0.4865 -0.6189 0.1929
0.4003 -0.5839 0.2409
1.9684 1.8905 0.0000
-4.2544 -0.7252 0.0000
-1.5980 -0.6991 0.0005
-1.8885 -0.6102 0.0000
0.8018 -3.8378 0.0000
-2.9340 -0.9426 0.0000
-2.9854 -1.2264 0.0000
3.0997 1.9952 0.0000
2.9299 1.8182 0.0000
2.9870 4.5658 0.0000
2.7739 4.4105 0.0000
2.4939 4.4621 0.0000
-3.3085 -2.3529 0.0000
-3.5544 -2.4360 0.0000
-3.7931 -2.5050 0.0000
-3.6220 2.5275 0.0000
-3.8772 2.3843 0.0000
-3.0212 -0.0983 0.0000
-3.2635 -0.2321 0.0000
-3.3556 2.6523 0.0000
0.8429 -1.3591 0.0037
4.7039 -4.5042 0.0000
-2.1265 -2.4684 0.0000
-0.0918 2.0994 0.0001
0.1155 1.9506 0.0003
-2.5687 1.2965 0.0000
-2.3658 -4.7848 0.0000
-2.2756 -1.0466 0.0000
-2.4774 -1.2429 0.0000
4.3636 1.6017 0.0000
4.2431 1.3262 0.0000
3.9485 1.2917 0.0000
3.4590 4.7462 0.0000
3.2775 4.4995 0.0000
3.0671 4.3264 0.0000
-2.1195 -1.5974 0.0000
-2.7631 -0.1805 0.0000
-3.0011 -0.3685 0.0000
4.2084 3.3629 0.0000
2.7081 -2.7414 0.0000
2.5178 -2.9500 0.0000
2.0562 4.7577 0.0000
1.8966 4.5222 0.0000
0.1996 1.0767 0.0616
0.2006 0.9683 0.0955
0.3458 1.0544 0.0578
0.3031 0.9528 0.0914
0.2426 0.8855 0.1243
0.1038 0.9607 0.1043
0.1501 0.8914 0.1308
0.0850 0.8300 0.1655
3.8190 -0.1580 0.0000
3.5849 -0.2544 0.0000
3.1729 2.2918 0.0000
2.9558 2.1816 0.0000
-0.7825 4.7331 0.0000
1.1296 -1.4317 0.0007
0.9460 -1.6506 0.0004
-4.1266 1.6147 0.0000
-4.2848 1.3931 0.0000
0.7293 -0.7531 0.0740
0.6169 -0.9022 0.0628
0.6220 -0.7736 0.0957
0.5321 -0.8103 0.1058
0.4764 -0.8724 0.0966
0.4699 -0.9825 0.0649
-3.3421 -2.6382 0.0000
0.3379 -3.6112 0.0000
0.1889 -3.8288 0.0000
0.0732 -3.5487 0.0000
-0.2164 -3.5349 0.0000
-0.0929 -3.7941 0.0000
-0.3808 -3.7790 0.0000
-1.9865 -2.7579 0.0000
-2.3827 -4.0827 0.0000
-2.5794 -3.9568 0.0000
-2.8297 -4.0815 0.0000
-2.3859 0.8247 0.0000
1.0187 -3.9770 0.0000
0.8670 -4.1948 0.0000
0.6301 -3.6081 0.0000
4.7548 -1.3940 0.0000
4.5016 -1.5193 0.0000
4.7432 -1.6979 0.0000
4.2640 0.9579 0.0000
4.0691 0.7641 0.0000
-2.6085 3.9908 0.0000
-2.7727 3.7506 0.0000
-2.9143 3.5164 0.0000
-1.3003 2.4907 0.0000
-1.5113 2.6221 0.0000
-1.5532 2.3441 0.0000
-1.8166 2.2271 0.0000
4.5137 -0.9308 0.0000
4.5029 -1.2303 0.0000
-0.6313 -0.6173 0.1357
-0.7142 -0.6292 0.1041
-0.5422 -0.6655 0.1495
-0.5391 -0.7632 0.1148
-0.6293 -0.7100 0.1075
-0.7492 -0.7157 0.0743
-0.6494 -0.8304 0.0709
-0.8229 -0.8832 0.0340
-0.9178 -1.1192 0.0091
-1.1500 -1.3309 0.0010
-3.3507 2.9417 0.0000
-3.6094 2.8166 0.0000
-3.8789 2.6926 0.0000
-2.4808 -3.7063 0.0000
3.7130 -1.3860 0.0000
1.7655 2.4291 0.0000
1.5806 2.2391 0.0000
-0.9774 4.5077 0.0000
-1.1513 4.2809 0.0000
3.2057 4.7622 0.0000
2.9253 4.7834 0.0000
-1.5799 -1.7458 0.0000
-1.7941 -1.9640 0.0000
0.9356 -2.4678 0.0000
0.7413 -2.6465 0.0000
0.9026 -2.8193 0.0000
0.6007 -2.9034 0.0000
0.3764 -3.0946 0.0000
2.4985 0.1453 0.0000
-2.6590 4.7516 0.0000
1.6929 3.6805 0.0000
1.6852 3.4041 0.0000
3.8070 -1.9560 0.0000
-3.3935 -2.9195 0.0000
-3.6730 -3.0428 0.0000
-1.0399 3.5166 0.0000
-1.2979 3.4487 0.0000
-1.5676 3.3338 0.0000
-1.6292 3.0596 0.0000
2.6645 -4.2488 0.0000
-2.1318 3.1643 0.0000
-2.1908 2.8826 0.0000
3.7267 -4.0335 0.0000
3.6283 -4.2760 0.0000
3.4205 -4.2123 0.0000
1.1779 4.2668 0.0000
0.9404 4.2091 0.0000
0.9799 3.9357 0.0000
