5.0000 5.0000 0.0000
0.0000 5.0000 0.0000
2.5000 5.0000 0.0000
3.7500 5.0000 0.0000
4.3750 5.0000 0.0000
4.6875 5.0000 0.0000
4.0625 5.0000 0.0000
3.1250 5.0000 0.0000
3.4375 5.0000 0.0000
2.8125 5.0000 0.0000
1.2500 5.0000 0.0000
1.8750 5.0000 0.0000
2.1875 5.0000 0.0000
1.5625 5.0000 0.0000
0.6250 5.0000 0.0000
0.9375 5.0000 0.0000
0.3125 5.0000 0.0000
-2.5000 5.0000 0.0000
-1.2500 5.0000 0.0000
-0.6250 5.0000 0.0000
-0.3125 5.0000 0.0000
-0.9375 5.0000 0.0000
-1.8750 5.0000 0.0000
-1.5625 5.0000 0.0000
-2.1875 5.0000 0.0000
-3.7500 5.0000 0.0000
-3.1250 5.0000 0.0000
-2.8125 5.0000 0.0000
-3.4375 5.0000 0.0000
-4.3750 5.0000 0.0000
-4.0625 5.0000 0.0000
-4.6875 5.0000 0.0000
5.0000 -5.0000 0.0000
5.0000 0.0000 0.0000
5.0000 -2.5000 0.0000
5.0000 -3.7500 0.0000
5.0000 -4.3750 0.0000
5.0000 -4.6875 0.0000
5.0000 -4.0625 0.0000
5.0000 -3.1250 0.0000
5.0000 -3.4375 0.0000
5.0000 -2.8125 0.0000
5.0000 -1.2500 0.0000
5.0000 -1.8750 0.0000
5.0000 -2.1875 0.0000
5.0000 -1.5625 0.0000
5.0000 -0.6250 0.0000
5.0000 -0.9375 0.0000
5.0000 -0.3125 0.0000
5.0000 2.5000 0.0000
5.0000 1.2500 0.0000
5.0000 0.6250 0.0000
5.0000 0.3125 0.0000
5.0000 0.9375 0.0000
5.0000 1.8750 0.0000
5.0000 1.5625 0.0000
5.0000 2.1875 0.0000
5.0000 3.7500 0.0000
5.0000 3.1250 0.0000
5.0000 2.8125 0.0000
5.0000 3.4375 0.0000
5.0000 4.3750 0.0000
5.0000 4.0625 0.0000
5.0000 4.6875 0.0000
-5.0000 -5.0000 0.0000
0.0000 -5.0000 0.0000
-2.5000 -5.0000 0.0000
-3.7500 -5.0000 0.0000
-4.3750 -5.0000 0.0000
-4.6875 -5.0000 0.0000
-4.0625 -5.0000 0.0000
-3.1250 -5.0000 0.0000
-3.4375 -5.0000 0.0000
-2.8125 -5.0000 0.0000
-1.2500 -5.0000 0.0000
-1.8750 -5.0000 0.0000
-2.1875 -5.0000 0.0000
-1.5625 -5.0000 0.0000
-0.6250 -5.0000 0.0000
-0.9375 -5.0000 0.0000
-0.3125 -5.0000 0.0000
2.5000 -5.0000 0.0000
1.2500 -5.0000 0.0000
0.6250 -5.0000 0.0000
0.3125 -5.0000 0.0000
0.9375 -5.0000 0.0000
1.8750 -5.0000 0.0000
1.5625 -5.0000 0.0000
2.1875 -5.0000 0.0000
3.7500 -5.0000 0.0000
3.1250 -5.0000 0.0000
2.8125 -5.0000 0.0000
3.4375 -5.0000 0.0000
4.3750 -5.0000 0.0000
4.0625 -5.0000 0.0000
4.6875 -5.0000 0.0000
-5.0000 5.0000 0.0000
-5.0000 0.0000 0.0000
-5.0000 2.5000 0.0000
-5.0000 3.7500 0.0000
-5.0000 4.3750 0.0000
-5.0000 4.6875 0.0000
-5.0000 4.0625 0.0000
-5.0000 3.1250 0.0000
-5.0000 3.4375 0.0000
-5.0000 2.8125 0.0000
-5.0000 1.2500 0.0000
-5.0000 1.8750 0.0000
-5.0000 2.1875 0.0000
-5.0000 1.5625 0.0000
-5.0000 0.6250 0.0000
-5.0000 0.9375 0.0000
-5.0000 0.3125 0.0000
-5.0000 -2.5000 0.0000
-5.0000 -1.2500 0.0000
-5.0000 -0.6250 0.0000
-5.0000 -0.3125 0.0000
-5.0000 -0.9375 0.0000
-5.0000 -1.8750 0.0000
-5.0000 -1.5625 0.0000
-5.0000 -2.1875 0.0000
-5.0000 -3.7500 0.0000
-5.0000 -3.1250 0.0000
-5.0000 -2.8125 0.0000
-5.0000 -3.4375 0.0000
-5.0000 -4.3750 0.0000
-5.0000 -4.0625 0.0000
-5.0000 -4.6875 0.0000
-0.3564 -4.4465 0.0000
-0.6241 -4.5423 0.0000
-2.7508 -0.7171 0.0000
-2.7071 -0.9954 0.0000
-2.8731 -1.2006 0.0000
-2.5820 -1.3010 0.0000
-2.8299 -1.4875 0.0000
2.5969 3.6582 0.0000
4.3040 3.2431 0.0000
4.2571 3.0036 0.0000
4.1688 2.7821 0.0000
-4.7584 -3.9160 0.0000
-4.5371 -3.4186 0.0000
-4.7796 -3.2905 0.0000
-4.7382 -3.6049 0.0000
3.1618 4.5038 0.0000
2.8649 4.4708 0.0000
1.5454 1.1730 0.0001
-0.8357 -4.3900 0.0000
2.3392 -3.4284 0.0000
-1.8866 3.7155 0.0000
-0.4866 0.9800 0.0633
-0.4672 0.8645 0.1005
-0.5395 0.8143 0.1025
-0.6395 0.8858 0.0624
-0.6241 0.7640 0.0977
-0.6797 0.7109 0.0976
-0.7983 0.7671 0.0552
-0.7300 0.6255 0.1046
-0.8286 0.5857 0.0815
-2.8319 4.7537 0.0000
-2.8457 4.4769 0.0000
-3.0922 -1.4006 0.0000
-3.2337 -1.6161 0.0000
0.6474 1.9274 0.0002
0.3594 1.9922 0.0002
0.2157 1.7886 0.0009
-4.5083 -1.9027 0.0000
-2.0188 -4.7713 0.0000
1.8019 -2.2116 0.0000
1.6114 -2.3653 0.0000
-1.4975 3.2313 0.0000
-1.7294 3.1406 0.0000
-1.9463 2.9188 0.0000
-2.3236 -2.4324 0.0000
-2.4479 -2.6564 0.0000
-2.7082 -2.5517 0.0000
-2.6666 -2.8635 0.0000
-2.8273 -3.1119 0.0000
-2.0621 2.6686 0.0000
-2.2741 2.4936 0.0000
-2.5132 2.3640 0.0000
-2.7760 2.2515 0.0000
-0.4934 -0.0469 0.3858
-0.3949 -0.0360 0.4601
-0.4138 -0.1233 0.4347
-0.5011 -0.1371 0.3680
-0.5809 -0.0856 0.3159
-0.6582 -0.1345 0.2542
-0.3874 -0.2113 0.4286
-0.4821 -0.2257 0.3594
-0.5623 -0.2832 0.2870
-0.5758 -0.1874 0.3031
-0.6547 -0.2341 0.2392
-0.7395 -0.1830 0.1944
-0.6566 -0.3266 0.2154
-0.7419 -0.2783 0.1773
-0.7437 -0.3722 0.1567
-0.8246 -0.3334 0.1256
-0.7836 -0.4398 0.1236
-1.2178 2.7189 0.0000
-1.3373 2.4493 0.0000
-2.5031 2.9851 0.0000
3.0712 -3.5114 0.0000
2.8332 -3.6798 0.0000
-3.4516 1.3291 0.0000
3.2070 0.2974 0.0000
0.9843 0.8942 0.0168
0.7642 0.9694 0.0302
0.5856 0.7624 0.1031
0.6571 0.7045 0.1014
0.5590 0.6758 0.1401
0.5061 0.5926 0.1927
0.6273 0.8482 0.0707
0.5016 0.7557 0.1269
0.4545 0.6766 0.1732
0.7852 0.7583 0.0586
0.7610 0.6246 0.0910
0.7466 0.5330 0.1170
0.6780 0.6228 0.1181
0.5964 0.5958 0.1563
0.6630 0.5340 0.1501
0.8884 0.5686 0.0649
0.8203 0.4694 0.1028
0.7373 0.4442 0.1424
0.8823 0.3241 0.1016
0.8138 0.2828 0.1380
-3.4519 -4.4942 0.0000
-3.2938 -4.7478 0.0000
-3.5970 -4.7500 0.0000
2.5524 0.2426 0.0000
-0.6585 -0.0303 0.2624
-0.7392 -0.0824 0.2048
-0.8219 -0.1350 0.1517
-0.8210 -0.0321 0.1575
-0.9004 -0.0867 0.1149
-0.8270 -0.2323 0.1390
-0.9166 -0.1816 0.1021
-0.9116 -0.2914 0.0943
-0.8603 -0.4160 0.0975
-0.9666 -0.4112 0.0630
-1.1713 -0.4484 0.0202
-1.2149 -0.6907 0.0090
0.8793 -3.3725 0.0000
1.1148 -3.5435 0.0000
0.8632 -3.6716 0.0000
0.9793 -1.1445 0.0059
0.9885 -1.4259 0.0014
0.6627 -1.5334 0.0025
-3.5693 0.5715 0.0000
-3.4756 0.2993 0.0000
-3.7164 0.1137 0.0000
3.9206 -0.0339 0.0000
1.7220 -1.0104 0.0000
-3.7658 0.4113 0.0000
-2.4882 -4.6396 0.0000
-2.7041 -4.7389 0.0000
3.5723 0.1345 0.0000
3.3462 0.0395 0.0000
2.6464 2.2474 0.0000
-4.2217 -1.4842 0.0000
-4.4821 -1.6080 0.0000
0.0948 1.0264 0.0815
0.0511 0.9135 0.1266
0.0132 0.8266 0.1702
-0.0437 0.9024 0.1325
-0.1300 0.9166 0.1231
-0.0920 0.8219 0.1709
-0.1888 0.8309 0.1585
-0.1208 0.7383 0.2162
0.2154 0.9978 0.0843
0.1385 0.9246 0.1173
0.1209 0.8258 0.1653
0.1486 0.7188 0.2234
0.0586 0.7463 0.2148
-0.0311 0.7394 0.2206
0.0640 0.6597 0.2705
-0.0207 0.6552 0.2758
-0.1072 0.6576 0.2689
-0.1026 0.5769 0.3252
-0.2010 0.7389 0.2062
-0.1928 0.6470 0.2633
-0.1881 0.5556 0.3249
-1.2308 -2.9265 0.0000
0.0524 3.0307 0.0000
3.4997 -3.8324 0.0000
3.2610 -3.9527 0.0000
3.1056 -4.1372 0.0000
2.8906 -4.2774 0.0000
4.7471 -2.7805 0.0000
0.4728 2.6378 0.0000
2.2303 3.2151 0.0000
2.0116 3.0312 0.0000
-3.9617 0.2348 0.0000
-3.9893 -0.0332 0.0000
0.1347 -4.7267 0.0000
1.4019 -3.1443 0.0000
0.5694 1.4441 0.0052
-4.7613 -0.4540 0.0000
-4.7708 -0.7610 0.0000
-4.5373 -0.8587 0.0000
-4.7118 -1.0782 0.0000
-1.0366 1.6705 0.0003
-3.2409 -0.7534 0.0000
-3.3399 -0.9610 0.0000
-2.9956 -4.7431 0.0000
-4.0317 -0.6155 0.0000
2.9028 0.2748 0.0000
2.7405 0.1044 0.0000
-4.3624 0.4423 0.0000
-4.5292 0.2784 0.0000
0.1271 -2.9340 0.0000
-0.2775 1.8959 0.0004
-1.4975 2.1893 0.0000
2.0318 -4.7575 0.0000
2.9676 3.3180 0.0000
3.2873 4.7580 0.0000
3.8311 -3.2661 0.0000
2.5368 -2.9492 0.0000
2.5321 -3.2455 0.0000
2.1293 -3.2875 0.0000
2.1026 -3.5852 0.0000
3.5396 0.6490 0.0000
3.4711 0.3612 0.0000
-3.4737 -0.0206 0.0000
-3.7388 -0.1838 0.0000
-3.9969 -0.3246 0.0000
-3.7518 -0.5014 0.0000
3.5621 -1.1318 0.0000
3.4145 -1.3637 0.0000
3.1207 -1.4074 0.0000
2.9464 -1.5484 0.0000
-2.3069 -4.7620 0.0000
-4.7363 0.4631 0.0000
4.5171 4.0145 0.0000
4.2881 3.9104 0.0000
4.2343 3.6003 0.0000
4.0296 3.8488 0.0000
3.9374 3.5732 0.0000
-0.1297 1.0276 0.0805
-0.2179 0.9851 0.0900
-0.2267 0.9058 0.1200
-0.3192 1.0282 0.0682
-0.2971 0.8840 0.1208
-0.3785 0.8256 0.1319
-0.3768 0.9206 0.0958
-0.2826 0.7924 0.1645
-0.3676 0.7298 0.1774
-0.4519 0.6719 0.1810
-0.4586 0.7640 0.1398
-0.5495 0.7106 0.1357
-0.5282 0.6158 0.1791
-0.6239 0.6400 0.1365
-0.6802 0.5450 0.1448
3.2841 -1.6327 0.0000
3.0358 -1.7598 0.0000
2.7761 -1.8725 0.0000
2.5240 -2.0330 0.0000
3.0278 -2.0379 0.0000
2.7721 -2.1721 0.0000
2.5406 -2.3385 0.0000
-1.7058 1.9741 0.0000
0.2713 -0.7253 0.2009
0.2612 -0.8153 0.1564
0.1758 -0.8496 0.1501
0.0657 -0.4382 0.4300
0.0612 -0.5294 0.3640
0.0746 -0.6246 0.2946
0.0898 -0.7141 0.2337
0.0909 -0.8088 0.1777
0.0051 -0.7767 0.1983
0.1073 -0.9003 0.1311
0.0558 -0.9714 0.1028
0.0108 -0.8777 0.1441
-0.0762 -0.9217 0.1219
-0.0223 -0.9867 0.0971
-0.0393 -1.0947 0.0622
0.9402 2.4455 0.0000
0.8387 2.1833 0.0000
0.4629 -0.6852 0.1717
0.4454 -0.7833 0.1353
0.3179 -0.8941 0.1141
0.2654 -1.0238 0.0743
0.2370 -0.9120 0.1164
0.1631 -0.9654 0.1010
0.1124 -1.0850 0.0639
-3.3774 2.3315 0.0000
-3.6682 2.3244 0.0000
-4.0075 -1.9676 0.0000
4.7594 -4.2039 0.0000
3.2558 3.2305 0.0000
-2.1254 -1.6967 0.0000
4.2120 -2.8427 0.0000
4.0159 -3.0493 0.0000
-0.2253 -2.1775 0.0000
-0.5014 -2.2955 0.0000
-0.5789 -2.5331 0.0000
-0.8042 -2.4647 0.0000
4.2420 -4.2441 0.0000
3.9065 -4.2940 0.0000
-1.5052 1.4445 0.0000
-1.6901 1.2049 0.0000
-2.0162 4.7398 0.0000
2.6779 -0.3517 0.0000
4.4993 -2.9010 0.0000
4.5117 -3.1922 0.0000
-3.9905 1.2297 0.0000
4.3933 -1.0751 0.0000
4.2630 -1.3397 0.0000
3.7601 4.6096 0.0000
3.6842 4.3915 0.0000
3.9936 0.4816 0.0000
3.7293 0.4375 0.0000
3.8082 0.2102 0.0000
-1.1622 3.4597 0.0000
-2.7733 3.1179 0.0000
4.7263 -4.5118 0.0000
4.2113 -4.7579 0.0000
1.9345 4.0078 0.0000
2.0224 3.7318 0.0000
4.5284 0.6174 0.0000
4.2760 0.4905 0.0000
4.0758 0.2251 0.0000
-4.4840 1.2058 0.0000
-2.8324 0.8378 0.0000
-2.9556 0.5715 0.0000
1.8101 2.8330 0.0000
-2.1619 1.9511 0.0000
-2.6671 4.2242 0.0000
1.3458 -3.9935 0.0000
3.3864 2.9587 0.0000
3.1123 2.8319 0.0000
-2.9458 2.0713 0.0000
-4.0955 0.4332 0.0000
-4.2446 0.1573 0.0000
3.0379 -2.9345 0.0000
2.7884 -3.0951 0.0000
-3.5167 3.2307 0.0000
-3.2662 3.1086 0.0000
0.6237 -3.5140 0.0000
0.6135 -3.8109 0.0000
0.6105 -4.1121 0.0000
-3.7549 3.0585 0.0000
-1.7745 2.2529 0.0000
-1.9655 2.0872 0.0000
-3.0699 4.6698 0.0000
-1.8863 -2.7418 0.0000
3.8921 2.7928 0.0000
3.7821 2.5113 0.0000
3.0769 3.0541 0.0000
-2.4947 -4.1557 0.0000
-0.5210 2.4491 0.0000
-0.4202 2.1434 0.0001
-0.6881 2.1677 0.0000
-0.8600 1.9106 0.0001
-0.7311 1.6380 0.0011
-4.2675 2.9703 0.0000
-4.2726 2.6840 0.0000
-2.0788 4.4819 0.0000
-2.3706 4.2886 0.0000
3.2165 2.3651 0.0000
-0.1269 -3.6611 0.0000
4.4994 4.7506 0.0000
2.3242 3.7146 0.0000
2.4431 3.4315 0.0000
2.1556 3.4958 0.0000
0.0166 1.9071 0.0004
-0.1287 1.6497 0.0026
4.1848 1.0449 0.0000
3.9685 1.2538 0.0000
3.9052 0.9774 0.0000
4.1147 0.7487 0.0000
3.8221 0.7108 0.0000
3.6371 -4.2864 0.0000
3.7584 -4.5321 0.0000
3.5915 -4.7576 0.0000
-3.0501 2.3545 0.0000
-3.2171 2.0924 0.0000
-3.3378 1.8329 0.0000
4.4832 -3.7522 0.0000
4.2485 -3.9282 0.0000
3.3288 -0.7186 0.0000
-1.7351 -3.0021 0.0000
2.4297 4.7327 0.0000
-1.5181 4.4947 0.0000
-1.6141 4.2262 0.0000
4.1016 3.3412 0.0000
4.0048 3.0624 0.0000
3.7017 3.0057 0.0000
-0.3762 -3.5325 0.0000
-0.6097 -3.6968 0.0000
4.5171 -0.5811 0.0000
2.7716 0.7335 0.0000
2.6977 0.4627 0.0000
-0.2712 -1.3622 0.0141
4.2856 -3.1143 0.0000
3.1116 2.0905 0.0000
2.8093 2.0159 0.0000
-0.0029 2.7262 0.0000
0.0007 2.4113 0.0000
-0.2577 2.6140 0.0000
-0.2662 2.3566 0.0000
-0.1189 2.1387 0.0001
0.4234 -1.0726 0.0484
1.4703 -2.8804 0.0000
-3.4110 -2.1434 0.0000
-0.7676 -2.2045 0.0000
-1.0310 -2.4992 0.0000
-1.2655 -2.3904 0.0000
-4.5273 4.3708 0.0000
-4.7460 4.2053 0.0000
-3.1220 -2.1948 0.0000
1.1814 -2.1641 0.0000
1.0694 -2.4417 0.0000
-2.7587 2.8256 0.0000
-3.0161 2.9650 0.0000
1.8405 1.5425 0.0000
1.8293 1.2701 0.0000
0.3585 0.6785 0.2015
0.2359 0.5770 0.2968
0.1652 0.5150 0.3570
0.2465 0.6785 0.2304
0.1561 0.6215 0.2851
0.0721 0.5720 0.3314
0.0762 0.4885 0.3916
0.4083 0.5885 0.2325
0.3133 0.5990 0.2599
0.3473 0.5164 0.2966
0.2584 0.4910 0.3461
0.2344 0.4055 0.4102
0.1430 0.4202 0.4285
0.0455 0.4018 0.4572
0.1837 0.3353 0.4723
0.0909 0.3232 0.5039
-0.0090 0.4827 0.4006
-0.0716 0.4200 0.4422
-0.0222 0.3649 0.4843
0.0749 0.2284 0.5601
0.0005 0.2864 0.5346
-0.0946 0.3119 0.5105
-0.0191 0.1975 0.5804
-0.0985 0.2357 0.5522
-0.1814 0.2229 0.5340
-0.1061 0.1506 0.5865
-0.0299 0.0992 0.6134
-0.1209 0.0584 0.6048
-0.2668 0.1962 0.5064
-0.1918 0.1270 0.5652
-0.2132 0.0232 0.5728
-0.2785 0.1029 0.5275
-0.3779 0.0579 0.4704
-0.3023 0.0235 0.5234
-0.3129 -0.0520 0.5147
-0.3150 -0.1383 0.4975
-3.1489 3.9338 0.0000
4.5372 3.1487 0.0000
3.5026 2.4403 0.0000
-4.0118 3.1151 0.0000
-4.0124 2.8290 0.0000
0.2798 4.1878 0.0000
-2.0540 3.4841 0.0000
-0.5168 0.5148 0.2256
-0.5316 0.4241 0.2557
-0.5341 0.3309 0.2896
-0.6861 0.2792 0.2111
-0.5911 0.2581 0.2757
-0.6571 0.1823 0.2480
-0.6473 0.0739 0.2682
-0.7507 0.2080 0.1855
-0.7370 0.1168 0.2040
-0.7371 0.0201 0.2088
0.4266 -4.7728 0.0000
-0.8340 0.3636 0.1197
-0.8993 0.3211 0.0981
-0.9655 0.2052 0.0825
-0.8237 0.0671 0.1555
-0.9057 0.1199 0.1120
-0.9114 0.0156 0.1118
-1.0275 0.0800 0.0655
-1.0111 -0.0736 0.0708
-1.2004 -0.0255 0.0249
-1.4380 -0.0217 0.0044
-1.3596 -3.7247 0.0000
-1.6205 -3.8200 0.0000
-1.8582 -3.7871 0.0000
-3.5119 2.0832 0.0000
-3.8169 2.0477 0.0000
-2.1549 -3.4409 0.0000
-2.4399 -3.6279 0.0000
2.1551 2.3659 0.0000
-3.8409 -3.6471 0.0000
-0.6238 3.5373 0.0000
-0.6722 3.2681 0.0000
4.2452 1.3323 0.0000
4.0235 -1.8701 0.0000
4.0216 -2.1307 0.0000
3.7757 -2.1341 0.0000
3.6253 -2.3630 0.0000
-1.8245 -2.1298 0.0000
-2.0802 -2.2421 0.0000
-2.0840 -2.5309 0.0000
-2.1207 2.2916 0.0000
-2.3284 2.1594 0.0000
4.5097 -2.1291 0.0000
4.2771 -2.0793 0.0000
3.9232 4.7910 0.0000
-2.4269 1.8723 0.0000
-2.2299 1.6878 0.0000
2.3999 0.4458 0.0000
2.2100 0.2454 0.0000
-3.7838 -3.4009 0.0000
-4.0442 -3.4714 0.0000
3.3868 -0.9693 0.0000
3.2378 -1.1694 0.0000
0.9496 1.1485 0.0069
2.2855 -3.0931 0.0000
1.9154 -3.1501 0.0000
1.8683 -3.4227 0.0000
4.5151 1.4045 0.0000
-0.0088 1.3642 0.0158
0.1953 1.1844 0.0381
-0.0097 1.1457 0.0495
-0.0226 0.9911 0.0959
-0.2077 1.1810 0.0383
3.7522 -2.9662 0.0000
1.0547 1.6341 0.0003
-4.2709 -2.0794 0.0000
-4.5048 -2.2222 0.0000
1.1059 1.3726 0.0010
0.8451 1.4162 0.0026
-3.0663 1.8145 0.0000
0.8554 -3.9676 0.0000
4.2630 2.3832 0.0000
-0.3101 -1.6314 0.0026
-0.5543 -1.7614 0.0007
-0.5179 -2.0344 0.0001
-0.8000 -1.9159 0.0001
3.1195 1.0700 0.0000
3.0563 0.7954 0.0000
4.4961 -0.0262 0.0000
-0.6235 -3.0308 0.0000
-0.8058 -3.2314 0.0000
4.7340 -3.6024 0.0000
-0.5707 1.4108 0.0063
-0.7582 1.2640 0.0081
2.0446 -0.2985 0.0000
4.1094 -1.0824 0.0000
3.7072 -1.3649 0.0000
-0.8843 3.5048 0.0000
4.3572 -4.5197 0.0000
4.7578 -1.4122 0.0000
4.7521 -1.7041 0.0000
-3.8988 -2.8940 0.0000
-4.0477 -3.1764 0.0000
3.2830 -4.7417 0.0000
2.9836 -4.7604 0.0000
-0.0195 -1.8917 0.0005
0.0705 -2.1738 0.0001
-0.0517 -2.4428 0.0000
-0.3047 -2.5029 0.0000
2.3737 1.2840 0.0000
-3.2975 -2.4170 0.0000
-2.0215 -1.3868 0.0000
-1.2220 4.5009 0.0000
-1.3395 4.2394 0.0000
2.2198 -0.4592 0.0000
-1.1407 -3.9229 0.0000
-1.1822 -4.1919 0.0000
-2.2496 -1.2216 0.0000
-2.3206 -1.4905 0.0000
-2.5723 -1.5787 0.0000
1.1390 3.1868 0.0000
1.0603 2.9470 0.0000
0.8222 2.9792 0.0000
0.7647 2.6986 0.0000
2.3746 -4.2947 0.0000
0.3696 -4.5356 0.0000
0.4361 1.2229 0.0230
-3.7698 -2.1551 0.0000
-4.0434 -2.2461 0.0000
0.1843 3.5318 0.0000
1.8339 4.2702 0.0000
-3.4561 -1.4870 0.0000
-1.5705 -1.9833 0.0000
-1.5762 -2.2691 0.0000
-1.8206 -2.4266 0.0000
1.9191 -4.5043 0.0000
1.7240 -4.7346 0.0000
1.4457 -4.7679 0.0000
-3.5063 -0.3343 0.0000
-4.2784 -3.3579 0.0000
-4.3663 -3.6055 0.0000
0.3672 3.0595 0.0000
0.2604 2.8286 0.0000
0.2105 2.5471 0.0000
-0.6295 -3.3957 0.0000
-0.8385 -3.5543 0.0000
-1.0153 -3.3698 0.0000
-1.1058 -3.6347 0.0000
0.3708 -4.2493 0.0000
0.1305 -4.4066 0.0000
1.8159 3.5285 0.0000
1.6092 3.3430 0.0000
1.4172 3.1388 0.0000
1.3014 2.9145 0.0000
-3.6431 1.5694 0.0000
-1.0886 4.7588 0.0000
-1.3944 4.7513 0.0000
3.0211 2.5649 0.0000
2.9222 2.2978 0.0000
-2.1920 -2.7634 0.0000
-2.0300 -2.9744 0.0000
-2.2192 -3.1485 0.0000
-2.3751 -2.9467 0.0000
-2.5531 -3.1286 0.0000
-2.4012 -3.3375 0.0000
-2.6665 -3.3909 0.0000
1.9638 3.3266 0.0000
1.7745 3.1638 0.0000
1.6157 2.9939 0.0000
-1.2320 2.1944 0.0000
-1.1504 1.9309 0.0000
-1.4225 1.9284 0.0000
-0.0129 -1.2849 0.0249
0.2072 -1.7012 0.0018
-0.0665 -1.5923 0.0039
-0.2790 -1.8831 0.0004
3.3893 3.4730 0.0000
3.4993 -2.9028 0.0000
3.2836 -3.0647 0.0000
-3.3674 3.7147 0.0000
1.8979 2.2886 0.0000
2.0155 2.0727 0.0000
1.7143 2.0343 0.0000
-4.7608 -4.2186 0.0000
-0.0245 -0.4778 0.4041
-0.0204 -0.5823 0.3275
-0.0069 -0.6785 0.2603
-0.0798 -0.7397 0.2177
-0.1052 -0.6425 0.2788
-0.1612 -0.7341 0.2129
-0.2617 -0.8882 0.1209
-0.1075 -0.5423 0.3491
-0.1925 -0.5747 0.3100
-0.2012 -0.6479 0.2598
-0.2457 -0.7241 0.2048
-0.2591 -0.8068 0.1585
-0.3331 -0.7378 0.1784
-0.3539 -0.8349 0.1293
-0.3552 -0.9306 0.0928
-0.2952 -0.6388 0.2425
-0.3944 -0.6678 0.1969
-0.4245 -0.7632 0.1444
-0.4497 -0.8568 0.1031
-0.4873 -0.9723 0.0634
4.7493 -2.2991 0.0000
4.7063 -2.5612 0.0000
-0.7591 -2.7561 0.0000
-4.7555 -0.1520 0.0000
1.1587 -1.6528 0.0001
0.8705 -1.6563 0.0006
1.0207 -1.9194 0.0000
0.8674 -2.1780 0.0000
2.5172 2.6846 0.0000
2.2621 2.6114 0.0000
3.0513 4.2447 0.0000
2.7379 4.1793 0.0000
0.8472 0.3990 0.1047
0.7695 0.1996 0.1736
0.7718 0.3601 0.1449
0.6768 0.3633 0.1935
0.6162 0.2885 0.2500
0.7135 0.2748 0.1936
0.6579 0.1872 0.2455
0.5770 0.1187 0.3141
0.6487 0.4528 0.1820
0.5833 0.3886 0.2384
0.5187 0.3195 0.3025
0.5549 0.2190 0.3099
0.4567 0.2539 0.3670
0.4839 0.1557 0.3764
0.5016 0.0559 0.3783
0.4983 -0.0405 0.3820
0.4095 0.0951 0.4426
0.3271 0.0383 0.5064
0.4129 0.0012 0.4478
0.4083 -0.0915 0.4441
0.4074 -0.1910 0.4217
0.3144 -0.0463 0.5139
0.3242 -0.1386 0.4914
0.2373 -0.1205 0.5456
0.3126 -0.2219 0.4709
0.2225 -0.2106 0.5222
0.1790 -0.3022 0.4939
-3.2594 4.1977 0.0000
2.5510 0.9474 0.0000
2.3112 1.0342 0.0000
0.9442 -2.7534 0.0000
-4.0759 -0.9243 0.0000
-4.1465 -1.2057 0.0000
1.4524 1.9583 0.0000
-1.2179 -1.2432 0.0011
0.1356 -2.6649 0.0000
-2.5991 2.0676 0.0000
-2.7668 1.8801 0.0000
3.1610 -0.1904 0.0000
-4.1556 -3.7091 0.0000
-4.2815 -3.9321 0.0000
-4.5160 -3.7848 0.0000
2.4410 2.3887 0.0000
-4.7596 2.6532 0.0000
2.9888 4.7450 0.0000
4.4619 -2.3837 0.0000
4.4326 -2.6413 0.0000
3.6620 3.5134 0.0000
1.5860 1.4567 0.0000
1.3362 1.3589 0.0003
-1.9783 1.2208 0.0000
-1.8778 0.9630 0.0000
-2.2011 0.9820 0.0000
-2.5173 0.8977 0.0000
-2.3292 0.6802 0.0000
-0.7473 -1.3044 0.0070
-1.0025 -1.4129 0.0014
2.3456 -3.7257 0.0000
1.1364 -3.2484 0.0000
-2.6277 1.3863 0.0000
-2.9107 1.3312 0.0000
-2.7291 1.1056 0.0000
0.6014 -2.3303 0.0000
0.8114 -2.4741 0.0000
0.6600 -2.6706 0.0000
4.5156 -4.7316 0.0000
2.3497 -4.0180 0.0000
-4.4782 2.2153 0.0000
4.5074 -0.8421 0.0000
-0.4157 -3.2416 0.0000
2.3811 0.0705 0.0000
2.2055 -0.1031 0.0000
1.9981 0.0539 0.0000
-2.9931 -1.7085 0.0000
-2.9323 -1.9854 0.0000
-3.5906 1.0667 0.0000
2.9411 1.5429 0.0000
2.6220 1.1982 0.0000
0.4003 -1.4853 0.0057
0.2589 -1.2268 0.0294
0.1531 -1.4448 0.0096
2.4212 4.2154 0.0000
1.1023 -4.4371 0.0000
0.8707 -4.5308 0.0000
1.9106 0.6146 0.0000
1.6637 0.4311 0.0004
2.9505 -1.1755 0.0000
-3.2555 0.1551 0.0000
4.7154 2.6810 0.0000
4.3828 2.6508 0.0000
4.7752 2.3950 0.0000
4.5380 2.4333 0.0000
4.4736 2.1708 0.0000
-0.8923 3.7635 0.0000
-3.1231 1.5522 0.0000
-3.1882 1.3023 0.0000
-3.3069 1.0551 0.0000
2.1989 -4.5071 0.0000
1.4737 0.9151 0.0007
1.2129 0.8019 0.0066
1.5243 -1.7901 0.0000
1.2939 -1.8954 0.0000
-2.9019 -2.7502 0.0000
3.0361 -0.6680 0.0000
3.1079 -0.9268 0.0000
4.4974 -4.0562 0.0000
-0.3508 -0.3003 0.4142
-0.4347 -0.3039 0.3622
-0.5031 -0.3493 0.3011
-0.5864 -0.3832 0.2388
-0.6069 -0.4763 0.1949
-0.6437 -0.5562 0.1511
-0.7341 -0.5886 0.1080
-0.6746 -0.4243 0.1780
-0.7176 -0.4970 0.1378
-0.8330 -0.5329 0.0869
-0.8213 -0.6945 0.0616
-0.4267 -0.4048 0.3202
-0.5151 -0.4471 0.2531
-0.5430 -0.5434 0.1986
-0.6262 -0.6367 0.1316
-0.6926 -0.6666 0.1015
-0.9862 -0.5910 0.0404
-0.9958 -0.8283 0.0198
1.8588 -3.7219 0.0000
2.1018 -3.8882 0.0000
1.8530 -4.0086 0.0000
1.6033 -3.8653 0.0000
2.2217 1.8589 0.0000
2.0940 1.6088 0.0000
1.0260 -0.8750 0.0139
0.8296 -0.9362 0.0268
0.6647 -1.0776 0.0263
0.7606 -1.3046 0.0066
0.5096 -1.2752 0.0151
4.7324 2.1580 0.0000
4.7262 1.9317 0.0000
4.7830 -4.7812 0.0000
1.2466 -2.6757 0.0000
-0.8979 -4.1249 0.0000
-1.0838 -4.4028 0.0000
-1.2789 -4.5254 0.0000
-4.0441 0.8822 0.0000
1.3618 -4.5421 0.0000
1.1499 -4.7290 0.0000
0.9112 -4.7767 0.0000
-3.9014 -4.7429 0.0000
-4.4861 3.7330 0.0000
-4.7631 3.8845 0.0000
-4.7501 3.5872 0.0000
1.1483 0.5441 0.0192
0.9760 0.4231 0.0589
0.9682 0.2690 0.0754
0.8737 0.2130 0.1182
-4.2483 -0.1513 0.0000
-4.5076 -0.2946 0.0000
-3.4715 -1.7749 0.0000
1.9258 4.7599 0.0000
1.9986 4.5053 0.0000
1.6688 4.7617 0.0000
1.7158 4.5218 0.0000
3.6755 -0.0835 0.0000
3.4533 -0.2297 0.0000
1.8241 -4.2724 0.0000
1.6127 -4.4637 0.0000
-1.0562 -1.9914 0.0000
-1.0247 -2.2339 0.0000
-1.3207 -2.1371 0.0000
1.4698 -0.8757 0.0007
1.7743 0.9804 0.0000
1.6841 0.7234 0.0002
-0.4547 -2.7676 0.0000
1.6424 4.0612 0.0000
1.7301 3.8019 0.0000
1.5202 3.6197 0.0000
2.1228 4.2417 0.0000
0.4503 1.6905 0.0014
0.2895 1.4332 0.0091
-3.5284 -1.1407 0.0000
-3.6734 -1.3371 0.0000
3.0266 1.8179 0.0000
2.7406 1.7531 0.0000
2.6341 1.4845 0.0000
-2.6339 0.6370 0.0000
-1.1568 -3.1783 0.0000
-1.3360 -3.4161 0.0000
-1.7325 -4.0738 0.0000
4.7575 -0.1542 0.0000
-3.5994 4.7604 0.0000
-3.7289 4.5108 0.0000
2.2512 0.7837 0.0000
2.1627 0.5425 0.0000
3.7554 1.4687 0.0000
3.6872 1.1948 0.0000
3.4031 1.1378 0.0000
3.6169 0.9236 0.0000
3.3348 0.8608 0.0000
2.6277 -4.3976 0.0000
-1.5112 -2.8431 0.0000
3.0483 -3.2274 0.0000
-3.1174 3.6282 0.0000
-3.2754 3.4114 0.0000
2.2989 -2.4993 0.0000
2.0544 -2.6616 0.0000
2.0456 -2.9465 0.0000
-3.3155 -4.2286 0.0000
-3.6006 -4.2401 0.0000
-3.7461 -4.4945 0.0000
-1.4477 -0.8221 0.0012
-0.0832 -0.8305 0.1656
-0.1722 -0.8172 0.1650
-0.1701 -0.9038 0.1238
-0.2517 -0.9931 0.0829
-0.1367 -1.0083 0.0856
-0.2073 -1.1562 0.0431
-0.3743 -1.0914 0.0471
-0.4890 -1.2259 0.0203
3.7511 1.7159 0.0000
3.5003 1.6788 0.0000
3.2291 1.6104 0.0000
3.4750 1.4155 0.0000
3.1807 1.3416 0.0000
4.5136 1.6635 0.0000
4.2747 1.6052 0.0000
4.0225 1.5323 0.0000
1.5884 -4.1509 0.0000
1.3493 -4.2796 0.0000
0.8403 3.9929 0.0000
-4.1168 3.7359 0.0000
-4.2752 3.5593 0.0000
-4.5157 3.4219 0.0000
-1.2707 -1.5437 0.0001
-1.5178 -1.6796 0.0000
-1.7496 -1.8020 0.0000
1.1030 -3.8373 0.0000
3.1395 3.5148 0.0000
-2.7610 -3.6567 0.0000
-3.0615 -3.6769 0.0000
-2.9026 -3.9234 0.0000
-3.1838 -3.9539 0.0000
-3.4647 -3.9775 0.0000
4.5209 -4.3388 0.0000
3.9049 -2.4281 0.0000
3.6366 -2.6550 0.0000
3.2850 -2.7450 0.0000
-3.2638 2.8159 0.0000
-2.8956 0.1797 0.0000
4.7694 0.4602 0.0000
0.7734 -0.6216 0.0915
0.6763 -0.5985 0.1306
0.6667 -0.6775 0.1110
0.6236 -0.7556 0.1004
0.6522 -0.8649 0.0649
0.5678 -0.6668 0.1460
0.5336 -0.7491 0.1265
0.5309 -0.8324 0.0987
0.5174 -0.9423 0.0688
0.3526 -0.8090 0.1439
0.4259 -0.8757 0.1044
0.3696 -0.9496 0.0875
-4.4706 -1.3155 0.0000
-4.7450 -1.3555 0.0000
-4.7268 -1.5809 0.0000
-1.2008 1.3921 0.0005
-0.4606 4.7510 0.0000
-0.6116 4.5210 0.0000
-0.7748 4.7596 0.0000
-0.9306 4.5220 0.0000
3.2463 -0.4522 0.0000
-3.2518 -0.4636 0.0000
-3.5319 -3.4675 0.0000
-0.9496 3.2251 0.0000
-1.2358 3.2111 0.0000
2.7963 -2.4798 0.0000
2.5572 -2.6392 0.0000
2.3034 -2.7947 0.0000
2.4849 3.1324 0.0000
2.3005 2.9111 0.0000
2.0551 2.7535 0.0000
-4.7648 1.7002 0.0000
-0.0146 0.5700 0.3363
-0.0985 0.4979 0.3827
-0.1760 0.4674 0.3887
-0.2421 0.3924 0.4166
-0.1432 0.3872 0.4517
-0.1903 0.3074 0.4871
-0.2717 0.2875 0.4633
-0.3201 0.3543 0.4038
-0.3908 0.3152 0.3844
-0.3492 0.2448 0.4403
-0.4713 0.2795 0.3486
-0.3564 0.1458 0.4692
-0.5222 0.2010 0.3383
-0.4260 0.2093 0.4036
-0.4580 0.1256 0.4023
-0.5807 0.1423 0.3084
-0.4649 0.0315 0.4085
-0.5348 0.0812 0.3513
-0.5728 0.0107 0.3265
-1.8884 0.4480 0.0000
-3.7095 -1.6107 0.0000
-3.0022 4.2827 0.0000
1.0343 4.2226 0.0000
0.6506 -0.2579 0.2377
0.5618 -0.2765 0.2902
0.5280 -0.3539 0.2854
4.7354 0.1477 0.0000
-2.5994 0.1349 0.0000
-2.4328 -0.0699 0.0000
-2.6019 -0.2538 0.0000
2.8920 1.2777 0.0000
2.8405 1.0011 0.0000
-0.1071 -4.5395 0.0000
-1.8749 4.2131 0.0000
-2.1196 4.2411 0.0000
-2.1339 3.9926 0.0000
-3.0583 -2.9471 0.0000
-3.3307 -3.1679 0.0000
-3.9362 -1.3880 0.0000
-3.9947 -1.6648 0.0000
-0.2210 4.1898 0.0000
1.4699 -0.5882 0.0016
-3.8977 4.7588 0.0000
-4.3316 4.5160 0.0000
0.3102 3.9042 0.0000
-2.3910 4.0417 0.0000
-2.6527 3.9263 0.0000
-2.8880 3.7782 0.0000
0.5619 0.4983 0.2082
0.4958 0.4183 0.2760
0.4162 0.3537 0.3508
0.3614 0.2809 0.4168
0.3896 0.1886 0.4342
0.2955 0.2189 0.4817
0.4636 0.5133 0.2477
0.4095 0.4510 0.3053
0.3305 0.4168 0.3625
0.3000 0.3374 0.4222
0.2466 0.2786 0.4792
0.2245 0.1608 0.5400
0.3160 0.1282 0.4991
0.2402 0.0636 0.5552
0.1548 0.0737 0.5914
0.1683 0.2411 0.5298
0.1363 0.1514 0.5778
0.0544 0.1370 0.6004
0.2231 -0.0220 0.5676
0.1334 -0.0057 0.6047
0.0477 -0.0458 0.6207
0.0583 0.0513 0.6188
-0.0361 0.0069 0.6245
0.1448 -0.0907 0.5915
0.0539 -0.1395 0.5995
-0.1294 -0.0351 0.6048
-0.0404 -0.0878 0.6148
-0.0405 -0.1813 0.5856
0.1435 -0.1733 0.5677
0.0391 -0.2278 0.5648
0.1198 -0.2422 0.5440
0.0763 -0.3207 0.5082
-0.0328 -0.2877 0.5327
0.0176 -0.3768 0.4766
-0.0633 -0.3835 0.4685
-0.1157 -0.4452 0.4173
-0.1306 -0.1290 0.5865
-0.2239 -0.0743 0.5622
-0.2150 -0.1734 0.5401
-0.2887 -0.2334 0.4794
-0.1268 -0.3236 0.4960
-0.1939 -0.4862 0.3701
-0.1211 -0.2262 0.5512
-0.2010 -0.2722 0.5017
-0.2608 -0.3353 0.4417
-0.1840 -0.3856 0.4404
-0.3447 -0.3828 0.3748
2.4879 1.7843 0.0000
-1.3928 1.1971 0.0004
-1.5594 0.9542 0.0002
1.4986 -2.1055 0.0000
1.3495 -2.3943 0.0000
-0.8725 -3.8338 0.0000
-1.9736 0.1442 0.0000
-2.2811 0.1631 0.0000
-4.5194 0.6475 0.0000
-4.7723 0.7706 0.0000
0.8517 -4.2589 0.0000
4.7465 -3.9016 0.0000
-4.0269 4.5148 0.0000
-4.1762 4.2996 0.0000
-4.1655 2.1523 0.0000
-4.3684 1.9564 0.0000
-2.5766 1.6835 0.0000
-2.8446 1.6044 0.0000
-0.9165 1.4358 0.0018
-1.3020 -2.6623 0.0000
4.0620 2.5546 0.0000
3.9804 2.2885 0.0000
0.9340 1.9047 0.0001
0.7520 1.6723 0.0007
2.4830 -0.5597 0.0000
2.2814 -0.7491 0.0000
1.4250 0.6401 0.0023
-4.1705 -2.8923 0.0000
2.7547 3.8716 0.0000
2.5048 3.9512 0.0000
4.2097 -3.6295 0.0000
3.9811 -3.8134 0.0000
4.0191 -4.0890 0.0000
3.7465 -4.0142 0.0000
4.0700 -4.4962 0.0000
3.9113 -4.7577 0.0000
2.7022 4.7350 0.0000
2.7074 -1.6167 0.0000
2.4862 -1.7383 0.0000
2.2626 -1.9022 0.0000
2.2858 -2.2019 0.0000
-1.9247 1.7668 0.0000
-1.2154 0.7172 0.0078
-1.4596 0.7164 0.0013
-0.1659 4.7603 0.0000
2.6254 -4.1264 0.0000
-2.7854 -0.0896 0.0000
-2.9973 -0.2908 0.0000
-2.7820 -0.4315 0.0000
-3.0062 -0.5971 0.0000
2.7895 3.5171 0.0000
2.6782 3.2892 0.0000
2.1870 -0.9622 0.0000
1.9990 -1.1397 0.0000
-4.3234 -3.0982 0.0000
-4.5550 -3.1482 0.0000
-4.7642 -2.9720 0.0000
-4.3756 4.1853 0.0000
-4.5459 4.0203 0.0000
-1.1423 3.7063 0.0000
4.6216 0.9185 0.0000
4.2231 4.7314 0.0000
4.5005 4.5062 0.0000
4.2389 4.4373 0.0000
4.0070 4.5285 0.0000
-2.3879 1.4997 0.0000
-0.3014 4.4774 0.0000
-0.5095 4.2516 0.0000
-0.7778 4.0428 0.0000
-1.4714 -1.3624 0.0001
3.7490 -0.3306 0.0000
1.8163 -2.5292 0.0000
1.5431 -2.6277 0.0000
3.2667 0.5799 0.0000
2.9898 0.5259 0.0000
1.1318 3.9499 0.0000
1.2310 3.6831 0.0000
1.3229 3.4099 0.0000
-3.5166 2.6182 0.0000
-1.7584 -1.2508 0.0000
1.0325 -0.1321 0.0625
0.9433 -0.1490 0.0941
0.8928 -0.2191 0.1110
1.0042 -0.2988 0.0627
0.8969 -0.3307 0.0976
0.7219 -0.3455 0.1768
0.8015 -0.3579 0.1350
0.7787 -0.4414 0.1291
0.6870 -0.4296 0.1739
0.7317 -0.5216 0.1302
0.6346 -0.5097 0.1745
0.5883 -0.5877 0.1671
-2.2397 3.2706 0.0000
-0.8045 2.4211 0.0000
-0.9470 2.7240 0.0000
-1.0598 2.4649 0.0000
-0.9670 2.1793 0.0000
2.8263 -0.9029 0.0000
2.6450 -1.1291 0.0000
2.7715 -1.3602 0.0000
2.4784 -1.4090 0.0000
2.1880 -1.3109 0.0000
1.9651 -1.4754 0.0000
1.7462 -1.6376 0.0000
1.2199 1.8821 0.0000
-2.5201 -0.5327 0.0000
-2.4778 -0.8035 0.0000
-2.4550 -1.0727 0.0000
2.6621 -4.7614 0.0000
-3.7180 4.0604 0.0000
-3.9147 3.8954 0.0000
0.7545 4.2633 0.0000
4.2095 -0.0614 0.0000
4.2743 -0.3176 0.0000
1.3704 -3.4253 0.0000
-2.9887 -0.8968 0.0000
-3.1470 -1.1076 0.0000
-3.3324 -1.2882 0.0000
-1.6833 -1.4940 0.0000
0.5479 4.0389 0.0000
0.6418 3.7691 0.0000
1.9525 2.5364 0.0000
1.6571 2.2908 0.0000
4.3774 0.8288 0.0000
-2.8325 -2.2575 0.0000
-3.0021 -2.4713 0.0000
-0.7808 4.3040 0.0000
-1.0565 4.2414 0.0000
-1.0927 3.9772 0.0000
3.8238 3.2835 0.0000
3.5391 3.2311 0.0000
-3.5439 -3.2077 0.0000
-3.7920 -3.1547 0.0000
-3.6249 -3.7338 0.0000
-1.7495 0.7166 0.0001
-1.6052 0.4803 0.0006
-1.6827 0.2437 0.0004
-1.0740 2.9725 0.0000
-1.3824 2.9694 0.0000
-4.7584 -2.3633 0.0000
-3.1821 -2.6838 0.0000
-3.4636 -2.6566 0.0000
-4.7545 -1.7961 0.0000
-4.7509 -2.0696 0.0000
-3.0904 0.3362 0.0000
-1.9834 -4.2822 0.0000
-2.1493 -4.5214 0.0000
-1.4989 -2.4906 0.0000
-1.6573 -2.6536 0.0000
1.5882 -1.4444 0.0000
-4.7628 0.1480 0.0000
-1.2605 0.9849 0.0024
-1.6143 2.4507 0.0000
-1.9323 2.4402 0.0000
2.3283 -4.7781 0.0000
-4.2030 4.7587 0.0000
-4.5115 4.7241 0.0000
-4.7810 4.7840 0.0000
-4.7394 4.5161 0.0000
-2.1567 3.7455 0.0000
-2.4095 3.7861 0.0000
-1.0272 -2.7343 0.0000
-3.8687 4.2680 0.0000
-4.0622 4.0808 0.0000
-4.2717 3.9286 0.0000
-4.3034 -2.6696 0.0000
-4.4987 -2.8508 0.0000
-4.7515 -2.6729 0.0000
2.5812 4.4597 0.0000
2.2901 4.4779 0.0000
3.5530 -3.1888 0.0000
3.5982 -3.4819 0.0000
3.3186 -3.3557 0.0000
3.3437 -3.6387 0.0000
-3.9564 -3.8543 0.0000
-4.0603 -4.0694 0.0000
-3.7474 -3.9873 0.0000
-3.8888 -4.2349 0.0000
-4.7093 2.0118 0.0000
-2.3241 -3.9139 0.0000
-2.6117 -3.8958 0.0000
-2.7669 -4.1725 0.0000
-3.0358 -4.2101 0.0000
-2.6293 -4.4183 0.0000
-2.8777 -4.4749 0.0000
-3.1619 -4.4845 0.0000
-1.7755 -0.4706 0.0001
-1.6740 -0.7086 0.0002
-1.7375 -0.9604 0.0001
-2.0429 0.7107 0.0000
-2.1620 0.4237 0.0000
-2.4564 0.4025 0.0000
3.0567 0.0626 0.0000
2.8679 -0.1300 0.0000
2.9567 -0.4029 0.0000
0.9271 4.4999 0.0000
4.0030 -0.2952 0.0000
4.0389 -0.5494 0.0000
0.5861 -0.4301 0.2248
0.4880 -0.4315 0.2762
0.5310 -0.5112 0.2207
0.4887 -0.5939 0.2030
0.4224 -0.5072 0.2719
2.8227 3.0611 0.0000
2.6064 2.9169 0.0000
2.8405 2.7853 0.0000
2.7266 2.5249 0.0000
-1.9624 -0.7401 0.0000
-2.2116 -0.9156 0.0000
4.5341 0.3291 0.0000
0.6842 1.1980 0.0144
0.5463 1.0095 0.0478
0.3521 1.0483 0.0586
0.3030 0.9269 0.1003
0.2141 0.8795 0.1301
0.4943 0.8471 0.0969
0.4153 0.9234 0.0863
0.3771 0.8492 0.1186
0.4072 0.7716 0.1443
0.2988 0.8375 0.1370
0.3123 0.7545 0.1739
0.2173 0.7810 0.1777
1.2497 -1.3346 0.0005
1.8608 -0.1569 0.0001
1.6550 -0.3608 0.0004
-3.1990 4.4544 0.0000
-3.5389 4.2772 0.0000
-3.0233 3.2648 0.0000
-1.3692 3.7493 0.0000
-1.4303 3.4887 0.0000
4.5133 -0.3042 0.0000
1.3202 4.1791 0.0000
1.4279 3.9071 0.0000
0.8756 3.2375 0.0000
0.5633 2.8958 0.0000
4.7543 -3.0367 0.0000
4.7482 -3.3215 0.0000
1.4436 4.5252 0.0000
1.5380 4.2920 0.0000
1.2138 4.4537 0.0000
-4.2491 -2.3937 0.0000
-4.5204 -2.5198 0.0000
2.0642 1.0896 0.0000
2.0074 0.8377 0.0000
-3.8699 -2.4194 0.0000
-4.0377 -2.6157 0.0000
4.2144 -2.3353 0.0000
4.1630 -2.5759 0.0000
3.9273 -2.7413 0.0000
1.2417 -1.0311 0.0022
-0.1326 3.5603 0.0000
-0.3749 3.3832 0.0000
3.1532 -2.4962 0.0000
2.9853 -2.6612 0.0000
2.7736 -2.8052 0.0000
-2.0622 1.4982 0.0000
-2.2415 1.2983 0.0000
-2.4528 1.1679 0.0000
4.1512 -3.3387 0.0000
3.9227 -3.5281 0.0000
3.7175 -3.7190 0.0000
-1.6206 1.7069 0.0000
-1.7945 1.4765 0.0000
0.9221 0.1341 0.1028
0.8692 0.0395 0.1316
0.7721 0.0399 0.1858
0.8311 0.1214 0.1475
0.7327 0.1177 0.2056
0.7020 -0.0051 0.2320
0.8182 -0.0354 0.1593
0.7518 -0.0919 0.1967
0.6600 0.0774 0.2582
0.5937 0.0060 0.3101
0.5734 -0.0927 0.3205
0.6547 -0.0848 0.2619
0.6869 -0.1705 0.2304
0.5860 -0.1824 0.2973
0.4925 -0.1406 0.3736
0.4875 -0.2364 0.3526
3.9548 -0.8229 0.0000
3.8274 -1.0836 0.0000
2.7514 -0.6327 0.0000
2.5287 -0.8600 0.0000
2.3718 -1.1121 0.0000
-3.4419 3.9912 0.0000
-4.2118 1.0858 0.0000
-2.5871 4.7460 0.0000
-2.3121 4.7624 0.0000
-2.3102 4.5341 0.0000
-2.5756 4.5018 0.0000
1.8653 -0.4856 0.0000
1.7160 -0.7022 0.0001
-2.4139 -1.8187 0.0000
-0.5928 0.5503 0.1788
-0.6116 0.4642 0.2003
-0.6278 0.3641 0.2234
-0.6988 0.4456 0.1643
-0.7344 0.3612 0.1672
-0.7916 0.2826 0.1524
-0.8692 0.2395 0.1201
-0.8287 0.1660 0.1469
4.7622 2.9792 0.0000
4.4889 2.8886 0.0000
0.7272 3.4961 0.0000
0.6000 3.1966 0.0000
-4.5954 0.9444 0.0000
0.1222 -3.8057 0.0000
-0.1190 -3.9621 0.0000
-0.1177 -4.2581 0.0000
3.7687 -1.8886 0.0000
3.5383 -1.8490 0.0000
3.2860 -1.9157 0.0000
3.5110 -2.1161 0.0000
3.2728 -2.2165 0.0000
3.0119 -2.3155 0.0000
3.3976 -2.4599 0.0000
-3.3088 4.7608 0.0000
-3.4327 4.5200 0.0000
-1.6989 0.0022 0.0004
-1.8831 -0.1869 0.0000
-2.1457 -0.1081 0.0000
4.7319 4.2146 0.0000
4.4379 4.2454 0.0000
4.7537 1.6782 0.0000
-3.3319 -2.9257 0.0000
-3.6024 -2.9286 0.0000
-2.0277 -3.9932 0.0000
-2.2241 -4.1889 0.0000
-2.3554 -4.4110 0.0000
2.2385 -1.5974 0.0000
1.7626 -1.9370 0.0000
-3.7908 2.5544 0.0000
-3.9507 2.2863 0.0000
4.7629 -0.7668 0.0000
4.7234 -1.0796 0.0000
-0.2687 -0.4365 0.3773
-0.3545 -0.4781 0.3160
-0.4450 -0.5076 0.2592
-0.2766 -0.5419 0.3076
-0.3695 -0.5734 0.2556
-0.4628 -0.6017 0.2055
-0.4909 -0.6976 0.1534
-0.5523 -0.6300 0.1601
-0.5863 -0.7233 0.1159
-0.6782 -0.7684 0.0797
-0.5227 -0.7929 0.1093
-0.5997 -0.8752 0.0700
-0.7890 -0.9025 0.0361
-0.6530 -1.0703 0.0287
-0.9450 -1.1070 0.0086
4.7673 -2.0105 0.0000
-0.4512 3.9848 0.0000
-0.6450 3.7915 0.0000
2.0452 -0.6396 0.0000
1.9462 -0.8500 0.0000
-4.5234 1.7535 0.0000
4.7587 3.2952 0.0000
2.5223 2.0249 0.0000
2.2975 2.1338 0.0000
-1.7036 4.7448 0.0000
-1.8133 4.4773 0.0000
4.7554 1.1268 0.0000
2.6022 -3.8495 0.0000
0.6575 -2.9333 0.0000
0.3883 -3.0722 0.0000
0.1309 -3.2238 0.0000
0.3791 -3.3642 0.0000
0.3686 -3.6559 0.0000
0.1159 -3.5081 0.0000
-1.7444 3.4352 0.0000
-1.9737 3.2129 0.0000
-1.0355 1.1627 0.0042
-0.6240 1.0996 0.0269
-0.8177 0.9955 0.0221
-1.0135 0.8817 0.0145
0.4497 -2.5268 0.0000
0.3863 -2.7849 0.0000
-3.5858 -2.3729 0.0000
-3.7370 -2.6573 0.0000
0.9152 -0.0505 0.1097
0.8559 -0.1240 0.1356
0.7889 -0.1856 0.1665
0.8249 -0.2763 0.1364
0.7358 -0.2631 0.1855
0.6306 -0.3461 0.2272
-4.5007 -0.0036 0.0000
1.6313 -3.3093 0.0000
1.6151 -3.5829 0.0000
1.3568 -3.7089 0.0000
1.1758 -2.9543 0.0000
0.9060 -3.0681 0.0000
0.6397 -3.2194 0.0000
-0.1092 -3.0793 0.0000
-0.1457 -3.3521 0.0000
-1.6522 -3.3006 0.0000
-1.5970 -3.5648 0.0000
-1.6161 3.9724 0.0000
-1.6267 3.7144 0.0000
-1.3542 3.9924 0.0000
-0.5752 1.8955 0.0003
4.3411 0.1897 0.0000
0.4618 3.4265 0.0000
0.2514 3.2556 0.0000
0.3682 -3.9532 0.0000
0.1260 -4.1060 0.0000
4.7548 1.4036 0.0000
-0.9410 -4.6244 0.0000
-1.1191 -4.7625 0.0000
-1.4119 -4.7726 0.0000
-1.5619 -4.5454 0.0000
-1.7164 -4.7676 0.0000
0.0255 4.3096 0.0000
0.0417 4.0375 0.0000
-1.9338 -3.2399 0.0000
-1.8708 -3.5245 0.0000
-2.1317 -3.7103 0.0000
0.4608 4.7376 0.0000
0.2781 4.4985 0.0000
0.1524 4.7591 0.0000
-0.0260 4.5375 0.0000
3.4642 -4.1101 0.0000
3.2983 -4.2857 0.0000
3.4495 -4.4980 0.0000
3.1164 -4.4826 0.0000
2.8257 -4.5491 0.0000
3.0930 -3.7921 0.0000
2.8809 -3.9748 0.0000
0.4533 -0.3180 0.3453
0.4129 -0.3952 0.3336
0.3817 -0.2789 0.4060
0.3361 -0.3497 0.3980
0.3313 -0.4460 0.3465
0.3251 -0.5407 0.2930
0.3930 -0.6117 0.2291
0.3675 -0.7122 0.1857
0.2697 -0.2964 0.4595
0.2392 -0.3891 0.4197
0.2395 -0.4802 0.3612
0.2321 -0.5685 0.3053
0.1428 -0.3905 0.4496
0.1544 -0.4805 0.3849
0.1478 -0.5684 0.3244
0.2959 -0.6369 0.2453
0.1849 -0.6590 0.2570
0.1783 -0.7554 0.1996
-1.0678 -0.2368 0.0481
-1.3136 -0.2576 0.0102
-1.5900 -0.2616 0.0010
-1.4491 -0.5173 0.0025
-0.7582 2.9689 0.0000
1.4006 0.3991 0.0045
1.1709 0.2935 0.0255
-3.8169 -0.7813 0.0000
-3.8341 -1.0897 0.0000
0.6081 -4.4239 0.0000
0.6625 -4.7107 0.0000
3.6987 2.2266 0.0000
1.2295 1.0863 0.0021
-3.0178 1.0617 0.0000
-3.1389 0.7986 0.0000
-3.2789 0.5280 0.0000
2.4788 -4.5840 0.0000
2.3505 1.5607 0.0000
-3.3678 1.5878 0.0000
-0.9745 0.6543 0.0358
-1.1167 0.4864 0.0248
-0.2822 0.6878 0.2198
-0.2762 0.5879 0.2804
-0.2700 0.4852 0.3472
-0.3629 0.6305 0.2293
-0.4410 0.5734 0.2309
-0.3555 0.5298 0.2876
-0.3524 0.4294 0.3461
-0.4368 0.4739 0.2818
-0.4428 0.3807 0.3236
-4.5103 -4.0871 0.0000
2.0039 -1.7704 0.0000
2.0328 -2.0630 0.0000
2.0396 -2.3623 0.0000
-0.7636 0.5186 0.1186
-0.7963 0.4435 0.1216
-0.9085 0.4691 0.0753
-1.0071 0.3385 0.0589
-1.1821 0.2211 0.0251
1.7873 -2.8171 0.0000
1.6916 -3.0610 0.0000
3.4115 2.1574 0.0000
3.3169 1.8894 0.0000
4.7601 3.8964 0.0000
4.5058 3.7284 0.0000
4.5318 -1.2989 0.0000
4.4643 -1.5777 0.0000
4.5309 -1.8634 0.0000
4.2844 -1.8331 0.0000
2.8030 -3.3835 0.0000
2.5798 -3.5537 0.0000
-4.4824 1.5006 0.0000
-4.7378 1.4092 0.0000
4.1534 4.1517 0.0000
3.8355 4.0632 0.0000
3.7391 3.8012 0.0000
3.4541 3.7167 0.0000
-2.4825 3.2441 0.0000
-2.6899 3.3565 0.0000
-3.0056 2.6709 0.0000
-3.2457 2.5511 0.0000
-0.4708 3.0766 0.0000
-0.4881 2.7855 0.0000
-0.7146 2.6632 0.0000
-4.2166 0.6851 0.0000
-2.6395 3.6174 0.0000
-2.9099 3.4836 0.0000
1.4461 0.1625 0.0040
1.2091 0.0389 0.0236
-4.7598 3.2771 0.0000
3.5932 2.7337 0.0000
3.3142 2.6508 0.0000
0.1143 1.5939 0.0038
-0.1671 -4.7694 0.0000
-0.4395 -4.7405 0.0000
-0.7585 -4.7703 0.0000
-0.9356 -3.0053 0.0000
-4.0270 2.5476 0.0000
-4.2530 2.3984 0.0000
-0.0149 3.3279 0.0000
-0.2082 3.1792 0.0000
-0.2247 2.9033 0.0000
3.5855 4.7673 0.0000
3.4587 4.5198 0.0000
-4.0712 1.9093 0.0000
-4.2236 1.6756 0.0000
2.2190 3.9762 0.0000
2.4863 0.6914 0.0000
-4.2858 -0.7453 0.0000
-4.3683 -1.0460 0.0000
-1.3527 0.4493 0.0056
-1.4342 0.2060 0.0040
4.7726 0.7584 0.0000
1.0364 0.1486 0.0605
1.0301 -0.0067 0.0653
0.9412 0.0484 0.0979
-1.4292 -4.0193 0.0000
-1.4373 -4.2880 0.0000
-1.7047 -4.3265 0.0000
-1.8667 -4.5415 0.0000
-4.0399 -4.4671 0.0000
-4.3081 -4.5210 0.0000
-4.1957 -4.7561 0.0000
-4.5078 -4.7196 0.0000
-0.3673 -3.8326 0.0000
-0.3618 -4.1279 0.0000
1.0991 -4.1346 0.0000
0.0808 3.7615 0.0000
4.7599 4.7576 0.0000
-1.9912 -1.0774 0.0000
3.5273 -0.5235 0.0000
-3.0694 -0.0102 0.0000
-3.2648 -0.1800 0.0000
-3.9682 1.5191 0.0000
-4.2313 1.3782 0.0000
1.4110 -0.0983 0.0053
1.1793 -0.2094 0.0260
1.0053 -0.4805 0.0467
0.8792 -0.4218 0.0922
0.8462 -0.5343 0.0853
-3.4985 -0.6354 0.0000
-3.5877 -0.8735 0.0000
-2.3713 -2.1401 0.0000
-1.8820 -1.6014 0.0000
-1.9427 -1.9184 0.0000
-2.1710 -1.9806 0.0000
1.4923 -1.1898 0.0002
-3.6040 1.8295 0.0000
-1.3196 1.6650 0.0000
1.9053 1.8190 0.0000
1.6140 1.7446 0.0000
1.3428 1.6347 0.0001
-2.5671 -2.3355 0.0000
0.6568 2.4260 0.0000
0.5439 2.1760 0.0000
0.3589 2.3483 0.0000
0.1691 2.1677 0.0000
-1.2104 -0.9739 0.0037
-1.4874 -1.0896 0.0003
-1.4433 -3.1250 0.0000
-1.4876 2.6949 0.0000
-1.6490 2.9159 0.0000
-1.7789 2.6650 0.0000
-4.7729 1.1132 0.0000
-2.9065 4.0663 0.0000
1.6331 -0.0873 0.0007
1.3951 2.1937 0.0000
1.1189 2.1365 0.0000
-3.7840 -1.8499 0.0000
-2.0493 -0.4220 0.0000
-2.3194 -0.3381 0.0000
-2.2427 -0.6287 0.0000
-3.5867 -1.9862 0.0000
-4.2460 -1.7854 0.0000
4.4656 1.1395 0.0000
-3.7393 1.3132 0.0000
-0.1421 -2.7627 0.0000
-0.3350 -2.9980 0.0000
4.7457 4.4936 0.0000
1.2452 2.6545 0.0000
1.1793 2.3954 0.0000
-0.6248 -3.9837 0.0000
0.4125 3.6844 0.0000
-3.8547 1.0230 0.0000
-2.3717 3.5114 0.0000
4.4472 -3.4490 0.0000
4.4675 1.9109 0.0000
4.2149 1.8409 0.0000
-3.6454 3.7872 0.0000
-3.8655 3.6092 0.0000
-3.5688 3.5125 0.0000
-3.7892 3.3299 0.0000
-4.0502 3.4145 0.0000
0.9327 3.7238 0.0000
1.0354 3.4641 0.0000
1.5150 2.7605 0.0000
1.0188 2.7052 0.0000
4.1914 2.0911 0.0000
3.9069 2.0132 0.0000
3.9800 1.7780 0.0000
3.6221 1.9487 0.0000
-4.2473 -4.2460 0.0000
-4.5199 -4.3789 0.0000
-4.7497 -4.5178 0.0000
-4.7783 -4.7845 0.0000
4.2792 -0.5669 0.0000
4.2361 -0.8164 0.0000
3.7922 -0.5895 0.0000
3.6361 -0.8292 0.0000
-4.3647 0.8961 0.0000
1.7880 -1.2917 0.0000
-3.2302 -1.9162 0.0000
-1.8751 3.9657 0.0000
2.0961 -4.2083 0.0000
-3.8710 1.7539 0.0000
-2.7255 -1.7852 0.0000
-2.6343 -2.0442 0.0000
1.4016 -0.3372 0.0045
1.1925 -0.4639 0.0164
1.2137 -0.7100 0.0080
-4.7618 2.9664 0.0000
-0.5325 -1.4757 0.0046
-0.7841 -1.6014 0.0010
-1.0357 -1.7114 0.0002
-1.2990 -1.8462 0.0000
1.7201 2.5752 0.0000
1.4544 2.4767 0.0000
1.9417 0.3364 0.0000
1.7166 0.1510 0.0003
1.3907 4.7571 0.0000
1.1074 4.7325 0.0000
0.7907 4.7611 0.0000
-4.5134 2.5134 0.0000
-4.7482 2.3341 0.0000
-0.4279 1.6527 0.0019
-0.2837 1.4119 0.0103
-0.4377 1.1965 0.0263
0.7535 -1.8779 0.0002
0.5693 -2.0524 0.0001
0.5053 -1.7585 0.0008
0.2807 -1.9594 0.0003
0.3568 -2.2202 0.0000
0.2291 -2.4308 0.0000
3.3573 4.2773 0.0000
3.2759 4.0323 0.0000
2.9955 3.9806 0.0000
2.9461 3.6919 0.0000
2.5717 -0.0886 0.0000
2.3941 -0.2739 0.0000
-0.6021 -4.2599 0.0000
-4.2629 -0.4471 0.0000
-4.5202 -0.5828 0.0000
-3.0920 -3.1950 0.0000
-2.9420 -3.4161 0.0000
-3.2508 -3.4336 0.0000
-3.3459 -3.7062 0.0000
-3.5069 2.9304 0.0000
-3.7635 2.8019 0.0000
-2.7524 0.3895 0.0000
4.7513 3.5903 0.0000
4.4833 3.4417 0.0000
-3.4283 0.8058 0.0000
-3.7203 0.7931 0.0000
-3.9150 0.6314 0.0000
3.9231 4.3057 0.0000
3.5978 4.1768 0.0000
3.5145 3.9601 0.0000
3.2166 3.7754 0.0000
2.1750 4.7476 0.0000
-4.2743 3.2581 0.0000
-4.5194 3.1176 0.0000
-4.5199 2.8173 0.0000
1.3944 -1.5706 0.0000
2.1117 1.3477 0.0000
4.7635 -0.4590 0.0000
0.6355 4.5359 0.0000
0.4915 4.3362 0.0000
-2.2082 3.0205 0.0000
-2.2841 2.7865 0.0000
-2.5251 2.6642 0.0000
-2.7750 2.5226 0.0000
0.7782 -0.7511 0.0627
0.9530 -0.6693 0.0383
3.9801 -1.3488 0.0000
4.1433 -1.5947 0.0000
3.8451 -1.6252 0.0000
3.5649 -1.6107 0.0000
-0.1836 3.8761 0.0000
-0.3846 3.6849 0.0000
