5.0000 5.0000 0.0000
0.0000 5.0000 0.0000
2.5000 5.0000 0.0000
3.7500 5.0000 0.0000
4.3750 5.0000 0.0000
4.6875 5.0000 0.0000
4.0625 5.0000 0.0000
3.1250 5.0000 0.0000
3.4375 5.0000 0.0000
2.8125 5.0000 0.0000
1.2500 5.0000 0.0000
1.8750 5.0000 0.0000
2.1875 5.0000 0.0000
1.5625 5.0000 0.0000
0.6250 5.0000 0.0000
0.9375 5.0000 0.0000
0.3125 5.0000 0.0000
-2.5000 5.0000 0.0000
-1.2500 5.0000 0.0000
-0.6250 5.0000 0.0000
-0.3125 5.0000 0.0000
-0.9375 5.0000 0.0000
-1.8750 5.0000 0.0000
-1.5625 5.0000 0.0000
-2.1875 5.0000 0.0000
-3.7500 5.0000 0.0000
-3.1250 5.0000 0.0000
-2.8125 5.0000 0.0000
-3.4375 5.0000 0.0000
-4.3750 5.0000 0.0000
-4.0625 5.0000 0.0000
-4.6875 5.0000 0.0000
5.0000 -5.0000 0.0000
5.0000 0.0000 0.0000
5.0000 -2.5000 0.0000
5.0000 -3.7500 0.0000
5.0000 -4.3750 0.0000
5.0000 -4.6875 0.0000
5.0000 -4.0625 0.0000
5.0000 -3.1250 0.0000
5.0000 -3.4375 0.0000
5.0000 -2.8125 0.0000
5.0000 -1.2500 0.0000
5.0000 -1.8750 0.0000
5.0000 -2.1875 0.0000
5.0000 -1.5625 0.0000
5.0000 -0.6250 0.0000
5.0000 -0.9375 0.0000
5.0000 -0.3125 0.0000
5.0000 2.5000 0.0000
5.0000 1.2500 0.0000
5.0000 0.6250 0.0000
5.0000 0.3125 0.0000
5.0000 0.9375 0.0000
5.0000 1.8750 0.0000
5.0000 1.5625 0.0000
5.0000 2.1875 0.0000
5.0000 3.7500 0.0000
5.0000 3.1250 0.0000
5.0000 2.8125 0.0000
5.0000 3.4375 0.0000
5.0000 4.3750 0.0000
5.0000 4.0625 0.0000
5.0000 4.6875 0.0000
-5.0000 -5.0000 0.0000
0.0000 -5.0000 0.0000
-2.5000 -5.0000 0.0000
-3.7500 -5.0000 0.0000
-4.3750 -5.0000 0.0000
-4.6875 -5.0000 0.0000
-4.0625 -5.0000 0.0000
-3.1250 -5.0000 0.0000
-3.4375 -5.0000 0.0000
-2.8125 -5.0000 0.0000
-1.2500 -5.0000 0.0000
-1.8750 -5.0000 0.0000
-2.1875 -5.0000 0.0000
-1.5625 -5.0000 0.0000
-0.6250 -5.0000 0.0000
-0.9375 -5.0000 0.0000
-0.3125 -5.0000 0.0000
2.5000 -5.0000 0.0000
1.2500 -5.0000 0.0000
0.6250 -5.0000 0.0000
0.3125 -5.0000 0.0000
0.9375 -5.0000 0.0000
1.8750 -5.0000 0.0000
1.5625 -5.0000 0.0000
2.1875 -5.0000 0.0000
3.7500 -5.0000 0.0000
3.1250 -5.0000 0.0000
2.8125 -5.0000 0.0000
3.4375 -5.0000 0.0000
4.3750 -5.0000 0.0000
4.0625 -5.0000 0.0000
4.6875 -5.0000 0.0000
-5.0000 5.0000 0.0000
-5.0000 0.0000 0.0000
-5.0000 2.5000 0.0000
-5.0000 3.7500 0.0000
-5.0000 4.3750 0.0000
-5.0000 4.6875 0.0000
-5.0000 4.0625 0.0000
-5.0000 3.1250 0.0000
-5.0000 3.4375 0.0000
-5.0000 2.8125 0.0000
-5.0000 1.2500 0.0000
-5.0000 1.8750 0.0000
-5.0000 2.1875 0.0000
-5.0000 1.5625 0.0000
-5.0000 0.6250 0.0000
-5.0000 0.9375 0.0000
-5.0000 0.3125 0.0000
-5.0000 -2.5000 0.0000
-5.0000 -1.2500 0.0000
-5.0000 -0.6250 0.0000
-5.0000 -0.3125 0.0000
-5.0000 -0.9375 0.0000
-5.0000 -1.8750 0.0000
-5.0000 -1.5625 0.0000
-5.0000 -2.1875 0.0000
-5.0000 -3.7500 0.0000
-5.0000 -3.1250 0.0000
-5.0000 -2.8125 0.0000
-5.0000 -3.4375 0.0000
-5.0000 -4.3750 0.0000
-5.0000 -4.0625 0.0000
-5.0000 -4.6875 0.0000
2.6977 -3.8428 0.0000
4.2717 -2.3695 0.0000
2.8645 -1.0883 0.0000
-3.8102 4.2415 0.0000
0.2708 -0.0017 0.5493
0.2278 -0.0818 0.5594
0.1731 0.0011 0.5954
0.0712 -0.0112 0.6210
0.1269 -0.0840 0.5965
0.1783 -0.1594 0.5551
0.0283 -0.1007 0.6070
-0.0049 -0.1971 0.5683
0.0851 -0.1732 0.5738
0.1517 -0.2373 0.5270
0.0582 -0.2686 0.5269
0.0436 -0.3604 0.4680
0.0258 -0.4643 0.3935
-4.7636 3.8986 0.0000
2.4210 3.5270 0.0000
2.3309 3.2598 0.0000
-1.7300 -2.1479 0.0000
-1.9643 -2.2017 0.0000
1.5649 -0.5411 0.0009
1.5629 -0.8170 0.0004
1.2785 -0.7110 0.0055
1.0083 -0.7383 0.0240
0.8519 -0.9589 0.0221
0.9053 -1.2019 0.0064
-0.0487 0.4291 0.4576
-0.1107 0.5029 0.3950
-0.1469 0.4084 0.4527
-0.0744 0.3338 0.5174
-0.1010 0.2396 0.5626
-0.1685 0.3118 0.5054
-0.1998 0.4894 0.3818
-0.2564 0.4454 0.3900
-0.2372 0.3776 0.4398
-0.2683 0.2949 0.4700
-0.3378 0.3710 0.3938
-0.3647 0.2767 0.4220
-0.2948 0.2081 0.4916
-0.4168 0.2151 0.4088
-0.1979 0.2228 0.5367
-0.1308 0.1470 0.5879
-0.2250 0.1348 0.5517
-0.2664 0.0274 0.5406
3.3484 -0.5257 0.0000
3.0461 -0.5824 0.0000
3.1604 -0.8344 0.0000
1.2794 -3.0419 0.0000
1.1207 -3.2136 0.0000
1.1693 -3.4551 0.0000
0.9655 -3.6260 0.0000
4.1925 1.2631 0.0000
2.7234 1.0156 0.0000
-1.0757 -3.5146 0.0000
-4.7454 -2.1014 0.0000
-1.4371 2.8353 0.0000
3.1423 3.3065 0.0000
-4.4997 -3.4484 0.0000
-2.7768 -3.9859 0.0000
-3.2235 -4.1412 0.0000
-3.1738 -4.4193 0.0000
-2.4253 -3.1747 0.0000
3.6133 -0.6513 0.0000
3.3922 -0.8104 0.0000
3.6557 -0.9513 0.0000
3.4029 -1.0800 0.0000
3.1454 -1.0908 0.0000
4.7501 -1.0081 0.0000
4.1685 3.2095 0.0000
4.1125 2.9191 0.0000
3.8906 3.0979 0.0000
0.0059 2.6817 0.0000
-3.2561 3.2917 0.0000
-3.2567 2.9726 0.0000
2.7627 -2.0763 0.0000
4.4457 4.4709 0.0000
4.5007 4.1487 0.0000
4.5781 0.6319 0.0000
3.1251 1.2705 0.0000
2.0666 0.1952 0.0000
3.4540 -4.5259 0.0000
3.5975 -4.7588 0.0000
-3.4614 -4.3088 0.0000
-0.0192 1.9467 0.0003
0.0043 1.6846 0.0024
-0.2596 1.7681 0.0012
-0.1898 1.4884 0.0078
2.7159 -0.6172 0.0000
1.0689 -4.7499 0.0000
4.7525 -3.2736 0.0000
-1.8120 -2.6971 0.0000
-3.9609 -2.2286 0.0000
-4.2220 -2.3669 0.0000
-4.2470 -2.6614 0.0000
-0.6388 3.0578 0.0000
3.4500 0.1012 0.0000
3.2075 -0.0252 0.0000
3.4188 -0.2138 0.0000
3.1462 -0.3189 0.0000
3.0109 1.9762 0.0000
2.9656 1.7452 0.0000
2.1646 2.7332 0.0000
4.7634 -4.7676 0.0000
0.0884 -1.3793 0.0128
-0.1756 -1.4165 0.0097
-0.2906 -1.6484 0.0020
-4.4815 -2.2248 0.0000
-4.7377 -2.3894 0.0000
1.2617 4.0049 0.0000
-2.9094 -1.7483 0.0000
-3.1329 -1.9145 0.0000
-3.5925 -0.7059 0.0000
-4.0626 2.2368 0.0000
-3.8701 -0.6892 0.0000
-4.0307 -0.8605 0.0000
0.3778 0.7604 0.1717
0.4460 0.6962 0.1835
0.3598 0.6605 0.2295
0.2832 0.7118 0.2211
0.2944 0.6072 0.2818
0.4226 0.5947 0.2432
0.3444 0.5461 0.3020
0.2282 0.5465 0.3416
0.2121 0.4450 0.4154
0.1202 0.4142 0.4603
0.1382 0.5078 0.3906
0.0452 0.4718 0.4288
-0.1317 -0.9337 0.1028
-0.1722 -1.0365 0.0667
-0.3019 -1.1619 0.0334
-0.4608 -1.3986 0.0074
3.6749 0.6513 0.0000
3.5630 0.3754 0.0000
-0.4374 0.3408 0.3491
-0.4955 0.2583 0.3402
-0.5759 0.1864 0.3000
-0.6541 0.2227 0.2390
-0.6881 0.1545 0.2261
-0.4837 0.1539 0.3745
-0.5644 0.0969 0.3209
-0.6436 0.0960 0.2622
-0.7234 0.0466 0.2093
-0.7680 0.1079 0.1791
-0.8441 0.0578 0.1381
-0.7777 -0.0112 0.1749
-0.8714 -0.0405 0.1232
-0.9356 0.0206 0.0954
-0.6551 0.0060 0.2562
-0.7072 -0.0742 0.2160
-0.8008 -0.1055 0.1565
-0.8982 -0.1296 0.1064
-0.7337 -0.1750 0.1876
-0.8303 -0.1969 0.1321
-0.8706 -0.2880 0.1029
-0.9271 -0.2136 0.0882
-0.9910 -0.0847 0.0723
-1.0381 -0.2249 0.0520
-0.9663 -0.3453 0.0634
-1.1527 -0.4080 0.0217
0.9463 4.5146 0.0000
-0.8078 1.9092 0.0001
-1.0707 1.9275 0.0000
0.1809 -3.0435 0.0000
-0.0571 -3.1864 0.0000
-0.8769 -2.8424 0.0000
-1.1057 -2.9680 0.0000
-0.8645 -0.6703 0.0498
-0.9280 -0.8727 0.0203
3.7525 0.1715 0.0000
1.0951 4.7605 0.0000
0.7883 4.7564 0.0000
2.4770 -2.0460 0.0000
2.1924 -2.0106 0.0000
-4.7492 -3.8879 0.0000
-4.7585 -4.1947 0.0000
3.4546 1.5994 0.0000
-1.8722 4.6637 0.0000
0.6519 -3.2106 0.0000
0.4188 -3.2006 0.0000
-0.5407 -3.5062 0.0000
-0.7949 -3.6619 0.0000
1.6895 4.3329 0.0000
1.8015 4.1278 0.0000
2.8442 3.1337 0.0000
-2.7363 -1.2562 0.0000
-2.9802 -1.1520 0.0000
-2.6960 -1.5766 0.0000
-2.9372 -1.4484 0.0000
-3.1730 -1.6225 0.0000
-1.1998 -0.9455 0.0038
-4.4967 -4.2915 0.0000
0.7333 1.6232 0.0012
-3.3089 -0.7357 0.0000
-3.4938 -0.9706 0.0000
-3.7538 -0.9650 0.0000
-2.2381 -3.9112 0.0000
-2.5174 -3.9550 0.0000
1.7675 -3.2218 0.0000
-2.2017 3.7361 0.0000
-2.4814 3.8068 0.0000
0.5931 -1.9366 0.0002
0.3554 -2.1480 0.0001
-1.3812 3.1188 0.0000
-2.4317 -3.6849 0.0000
3.0340 2.4909 0.0000
-4.7623 3.2894 0.0000
2.8041 -4.1366 0.0000
-1.9752 -2.9493 0.0000
-4.5079 -3.1708 0.0000
0.8700 -0.0381 0.1382
0.8497 -0.1131 0.1454
0.8607 -0.1949 0.1327
0.7716 -0.1035 0.1906
0.7684 -0.1886 0.1832
0.6868 -0.2782 0.2144
0.7748 -0.3576 0.1503
0.6916 -0.1014 0.2421
0.6801 -0.1855 0.2375
0.5904 -0.1452 0.3058
0.5942 -0.2352 0.2823
0.6877 -0.3741 0.1899
0.5994 -0.3237 0.2530
0.6005 -0.4110 0.2232
0.5149 -0.3339 0.2987
0.4295 -0.3255 0.3518
0.5174 -0.4225 0.2608
0.4369 -0.4166 0.3038
0.3706 -0.4771 0.3015
0.4698 -0.5182 0.2394
0.5315 0.3651 0.2957
0.4587 0.2864 0.3726
0.4125 0.2010 0.4323
0.5067 0.2052 0.3641
0.4825 0.1229 0.3983
0.3957 0.0997 0.4652
0.3679 0.0068 0.4888
2.0455 -4.3301 0.0000
1.8575 -4.5169 0.0000
-4.0066 3.7949 0.0000
-3.7600 3.6254 0.0000
-1.1624 2.9151 0.0000
-1.2198 2.6363 0.0000
-1.1959 1.1295 0.0018
-1.3819 0.8827 0.0013
-1.6134 0.7171 0.0003
1.6717 -3.4451 0.0000
1.5979 -3.6882 0.0000
1.3916 -3.5846 0.0000
4.2534 -2.6439 0.0000
4.0009 -2.6550 0.0000
3.9926 -2.9110 0.0000
0.7088 -2.1897 0.0000
0.5161 -2.3799 0.0000
0.5159 -2.6611 0.0000
4.7220 -0.4615 0.0000
4.7120 -1.2496 0.0000
4.4407 -1.3500 0.0000
4.4808 -1.6198 0.0000
4.2031 -1.5721 0.0000
1.6566 2.9329 0.0000
1.4196 3.1310 0.0000
1.3800 2.8617 0.0000
1.3587 2.6087 0.0000
-4.7059 1.7013 0.0000
-4.7658 1.4133 0.0000
-0.4410 2.8700 0.0000
0.3214 2.6904 0.0000
0.1178 2.4387 0.0000
-3.2738 4.7717 0.0000
1.6952 -4.7512 0.0000
2.6571 -1.8072 0.0000
2.3711 -1.7800 0.0000
-3.2468 -0.1872 0.0000
-3.4357 -0.4541 0.0000
1.9873 -2.7589 0.0000
1.8054 -2.9715 0.0000
0.8660 2.9398 0.0000
0.6245 2.7920 0.0000
-3.9987 4.5342 0.0000
-3.7035 -4.5003 0.0000
-3.9235 -4.7167 0.0000
-4.2116 -4.7588 0.0000
-1.6029 3.3020 0.0000
-1.9165 3.2037 0.0000
-2.1420 2.9989 0.0000
3.7121 -4.4775 0.0000
2.1807 -3.6030 0.0000
-0.7957 -2.5009 0.0000
-1.0131 -2.6355 0.0000
-1.4820 -1.4223 0.0001
2.4577 1.8317 0.0000
-0.5744 -0.5252 0.1760
-0.5712 -0.4230 0.2159
-0.6570 -0.4635 0.1608
-0.7392 -0.5164 0.1130
-0.8317 -0.5393 0.0780
-0.6591 -0.5604 0.1307
-0.7433 -0.6132 0.0893
1.4276 0.8091 0.0017
1.1441 0.8682 0.0093
1.2202 0.6134 0.0122
-0.9832 -2.3147 0.0000
-1.2193 -2.4425 0.0000
-0.8063 4.2804 0.0000
-1.0530 4.1499 0.0000
-1.0686 3.8403 0.0000
-1.3140 3.7115 0.0000
2.9762 -2.6133 0.0000
2.6890 -2.5751 0.0000
2.5149 -2.8117 0.0000
-1.3333 3.4177 0.0000
1.2716 -2.7562 0.0000
2.5698 4.2852 0.0000
2.5731 4.0537 0.0000
-2.6849 -0.7364 0.0000
0.5813 -4.5022 0.0000
0.1513 -4.7559 0.0000
0.1590 1.0403 0.0821
0.0721 0.9908 0.1035
0.2937 1.1066 0.0553
0.2648 0.9688 0.0997
0.2306 0.8707 0.1452
0.1767 0.9433 0.1178
0.1074 0.9005 0.1419
4.2327 -0.0819 0.0000
-0.2931 -3.3387 0.0000
4.7307 -4.1999 0.0000
4.7621 -4.5071 0.0000
2.1385 3.4817 0.0000
2.0318 3.2325 0.0000
-2.1432 0.6678 0.0000
-1.8645 0.5476 0.0000
-2.1055 0.3833 0.0000
-2.3440 0.2195 0.0000
-4.4755 -3.7301 0.0000
0.4733 0.7969 0.1317
0.5080 1.1072 0.0392
0.3729 0.9828 0.0827
0.4633 0.9329 0.0856
0.4051 0.8537 0.1240
0.3303 0.8934 0.1210
2.2383 2.9949 0.0000
1.9433 2.9882 0.0000
-1.8280 4.3985 0.0000
-2.3746 3.5219 0.0000
-2.5193 3.2988 0.0000
-3.4194 -1.7632 0.0000
2.0595 -3.8507 0.0000
1.8424 -3.7476 0.0000
1.7187 -3.9599 0.0000
4.7836 2.6530 0.0000
4.5441 2.5264 0.0000
4.2967 2.4370 0.0000
-0.5830 0.8169 0.0945
-0.6526 0.7563 0.0940
-0.5658 0.7134 0.1328
-0.6368 0.6642 0.1257
-0.7360 0.7035 0.0841
-0.7925 0.6120 0.0870
-0.8899 0.7222 0.0438
-0.9555 0.5547 0.0497
-0.8429 0.5326 0.0854
-0.9190 0.4321 0.0746
-2.9052 0.2833 0.0000
-3.1780 0.1386 0.0000
-0.0261 -3.7800 0.0000
-0.0739 -4.0493 0.0000
-0.4592 -4.0925 0.0000
0.8777 0.2973 0.1160
0.8595 0.2184 0.1336
0.7465 0.1817 0.2015
0.6660 0.1462 0.2594
0.9681 0.3225 0.0776
0.9847 0.1848 0.0816
0.9116 0.1121 0.1159
0.8226 0.1417 0.1602
0.8399 0.0492 0.1549
0.7800 -0.0204 0.1900
0.7432 0.0781 0.2125
0.6925 -0.0105 0.2477
0.6423 0.0610 0.2834
0.5615 0.1034 0.3409
0.5647 0.0145 0.3422
-3.8880 4.7717 0.0000
2.9638 -3.3805 0.0000
2.9767 -3.6725 0.0000
3.2525 -3.7686 0.0000
3.0108 -3.9469 0.0000
-1.1151 3.2131 0.0000
4.3501 1.0686 0.0000
3.1584 -4.5104 0.0000
3.2927 -4.7618 0.0000
0.9766 2.1130 0.0000
0.8930 1.8236 0.0002
1.0479 1.6124 0.0004
-2.4072 1.7098 0.0000
-2.4567 1.3463 0.0000
-2.5965 1.0981 0.0000
-3.8651 -3.6472 0.0000
-4.0237 -3.8387 0.0000
-1.4637 1.1715 0.0002
-1.6696 0.9996 0.0001
-1.8900 0.8175 0.0000
1.0271 1.1116 0.0066
0.0146 0.9194 0.1354
0.0392 0.8364 0.1779
-0.0671 0.8829 0.1519
-0.1538 0.8583 0.1584
-0.0380 0.8053 0.1953
-0.1152 0.7731 0.2093
-0.2458 0.8686 0.1425
-0.2112 0.7771 0.1943
-0.1704 0.6825 0.2584
-0.3115 0.7949 0.1663
-0.2753 0.7084 0.2202
-0.1780 0.5772 0.3275
-0.2473 0.6264 0.2769
-0.2801 0.5436 0.3188
-0.3407 0.6290 0.2465
-0.3267 0.4617 0.3492
-0.4283 0.6154 0.2219
-0.3813 0.5368 0.2820
2.8220 2.2914 0.0000
2.5800 2.3390 0.0000
2.5263 2.0823 0.0000
0.7835 -2.7500 0.0000
0.6771 -2.9560 0.0000
0.4444 -2.9289 0.0000
-4.2243 -1.8154 0.0000
-4.4836 -1.9585 0.0000
4.2806 0.1815 0.0000
4.0305 0.2394 0.0000
2.7348 2.5919 0.0000
2.3992 2.5416 0.0000
-2.3936 -4.4499 0.0000
-2.6465 -4.5136 0.0000
1.6376 3.6020 0.0000
1.4908 3.4098 0.0000
1.2588 -2.4738 0.0000
0.7769 -2.4665 0.0000
3.3557 -4.3058 0.0000
1.8942 2.7338 0.0000
1.6253 2.6429 0.0000
-1.7044 -0.7147 0.0001
2.0573 -0.1327 0.0000
-2.7235 -3.7158 0.0000
-2.9259 -0.6091 0.0000
-3.0565 -0.8181 0.0000
-0.0791 -0.6438 0.2601
-0.1488 -0.7165 0.2065
-0.2120 -0.7876 0.1592
-0.2925 -0.8582 0.1162
-0.3115 -0.7617 0.1550
-0.3884 -0.8417 0.1074
-0.2073 -0.8859 0.1154
-0.2500 -0.9644 0.0829
-0.3532 -0.9705 0.0710
-0.4916 -0.9495 0.0603
-0.5029 -1.1295 0.0275
-0.7088 -1.2499 0.0089
0.4800 3.2771 0.0000
0.1811 3.3208 0.0000
-0.0524 3.1790 0.0000
4.3266 2.7272 0.0000
4.0706 2.6280 0.0000
3.8431 2.8100 0.0000
3.5739 2.7021 0.0000
3.8145 2.5183 0.0000
3.5661 2.4152 0.0000
3.5533 2.1347 0.0000
4.0137 -1.8744 0.0000
3.8023 -2.0639 0.0000
4.7385 4.5495 0.0000
1.9930 -3.2836 0.0000
1.9249 -3.5243 0.0000
-2.6516 4.7252 0.0000
-1.9951 -3.4575 0.0000
-2.1438 -3.6849 0.0000
-3.7619 -3.9200 0.0000
-3.9998 -4.1145 0.0000
-3.7355 -4.2152 0.0000
-3.9772 -4.4127 0.0000
4.5151 -2.5181 0.0000
4.4985 -2.8227 0.0000
-3.7865 1.5792 0.0000
0.5273 3.7499 0.0000
0.3950 3.5236 0.0000
-0.7688 -0.2644 0.1536
-0.8063 -0.3513 0.1206
-0.8140 -0.4553 0.0987
-0.8757 -0.4061 0.0851
-0.9684 -0.5117 0.0468
-1.0880 -0.6841 0.0169
-1.3317 -0.6241 0.0042
1.2169 -4.5198 0.0000
1.0660 -4.2790 0.0000
0.8915 -4.4828 0.0000
0.6135 1.3409 0.0097
-0.3470 3.1276 0.0000
-3.5269 1.4846 0.0000
-3.7100 1.2871 0.0000
-0.5471 -1.7025 0.0009
-4.5233 -0.6211 0.0000
-4.7631 -0.7727 0.0000
0.8483 0.5299 0.0909
0.7787 0.4321 0.1382
0.8265 0.6625 0.0731
0.7546 0.5986 0.1088
0.7429 0.5184 0.1334
0.6781 0.6206 0.1304
0.6595 0.5273 0.1674
0.6810 0.4362 0.1851
0.5822 0.4611 0.2292
0.6250 0.3564 0.2408
0.9656 -0.1192 0.0906
0.9578 -0.2782 0.0823
0.8463 -0.2808 0.1292
0.7683 -0.2713 0.1702
0.8717 -0.3772 0.1034
0.7592 -0.4468 0.1374
0.6683 -0.4772 0.1693
2.2087 -0.4007 0.0000
1.8766 -0.4149 0.0000
2.0740 -0.6338 0.0000
1.8076 -0.6866 0.0000
1.5914 0.5760 0.0007
-4.7574 -3.2873 0.0000
-4.7483 -3.5922 0.0000
-3.5375 4.0757 0.0000
-3.7635 3.9297 0.0000
4.5007 -3.6931 0.0000
4.2860 -3.9129 0.0000
3.9230 -1.3538 0.0000
3.9547 -1.6141 0.0000
3.6415 -1.2388 0.0000
3.6632 -1.5110 0.0000
3.4297 -1.6595 0.0000
-2.7357 0.8508 0.0000
-3.0165 0.8212 0.0000
-2.8978 0.5709 0.0000
-3.2296 0.6737 0.0000
-3.1413 0.4418 0.0000
3.9351 1.4135 0.0000
1.2251 -3.7560 0.0000
0.9947 -3.8917 0.0000
0.8905 -4.1286 0.0000
2.3390 -3.0948 0.0000
0.4162 4.0365 0.0000
-4.0025 0.5490 0.0000
-2.3574 4.7801 0.0000
2.2531 -2.8115 0.0000
-0.1583 2.9163 0.0000
-3.1266 -4.6561 0.0000
2.3134 0.8940 0.0000
2.0447 0.8376 0.0000
-4.5173 3.1609 0.0000
-4.5223 2.8809 0.0000
-3.6772 -1.8049 0.0000
-0.4077 2.3273 0.0000
-0.6004 2.1296 0.0000
-2.7495 2.8692 0.0000
4.2315 1.5200 0.0000
-0.5302 1.8452 0.0004
-0.7344 1.6239 0.0011
-1.3858 -0.3169 0.0050
-1.5698 -0.5131 0.0008
0.2670 -2.4735 0.0000
-0.0176 -2.5908 0.0000
4.2450 4.7449 0.0000
4.1200 4.5038 0.0000
4.7945 4.8009 0.0000
-0.7332 -1.5320 0.0016
3.0213 0.9542 0.0000
-1.3389 0.5969 0.0042
-1.5936 0.4419 0.0006
-1.8330 0.2694 0.0001
-1.3518 0.3191 0.0064
-1.5622 0.1582 0.0012
-4.2491 -4.2457 0.0000
-4.2226 -4.5154 0.0000
3.3492 -1.3673 0.0000
3.1442 -1.6056 0.0000
2.9485 -1.8445 0.0000
-3.1673 1.0654 0.0000
-3.3340 0.8975 0.0000
1.4137 4.2753 0.0000
1.1230 2.8435 0.0000
-3.5035 3.1703 0.0000
-3.7750 3.0776 0.0000
-0.2990 -4.5438 0.0000
-1.9421 1.0941 0.0000
-2.1526 0.9375 0.0000
-2.6130 0.3432 0.0000
1.5464 4.0491 0.0000
-0.2862 -3.6268 0.0000
-0.2806 -3.9046 0.0000
-0.5328 -3.7921 0.0000
2.8421 0.7575 0.0000
2.5584 0.7833 0.0000
-1.3045 4.2732 0.0000
-1.5414 4.2316 0.0000
-1.7747 4.1182 0.0000
-2.0536 4.2196 0.0000
-0.9966 -3.2102 0.0000
-1.2570 -3.2516 0.0000
-2.5354 4.0905 0.0000
0.1506 4.2788 0.0000
0.1465 4.0497 0.0000
3.0469 -2.1163 0.0000
2.8730 -2.3457 0.0000
-4.2871 2.9954 0.0000
-4.1877 2.7416 0.0000
0.1811 4.7651 0.0000
0.0490 4.5197 0.0000
-0.1116 4.7553 0.0000
-2.9268 -4.7623 0.0000
2.1101 -2.5236 0.0000
-4.7652 2.9816 0.0000
-0.3182 -0.3675 0.3754
-0.4092 -0.5104 0.2541
-0.3197 -0.4642 0.3181
-0.3384 -0.5600 0.2546
-0.4182 -0.6218 0.1944
-0.4917 -0.4663 0.2379
-0.4824 -0.5645 0.1977
-0.5508 -0.6182 0.1502
-0.7464 3.5139 0.0000
-1.0512 3.5224 0.0000
3.7542 -2.6131 0.0000
3.5158 -2.7456 0.0000
3.3403 -2.9467 0.0000
3.2579 -2.6581 0.0000
3.0760 -2.8885 0.0000
3.1893 -3.1774 0.0000
2.8985 -3.1063 0.0000
-3.4475 -1.4998 0.0000
-0.5242 1.1444 0.0301
-0.4356 0.9961 0.0690
-0.4173 0.8972 0.1029
-0.4933 0.8588 0.1014
-0.5755 0.9476 0.0611
-0.7287 0.8546 0.0541
3.0738 -4.2342 0.0000
2.8743 -4.4566 0.0000
1.3223 1.6061 0.0001
-1.8443 -3.2220 0.0000
0.1813 -3.3436 0.0000
-0.0455 -3.4895 0.0000
0.8518 4.2713 0.0000
0.6875 3.9956 0.0000
2.6286 4.7555 0.0000
2.4549 4.5238 0.0000
0.3907 2.3833 0.0000
-0.5433 -2.9341 0.0000
-0.5857 4.7055 0.0000
3.5719 4.4888 0.0000
3.2925 4.4740 0.0000
4.4087 1.9894 0.0000
4.2685 1.8018 0.0000
-3.9771 1.3476 0.0000
-4.0131 1.0952 0.0000
-0.6829 2.7594 0.0000
0.6983 2.2753 0.0000
-2.5183 2.7518 0.0000
1.3123 1.0903 0.0014
0.9734 0.6930 0.0373
-2.6511 3.5898 0.0000
-2.7839 3.3688 0.0000
-3.0288 3.4600 0.0000
2.4614 1.0981 0.0000
-1.7080 2.7360 0.0000
-1.4972 2.5542 0.0000
-1.7682 2.4599 0.0000
-1.9966 2.6467 0.0000
-1.9976 2.3392 0.0000
2.1666 4.5152 0.0000
-3.6875 -2.0886 0.0000
-0.4339 -2.1912 0.0000
-0.5109 -2.4667 0.0000
-0.6507 -2.7156 0.0000
-4.4291 2.6678 0.0000
-4.5207 2.4272 0.0000
1.8929 1.1028 0.0000
1.7287 0.8519 0.0001
4.7515 -0.1573 0.0000
4.4792 -0.2695 0.0000
-1.3938 4.7702 0.0000
-1.3389 4.5280 0.0000
-1.5863 4.4869 0.0000
-1.2760 -3.7455 0.0000
-1.4511 -3.9722 0.0000
-3.5043 -2.5624 0.0000
-3.7550 -2.6826 0.0000
-3.7552 -2.9840 0.0000
-3.2650 -3.8388 0.0000
-4.6830 0.9013 0.0000
-4.7784 0.6544 0.0000
-2.1209 4.4984 0.0000
-3.9905 -3.4193 0.0000
-1.5828 -3.7313 0.0000
-1.7295 -3.9896 0.0000
0.3039 0.8080 0.1644
0.2164 0.6527 0.2730
0.2155 0.7711 0.1999
0.1486 0.8280 0.1763
0.1590 0.7135 0.2436
0.0874 0.7684 0.2160
0.0037 0.7311 0.2424
0.1460 0.6040 0.3201
0.0816 0.6686 0.2823
-0.0043 0.6310 0.3116
-0.0760 0.6948 0.2629
-0.0935 0.6025 0.3255
0.0626 0.5670 0.3571
-0.0251 0.5319 0.3841
1.3900 -4.7517 0.0000
1.7133 1.8504 0.0000
-3.5407 4.3389 0.0000
1.4457 -3.9071 0.0000
1.2145 -4.0516 0.0000
-0.3727 0.7167 0.1900
-0.4079 0.8023 0.1417
-0.4927 0.7629 0.1361
-0.4509 0.6961 0.1761
-0.5215 0.6403 0.1754
-0.5885 0.5840 0.1705
-0.4833 0.5373 0.2356
-0.4161 0.4447 0.3135
-0.5005 0.4284 0.2744
-0.5604 0.4913 0.2173
-0.5379 0.3489 0.2823
-0.5940 0.2849 0.2654
-0.6915 0.5944 0.1264
-0.7465 0.5157 0.1248
-0.6498 0.5048 0.1698
-0.6052 0.4102 0.2219
-0.6595 0.3393 0.2107
-0.7058 0.4278 0.1641
-0.7612 0.3531 0.1525
-3.2930 -2.7584 0.0000
-3.5213 -2.8427 0.0000
-3.4615 -3.0883 0.0000
-3.7379 -3.2663 0.0000
-4.0067 -3.1321 0.0000
-3.2301 -3.2594 0.0000
-3.4620 -3.3750 0.0000
-3.6673 -3.5234 0.0000
-1.9981 3.9455 0.0000
-3.1452 4.5192 0.0000
-3.2984 -4.7907 0.0000
3.9494 4.7424 0.0000
3.8247 4.4632 0.0000
1.2226 2.3568 0.0000
-1.1112 0.6744 0.0160
-1.1102 0.4028 0.0292
-3.4944 2.3591 0.0000
1.4445 3.7883 0.0000
1.2864 3.6027 0.0000
1.5335 -2.8745 0.0000
1.5474 -3.1275 0.0000
1.4177 -3.3267 0.0000
-1.4790 -1.9918 0.0000
-0.3231 -2.7165 0.0000
-0.2959 -3.0360 0.0000
2.7754 2.8758 0.0000
3.7433 -2.8921 0.0000
3.7686 -3.1622 0.0000
3.7042 -3.3920 0.0000
3.5342 -3.0740 0.0000
3.4423 -3.2981 0.0000
3.4835 -3.5893 0.0000
3.2174 -3.4819 0.0000
2.7505 4.4925 0.0000
3.7857 1.9274 0.0000
3.5174 1.8589 0.0000
-4.4685 -4.5355 0.0000
-4.7367 -4.4921 0.0000
-4.4938 -1.6913 0.0000
4.5221 0.9176 0.0000
-2.6492 -4.7539 0.0000
-3.0563 1.3300 0.0000
3.9943 4.2380 0.0000
0.6071 0.6782 0.1369
0.5872 0.5748 0.1827
0.5030 0.5355 0.2378
0.4863 0.4465 0.2878
0.4130 0.4939 0.3019
0.3666 0.4244 0.3629
0.4382 0.3779 0.3472
0.3668 0.3212 0.4158
0.2969 0.4794 0.3621
0.2864 0.3735 0.4307
0.3368 0.2481 0.4651
0.2621 0.2806 0.4913
0.1707 0.2562 0.5404
0.2409 0.1860 0.5399
0.1467 0.1642 0.5843
0.3207 0.1643 0.5024
0.3031 0.0825 0.5285
0.2153 0.0920 0.5742
0.1140 0.0753 0.6120
-3.6509 2.5946 0.0000
-3.7813 2.3337 0.0000
1.0222 -2.5930 0.0000
1.0297 -2.8854 0.0000
0.9017 -3.0830 0.0000
2.3735 -0.1757 0.0000
2.7044 3.5983 0.0000
2.6255 3.3255 0.0000
3.1850 4.1872 0.0000
-2.3105 1.1303 0.0000
-2.4261 0.8296 0.0000
-2.6373 0.6092 0.0000
-2.0688 0.0951 0.0000
-2.2269 -0.1095 0.0000
-2.4414 -0.2876 0.0000
2.3346 1.3714 0.0000
2.1705 1.1264 0.0000
1.9069 -1.9583 0.0000
1.7376 -2.1653 0.0000
1.7497 2.1041 0.0000
-3.2387 1.5544 0.0000
-3.3444 1.2803 0.0000
-3.5088 1.1020 0.0000
-3.7833 1.0271 0.0000
-4.0907 0.8493 0.0000
-3.4452 0.0456 0.0000
-3.5728 -0.2096 0.0000
-3.7311 -0.4519 0.0000
-3.8942 -0.2298 0.0000
-4.0415 -0.4904 0.0000
-2.9146 1.8861 0.0000
-3.1714 1.8455 0.0000
1.5427 -4.1479 0.0000
1.3578 -4.2814 0.0000
-1.4497 -1.1311 0.0003
0.6496 -0.9592 0.0429
0.4967 -0.9017 0.0786
0.4619 -1.0924 0.0378
0.2954 -1.2532 0.0221
1.1711 1.3496 0.0010
-4.4957 -4.7631 0.0000
-4.7571 -4.7564 0.0000
1.5072 2.3708 0.0000
1.2494 2.1250 0.0000
-4.7658 1.1488 0.0000
-0.7441 -3.9689 0.0000
2.5032 -4.7924 0.0000
2.2754 -4.7745 0.0000
-0.5603 3.3198 0.0000
-0.8503 3.2673 0.0000
-1.9557 -0.8541 0.0000
3.3550 1.3834 0.0000
-4.3390 2.1829 0.0000
-4.4897 1.9234 0.0000
-4.3774 1.6738 0.0000
-3.9621 2.5537 0.0000
-4.2349 2.4567 0.0000
-0.8108 0.4406 0.1138
-0.8550 0.3487 0.1096
-0.9522 0.3187 0.0753
-0.7164 0.2707 0.1917
-0.8188 0.2703 0.1364
-0.8962 0.2316 0.1044
-1.0202 0.2056 0.0604
-0.7674 0.1997 0.1720
-0.8493 0.1602 0.1314
-0.9320 0.1193 0.0955
-1.0522 0.0457 0.0546
-0.0993 4.2782 0.0000
-0.3425 4.2231 0.0000
-0.6868 -1.9421 0.0001
-0.7035 -2.2176 0.0000
4.7522 -3.5801 0.0000
-3.9852 -1.1327 0.0000
-3.4140 -2.0184 0.0000
-3.4604 -2.2886 0.0000
-0.3232 -0.0579 0.4975
-0.2972 0.1061 0.5159
-0.3601 0.1581 0.4640
-0.4127 0.0999 0.4366
-0.3563 0.0416 0.4821
-0.4147 -0.0156 0.4380
-0.4156 -0.1105 0.4228
-0.4973 -0.0563 0.3711
-0.4807 -0.1702 0.3608
-0.4805 0.0475 0.3888
-0.5653 0.0074 0.3231
-0.6095 -0.0690 0.2849
-0.5484 -0.1226 0.3223
-0.6440 -0.1551 0.2483
-0.4930 -0.2685 0.3204
-0.5716 -0.2158 0.2845
-0.5835 -0.3117 0.2483
-0.6645 -0.2538 0.2149
-0.7087 -0.3333 0.1710
-0.6413 -0.3721 0.1963
-0.7398 -0.4193 0.1357
3.3026 2.6000 0.0000
3.3084 2.3214 0.0000
3.0632 2.2155 0.0000
3.2855 2.0326 0.0000
3.2418 1.7586 0.0000
-4.2017 -3.6510 0.0000
-1.2041 -4.0377 0.0000
-1.3000 -4.2578 0.0000
4.4979 -4.7230 0.0000
4.1922 -4.7574 0.0000
0.3780 -0.5698 0.2474
-4.1984 0.3291 0.0000
-4.5106 0.1598 0.0000
-4.7493 0.1305 0.0000
-4.4676 -0.0996 0.0000
-4.7474 -0.1507 0.0000
4.5014 1.6128 0.0000
-3.0541 2.1293 0.0000
-3.2821 2.1965 0.0000
3.6528 1.3752 0.0000
-4.2511 1.3918 0.0000
-4.5166 1.4243 0.0000
-1.3972 -3.0006 0.0000
-1.5514 -3.2463 0.0000
-1.4009 -3.4963 0.0000
2.9531 -0.1266 0.0000
2.6490 -0.1234 0.0000
2.8338 -0.3684 0.0000
4.7770 0.7964 0.0000
4.7551 -2.6664 0.0000
-2.5710 -2.9042 0.0000
-2.7045 -3.1757 0.0000
-1.0071 -3.8356 0.0000
-4.6135 2.1742 0.0000
-4.7772 1.9994 0.0000
3.7085 3.8642 0.0000
3.0242 3.9762 0.0000
2.7769 3.8810 0.0000
2.4994 3.7945 0.0000
-2.8446 -0.9422 0.0000
-3.2225 -1.0352 0.0000
-3.2045 -1.3339 0.0000
-2.1087 -2.6968 0.0000
-2.2748 -2.9281 0.0000
1.7771 -0.1833 0.0002
1.5442 -0.2904 0.0017
-1.9636 -2.4415 0.0000
-2.2335 -2.1801 0.0000
-2.4750 -2.3681 0.0000
0.1176 1.2013 0.0410
0.0083 1.0812 0.0726
-0.0446 0.9816 0.1077
-0.1384 0.9514 0.1163
0.1931 0.3503 0.4819
0.1003 0.3227 0.5228
0.0262 0.3810 0.4937
0.0033 0.2980 0.5456
-0.0206 0.2180 0.5845
3.8442 -0.7821 0.0000
-2.2651 -1.8261 0.0000
-2.4003 -2.0132 0.0000
-2.5860 -2.1127 0.0000
-4.2441 -0.7138 0.0000
-4.5046 -0.8947 0.0000
-4.7541 -1.0665 0.0000
2.0317 4.2575 0.0000
-1.2200 -2.1412 0.0000
-1.4668 -2.2726 0.0000
-1.4775 -2.5444 0.0000
-0.1271 1.2344 0.0344
-0.3127 1.1193 0.0498
-0.1236 1.0628 0.0761
-0.2170 1.0435 0.0772
-0.2245 0.9502 0.1098
-0.3172 0.9721 0.0915
-0.3345 0.8826 0.1228
4.1928 -0.3437 0.0000
-0.3109 2.0571 0.0001
4.5234 4.7504 0.0000
4.7367 -1.4841 0.0000
4.7504 -1.7553 0.0000
-0.9709 -4.1499 0.0000
-1.0716 -4.3849 0.0000
2.2261 3.7497 0.0000
1.9522 3.6962 0.0000
0.4554 -4.7536 0.0000
2.5668 -1.1530 0.0000
2.3877 -1.3158 0.0000
1.4025 4.7673 0.0000
1.2500 4.5201 0.0000
-4.7556 4.2085 0.0000
4.2526 -3.3784 0.0000
4.2440 -3.6251 0.0000
4.7293 4.3013 0.0000
4.7608 4.0574 0.0000
-0.6342 -0.6304 0.1182
-0.6939 -0.6884 0.0855
-0.5983 -0.7122 0.1042
-0.1668 -0.6263 0.2596
-0.2408 -0.6889 0.2072
-0.3279 -0.6574 0.2038
-0.4011 -0.7248 0.1518
-0.4898 -0.6848 0.1442
-0.4569 -0.7895 0.1130
-0.5298 -0.7647 0.1050
-0.5129 -0.8570 0.0807
-0.6152 -0.8257 0.0702
-0.7441 -0.7843 0.0549
3.2454 1.0789 0.0000
3.0732 0.1679 0.0000
2.8387 0.0920 0.0000
4.5001 -3.4081 0.0000
3.9810 -3.4539 0.0000
3.7551 -3.6740 0.0000
3.5317 -3.8804 0.0000
4.7910 2.9645 0.0000
4.5789 2.8188 0.0000
-3.6923 -1.5259 0.0000
3.9385 -0.2790 0.0000
3.8940 -0.5341 0.0000
3.6446 -0.3816 0.0000
4.4929 3.8722 0.0000
4.4813 3.6019 0.0000
2.9963 -4.7465 0.0000
2.7290 -4.6989 0.0000
-0.4597 -4.7672 0.0000
1.8781 -0.9089 0.0000
3.8532 0.8583 0.0000
1.3692 -1.0162 0.0010
1.1052 -0.9763 0.0064
1.1839 -1.2514 0.0013
1.0029 -1.4833 0.0010
0.8115 -1.7223 0.0005
-1.2136 0.1419 0.0203
-2.8604 -3.4442 0.0000
-3.1270 -3.4816 0.0000
-2.3193 1.9786 0.0000
-2.5873 1.9196 0.0000
-2.7322 1.7271 0.0000
-2.9552 1.5970 0.0000
2.9080 -0.8319 0.0000
2.6322 -0.8767 0.0000
-2.7620 3.8918 0.0000
-3.0197 4.0241 0.0000
2.3249 4.7636 0.0000
2.0210 4.7566 0.0000
1.8746 4.4987 0.0000
0.6390 4.5081 0.0000
0.6180 4.2484 0.0000
-4.2656 3.8749 0.0000
-4.0269 3.5588 0.0000
-4.2663 3.5892 0.0000
-4.2577 3.3018 0.0000
1.7304 -4.2888 0.0000
1.5381 -4.4940 0.0000
-0.1864 -1.8846 0.0004
-0.4282 -1.9457 0.0002
-0.1782 -0.2059 0.5262
-0.2542 -0.2169 0.4869
-0.3286 -0.2694 0.4218
-0.3374 -0.1633 0.4609
-0.4084 -0.2201 0.3941
-0.4100 -0.3196 0.3507
-0.4995 -0.3653 0.2780
-0.4080 -0.4139 0.3051
2.4598 -3.3494 0.0000
-2.2156 -2.4411 0.0000
-2.4117 -2.6598 0.0000
4.7567 3.3087 0.0000
4.4556 3.3314 0.0000
4.6188 3.1128 0.0000
4.3813 3.0217 0.0000
-3.1684 -0.4955 0.0000
2.2809 0.6356 0.0000
4.3088 -0.8267 0.0000
4.0490 -0.8558 0.0000
4.1900 -1.0984 0.0000
3.9074 -1.0919 0.0000
4.7782 -0.7277 0.0000
4.5579 -0.7911 0.0000
-0.9561 -2.0335 0.0000
4.7391 3.8283 0.0000
4.7351 3.5726 0.0000
-0.2703 4.5099 0.0000
-3.9952 -2.8231 0.0000
3.4661 1.1472 0.0000
-0.1485 -4.7680 0.0000
2.3397 0.3301 0.0000
2.5289 0.1207 0.0000
2.2834 0.0498 0.0000
-2.1017 1.2790 0.0000
-2.3742 0.5163 0.0000
-1.2868 4.0094 0.0000
-1.5197 3.9440 0.0000
-1.5730 3.6122 0.0000
-1.7386 3.8199 0.0000
-1.8027 3.4720 0.0000
-1.9332 3.6789 0.0000
-2.0878 3.4577 0.0000
4.4371 -0.5497 0.0000
4.1369 -0.5975 0.0000
-4.3695 0.9009 0.0000
-4.2654 0.6168 0.0000
-4.5282 0.6613 0.0000
-4.4710 0.3989 0.0000
-4.7360 0.4052 0.0000
3.3998 0.6017 0.0000
3.2676 0.3440 0.0000
4.1420 0.9285 0.0000
1.1019 3.7878 0.0000
0.8142 3.7453 0.0000
0.6879 3.4675 0.0000
-4.2266 -1.2861 0.0000
-0.4668 1.5611 0.0034
-0.6793 1.3396 0.0074
-0.9582 1.4288 0.0015
-0.9509 1.1780 0.0058
-0.9249 0.9301 0.0186
-1.1297 0.8894 0.0072
-1.4779 1.4321 0.0000
-1.7565 1.2992 0.0000
0.3331 1.3272 0.0178
2.3849 -0.6726 0.0000
2.1285 -0.8826 0.0000
2.3792 -0.9714 0.0000
2.1945 -1.1646 0.0000
2.5286 1.5698 0.0000
-3.2291 2.4444 0.0000
-3.9488 -1.6803 0.0000
2.6919 -3.3029 0.0000
-2.6912 -0.4471 0.0000
1.0092 0.4922 0.0496
0.8780 0.4123 0.0997
0.8120 0.3406 0.1403
0.7744 0.2611 0.1735
0.7192 0.3446 0.1885
0.5672 0.2775 0.3018
0.6684 0.2537 0.2398
0.5906 0.1835 0.3077
-3.4207 -4.5723 0.0000
-3.6136 -4.7680 0.0000
3.4231 4.7457 0.0000
3.1764 4.7310 0.0000
3.6786 4.7439 0.0000
-1.7387 -1.5836 0.0000
-2.9884 2.3841 0.0000
-2.9630 -0.0266 0.0000
4.7228 1.1096 0.0000
-2.9964 4.2995 0.0000
-2.4341 -0.8496 0.0000
-2.6036 -1.0439 0.0000
0.2198 -2.7556 0.0000
-0.0587 -2.8776 0.0000
-0.8876 -1.7559 0.0002
-1.1992 -1.8462 0.0000
-4.7509 -1.8419 0.0000
3.7193 4.1692 0.0000
3.4681 4.2619 0.0000
-0.9406 2.6873 0.0000
4.7511 -2.9701 0.0000
-0.0677 -0.1186 0.5943
-0.0929 -0.2108 0.5500
-0.0436 -0.2972 0.5084
-0.1519 -0.2889 0.4907
-0.2361 -0.3066 0.4487
-0.1271 -0.3690 0.4461
-0.0432 -0.3950 0.4418
-0.0638 -0.4795 0.3781
-0.0696 -0.5613 0.3181
-0.1434 -0.4555 0.3820
-0.1549 -0.5432 0.3179
-0.2225 -0.3963 0.3989
-0.2374 -0.4925 0.3307
-0.2522 -0.5846 0.2669
0.8899 1.3936 0.0029
-0.7773 -3.0683 0.0000
-4.1974 4.7592 0.0000
-4.2885 4.4984 0.0000
0.2574 -0.9078 0.1076
0.1377 -0.8938 0.1219
0.1715 -0.9746 0.0889
0.1063 -1.1258 0.0480
0.2772 -1.0508 0.0600
-0.0387 -1.0266 0.0745
-0.0828 -1.2026 0.0329
2.9068 1.2250 0.0000
-2.5928 1.5565 0.0000
-2.7664 1.3646 0.0000
-2.8853 1.0950 0.0000
-3.0035 -3.7104 0.0000
-3.0167 -3.9651 0.0000
1.5801 -2.3680 0.0000
1.4994 -2.5888 0.0000
0.8550 2.6499 0.0000
0.6140 2.5237 0.0000
-3.9587 -1.4062 0.0000
-0.3791 4.7528 0.0000
1.5707 -1.5712 0.0000
2.9129 3.3989 0.0000
-2.1980 -1.3435 0.0000
-2.3402 -1.5608 0.0000
-2.7810 4.1821 0.0000
2.3029 4.2654 0.0000
2.3052 4.0235 0.0000
2.0368 3.9755 0.0000
1.0259 -2.2784 0.0000
-0.0217 3.7937 0.0000
-0.2452 3.6911 0.0000
-0.0595 3.4758 0.0000
-0.2957 3.3940 0.0000
-2.8970 3.6728 0.0000
-4.2126 -1.5553 0.0000
-4.2175 -2.0876 0.0000
4.2533 4.2700 0.0000
4.2347 4.0183 0.0000
0.8560 -0.6056 0.0684
0.7774 -0.7664 0.0575
0.7142 -0.6450 0.1024
0.6262 -0.6733 0.1216
0.6289 -0.7876 0.0858
0.5239 -0.7901 0.1093
0.0767 0.2340 0.5735
0.0503 0.1473 0.6086
-0.0445 0.1380 0.6096
-0.0852 0.0546 0.6155
0.0132 0.0615 0.6260
-0.0281 -0.0256 0.6219
-0.1234 -0.0337 0.6012
-0.1599 -0.1246 0.5664
-0.1803 0.0534 0.5841
-0.2166 -0.0437 0.5617
-0.2517 -0.1274 0.5232
-2.3266 -4.1688 0.0000
-2.6268 -4.2422 0.0000
1.9974 -4.7489 0.0000
-4.2631 -3.1849 0.0000
-4.2589 -3.4100 0.0000
1.1072 2.6147 0.0000
0.9424 2.3853 0.0000
2.9148 4.7389 0.0000
4.0403 2.3396 0.0000
3.8225 2.2119 0.0000
-0.5402 -3.2185 0.0000
-0.7912 -3.3774 0.0000
-2.9924 3.1641 0.0000
3.7329 1.6450 0.0000
3.7970 -3.9686 0.0000
2.3659 -3.8452 0.0000
2.2091 -4.0836 0.0000
-0.5442 4.4313 0.0000
-1.4727 -0.8464 0.0007
2.3462 -4.3121 0.0000
-2.9788 2.9107 0.0000
-3.0754 2.6829 0.0000
-3.3716 2.6743 0.0000
4.4831 1.3046 0.0000
0.7790 1.1477 0.0156
0.6630 0.9520 0.0504
0.8691 0.8904 0.0315
0.7247 0.7444 0.0827
0.5357 0.8712 0.0917
0.6096 0.7926 0.0992
0.5315 0.7327 0.1411
0.5152 0.6340 0.1878
-4.7337 2.6610 0.0000
-1.8887 -3.7511 0.0000
-0.8277 3.7286 0.0000
2.1099 2.4696 0.0000
2.3023 2.2655 0.0000
2.0149 2.2026 0.0000
-3.9203 0.2732 0.0000
-4.0207 0.0257 0.0000
-4.2607 0.0920 0.0000
-4.1979 -0.2059 0.0000
-4.3094 -0.4385 0.0000
-0.8402 4.7782 0.0000
-0.8184 4.5401 0.0000
-1.0625 4.4477 0.0000
3.0303 -1.3459 0.0000
2.7332 -1.3412 0.0000
2.5259 -0.4063 0.0000
-4.2651 -3.9584 0.0000
-4.5118 -4.0299 0.0000
-2.9682 4.7596 0.0000
-2.8476 4.5114 0.0000
-2.7053 -0.1697 0.0000
-2.9596 -0.3114 0.0000
4.0307 0.6528 0.0000
3.8512 0.4543 0.0000
-0.6943 -0.9860 0.0311
-0.9506 -1.1114 0.0069
-1.8148 -4.2610 0.0000
-1.8826 -4.5286 0.0000
-3.7170 0.5155 0.0000
-1.0186 2.4203 0.0000
3.0232 4.4519 0.0000
2.8525 4.1980 0.0000
4.4964 -3.1184 0.0000
-3.5834 4.7530 0.0000
-3.7347 4.5199 0.0000
4.1780 -4.2725 0.0000
3.8795 -4.2487 0.0000
-2.9232 -4.2400 0.0000
-2.8843 -4.4965 0.0000
-4.4805 -2.9155 0.0000
-4.7456 -2.9726 0.0000
0.2869 -0.5271 0.3019
0.2854 -0.6185 0.2467
0.2806 -0.4360 0.3616
0.1981 -0.5693 0.2976
0.1961 -0.4804 0.3585
0.1084 -0.5186 0.3477
0.2762 -0.7123 0.1957
0.1928 -0.6591 0.2407
0.1081 -0.6093 0.2840
0.1892 -0.7487 0.1889
0.1091 -0.8021 0.1669
0.0987 -0.7029 0.2240
0.0317 -0.7629 0.1906
0.0169 -0.5570 0.3255
0.0199 -0.6445 0.2643
-0.0252 -0.7120 0.2198
-0.0864 -0.7577 0.1892
0.0455 -0.8684 0.1361
-0.0284 -0.8216 0.1580
-0.1255 -0.8364 0.1450
0.0608 -0.9662 0.0953
-0.0435 -0.9142 0.1148
-0.9542 -1.3804 0.0017
-1.0415 -1.5868 0.0003
-1.5068 1.7229 0.0000
-1.7163 1.5916 0.0000
2.5827 -2.3121 0.0000
2.3993 -2.5501 0.0000
-1.3018 2.3638 0.0000
-1.3954 2.0883 0.0000
-1.2964 1.8716 0.0000
-3.4659 0.5796 0.0000
-3.3849 0.3436 0.0000
-3.6308 0.2719 0.0000
-3.7425 0.0197 0.0000
0.4865 4.7625 0.0000
0.3441 4.5291 0.0000
0.3809 4.2937 0.0000
-2.1328 -3.1899 0.0000
4.7558 2.0502 0.0000
4.5952 1.8697 0.0000
1.0343 -0.4789 0.0407
0.4615 2.1058 0.0001
0.2610 1.8787 0.0005
-2.0397 -1.6600 0.0000
-2.3325 4.2881 0.0000
-2.2677 4.0123 0.0000
-3.4991 3.7696 0.0000
-3.5033 3.4685 0.0000
-3.7521 3.3442 0.0000
-3.9901 3.3450 0.0000
1.4952 2.1167 0.0000
1.4531 1.8657 0.0000
1.5582 -0.0075 0.0018
1.3196 -0.1276 0.0116
1.1192 -0.2320 0.0380
1.2932 -0.4231 0.0098
3.3035 0.8403 0.0000
3.1020 0.6373 0.0000
-1.2573 -1.5592 0.0001
-1.4922 -1.7226 0.0000
0.7635 -4.7461 0.0000
-2.0163 -4.7852 0.0000
-2.1612 -4.5916 0.0000
-2.3679 -4.7481 0.0000
0.4713 0.0280 0.4138
0.6150 -0.0563 0.3007
0.5173 -0.0705 0.3720
0.4290 -0.0620 0.4387
0.5013 -0.1611 0.3657
0.5110 -0.2470 0.3332
0.3290 -0.0907 0.5013
0.4187 -0.1456 0.4279
0.4251 -0.2377 0.3924
0.3507 -0.3772 0.3668
0.2606 -0.1744 0.5136
0.3394 -0.1925 0.4632
0.3338 -0.2799 0.4274
0.2360 -0.2591 0.4853
0.2617 -0.3408 0.4281
0.1440 -0.3247 0.4771
0.1975 -0.3904 0.4193
0.1130 -0.4234 0.4157
-4.2502 1.1449 0.0000
-4.5111 1.1640 0.0000
4.7796 1.7093 0.0000
0.5339 -1.6557 0.0015
0.3060 -1.8379 0.0006
0.0812 -1.9945 0.0002
4.5137 -1.9174 0.0000
4.5215 -2.2175 0.0000
3.3744 3.1598 0.0000
3.3266 2.8778 0.0000
3.0844 3.0434 0.0000
3.0318 2.7702 0.0000
-1.2037 -1.2736 0.0009
1.1786 1.8737 0.0000
-3.3859 1.9967 0.0000
-3.6089 2.0933 0.0000
-3.4487 1.7402 0.0000
-3.6656 1.8301 0.0000
-3.9258 1.8364 0.0000
-3.8752 2.0659 0.0000
-4.1836 1.9343 0.0000
-3.4674 -1.2304 0.0000
1.8648 -1.6187 0.0000
1.6899 -1.8322 0.0000
1.5169 -2.0427 0.0000
-4.0329 3.1020 0.0000
-4.0163 2.8750 0.0000
-3.5739 0.8100 0.0000
-3.8337 0.7695 0.0000
1.3570 -2.2516 0.0000
-1.0077 1.6826 0.0003
-1.2434 1.6215 0.0001
-1.2068 1.3745 0.0005
-2.2503 2.7674 0.0000
-2.2523 2.5066 0.0000
-2.5017 2.4897 0.0000
-2.2565 2.2504 0.0000
-2.5073 2.2066 0.0000
-2.7820 2.1010 0.0000
-0.2853 2.6659 0.0000
-0.5002 2.5680 0.0000
-0.7266 2.4317 0.0000
-2.5448 -1.7698 0.0000
-2.7461 -1.9306 0.0000
-2.9214 -2.1089 0.0000
-2.7382 -2.3146 0.0000
-2.9701 -2.4188 0.0000
-3.1843 -2.2053 0.0000
-3.2358 -2.4855 0.0000
-4.2434 -2.9330 0.0000
3.7814 -2.3533 0.0000
3.4779 -2.4466 0.0000
4.2522 -1.8220 0.0000
-4.4948 -1.1759 0.0000
-4.4728 -1.4439 0.0000
-4.7363 -1.3516 0.0000
-4.7537 -1.5975 0.0000
1.8226 0.0841 0.0001
-0.7275 -4.2598 0.0000
-0.8526 -4.4906 0.0000
-0.7897 -4.7708 0.0000
-1.0913 -4.7136 0.0000
-1.4117 -4.7574 0.0000
1.9362 -1.1488 0.0000
1.6568 -1.0740 0.0001
1.7498 -1.3535 0.0000
-1.7748 -1.8717 0.0000
3.4651 3.7096 0.0000
3.2107 3.5523 0.0000
2.2377 1.9891 0.0000
1.9860 1.9001 0.0000
1.9017 1.6240 0.0000
-4.7728 4.7789 0.0000
-4.5004 4.7072 0.0000
-4.7452 4.5086 0.0000
0.8477 -0.4786 0.0949
0.7425 -0.5441 0.1197
0.6440 -0.5736 0.1485
1.9148 -4.0952 0.0000
1.8399 3.4566 0.0000
1.7158 3.2198 0.0000
1.8765 2.4954 0.0000
1.7499 2.3460 0.0000
-1.7095 -2.4312 0.0000
3.5046 -1.9302 0.0000
3.2292 -1.8828 0.0000
3.3217 -2.1638 0.0000
3.1670 -2.3911 0.0000
-2.4626 0.0038 0.0000
2.2160 -3.3526 0.0000
1.7457 3.8482 0.0000
-1.7178 -1.0061 0.0000
-1.9896 -1.1424 0.0000
-2.0409 -1.9584 0.0000
-3.9510 -1.9498 0.0000
4.3098 0.7350 0.0000
4.4630 -1.0779 0.0000
4.1774 -1.3324 0.0000
0.8902 -3.3726 0.0000
0.6548 -3.4651 0.0000
0.4268 -3.4777 0.0000
0.4648 -3.7547 0.0000
0.2055 -3.6487 0.0000
-2.6157 4.3918 0.0000
2.2956 -2.2835 0.0000
2.0158 -2.2372 0.0000
-0.5832 3.8311 0.0000
3.9734 3.9716 0.0000
3.9605 3.6857 0.0000
2.0413 -1.4051 0.0000
2.2436 -1.5321 0.0000
2.0771 -1.7457 0.0000
0.6548 3.1151 0.0000
0.4506 2.9492 0.0000
0.2851 3.1052 0.0000
0.1255 2.9328 0.0000
0.7186 -3.6857 0.0000
0.7436 -3.9171 0.0000
0.5312 -4.0166 0.0000
0.3940 -4.2484 0.0000
-3.4126 4.5372 0.0000
-3.2724 4.2408 0.0000
4.7596 0.4603 0.0000
4.5328 0.3022 0.0000
4.7650 0.1497 0.0000
4.5126 0.0121 0.0000
4.4041 -4.1832 0.0000
2.1932 -4.5460 0.0000
-2.2875 -3.4321 0.0000
-2.5776 -3.4392 0.0000
-3.5471 2.8880 0.0000
-3.8170 2.8033 0.0000
1.6047 1.5987 0.0000
1.4587 1.3469 0.0001
4.0527 2.0026 0.0000
4.0019 1.7090 0.0000
1.8362 -2.4548 0.0000
1.7429 -2.6817 0.0000
2.7789 0.5536 0.0000
2.5374 0.5014 0.0000
1.3886 -1.7946 0.0000
1.2030 -2.0253 0.0000
3.4392 4.0022 0.0000
3.2258 3.8412 0.0000
0.7150 1.9928 0.0001
0.5272 1.8127 0.0005
0.4718 1.5567 0.0036
0.2480 1.6198 0.0033
0.0690 1.4185 0.0130
2.9801 3.6741 0.0000
4.2933 -4.5060 0.0000
4.0100 -4.5067 0.0000
3.8875 -4.7499 0.0000
-4.0913 1.6264 0.0000
0.9862 3.5239 0.0000
0.8921 3.2522 0.0000
-0.4955 3.6055 0.0000
2.0692 -3.0455 0.0000
-2.7947 2.6174 0.0000
-2.7434 2.3487 0.0000
2.6358 -4.3513 0.0000
2.4863 -4.5475 0.0000
0.2279 -3.9663 0.0000
0.1072 -4.2532 0.0000
2.5436 3.0602 0.0000
2.4800 2.7945 0.0000
1.1275 4.2652 0.0000
0.9561 4.0247 0.0000
1.0977 -1.7578 0.0001
0.9093 -1.9931 0.0000
2.7964 -2.8399 0.0000
2.6035 -3.0595 0.0000
1.4667 -1.2958 0.0001
1.2842 -1.5260 0.0002
4.2249 3.7613 0.0000
4.2031 3.4902 0.0000
3.9332 3.3879 0.0000
-1.7696 -0.3660 0.0001
-1.9266 -0.5553 0.0000
-0.9004 2.9801 0.0000
-0.2132 -4.2675 0.0000
-0.4905 -4.3692 0.0000
-0.6118 -4.5740 0.0000
-4.0875 4.3140 0.0000
-4.3007 4.1730 0.0000
-4.5249 4.0379 0.0000
-2.1606 -0.4011 0.0000
-2.1828 -0.6965 0.0000
2.7270 -3.5578 0.0000
2.4694 -3.5969 0.0000
-1.6495 4.7399 0.0000
-4.5073 4.3590 0.0000
-1.6623 3.0265 0.0000
-1.9190 2.9054 0.0000
-2.6972 0.1026 0.0000
-2.2418 3.2445 0.0000
-2.4374 3.0138 0.0000
-2.7094 3.0969 0.0000
-4.7861 2.3547 0.0000
-1.9682 1.5205 0.0000
-2.2570 1.4923 0.0000
-3.2956 3.9471 0.0000
-3.1022 3.7806 0.0000
-3.2632 3.6026 0.0000
-4.0315 4.0558 0.0000
-0.3818 1.3199 0.0164
-0.7307 1.0710 0.0231
3.9820 1.1325 0.0000
-1.7798 -0.0070 0.0001
-1.9604 -0.2039 0.0000
-1.4062 -0.0196 0.0051
-1.1850 -0.1205 0.0246
-1.6099 -0.1819 0.0008
2.5175 -4.0819 0.0000
2.8340 1.4986 0.0000
-3.7292 -2.3854 0.0000
-3.9875 -2.5235 0.0000
-2.7161 -2.6201 0.0000
-3.0186 -2.6986 0.0000
-2.8586 -2.9204 0.0000
-3.1723 -2.9782 0.0000
-2.9777 -3.1924 0.0000
0.6527 -1.1893 0.0156
0.7344 -1.4458 0.0033
0.4737 -1.3783 0.0088
0.2733 -1.5529 0.0041
4.0235 -2.4012 0.0000
4.2396 -2.9069 0.0000
4.2458 -3.1462 0.0000
4.0004 -3.1776 0.0000
1.7552 1.3551 0.0000
1.5954 1.0931 0.0002
4.0148 -3.7653 0.0000
4.0709 -4.0436 0.0000
3.7026 3.5608 0.0000
3.4399 3.4254 0.0000
3.6636 3.2674 0.0000
3.6094 2.9863 0.0000
-1.5363 -4.2227 0.0000
-1.3193 -4.5108 0.0000
-1.5893 -4.4881 0.0000
-1.7114 -4.7562 0.0000
2.8481 -1.5852 0.0000
2.5451 -1.5362 0.0000
4.7606 -2.0523 0.0000
4.7612 -2.3587 0.0000
0.0164 -1.6743 0.0021
-1.7116 -3.4887 0.0000
3.5919 -4.1912 0.0000
3.3009 -4.0450 0.0000
-1.1052 4.7310 0.0000
0.6938 -4.2538 0.0000
4.2757 -2.0885 0.0000
4.0435 -2.1485 0.0000
-4.4804 -2.4884 0.0000
-4.5233 -2.7114 0.0000
-4.7578 -2.6752 0.0000
-1.7142 -1.2799 0.0000
-1.9530 -1.4145 0.0000
-0.8680 2.1770 0.0000
-1.1287 2.1550 0.0000
0.1883 2.1610 0.0001
4.5257 -4.4217 0.0000
-4.5171 3.7420 0.0000
4.7727 -3.8776 0.0000
4.5499 -3.9670 0.0000
2.9681 0.4006 0.0000
2.7053 0.2921 0.0000
-2.4288 -0.5644 0.0000
-2.2146 -0.9970 0.0000
-2.3883 -1.1798 0.0000
-2.5267 -1.3900 0.0000
3.9857 -0.0202 0.0000
3.6919 -0.0996 0.0000
-1.5780 2.2740 0.0000
-1.6079 1.9441 0.0000
-1.8481 1.8244 0.0000
-1.7911 2.1362 0.0000
-2.0491 2.0433 0.0000
-2.1254 1.7598 0.0000
2.6309 1.3047 0.0000
3.7369 1.1249 0.0000
3.5539 0.8938 0.0000
-0.1023 4.0259 0.0000
-0.3394 3.9346 0.0000
2.2097 1.6635 0.0000
2.0479 1.3844 0.0000
-4.5143 3.4473 0.0000
1.5809 0.2712 0.0013
1.3612 0.4351 0.0065
1.1506 0.3057 0.0311
1.3330 0.1447 0.0107
1.1088 0.0309 0.0457
0.9541 0.0178 0.0986
-3.7131 -1.2455 0.0000
0.2605 3.8164 0.0000
0.1518 3.5985 0.0000
4.3746 0.4757 0.0000
4.1612 0.4459 0.0000
-3.3379 -3.5878 0.0000
-3.5507 -3.7446 0.0000
-3.4947 -4.0285 0.0000
1.8830 0.6331 0.0000
2.0878 0.4789 0.0000
1.8269 0.3697 0.0001
0.5713 -0.5041 0.2027
0.5505 -0.5974 0.1743
0.4598 -0.6235 0.1939
0.3688 -0.6643 0.2004
0.5376 -0.6939 0.1409
0.4491 -0.7218 0.1534
0.4316 -0.8154 0.1192
0.3537 -0.8500 0.1188
0.3723 -0.9393 0.0843
0.3598 -0.7560 0.1580
0.2791 -0.8075 0.1477
0.1979 -0.8376 0.1429
-1.2611 -2.7407 0.0000
-1.5574 -2.7654 0.0000
-1.6949 -2.9897 0.0000
1.7189 4.7435 0.0000
1.5437 4.5366 0.0000
-4.7609 3.5935 0.0000
4.7677 2.3505 0.0000
4.5209 2.2257 0.0000
4.2337 2.1642 0.0000
0.0632 -2.2927 0.0000
-0.1710 -2.1432 0.0001
-0.2307 -2.4184 0.0000
3.1180 1.5184 0.0000
-2.0160 -4.0310 0.0000
-2.0997 -4.3174 0.0000
-0.1786 2.4445 0.0000
-0.0894 2.2142 0.0000
4.7461 1.4149 0.0000
3.7252 -1.7930 0.0000
3.5795 -2.1782 0.0000
-4.5327 -0.3372 0.0000
-4.7690 -0.4683 0.0000
-0.5783 4.1205 0.0000
-0.8246 3.9974 0.0000
-4.2557 -1.0121 0.0000
0.2818 -4.5049 0.0000
-0.0151 -4.5081 0.0000
-2.1007 4.7633 0.0000
-2.3923 4.5513 0.0000
1.2002 3.3408 0.0000
1.1344 3.0873 0.0000
2.7694 2.0401 0.0000
2.7166 1.7898 0.0000
