5.0000 5.0000 0.0000
0.0000 5.0000 0.0000
2.5000 5.0000 0.0000
3.7500 5.0000 0.0000
4.3750 5.0000 0.0000
4.6875 5.0000 0.0000
4.0625 5.0000 0.0000
3.1250 5.0000 0.0000
3.4375 5.0000 0.0000
2.8125 5.0000 0.0000
1.2500 5.0000 0.0000
1.8750 5.0000 0.0000
2.1875 5.0000 0.0000
1.5625 5.0000 0.0000
0.6250 5.0000 0.0000
0.9375 5.0000 0.0000
0.3125 5.0000 0.0000
-2.5000 5.0000 0.0000
-1.2500 5.0000 0.0000
-0.6250 5.0000 0.0000
-0.3125 5.0000 0.0000
-0.9375 5.0000 0.0000
-1.8750 5.0000 0.0000
-1.5625 5.0000 0.0000
-2.1875 5.0000 0.0000
-3.7500 5.0000 0.0000
-3.1250 5.0000 0.0000
-2.8125 5.0000 0.0000
-3.4375 5.0000 0.0000
-4.3750 5.0000 0.0000
-4.0625 5.0000 0.0000
-4.6875 5.0000 0.0000
5.0000 -5.0000 0.0000
5.0000 0.0000 0.0000
5.0000 -2.5000 0.0000
5.0000 -3.7500 0.0000
5.0000 -4.3750 0.0000
5.0000 -4.6875 0.0000
5.0000 -4.0625 0.0000
5.0000 -3.1250 0.0000
5.0000 -3.4375 0.0000
5.0000 -2.8125 0.0000
5.0000 -1.2500 0.0000
5.0000 -1.8750 0.0000
5.0000 -2.1875 0.0000
5.0000 -1.5625 0.0000
5.0000 -0.6250 0.0000
5.0000 -0.9375 0.0000
5.0000 -0.3125 0.0000
5.0000 2.5000 0.0000
5.0000 1.2500 0.0000
5.0000 0.6250 0.0000
5.0000 0.3125 0.0000
5.0000 0.9375 0.0000
5.0000 1.8750 0.0000
5.0000 1.5625 0.0000
5.0000 2.1875 0.0000
5.0000 3.7500 0.0000
5.0000 3.1250 0.0000
5.0000 2.8125 0.0000
5.0000 3.4375 0.0000
5.0000 4.3750 0.0000
5.0000 4.0625 0.0000
5.0000 4.6875 0.0000
-5.0000 -5.0000 0.0000
0.0000 -5.0000 0.0000
-2.5000 -5.0000 0.0000
-3.7500 -5.0000 0.0000
-4.3750 -5.0000 0.0000
-4.6875 -5.0000 0.0000
-4.0625 -5.0000 0.0000
-3.1250 -5.0000 0.0000
-3.4375 -5.0000 0.0000
-2.8125 -5.0000 0.0000
-1.2500 -5.0000 0.0000
-1.8750 -5.0000 0.0000
-2.1875 -5.0000 0.0000
-1.5625 -5.0000 0.0000
-0.6250 -5.0000 0.0000
-0.9375 -5.0000 0.0000
-0.3125 -5.0000 0.0000
2.5000 -5.0000 0.0000
1.2500 -5.0000 0.0000
0.6250 -5.0000 0.0000
0.3125 -5.0000 0.0000
0.9375 -5.0000 0.0000
1.8750 -5.0000 0.0000
1.5625 -5.0000 0.0000
2.1875 -5.0000 0.0000
3.7500 -5.0000 0.0000
3.1250 -5.0000 0.0000
2.8125 -5.0000 0.0000
3.4375 -5.0000 0.0000
4.3750 -5.0000 0.0000
4.0625 -5.0000 0.0000
4.6875 -5.0000 0.0000
-5.0000 5.0000 0.0000
-5.0000 0.0000 0.0000
-5.0000 2.5000 0.0000
-5.0000 3.7500 0.0000
-5.0000 4.3750 0.0000
-5.0000 4.6875 0.0000
-5.0000 4.0625 0.0000
-5.0000 3.1250 0.0000
-5.0000 3.4375 0.0000
-5.0000 2.8125 0.0000
-5.0000 1.2500 0.0000
-5.0000 1.8750 0.0000
-5.0000 2.1875 0.0000
-5.0000 1.5625 0.0000
-5.0000 0.6250 0.0000
-5.0000 0.9375 0.0000
-5.0000 0.3125 0.0000
-5.0000 -2.5000 0.0000
-5.0000 -1.2500 0.0000
-5.0000 -0.6250 0.0000
-5.0000 -0.3125 0.0000
-5.0000 -0.9375 0.0000
-5.0000 -1.8750 0.0000
-5.0000 -1.5625 0.0000
-5.0000 -2.1875 0.0000
-5.0000 -3.7500 0.0000
-5.0000 -3.1250 0.0000
-5.0000 -2.8125 0.0000
-5.0000 -3.4375 0.0000
-5.0000 -4.3750 0.0000
-5.0000 -4.0625 0.0000
-5.0000 -4.6875 0.0000
2.4751 0.3517 0.0000
2.2370 0.1969 0.0000
2.0005 0.0874 0.0000
1.7604 -2.3118 0.0000
2.0375 -2.2819 0.0000
1.9021 -2.5629 0.0000
-3.5979 -4.2835 0.0000
-3.7524 -4.5098 0.0000
0.2240 -0.7640 0.1934
0.1420 -0.7593 0.2073
0.0639 -0.8180 0.1796
-0.0065 -0.8792 0.1485
-0.0659 -0.9555 0.1126
0.0905 -0.9180 0.1289
0.0231 -0.9728 0.1071
-0.0793 -1.0487 0.0782
-0.1945 -1.0781 0.0644
-0.1570 -0.9502 0.1095
-0.7472 -4.2234 0.0000
-3.8945 4.7613 0.0000
-1.8532 -0.6758 0.0000
-1.8154 -0.9640 0.0000
-3.9387 -1.1612 0.0000
-3.9555 -1.4460 0.0000
-2.1903 4.2587 0.0000
-2.4004 4.1968 0.0000
-2.4087 3.9604 0.0000
-2.5115 3.6979 0.0000
3.8497 -4.0309 0.0000
3.7307 -4.2854 0.0000
-4.5271 0.5626 0.0000
-4.7745 0.4961 0.0000
-4.6946 0.2893 0.0000
-4.7635 0.1052 0.0000
4.4795 4.2515 0.0000
1.9370 4.2921 0.0000
1.8531 4.0299 0.0000
0.7523 2.7773 0.0000
0.4166 2.5522 0.0000
0.6404 -4.5186 0.0000
0.4723 -4.7502 0.0000
1.0921 3.1048 0.0000
0.8252 3.0345 0.0000
-4.3171 -2.1464 0.0000
-2.5033 1.5640 0.0000
4.7838 0.7930 0.0000
4.5987 0.6428 0.0000
4.4471 0.4501 0.0000
-0.1672 0.4961 0.3655
-0.2526 0.4483 0.3735
-0.3411 0.4104 0.3604
-0.3437 0.3170 0.4099
-0.4311 0.2792 0.3760
-0.2553 0.3565 0.4301
-0.3393 0.2252 0.4549
-0.4209 0.1841 0.4172
-0.5005 0.2237 0.3500
-0.5170 0.1428 0.3591
-0.3344 0.5041 0.3086
-0.4215 0.4719 0.2895
-0.4286 0.3744 0.3347
-0.5091 0.4316 0.2657
-0.5138 0.3289 0.3048
-0.5702 0.2631 0.2912
-0.6024 0.1819 0.2895
-0.4325 0.0954 0.4305
-0.5169 0.0487 0.3730
-0.5931 0.0816 0.3120
-0.6266 0.0059 0.2915
-0.5876 0.3771 0.2445
-0.6381 0.3126 0.2351
-0.6730 0.2317 0.2327
-0.7252 0.1713 0.2099
-0.6678 0.1185 0.2541
-0.7817 0.1094 0.1816
-0.7072 0.0474 0.2328
-0.7137 -0.0565 0.2283
-0.7917 0.0082 0.1795
-0.0603 -1.7086 0.0018
-0.1750 -1.9663 0.0003
-0.2915 -2.2338 0.0000
-1.2093 -3.9295 0.0000
-1.6580 -4.2411 0.0000
-1.6598 3.7024 0.0000
-4.7642 -4.2109 0.0000
-0.7659 1.5055 0.0022
-1.0436 1.4012 0.0012
2.1927 -2.5272 0.0000
-3.4430 4.5044 0.0000
-3.7172 4.5105 0.0000
1.3020 2.8676 0.0000
1.0304 2.8168 0.0000
3.7833 2.6268 0.0000
3.6076 2.4155 0.0000
3.4680 2.1498 0.0000
4.2216 4.0800 0.0000
3.6027 4.7638 0.0000
4.7546 2.3447 0.0000
-2.0924 -0.8514 0.0000
2.3346 -2.2695 0.0000
-1.8247 3.9537 0.0000
-1.9505 3.7094 0.0000
-1.3289 0.2096 0.0097
4.7431 -2.6685 0.0000
4.4888 -2.8325 0.0000
0.7272 4.7260 0.0000
-3.1543 -3.4059 0.0000
0.1421 0.0215 0.5985
0.0761 -0.0386 0.6170
0.0057 -0.0834 0.6197
0.1186 -0.1016 0.5979
0.0516 -0.1662 0.5939
-0.0392 -0.1779 0.5923
-0.0798 -0.1022 0.6098
-0.0920 -0.2574 0.5493
-0.1117 -0.0338 0.6122
-0.1385 -0.1688 0.5770
-0.1838 -0.2594 0.5232
-0.1914 -0.0866 0.5795
-0.2328 -0.1800 0.5364
-0.2764 -0.2636 0.4806
-0.3339 -0.2079 0.4714
-1.7380 0.8643 0.0001
4.2670 2.3687 0.0000
2.4355 -0.7364 0.0000
-3.5047 3.4788 0.0000
-3.4893 3.1777 0.0000
4.7585 2.9582 0.0000
2.1994 -1.4888 0.0000
1.9110 -1.5051 0.0000
-1.5953 4.4954 0.0000
-1.8890 4.4388 0.0000
4.2885 -3.6929 0.0000
-3.6278 1.9008 0.0000
1.2029 4.4751 0.0000
-2.5560 0.8104 0.0000
1.2204 2.5782 0.0000
0.9473 2.5410 0.0000
-3.3908 -1.9303 0.0000
3.2789 -1.8121 0.0000
3.0849 -2.0252 0.0000
4.5023 3.6773 0.0000
4.2642 3.5142 0.0000
4.2481 3.2334 0.0000
0.2266 3.4556 0.0000
0.0070 3.2724 0.0000
-4.5417 1.0946 0.0000
-4.7686 1.0817 0.0000
-1.6176 -1.3297 0.0000
-1.4788 -1.5859 0.0000
2.7286 -3.9914 0.0000
2.6194 -4.2599 0.0000
2.7456 -3.3698 0.0000
2.4563 -3.5227 0.0000
2.2753 -3.7899 0.0000
-2.4868 3.1643 0.0000
2.0610 3.8353 0.0000
1.6063 -2.5526 0.0000
1.4862 -2.7912 0.0000
1.4265 1.8259 0.0000
1.1008 1.7417 0.0001
1.1220 1.4016 0.0008
2.3444 -4.5258 0.0000
2.3960 -4.7733 0.0000
-2.0664 -4.7453 0.0000
2.6591 0.8539 0.0000
2.4717 0.6473 0.0000
-3.1382 -0.0034 0.0000
-3.1905 -0.3257 0.0000
-3.4626 -0.3463 0.0000
-4.7656 -3.3915 0.0000
-4.7509 -3.6539 0.0000
1.2968 -0.4837 0.0075
1.0862 -0.6564 0.0194
-1.9256 -4.2449 0.0000
-2.1875 -4.2353 0.0000
3.2888 4.7633 0.0000
0.3203 -1.3616 0.0133
0.9329 4.4083 0.0000
0.8123 4.1425 0.0000
0.5366 4.1669 0.0000
-0.7405 0.2958 0.1807
-0.7870 0.2205 0.1673
-0.8568 0.1758 0.1353
-0.9498 0.1353 0.0951
-0.8679 0.0713 0.1357
-0.9701 0.0230 0.0897
0.1455 -3.8893 0.0000
2.3124 -4.2740 0.0000
2.0823 -4.4385 0.0000
-3.6883 -1.3065 0.0000
1.3143 1.5854 0.0001
0.1507 -0.3576 0.4732
0.0805 -0.4347 0.4364
-0.0267 -0.5960 0.3238
0.2147 -0.1442 0.5500
0.1452 -0.1850 0.5647
0.1832 -0.2619 0.5168
0.0938 -0.2653 0.5418
0.0473 -0.3483 0.4998
-0.0137 -0.4306 0.4458
-0.0697 -0.5133 0.3822
-0.1180 -0.6029 0.3115
0.1158 -0.5264 0.3650
0.0264 -0.5195 0.3797
0.0736 -0.6158 0.3066
-0.0110 -0.6765 0.2675
-0.0909 -0.6940 0.2519
0.0037 -0.2596 0.5557
-0.0500 -0.3435 0.5041
-0.1459 -0.3436 0.4874
-0.1096 -0.4280 0.4389
-0.1644 -0.5121 0.3681
-0.2191 -0.5883 0.3023
-0.2426 -0.3445 0.4538
-0.2075 -0.4262 0.4157
-0.3158 -0.4134 0.3808
-0.2649 -0.5001 0.3474
-0.1812 -0.6798 0.2498
-0.2760 -0.6631 0.2402
-0.2335 -0.7586 0.1933
-0.3272 -0.7373 0.1859
-0.3210 -0.5759 0.2799
-0.3769 -0.6513 0.2179
-0.4131 -0.7399 0.1630
-0.4907 -0.7717 0.1294
-0.3027 -0.8231 0.1482
-0.3915 -0.8227 0.1316
-3.0046 2.4966 0.0000
-4.2132 -3.8431 0.0000
-3.1762 4.5076 0.0000
-0.3283 -4.5306 0.0000
-3.1644 2.0009 0.0000
-2.1371 2.4585 0.0000
-0.4404 1.8964 0.0004
-0.2324 1.6974 0.0018
-0.4927 1.6054 0.0024
-0.5403 1.3362 0.0102
1.0990 4.1707 0.0000
0.9800 3.8820 0.0000
0.6888 3.8642 0.0000
-2.7607 -2.7146 0.0000
-3.0238 -2.6183 0.0000
-2.9800 -2.9126 0.0000
-3.2427 -2.8155 0.0000
1.4090 4.7369 0.0000
4.5218 -3.4583 0.0000
0.7833 0.6356 0.0783
0.6905 0.5993 0.1152
0.8125 0.5412 0.0877
0.7072 0.5076 0.1336
0.6095 0.5447 0.1627
0.6169 0.4506 0.1917
0.5314 0.3974 0.2566
0.4502 0.3462 0.3252
0.3698 0.3106 0.3888
0.3393 0.2207 0.4468
-2.6885 -1.1199 0.0000
-2.6844 -4.2842 0.0000
-2.8190 -4.5205 0.0000
-2.6569 -4.7502 0.0000
-2.9725 -4.7579 0.0000
-3.9619 -3.1045 0.0000
-3.9102 -3.3914 0.0000
-4.0182 -3.6166 0.0000
3.4737 4.5382 0.0000
3.3953 4.3135 0.0000
3.1448 4.2115 0.0000
1.4642 -1.0523 0.0004
-3.7140 -0.7511 0.0000
-3.9497 -0.8866 0.0000
-4.2895 -2.4302 0.0000
-4.5226 -2.4770 0.0000
0.5520 2.2813 0.0000
-3.5667 -3.8174 0.0000
-3.9239 -3.8898 0.0000
-1.1311 -1.4467 0.0006
1.0868 -4.7615 0.0000
1.8362 -3.6033 0.0000
1.6395 -3.7510 0.0000
-1.3766 3.7002 0.0000
-1.7803 3.4505 0.0000
-1.9025 3.1998 0.0000
-4.5481 -2.2194 0.0000
-2.5871 1.8385 0.0000
2.9084 2.8118 0.0000
-2.4427 4.4682 0.0000
-2.6993 4.5258 0.0000
-2.9289 4.3910 0.0000
0.7588 3.2927 0.0000
1.5837 1.5663 0.0000
-1.7344 -2.5883 0.0000
-1.7368 -2.9047 0.0000
-1.9767 -2.6875 0.0000
-2.0101 -2.9370 0.0000
2.5882 -3.0035 0.0000
2.5099 -3.2421 0.0000
2.2303 -3.2937 0.0000
1.7210 1.8178 0.0000
-3.1244 -4.5066 0.0000
-3.4256 -4.4844 0.0000
4.7564 1.4068 0.0000
4.7508 1.0894 0.0000
-1.8777 4.6586 0.0000
-2.1594 4.5032 0.0000
1.8977 0.6945 0.0000
1.6802 0.4860 0.0003
2.4149 2.6047 0.0000
3.5271 3.5677 0.0000
4.4985 3.9766 0.0000
4.2554 3.8052 0.0000
1.7642 -0.0690 0.0002
1.1695 -2.2366 0.0000
1.0469 -2.5061 0.0000
-1.7926 -1.5646 0.0000
-2.1069 -1.6336 0.0000
-2.2078 -1.8804 0.0000
2.9118 -2.2734 0.0000
0.0240 2.9786 0.0000
-0.0492 2.7082 0.0000
0.4637 3.6528 0.0000
4.0071 2.8117 0.0000
3.4789 3.2914 0.0000
-0.1189 -3.8028 0.0000
-1.3757 -3.2933 0.0000
3.4518 2.9885 0.0000
2.2002 4.4373 0.0000
-0.6420 3.4786 0.0000
1.7610 -1.0608 0.0000
2.8294 2.3452 0.0000
2.5504 2.3654 0.0000
-2.1944 -3.1803 0.0000
-2.3928 -3.3934 0.0000
-1.1211 -0.5047 0.0256
-1.3450 -0.5637 0.0054
-1.6249 -0.4848 0.0006
0.8807 0.1208 0.1181
0.8561 0.0350 0.1340
0.7795 0.0600 0.1755
0.7657 -0.0316 0.1854
0.6975 0.1109 0.2235
0.6087 0.0618 0.2905
0.6896 0.0149 0.2349
0.6086 -0.0332 0.2931
0.5254 0.0013 0.3567
0.4475 -0.0467 0.4156
0.5253 -0.1050 0.3506
0.4443 -0.1514 0.4033
0.4230 -0.2428 0.3923
0.3476 -0.1871 0.4610
0.2607 -0.2203 0.5003
-3.6639 -1.8424 0.0000
0.0127 -3.3624 0.0000
1.9767 0.4005 0.0000
1.7356 0.2171 0.0002
-2.7513 0.6147 0.0000
-2.9529 0.4416 0.0000
-0.7292 4.4932 0.0000
3.4487 1.6249 0.0000
3.1965 1.5780 0.0000
-1.7477 2.9293 0.0000
2.9863 -1.3834 0.0000
-2.5994 -3.6008 0.0000
3.0075 2.5700 0.0000
2.7137 2.6148 0.0000
1.7880 0.9976 0.0000
1.5097 1.0598 0.0003
1.2221 1.1257 0.0017
1.0714 0.9078 0.0097
0.9637 -3.4245 0.0000
0.8472 -3.6341 0.0000
2.0477 1.7037 0.0000
1.8570 1.5331 0.0000
1.9615 1.2366 0.0000
1.6883 1.2880 0.0000
-0.3872 3.5570 0.0000
-2.7462 2.3613 0.0000
-2.9620 2.1941 0.0000
-1.4950 3.4407 0.0000
-1.6191 3.1839 0.0000
-0.8579 2.9324 0.0000
-1.0178 2.7019 0.0000
-4.5135 2.1654 0.0000
4.7622 4.5248 0.0000
4.5288 4.5043 0.0000
1.7945 -1.7841 0.0000
2.7703 -0.0351 0.0000
2.5436 -0.2208 0.0000
-2.0162 -3.7278 0.0000
-0.5655 1.0765 0.0342
-0.1012 1.2452 0.0288
-0.2307 1.0608 0.0640
-0.4044 0.9736 0.0744
-0.2748 0.9445 0.0981
-0.3290 0.8719 0.1198
-0.4043 0.8309 0.1241
-0.7747 0.7960 0.0545
2.1340 -3.5575 0.0000
1.9899 -3.8251 0.0000
-1.4243 2.3899 0.0000
-0.9179 -2.0894 0.0000
-1.1573 -2.2718 0.0000
1.6699 -2.0575 0.0000
2.0728 -1.7571 0.0000
-1.1430 4.2297 0.0000
-1.2621 3.9653 0.0000
3.2020 -0.6582 0.0000
2.9859 -0.8460 0.0000
-0.3034 -1.2477 0.0261
-4.7556 -2.6482 0.0000
-3.0972 -1.2158 0.0000
-3.4495 -1.3593 0.0000
-0.5826 4.7526 0.0000
-0.4598 -0.0919 0.4136
-0.5444 -0.1407 0.3426
-0.3827 -0.1435 0.4592
-0.4521 -0.1906 0.3987
-0.6093 -0.2129 0.2813
-0.4028 -0.2616 0.4080
-0.4759 -0.3088 0.3423
-0.5209 -0.2356 0.3373
-0.5212 -0.3934 0.2802
-0.5820 -0.3082 0.2738
-0.6297 -0.3953 0.2171
-0.6772 -0.3129 0.2132
-0.7318 -0.3911 0.1637
2.8781 4.1122 0.0000
-3.7560 0.4484 0.0000
-3.9593 0.2595 0.0000
2.6972 2.9922 0.0000
2.5565 2.8268 0.0000
0.1355 4.5169 0.0000
-0.5254 -4.3893 0.0000
3.9988 3.3715 0.0000
3.9758 3.0989 0.0000
-3.2866 -2.5216 0.0000
-3.5490 -2.4278 0.0000
-3.8083 -2.3345 0.0000
-4.0295 -2.5323 0.0000
3.1463 -4.4415 0.0000
2.9797 -4.7337 0.0000
3.8916 2.3479 0.0000
3.7354 2.1530 0.0000
1.7704 -2.8364 0.0000
3.4872 -1.6274 0.0000
0.4660 -2.4763 0.0000
2.9776 4.7260 0.0000
-2.7194 -3.0102 0.0000
-3.1976 -3.1098 0.0000
2.9909 0.1576 0.0000
2.7299 0.2419 0.0000
2.4934 0.0619 0.0000
2.4371 -4.0334 0.0000
-2.4108 -0.4455 0.0000
3.6561 1.8781 0.0000
-2.3589 2.0213 0.0000
-2.0580 1.9361 0.0000
-2.2907 1.7496 0.0000
-3.1290 2.7766 0.0000
-3.3147 2.5729 0.0000
0.8700 0.4436 0.0854
0.8693 0.3689 0.0967
0.7860 0.3524 0.1345
0.7864 0.2575 0.1508
0.8772 0.2871 0.1044
0.8671 0.2082 0.1175
0.7889 0.1528 0.1630
0.7022 0.2063 0.2072
0.6130 0.1568 0.2752
0.4067 2.0497 0.0001
4.2941 1.6705 0.0000
-3.0590 0.6995 0.0000
-3.2778 0.5350 0.0000
2.7655 3.5433 0.0000
-3.2788 4.7598 0.0000
-3.5861 4.7600 0.0000
-2.3075 -2.3317 0.0000
-2.0600 -2.4398 0.0000
-2.2582 -2.6383 0.0000
-2.5296 -2.5234 0.0000
-2.5020 -2.8120 0.0000
4.7418 -2.9781 0.0000
-0.4504 -2.0204 0.0001
-0.6577 -2.1929 0.0000
-0.8625 -2.3843 0.0000
-1.7178 -2.0814 0.0000
-1.5843 -2.3592 0.0000
-1.8458 -2.3354 0.0000
-2.0570 -2.1345 0.0000
-2.4140 -1.6956 0.0000
-2.3684 -2.0560 0.0000
-2.6086 -1.9292 0.0000
-2.8457 -2.1284 0.0000
-2.5841 -2.2341 0.0000
-2.8020 -2.4243 0.0000
-3.0679 -2.3242 0.0000
2.6642 4.2890 0.0000
2.8223 3.8298 0.0000
-0.4500 4.5011 0.0000
-2.2487 0.7576 0.0000
0.4071 -2.9551 0.0000
-0.6973 -0.2262 0.2197
-0.7614 -0.2769 0.1720
-0.8019 -0.3420 0.1392
-0.9743 -0.3588 0.0685
-0.7931 -0.4625 0.1194
-0.8566 -0.3976 0.1055
-0.9210 -0.5046 0.0678
-3.7062 -1.5713 0.0000
4.2493 -1.0506 0.0000
1.4742 -0.2491 0.0027
3.3778 -2.1055 0.0000
3.1850 -2.2879 0.0000
3.3029 -2.5126 0.0000
3.7870 3.7005 0.0000
-2.0670 3.4534 0.0000
-2.1953 3.2013 0.0000
2.2208 -0.9727 0.0000
2.0259 -1.2130 0.0000
0.1203 2.0748 0.0001
-0.1477 1.9724 0.0003
0.2063 2.6688 0.0000
-2.9187 1.1808 0.0000
4.7405 -0.4432 0.0000
1.0381 0.0808 0.0594
0.9422 0.0541 0.0939
1.0175 -0.2174 0.0616
1.0824 -0.0585 0.0476
0.9437 -0.1285 0.0921
0.8887 -0.2244 0.1096
1.2065 -0.2451 0.0200
0.9391 -0.3156 0.0809
0.9144 -0.4184 0.0783
0.8455 -0.3952 0.1074
1.0612 -0.4213 0.0377
0.9058 -0.5359 0.0653
0.8028 -0.4698 0.1118
0.7951 -0.5689 0.0948
0.7302 -0.5149 0.1314
3.4943 2.7007 0.0000
-3.2302 2.2976 0.0000
-3.5237 2.3679 0.0000
4.1210 -3.1905 0.0000
-4.7186 -3.9434 0.0000
-0.1590 4.4937 0.0000
-0.3022 4.2677 0.0000
-2.5338 -3.8943 0.0000
-2.8774 -3.4990 0.0000
-0.5478 3.7626 0.0000
-0.8205 3.7186 0.0000
3.4297 -4.3010 0.0000
1.9995 3.5596 0.0000
1.7225 3.4939 0.0000
1.6426 3.2117 0.0000
1.3685 3.1500 0.0000
-3.3697 -1.1281 0.0000
-3.6581 -1.0411 0.0000
0.6628 -3.8204 0.0000
-3.1259 0.9964 0.0000
-3.3421 0.8295 0.0000
-3.5575 0.6639 0.0000
-2.3410 -1.0028 0.0000
-4.3794 -4.5124 0.0000
-1.5507 -3.5012 0.0000
-1.8330 -3.4652 0.0000
3.3594 -1.4106 0.0000
3.1570 -1.5641 0.0000
4.1906 -4.7374 0.0000
4.3897 1.4239 0.0000
-2.4939 2.7890 0.0000
-2.3822 2.5530 0.0000
-2.6483 2.5805 0.0000
-1.4216 4.2312 0.0000
-1.5394 3.9617 0.0000
1.3221 -2.0113 0.0000
-3.4417 4.2528 0.0000
-3.6925 4.2627 0.0000
-4.2245 -0.7349 0.0000
-4.4861 -0.8720 0.0000
-4.4589 -1.1302 0.0000
-4.7460 -0.9852 0.0000
-4.7173 -1.2090 0.0000
4.4854 -3.1575 0.0000
4.7384 -1.4281 0.0000
2.4898 3.4323 0.0000
0.7723 -3.2878 0.0000
2.9595 3.0864 0.0000
1.5370 0.0113 0.0017
1.4314 0.2753 0.0038
1.2871 0.0015 0.0133
0.3196 -2.1921 0.0000
0.1763 -2.4321 0.0000
0.0084 -2.6423 0.0000
1.6697 4.2581 0.0000
1.5664 3.9827 0.0000
-2.7928 1.6569 0.0000
-2.9212 -0.4587 0.0000
-3.2414 -0.5970 0.0000
0.0964 -3.6199 0.0000
-1.6073 1.2682 0.0000
-1.8260 1.1242 0.0000
-3.4925 -0.5900 0.0000
-3.7329 -0.4536 0.0000
-3.9740 -0.5991 0.0000
1.5237 -4.4978 0.0000
1.3816 -4.7542 0.0000
0.7333 -0.6310 0.1017
0.6739 -0.5724 0.1386
0.6700 -0.6761 0.1103
0.8390 -0.6869 0.0597
0.7194 -0.7629 0.0741
0.5973 -0.7335 0.1150
0.6007 -0.8358 0.0834
0.5430 -0.9634 0.0603
1.3744 -0.7511 0.0022
1.1777 -0.9221 0.0049
0.9339 -0.8363 0.0244
0.9373 -1.0687 0.0099
2.1292 -4.7181 0.0000
3.4609 0.2097 0.0000
3.2592 0.3866 0.0000
2.9772 0.4212 0.0000
2.2540 2.3810 0.0000
2.3895 2.1335 0.0000
2.2267 1.9133 0.0000
-0.0345 -4.5572 0.0000
-0.1687 -4.7754 0.0000
1.5015 -4.0066 0.0000
1.3657 -4.2557 0.0000
0.2920 -4.1851 0.0000
-2.5006 -4.4835 0.0000
3.7617 3.4272 0.0000
3.3542 -3.2221 0.0000
1.4776 4.4810 0.0000
1.3786 4.2148 0.0000
1.2778 3.9344 0.0000
2.3665 -2.7646 0.0000
2.3025 -3.0191 0.0000
2.0777 -2.7962 0.0000
0.7476 0.7749 0.0600
0.6732 0.6907 0.0962
0.5969 0.6386 0.1351
0.5104 0.6901 0.1438
0.5159 0.5898 0.1829
0.5261 0.4927 0.2198
0.4376 0.5341 0.2404
0.4273 0.6361 0.1939
0.3578 0.5765 0.2493
0.3466 0.4829 0.3072
0.4411 0.4402 0.2857
0.3584 0.3951 0.3513
-4.5012 4.7856 0.0000
-4.4818 4.5335 0.0000
-4.7547 4.6887 0.0000
-4.7416 4.4047 0.0000
-2.3215 2.9473 0.0000
-2.9333 -3.2089 0.0000
-3.8258 1.7631 0.0000
-3.9065 -4.7484 0.0000
2.8454 -4.4799 0.0000
2.5704 -4.5075 0.0000
0.8069 1.7492 0.0003
-1.0410 3.1813 0.0000
-1.1753 2.9300 0.0000
-1.3204 2.6665 0.0000
-1.5249 2.0764 0.0000
-3.0975 -3.6901 0.0000
-3.2934 -3.8813 0.0000
-3.9448 4.2661 0.0000
-4.1981 4.1433 0.0000
-0.8026 0.3730 0.1351
-0.9129 0.3898 0.0864
-0.8466 0.2881 0.1280
-0.9569 0.2572 0.0843
-1.1082 0.1296 0.0433
4.5174 0.9183 0.0000
4.3227 0.7087 0.0000
4.1975 0.4103 0.0000
3.3153 0.8576 0.0000
3.1485 0.6461 0.0000
3.5685 -1.9020 0.0000
-2.4454 2.3167 0.0000
-2.6275 2.1238 0.0000
2.0097 -3.0624 0.0000
1.7246 -3.1149 0.0000
2.7675 -2.5280 0.0000
2.6413 -2.7719 0.0000
-1.6243 2.6269 0.0000
-1.8963 2.4633 0.0000
3.6668 -1.3705 0.0000
-3.4347 2.0945 0.0000
-3.7333 2.1513 0.0000
3.9202 -3.0222 0.0000
-2.6442 4.7647 0.0000
-2.9558 4.7187 0.0000
-0.5920 2.1016 0.0001
-0.7075 1.7805 0.0005
-0.7971 1.9929 0.0001
-0.9803 1.6895 0.0003
-1.0551 -4.2091 0.0000
-1.1822 -4.4733 0.0000
-0.5843 4.2469 0.0000
-0.8654 4.2360 0.0000
-2.1120 -1.1442 0.0000
-1.8237 -1.2166 0.0000
-1.9949 -1.3946 0.0000
-4.4290 -4.0358 0.0000
0.2776 2.8945 0.0000
-2.0611 0.1992 0.0000
0.3843 -3.7010 0.0000
1.7719 3.7632 0.0000
1.4624 3.4357 0.0000
1.2211 3.3983 0.0000
4.0291 0.1039 0.0000
-4.5114 -4.7514 0.0000
-3.1644 0.2992 0.0000
-3.4212 -0.0880 0.0000
-3.7024 -0.1653 0.0000
3.4931 -2.3641 0.0000
3.5349 -2.6620 0.0000
3.4342 -2.9412 0.0000
0.3129 4.2816 0.0000
-4.7678 -2.0458 0.0000
-4.0882 -4.0866 0.0000
-4.2432 -4.2652 0.0000
-4.5283 -4.2768 0.0000
4.4999 2.2009 0.0000
-0.6485 -3.9341 0.0000
-0.9855 -3.7258 0.0000
-0.9086 -3.9727 0.0000
3.6744 -2.1821 0.0000
1.9341 1.9348 0.0000
0.5935 1.5204 0.0030
-0.2490 2.8584 0.0000
-0.4126 2.6892 0.0000
-0.2254 2.4915 0.0000
-0.5153 2.4410 0.0000
-0.6993 2.3028 0.0000
-3.4537 3.9999 0.0000
-3.7068 4.0156 0.0000
-3.9436 4.0074 0.0000
-3.9154 3.7495 0.0000
-0.6907 -1.8874 0.0002
2.6302 1.6081 0.0000
-2.9653 -4.2672 0.0000
-1.6978 4.7662 0.0000
2.1584 -0.6792 0.0000
1.9557 -0.8810 0.0000
3.7547 -0.7829 0.0000
3.7369 -1.0739 0.0000
4.7569 4.0527 0.0000
4.7475 3.8160 0.0000
-4.7627 2.0228 0.0000
-2.3691 -0.7190 0.0000
-2.5862 -0.8922 0.0000
-4.0153 0.5585 0.0000
-4.2224 0.3798 0.0000
-4.4635 0.2970 0.0000
4.7547 3.5448 0.0000
4.7572 3.2549 0.0000
4.5077 3.3846 0.0000
0.9351 1.1680 0.0063
0.8426 0.9328 0.0251
0.6734 1.0127 0.0322
0.6275 0.8422 0.0688
0.5939 0.7345 0.1051
0.4238 0.8327 0.1110
0.5012 0.9160 0.0718
0.5110 0.7909 0.1071
0.4266 0.7394 0.1471
0.3525 0.6886 0.1907
0.2954 0.6286 0.2397
4.7594 -0.9554 0.0000
4.7553 -1.1653 0.0000
2.0047 -0.1981 0.0000
1.7530 -0.3273 0.0001
-1.0381 1.1080 0.0054
3.6225 0.3957 0.0000
-0.7913 1.2385 0.0084
-0.8038 0.9962 0.0231
-0.9882 0.8148 0.0206
0.5492 3.0681 0.0000
2.8342 -0.3068 0.0000
2.9151 -0.5720 0.0000
2.6179 -0.4982 0.0000
2.6295 -2.2655 0.0000
0.1545 -4.7485 0.0000
2.2982 2.8710 0.0000
2.0026 2.8228 0.0000
2.1421 -4.0552 0.0000
1.7953 -3.9781 0.0000
1.9483 -4.2079 0.0000
0.7810 -4.7626 0.0000
4.1928 1.2970 0.0000
4.2762 2.6709 0.0000
4.0527 2.5313 0.0000
0.6601 4.4365 0.0000
0.0172 3.8785 0.0000
-0.2475 3.7750 0.0000
1.4086 1.3291 0.0002
0.0910 -1.4525 0.0092
3.7463 4.0093 0.0000
3.5691 3.8542 0.0000
3.2911 1.3477 0.0000
0.3027 -2.6930 0.0000
-0.1864 -2.8205 0.0000
4.3660 -4.2162 0.0000
4.2468 -4.4711 0.0000
-4.7127 -4.5079 0.0000
3.8885 -4.7594 0.0000
3.5803 -4.7766 0.0000
4.2775 -3.3684 0.0000
4.1795 -3.9770 0.0000
4.0533 -4.2298 0.0000
-1.2531 -1.1209 0.0017
-1.5727 -0.7714 0.0005
-1.5294 -1.0622 0.0003
0.0095 4.2611 0.0000
-0.1489 4.0571 0.0000
1.3402 -3.7789 0.0000
-0.7230 -2.9019 0.0000
-0.6039 -3.1457 0.0000
-0.8944 -3.1651 0.0000
-1.0025 -2.8940 0.0000
-1.1898 -3.0806 0.0000
0.4869 1.1023 0.0351
2.9235 1.5713 0.0000
2.7296 1.3432 0.0000
-3.6347 3.7525 0.0000
-3.7782 3.4887 0.0000
-4.0496 3.5235 0.0000
3.9521 -2.2752 0.0000
1.5689 2.0827 0.0000
1.2627 2.0463 0.0000
0.8714 1.4728 0.0016
0.6846 1.2498 0.0105
-4.1749 -3.3071 0.0000
-4.2676 -3.5471 0.0000
-4.4848 -3.7552 0.0000
-3.3424 3.7220 0.0000
-0.0725 4.7505 0.0000
-0.3269 4.7522 0.0000
4.0588 -3.5157 0.0000
3.9776 -3.7853 0.0000
-2.6439 1.0896 0.0000
-2.8472 0.8920 0.0000
-3.8860 2.7180 0.0000
-4.1082 2.5094 0.0000
-4.0117 2.2540 0.0000
-1.7702 1.9824 0.0000
1.1863 0.4224 0.0183
4.7625 -2.3641 0.0000
4.4886 -2.5126 0.0000
1.8194 -4.4910 0.0000
1.9141 -4.7460 0.0000
1.6618 -4.7484 0.0000
0.0630 -0.7189 0.2382
-0.0327 -0.7785 0.2022
-0.1037 -0.8637 0.1522
-0.1398 -0.7764 0.1961
-0.2090 -0.8595 0.1444
-0.2586 -0.9579 0.0977
-0.3139 -0.8989 0.1136
-0.3964 -0.9230 0.0931
-0.4768 -0.8605 0.1005
-0.5481 -0.9883 0.0546
2.4915 -1.0122 0.0000
2.3484 -1.2487 0.0000
3.7143 3.1736 0.0000
3.7297 2.9006 0.0000
-2.3535 3.4403 0.0000
0.9377 -0.0385 0.0966
0.8487 -0.0489 0.1382
0.8596 -0.1363 0.1294
0.7948 -0.2157 0.1562
0.8305 -0.3106 0.1264
0.7340 -0.2892 0.1787
0.7536 -0.3892 0.1494
0.6610 -0.3580 0.2043
0.6783 -0.4541 0.1699
0.5866 -0.4201 0.2267
0.6016 -0.5206 0.1850
0.5079 -0.4871 0.2417
0.5962 -0.6275 0.1506
0.5131 -0.5841 0.1987
0.4226 -0.5437 0.2548
0.5139 -0.6881 0.1563
0.4296 -0.6409 0.2045
0.4283 -0.7409 0.1594
0.3462 -0.6272 0.2395
0.2533 -0.6880 0.2306
0.3438 -0.7089 0.1970
0.3122 -0.7831 0.1672
0.1598 -0.8475 0.1578
-3.2290 3.0650 0.0000
-3.4114 2.8634 0.0000
-3.6813 2.9420 0.0000
-3.6024 2.6518 0.0000
-0.8801 -0.0277 0.1303
-0.9339 -0.0938 0.1031
-1.0595 -0.0851 0.0575
-1.1582 -0.2795 0.0292
1.4765 -2.2414 0.0000
1.3422 -2.4826 0.0000
-1.7373 -3.7345 0.0000
3.2228 3.1778 0.0000
-0.3683 -1.0528 0.0586
-0.5416 -1.1935 0.0226
-0.4704 -1.4445 0.0067
1.6622 -4.2434 0.0000
3.7541 -2.4786 0.0000
3.7228 -2.8443 0.0000
3.9384 4.2287 0.0000
3.7371 4.4820 0.0000
3.6294 4.2264 0.0000
4.5142 2.8085 0.0000
4.5148 2.5055 0.0000
3.2292 0.1162 0.0000
3.0524 -0.1225 0.0000
3.1300 -0.3883 0.0000
1.8174 2.1652 0.0000
-0.1909 -4.0385 0.0000
-0.4444 -4.1505 0.0000
0.3775 0.9732 0.0730
0.3536 0.8764 0.1075
0.2735 0.8650 0.1241
0.1245 0.8021 0.1720
0.2206 0.7918 0.1656
0.1591 0.7122 0.2190
0.3285 0.7822 0.1509
0.2567 0.7093 0.2031
0.2032 0.6226 0.2671
0.1122 0.6185 0.2861
0.0575 0.5425 0.3462
0.0414 0.7890 0.1848
-0.0249 0.7148 0.2301
0.0702 0.7042 0.2338
0.0113 0.6254 0.2894
-0.0503 0.5481 0.3439
-3.9665 1.9874 0.0000
-4.2491 1.9451 0.0000
-3.9213 1.0091 0.0000
-4.0490 1.2356 0.0000
-4.2552 1.0939 0.0000
-0.2065 -3.5619 0.0000
-0.2719 -3.3062 0.0000
-0.4935 -3.3860 0.0000
-0.4588 -3.6218 0.0000
-0.7090 -3.6838 0.0000
4.5058 3.0979 0.0000
4.2503 2.9558 0.0000
-1.6617 -1.8135 0.0000
-1.9257 -1.8597 0.0000
3.8756 -3.3111 0.0000
2.0948 2.1686 0.0000
0.0367 0.9766 0.0975
0.0081 0.8725 0.1423
-0.0550 0.9322 0.1154
-0.0532 0.8091 0.1745
-0.1510 0.9598 0.1012
-0.2080 0.8902 0.1257
-0.1115 0.8662 0.1433
-0.1117 0.7441 0.2085
-0.0866 0.6424 0.2750
-0.1693 0.8012 0.1717
-0.2639 0.8237 0.1496
-0.3310 0.7599 0.1690
-0.1656 0.6817 0.2409
-0.2090 0.6154 0.2758
-0.1375 0.5698 0.3193
-0.2444 0.5410 0.3156
-0.2283 0.7367 0.1992
-0.3764 0.6688 0.2036
-0.2786 0.6704 0.2272
-0.3148 0.5939 0.2622
-0.4068 0.5768 0.2412
2.2154 3.3504 0.0000
2.1272 3.0852 0.0000
-1.7251 -4.4964 0.0000
4.3873 -2.0479 0.0000
4.2656 -2.3177 0.0000
3.0338 -2.5428 0.0000
2.9124 -2.8123 0.0000
2.8269 -3.0854 0.0000
2.7155 3.2618 0.0000
2.4351 3.1309 0.0000
-0.0447 3.5794 0.0000
-0.2399 3.3923 0.0000
-1.2282 1.6838 0.0001
-1.3031 1.4870 0.0002
-1.3119 1.2279 0.0006
-1.5164 1.0232 0.0003
-0.2457 3.1138 0.0000
-0.5408 2.9628 0.0000
-0.6927 2.6868 0.0000
2.6775 -4.7464 0.0000
0.1216 -4.3767 0.0000
0.4929 3.3629 0.0000
-1.7464 -3.9760 0.0000
-1.9823 -3.9956 0.0000
2.4408 1.3869 0.0000
2.2522 1.1710 0.0000
2.0622 0.9587 0.0000
4.5650 -3.7263 0.0000
4.4755 -3.9722 0.0000
-2.2864 -1.4020 0.0000
-2.4597 -1.2061 0.0000
-2.5917 -1.4337 0.0000
-2.7049 -1.6572 0.0000
0.3165 -4.5269 0.0000
3.8935 4.7555 0.0000
4.0170 4.5155 0.0000
-2.6677 2.9431 0.0000
-2.8405 2.7217 0.0000
1.0712 -4.2607 0.0000
0.7955 -4.2874 0.0000
1.2298 -4.5081 0.0000
0.9392 -4.5231 0.0000
4.2856 2.0473 0.0000
4.1537 1.8566 0.0000
1.1775 -3.2553 0.0000
-0.7506 -1.3433 0.0059
-0.6631 -1.6293 0.0013
4.7397 -0.7151 0.0000
4.5014 -0.9104 0.0000
-1.6942 4.2167 0.0000
-0.4741 -4.7529 0.0000
-0.6698 -4.5641 0.0000
-0.7776 -4.7767 0.0000
2.4853 -2.5143 0.0000
0.9300 -2.7922 0.0000
0.6987 -3.0029 0.0000
-1.3353 3.1772 0.0000
-1.4713 2.9106 0.0000
-3.9866 4.5097 0.0000
3.0106 1.3034 0.0000
2.8349 1.0728 0.0000
3.1126 2.3283 0.0000
2.9502 2.0811 0.0000
2.8051 1.8364 0.0000
3.9971 -0.9288 0.0000
3.9847 -1.2224 0.0000
1.9686 4.7672 0.0000
-3.5894 -4.7465 0.0000
0.7851 0.4450 0.1165
0.6997 0.4040 0.1644
0.7000 0.3046 0.1887
0.6150 0.3512 0.2251
0.5293 0.2975 0.2955
0.6160 0.2534 0.2523
0.4376 0.2442 0.3749
0.5300 0.2024 0.3242
0.5247 0.1011 0.3491
0.4496 0.1552 0.3941
0.3705 0.1400 0.4536
0.2710 0.1481 0.5129
0.2409 0.0333 0.5536
0.1917 -0.0575 0.5776
0.4314 0.0558 0.4254
0.3184 0.0671 0.5034
0.3575 -0.0094 0.4828
0.2804 -0.0406 0.5323
0.3709 -0.0961 0.4666
0.2889 -0.1189 0.5161
-3.9528 -0.0199 0.0000
-4.2295 -0.1599 0.0000
-3.9734 -0.3042 0.0000
-4.2290 -0.4469 0.0000
-4.4845 -0.5857 0.0000
-2.2456 -2.9061 0.0000
-2.4592 -3.1041 0.0000
-2.6644 -3.3064 0.0000
3.4660 -1.1439 0.0000
3.1923 -1.2119 0.0000
-4.1221 -1.9652 0.0000
-4.0648 -2.2478 0.0000
-4.2203 0.1117 0.0000
-4.4967 0.0071 0.0000
-4.7467 -0.1665 0.0000
-4.4870 -0.2944 0.0000
-4.7457 -0.4497 0.0000
4.0778 1.5207 0.0000
3.8661 1.3799 0.0000
-0.9858 3.9704 0.0000
-1.0976 3.7028 0.0000
-0.9253 3.4474 0.0000
-1.2103 3.4375 0.0000
4.1665 0.9251 0.0000
4.0440 0.6508 0.0000
3.9295 0.3751 0.0000
-2.6675 0.3220 0.0000
-2.9027 0.1576 0.0000
-2.5367 0.0795 0.0000
-2.7435 -0.0271 0.0000
-2.9451 -0.1790 0.0000
2.5016 -1.5037 0.0000
-1.3425 -4.2262 0.0000
-1.4667 -4.4882 0.0000
-1.3092 -4.7390 0.0000
-1.5540 -4.7566 0.0000
-1.9686 4.1943 0.0000
-2.1303 3.9707 0.0000
-2.2340 3.7056 0.0000
-1.5179 1.7694 0.0000
-1.7706 1.7406 0.0000
-0.6884 -0.4836 0.1598
-0.7780 -0.5485 0.1064
-1.0546 -0.7117 0.0224
0.9616 -3.0914 0.0000
3.1848 4.5072 0.0000
2.9357 4.4033 0.0000
3.2215 -2.7619 0.0000
3.1323 -3.0187 0.0000
3.0464 -3.2774 0.0000
4.4803 -4.7277 0.0000
-2.1712 1.1683 0.0000
-2.3646 1.0031 0.0000
-4.7546 2.3277 0.0000
3.4313 -4.5395 0.0000
3.2674 -4.7491 0.0000
-4.0642 -4.4825 0.0000
-4.2085 -4.7477 0.0000
-3.2834 -4.7495 0.0000
3.3088 3.7517 0.0000
3.2564 3.4676 0.0000
-4.7616 -2.9197 0.0000
2.6488 -1.7693 0.0000
2.3564 -1.7543 0.0000
-2.6881 3.9497 0.0000
-2.6621 4.2339 0.0000
-3.4419 -4.0834 0.0000
-3.7320 -4.0340 0.0000
-3.8985 -4.2532 0.0000
-0.6429 -2.5862 0.0000
2.6793 -1.2684 0.0000
2.7950 -1.5405 0.0000
-1.6627 0.5784 0.0003
-1.8694 0.3939 0.0000
-1.1243 -2.5582 0.0000
-1.2436 -2.7854 0.0000
-1.3706 -2.4727 0.0000
-1.4975 -2.7015 0.0000
-1.4597 -2.9959 0.0000
-0.7452 -3.4112 0.0000
-0.9521 -3.4996 0.0000
-1.1051 -3.3463 0.0000
-1.2494 -3.5924 0.0000
-1.4662 -3.7648 0.0000
-1.4945 -4.0069 0.0000
-4.7198 4.1319 0.0000
-4.5196 3.7360 0.0000
-4.7533 3.8741 0.0000
-4.7658 3.5849 0.0000
-4.5248 3.4499 0.0000
-4.7624 3.2854 0.0000
-4.7561 2.9852 0.0000
3.3738 1.8651 0.0000
3.0983 1.8244 0.0000
2.2582 -0.1211 0.0000
2.3329 -0.4248 0.0000
2.0690 -0.4173 0.0000
0.0130 0.3887 0.4612
-0.0724 0.3616 0.4766
-0.0835 0.2661 0.5350
-0.0925 0.1614 0.5836
-0.1744 0.1146 0.5759
-0.0023 0.4696 0.4029
-0.0867 0.4573 0.4072
-0.1660 0.4013 0.4315
-0.1663 0.3105 0.4899
-0.2539 0.2648 0.4819
-0.1700 0.2145 0.5404
-0.2553 0.1695 0.5228
-0.2619 0.0732 0.5451
-0.3413 0.1300 0.4857
-0.3509 0.0373 0.4956
-0.4406 -0.0002 0.4335
1.6130 0.7732 0.0003
-3.5062 -2.7197 0.0000
-3.7693 -2.6258 0.0000
-3.9985 -2.8194 0.0000
-4.2366 -3.0016 0.0000
-4.4342 -3.2388 0.0000
-2.9333 4.1030 0.0000
-2.9913 3.8156 0.0000
-0.3415 -0.3214 0.4179
-0.4131 -0.3777 0.3498
-0.5822 -0.4720 0.2155
-0.6091 -0.5540 0.1722
-0.6969 -0.5815 0.1279
-0.7525 -0.6702 0.0871
-0.8763 -0.6312 0.0617
-0.3641 -0.4892 0.3145
-0.4356 -0.4571 0.2978
-0.4989 -0.4895 0.2502
-0.5147 -0.5663 0.2080
-0.5688 -0.6372 0.1573
-0.6467 -0.6562 0.1235
-0.4236 -0.5642 0.2475
-0.4765 -0.6633 0.1790
-0.5663 -0.7240 0.1262
-0.6710 -0.7566 0.0880
-0.5925 -0.8390 0.0838
-0.7694 -1.0636 0.0216
-0.8209 -0.8273 0.0437
-1.0245 -0.9610 0.0115
1.9448 -3.3337 0.0000
1.6719 -3.3815 0.0000
4.7008 -4.2075 0.0000
4.5146 -4.4640 0.0000
0.2590 0.9575 0.0908
0.1836 0.8838 0.1269
0.1520 0.9893 0.0883
0.0934 0.8904 0.1309
-2.1579 0.4805 0.0000
-2.4579 0.5411 0.0000
-0.1400 -2.4460 0.0000
-0.4960 -2.3689 0.0000
-0.3383 -2.5854 0.0000
-0.4779 -2.8267 0.0000
0.5141 1.7792 0.0006
0.2887 1.5638 0.0039
4.7658 4.7735 0.0000
-3.4011 1.1229 0.0000
-3.6229 0.9675 0.0000
-3.8257 0.7498 0.0000
-0.4239 4.0095 0.0000
-0.7101 3.9911 0.0000
-1.2150 -1.6817 0.0001
-1.1758 -1.9799 0.0000
-1.4250 -2.1447 0.0000
-2.6769 -0.2977 0.0000
-2.6589 -0.5926 0.0000
-2.8211 -0.7982 0.0000
-0.8576 2.4896 0.0000
-0.9505 2.2152 0.0000
-1.0398 1.9414 0.0000
-1.2937 1.9070 0.0000
4.1602 -1.5472 0.0000
3.9265 -1.4702 0.0000
-4.7771 -2.3513 0.0000
-2.7830 3.6790 0.0000
-3.1295 3.5966 0.0000
-3.0415 3.2555 0.0000
-3.2645 3.3764 0.0000
-4.2108 4.7241 0.0000
-1.2404 0.9339 0.0034
-1.4554 0.7515 0.0013
-0.9998 0.5588 0.0408
-1.1966 0.6598 0.0105
-1.1206 0.3710 0.0309
-1.3692 0.4755 0.0049
-1.5891 0.2986 0.0010
3.1841 2.8884 0.0000
3.2348 2.6512 0.0000
4.5463 -1.8522 0.0000
0.0448 -4.1103 0.0000
-0.1870 -4.3081 0.0000
2.2085 4.7108 0.0000
1.1865 -1.1877 0.0015
1.1715 -1.4536 0.0004
0.8959 -1.3264 0.0035
0.7276 -1.5494 0.0018
-3.3897 -3.5996 0.0000
-3.7635 -3.6865 0.0000
4.5409 1.2434 0.0000
4.3410 1.0933 0.0000
4.1994 4.7553 0.0000
4.2162 4.3369 0.0000
3.3419 2.4120 0.0000
3.2202 2.0945 0.0000
3.2623 -3.4783 0.0000
3.1503 -3.7257 0.0000
2.9942 -3.9063 0.0000
-1.0093 4.4907 0.0000
-1.2950 4.4903 0.0000
4.0081 1.1471 0.0000
3.7255 1.1260 0.0000
-2.4377 1.2842 0.0000
3.9864 3.9199 0.0000
1.4803 -3.0405 0.0000
1.4212 -3.2770 0.0000
0.1846 4.0587 0.0000
4.7389 4.2723 0.0000
-3.9576 -1.7423 0.0000
-2.3527 0.2780 0.0000
-3.3628 1.7961 0.0000
4.7551 0.4454 0.0000
4.7663 0.1514 0.0000
4.5117 0.2393 0.0000
4.5401 -0.0167 0.0000
2.5443 1.1195 0.0000
2.4303 4.7459 0.0000
2.4641 4.4996 0.0000
3.4486 1.1074 0.0000
3.1674 1.0969 0.0000
-4.2282 4.4187 0.0000
-4.4690 4.2566 0.0000
1.1979 -4.0161 0.0000
0.8945 -3.9995 0.0000
0.5117 2.8025 0.0000
-4.2104 -1.5752 0.0000
4.2737 -3.0022 0.0000
1.2323 -2.7240 0.0000
1.2197 -2.9832 0.0000
4.5055 -1.2153 0.0000
4.2470 -1.3242 0.0000
4.7596 -0.1601 0.0000
3.9351 2.0010 0.0000
3.9326 1.7225 0.0000
-4.2836 -1.8151 0.0000
-4.5085 -1.9373 0.0000
2.7091 -0.7603 0.0000
2.7296 -0.9943 0.0000
1.9333 -2.0298 0.0000
1.5122 -1.8545 0.0000
2.1487 1.4408 0.0000
-4.4445 3.9749 0.0000
1.7192 4.5241 0.0000
4.0836 -2.5093 0.0000
2.3386 1.6511 0.0000
3.7590 0.6261 0.0000
3.4486 0.5953 0.0000
1.4100 0.5670 0.0029
1.5833 2.9146 0.0000
1.4945 2.6309 0.0000
4.0256 3.6354 0.0000
1.8632 -0.5933 0.0000
1.6580 -0.8069 0.0001
0.4150 1.3180 0.0141
0.2739 1.1157 0.0468
0.1608 1.3165 0.0191
0.0778 1.1227 0.0524
-0.0697 1.0541 0.0715
-4.2051 -1.0104 0.0000
-4.2014 -1.2893 0.0000
-4.4655 -1.3932 0.0000
-4.7457 -1.4678 0.0000
-4.5044 -1.6507 0.0000
-4.7569 -1.7548 0.0000
-3.8627 -2.0393 0.0000
-3.4185 -3.3015 0.0000
-3.4633 -3.0102 0.0000
-3.7314 -2.9134 0.0000
-3.6886 -3.1979 0.0000
-3.6433 -3.4814 0.0000
4.7479 2.0392 0.0000
4.4981 1.8788 0.0000
2.9905 3.3644 0.0000
-1.2884 -0.8346 0.0039
-4.4216 1.3256 0.0000
-4.7367 1.3734 0.0000
4.7640 -3.9106 0.0000
0.2088 3.7319 0.0000
0.6858 -0.0906 0.2349
0.6051 -0.1202 0.2892
0.7725 -0.1230 0.1774
0.6985 -0.1876 0.2161
0.6047 -0.1939 0.2778
0.6421 -0.2663 0.2377
0.5693 -0.3138 0.2714
0.5247 -0.2129 0.3303
0.4819 -0.3005 0.3323
0.4976 -0.3916 0.2872
0.4146 -0.4493 0.3062
0.3289 -0.4608 0.3411
0.4085 -0.3531 0.3562
0.3399 -0.2830 0.4290
0.2495 -0.3205 0.4579
0.3271 -0.3763 0.3896
0.2412 -0.4128 0.4072
0.1675 -0.4598 0.4006
0.3368 -0.5432 0.2901
0.2402 -0.5125 0.3436
0.2599 -0.6065 0.2778
0.1757 -0.5836 0.3136
0.1611 -0.6721 0.2580
0.4202 4.5151 0.0000
4.2165 -0.4364 0.0000
3.9893 -0.6369 0.0000
3.9033 -2.6783 0.0000
4.0135 -1.7698 0.0000
3.7594 -1.6804 0.0000
-2.0375 0.9511 0.0000
-1.9515 0.6756 0.0000
-2.1783 -0.2815 0.0000
-1.9041 -0.3875 0.0000
-2.1303 -0.5647 0.0000
1.3914 2.3310 0.0000
-4.2605 -2.7128 0.0000
-4.4986 -2.7308 0.0000
-4.5003 -2.9676 0.0000
-4.7450 -0.7276 0.0000
-1.9078 2.7092 0.0000
-2.1735 2.7181 0.0000
1.7834 2.6815 0.0000
3.8825 0.8868 0.0000
3.5970 0.8584 0.0000
1.7076 -1.3030 0.0000
1.6155 -1.5740 0.0000
1.4305 -1.3522 0.0001
1.3373 -1.6551 0.0000
1.1188 4.7559 0.0000
0.9294 4.6430 0.0000
-1.4282 -1.8780 0.0000
0.5073 -0.7930 0.1187
0.4546 -0.8688 0.1032
0.3906 -0.9617 0.0822
0.4278 -1.1374 0.0360
0.3896 -0.8160 0.1364
0.3401 -0.8850 0.1170
0.2759 -1.0351 0.0712
0.2516 -0.8504 0.1453
0.2693 -0.9377 0.1056
0.1868 -0.9314 0.1165
0.1446 -1.0148 0.0870
0.0332 -1.0781 0.0698
0.1756 -1.1907 0.0377
-0.0635 -1.2423 0.0317
-2.9146 -1.0169 0.0000
-3.8764 1.4760 0.0000
-4.1956 1.4469 0.0000
4.7617 -4.5027 0.0000
4.7461 -4.7597 0.0000
0.3968 3.9348 0.0000
-1.5311 1.5168 0.0000
-3.3393 1.4904 0.0000
-3.5416 1.3288 0.0000
-3.0601 -3.9984 0.0000
-3.2515 -4.2378 0.0000
0.3943 -1.9376 0.0003
0.1145 -1.9533 0.0003
0.0071 -2.2103 0.0000
-1.7917 1.4743 0.0000
-1.9751 1.3220 0.0000
-0.4955 0.8635 0.0952
-0.5129 0.7578 0.1289
-0.6210 0.8934 0.0632
-0.5980 0.7775 0.1005
-0.6780 0.7244 0.0949
-0.7000 0.6357 0.1132
-0.4287 0.7461 0.1542
-0.4784 0.6553 0.1800
-0.5897 0.6733 0.1378
-0.5502 0.5952 0.1803
-0.4844 0.5388 0.2297
-0.6389 0.5633 0.1578
-0.5680 0.5014 0.2093
-0.6165 0.4412 0.2079
-0.6794 0.4807 0.1662
-0.7465 0.5462 0.1206
-0.6971 0.3841 0.1840
-0.8296 0.6440 0.0705
-0.7664 0.4493 0.1357
-0.8462 0.4942 0.0942
3.3906 4.0405 0.0000
3.1013 3.9338 0.0000
3.9062 -0.3851 0.0000
3.6814 -0.5482 0.0000
3.4430 -0.6134 0.0000
-0.8481 4.7485 0.0000
-0.3948 -3.8527 0.0000
2.2086 -2.0167 0.0000
-0.5378 -0.0350 0.3588
-0.6144 -0.0848 0.2975
-0.6657 -0.1428 0.2541
-0.8127 -0.0885 0.1646
-0.7577 -0.1569 0.1918
-0.8171 -0.2173 0.1505
-0.8700 -0.1553 0.1295
-0.9669 -0.2137 0.0832
1.1497 -1.8283 0.0000
0.9833 -2.0314 0.0000
0.9991 -1.6147 0.0004
0.5660 -1.7661 0.0007
0.2747 3.1647 0.0000
-3.6065 1.5941 0.0000
-3.7502 1.2271 0.0000
-3.4329 -0.8509 0.0000
-1.1397 2.4397 0.0000
-1.2380 2.1721 0.0000
4.2672 0.1638 0.0000
4.3061 -0.0867 0.0000
4.0993 -0.1770 0.0000
3.8273 -0.1096 0.0000
0.2559 0.4605 0.3575
0.1991 0.3341 0.4584
0.2778 0.3846 0.3956
0.2875 0.3008 0.4383
0.2292 0.2325 0.5008
0.2621 0.5443 0.3015
0.1638 0.5264 0.3409
0.1784 0.4260 0.4063
0.0908 0.4548 0.4061
0.1033 0.3597 0.4701
0.0212 0.2949 0.5229
0.1272 0.2700 0.5193
0.0659 0.1977 0.5698
0.1598 0.1818 0.5518
0.1975 0.1058 0.5621
-0.0177 0.2090 0.5707
-0.0042 0.1148 0.6073
0.0980 0.1085 0.5959
0.0393 0.0376 0.6205
-0.0290 -0.0033 0.6253
-0.0884 0.0639 0.6116
-1.5177 0.0077 0.0024
-1.6942 -0.1975 0.0004
-3.7528 3.2307 0.0000
-3.9574 2.9963 0.0000
-4.0196 3.2581 0.0000
-4.2791 3.3344 0.0000
-4.5132 3.1565 0.0000
-4.2537 3.0423 0.0000
-1.2688 -0.0544 0.0166
-1.4088 -0.2908 0.0052
0.2409 1.8299 0.0006
0.0256 1.7584 0.0013
-0.0019 1.5039 0.0067
-0.2727 1.4287 0.0092
-0.3551 1.1869 0.0307
0.4003 -3.9737 0.0000
-3.1218 -2.0332 0.0000
-3.3354 -2.2275 0.0000
-3.5989 -2.1333 0.0000
4.7526 -3.2806 0.0000
1.0463 -3.7677 0.0000
3.6481 -3.1248 0.0000
2.9807 -3.5401 0.0000
2.7812 -3.6866 0.0000
2.5416 -3.7826 0.0000
-3.1579 -0.9073 0.0000
-4.7816 -4.7769 0.0000
-0.8719 -0.2834 0.1154
-2.7133 1.3749 0.0000
-2.9879 1.4650 0.0000
-1.6759 2.3053 0.0000
-1.9212 2.1960 0.0000
-2.1809 2.2245 0.0000
4.7794 -3.5850 0.0000
-4.1266 0.8468 0.0000
-4.2868 0.6216 0.0000
2.5488 3.7239 0.0000
4.7587 2.6535 0.0000
-1.1293 4.7487 0.0000
-1.4168 4.7478 0.0000
-2.7702 3.2063 0.0000
-2.9495 2.9875 0.0000
-2.6273 3.4354 0.0000
-2.9177 3.4680 0.0000
1.9522 4.5353 0.0000
1.6924 4.7599 0.0000
-3.4955 0.3838 0.0000
-3.3791 0.1689 0.0000
-3.6761 0.1347 0.0000
1.3364 0.8458 0.0023
0.9237 0.7094 0.0372
0.9621 0.5170 0.0503
1.1479 0.6579 0.0139
0.9890 0.3363 0.0606
1.1578 0.1981 0.0287
0.9668 0.1946 0.0781
-4.5174 -3.4696 0.0000
-0.8964 -4.4658 0.0000
-1.0357 -4.7278 0.0000
-2.8417 -1.3273 0.0000
-2.9498 -1.5492 0.0000
-2.9032 -1.8474 0.0000
-3.1718 -1.7394 0.0000
-1.9696 -4.4874 0.0000
-2.2312 -4.4825 0.0000
-2.3592 -4.7476 0.0000
-2.8272 1.9844 0.0000
-2.9911 1.8203 0.0000
0.4659 4.7530 0.0000
-4.1847 3.8490 0.0000
-4.2880 3.6275 0.0000
4.4704 -1.5442 0.0000
4.2866 -1.7872 0.0000
0.8666 -2.2736 0.0000
0.7589 -2.5250 0.0000
0.6028 -2.7431 0.0000
1.9250 3.2857 0.0000
1.8360 3.0111 0.0000
-4.2339 2.1801 0.0000
3.5793 -3.3906 0.0000
3.4666 -3.6208 0.0000
3.7498 0.1553 0.0000
3.5437 -0.0381 0.0000
3.3180 -0.1264 0.0000
3.6162 -0.2969 0.0000
3.3816 -0.3702 0.0000
4.7707 1.7392 0.0000
4.5711 1.5890 0.0000
-2.1104 -3.4498 0.0000
-2.3133 -3.6754 0.0000
1.4727 -3.5396 0.0000
1.1984 -3.5323 0.0000
-1.7943 -4.7451 0.0000
3.7781 -3.5783 0.0000
3.6599 -3.8154 0.0000
3.0145 0.9022 0.0000
2.8618 0.7049 0.0000
2.7016 0.5174 0.0000
-2.0652 4.7670 0.0000
-2.3612 4.7368 0.0000
-2.2454 0.0046 0.0000
-2.4494 -0.1704 0.0000
4.7581 -1.7113 0.0000
4.7465 -2.0373 0.0000
4.5443 -2.2241 0.0000
-2.0357 2.9619 0.0000
1.4816 3.7024 0.0000
1.2066 3.6557 0.0000
0.9503 3.6056 0.0000
0.9871 3.3506 0.0000
4.4751 -0.3021 0.0000
4.4788 -0.5957 0.0000
4.2444 -0.7543 0.0000
-3.0102 -0.6793 0.0000
-4.5194 1.8804 0.0000
-4.7507 1.7100 0.0000
1.1104 2.2937 0.0000
0.6778 2.5243 0.0000
0.8326 2.2698 0.0000
0.9776 2.0109 0.0000
0.6902 2.0154 0.0001
0.7408 -0.9150 0.0405
0.6865 -1.1244 0.0201
0.5859 -1.3339 0.0094
0.4329 -1.5635 0.0034
0.2308 -1.6914 0.0019
-3.8066 2.4432 0.0000
4.1206 -2.0444 0.0000
3.8457 -1.9799 0.0000
4.5026 4.7614 0.0000
4.3069 4.5446 0.0000
3.9702 -4.4944 0.0000
3.6931 -4.5342 0.0000
2.3367 3.9195 0.0000
2.2765 3.6342 0.0000
-4.4444 0.8537 0.0000
-4.7302 0.7963 0.0000
1.5677 -0.5343 0.0007
2.1330 2.6245 0.0000
1.9496 2.4375 0.0000
1.6637 2.3967 0.0000
2.9630 -1.7586 0.0000
2.7936 -2.0126 0.0000
2.4956 -2.0152 0.0000
2.3586 0.9018 0.0000
2.1631 0.7046 0.0000
2.2326 0.4807 0.0000
-0.9997 -1.2332 0.0039
3.7186 1.6010 0.0000
3.5645 1.3688 0.0000
-3.1925 4.2422 0.0000
-3.2001 3.9693 0.0000
-0.1832 0.0183 0.5887
-0.2706 -0.0231 0.5470
-0.3645 -0.0545 0.4864
-0.2913 -0.1150 0.5238
-0.4815 3.2549 0.0000
-0.7521 3.1977 0.0000
2.6812 4.7832 0.0000
2.7231 4.5564 0.0000
3.5044 -0.8577 0.0000
0.7180 3.5691 0.0000
0.5011 -3.2248 0.0000
-1.6516 -3.2138 0.0000
-1.9234 -3.1883 0.0000
-4.1631 2.7950 0.0000
-4.3794 2.6591 0.0000
-4.3593 2.3891 0.0000
-4.4994 2.8657 0.0000
-4.7458 2.6873 0.0000
-4.5926 2.5042 0.0000
-2.0160 1.6509 0.0000
-2.2168 1.4635 0.0000
-4.5392 1.5561 0.0000
-0.9123 -1.5493 0.0010
-0.9548 -1.7931 0.0002
0.6181 -4.1087 0.0000
0.4788 -4.3266 0.0000
4.0855 2.1955 0.0000
3.2454 -0.9359 0.0000
2.9542 -1.1061 0.0000
-3.1992 -1.4458 0.0000
-3.4415 -1.6340 0.0000
-0.1949 -1.4770 0.0077
-0.3789 -1.7303 0.0012
-4.7071 -3.1785 0.0000
3.0376 3.6494 0.0000
2.6734 2.1025 0.0000
2.5153 1.8712 0.0000
-1.3491 -1.3478 0.0003
4.2694 -2.6681 0.0000
4.0890 -2.8426 0.0000
-1.9708 -0.0961 0.0000
3.3481 -3.8596 0.0000
3.5382 -4.0615 0.0000
3.2118 -4.1058 0.0000
2.9321 -4.2062 0.0000
0.1986 4.7641 0.0000
-4.0779 1.7073 0.0000
-4.3457 1.6731 0.0000
0.6059 -3.5097 0.0000
0.3098 -3.4306 0.0000
0.2117 -3.1627 0.0000
0.1123 -2.8984 0.0000
-0.0811 -3.0942 0.0000
-0.3688 -3.0607 0.0000
-2.7639 -4.0484 0.0000
2.3944 4.2143 0.0000
2.1370 4.1199 0.0000
-2.8261 -3.7856 0.0000
-1.7855 0.1026 0.0001
-2.2466 -3.9539 0.0000
-2.4475 -4.1805 0.0000
2.6039 4.0111 0.0000
0.2699 2.3115 0.0000
0.0722 2.4491 0.0000
-0.0750 2.2456 0.0000
-0.3530 2.2041 0.0000
-3.1430 1.6491 0.0000
-3.1920 1.2891 0.0000
0.8393 -1.8116 0.0002
0.6708 -2.0276 0.0001
0.5869 -2.2531 0.0000
-0.8998 -2.6688 0.0000
