5.0000 5.0000 0.0000
0.0000 5.0000 0.0000
2.5000 5.0000 0.0000
3.7500 5.0000 0.0000
4.3750 5.0000 0.0000
4.6875 5.0000 0.0000
4.0625 5.0000 0.0000
3.1250 5.0000 0.0000
3.4375 5.0000 0.0000
2.8125 5.0000 0.0000
1.2500 5.0000 0.0000
1.8750 5.0000 0.0000
2.1875 5.0000 0.0000
1.5625 5.0000 0.0000
0.6250 5.0000 0.0000
0.9375 5.0000 0.0000
0.3125 5.0000 0.0000
-2.5000 5.0000 0.0000
-1.2500 5.0000 0.0000
-0.6250 5.0000 0.0000
-0.3125 5.0000 0.0000
-0.9375 5.0000 0.0000
-1.8750 5.0000 0.0000
-1.5625 5.0000 0.0000
-2.1875 5.0000 0.0000
-3.7500 5.0000 0.0000
-3.1250 5.0000 0.0000
-2.8125 5.0000 0.0000
-3.4375 5.0000 0.0000
-4.3750 5.0000 0.0000
-4.0625 5.0000 0.0000
-4.6875 5.0000 0.0000
5.0000 -5.0000 0.0000
5.0000 0.0000 0.0000
5.0000 -2.5000 0.0000
5.0000 -3.7500 0.0000
5.0000 -4.3750 0.0000
5.0000 -4.6875 0.0000
5.0000 -4.0625 0.0000
5.0000 -3.1250 0.0000
5.0000 -3.4375 0.0000
5.0000 -2.8125 0.0000
5.0000 -1.2500 0.0000
5.0000 -1.8750 0.0000
5.0000 -2.1875 0.0000
5.0000 -1.5625 0.0000
5.0000 -0.6250 0.0000
5.0000 -0.9375 0.0000
5.0000 -0.3125 0.0000
5.0000 2.5000 0.0000
5.0000 1.2500 0.0000
5.0000 0.6250 0.0000
5.0000 0.3125 0.0000
5.0000 0.9375 0.0000
5.0000 1.8750 0.0000
5.0000 1.5625 0.0000
5.0000 2.1875 0.0000
5.0000 3.7500 0.0000
5.0000 3.1250 0.0000
5.0000 2.8125 0.0000
5.0000 3.4375 0.0000
5.0000 4.3750 0.0000
5.0000 4.0625 0.0000
5.0000 4.6875 0.0000
-5.0000 -5.0000 0.0000
0.0000 -5.0000 0.0000
-2.5000 -5.0000 0.0000
-3.7500 -5.0000 0.0000
-4.3750 -5.0000 0.0000
-4.6875 -5.0000 0.0000
-4.0625 -5.0000 0.0000
-3.1250 -5.0000 0.0000
-3.4375 -5.0000 0.0000
-2.8125 -5.0000 0.0000
-1.2500 -5.0000 0.0000
-1.8750 -5.0000 0.0000
-2.1875 -5.0000 0.0000
-1.5625 -5.0000 0.0000
-0.6250 -5.0000 0.0000
-0.9375 -5.0000 0.0000
-0.3125 -5.0000 0.0000
2.5000 -5.0000 0.0000
1.2500 -5.0000 0.0000
0.6250 -5.0000 0.0000
0.3125 -5.0000 0.0000
0.9375 -5.0000 0.0000
1.8750 -5.0000 0.0000
1.5625 -5.0000 0.0000
2.1875 -5.0000 0.0000
3.7500 -5.0000 0.0000
3.1250 -5.0000 0.0000
2.8125 -5.0000 0.0000
3.4375 -5.0000 0.0000
4.3750 -5.0000 0.0000
4.0625 -5.0000 0.0000
4.6875 -5.0000 0.0000
-5.0000 5.0000 0.0000
-5.0000 0.0000 0.0000
-5.0000 2.5000 0.0000
-5.0000 3.7500 0.0000
-5.0000 4.3750 0.0000
-5.0000 4.6875 0.0000
-5.0000 4.0625 0.0000
-5.0000 3.1250 0.0000
-5.0000 3.4375 0.0000
-5.0000 2.8125 0.0000
-5.0000 1.2500 0.0000
-5.0000 1.8750 0.0000
-5.0000 2.1875 0.0000
-5.0000 1.5625 0.0000
-5.0000 0.6250 0.0000
-5.0000 0.9375 0.0000
-5.0000 0.3125 0.0000
-5.0000 -2.5000 0.0000
-5.0000 -1.2500 0.0000
-5.0000 -0.6250 0.0000
-5.0000 -0.3125 0.0000
-5.0000 -0.9375 0.0000
-5.0000 -1.8750 0.0000
-5.0000 -1.5625 0.0000
-5.0000 -2.1875 0.0000
-5.0000 -3.7500 0.0000
-5.0000 -3.1250 0.0000
-5.0000 -2.8125 0.0000
-5.0000 -3.4375 0.0000
-5.0000 -4.3750 0.0000
-5.0000 -4.0625 0.0000
-5.0000 -4.6875 0.0000
3.1334 -3.2527 0.0000
3.0067 -3.5089 0.0000
0.0397 -1.4463 0.0098
-1.2358 2.7081 0.0000
-1.3203 2.4744 0.0000
-4.4878 -0.9814 0.0000
3.0318 -0.1988 0.0000
2.8908 -0.4159 0.0000
2.4360 -4.0253 0.0000
3.5261 -4.7541 0.0000
3.2510 -4.7503 0.0000
2.9554 -4.7553 0.0000
-1.9410 4.4529 0.0000
-4.0635 -3.2336 0.0000
-4.0108 -3.4808 0.0000
-4.2768 -3.5505 0.0000
-4.3642 -3.8062 0.0000
3.9487 -1.6090 0.0000
3.6606 -1.5690 0.0000
-3.4061 -3.6030 0.0000
-3.6274 -3.6768 0.0000
-3.8537 -3.7128 0.0000
-0.9886 3.7549 0.0000
-2.7623 -1.4465 0.0000
-3.0386 -1.7021 0.0000
-3.1869 -1.9608 0.0000
2.6045 3.4770 0.0000
0.7047 0.5927 0.1176
0.6410 0.4478 0.1880
0.5797 0.2989 0.2710
-2.3706 1.8444 0.0000
-3.7199 3.6582 0.0000
-3.9595 3.4857 0.0000
3.9587 -4.7386 0.0000
-0.7751 -0.1658 0.1748
-0.7736 -0.2645 0.1614
-0.8571 -0.3189 0.1127
-0.8593 -0.2169 0.1249
-0.9752 -0.2487 0.0753
-0.8364 -0.4201 0.1052
0.0648 0.2312 0.5612
0.0878 0.1360 0.5956
0.0185 0.0809 0.6180
0.0587 0.0130 0.6217
-0.0482 0.0353 0.6219
-0.1009 -0.0304 0.6125
-0.1808 -0.0457 0.5853
0.6390 -0.6898 0.1152
0.6378 -0.5962 0.1453
0.5462 -0.6468 0.1603
0.4906 -0.7325 0.1438
0.4288 -0.8413 0.1157
4.5252 1.5230 0.0000
-1.2920 -2.3954 0.0000
-3.5498 0.0548 0.0000
-3.7442 -0.1916 0.0000
2.3582 -4.2792 0.0000
-1.7145 4.2815 0.0000
-1.8947 4.0966 0.0000
-0.2587 3.3179 0.0000
-0.4963 3.1826 0.0000
-0.6334 3.3663 0.0000
-0.8932 3.2400 0.0000
0.7086 -4.7468 0.0000
-2.1047 2.6265 0.0000
-2.4030 2.6919 0.0000
-2.6057 2.5038 0.0000
0.3326 4.5068 0.0000
4.0712 -1.3425 0.0000
3.7958 -1.3607 0.0000
0.1417 -4.7425 0.0000
-0.8851 4.2432 0.0000
2.6354 -4.2668 0.0000
2.4934 -4.5211 0.0000
-0.3939 -0.8777 0.1045
-0.4712 -0.8172 0.1116
-0.5648 -0.8224 0.0899
-0.6422 -0.9105 0.0547
-0.1186 -3.6890 0.0000
-0.2418 -3.9569 0.0000
-0.2239 -4.2503 0.0000
-0.5479 -3.9192 0.0000
-0.4885 -4.1607 0.0000
-0.4780 -4.3970 0.0000
-3.8856 -3.9824 0.0000
-3.9597 -4.2525 0.0000
-4.2446 -4.2970 0.0000
-3.4758 2.8583 0.0000
1.2600 -4.5122 0.0000
0.9449 -4.7480 0.0000
-4.2785 2.1322 0.0000
-4.5207 2.1001 0.0000
1.9527 -4.2736 0.0000
-2.2526 -4.7603 0.0000
-2.4758 -4.7530 0.0000
0.3871 0.3762 0.3568
0.4405 0.6241 0.2034
0.3747 0.4714 0.3116
0.3677 0.5656 0.2612
0.2831 0.5192 0.3204
0.2939 0.4218 0.3770
0.3078 0.3216 0.4275
0.3283 0.2298 0.4589
0.2155 0.3731 0.4387
0.1391 0.3058 0.5047
0.2290 0.2806 0.4867
0.1555 0.2134 0.5479
2.1454 -3.5240 0.0000
4.2109 -1.5583 0.0000
4.2713 -1.7983 0.0000
4.0325 -1.8556 0.0000
4.0703 -2.0985 0.0000
-2.6781 3.3937 0.0000
-2.8515 3.5851 0.0000
-3.1460 3.5442 0.0000
2.6596 4.7509 0.0000
1.5711 3.1951 0.0000
1.4609 2.9372 0.0000
-1.3404 -2.9887 0.0000
-4.4613 -1.2811 0.0000
-3.2100 -0.4577 0.0000
-2.3192 2.4158 0.0000
-2.5391 2.2225 0.0000
-2.5916 1.9853 0.0000
-4.7277 -2.0334 0.0000
0.2409 1.0754 0.0599
0.1340 0.9440 0.1097
3.4522 1.8041 0.0000
0.3146 -1.5781 0.0036
2.3089 3.9032 0.0000
0.7450 1.2177 0.0110
0.6292 1.4567 0.0042
0.4698 1.2364 0.0203
-4.3023 -3.2931 0.0000
-4.5328 -3.4456 0.0000
-4.7836 -3.5833 0.0000
-0.8585 -2.9938 0.0000
-1.0962 -3.1989 0.0000
4.1369 4.4628 0.0000
3.8957 4.3497 0.0000
-1.7858 -4.5160 0.0000
-1.9843 -4.7237 0.0000
4.5393 -1.9042 0.0000
4.3091 -2.0555 0.0000
2.0207 1.7328 0.0000
4.2453 3.2941 0.0000
3.9100 2.2915 0.0000
3.6154 2.2969 0.0000
0.6245 3.5254 0.0000
3.1027 -2.7590 0.0000
2.7228 2.0474 0.0000
2.4562 2.0492 0.0000
2.3245 1.7668 0.0000
-4.2644 -0.2199 0.0000
-4.5147 -0.3008 0.0000
-2.0445 -3.3710 0.0000
-2.1595 -3.5912 0.0000
1.2911 -1.4932 0.0002
0.2282 1.2542 0.0260
0.0247 1.2008 0.0383
0.1065 1.0487 0.0739
0.0375 0.9355 0.1174
-0.0206 1.0244 0.0842
-0.0765 0.9530 0.1102
-0.0477 0.8798 0.1432
-0.1401 1.0912 0.0620
-0.1567 0.9553 0.1061
-0.1454 0.8629 0.1470
-0.2356 0.8199 0.1589
-0.3673 0.9845 0.0773
4.0057 0.2866 0.0000
3.9128 0.0150 0.0000
3.5978 4.7699 0.0000
-0.2617 3.0402 0.0000
-0.4773 2.8855 0.0000
4.4042 -1.3925 0.0000
3.6605 1.2772 0.0000
-0.3871 -2.9287 0.0000
-0.1768 4.7818 0.0000
4.7383 2.9794 0.0000
4.7849 2.6841 0.0000
4.6165 2.5239 0.0000
4.3520 2.5336 0.0000
4.7814 2.3318 0.0000
4.5098 2.2691 0.0000
4.3802 2.0375 0.0000
4.4990 -2.9656 0.0000
4.3686 -3.2033 0.0000
-1.9222 2.0616 0.0000
-2.2776 2.1203 0.0000
-0.1891 4.5496 0.0000
-0.4043 4.3902 0.0000
4.7416 4.5154 0.0000
4.7064 4.2329 0.0000
2.6155 -1.1843 0.0000
2.3545 -1.3201 0.0000
3.0469 3.7881 0.0000
2.7500 3.7329 0.0000
-4.5042 3.9825 0.0000
-4.7601 3.7872 0.0000
2.7544 2.2926 0.0000
-3.9117 -1.4690 0.0000
4.7167 2.0299 0.0000
4.7616 1.7120 0.0000
4.7747 1.4034 0.0000
-0.1244 -0.4556 0.4070
-0.0401 -0.4180 0.4453
-0.0441 -0.5206 0.3698
-0.1517 -0.5388 0.3423
-0.1759 -0.6320 0.2734
-0.2709 -0.6521 0.2396
-0.3623 -0.6821 0.1980
-0.2156 -0.4642 0.3773
-0.2875 -0.3990 0.3914
-0.3641 -0.3871 0.3613
-0.3892 -0.4671 0.3052
-0.2460 -0.5599 0.3044
-0.3119 -0.4905 0.3255
-0.3452 -0.5807 0.2592
-0.4275 -0.5376 0.2504
-0.4388 -0.6253 0.2020
-0.4933 -0.4762 0.2500
-0.5274 -0.5660 0.1946
-0.5279 -0.6537 0.1582
-0.3784 -0.7810 0.1463
-0.4537 -0.7220 0.1531
-0.5403 -0.7405 0.1219
-0.6315 -0.7448 0.0964
-3.0367 -1.4385 0.0000
-3.3068 -1.4973 0.0000
-3.3901 -1.7532 0.0000
-3.4870 -2.0215 0.0000
-1.1562 -1.8781 0.0000
-1.3095 -2.0621 0.0000
-2.9330 -2.6916 0.0000
-3.2069 -2.7531 0.0000
2.4128 -3.4981 0.0000
2.2885 -3.7640 0.0000
-3.3053 1.9972 0.0000
-3.4249 1.7656 0.0000
-3.6578 1.5770 0.0000
-3.7796 1.3575 0.0000
1.2176 0.2263 0.0204
1.0361 0.1313 0.0612
-4.2845 -2.3674 0.0000
-4.4852 -2.5341 0.0000
-4.7503 -2.6613 0.0000
-4.5066 -2.8297 0.0000
-4.7606 -2.9677 0.0000
-0.4693 4.7117 0.0000
-0.6768 4.4768 0.0000
4.4858 0.6249 0.0000
4.2652 0.3333 0.0000
1.7386 2.9528 0.0000
-2.5230 -3.1408 0.0000
-2.7939 -3.1442 0.0000
-3.0109 -3.2457 0.0000
-2.9187 -3.4994 0.0000
-1.8581 1.2010 0.0000
-0.5802 -1.1176 0.0277
0.5273 3.2492 0.0000
0.2392 3.2750 0.0000
0.0217 3.1151 0.0000
-3.9909 -0.3511 0.0000
-3.9754 -0.6351 0.0000
1.8617 -4.0255 0.0000
4.3593 4.2498 0.0000
4.2816 3.9766 0.0000
4.5128 2.8013 0.0000
4.2108 2.7783 0.0000
4.0651 2.5314 0.0000
3.7757 2.5417 0.0000
0.4843 -2.0846 0.0001
-2.5525 0.4483 0.0000
-2.7634 0.2761 0.0000
-3.5860 4.7474 0.0000
-2.6629 -2.5905 0.0000
-2.4140 -2.6688 0.0000
-2.6210 -2.8688 0.0000
-2.8611 -2.9153 0.0000
1.1439 4.5154 0.0000
1.2726 4.2495 0.0000
1.1484 4.0233 0.0000
0.0261 -4.1558 0.0000
4.2164 2.2773 0.0000
4.0555 2.0611 0.0000
-2.6550 4.7608 0.0000
-2.9722 4.7559 0.0000
-2.9446 4.2972 0.0000
-4.4956 4.7477 0.0000
-0.1515 -4.7505 0.0000
-2.9107 -4.4100 0.0000
-2.9859 -4.7194 0.0000
3.7857 3.0463 0.0000
3.2127 3.5552 0.0000
2.9269 3.5356 0.0000
0.9832 -1.5734 0.0006
1.9679 3.9472 0.0000
4.4803 -2.4751 0.0000
4.2537 -2.3319 0.0000
4.1305 -2.5575 0.0000
-3.8936 4.7526 0.0000
-0.4729 -1.9684 0.0002
2.8774 -1.0720 0.0000
2.8627 -1.3317 0.0000
-0.6682 -4.5046 0.0000
-0.7768 -4.7642 0.0000
-2.5299 4.0006 0.0000
-2.6534 3.7396 0.0000
-2.8249 3.9796 0.0000
-3.0009 3.7873 0.0000
3.6761 -2.7906 0.0000
-4.0419 0.8692 0.0000
-3.4948 3.1479 0.0000
-0.7853 -1.2418 0.0084
-0.9645 -1.4062 0.0017
3.3851 -2.7681 0.0000
3.2547 -3.0089 0.0000
-3.8906 4.2517 0.0000
2.0497 -1.7257 0.0000
1.7702 -1.8418 0.0000
-1.0130 2.9394 0.0000
-0.9975 2.6247 0.0000
4.0737 4.1298 0.0000
2.7150 -3.5212 0.0000
2.5744 -3.7656 0.0000
-1.3154 2.9713 0.0000
0.2568 -4.4818 0.0000
-0.0084 -4.4597 0.0000
-1.8450 -1.5360 0.0000
-2.1591 -1.6141 0.0000
-3.7427 2.9955 0.0000
-4.0031 2.9486 0.0000
-3.9860 2.7083 0.0000
-4.2535 2.7160 0.0000
2.2933 3.5100 0.0000
1.0908 2.2096 0.0000
0.8432 2.1674 0.0000
0.6803 1.9344 0.0001
0.5634 2.1932 0.0000
0.3926 1.9672 0.0002
2.6586 -3.0355 0.0000
1.9749 2.2387 0.0000
1.8559 1.9736 0.0000
-0.7556 -1.5546 0.0015
3.3756 3.3280 0.0000
4.5209 4.0219 0.0000
4.5089 3.7501 0.0000
-3.7591 -2.1154 0.0000
-3.9249 -2.3056 0.0000
-4.1286 -2.1651 0.0000
-4.7641 -4.7615 0.0000
1.1282 -3.7708 0.0000
0.9563 -3.9910 0.0000
3.1163 -1.3780 0.0000
2.8828 -1.6227 0.0000
2.6080 -1.4637 0.0000
2.5875 -1.7226 0.0000
2.3352 -1.6206 0.0000
-0.2350 1.5628 0.0044
3.6254 -3.9574 0.0000
-0.6721 -2.4876 0.0000
-4.4820 4.2385 0.0000
-4.7435 4.2479 0.0000
-1.9811 -4.3639 0.0000
-2.1709 -4.5124 0.0000
3.6389 2.7924 0.0000
0.5234 -3.7370 0.0000
0.6680 -3.9742 0.0000
0.9234 0.4389 0.0725
1.0107 0.2890 0.0607
0.9116 0.3267 0.0901
0.8262 0.3143 0.1276
0.8640 0.2407 0.1199
0.7699 0.2216 0.1707
0.9326 0.1902 0.0949
0.8485 0.1456 0.1367
0.9110 0.0763 0.1105
0.8750 -0.0173 0.1294
0.7618 0.1236 0.1872
0.8098 0.0466 0.1635
0.8162 -0.0746 0.1596
0.7570 -0.0255 0.1960
0.7325 -0.1248 0.2064
0.6697 -0.2003 0.2369
0.5864 -0.2515 0.2807
0.6828 0.1615 0.2335
0.6956 0.0533 0.2352
0.6688 -0.0440 0.2545
0.6339 -0.1208 0.2731
0.5606 -0.1727 0.3172
0.4811 -0.1805 0.3727
0.4860 -0.2713 0.3415
0.5978 0.0049 0.3074
0.4989 -0.0121 0.3831
0.5562 -0.0824 0.3346
0.3894 -0.1481 0.4460
-4.7406 -1.1083 0.0000
-4.0298 4.0166 0.0000
-4.2731 3.9831 0.0000
-3.9843 3.7618 0.0000
-4.2404 3.7412 0.0000
-3.1709 -3.5313 0.0000
-3.1213 -3.7534 0.0000
-2.8853 2.5533 0.0000
-3.1218 2.4803 0.0000
-3.3400 2.2943 0.0000
-1.0579 1.0522 0.0061
-1.1843 0.8261 0.0068
-1.3160 0.6056 0.0053
-3.2130 0.8767 0.0000
-3.4139 0.7114 0.0000
-3.5993 0.5606 0.0000
-1.9256 -0.0212 0.0000
-1.8706 -0.3144 0.0000
-2.1401 -0.2208 0.0000
-2.0789 -0.5431 0.0000
0.5286 4.0131 0.0000
0.8561 4.0068 0.0000
0.7152 3.7943 0.0000
-0.7913 -3.2706 0.0000
0.4407 -4.7349 0.0000
1.5792 1.4758 0.0000
-0.3233 1.8338 0.0006
-1.3805 1.9364 0.0000
3.4860 2.0613 0.0000
3.7058 -1.0107 0.0000
3.3391 -1.1912 0.0000
3.7572 -1.8365 0.0000
-0.8383 -0.9872 0.0217
2.4125 0.5074 0.0000
2.2536 0.0246 0.0000
2.3144 -0.2557 0.0000
4.0007 -2.7635 0.0000
3.8691 -2.9691 0.0000
3.9369 3.2980 0.0000
4.4584 4.4978 0.0000
-3.4555 -4.4525 0.0000
-3.5916 -4.7374 0.0000
3.4860 2.5386 0.0000
3.9505 3.8409 0.0000
0.6000 1.0288 0.0392
0.7995 0.9553 0.0286
0.6550 0.8346 0.0692
0.6071 0.7237 0.1102
0.4532 0.7246 0.1533
0.4890 0.9063 0.0807
0.5344 0.7865 0.1087
0.4471 0.8125 0.1195
0.3633 0.7754 0.1536
0.2788 0.7775 0.1700
0.3717 0.6837 0.1959
0.2857 0.6998 0.2101
-2.7693 -0.2225 0.0000
-2.9500 -0.4116 0.0000
1.7703 -0.3996 0.0001
1.5227 -0.5568 0.0011
-0.3177 3.8072 0.0000
-0.5378 3.9179 0.0000
-0.4602 3.5507 0.0000
-0.6712 3.7086 0.0000
2.7502 0.1814 0.0000
4.4924 -4.4970 0.0000
4.4986 -4.7453 0.0000
1.2766 3.1796 0.0000
2.2249 2.7680 0.0000
2.0333 2.9951 0.0000
1.9553 2.7340 0.0000
-1.8271 -2.5968 0.0000
2.3211 3.0197 0.0000
3.2147 1.9822 0.0000
-2.5426 0.8028 0.0000
-1.8898 -3.1743 0.0000
-1.4868 4.4704 0.0000
-1.4670 0.3513 0.0026
-1.7044 0.1693 0.0003
2.9950 4.2697 0.0000
3.2248 -2.5136 0.0000
-0.2232 -1.0640 0.0635
-0.3276 -1.2443 0.0244
-0.5378 -1.3843 0.0079
-4.5511 -4.4983 0.0000
-1.0993 4.7626 0.0000
0.4146 4.2537 0.0000
0.1650 4.2245 0.0000
-4.7419 4.0032 0.0000
4.7632 3.9081 0.0000
4.7584 3.5995 0.0000
4.7688 3.2896 0.0000
4.5251 3.4373 0.0000
1.7180 1.2260 0.0000
1.4177 1.2412 0.0003
-3.8150 -3.1837 0.0000
-2.0540 2.3003 0.0000
1.4115 4.4645 0.0000
3.2887 2.2882 0.0000
-2.3846 -4.0353 0.0000
-2.6398 -3.9372 0.0000
-2.6167 -4.2441 0.0000
-2.8818 -4.1043 0.0000
2.8999 1.3003 0.0000
1.3951 4.7477 0.0000
1.0984 4.7596 0.0000
-3.0605 4.1037 0.0000
-3.2082 3.9158 0.0000
-3.3368 3.7087 0.0000
-3.4971 3.5250 0.0000
3.9322 4.7209 0.0000
-3.1179 1.3462 0.0000
-3.3036 1.1470 0.0000
-3.5170 0.9478 0.0000
3.7047 0.4992 0.0000
4.2552 1.3476 0.0000
2.1445 -4.2316 0.0000
1.8769 -4.5102 0.0000
1.2833 1.4824 0.0002
1.1298 1.2942 0.0014
0.9256 1.4316 0.0018
0.9692 1.1170 0.0074
2.6961 4.2502 0.0000
0.2202 1.7293 0.0014
2.0334 -4.7564 0.0000
4.7651 -1.7242 0.0000
2.5105 4.4948 0.0000
2.1626 4.0955 0.0000
-0.7191 -1.8575 0.0002
-0.9624 -1.7260 0.0002
-0.9327 -2.0394 0.0000
1.4557 2.6915 0.0000
1.2535 2.4301 0.0000
0.0827 4.7424 0.0000
-0.9009 -2.3433 0.0000
0.2956 2.2518 0.0000
0.0225 2.3074 0.0000
-0.1479 2.0769 0.0001
-3.7200 -0.4684 0.0000
4.7532 0.5034 0.0000
-0.0241 -2.9921 0.0000
-0.2387 -3.1222 0.0000
-0.0451 4.0212 0.0000
-0.0467 3.7897 0.0000
-0.1766 3.5743 0.0000
-2.5387 -1.2576 0.0000
-2.2942 -1.3537 0.0000
-2.4825 -1.5452 0.0000
3.7878 3.5682 0.0000
3.5072 3.5714 0.0000
-3.1925 2.7506 0.0000
-3.4158 2.5775 0.0000
-3.6171 2.3859 0.0000
-1.4244 4.7476 0.0000
-1.7180 4.5591 0.0000
4.2014 -3.9740 0.0000
2.4649 3.7106 0.0000
-1.2573 3.7027 0.0000
4.7625 0.7803 0.0000
1.4865 4.1399 0.0000
0.0773 -2.7122 0.0000
0.2646 -2.9349 0.0000
0.1319 -3.2153 0.0000
-1.3770 3.4408 0.0000
-3.1221 4.5004 0.0000
-3.4346 4.4824 0.0000
-1.9846 0.2702 0.0000
-2.2034 0.0700 0.0000
-3.7468 0.7834 0.0000
-3.9205 0.5544 0.0000
-4.1864 0.6266 0.0000
1.0799 -0.6776 0.0194
0.9000 -0.8381 0.0284
0.9123 -1.0946 0.0100
0.7283 -0.9881 0.0313
0.5928 -1.1234 0.0260
0.4787 -1.3362 0.0116
0.9888 4.2644 0.0000
0.7073 4.2368 0.0000
2.0082 -2.0120 0.0000
-2.4262 -0.9834 0.0000
-2.7071 -1.0759 0.0000
-2.9094 -1.1981 0.0000
-1.8484 -2.8767 0.0000
-2.0844 -3.0079 0.0000
-2.2448 -3.2200 0.0000
-2.8094 2.2934 0.0000
-3.0699 2.1971 0.0000
-2.6937 2.7959 0.0000
-2.9565 2.8021 0.0000
1.8580 0.6538 0.0000
4.0247 -4.2237 0.0000
3.7045 -4.4561 0.0000
0.2108 0.6768 0.2402
0.1336 0.6608 0.2636
0.0687 0.5862 0.3228
-0.0000 0.5184 0.3758
-0.0580 0.4446 0.4276
-0.1258 0.3957 0.4515
-0.0278 0.6074 0.3100
-0.0985 0.5178 0.3692
0.0143 0.7659 0.2050
-0.0722 0.7901 0.1895
-0.0535 0.6984 0.2465
-0.1336 0.6829 0.2498
-0.1106 0.6048 0.3052
-0.2088 0.6493 0.2591
-0.1884 0.5604 0.3221
-0.2628 0.5000 0.3409
-0.1745 0.4614 0.3940
-0.2706 0.3031 0.4566
-0.2506 0.4022 0.4078
-0.3358 0.4372 0.3499
-0.3501 0.3540 0.3887
-0.4382 0.3826 0.3261
-0.3486 0.2536 0.4375
-0.4297 0.2992 0.3680
-0.5352 0.2005 0.3295
-0.3498 0.1573 0.4712
-0.4345 0.2098 0.3977
-0.4032 0.1035 0.4467
-0.4754 0.1354 0.3876
-0.5174 0.0719 0.3652
4.7706 -2.0455 0.0000
-4.5140 1.0729 0.0000
4.2045 3.7953 0.0000
4.3083 3.5759 0.0000
4.0529 3.5486 0.0000
3.7411 0.2504 0.0000
3.6203 -0.0301 0.0000
3.9528 -2.3543 0.0000
-0.6890 2.1118 0.0000
-0.9268 2.0323 0.0000
4.7744 -3.5580 0.0000
4.6036 -3.7325 0.0000
3.4353 0.7222 0.0000
3.1858 0.5909 0.0000
2.9649 0.3869 0.0000
-2.2126 2.8945 0.0000
1.3539 -1.2095 0.0005
3.2804 4.7644 0.0000
2.8101 -0.0757 0.0000
-1.5627 0.6612 0.0006
-1.8380 0.7175 0.0000
-1.7577 0.4484 0.0001
1.9102 -2.5817 0.0000
2.1670 1.4893 0.0000
2.0160 1.2051 0.0000
3.3371 -3.9834 0.0000
3.0441 -4.0040 0.0000
2.9628 -2.9960 0.0000
2.8550 -3.2614 0.0000
-2.5341 -2.3459 0.0000
1.4366 -4.7576 0.0000
1.1686 -4.7587 0.0000
-2.4785 0.1717 0.0000
-2.6984 -0.0027 0.0000
-1.8275 -3.5107 0.0000
-4.7490 -3.9057 0.0000
2.7306 -0.6191 0.0000
1.7464 -0.1201 0.0002
-1.5265 -0.7072 0.0009
-2.6290 1.7166 0.0000
-2.6658 1.4424 0.0000
-2.8356 1.2424 0.0000
-3.3994 1.4549 0.0000
-3.5601 1.2400 0.0000
1.8255 0.9607 0.0000
0.4731 -0.5715 0.2191
0.4376 -0.6569 0.1920
0.4036 -0.7587 0.1549
0.2709 -0.8800 0.1254
0.2821 -0.9786 0.0867
0.5537 -0.3373 0.2755
0.4739 -0.3715 0.3098
0.4894 -0.4664 0.2597
0.4071 -0.5095 0.2770
0.3595 -0.5895 0.2522
0.3466 -0.6865 0.2039
0.2751 -0.6594 0.2369
0.3064 -0.7769 0.1670
0.2279 -0.7318 0.2050
0.2041 -0.8155 0.1636
0.1873 -0.9120 0.1204
0.1857 -1.0121 0.0827
0.1334 -1.1470 0.0474
0.1170 -0.8514 0.1534
0.0977 -0.9526 0.1088
0.0469 -1.0382 0.0788
-0.0244 -0.9620 0.1061
-0.0719 -1.0790 0.0657
-0.0719 -1.2473 0.0297
3.7370 4.5427 0.0000
3.4362 4.5331 0.0000
2.6176 0.7449 0.0000
4.0634 -0.9622 0.0000
3.9093 -1.1322 0.0000
1.9926 3.4784 0.0000
3.5757 -0.7619 0.0000
3.4311 -0.9663 0.0000
1.1990 2.9244 0.0000
0.9408 2.8133 0.0000
3.5457 -2.0456 0.0000
3.3494 -2.2686 0.0000
4.2639 -0.4324 0.0000
-0.8893 -0.5326 0.0695
-1.0724 -0.5698 0.0275
-1.2468 -0.7297 0.0066
4.7766 4.7750 0.0000
4.5180 4.7561 0.0000
2.7253 1.5339 0.0000
2.6265 1.2604 0.0000
1.6852 -4.2656 0.0000
1.5664 -4.5133 0.0000
3.6003 4.3007 0.0000
2.1504 1.9917 0.0000
0.5246 -4.2226 0.0000
0.2551 -4.2330 0.0000
4.2671 0.8269 0.0000
0.0832 4.4913 0.0000
-0.1195 4.2884 0.0000
-4.0999 -3.7747 0.0000
-4.1943 -4.0457 0.0000
-4.4855 -4.2753 0.0000
-2.4018 -3.4442 0.0000
-2.3972 -3.7493 0.0000
-2.6490 -3.6396 0.0000
-1.0310 1.5632 0.0005
-1.1978 1.3450 0.0007
3.7037 0.7542 0.0000
1.3603 3.9024 0.0000
1.0316 3.7926 0.0000
0.8993 3.5830 0.0000
0.1550 3.6626 0.0000
0.0280 3.4252 0.0000
-0.7839 4.7486 0.0000
2.5085 2.3489 0.0000
-2.0155 3.8921 0.0000
-2.1232 3.6680 0.0000
1.6696 -2.7221 0.0000
1.6203 -3.0204 0.0000
-0.6033 4.1904 0.0000
0.2361 3.9549 0.0000
0.4478 2.7635 0.0000
0.7133 2.6749 0.0000
0.4953 2.4749 0.0000
0.2322 2.5392 0.0000
1.8943 4.5042 0.0000
3.3834 1.2258 0.0000
-0.7729 2.4879 0.0000
-0.8862 2.2867 0.0000
-1.1011 2.3871 0.0000
-1.1818 2.1465 0.0000
3.9471 1.7951 0.0000
3.7612 1.5384 0.0000
2.2148 1.0300 0.0000
2.8749 -3.7630 0.0000
2.7428 -4.0121 0.0000
-4.7428 3.2806 0.0000
3.2208 2.5796 0.0000
3.0013 2.4231 0.0000
4.2359 -4.4938 0.0000
4.2264 -4.7441 0.0000
4.3191 -2.7026 0.0000
4.2015 -2.9421 0.0000
-4.2352 -0.5025 0.0000
-1.6175 3.5204 0.0000
-1.5516 -2.5040 0.0000
2.1782 -4.5082 0.0000
2.6504 -4.7598 0.0000
2.3390 -4.7569 0.0000
0.3531 3.0270 0.0000
0.1610 2.8229 0.0000
-0.0359 2.5826 0.0000
3.9768 -0.4830 0.0000
-2.9684 0.0910 0.0000
-3.0136 -0.1506 0.0000
-1.7701 -2.3090 0.0000
3.9849 0.7855 0.0000
-0.4266 -3.6816 0.0000
-0.7443 -3.6906 0.0000
-0.7996 -3.9728 0.0000
-1.0099 -4.0557 0.0000
2.0254 -0.3945 0.0000
2.0515 -0.6558 0.0000
1.8249 -0.6537 0.0000
-1.4949 2.7827 0.0000
-1.9607 2.8931 0.0000
1.6557 4.3257 0.0000
4.5407 0.9138 0.0000
0.6444 -2.6058 0.0000
0.3690 -2.6706 0.0000
0.5815 -2.9136 0.0000
0.4032 -3.1674 0.0000
-1.9863 -2.1102 0.0000
-2.2871 -2.1676 0.0000
1.1525 -2.6764 0.0000
4.5313 -2.1996 0.0000
4.7502 -2.3677 0.0000
4.5800 -2.7156 0.0000
2.0919 -1.4407 0.0000
1.8143 -1.5548 0.0000
1.2511 -1.7730 0.0000
-1.5123 -4.3546 0.0000
-4.0106 0.2841 0.0000
-4.2278 0.0950 0.0000
-2.3500 3.7716 0.0000
-2.4499 3.5344 0.0000
-0.4046 -2.3267 0.0000
-0.1843 -2.7805 0.0000
-0.4163 -2.6210 0.0000
-2.6587 1.0668 0.0000
0.5156 -1.8022 0.0006
2.0245 -0.1556 0.0000
2.5666 -2.6934 0.0000
-0.2914 -4.5202 0.0000
-0.4720 -4.7345 0.0000
-0.1010 -3.3204 0.0000
-0.2789 -3.4720 0.0000
-0.4352 -3.2804 0.0000
-0.6100 -3.4576 0.0000
-2.3876 4.2534 0.0000
-2.6866 4.2445 0.0000
-2.8299 2.0276 0.0000
-2.8587 1.7644 0.0000
-3.0840 1.8869 0.0000
-2.9175 1.5336 0.0000
-3.1729 1.6463 0.0000
-1.3723 -4.7816 0.0000
3.4681 -1.7606 0.0000
3.2829 -1.9637 0.0000
3.0874 -2.1574 0.0000
-3.6196 -1.5391 0.0000
-3.7057 -1.8112 0.0000
-3.9639 -1.6945 0.0000
-3.9756 -1.9704 0.0000
2.2892 -2.7030 0.0000
2.1413 -3.0133 0.0000
1.7240 4.7944 0.0000
1.6412 4.5994 0.0000
3.5668 1.0015 0.0000
3.3140 0.9389 0.0000
4.0414 1.5588 0.0000
-0.1023 2.8588 0.0000
-0.2850 2.6895 0.0000
1.0241 0.8560 0.0160
0.8316 0.7448 0.0518
0.9536 0.5993 0.0461
-4.2053 1.6530 0.0000
-1.5147 3.7482 0.0000
2.3557 4.7488 0.0000
2.1636 4.6011 0.0000
-4.2033 4.7508 0.0000
1.6643 3.9457 0.0000
1.5325 3.6833 0.0000
2.2552 -2.1847 0.0000
1.9554 -2.2877 0.0000
-1.7499 -4.2259 0.0000
-1.5742 2.5135 0.0000
-1.7654 2.7342 0.0000
-1.8701 2.5140 0.0000
0.0240 -1.6962 0.0020
2.8702 4.0098 0.0000
2.4121 4.1964 0.0000
2.5847 3.9754 0.0000
-3.7314 4.4974 0.0000
3.4676 -3.7204 0.0000
3.3007 -3.4917 0.0000
3.1711 -3.7468 0.0000
2.7753 2.8451 0.0000
2.7340 2.5736 0.0000
-1.2283 -3.5053 0.0000
3.2291 -0.8254 0.0000
3.1156 -1.0764 0.0000
0.5079 -0.8211 0.1066
0.4847 -0.9606 0.0678
0.3510 -0.8560 0.1238
0.3719 -0.9419 0.0889
3.8194 -2.0939 0.0000
2.9686 4.7577 0.0000
2.8214 4.5081 0.0000
-3.7102 2.6903 0.0000
-3.8889 2.4434 0.0000
-4.1814 2.4599 0.0000
4.3435 -0.9184 0.0000
4.2382 -1.1765 0.0000
2.5253 2.8913 0.0000
2.4839 2.6549 0.0000
2.8853 0.6705 0.0000
2.6844 0.4564 0.0000
0.4043 1.0467 0.0549
0.3764 0.8692 0.1119
0.3279 0.9490 0.0902
0.2834 0.8575 0.1315
0.2215 0.9436 0.1033
0.1951 0.8487 0.1470
0.1941 0.7628 0.1921
0.1086 0.7589 0.2043
0.1142 0.8551 0.1512
0.0314 0.8415 0.1622
0.0418 0.6783 0.2600
3.4761 4.0540 0.0000
3.3459 3.8070 0.0000
0.3138 0.6205 0.2481
0.2380 0.5944 0.2862
0.1637 0.5666 0.3228
0.2001 0.4751 0.3768
0.0995 0.4943 0.3860
0.1255 0.4016 0.4468
0.0331 0.4240 0.4442
-0.0369 0.3548 0.4923
-0.1095 0.2971 0.5183
0.0512 0.3284 0.5077
-0.0232 0.2593 0.5512
-0.0123 0.1622 0.5959
-0.1026 0.2010 0.5694
-0.0918 0.1060 0.6038
-0.1679 0.0488 0.5910
-0.1894 0.3431 0.4677
-0.1888 0.2463 0.5220
-0.1842 0.1464 0.5643
-0.2676 0.2001 0.5060
-0.2710 0.0985 0.5343
-1.4488 2.2287 0.0000
-1.7387 2.2703 0.0000
1.8616 3.2187 0.0000
-1.0852 -1.1664 0.0033
-1.2761 -1.3433 0.0004
-1.5246 -1.4858 0.0000
-0.2583 0.0003 0.5509
-0.3408 -0.0534 0.4970
-0.4204 -0.1474 0.4247
-0.5223 -0.2193 0.3327
-0.3384 -0.1434 0.4813
-0.3407 -0.2298 0.4503
-0.4333 -0.2255 0.3926
-0.3904 -0.3104 0.3852
-0.4856 -0.3112 0.3262
-0.4520 -0.3961 0.3092
-0.5824 -0.3130 0.2639
-0.5481 -0.3956 0.2551
-0.5867 -0.4823 0.2014
-0.6522 -0.3969 0.1968
-0.6804 -0.3040 0.2062
-0.7581 -0.3581 0.1517
-0.6759 -0.4928 0.1563
-0.7462 -0.4470 0.1373
-0.7884 -0.5139 0.1053
-1.8610 1.7445 0.0000
-1.9779 1.4465 0.0000
-1.7106 1.4630 0.0000
2.8146 0.9942 0.0000
-4.7703 -4.4963 0.0000
-1.5543 1.2002 0.0001
-1.4219 0.9002 0.0010
-1.6808 0.9561 0.0001
3.6501 3.3058 0.0000
1.6422 0.4485 0.0005
-3.2654 4.2634 0.0000
-3.4102 4.0604 0.0000
-3.5969 4.2306 0.0000
0.5052 -4.4672 0.0000
0.7270 -4.5030 0.0000
-2.5782 -0.3455 0.0000
-2.7240 3.0935 0.0000
-2.9804 3.0330 0.0000
-3.2393 3.0212 0.0000
4.7833 -1.1021 0.0000
0.9701 -2.2050 0.0000
0.9209 -2.5001 0.0000
2.4467 3.2583 0.0000
2.4767 0.2248 0.0000
-0.9660 -0.3981 0.0643
-1.3269 -0.4790 0.0070
-2.8720 -0.8759 0.0000
-3.0861 -0.9726 0.0000
-3.2057 -1.2169 0.0000
2.2537 2.5030 0.0000
2.2442 2.2482 0.0000
3.5485 -3.0088 0.0000
3.4284 -3.2457 0.0000
3.4680 1.5203 0.0000
3.1800 1.4115 0.0000
-4.0405 -4.5187 0.0000
-4.1939 -4.7728 0.0000
-3.4370 -2.8619 0.0000
-3.7328 -2.8981 0.0000
-4.0131 -2.9466 0.0000
3.6892 -0.5156 0.0000
-4.7392 -1.4104 0.0000
4.4979 -3.4609 0.0000
4.3334 -3.7130 0.0000
0.0515 1.4773 0.0083
-0.1693 1.3177 0.0198
-3.3706 3.3613 0.0000
-3.7030 3.3324 0.0000
-3.9677 3.2114 0.0000
4.1056 1.0670 0.0000
4.0546 -3.1814 0.0000
3.7393 -3.2056 0.0000
-2.4323 -0.1189 0.0000
-2.3377 -0.4073 0.0000
4.6111 -0.8991 0.0000
4.5234 -1.1610 0.0000
-2.2152 1.3487 0.0000
-2.4674 1.2541 0.0000
-0.7463 -4.2378 0.0000
-1.0115 -4.2881 0.0000
-1.2371 -4.5114 0.0000
0.4339 3.7499 0.0000
0.3527 3.4890 0.0000
0.8717 -2.7936 0.0000
0.6321 -3.2235 0.0000
3.0023 2.1450 0.0000
2.9310 1.8493 0.0000
2.6316 1.7821 0.0000
3.8688 -0.7685 0.0000
-1.5692 1.7098 0.0000
-1.4333 1.4349 0.0001
-0.8768 -2.6862 0.0000
-1.0953 -2.8666 0.0000
1.5518 -4.0127 0.0000
1.3995 -4.2659 0.0000
3.0064 -2.3978 0.0000
2.9036 -2.6293 0.0000
-2.6842 -3.3717 0.0000
-2.8865 -3.7987 0.0000
3.9150 -3.9489 0.0000
1.2321 3.6540 0.0000
1.0929 3.4000 0.0000
0.8018 3.2999 0.0000
2.2677 -0.5342 0.0000
2.1713 -0.8553 0.0000
-1.1307 -2.2149 0.0000
2.5096 -1.9647 0.0000
2.2808 -1.8984 0.0000
-1.6504 -0.1210 0.0006
3.2303 0.2862 0.0000
3.0347 0.0937 0.0000
-0.7823 1.0403 0.0210
-0.7437 0.8235 0.0561
-0.9323 0.8235 0.0261
-1.0555 0.5944 0.0274
-1.2017 0.3807 0.0179
-2.6906 -0.5550 0.0000
-2.9484 -0.6609 0.0000
-0.6030 1.8654 0.0003
-0.5189 1.6084 0.0022
0.8652 4.5118 0.0000
1.8259 4.1627 0.0000
-2.4495 3.2409 0.0000
-2.2069 3.1321 0.0000
-2.4705 2.9703 0.0000
-0.4383 1.3597 0.0111
-0.6662 1.2821 0.0098
-0.3210 1.1563 0.0388
-0.5245 1.0894 0.0365
-0.6046 0.9158 0.0619
3.1720 4.0389 0.0000
-0.5189 2.5979 0.0000
-0.5555 2.3364 0.0000
2.0204 2.5013 0.0000
-3.5386 2.0934 0.0000
-3.6909 1.8741 0.0000
-3.9183 1.6945 0.0000
-4.0053 1.4590 0.0000
2.5080 1.0112 0.0000
2.3357 0.7771 0.0000
-4.7465 -4.2108 0.0000
1.3884 2.1841 0.0000
1.2485 1.9406 0.0000
1.1024 1.6650 0.0002
1.3937 -2.8475 0.0000
-0.9327 -4.5246 0.0000
-1.0819 -4.7602 0.0000
4.3697 1.0902 0.0000
2.0552 0.8474 0.0000
2.1461 -3.9983 0.0000
4.7284 -0.2118 0.0000
4.5236 -0.3907 0.0000
2.5451 -2.1955 0.0000
2.4241 -2.4416 0.0000
4.5110 0.3504 0.0000
4.2052 0.0650 0.0000
1.6860 -2.4203 0.0000
2.7680 -2.8128 0.0000
2.4208 -2.9407 0.0000
4.2866 1.6373 0.0000
1.9143 0.3736 0.0000
0.3220 4.7548 0.0000
-4.4875 2.5865 0.0000
-4.7276 2.5316 0.0000
-4.7267 2.2936 0.0000
3.9498 1.3003 0.0000
3.7759 -4.2010 0.0000
-0.2688 -2.1103 0.0001
-0.6528 -2.1737 0.0000
-1.4240 4.2117 0.0000
3.1297 4.5205 0.0000
1.4263 -2.5559 0.0000
1.1939 -2.3830 0.0000
-1.1741 4.2726 0.0000
-1.0925 4.0140 0.0000
4.7531 -0.5093 0.0000
1.1247 -2.9641 0.0000
0.8600 -3.0808 0.0000
3.5894 -1.2451 0.0000
3.4099 -1.4670 0.0000
3.1892 -1.6652 0.0000
3.7814 4.0786 0.0000
3.6499 3.8224 0.0000
0.7404 -0.5633 0.1162
0.7756 -0.6863 0.0760
0.7077 -0.6424 0.1070
0.5825 -0.7558 0.1104
0.7069 -0.7857 0.0711
0.6049 -0.8834 0.0685
-4.4753 1.5813 0.0000
-4.4908 1.8467 0.0000
-4.7480 1.7101 0.0000
-0.9351 1.2842 0.0038
-1.3035 1.1225 0.0010
4.2319 4.7371 0.0000
0.5601 4.7391 0.0000
4.4782 -0.6576 0.0000
3.5010 3.0486 0.0000
3.3554 2.8058 0.0000
-3.7069 -0.7414 0.0000
-3.9503 -0.9206 0.0000
-3.9634 -1.1808 0.0000
-1.5374 -3.5500 0.0000
-1.6585 -3.8051 0.0000
0.3423 1.4773 0.0065
3.2209 -4.2498 0.0000
3.1001 -4.5034 0.0000
2.7964 -4.5123 0.0000
2.4329 -0.7326 0.0000
4.5093 1.8101 0.0000
4.5300 3.1572 0.0000
4.3453 3.0121 0.0000
4.0717 3.0448 0.0000
3.9262 2.7906 0.0000
4.7526 -4.2116 0.0000
4.7456 -4.4937 0.0000
4.7587 -4.7570 0.0000
4.7611 0.2384 0.0000
4.7143 0.0220 0.0000
-1.0708 -2.5391 0.0000
-1.3098 -2.6872 0.0000
1.9823 -3.7532 0.0000
2.1276 3.7320 0.0000
0.5894 -3.4903 0.0000
0.2606 -3.6940 0.0000
0.3487 -3.9775 0.0000
-0.8624 0.6493 0.0606
-0.8899 0.4967 0.0772
-0.8531 0.3842 0.1083
-0.9900 0.3884 0.0591
-1.2330 0.1263 0.0192
-1.4454 0.0596 0.0041
1.5815 -1.3846 0.0000
1.5323 -1.6692 0.0000
-1.1170 -0.0895 0.0398
-1.3557 -0.1870 0.0077
3.9771 -4.4766 0.0000
3.7296 -4.6997 0.0000
-3.1226 0.3099 0.0000
-3.2669 0.0568 0.0000
-3.2413 -0.2062 0.0000
2.0663 -2.7636 0.0000
1.8663 -2.9087 0.0000
-4.2944 4.5014 0.0000
-4.5274 4.4918 0.0000
-2.3956 -0.6599 0.0000
-2.6329 -0.8020 0.0000
2.1561 3.2526 0.0000
0.9985 -0.0121 0.0763
1.0395 -0.1624 0.0594
0.9216 -0.0962 0.1060
0.8445 -0.1403 0.1409
0.9131 -0.1891 0.1048
0.8563 -0.2497 0.1251
0.9610 -0.2959 0.0771
0.8721 -0.3583 0.1041
0.8006 -0.3086 0.1441
0.7895 -0.1908 0.1660
0.7450 -0.2486 0.1832
0.8109 -0.4185 0.1200
0.7407 -0.3615 0.1642
0.6743 -0.4136 0.1850
0.6759 -0.2968 0.2138
0.6273 -0.3520 0.2276
0.5751 -0.4331 0.2296
0.7410 -0.4701 0.1391
0.6524 -0.5046 0.1685
0.5607 -0.5368 0.1975
0.9746 -0.4654 0.0556
0.8275 -0.5136 0.0952
-1.7224 4.7719 0.0000
-2.0212 4.7334 0.0000
-4.7496 -0.4885 0.0000
-1.9723 0.9314 0.0000
-2.0533 0.5645 0.0000
-2.3602 0.6303 0.0000
-2.2625 0.3602 0.0000
-0.8291 1.7763 0.0003
-0.7477 1.5191 0.0021
-4.4791 -0.5111 0.0000
-4.4953 -0.7117 0.0000
-4.4010 0.8151 0.0000
-4.4900 0.5576 0.0000
-4.2404 1.8928 0.0000
-0.4875 -0.9388 0.0711
-0.2380 -1.4962 0.0065
-0.4883 -1.6660 0.0015
-0.3450 0.0381 0.4959
-0.4358 0.0254 0.4311
-0.4240 -0.0612 0.4373
-0.5067 -0.1230 0.3663
-0.5967 -0.1541 0.2940
-0.6167 -0.2325 0.2638
-0.5150 -0.0247 0.3702
-0.6001 0.0286 0.3051
-0.5973 -0.0662 0.3048
-0.6836 -0.0207 0.2448
-0.6822 -0.1201 0.2386
-0.6957 -0.2087 0.2168
-2.0940 4.2361 0.0000
-2.2337 4.0076 0.0000
2.6597 -0.8975 0.0000
2.3904 -1.0250 0.0000
-1.6517 -0.9598 0.0001
-1.7390 -1.2623 0.0000
-2.0217 -1.3335 0.0000
2.5281 -0.0636 0.0000
1.6988 2.6960 0.0000
1.7704 2.4621 0.0000
-0.3170 4.0918 0.0000
4.2024 -3.4426 0.0000
4.0544 -3.6987 0.0000
-2.1955 3.4092 0.0000
1.3625 -3.1478 0.0000
1.1044 -3.2545 0.0000
3.7638 -3.6995 0.0000
0.7790 -1.7687 0.0004
-4.2189 3.2472 0.0000
-4.2443 2.9828 0.0000
-4.5101 2.8522 0.0000
-4.7601 2.7467 0.0000
0.8196 4.7543 0.0000
0.6003 4.4928 0.0000
-1.9212 -3.7262 0.0000
-2.1455 -3.8943 0.0000
3.1238 2.9078 0.0000
2.9948 2.7102 0.0000
2.6816 -0.2853 0.0000
2.5223 -0.4457 0.0000
-3.3999 -2.5299 0.0000
-3.5766 -2.3136 0.0000
-3.6026 -2.6632 0.0000
-3.7578 -2.4799 0.0000
-3.9190 -2.6831 0.0000
1.0089 -1.9022 0.0001
0.7459 -2.0296 0.0001
1.1046 -4.2485 0.0000
0.9824 -4.4981 0.0000
-4.3488 -2.0599 0.0000
-4.5159 -2.2224 0.0000
-4.7515 -2.3573 0.0000
-1.3930 -3.2732 0.0000
-1.6745 -3.3157 0.0000
-4.7603 4.7662 0.0000
0.9719 1.9233 0.0001
0.8058 1.6838 0.0006
0.5093 1.7067 0.0011
-3.4239 0.3282 0.0000
-3.7180 0.3192 0.0000
-3.8374 0.0796 0.0000
-4.0255 -0.0739 0.0000
1.8256 3.7063 0.0000
3.9073 -3.4411 0.0000
3.6056 -3.4635 0.0000
1.6084 -3.3014 0.0000
1.3403 -3.4555 0.0000
1.0875 -3.5365 0.0000
0.8535 -3.3925 0.0000
0.8266 -3.7031 0.0000
-3.2535 -3.3089 0.0000
-2.1487 1.6483 0.0000
-2.4033 1.5474 0.0000
-2.4510 -4.5050 0.0000
-2.7025 -4.5232 0.0000
-2.7183 -4.7558 0.0000
-0.2687 2.3818 0.0000
-0.9638 4.5094 0.0000
-1.2429 4.5214 0.0000
-3.3645 -3.8549 0.0000
-3.3048 -2.2421 0.0000
-0.6351 -2.7996 0.0000
-0.5909 -3.0945 0.0000
0.6981 -2.3110 0.0000
0.4292 -2.3815 0.0000
3.3066 -0.0391 0.0000
-4.7490 1.4189 0.0000
-4.7696 1.1329 0.0000
-4.2652 1.3540 0.0000
-4.5134 1.3064 0.0000
0.8039 -4.2457 0.0000
3.8113 -2.5768 0.0000
3.6568 -2.3141 0.0000
3.5142 -2.5340 0.0000
-4.7006 0.8627 0.0000
-4.7501 0.6481 0.0000
-4.7440 0.3980 0.0000
-3.0933 -2.9903 0.0000
-3.3093 -3.0823 0.0000
-3.5615 -3.1326 0.0000
1.4982 -0.2855 0.0022
1.2452 -0.2232 0.0164
1.2381 -0.4690 0.0122
0.8804 -0.6242 0.0597
2.2560 4.3995 0.0000
2.0288 4.2959 0.0000
-1.5248 -4.6075 0.0000
-1.7057 -4.7848 0.0000
0.7040 0.6908 0.0924
0.6158 0.6318 0.1372
0.6237 0.5395 0.1655
0.5279 0.6765 0.1505
0.5325 0.5817 0.1875
0.5458 0.4860 0.2215
0.5616 0.3927 0.2499
0.4553 0.5263 0.2458
0.4669 0.4311 0.2864
0.4830 0.3380 0.3182
0.4045 0.2819 0.3906
-0.8076 3.9726 0.0000
2.4584 1.5196 0.0000
2.3344 1.2632 0.0000
-0.0058 -0.0524 0.6224
0.2751 -0.0323 0.5392
0.1344 -0.1362 0.5831
0.0297 -0.1527 0.5971
-0.0737 -0.1225 0.6012
0.3707 -0.0545 0.4759
0.2999 -0.1228 0.5104
0.3119 -0.2105 0.4755
0.2195 -0.1960 0.5293
0.2132 -0.1045 0.5612
0.2870 -0.2888 0.4541
0.1887 -0.2785 0.5029
0.0306 -0.2582 0.5491
0.1143 -0.2187 0.5564
0.1082 -0.3138 0.5058
0.1415 -0.4004 0.4419
0.0466 -0.3738 0.4758
0.0389 -0.4627 0.4129
-0.0335 -0.3203 0.5121
-0.0571 -0.2144 0.5687
-0.1610 -0.1274 0.5764
-0.2530 -0.1038 0.5414
-0.2504 -0.2002 0.5122
-0.1541 -0.2053 0.5503
-0.2939 -0.3083 0.4396
-0.1222 -0.3702 0.4664
-0.1215 -0.2876 0.5179
-0.2109 -0.2874 0.4887
-0.2031 -0.3724 0.4416
0.8015 0.5953 0.0854
0.8122 0.4918 0.1021
0.7177 0.5042 0.1363
0.7365 0.4117 0.1512
0.8225 0.3938 0.1161
0.7440 0.3178 0.1683
0.6554 0.3552 0.2084
0.6726 0.2577 0.2226
-2.0429 -2.3933 0.0000
-3.1323 -4.0061 0.0000
-3.3966 -4.1582 0.0000
-3.6132 -3.9363 0.0000
-3.6740 -4.2184 0.0000
3.2508 3.0989 0.0000
-3.5334 3.8538 0.0000
-3.7540 3.9802 0.0000
-2.7063 -1.7383 0.0000
-2.7483 -2.2025 0.0000
1.6905 0.1644 0.0004
1.4268 0.2610 0.0044
1.4468 -0.0072 0.0040
-1.2285 -3.9864 0.0000
-1.2759 -4.2335 0.0000
1.9981 4.7716 0.0000
-1.5770 -2.7831 0.0000
-1.6149 -3.0576 0.0000
3.1025 1.1255 0.0000
3.0825 0.8455 0.0000
-4.3114 -4.5422 0.0000
-4.5011 -4.7571 0.0000
-4.4945 3.7176 0.0000
-4.7408 3.5444 0.0000
1.4909 -1.9564 0.0000
1.2307 -2.0808 0.0000
3.2995 4.2869 0.0000
-1.9119 3.4863 0.0000
-1.4660 3.1836 0.0000
-1.6790 3.0046 0.0000
-2.3535 1.0017 0.0000
-2.8767 -1.9538 0.0000
-3.0303 -2.1982 0.0000
-2.8576 -2.4249 0.0000
-3.1294 -2.4734 0.0000
3.8324 1.0310 0.0000
1.7243 -2.1271 0.0000
1.4569 -2.2553 0.0000
-1.6434 3.9972 0.0000
-1.8041 3.7554 0.0000
-1.6563 -1.7267 0.0000
-1.9276 -1.8169 0.0000
-2.1918 -1.9159 0.0000
-4.2342 -0.7875 0.0000
-4.2231 -1.0781 0.0000
-2.9460 3.3090 0.0000
-3.1863 3.2591 0.0000
0.7791 -1.3091 0.0060
0.6402 -1.5444 0.0025
1.1923 0.0032 0.0263
-2.7307 0.6174 0.0000
-2.9266 0.4617 0.0000
-4.0882 -2.4912 0.0000
-4.2348 -2.7131 0.0000
-4.2772 -3.0079 0.0000
-4.5306 -3.1330 0.0000
-4.7660 -3.2792 0.0000
-3.2822 4.7458 0.0000
-3.4977 -3.3714 0.0000
-3.7449 -3.4298 0.0000
0.3547 -1.1168 0.0437
0.2277 -1.3208 0.0181
4.2036 1.8540 0.0000
-1.4996 -2.2174 0.0000
-1.5195 -4.0507 0.0000
2.1315 0.5719 0.0000
-4.2466 0.3855 0.0000
-4.4911 0.2570 0.0000
-4.7502 0.1186 0.0000
-4.4942 -0.0256 0.0000
-4.7540 -0.1786 0.0000
-1.1113 1.8488 0.0000
-1.2917 1.6512 0.0001
2.5843 -3.2754 0.0000
2.3502 -3.2117 0.0000
2.1124 -3.2948 0.0000
4.4786 0.0973 0.0000
4.4115 -0.1551 0.0000
-1.8586 -4.0045 0.0000
-2.0853 -4.1534 0.0000
-2.3061 -4.2764 0.0000
-2.2982 -2.4562 0.0000
-2.3348 -2.9271 0.0000
-2.4099 -1.8019 0.0000
-2.5467 -2.0224 0.0000
-1.1433 -1.5497 0.0003
-1.3390 -1.6846 0.0000
-1.4732 -1.8949 0.0000
-1.7059 -2.0228 0.0000
3.5026 -4.2266 0.0000
3.4129 -4.5003 0.0000
-4.0216 1.1806 0.0000
-4.2627 1.0699 0.0000
1.5085 2.4442 0.0000
4.1015 -0.2056 0.0000
3.8043 -0.2516 0.0000
1.8772 1.4705 0.0000
1.8732 -3.1893 0.0000
1.8630 -3.4843 0.0000
1.6042 -3.5629 0.0000
1.7118 -3.7850 0.0000
1.3978 -3.7475 0.0000
1.2621 -4.0125 0.0000
1.5354 0.9988 0.0003
1.2296 1.0222 0.0027
1.3413 0.7970 0.0028
1.1459 0.6744 0.0142
1.1212 0.4315 0.0279
0.3969 -0.2378 0.4125
0.3823 -0.3210 0.3860
0.3088 -0.3861 0.3905
0.2172 -0.3543 0.4483
0.2324 -0.4409 0.3879
0.2054 -0.5073 0.3520
0.1490 -0.5743 0.3185
0.1224 -0.4810 0.3893
0.0543 -0.5547 0.3442
-0.0077 -0.6242 0.2958
-0.0906 -0.6031 0.3059
-0.0877 -0.6969 0.2424
-0.1288 -0.7847 0.1856
-0.1943 -0.7201 0.2146
-0.2884 -0.7477 0.1817
0.3950 -0.4202 0.3295
0.3143 -0.4905 0.3262
0.2585 -0.5737 0.2935
0.1820 -0.6558 0.2585
0.0869 -0.6500 0.2745
0.0172 -0.7153 0.2345
0.1240 -0.7455 0.2106
0.0403 -0.8041 0.1814
0.0286 -0.8926 0.1364
-0.0448 -0.7913 0.1877
-0.0596 -0.8744 0.1435
-0.2197 -0.8159 0.1583
-0.1461 -0.8691 0.1406
-0.1280 -0.9614 0.1025
-0.2296 -0.9220 0.1098
-0.3045 -0.8458 0.1317
-0.3256 -0.9458 0.0904
-0.3888 -1.0515 0.0543
-0.4121 2.1043 0.0001
4.2107 0.5649 0.0000
3.9512 0.5259 0.0000
-1.9558 3.1780 0.0000
4.7620 -3.9276 0.0000
4.4821 -3.9898 0.0000
4.5138 -4.2461 0.0000
4.2737 -4.2436 0.0000
1.4164 1.7144 0.0000
-4.2074 3.5055 0.0000
-4.4686 3.4345 0.0000
-4.4900 3.1419 0.0000
-4.7525 3.0071 0.0000
-1.3362 3.9657 0.0000
4.7532 1.0885 0.0000
0.3453 -3.4309 0.0000
0.0662 -3.5180 0.0000
0.0698 -3.8907 0.0000
-4.2179 -1.8435 0.0000
-4.4989 -1.8489 0.0000
-0.9438 -3.4832 0.0000
-1.0444 -3.7596 0.0000
-4.7497 -1.7166 0.0000
-4.4281 2.3583 0.0000
-4.7634 2.0008 0.0000
1.8955 -0.9425 0.0000
1.6433 -1.0992 0.0001
1.8620 -1.2624 0.0000
0.5944 0.2030 0.2867
0.5024 0.2467 0.3389
0.6075 0.1039 0.2941
0.5159 0.1534 0.3540
0.4338 0.0948 0.4254
0.5212 0.0657 0.3632
0.4243 0.0104 0.4398
0.4629 -0.0917 0.4041
0.4277 0.1926 0.4075
1.7304 -4.7562 0.0000
4.5458 1.2515 0.0000
1.2078 2.6781 0.0000
0.9810 2.5008 0.0000
0.7578 2.3966 0.0000
1.6009 0.7281 0.0004
1.3666 0.5168 0.0048
-1.7015 3.2866 0.0000
2.1205 -1.1420 0.0000
3.0174 -1.8907 0.0000
2.7730 -1.9247 0.0000
2.8138 -2.1707 0.0000
2.7097 -2.4486 0.0000
-2.1117 -2.7029 0.0000
-4.1837 -1.3653 0.0000
-4.2327 -1.5959 0.0000
3.0807 3.2920 0.0000
2.9276 3.0606 0.0000
-3.1958 -0.7190 0.0000
-3.3829 -0.9701 0.0000
-3.6646 -1.0062 0.0000
-3.4740 -1.2565 0.0000
-3.7307 -1.2660 0.0000
-1.3650 -3.7678 0.0000
0.3542 0.1458 0.4706
0.2512 0.1996 0.5135
0.1841 0.1273 0.5686
0.2775 0.1203 0.5244
0.3368 0.0455 0.4998
0.2294 0.0441 0.5633
0.1294 0.0511 0.6032
0.1687 -0.0297 0.5915
0.0900 -0.0664 0.6110
2.9433 -0.7975 0.0000
-3.7998 2.1584 0.0000
-4.0680 2.2162 0.0000
-3.9938 1.9473 0.0000
-0.5945 0.1262 0.3011
-0.6825 0.0791 0.2436
-0.7686 0.0259 0.1896
-0.8534 0.0738 0.1399
-0.8559 -0.0274 0.1396
-0.9570 -0.0540 0.0918
-0.7681 -0.0708 0.1875
-0.8563 -0.1186 0.1353
-0.9422 -0.1447 0.0946
-1.1440 -0.3221 0.0291
3.7609 2.0347 0.0000
3.6819 1.7781 0.0000
3.2345 -0.3396 0.0000
3.0871 -0.5661 0.0000
1.6808 2.2028 0.0000
1.5553 1.9532 0.0000
-0.8290 3.5190 0.0000
-1.0927 3.4719 0.0000
-1.1749 3.2055 0.0000
-4.5705 -3.7149 0.0000
-4.4922 -4.0300 0.0000
3.5050 -0.2905 0.0000
3.3867 -0.5820 0.0000
-3.7861 1.0562 0.0000
-0.6237 -0.5751 0.1519
-0.7249 -0.5646 0.1166
-0.8161 -0.6394 0.0720
-0.6069 -0.6605 0.1293
-0.6957 -0.6560 0.1025
-0.7460 -0.7830 0.0614
-0.9447 -0.7459 0.0322
-1.0809 -0.9066 0.0098
-1.3412 -0.9850 0.0015
-1.4768 -1.1957 0.0002
4.7825 -2.6472 0.0000
4.7669 -2.9520 0.0000
4.7052 -3.2445 0.0000
-0.7246 3.0454 0.0000
-0.7541 2.7738 0.0000
-0.2388 -1.8006 0.0008
-0.2536 1.0013 0.0829
-0.3399 0.8793 0.1178
-0.4591 0.9097 0.0882
-0.5216 0.8180 0.1064
-0.2502 0.9028 0.1198
-0.3210 0.7861 0.1615
-0.3953 0.7170 0.1775
-0.4178 0.8129 0.1307
-0.4840 0.7363 0.1458
-0.6196 0.7755 0.0964
-0.5575 0.7131 0.1339
-0.6441 0.6730 0.1205
-0.4702 0.6449 0.1883
-0.5526 0.6293 0.1664
-0.6272 0.5670 0.1603
-0.7446 0.6964 0.0834
-0.7132 0.6000 0.1179
-0.6954 0.4995 0.1522
-0.7840 0.5466 0.1051
-0.7783 0.4456 0.1292
-4.0245 4.5007 0.0000
-4.2067 4.2507 0.0000
-4.4823 -1.5672 0.0000
-1.5746 -0.3898 0.0010
-1.7718 -0.5761 0.0001
-1.8763 -0.7897 0.0000
-1.9373 -1.0539 0.0000
-2.1601 -0.8345 0.0000
-2.2109 -1.1161 0.0000
0.9816 3.1037 0.0000
0.6799 2.9894 0.0000
2.7930 3.3169 0.0000
2.6450 3.1142 0.0000
-0.0101 -1.9789 0.0002
-0.0581 -2.2571 0.0000
-0.1548 -2.4943 0.0000
-0.9269 0.2234 0.0955
-1.0497 0.2333 0.0525
-1.0270 0.0787 0.0645
-4.7435 -0.7913 0.0000
4.7229 -1.4072 0.0000
4.5070 -1.6282 0.0000
-3.1516 -4.2648 0.0000
-3.1857 -4.5079 0.0000
-3.2987 -4.7490 0.0000
4.7877 -0.7724 0.0000
-2.1320 1.1335 0.0000
-2.1817 0.8104 0.0000
-3.7549 -4.4909 0.0000
-3.8916 -4.7566 0.0000
2.1564 -2.4649 0.0000
1.6967 3.4511 0.0000
1.3999 3.4286 0.0000
2.1967 0.2990 0.0000
4.1684 -0.6968 0.0000
2.9261 -4.2584 0.0000
1.7225 1.7191 0.0000
3.4602 0.4660 0.0000
3.4854 0.2042 0.0000
0.2548 -1.8764 0.0005
0.2165 -2.1679 0.0001
0.1521 -2.4507 0.0000
1.6267 -0.8051 0.0002
1.4180 -0.9512 0.0008
1.3212 -0.7261 0.0037
1.1462 -0.9709 0.0051
1.0825 -1.2905 0.0017
-2.3440 4.7534 0.0000
-2.2220 4.4996 0.0000
-2.5185 4.5052 0.0000
-2.8086 4.5243 0.0000
-3.0188 1.0558 0.0000
-2.8483 0.8662 0.0000
-3.0455 0.6904 0.0000
-3.2508 0.5393 0.0000
0.1207 2.0164 0.0002
-0.0494 1.7771 0.0011
-3.4816 -0.2139 0.0000
-3.4656 -0.4654 0.0000
-3.4640 -0.7125 0.0000
3.2056 1.6959 0.0000
2.9572 1.5885 0.0000
-1.6552 1.9882 0.0000
-2.1064 1.9161 0.0000
1.9682 0.1036 0.0000
-4.7604 4.5121 0.0000
-0.1554 0.7624 0.1990
-0.2366 0.7281 0.2069
-0.3094 0.6844 0.2158
-0.3789 0.6206 0.2302
-0.2823 0.5961 0.2742
-0.3543 0.5307 0.2883
-0.4516 0.5531 0.2375
-0.5384 0.5440 0.2053
-0.5072 0.4614 0.2540
-0.5243 0.3771 0.2793
-0.6027 0.4621 0.2064
-0.4194 0.4616 0.2972
-0.5091 0.2924 0.3199
-0.6079 0.3657 0.2353
-0.6879 0.2946 0.2078
-0.6908 0.4016 0.1805
-0.7489 0.2295 0.1843
-0.5914 0.2827 0.2698
-0.6374 0.2085 0.2574
-0.7004 0.1640 0.2234
-0.7681 0.3434 0.1543
-0.8189 0.2771 0.1396
-0.8967 0.3034 0.1006
-0.7770 0.1223 0.1802
-0.8372 0.1864 0.1408
-0.9197 0.1313 0.1047
-0.9327 0.0297 0.1023
