5.0000 5.0000 0.0000
0.0000 5.0000 0.0000
2.5000 5.0000 0.0000
3.7500 5.0000 0.0000
4.3750 5.0000 0.0000
4.6875 5.0000 0.0000
4.0625 5.0000 0.0000
3.1250 5.0000 0.0000
3.4375 5.0000 0.0000
2.8125 5.0000 0.0000
1.2500 5.0000 0.0000
1.8750 5.0000 0.0000
2.1875 5.0000 0.0000
1.5625 5.0000 0.0000
0.6250 5.0000 0.0000
0.9375 5.0000 0.0000
0.3125 5.0000 0.0000
-2.5000 5.0000 0.0000
-1.2500 5.0000 0.0000
-0.6250 5.0000 0.0000
-0.3125 5.0000 0.0000
-0.9375 5.0000 0.0000
-1.8750 5.0000 0.0000
-1.5625 5.0000 0.0000
-2.1875 5.0000 0.0000
-3.7500 5.0000 0.0000
-3.1250 5.0000 0.0000
-2.8125 5.0000 0.0000
-3.4375 5.0000 0.0000
-4.3750 5.0000 0.0000
-4.0625 5.0000 0.0000
-4.6875 5.0000 0.0000
5.0000 -5.0000 0.0000
5.0000 0.0000 0.0000
5.0000 -2.5000 0.0000
5.0000 -3.7500 0.0000
5.0000 -4.3750 0.0000
5.0000 -4.6875 0.0000
5.0000 -4.0625 0.0000
5.0000 -3.1250 0.0000
5.0000 -3.4375 0.0000
5.0000 -2.8125 0.0000
5.0000 -1.2500 0.0000
5.0000 -1.8750 0.0000
5.0000 -2.1875 0.0000
5.0000 -1.5625 0.0000
5.0000 -0.6250 0.0000
5.0000 -0.9375 0.0000
5.0000 -0.3125 0.0000
5.0000 2.5000 0.0000
5.0000 1.2500 0.0000
5.0000 0.6250 0.0000
5.0000 0.3125 0.0000
5.0000 0.9375 0.0000
5.0000 1.8750 0.0000
5.0000 1.5625 0.0000
5.0000 2.1875 0.0000
5.0000 3.7500 0.0000
5.0000 3.1250 0.0000
5.0000 2.8125 0.0000
5.0000 3.4375 0.0000
5.0000 4.3750 0.0000
5.0000 4.0625 0.0000
5.0000 4.6875 0.0000
-5.0000 -5.0000 0.0000
0.0000 -5.0000 0.0000
-2.5000 -5.0000 0.0000
-3.7500 -5.0000 0.0000
-4.3750 -5.0000 0.0000
-4.6875 -5.0000 0.0000
-4.0625 -5.0000 0.0000
-3.1250 -5.0000 0.0000
-3.4375 -5.0000 0.0000
-2.8125 -5.0000 0.0000
-1.2500 -5.0000 0.0000
-1.8750 -5.0000 0.0000
-2.1875 -5.0000 0.0000
-1.5625 -5.0000 0.0000
-0.6250 -5.0000 0.0000
-0.9375 -5.0000 0.0000
-0.3125 -5.0000 0.0000
2.5000 -5.0000 0.0000
1.2500 -5.0000 0.0000
0.6250 -5.0000 0.0000
0.3125 -5.0000 0.0000
0.9375 -5.0000 0.0000
1.8750 -5.0000 0.0000
1.5625 -5.0000 0.0000
2.1875 -5.0000 0.0000
3.7500 -5.0000 0.0000
3.1250 -5.0000 0.0000
2.8125 -5.0000 0.0000
3.4375 -5.0000 0.0000
4.3750 -5.0000 0.0000
4.0625 -5.0000 0.0000
4.6875 -5.0000 0.0000
-5.0000 5.0000 0.0000
-5.0000 0.0000 0.0000
-5.0000 2.5000 0.0000
-5.0000 3.7500 0.0000
-5.0000 4.3750 0.0000
-5.0000 4.6875 0.0000
-5.0000 4.0625 0.0000
-5.0000 3.1250 0.0000
-5.0000 3.4375 0.0000
-5.0000 2.8125 0.0000
-5.0000 1.2500 0.0000
-5.0000 1.8750 0.0000
-5.0000 2.1875 0.0000
-5.0000 1.5625 0.0000
-5.0000 0.6250 0.0000
-5.0000 0.9375 0.0000
-5.0000 0.3125 0.0000
-5.0000 -2.5000 0.0000
-5.0000 -1.2500 0.0000
-5.0000 -0.6250 0.0000
-5.0000 -0.3125 0.0000
-5.0000 -0.9375 0.0000
-5.0000 -1.8750 0.0000
-5.0000 -1.5625 0.0000
-5.0000 -2.1875 0.0000
-5.0000 -3.7500 0.0000
-5.0000 -3.1250 0.0000
-5.0000 -2.8125 0.0000
-5.0000 -3.4375 0.0000
-5.0000 -4.3750 0.0000
-5.0000 -4.0625 0.0000
-5.0000 -4.6875 0.0000
4.2361 0.7605 0.0000
-2.1060 -1.5822 0.0000
-2.3711 -1.6949 0.0000
-2.6573 -1.7640 0.0000
-4.7503 3.2939 0.0000
-4.7532 2.9909 0.0000
0.5619 -1.3134 0.0448
2.1178 3.2861 0.0000
1.0204 -0.1376 0.3820
1.1089 -0.3723 0.2669
4.3284 1.9866 0.0000
4.1586 1.7848 0.0000
0.5652 0.7876 0.2283
0.4967 0.8432 0.1913
0.4691 0.7495 0.2676
0.3657 0.7202 0.2876
0.4197 0.8910 0.1589
0.3426 0.9017 0.1480
0.4018 0.8070 0.2182
0.3221 0.8223 0.1992
0.2724 0.7485 0.2472
0.3570 0.6190 0.3797
0.2833 0.6575 0.3266
0.1988 0.6781 0.2824
0.2518 0.5806 0.3834
0.1643 0.5906 0.3371
0.1655 0.5043 0.4025
3.7790 -0.4012 0.0000
3.5227 -0.4251 0.0000
3.2523 -0.5248 0.0000
3.4352 -0.7225 0.0000
-1.2500 -0.7708 0.0000
3.4468 -1.8258 0.0000
4.7330 4.4856 0.0000
4.4771 0.8196 0.0000
-2.2274 -4.5074 0.0000
-2.3507 -4.7627 0.0000
3.3977 0.1429 0.0000
0.4779 -4.0319 0.0000
0.2978 -4.2397 0.0000
-3.8776 1.7977 0.0000
-4.1619 1.7544 0.0000
4.5414 -4.4499 0.0000
4.4758 -4.7111 0.0000
-4.1885 0.9923 0.0000
-3.3126 -4.4422 0.0000
-2.8141 -3.8422 0.0000
-3.1030 -3.8813 0.0000
-1.2427 0.8855 0.0001
2.8234 2.3325 0.0000
-0.4939 2.6261 0.0000
-0.6674 2.3940 0.0000
-0.5593 0.9946 0.0076
-0.7312 0.8675 0.0049
-0.6348 0.9418 0.0064
-0.6441 0.8620 0.0085
-0.6677 0.7807 0.0100
-0.7526 0.7846 0.0059
-0.8432 0.7868 0.0031
-0.7005 0.6933 0.0110
-0.7932 0.6962 0.0060
0.3236 -2.4771 0.0002
-2.7269 -4.3219 0.0000
-3.0355 -4.4319 0.0000
3.1765 1.9175 0.0000
3.0172 1.7092 0.0000
2.8463 1.5027 0.0000
2.5539 1.4367 0.0000
2.8893 3.1749 0.0000
2.6078 3.1252 0.0000
2.5154 2.8475 0.0000
1.0451 4.2686 0.0000
0.9939 3.9809 0.0000
0.8583 0.0376 0.5332
0.8199 -0.3029 0.4674
0.6489 -0.5186 0.3448
2.0170 3.7686 0.0000
-1.7122 0.2569 0.0000
4.5073 3.1194 0.0000
4.2388 3.0312 0.0000
1.6534 1.0888 0.0005
-3.2669 1.1648 0.0000
-3.4132 0.8723 0.0000
-4.7603 -2.6375 0.0000
2.9635 -4.7377 0.0000
0.0771 2.5584 0.0000
-1.6296 3.2253 0.0000
3.1773 3.2118 0.0000
-1.5598 -1.7634 0.0000
4.7180 1.5100 0.0000
2.4127 4.0541 0.0000
1.1994 1.0166 0.0177
1.1088 0.8853 0.0486
1.0572 1.0235 0.0312
1.0145 0.9325 0.0558
0.9938 0.8345 0.0903
-2.5878 -1.4819 0.0000
-2.8732 -1.9813 0.0000
-3.0454 -2.1384 0.0000
2.9807 2.6745 0.0000
-0.3580 -3.1017 0.0000
-0.5753 -3.3180 0.0000
-0.8323 -3.2143 0.0000
-0.7321 -3.5843 0.0000
-0.8956 -3.4236 0.0000
-0.9724 -3.7073 0.0000
1.1994 -3.0550 0.0000
0.9909 -3.1888 0.0000
2.5885 4.2564 0.0000
-1.6176 -2.8390 0.0000
-1.8751 -2.9253 0.0000
-1.9946 -3.1939 0.0000
-3.4251 -1.4249 0.0000
-3.7580 -1.3533 0.0000
-3.6812 -1.6220 0.0000
0.1928 4.1733 0.0000
-0.0435 2.8495 0.0000
1.1492 -1.4509 0.0159
0.9679 -1.6712 0.0105
-0.8716 -2.1634 0.0000
2.1162 4.0360 0.0000
3.7111 -1.6791 0.0000
3.1030 4.1760 0.0000
-4.2625 -3.1892 0.0000
-2.9899 -3.6065 0.0000
0.1393 3.1089 0.0000
-3.1121 -0.5072 0.0000
-0.2204 -1.3692 0.0025
-0.3772 -1.6093 0.0008
-1.9580 4.3736 0.0000
-2.0824 4.1623 0.0000
-2.1458 3.9241 0.0000
-2.3495 3.7517 0.0000
4.4757 4.5286 0.0000
-0.1889 4.7402 0.0000
-0.8262 3.9855 0.0000
-0.7273 3.7259 0.0000
-0.8755 0.6763 0.0036
-0.9604 0.5838 0.0024
3.8359 -3.7105 0.0000
-2.4651 -3.0232 0.0000
0.9512 -0.6081 0.2691
2.0229 3.0254 0.0000
-0.4088 -2.3658 0.0001
1.2807 3.9168 0.0000
4.4773 -2.3262 0.0000
4.4740 -2.6249 0.0000
4.2657 -2.4740 0.0000
-1.9638 1.5430 0.0000
-2.2450 1.4887 0.0000
-0.3464 2.3526 0.0000
-2.4403 -0.4840 0.0000
-2.7785 -0.4803 0.0000
-1.1129 0.1319 0.0012
3.7661 0.5792 0.0000
3.5894 0.3614 0.0000
-2.7523 -3.0817 0.0000
-4.4635 -1.8755 0.0000
-4.4994 -2.1602 0.0000
-4.5475 1.1497 0.0000
-1.1300 1.7468 0.0000
-1.1522 1.4493 0.0000
1.7582 -1.4228 0.0002
1.4486 -1.4851 0.0025
3.2085 -1.3443 0.0000
2.8944 -1.2968 0.0000
4.0180 3.2473 0.0000
3.9448 2.9673 0.0000
3.9119 -4.7453 0.0000
-1.4595 0.3898 0.0000
-1.4093 0.1208 0.0000
-0.5275 2.1617 0.0000
-3.5579 3.9220 0.0000
-2.2249 2.7953 0.0000
1.7968 -4.2428 0.0000
3.4495 -3.4531 0.0000
-1.2216 0.3550 0.0003
-0.5338 -2.6203 0.0000
-0.7772 -2.7135 0.0000
-0.6440 -2.9891 0.0000
-0.9381 -2.9625 0.0000
-1.2254 -2.9680 0.0000
-1.1262 -3.2082 0.0000
-1.3620 -2.7445 0.0000
-1.4602 -3.0386 0.0000
4.5311 0.5683 0.0000
1.3754 1.1628 0.0030
1.2473 0.8194 0.0331
1.4382 0.9263 0.0065
1.4206 0.6820 0.0184
1.2046 0.6344 0.0755
1.1202 0.3196 0.2109
4.0664 -1.8829 0.0000
2.3288 4.7655 0.0000
1.7116 4.7554 0.0000
-4.2667 -4.2747 0.0000
4.7377 -3.6354 0.0000
4.7481 -3.9380 0.0000
3.1955 -0.0403 0.0000
-2.4600 3.0178 0.0000
-3.6620 -1.9059 0.0000
-3.3010 -2.5652 0.0000
-3.5318 -2.7293 0.0000
-3.1308 3.6660 0.0000
-3.4288 3.5851 0.0000
-4.2516 1.4971 0.0000
-4.5161 1.4477 0.0000
3.4807 -2.0984 0.0000
3.2270 -2.0870 0.0000
4.2555 -0.0489 0.0000
-3.7906 -2.5969 0.0000
-4.0324 -2.7252 0.0000
-0.0763 -0.6021 0.0663
-0.2871 -0.4695 0.0553
-0.2918 -0.6797 0.0236
-3.5743 4.7397 0.0000
-3.8868 4.7014 0.0000
-1.2529 -0.0919 0.0003
-1.4557 -0.2506 0.0000
0.5071 0.1299 0.7136
0.4682 0.0391 0.6874
0.4304 0.1745 0.7045
0.3944 0.1012 0.6877
0.3689 -0.0038 0.6353
0.4822 -0.0876 0.6178
0.3489 -0.1152 0.5493
0.3051 0.0788 0.6371
0.2761 -0.0007 0.5856
0.2548 -0.0768 0.5249
0.2087 -0.1418 0.4476
-2.4611 1.2525 0.0000
-2.6584 1.0412 0.0000
-0.8239 -1.3822 0.0001
-0.6620 -1.6259 0.0002
-0.9451 -1.1410 0.0001
-1.1402 -1.3659 0.0000
-0.9562 -1.6441 0.0000
-1.2107 -1.6366 0.0000
-1.3277 -1.8016 0.0000
0.0799 1.0823 0.0461
0.0120 1.1483 0.0279
-0.0245 1.0576 0.0419
-0.0906 1.1253 0.0247
-0.1261 1.0379 0.0353
-0.0671 0.9641 0.0592
-0.1676 0.9448 0.0485
-0.1153 0.8676 0.0785
-0.2200 0.8500 0.0608
-0.1337 0.7785 0.1038
-0.1999 0.7655 0.0884
-0.2271 0.7030 0.0988
-0.2733 0.6540 0.0968
3.2003 -2.3171 0.0000
2.9305 -2.7222 0.0000
-0.7724 -1.8901 0.0001
4.1934 1.5137 0.0000
4.2637 1.2770 0.0000
4.1458 1.0222 0.0000
3.9948 1.3003 0.0000
3.8365 1.0745 0.0000
1.9504 -0.2060 0.0004
1.6480 -0.2369 0.0126
-3.6063 0.0997 0.0000
-3.7333 -0.1304 0.0000
-3.9026 0.0533 0.0000
-4.0948 -0.1078 0.0000
-4.1878 -0.3948 0.0000
-2.8509 3.7346 0.0000
0.4448 -0.7211 0.1697
0.2253 -0.7461 0.0954
3.5828 2.9227 0.0000
-3.7302 -3.1834 0.0000
-4.0048 -3.3159 0.0000
0.3015 -0.2497 0.4137
0.1441 -0.2132 0.3531
0.5837 4.7296 0.0000
-0.0619 3.3737 0.0000
-0.3385 3.3938 0.0000
2.0656 -1.4101 0.0000
1.9146 -1.6578 0.0000
3.6843 -3.9700 0.0000
3.8377 -4.2197 0.0000
1.8243 -3.1149 0.0000
1.6172 -3.2912 0.0000
4.7723 -0.4504 0.0000
4.6335 -0.6621 0.0000
1.6324 -1.6751 0.0002
4.7526 -4.2304 0.0000
4.7734 -4.5192 0.0000
4.7391 -4.7668 0.0000
3.3055 0.4159 0.0000
3.1015 0.2348 0.0000
2.9232 0.0353 0.0000
2.7435 -0.1676 0.0000
-3.1867 0.4016 0.0000
-4.7606 -4.5061 0.0000
-2.8266 -2.5891 0.0000
-3.0520 -2.4182 0.0000
-3.8123 -4.5097 0.0000
-0.0041 -2.0467 0.0012
1.9215 3.5000 0.0000
1.8169 3.2345 0.0000
-4.4914 3.4516 0.0000
0.0641 1.3874 0.0069
-0.0139 1.3291 0.0087
-0.1041 1.2976 0.0085
-0.1459 1.2215 0.0121
-0.2121 1.2546 0.0080
-0.0578 1.2149 0.0160
-0.1720 1.1487 0.0171
-0.2514 1.1805 0.0109
-0.2040 1.0794 0.0224
-0.2876 1.1058 0.0145
-0.3748 1.1265 0.0092
-0.3117 1.0249 0.0201
-0.4000 1.0405 0.0130
-0.2272 1.0072 0.0299
-0.2717 0.9292 0.0365
-0.4858 1.0511 0.0083
-0.3672 0.9467 0.0233
-0.4664 0.9547 0.0144
-0.4238 0.8720 0.0250
-0.4871 0.8208 0.0228
-0.5439 0.8951 0.0128
-0.5734 0.7982 0.0160
3.7172 1.3567 0.0000
3.5398 1.1294 0.0000
3.3566 0.9057 0.0000
-0.1503 -0.1705 0.1914
-0.2269 -0.2229 0.1355
-0.3040 -0.2645 0.0945
-0.3715 -0.3330 0.0615
0.1607 1.6019 0.0016
0.1253 1.4736 0.0041
0.0348 1.5386 0.0021
-0.0144 1.4428 0.0039
-0.1099 1.3981 0.0042
-0.1888 1.3300 0.0053
-1.4441 -1.4971 0.0000
-1.7320 -1.5577 0.0000
-4.7524 -1.4504 0.0000
-4.7482 -1.7418 0.0000
-2.2449 -3.7612 0.0000
-2.3121 -4.0221 0.0000
-2.4208 -4.2781 0.0000
-0.8308 3.0960 0.0000
-1.1546 3.0170 0.0000
-1.2683 2.7814 0.0000
-1.4471 2.9930 0.0000
-3.9598 3.2351 0.0000
-4.2201 3.3132 0.0000
-4.0020 2.9948 0.0000
-4.2441 3.0338 0.0000
-1.2022 -1.0603 0.0000
-1.4152 -1.2244 0.0000
-1.6739 -1.2758 0.0000
-0.9357 4.5093 0.0000
-1.1754 4.2607 0.0000
4.1473 2.7822 0.0000
3.9683 2.6214 0.0000
-4.2670 -2.8959 0.0000
0.7735 4.2258 0.0000
-4.5091 -1.2852 0.0000
-0.9781 2.3700 0.0000
-1.2397 2.2768 0.0000
-1.4642 2.1629 0.0000
-1.9046 -1.7260 0.0000
-1.7863 -1.9125 0.0000
-1.9261 -2.1037 0.0000
-2.1995 -2.1788 0.0000
3.4756 3.2269 0.0000
-4.1027 4.4783 0.0000
-4.2509 4.2332 0.0000
-4.4960 4.0458 0.0000
-3.3225 -0.3600 0.0000
-3.4150 -0.6088 0.0000
-0.9130 4.2593 0.0000
-1.1015 4.0148 0.0000
-1.3345 3.9664 0.0000
-1.5963 3.9802 0.0000
3.7076 2.1259 0.0000
3.5569 1.9117 0.0000
3.3622 1.7428 0.0000
3.2167 1.5524 0.0000
-1.7117 2.9289 0.0000
-3.2652 4.7517 0.0000
-3.7591 -3.4621 0.0000
-1.0582 -1.9203 0.0000
-4.3226 1.2217 0.0000
0.5943 0.5330 0.4629
0.5001 0.5000 0.5103
0.8376 0.6318 0.2670
0.7862 0.6097 0.3116
0.7448 0.5602 0.3758
0.6781 0.5676 0.4003
0.6773 0.4770 0.4859
0.5779 0.4471 0.5502
0.4883 0.4076 0.5962
0.6457 0.3971 0.5697
0.5707 0.3612 0.6240
0.5004 0.3221 0.6599
0.4278 0.2895 0.6702
0.4049 0.3764 0.6095
0.3339 0.3200 0.6194
0.4990 0.2294 0.7032
0.3713 0.2278 0.6751
0.3183 0.1594 0.6569
0.2753 0.2449 0.6168
0.2260 0.1626 0.5923
0.2177 0.0804 0.5751
0.1289 0.0778 0.4990
-0.8114 2.1390 0.0000
-1.0837 2.0631 0.0000
-1.3200 1.9442 0.0000
-2.0832 -0.1118 0.0000
0.5408 1.5288 0.0035
0.4448 1.6435 0.0014
0.3070 1.6056 0.0018
0.4187 1.5039 0.0043
0.5741 1.4272 0.0073
0.4812 1.4185 0.0081
0.3927 1.3976 0.0093
0.3243 1.4773 0.0050
0.2275 1.4955 0.0040
0.3087 1.3837 0.0098
0.2347 1.4101 0.0076
0.2074 1.3246 0.0133
0.1538 1.3885 0.0080
0.1073 1.2979 0.0136
-4.7501 3.8974 0.0000
4.7441 2.9589 0.0000
4.4673 2.8066 0.0000
2.4591 4.5190 0.0000
4.0273 3.8056 0.0000
4.0217 3.5387 0.0000
-4.7481 4.4977 0.0000
4.7624 -0.1495 0.0000
-2.4761 -1.2254 0.0000
2.5181 0.7957 0.0000
3.5595 3.4751 0.0000
0.0389 0.0816 0.4190
-0.0798 0.0690 0.3139
-0.0124 0.0143 0.3564
-0.0948 -0.0195 0.2798
3.7144 -2.2580 0.0000
3.4339 -2.3763 0.0000
-2.5581 -2.5235 0.0000
-2.3897 1.7357 0.0000
-3.8718 2.5241 0.0000
-3.9507 2.2798 0.0000
-3.9905 2.7393 0.0000
-4.1760 2.4922 0.0000
-4.2371 2.2303 0.0000
-2.6193 -4.0620 0.0000
3.7828 2.7784 0.0000
3.7460 2.4753 0.0000
3.5168 2.6501 0.0000
3.5262 2.3213 0.0000
3.3844 2.0956 0.0000
4.2203 -4.5505 0.0000
3.9877 -4.4611 0.0000
3.9964 4.5475 0.0000
-3.6322 0.5851 0.0000
-3.7779 0.3258 0.0000
2.2229 2.8150 0.0000
4.5249 3.7139 0.0000
4.2730 3.8246 0.0000
4.2701 3.5652 0.0000
1.7751 -0.6739 0.0021
4.7576 -2.7908 0.0000
4.7530 -3.0443 0.0000
4.5063 -2.9026 0.0000
4.5045 -3.1955 0.0000
-3.4783 0.3423 0.0000
0.7023 -0.8023 0.1968
0.7613 -1.1036 0.0974
2.7048 -1.5164 0.0000
2.5214 -1.7272 0.0000
4.4901 -0.5280 0.0000
4.2778 -0.3205 0.0000
4.2686 -0.5847 0.0000
4.0002 -0.5819 0.0000
3.7075 -0.6652 0.0000
-3.6031 1.8367 0.0000
-3.6970 1.5701 0.0000
-3.9726 1.5300 0.0000
-0.1123 4.4638 0.0000
-4.2862 -4.5398 0.0000
-4.2584 -4.7942 0.0000
3.4741 -1.5164 0.0000
3.2511 -1.6140 0.0000
3.1350 -1.8452 0.0000
0.4681 4.2034 0.0000
1.5678 -2.1531 0.0000
-1.6145 -0.0565 0.0000
-1.8779 0.0299 0.0000
1.3899 -3.9808 0.0000
-1.7327 4.5297 0.0000
1.9131 1.9038 0.0000
1.9617 1.6348 0.0000
-0.3686 -1.1373 0.0022
-0.5330 -1.3602 0.0005
-1.3896 0.6371 0.0000
1.6301 3.4536 0.0000
4.4640 4.2661 0.0000
4.1824 4.0935 0.0000
2.9993 -0.5435 0.0000
2.8156 -0.7229 0.0000
-3.1562 0.8990 0.0000
-3.0974 0.6420 0.0000
-3.3710 0.6263 0.0000
-2.8815 -3.3337 0.0000
0.8594 -1.3849 0.0402
0.8690 4.5053 0.0000
-1.3915 -4.0235 0.0000
-1.5257 -4.2630 0.0000
-1.6406 -4.5067 0.0000
3.6227 -4.3621 0.0000
3.7359 -4.5330 0.0000
3.5806 -4.7403 0.0000
4.2735 3.3062 0.0000
4.7525 -1.3162 0.0000
1.6059 2.3798 0.0000
1.4716 2.1108 0.0000
1.1660 1.8771 0.0000
-0.5886 -2.1319 0.0001
-0.6978 -2.4018 0.0000
4.2294 4.7237 0.0000
4.2197 4.3993 0.0000
-2.1242 -1.8875 0.0000
-2.4059 -1.9685 0.0000
-2.4758 -2.2577 0.0000
-2.6649 -2.0532 0.0000
-2.7822 -2.2995 0.0000
-3.1702 2.0498 0.0000
-3.3059 1.8567 0.0000
-1.9968 -2.3956 0.0000
-2.2717 -2.4684 0.0000
-2.3607 -2.7459 0.0000
-1.3226 -2.0193 0.0000
3.2081 -3.4364 0.0000
2.9928 -3.6405 0.0000
2.7677 -3.8066 0.0000
3.2972 2.4636 0.0000
3.0327 2.4469 0.0000
3.1775 2.2302 0.0000
2.9659 2.0935 0.0000
2.6616 2.0740 0.0000
1.5430 0.4856 0.0128
1.3155 0.4440 0.0664
-4.7620 4.1945 0.0000
-3.4732 -4.1981 0.0000
-3.7294 -4.2671 0.0000
-0.1979 2.5891 0.0000
1.1222 -4.7599 0.0000
-2.9424 -0.7086 0.0000
-3.1906 -0.8235 0.0000
3.2648 -0.2905 0.0000
2.9970 -0.2723 0.0000
3.1531 -0.7807 0.0000
3.0975 -1.1159 0.0000
2.9600 -0.9173 0.0000
2.7743 -1.0690 0.0000
3.4515 4.7323 0.0000
3.4843 4.4784 0.0000
1.0389 -1.9823 0.0015
0.7866 -2.1397 0.0012
1.0268 -2.2992 0.0002
0.7534 -2.4097 0.0002
-3.1099 1.6923 0.0000
-3.4277 1.6296 0.0000
0.6877 -0.0952 0.6115
0.5255 -0.2748 0.4927
0.3589 -0.4690 0.2768
2.2104 -0.2334 0.0000
1.8543 -0.4413 0.0012
-3.1706 -3.3718 0.0000
-3.2787 -3.6345 0.0000
1.0107 -4.5214 0.0000
0.8125 -4.7451 0.0000
-0.7286 -0.5164 0.0062
-0.7523 -0.7868 0.0017
-0.9819 -0.8803 0.0002
2.5804 0.5301 0.0000
2.2255 -3.8093 0.0000
1.9957 -3.9965 0.0000
-4.2331 3.9233 0.0000
-4.2456 3.6089 0.0000
0.9382 1.0371 0.0426
0.9344 0.9470 0.0664
0.8537 0.9690 0.0733
0.9075 0.8742 0.0980
0.7663 0.9596 0.0909
0.8269 0.8861 0.1120
0.8944 0.7949 0.1384
0.8084 0.8032 0.1612
0.8708 0.7168 0.1922
0.7933 0.7105 0.2288
0.7220 0.7666 0.2116
0.7297 0.8698 0.1419
0.6516 0.8276 0.1844
0.6377 0.7258 0.2669
0.7145 0.6608 0.3000
0.6171 0.6310 0.3594
0.5427 0.6920 0.3150
1.3465 -3.2209 0.0000
1.2001 -0.8756 0.0862
2.0205 4.7660 0.0000
1.8789 4.5177 0.0000
1.6004 4.4890 0.0000
3.2720 -4.7496 0.0000
2.3032 3.8088 0.0000
2.2136 3.5490 0.0000
-3.5798 1.0924 0.0000
-3.8799 1.0434 0.0000
0.2445 2.3193 0.0000
0.3501 4.7272 0.0000
0.0954 4.7124 0.0000
-3.2202 3.0523 0.0000
-3.5552 -4.4988 0.0000
-3.0630 -3.0879 0.0000
4.7597 -1.5493 0.0000
4.6929 -1.7978 0.0000
-0.3328 -0.1860 0.1010
-0.4180 -0.1432 0.0784
-0.4119 -0.2399 0.0661
-0.4934 -0.4335 0.0272
0.1729 3.4060 0.0000
2.5146 -3.9489 0.0000
-4.4924 3.7535 0.0000
0.4813 -1.0079 0.0872
0.2769 -1.2409 0.0272
2.7000 -3.2087 0.0000
2.4700 -3.3514 0.0000
4.7158 1.0173 0.0000
0.8497 -4.0428 0.0000
2.2435 2.3444 0.0000
1.8676 2.4629 0.0000
2.0031 2.2478 0.0000
1.7687 2.1439 0.0000
-4.0398 -4.3897 0.0000
2.2803 -4.0990 0.0000
-4.0514 2.0167 0.0000
2.0246 4.2758 0.0000
2.2342 0.9105 0.0000
1.9982 0.7264 0.0000
-0.8895 1.2429 0.0002
-1.1832 1.1755 0.0000
0.1361 3.6714 0.0000
-3.4754 3.1038 0.0000
-3.7138 3.1163 0.0000
1.1471 3.6591 0.0000
0.9475 3.4681 0.0000
1.1482 3.3013 0.0000
0.9055 3.2126 0.0000
0.6723 3.1796 0.0000
-0.1913 1.7510 0.0002
1.5665 1.3588 0.0002
-0.0820 -0.1066 0.2587
-0.1756 -0.0792 0.2059
-0.2554 -0.1344 0.1462
-1.3827 -3.2818 0.0000
-1.5865 -3.4826 0.0000
-1.1042 -3.4665 0.0000
-1.3097 -3.5472 0.0000
-1.2087 -3.7884 0.0000
-1.4967 -3.7659 0.0000
-1.6842 -4.0021 0.0000
-1.7666 -3.7310 0.0000
3.9141 1.5889 0.0000
3.6202 1.6312 0.0000
3.4228 1.4053 0.0000
-2.5794 -3.3022 0.0000
0.4427 1.8346 0.0002
0.2224 1.7893 0.0003
0.0154 1.7015 0.0005
0.9373 -2.6074 0.0000
0.9763 -2.8784 0.0000
0.7278 -3.0590 0.0000
3.8639 -2.7456 0.0000
3.6328 -2.8529 0.0000
3.4070 -2.9584 0.0000
-4.4874 4.8075 0.0000
-4.5509 4.6355 0.0000
-2.5203 -4.5329 0.0000
-2.8018 -4.5756 0.0000
-2.9803 -4.7561 0.0000
-4.4897 0.6000 0.0000
-4.7657 0.4784 0.0000
1.5832 -4.4887 0.0000
1.4217 -4.7481 0.0000
-2.3698 2.0168 0.0000
-4.7523 -1.1808 0.0000
-2.0352 0.2343 0.0000
-2.7842 4.4959 0.0000
-2.9237 4.2333 0.0000
-3.1853 4.2657 0.0000
-3.0170 1.3764 0.0000
-3.2421 1.4666 0.0000
-3.4977 1.3540 0.0000
-3.9904 -3.8864 0.0000
-4.2168 -4.0377 0.0000
-4.0389 -2.4027 0.0000
-4.5195 -0.7067 0.0000
-4.7091 -0.9742 0.0000
2.2866 -0.7592 0.0000
2.0001 -0.7781 0.0001
-4.2473 2.7659 0.0000
-4.4659 2.5733 0.0000
-4.7436 2.6856 0.0000
1.1308 -3.9762 0.0000
-4.7616 -3.2590 0.0000
-4.7525 -3.5822 0.0000
2.0645 -4.2900 0.0000
4.7581 0.7418 0.0000
1.3149 2.3529 0.0000
1.1843 2.1416 0.0000
0.9639 2.3199 0.0000
0.9345 2.0132 0.0000
0.6928 1.9041 0.0001
0.3484 -1.5231 0.0160
0.4315 -1.7791 0.0081
0.1347 -1.7650 0.0046
0.6853 -2.7828 0.0000
0.3581 -2.7423 0.0000
0.4434 -3.0000 0.0000
0.1417 -2.9241 0.0000
0.2229 -3.2081 0.0000
1.5151 -0.0101 0.0357
1.3675 -0.3058 0.0960
0.6521 -1.6027 0.0190
0.7667 -1.8523 0.0062
2.5179 -4.5333 0.0000
3.0663 -3.9484 0.0000
2.7843 -4.0931 0.0000
-3.0398 -1.0583 0.0000
-3.2992 -2.2637 0.0000
-3.5371 -2.4414 0.0000
-3.7884 -2.3373 0.0000
-4.2385 0.7074 0.0000
-2.6938 2.0850 0.0000
-2.9336 1.9009 0.0000
-2.6454 -0.7114 0.0000
0.7226 2.1931 0.0000
0.4621 2.0951 0.0000
0.2051 2.0493 0.0000
1.5193 4.2003 0.0000
1.2648 4.1637 0.0000
2.8108 3.6924 0.0000
2.5106 3.6085 0.0000
2.7061 3.4047 0.0000
2.4141 3.3416 0.0000
4.7628 -3.3241 0.0000
-4.2736 -2.5923 0.0000
-4.5159 -2.7674 0.0000
0.5081 -3.2799 0.0000
0.3109 -3.4913 0.0000
0.0195 -3.4309 0.0000
0.1015 -3.7122 0.0000
2.1134 -1.0185 0.0000
1.9146 -1.1773 0.0001
-2.5230 -3.7975 0.0000
4.7598 3.2694 0.0000
-0.1326 3.6472 0.0000
3.7478 3.7078 0.0000
1.8658 1.3244 0.0000
2.5985 3.8703 0.0000
-4.2074 4.7487 0.0000
-4.3574 4.5117 0.0000
-4.5279 4.3240 0.0000
-3.6900 3.6624 0.0000
-3.7032 3.3869 0.0000
-4.0272 -3.6011 0.0000
-4.2650 -3.7777 0.0000
-1.0402 3.7507 0.0000
-1.3423 3.7318 0.0000
-1.6293 3.7305 0.0000
4.5258 3.4223 0.0000
-4.3289 0.3685 0.0000
-4.5629 0.3126 0.0000
-4.7749 0.1466 0.0000
4.5035 1.3415 0.0000
4.4398 1.0689 0.0000
0.3646 4.4713 0.0000
4.2839 2.5707 0.0000
-2.8783 0.8329 0.0000
-0.4228 1.7667 0.0001
-0.6089 1.9319 0.0000
-0.8776 1.8534 0.0000
-4.4668 0.9028 0.0000
-4.7336 0.7807 0.0000
3.3536 2.9791 0.0000
3.2535 2.7281 0.0000
1.5572 -0.5024 0.0218
1.2722 -0.6104 0.1095
4.7664 4.7500 0.0000
4.5148 4.7701 0.0000
4.5341 -2.0622 0.0000
4.2618 -2.1138 0.0000
2.9931 -1.5621 0.0000
2.8344 -1.7923 0.0000
2.6213 -1.9876 0.0000
0.0747 -1.4301 0.0084
-0.0978 -1.6246 0.0029
-0.1935 -1.8527 0.0012
-2.3562 -0.1967 0.0000
-2.6420 -0.2444 0.0000
-3.7582 -0.9980 0.0000
-1.1586 0.6010 0.0004
1.7300 2.9688 0.0000
1.9315 2.7597 0.0000
1.6669 2.6758 0.0000
1.4623 2.8908 0.0000
1.3996 2.6066 0.0000
-1.6932 -3.1800 0.0000
-1.8513 -3.4399 0.0000
-2.1355 -3.4540 0.0000
3.2104 4.7181 0.0000
-4.4858 -4.1010 0.0000
-4.5234 -4.3914 0.0000
-3.5354 -3.0104 0.0000
3.2430 1.1715 0.0000
0.3017 -4.5153 0.0000
0.0362 -4.4851 0.0000
-0.0961 -4.7455 0.0000
2.3627 1.2863 0.0000
2.1307 1.1680 0.0000
1.9145 0.9963 0.0000
-0.0114 -0.8310 0.0336
-0.2369 -0.9045 0.0108
-2.9551 3.1874 0.0000
-2.9685 2.9038 0.0000
-0.5358 1.3285 0.0013
-0.4256 1.2972 0.0027
-0.4188 1.2162 0.0046
-0.5062 1.2286 0.0028
-0.4760 1.1366 0.0056
-3.9618 3.5166 0.0000
-0.1764 0.0124 0.2290
-0.2638 -0.0337 0.1648
-0.3422 0.0289 0.1330
-0.3490 -0.0811 0.1139
-2.0170 -3.6783 0.0000
-1.9942 -3.9686 0.0000
-3.9344 -1.8276 0.0000
-4.2053 -1.7273 0.0000
-3.9157 -2.1093 0.0000
-4.1923 -2.0298 0.0000
-4.2691 -2.2950 0.0000
3.6847 0.0972 0.0000
3.5002 -0.1384 0.0000
-4.7658 1.3563 0.0000
1.4997 -1.8751 0.0002
1.2651 -1.7333 0.0023
1.2915 -2.0421 0.0003
1.2833 -2.2800 0.0000
1.7859 -1.9419 0.0000
-2.7826 -1.2275 0.0000
-3.0950 -1.3359 0.0000
3.3815 -2.6637 0.0000
3.1330 -2.5641 0.0000
-0.0253 1.9503 0.0000
4.3042 0.4958 0.0000
-4.7699 1.0578 0.0000
2.9641 3.9336 0.0000
-0.9941 0.7793 0.0010
-4.7806 4.7803 0.0000
4.1288 -4.2135 0.0000
2.3201 3.0747 0.0000
-2.5729 -0.9865 0.0000
-1.7579 1.0586 0.0000
-1.8437 0.7836 0.0000
-2.1208 0.7291 0.0000
-1.9288 0.4956 0.0000
0.3659 2.5862 0.0000
-3.5445 -3.6784 0.0000
-2.5787 0.4847 0.0000
-2.8458 0.5395 0.0000
2.5442 -3.0102 0.0000
3.9806 0.0241 0.0000
3.7672 -0.1595 0.0000
-3.8953 0.5605 0.0000
-4.1246 0.4903 0.0000
-4.0411 0.2589 0.0000
-2.1877 4.7713 0.0000
-2.4037 4.7566 0.0000
3.9513 4.2751 0.0000
3.8580 4.0085 0.0000
3.5703 3.9568 0.0000
-4.7039 1.8943 0.0000
-4.7442 1.6406 0.0000
-1.7970 2.6235 0.0000
-1.9060 2.3377 0.0000
-4.7476 3.5962 0.0000
-2.9172 2.6021 0.0000
-1.8238 -4.2428 0.0000
-2.1164 -4.2438 0.0000
-1.8274 -0.2603 0.0000
-1.8939 -0.5538 0.0000
-2.1321 -0.3816 0.0000
-2.1533 -0.6552 0.0000
-2.3766 -0.7744 0.0000
1.2500 3.0841 0.0000
1.1901 2.7952 0.0000
0.9101 2.7055 0.0000
1.1082 2.5191 0.0000
2.7126 1.2436 0.0000
2.4765 1.0766 0.0000
0.6712 3.9782 0.0000
0.5840 3.7337 0.0000
0.6536 -4.5493 0.0000
0.4797 -4.7432 0.0000
0.1789 -4.7583 0.0000
4.0342 -0.2800 0.0000
1.5227 -2.6886 0.0000
1.5271 -2.9922 0.0000
2.4068 2.5893 0.0000
2.1157 2.5580 0.0000
-2.9773 2.2017 0.0000
0.5555 -1.9946 0.0033
0.2812 -2.0377 0.0023
2.3547 -4.7556 0.0000
2.1732 -4.5729 0.0000
4.1338 -3.7401 0.0000
3.9739 -3.9695 0.0000
-2.7884 2.3594 0.0000
-1.4301 -2.2803 0.0000
0.9158 1.7122 0.0004
0.6598 1.6594 0.0011
0.6721 1.4789 0.0045
0.8229 1.5020 0.0030
0.7373 1.3776 0.0087
0.6363 1.3649 0.0108
0.6842 1.2976 0.0160
0.6023 1.2872 0.0187
-0.3191 0.1286 0.1539
-0.4182 -0.0148 0.0943
-0.4679 -0.0782 0.0704
-0.4102 0.0997 0.1066
-0.4735 0.1699 0.0824
-0.5411 0.1105 0.0593
-0.5971 0.0446 0.0432
-0.4772 0.0505 0.0776
-0.5301 -0.0132 0.0574
-0.5533 -0.1093 0.0453
-0.4980 -0.1822 0.0516
-0.5058 -0.2840 0.0397
-0.5932 -0.2033 0.0314
-0.6234 -0.0447 0.0347
-0.6492 -0.1373 0.0265
-0.7651 -0.1695 0.0128
-0.6600 -0.3080 0.0173
0.1323 -0.5564 0.1352
2.5418 2.3447 0.0000
2.3651 2.1154 0.0000
-1.9349 -4.5001 0.0000
-2.0515 -4.7548 0.0000
-1.0397 -4.5005 0.0000
-1.1417 -4.7544 0.0000
-1.4479 -4.7576 0.0000
-3.8357 3.9025 0.0000
-4.0181 3.7702 0.0000
-1.7491 2.1109 0.0000
-2.0460 2.0588 0.0000
-1.8609 1.8278 0.0000
-2.1374 1.7854 0.0000
3.2160 -3.1714 0.0000
2.9560 -3.3414 0.0000
-0.3492 -4.7351 0.0000
1.8884 -3.4117 0.0000
-0.6666 1.6658 0.0000
-0.9160 1.5544 0.0000
-0.7063 1.4225 0.0002
3.7462 -3.0854 0.0000
3.5026 -3.2024 0.0000
-2.6408 -2.8049 0.0000
-2.9158 -2.8710 0.0000
-2.0471 -0.8832 0.0000
-1.9330 -1.1052 0.0000
-2.1553 -1.2318 0.0000
-2.3032 -1.4196 0.0000
0.8033 1.3073 0.0124
0.8335 1.2233 0.0197
0.7410 1.2068 0.0259
0.7911 1.1324 0.0363
0.7030 1.1318 0.0422
0.8348 1.0500 0.0515
0.7407 1.0436 0.0635
0.7460 1.2750 0.0169
0.6641 1.2221 0.0263
0.6229 1.1471 0.0426
0.5810 1.2113 0.0304
0.5146 1.1732 0.0393
0.6705 0.9520 0.1080
0.5901 0.8913 0.1513
0.6476 1.0548 0.0679
0.5557 1.0972 0.0588
0.4837 1.0442 0.0793
0.4147 0.9793 0.1082
0.5768 0.9946 0.0969
0.5031 0.9389 0.1291
2.6173 -0.9037 0.0000
2.4099 -1.0095 0.0000
2.2603 -1.2486 0.0000
-2.3733 0.6492 0.0000
-0.1777 3.1179 0.0000
-0.3379 2.8698 0.0000
-0.4777 3.1411 0.0000
-0.6387 2.9006 0.0000
-0.7927 2.6366 0.0000
-3.2640 -4.7147 0.0000
0.9933 2.9918 0.0000
0.7372 2.9203 0.0000
0.7537 2.5082 0.0000
0.5257 2.3797 0.0000
1.4095 -3.4917 0.0000
1.5025 -3.7558 0.0000
-3.7670 2.0709 0.0000
1.8838 -4.5187 0.0000
2.0227 -4.7771 0.0000
1.7196 -4.7535 0.0000
1.8460 -3.7704 0.0000
1.6835 -3.9742 0.0000
1.5271 -4.2299 0.0000
-0.3708 4.2159 0.0000
-0.0662 -3.1503 0.0000
-0.2717 -3.3760 0.0000
-0.4557 -3.6033 0.0000
-2.9665 0.2999 0.0000
-1.9693 2.8594 0.0000
2.5763 -1.2429 0.0000
2.4062 -1.4685 0.0000
2.2165 -1.6547 0.0000
0.1567 -2.2914 0.0005
2.6300 4.7628 0.0000
0.2140 -0.9881 0.0436
-0.0393 -1.1378 0.0105
-0.9851 1.0019 0.0004
0.9485 -0.8899 0.1541
-0.3345 0.5833 0.0920
-0.3595 0.4850 0.1021
-0.4345 0.4393 0.0801
-0.5059 0.4878 0.0530
-0.5486 0.4121 0.0484
-0.6410 0.3832 0.0307
-0.8563 0.2399 0.0090
-0.8168 0.3218 0.0111
-0.4763 0.3557 0.0738
-0.5697 0.3103 0.0488
-0.6592 0.2919 0.0304
-0.6649 0.2106 0.0308
-0.7553 0.2532 0.0176
-0.7433 0.1598 0.0195
-0.8217 0.1615 0.0118
-0.9159 0.1098 0.0060
2.7095 2.5997 0.0000
0.4904 -2.2625 0.0007
0.5745 -2.5594 0.0001
1.6849 0.7795 0.0014
2.0272 -3.6233 0.0000
-0.1758 -3.6616 0.0000
-0.3634 -3.8901 0.0000
-0.6309 -3.8522 0.0000
1.5204 -2.4110 0.0000
1.2252 -2.5541 0.0000
1.2665 -2.8190 0.0000
1.1236 4.5258 0.0000
-4.7447 -4.1901 0.0000
1.2079 -3.6980 0.0000
4.7369 4.1991 0.0000
4.4896 4.0031 0.0000
4.3415 -3.6377 0.0000
4.5007 -3.8207 0.0000
-0.3299 0.8514 0.0404
-0.4030 0.7678 0.0406
-0.5013 0.7241 0.0298
-0.5498 0.6480 0.0293
-0.6070 0.7106 0.0179
-0.6862 0.5365 0.0181
-0.7496 0.6110 0.0102
-0.2961 0.7658 0.0631
-0.3474 0.6878 0.0662
-0.4324 0.6547 0.0508
-0.4987 0.5925 0.0438
-0.4275 0.5463 0.0678
-0.5743 0.5465 0.0332
-0.6387 0.6135 0.0198
-0.6189 0.4751 0.0301
-0.7862 0.5148 0.0101
-0.7175 0.4466 0.0178
-0.7336 0.3542 0.0184
-0.8380 0.5884 0.0060
-0.8813 0.4847 0.0055
-1.0089 0.4129 0.0023
-0.8172 0.4161 0.0098
-0.8993 0.3480 0.0060
4.1907 0.2319 0.0000
3.9507 -2.1284 0.0000
4.1085 -2.3111 0.0000
3.9070 -2.4511 0.0000
3.6478 -2.5564 0.0000
-1.6947 4.7719 0.0000
1.6595 1.8634 0.0000
-3.6892 0.8238 0.0000
-3.9731 0.7870 0.0000
0.0623 -2.6134 0.0001
-0.2391 -2.6028 0.0000
-0.4249 -2.8355 0.0000
-0.1381 -2.8685 0.0000
1.4475 3.6847 0.0000
1.3401 3.4265 0.0000
-3.0815 -2.7041 0.0000
-3.2702 -2.8788 0.0000
-3.3428 -3.1585 0.0000
-1.5440 -2.5376 0.0000
-1.8072 -2.6147 0.0000
-3.5745 -1.1759 0.0000
-3.9393 -1.1597 0.0000
-3.9650 -1.5505 0.0000
-4.4686 2.3147 0.0000
-4.5334 2.0870 0.0000
0.4444 2.9806 0.0000
0.5743 2.7151 0.0000
0.2369 2.8172 0.0000
4.4882 -4.1336 0.0000
4.3196 -4.3487 0.0000
2.9414 -2.0704 0.0000
2.6997 -2.2322 0.0000
2.5620 -2.4361 0.0000
2.9257 4.7576 0.0000
2.7368 4.5116 0.0000
-3.5298 -0.2488 0.0000
-2.2452 0.0898 0.0000
-2.5347 0.0263 0.0000
1.2756 -4.2455 0.0000
1.2903 -4.4933 0.0000
0.1223 -0.3630 0.2366
-2.2742 -1.0179 0.0000
2.0612 0.4575 0.0000
1.9128 0.2533 0.0005
1.7900 0.0152 0.0028
3.5577 -3.6996 0.0000
3.2664 -3.7057 0.0000
-3.0580 0.0634 0.0000
-3.1778 -0.1596 0.0000
1.6050 -1.1969 0.0025
1.3161 -1.2253 0.0180
0.1904 -3.9789 0.0000
0.0433 -4.2346 0.0000
-0.2047 -4.2241 0.0000
-1.9587 4.7049 0.0000
-2.1850 4.5061 0.0000
3.9919 -3.2348 0.0000
3.7361 -3.4119 0.0000
-2.3045 4.2697 0.0000
-2.4188 4.0329 0.0000
-2.5868 3.8007 0.0000
-4.0280 -4.6913 0.0000
-0.3735 4.4730 0.0000
-0.6483 4.4836 0.0000
-0.6441 4.2311 0.0000
2.4999 0.2979 0.0000
2.2483 0.2913 0.0000
2.0931 0.0516 0.0000
3.6833 4.7436 0.0000
-1.7514 -4.7550 0.0000
1.7920 0.5125 0.0012
4.2593 -3.3768 0.0000
4.0228 -3.5050 0.0000
-4.2526 0.1168 0.0000
-4.5129 0.0604 0.0000
-4.7086 -0.1693 0.0000
4.4499 -0.8333 0.0000
4.3394 -1.0830 0.0000
4.2290 -1.3549 0.0000
4.1565 -0.8484 0.0000
4.0434 -1.1230 0.0000
-3.6948 -0.7214 0.0000
-3.9606 -0.8286 0.0000
-2.2030 2.2848 0.0000
-2.4956 2.2833 0.0000
-3.7818 -2.8809 0.0000
-4.0105 -3.0322 0.0000
2.7146 -0.4417 0.0000
2.5408 -0.6724 0.0000
-2.0688 2.5641 0.0000
-2.3424 2.5281 0.0000
-4.3355 1.9748 0.0000
-4.4613 1.7350 0.0000
-2.2935 -3.2389 0.0000
-4.7291 2.3955 0.0000
-4.7757 2.1452 0.0000
-1.9441 1.2907 0.0000
-2.1955 1.2252 0.0000
-2.0433 1.0002 0.0000
-2.3539 0.9550 0.0000
-2.6140 0.7666 0.0000
-4.2629 -3.4760 0.0000
-4.5040 -3.6307 0.0000
-4.5215 -3.8749 0.0000
-4.7593 -3.8894 0.0000
3.9647 -1.3951 0.0000
3.7141 -1.4105 0.0000
-0.1140 -2.3430 0.0002
0.2414 0.3347 0.5579
0.2009 0.4163 0.4843
0.1430 0.3400 0.4845
0.0998 0.4342 0.4056
-0.0005 0.4351 0.3333
0.0523 0.3491 0.4095
-0.0277 0.3252 0.3523
0.1795 0.2521 0.5434
0.1362 0.1654 0.5165
0.0778 0.2588 0.4563
0.0509 0.1671 0.4401
-0.0198 0.2327 0.3754
-0.0396 0.1368 0.3579
0.3637 1.2945 0.0185
0.2785 1.3077 0.0160
0.5410 1.3458 0.0132
0.5163 1.2666 0.0224
0.4518 1.3280 0.0152
0.4353 1.2334 0.0278
0.2783 1.2207 0.0277
0.1870 1.2457 0.0215
0.0300 1.2482 0.0161
0.1091 1.1820 0.0279
0.2032 1.1586 0.0368
3.1144 -4.4939 0.0000
2.6715 -4.7511 0.0000
3.1446 -2.8692 0.0000
2.9429 -3.0605 0.0000
-1.5843 -2.0498 0.0000
-1.7242 -2.3002 0.0000
1.0903 0.7513 0.0876
1.1119 0.4948 0.1610
0.9729 0.7304 0.1410
0.9188 0.6397 0.2169
1.0315 0.6248 0.1609
0.9032 0.5583 0.2786
0.9727 0.5169 0.2524
0.9802 0.4062 0.3016
0.8838 0.3510 0.4208
0.9410 0.2359 0.4118
0.8334 0.5324 0.3450
0.8701 0.4544 0.3726
0.7596 0.4921 0.4263
0.7902 0.4275 0.4557
0.8009 0.3432 0.5020
0.7922 0.2289 0.5617
0.7191 0.3996 0.5271
0.7214 0.3195 0.5788
0.6457 0.3225 0.6227
0.5794 0.2719 0.6758
0.6728 0.2370 0.6487
0.5911 0.1775 0.6998
0.7007 0.1169 0.6521
0.5887 0.0435 0.6868
4.7437 2.6585 0.0000
4.5201 2.4766 0.0000
-3.2805 0.1632 0.0000
-3.4013 -0.0400 0.0000
4.0450 0.5244 0.0000
3.8855 0.2990 0.0000
-0.4756 4.7438 0.0000
-0.7569 4.7501 0.0000
4.1909 -4.7748 0.0000
4.7557 3.8943 0.0000
4.7661 3.5822 0.0000
4.4984 -1.3108 0.0000
4.2163 -1.6083 0.0000
1.7568 -0.9519 0.0013
-0.2962 -2.1092 0.0004
-2.4686 2.7844 0.0000
-2.6165 2.5468 0.0000
-3.7796 1.3050 0.0000
-4.0593 1.2626 0.0000
-0.5686 1.1764 0.0028
-0.5788 1.0921 0.0042
-0.6612 1.2385 0.0012
-0.6884 1.1231 0.0019
-0.6566 1.0280 0.0038
-0.7202 0.9511 0.0037
-0.7870 1.0401 0.0016
-0.8331 0.8979 0.0022
3.4292 3.7145 0.0000
3.2826 3.4648 0.0000
2.9898 3.4468 0.0000
-3.1993 3.3569 0.0000
-3.4614 3.3338 0.0000
3.3782 -3.9500 0.0000
2.9550 1.1531 0.0000
-3.4846 -3.3805 0.0000
1.6893 -3.5780 0.0000
3.7444 4.5021 0.0000
3.6669 4.2319 0.0000
3.3927 4.1938 0.0000
1.8338 -2.2238 0.0000
0.0364 3.9269 0.0000
-2.8277 -0.0194 0.0000
-2.9563 -0.2714 0.0000
1.0267 -4.2468 0.0000
0.8102 -4.3750 0.0000
3.9469 0.8041 0.0000
3.6537 0.8561 0.0000
3.4811 0.6353 0.0000
-1.0234 4.7630 0.0000
-1.2225 4.7306 0.0000
-1.2049 4.4909 0.0000
-1.4165 4.2190 0.0000
2.2441 -3.4891 0.0000
-0.9621 -2.4558 0.0000
-1.0734 -2.7170 0.0000
4.4914 -1.5675 0.0000
4.3758 -1.8376 0.0000
3.9348 4.7788 0.0000
4.7803 -0.7915 0.0000
4.6731 -1.0417 0.0000
0.6152 4.4741 0.0000
-2.6712 4.7516 0.0000
-2.4736 4.5132 0.0000
-2.6092 4.2634 0.0000
0.7794 -3.3315 0.0000
0.9088 -3.5415 0.0000
0.6170 -3.5667 0.0000
0.3911 -3.7615 0.0000
1.5125 -0.7757 0.0195
4.0727 2.4168 0.0000
4.0543 2.0738 0.0000
3.8941 2.2685 0.0000
3.8507 1.8750 0.0000
-2.8652 -1.5084 0.0000
-3.1727 -1.5970 0.0000
-2.9436 -1.7596 0.0000
-3.1676 -1.8994 0.0000
3.0623 1.3777 0.0000
-4.5151 -3.0674 0.0000
-4.5154 -3.3576 0.0000
-4.3829 -0.1734 0.0000
-4.4801 -0.4422 0.0000
-4.7512 -0.4627 0.0000
-4.7589 -0.7354 0.0000
-2.6441 1.8173 0.0000
3.0693 2.9492 0.0000
2.7912 2.8936 0.0000
-0.5752 0.2064 0.0502
-0.6500 0.1209 0.0336
-0.6974 0.0303 0.0246
-0.7563 0.0840 0.0178
-0.8272 0.0553 0.0111
-0.7091 -0.0639 0.0210
-0.8018 -0.0291 0.0123
-0.9661 -0.0848 0.0036
-1.1342 -0.3157 0.0006
-4.4958 3.1613 0.0000
-4.5036 2.8675 0.0000
0.8548 3.7289 0.0000
0.6704 3.4581 0.0000
0.4121 3.2737 0.0000
-2.6538 -4.7820 0.0000
2.7255 -3.5086 0.0000
2.4864 -3.6607 0.0000
-1.6980 4.2600 0.0000
-1.8558 4.0451 0.0000
-1.8860 3.7932 0.0000
-2.0964 3.6214 0.0000
-2.8344 -0.9333 0.0000
1.7700 4.2436 0.0000
2.0769 -2.3943 0.0000
-2.7386 4.0181 0.0000
-3.0221 3.9532 0.0000
-2.9209 -4.1224 0.0000
-3.1971 -4.1659 0.0000
-1.5858 1.8754 0.0000
-1.4001 1.6490 0.0000
-1.6829 1.5896 0.0000
-1.6816 1.3321 0.0000
-0.9510 2.8670 0.0000
-1.0796 2.6132 0.0000
-1.3335 2.4949 0.0000
-3.6502 4.4593 0.0000
-3.9029 4.3694 0.0000
-3.4598 4.2003 0.0000
-3.7260 4.1628 0.0000
-4.0143 4.1122 0.0000
2.5678 -2.7155 0.0000
2.3056 -2.8357 0.0000
2.3216 -3.1388 0.0000
1.7858 -2.5112 0.0000
2.0443 -2.6794 0.0000
1.7871 -2.8215 0.0000
-1.5341 2.6986 0.0000
-1.6034 2.3960 0.0000
0.8356 4.7494 0.0000
1.0631 -1.1501 0.0620
0.9336 -3.7710 0.0000
0.6738 -3.8362 0.0000
-3.4734 -0.9007 0.0000
-3.3019 -1.1330 0.0000
-0.2355 -4.4787 0.0000
-0.4815 -4.4098 0.0000
-0.5717 -4.6952 0.0000
-0.7538 -4.4560 0.0000
-0.8435 -4.7399 0.0000
2.0616 -2.9733 0.0000
2.1002 -3.2707 0.0000
-3.4578 2.8427 0.0000
-3.6496 2.6308 0.0000
-3.7465 2.8703 0.0000
-2.7459 1.3161 0.0000
-2.9567 1.1063 0.0000
-2.0756 -2.6919 0.0000
-2.1725 -2.9684 0.0000
1.1109 4.7601 0.0000
4.4816 0.2651 0.0000
1.4011 4.7248 0.0000
1.3362 4.4324 0.0000
2.7720 -2.8893 0.0000
-0.0991 -3.9593 0.0000
-0.4170 -4.1301 0.0000
-0.6681 -4.1521 0.0000
-0.8854 -0.3274 0.0041
-1.0087 -0.5844 0.0007
-0.8872 3.4803 0.0000
-1.1885 3.4960 0.0000
-1.0298 3.2491 0.0000
-1.3297 3.2499 0.0000
-0.3050 1.5512 0.0007
-0.3065 1.4070 0.0021
-0.4127 1.4114 0.0013
-0.3441 1.3137 0.0034
-0.3312 1.2167 0.0066
1.2827 1.3966 0.0012
1.1378 1.2164 0.0078
0.9515 1.2568 0.0118
1.0146 1.1317 0.0204
0.8926 1.1381 0.0281
-4.7460 -2.0268 0.0000
0.1830 -0.0097 0.5129
0.1450 -0.0857 0.4410
0.0791 -0.1296 0.3650
0.0477 -0.2224 0.2869
-0.0149 -0.2891 0.2130
0.0834 -0.0136 0.4283
0.0065 -0.0706 0.3399
-0.0143 -0.1610 0.2812
-0.0717 -0.2170 0.2179
-0.1379 -0.2719 0.1600
-0.0822 -0.4017 0.1306
-0.2257 -0.3331 0.1040
-2.5567 1.5255 0.0000
4.7648 2.3454 0.0000
4.5314 2.1774 0.0000
-1.7014 -1.0095 0.0000
-1.9435 -1.3927 0.0000
-0.0552 2.2634 0.0000
0.6594 -4.1865 0.0000
0.5060 -4.3724 0.0000
4.7561 1.2508 0.0000
4.7575 2.0375 0.0000
4.7620 1.7494 0.0000
4.5320 1.8564 0.0000
4.4363 1.6219 0.0000
2.3294 -1.9383 0.0000
1.5088 3.1878 0.0000
2.0468 -1.8896 0.0000
4.2726 2.2706 0.0000
-4.5263 -4.7124 0.0000
-4.7844 -4.7828 0.0000
-2.3700 3.5043 0.0000
-2.4097 3.2606 0.0000
-4.7571 -2.3276 0.0000
2.1323 2.0444 0.0000
4.4998 -0.0141 0.0000
-3.3895 -3.9210 0.0000
-3.6865 -3.9800 0.0000
2.8305 1.8650 0.0000
2.6545 1.7022 0.0000
2.3617 1.6068 0.0000
2.1512 1.4555 0.0000
2.8247 0.6785 0.0000
2.8022 0.3309 0.0000
-3.3928 2.5368 0.0000
-3.6304 2.3364 0.0000
-2.1157 3.3450 0.0000
-2.1875 3.0621 0.0000
-3.9560 -4.1537 0.0000
-3.1865 2.7323 0.0000
-3.1144 2.4267 0.0000
1.6215 0.2522 0.0115
1.3521 0.2085 0.0832
1.1052 0.1020 0.2786
1.2760 -0.0799 0.1598
2.6474 0.0735 0.0000
2.3801 0.0214 0.0000
2.4995 -0.2216 0.0000
2.3836 -0.4673 0.0000
2.0995 -0.5107 0.0000
2.7518 0.9561 0.0000
-3.9534 -0.5652 0.0000
-4.2411 -0.6950 0.0000
-4.1464 -0.9847 0.0000
-4.4519 -0.9722 0.0000
0.5215 0.5961 0.4118
0.4456 0.6581 0.3522
0.4282 0.5604 0.4478
0.4051 0.4665 0.5344
0.3332 0.5286 0.4586
0.3101 0.4190 0.5426
0.2499 0.4937 0.4554
-1.5017 3.4818 0.0000
-1.8222 3.4747 0.0000
-1.9034 3.1580 0.0000
-0.2102 1.4299 0.0025
-0.2644 1.3433 0.0038
-0.2769 1.2742 0.0057
-0.1058 0.2753 0.2992
-0.1221 0.1836 0.2917
-0.1543 0.0977 0.2602
-0.2079 0.2541 0.2246
-0.2238 0.1602 0.2152
-0.2508 0.0653 0.1891
1.4203 -0.9967 0.0205
3.9514 -1.6449 0.0000
3.7488 -1.9412 0.0000
-2.6986 -3.5670 0.0000
4.5311 -3.4771 0.0000
-0.0941 4.2000 0.0000
-3.4187 -1.7307 0.0000
-3.3815 -2.0142 0.0000
-3.5961 -2.1678 0.0000
-0.5373 3.9613 0.0000
-0.4159 3.6985 0.0000
-0.5852 3.4866 0.0000
-0.6912 3.2739 0.0000
2.3226 -4.3782 0.0000
-4.2727 -1.1909 0.0000
-4.0872 -1.3456 0.0000
-4.2887 -1.4846 0.0000
-4.5089 -1.6007 0.0000
-2.7191 0.2425 0.0000
-2.6653 3.2965 0.0000
-2.7039 3.0465 0.0000
0.3489 3.9045 0.0000
-3.5382 -4.7431 0.0000
3.2653 3.9422 0.0000
3.1198 3.6982 0.0000
2.4584 1.8787 0.0000
2.1877 1.7946 0.0000
-4.5183 -2.4637 0.0000
-1.4202 1.3796 0.0000
-1.4650 1.1044 0.0000
-1.5576 0.8451 0.0000
-1.6647 0.5648 0.0000
3.2348 4.4288 0.0000
3.0061 4.4978 0.0000
3.0458 0.8885 0.0000
3.1956 0.6786 0.0000
3.0176 0.5059 0.0000
4.7787 -2.0548 0.0000
4.7419 -2.3176 0.0000
4.7243 -2.5664 0.0000
1.1301 -3.4082 0.0000
2.5649 -4.2458 0.0000
-0.1178 1.5423 0.0014
2.2994 0.5966 0.0000
-0.2916 2.0322 0.0000
4.2690 -3.9772 0.0000
-4.7599 -2.9469 0.0000
2.0987 -2.1281 0.0000
3.7257 3.1357 0.0000
0.2340 0.8392 0.1734
0.1768 0.7621 0.2125
0.0979 0.7379 0.2035
0.1124 0.6605 0.2617
0.0443 0.6216 0.2558
0.0120 0.7135 0.1858
0.0779 0.5354 0.3297
-0.0182 0.5387 0.2694
-0.1144 0.5790 0.1943
-0.0927 0.4769 0.2511
-0.0471 0.6335 0.2029
-0.2194 0.5904 0.1374
-0.0934 0.3862 0.2837
-0.1947 0.4238 0.2028
-0.1638 0.3367 0.2447
-0.2547 0.3401 0.1828
-0.1750 0.5109 0.1873
-0.2663 0.5030 0.1406
-0.3018 0.4144 0.1424
-0.3756 0.3719 0.1126
-0.3224 0.2995 0.1479
-0.4079 0.2801 0.1064
-0.4908 0.2572 0.0745
-0.2974 0.2238 0.1676
-0.3868 0.1989 0.1194
-1.3285 -0.5023 0.0001
-1.6346 -0.4552 0.0000
-1.4713 -0.9623 0.0000
-1.5529 -0.7077 0.0000
-1.8047 -0.7841 0.0000
4.7567 0.4360 0.0000
0.1399 4.4290 0.0000
0.4456 1.1327 0.0499
0.3582 1.1768 0.0380
0.2818 1.0999 0.0554
0.1739 1.0811 0.0541
0.0320 0.9883 0.0669
0.3787 1.0722 0.0681
0.3238 0.9956 0.0966
0.2294 1.0068 0.0843
0.2651 0.9199 0.1295
0.1763 0.9204 0.1167
0.1283 0.9979 0.0765
0.0797 0.9108 0.1039
0.1354 0.8376 0.1532
0.0492 0.8133 0.1438
-0.0129 0.8908 0.0931
-0.0424 0.7975 0.1241
-0.0885 0.7095 0.1475
-0.1569 0.6643 0.1385
2.9417 -2.3528 0.0000
2.7879 -2.5463 0.0000
-2.9601 4.7556 0.0000
-3.0762 4.5094 0.0000
-3.3736 4.4913 0.0000
4.2505 -3.0865 0.0000
-2.8460 1.6028 0.0000
1.8331 4.0006 0.0000
1.5570 3.9571 0.0000
1.7335 3.7244 0.0000
0.3921 3.5718 0.0000
1.7062 1.6067 0.0000
1.4386 1.6205 0.0001
4.2465 -2.8075 0.0000
4.0937 -2.6357 0.0000
3.9954 -2.9499 0.0000
2.8019 -4.4527 0.0000
3.5264 -4.1801 0.0000
3.4079 -4.4933 0.0000
4.5254 -0.2915 0.0000
-0.8736 -3.9372 0.0000
-0.9367 -4.2345 0.0000
-1.1125 -4.0210 0.0000
-1.2288 -4.2697 0.0000
-1.3404 -4.5135 0.0000
-0.5085 -0.6432 0.0115
-0.4979 -0.8915 0.0037
-0.6861 -1.0907 0.0005
-2.7198 2.7940 0.0000
-3.3181 2.2625 0.0000
-3.4849 2.0764 0.0000
-3.6648 -0.4526 0.0000
-3.9018 -0.2970 0.0000
3.2705 -4.2288 0.0000
2.9953 -4.2401 0.0000
2.1669 4.5301 0.0000
2.2969 4.2871 0.0000
1.3998 1.8617 0.0000
1.1746 1.6316 0.0003
-0.2474 3.9385 0.0000
1.0294 1.4357 0.0027
0.8719 1.3609 0.0074
-3.7900 -3.7290 0.0000
3.7851 3.3989 0.0000
4.7499 0.1455 0.0000
-1.4420 4.7428 0.0000
-1.4699 4.4847 0.0000
-3.2463 4.0275 0.0000
-3.3425 3.8212 0.0000
-2.3983 -3.5285 0.0000
-2.2139 0.4388 0.0000
-2.4139 0.2906 0.0000
2.3782 -2.2277 0.0000
2.3128 -2.5435 0.0000
-0.4828 -1.8704 0.0004
-1.1396 -2.2213 0.0000
-1.2480 -2.4887 0.0000
2.8808 4.2681 0.0000
2.7522 4.0454 0.0000
-3.7877 -4.7690 0.0000
-2.6213 3.5461 0.0000
-2.9135 3.4617 0.0000
3.8790 -0.8794 0.0000
3.5921 -0.9474 0.0000
3.7639 -1.1546 0.0000
3.3117 -1.0011 0.0000
3.4642 -1.2293 0.0000
