5.0000 5.0000 0.0000
0.0000 5.0000 0.0000
2.5000 5.0000 0.0000
3.7500 5.0000 0.0000
4.3750 5.0000 0.0000
4.6875 5.0000 0.0000
4.0625 5.0000 0.0000
3.1250 5.0000 0.0000
3.4375 5.0000 0.0000
2.8125 5.0000 0.0000
1.2500 5.0000 0.0000
1.8750 5.0000 0.0000
2.1875 5.0000 0.0000
1.5625 5.0000 0.0000
0.6250 5.0000 0.0000
0.9375 5.0000 0.0000
0.3125 5.0000 0.0000
-2.5000 5.0000 0.0000
-1.2500 5.0000 0.0000
-0.6250 5.0000 0.0000
-0.3125 5.0000 0.0000
-0.9375 5.0000 0.0000
-1.8750 5.0000 0.0000
-1.5625 5.0000 0.0000
-2.1875 5.0000 0.0000
-3.7500 5.0000 0.0000
-3.1250 5.0000 0.0000
-2.8125 5.0000 0.0000
-3.4375 5.0000 0.0000
-4.3750 5.0000 0.0000
-4.0625 5.0000 0.0000
-4.6875 5.0000 0.0000
5.0000 -5.0000 0.0000
5.0000 0.0000 0.0000
5.0000 -2.5000 0.0000
5.0000 -3.7500 0.0000
5.0000 -4.3750 0.0000
5.0000 -4.6875 0.0000
5.0000 -4.0625 0.0000
5.0000 -3.1250 0.0000
5.0000 -3.4375 0.0000
5.0000 -2.8125 0.0000
5.0000 -1.2500 0.0000
5.0000 -1.8750 0.0000
5.0000 -2.1875 0.0000
5.0000 -1.5625 0.0000
5.0000 -0.6250 0.0000
5.0000 -0.9375 0.0000
5.0000 -0.3125 0.0000
5.0000 2.5000 0.0000
5.0000 1.2500 0.0000
5.0000 0.6250 0.0000
5.0000 0.3125 0.0000
5.0000 0.9375 0.0000
5.0000 1.8750 0.0000
5.0000 1.5625 0.0000
5.0000 2.1875 0.0000
5.0000 3.7500 0.0000
5.0000 3.1250 0.0000
5.0000 2.8125 0.0000
5.0000 3.4375 0.0000
5.0000 4.3750 0.0000
5.0000 4.0625 0.0000
5.0000 4.6875 0.0000
-5.0000 -5.0000 0.0000
0.0000 -5.0000 0.0000
-2.5000 -5.0000 0.0000
-3.7500 -5.0000 0.0000
-4.3750 -5.0000 0.0000
-4.6875 -5.0000 0.0000
-4.0625 -5.0000 0.0000
-3.1250 -5.0000 0.0000
-3.4375 -5.0000 0.0000
-2.8125 -5.0000 0.0000
-1.2500 -5.0000 0.0000
-1.8750 -5.0000 0.0000
-2.1875 -5.0000 0.0000
-1.5625 -5.0000 0.0000
-0.6250 -5.0000 0.0000
-0.9375 -5.0000 0.0000
-0.3125 -5.0000 0.0000
2.5000 -5.0000 0.0000
1.2500 -5.0000 0.0000
0.6250 -5.0000 0.0000
0.3125 -5.0000 0.0000
0.9375 -5.0000 0.0000
1.8750 -5.0000 0.0000
1.5625 -5.0000 0.0000
2.1875 -5.0000 0.0000
3.7500 -5.0000 0.0000
3.1250 -5.0000 0.0000
2.8125 -5.0000 0.0000
3.4375 -5.0000 0.0000
4.3750 -5.0000 0.0000
4.0625 -5.0000 0.0000
4.6875 -5.0000 0.0000
-5.0000 5.0000 0.0000
-5.0000 0.0000 0.0000
-5.0000 2.5000 0.0000
-5.0000 3.7500 0.0000
-5.0000 4.3750 0.0000
-5.0000 4.6875 0.0000
-5.0000 4.0625 0.0000
-5.0000 3.1250 0.0000
-5.0000 3.4375 0.0000
-5.0000 2.8125 0.0000
-5.0000 1.2500 0.0000
-5.0000 1.8750 0.0000
-5.0000 2.1875 0.0000
-5.0000 1.5625 0.0000
-5.0000 0.6250 0.0000
-5.0000 0.9375 0.0000
-5.0000 0.3125 0.0000
-5.0000 -2.5000 0.0000
-5.0000 -1.2500 0.0000
-5.0000 -0.6250 0.0000
-5.0000 -0.3125 0.0000
-5.0000 -0.9375 0.0000
-5.0000 -1.8750 0.0000
-5.0000 -1.5625 0.0000
-5.0000 -2.1875 0.0000
-5.0000 -3.7500 0.0000
-5.0000 -3.1250 0.0000
-5.0000 -2.8125 0.0000
-5.0000 -3.4375 0.0000
-5.0000 -4.3750 0.0000
-5.0000 -4.0625 0.0000
-5.0000 -4.6875 0.0000
1.7812 3.1255 0.0000
-0.5601 -2.9776 0.0000
-0.7971 -3.0711 0.0000
-1.0195 -3.2319 0.0000
-1.2197 -3.4710 0.0000
-0.5713 -3.5409 0.0000
-0.5201 -3.8198 0.0000
-0.7842 -3.7262 0.0000
-0.9890 -3.8960 0.0000
-0.9438 -3.5364 0.0000
-1.1435 -3.7175 0.0000
-1.3678 -3.8132 0.0000
-1.2379 -4.0443 0.0000
4.2266 0.0471 0.0000
4.2405 -0.4493 0.0000
3.1192 0.0278 0.0000
2.8317 -0.0745 0.0000
2.6392 -0.2545 0.0000
-3.3960 -3.6858 0.0000
1.3864 -2.8786 0.0000
1.1327 -2.9521 0.0000
0.9083 -2.7971 0.0000
0.8746 -3.0909 0.0000
-1.4042 4.7514 0.0000
-3.1772 -2.0737 0.0000
-3.0116 3.5933 0.0000
-3.1322 3.3895 0.0000
-3.2834 3.1785 0.0000
-4.7551 -0.7790 0.0000
-2.3565 -3.5696 0.0000
-4.2645 -1.4673 0.0000
-4.3582 -1.7381 0.0000
3.9966 0.1212 0.0000
2.2665 -1.7181 0.0000
-4.2311 -0.1133 0.0000
-0.6607 -0.5965 0.1316
-0.6632 -0.6961 0.1018
4.2559 -1.0466 0.0000
-0.3583 0.7619 0.1643
-0.3392 0.6842 0.2075
-0.4071 0.6447 0.2081
-0.4580 0.5661 0.2282
-0.5542 0.5704 0.1880
-0.5078 0.4873 0.2423
-0.6073 0.4982 0.1917
-0.6497 0.4104 0.1992
-0.7040 0.4914 0.1506
-0.7476 0.4061 0.1517
-0.6988 0.3283 0.1944
-0.7983 0.3111 0.1454
-0.8323 0.3833 0.1175
-0.8333 0.2515 0.1365
-0.8907 0.2173 0.1128
-0.9071 0.1554 0.1101
-0.9175 0.2827 0.0949
-1.0019 0.1863 0.0703
-0.9969 0.0852 0.0762
-2.8973 3.8011 0.0000
-3.0868 3.9899 0.0000
-3.2280 3.7318 0.0000
-3.8811 4.7750 0.0000
-3.9998 4.5608 0.0000
4.3916 -0.1830 0.0000
3.2687 -4.4593 0.0000
3.1592 -4.1788 0.0000
2.8544 -4.2223 0.0000
-0.8174 -0.0612 0.1594
-1.0462 -0.0295 0.0605
-0.9132 -0.0536 0.1110
-0.9810 -0.1580 0.0789
-1.2016 -0.4154 0.0179
-0.7150 -4.0342 0.0000
-1.1065 -4.3719 0.0000
-4.4411 -0.9975 0.0000
-2.6619 1.6774 0.0000
-2.7420 1.4073 0.0000
-1.5340 4.4719 0.0000
-1.7354 4.2363 0.0000
0.1537 2.0207 0.0002
0.0604 1.7491 0.0013
-0.2202 1.6841 0.0020
-1.2167 4.0308 0.0000
-2.5936 2.8563 0.0000
-2.8489 2.7658 0.0000
-3.1085 4.5096 0.0000
-3.4107 4.5082 0.0000
4.2611 3.8520 0.0000
4.2225 3.5753 0.0000
2.5037 0.9072 0.0000
3.9869 -4.2683 0.0000
3.7123 -4.6939 0.0000
2.7357 4.0033 0.0000
0.3616 4.1578 0.0000
-2.8684 0.6388 0.0000
-3.0395 0.3664 0.0000
4.4607 -2.3028 0.0000
4.1775 -2.4819 0.0000
-3.4922 -3.9775 0.0000
-4.5165 -1.9253 0.0000
-4.6686 -2.1241 0.0000
-4.0189 -4.5344 0.0000
-4.1963 -4.7611 0.0000
1.9633 -2.3826 0.0000
-1.5979 3.9523 0.0000
-1.7389 3.7437 0.0000
-1.8827 3.5407 0.0000
-2.2530 -0.3347 0.0000
1.0899 4.3810 0.0000
0.7956 4.3975 0.0000
0.6333 4.5973 0.0000
0.4827 4.4019 0.0000
1.8096 -3.3471 0.0000
1.6205 -3.1166 0.0000
1.5225 -3.4013 0.0000
-4.7923 -2.9983 0.0000
-1.2281 1.9425 0.0000
-1.8949 3.9981 0.0000
-2.0499 3.7581 0.0000
-2.2191 3.5563 0.0000
-2.3227 3.2847 0.0000
-1.3162 2.9997 0.0000
3.9961 3.7713 0.0000
3.7309 3.6920 0.0000
3.9496 3.4850 0.0000
3.6490 3.4139 0.0000
-3.9897 3.5775 0.0000
2.0846 2.2216 0.0000
-4.2736 -0.6840 0.0000
-4.5203 -0.7726 0.0000
-3.0186 -1.8559 0.0000
-2.1660 -3.7124 0.0000
-2.1117 -4.0330 0.0000
-2.4749 -4.0901 0.0000
-1.3747 1.2325 0.0003
-1.6378 2.2416 0.0000
2.3561 2.3550 0.0000
1.1996 -4.4580 0.0000
3.3597 1.5554 0.0000
3.4964 1.2814 0.0000
3.2095 1.3157 0.0000
3.2772 1.0737 0.0000
2.9525 1.2517 0.0000
3.0342 1.0175 0.0000
2.7966 0.9560 0.0000
-4.5183 3.7242 0.0000
4.2634 2.0301 0.0000
-1.2014 -0.1674 0.0237
-0.2544 0.6935 0.2222
-0.2957 0.6064 0.2632
-0.3630 0.5650 0.2651
-0.4082 0.4789 0.2932
-0.4579 0.4068 0.3038
-0.5538 0.4065 0.2515
-0.5979 0.3250 0.2538
-0.3135 0.4902 0.3274
-0.3441 0.4069 0.3626
-0.4069 0.3394 0.3638
-0.4961 0.3174 0.3191
-0.5481 0.2378 0.3111
-0.6405 0.2433 0.2485
-0.7345 0.2457 0.1905
-0.5827 0.1572 0.3050
-0.6555 0.0849 0.2622
-0.6900 0.1661 0.2301
-0.7565 0.0979 0.1946
-0.7963 0.1794 0.1643
-0.6389 -0.0037 0.2772
-0.7316 0.0145 0.2133
-0.8224 0.0212 0.1582
-0.8550 0.1099 0.1380
-0.9115 0.0393 0.1125
3.4431 -1.4462 0.0000
3.4125 -1.7263 0.0000
3.1314 -1.8399 0.0000
0.4254 0.0822 0.4331
0.3770 -0.0057 0.4740
0.3754 -0.0822 0.4691
0.3301 -0.1501 0.4848
0.3059 -0.2286 0.4721
0.2411 -0.2783 0.4823
0.2253 -0.3728 0.4350
0.2804 -0.0679 0.5327
0.2311 -0.1708 0.5340
0.1506 -0.2086 0.5516
0.1606 -0.2886 0.5080
0.1314 -0.3455 0.4820
0.1472 -0.4232 0.4262
0.1434 -0.5206 0.3585
0.0550 -0.3534 0.4903
0.0624 -0.4490 0.4226
-0.0247 -0.4941 0.3921
0.0542 -0.5514 0.3482
-0.0330 -0.5912 0.3203
0.0325 -0.6514 0.2779
-0.0989 -0.6426 0.2791
-0.1074 -0.5409 0.3499
-0.1697 -0.6026 0.2956
-0.0731 -0.7932 0.1863
-0.0422 -0.7035 0.2425
-0.1446 -0.7197 0.2235
-0.2204 -0.6667 0.2435
-0.2416 -0.7545 0.1881
-0.1658 -0.8148 0.1668
-2.3619 -2.2893 0.0000
-3.6626 1.1871 0.0000
-1.7525 -3.0971 0.0000
-4.7702 2.9478 0.0000
-2.1327 2.5261 0.0000
-2.3979 2.4000 0.0000
2.1404 3.5039 0.0000
1.9449 3.3445 0.0000
-4.7583 2.6339 0.0000
0.5090 -0.5339 0.2207
0.4108 -0.5162 0.2720
0.4481 -0.6066 0.2119
0.3478 -0.5980 0.2516
0.2954 -0.6762 0.2226
0.2576 -0.7653 0.1818
0.1999 -0.6825 0.2393
0.1034 -0.7095 0.2352
0.1597 -0.7743 0.1909
0.0924 -0.8245 0.1689
0.0283 -0.7602 0.2077
-0.0024 -0.8551 0.1551
0.0673 -0.9210 0.1231
-0.0949 -0.8933 0.1337
-0.0162 -0.9541 0.1096
-2.9643 -4.7452 0.0000
3.7345 -4.3535 0.0000
3.4600 -4.2503 0.0000
3.5071 -4.5231 0.0000
3.4505 -4.7709 0.0000
3.2052 -4.7224 0.0000
4.7201 4.2056 0.0000
4.7521 3.9009 0.0000
-4.2390 1.1114 0.0000
-2.5391 -0.7643 0.0000
-2.6539 -1.1423 0.0000
-2.8777 -1.3554 0.0000
-0.8666 -0.1508 0.1279
-0.8978 -0.2471 0.1047
-1.0193 -0.3027 0.0576
-0.9915 -0.4882 0.0491
-1.1280 -0.6632 0.0164
-4.4827 4.2540 0.0000
-1.8222 1.4625 0.0000
-2.9607 -3.9763 0.0000
-3.2987 -4.2292 0.0000
-3.0831 -1.5609 0.0000
-3.2682 -1.7632 0.0000
0.0452 1.2072 0.0366
-0.0910 1.0766 0.0664
-0.0758 0.9683 0.1032
-0.1487 0.9090 0.1246
-0.2007 0.9968 0.0873
-0.2438 0.8870 0.1260
-0.1744 0.8218 0.1639
-0.2679 0.7857 0.1699
-0.3042 1.1380 0.0430
-0.4129 0.9097 0.0948
-0.3164 0.9687 0.0872
-0.3367 0.8578 0.1260
-0.4340 0.8251 0.1218
-0.4462 0.7273 0.1587
1.4902 -2.6043 0.0000
1.7757 -2.5999 0.0000
1.6417 -2.8613 0.0000
0.8498 -0.3114 0.1201
3.6517 3.9746 0.0000
3.4782 3.7754 0.0000
2.8914 -1.6936 0.0000
2.6136 -1.7666 0.0000
1.7763 -4.4282 0.0000
-0.5333 1.2109 0.0200
-0.4650 1.0204 0.0561
-0.5310 0.8871 0.0820
-0.5173 0.7831 0.1188
-0.5668 0.7208 0.1278
-4.8108 -1.9950 0.0000
-3.8024 0.2281 0.0000
-3.8829 -0.0379 0.0000
3.5312 0.4071 0.0000
-2.5326 -0.4738 0.0000
-2.7951 -0.6326 0.0000
-2.1299 -0.8377 0.0000
-2.4044 -0.9691 0.0000
2.3058 1.7800 0.0000
2.0347 1.6178 0.0000
1.8023 1.4203 0.0000
1.7360 -3.5947 0.0000
1.4663 -3.6996 0.0000
0.4647 2.9441 0.0000
0.4937 2.6926 0.0000
0.5689 2.3938 0.0000
4.3048 4.5052 0.0000
4.1031 4.3013 0.0000
-4.0015 0.4209 0.0000
-4.0911 0.1335 0.0000
-0.2364 -2.4114 0.0000
-3.9634 -3.7693 0.0000
-4.0476 -4.0462 0.0000
-2.1811 -4.5143 0.0000
-3.4249 -4.4985 0.0000
-3.5780 -4.7561 0.0000
2.5293 4.1396 0.0000
2.1472 3.7828 0.0000
-2.5467 -4.3622 0.0000
0.5218 -2.1557 0.0000
-3.7242 0.5313 0.0000
4.1055 -0.2024 0.0000
3.8939 -0.3587 0.0000
3.3093 -1.0004 0.0000
-3.2072 1.1453 0.0000
-1.7450 0.0592 0.0002
-2.0060 0.2193 0.0000
-2.0117 -0.0397 0.0000
-0.5293 -3.2347 0.0000
-0.7638 -3.3556 0.0000
-4.5856 -0.0086 0.0000
-4.7605 -0.1926 0.0000
-4.7473 -0.4827 0.0000
-3.4525 -2.2331 0.0000
-3.6972 -2.3352 0.0000
-3.7345 -2.5994 0.0000
-2.9298 3.2543 0.0000
2.4555 -0.7396 0.0000
2.2199 -0.9056 0.0000
0.2300 3.4470 0.0000
-0.0721 3.4587 0.0000
2.5475 -3.5324 0.0000
2.4865 -3.7646 0.0000
2.8757 -3.2090 0.0000
2.2380 -3.6950 0.0000
1.9589 -3.7494 0.0000
4.3690 0.7961 0.0000
3.4169 -2.6911 0.0000
2.0929 -0.3447 0.0000
1.9055 -0.5285 0.0000
1.9789 -0.7916 0.0000
1.6834 -0.7293 0.0001
0.1425 -1.2069 0.0356
0.0669 -1.4345 0.0106
-4.2892 2.9281 0.0000
-4.2885 2.6477 0.0000
-4.4985 2.4699 0.0000
-1.8523 4.4983 0.0000
-2.0400 4.2569 0.0000
1.7176 -3.8709 0.0000
-0.9955 -4.1668 0.0000
-1.3559 -4.3070 0.0000
-1.2617 -4.5735 0.0000
-1.6116 -3.8870 0.0000
-1.5072 -4.1076 0.0000
-1.6918 -4.2813 0.0000
-1.5536 -4.5104 0.0000
0.7161 1.3391 0.0063
-2.0349 -0.5494 0.0000
-2.3048 -0.6356 0.0000
-3.7471 -1.2162 0.0000
-3.9671 -1.1141 0.0000
-3.9685 -1.4193 0.0000
-4.0942 -1.6975 0.0000
4.5106 -0.9280 0.0000
4.4977 -1.2192 0.0000
0.4871 -0.6980 0.1584
0.4364 -0.7749 0.1401
0.4319 -0.8444 0.1138
0.3930 -0.6832 0.1927
0.3528 -0.7656 0.1630
0.3204 -0.8391 0.1358
0.3778 -0.8917 0.1056
0.3214 -0.9847 0.0809
0.2120 -0.8421 0.1496
0.2665 -0.9046 0.1157
0.1980 -0.9505 0.1040
0.1495 -0.8939 0.1312
0.1091 -0.9992 0.0907
0.2109 -1.0528 0.0687
0.0208 -1.0672 0.0699
-0.6774 0.9932 0.0364
-0.9342 0.9908 0.0138
-3.6998 0.8347 0.0000
2.1493 -2.9319 0.0000
4.7578 1.1064 0.0000
3.9448 1.0357 0.0000
3.7966 0.8377 0.0000
1.1068 0.9549 0.0072
0.9150 1.1450 0.0081
0.8323 0.8975 0.0313
0.6769 0.7850 0.0757
0.5732 0.7312 0.1164
-2.7573 -4.1927 0.0000
-2.4363 2.1123 0.0000
0.3155 2.4838 0.0000
0.0440 2.5033 0.0000
-0.3064 2.2088 0.0000
2.3368 4.7611 0.0000
-3.2748 -0.3676 0.0000
-3.0654 -0.8025 0.0000
0.9520 4.6050 0.0000
-1.5068 0.5098 0.0014
-1.7462 0.3419 0.0002
-1.3765 -0.6095 0.0037
-1.7464 -2.3308 0.0000
-3.6829 -2.0145 0.0000
2.4435 -1.5511 0.0000
2.5779 1.9220 0.0000
-3.5265 4.2573 0.0000
-3.8016 4.2566 0.0000
-3.6623 4.0067 0.0000
-3.8313 3.7875 0.0000
1.8107 -0.9950 0.0000
1.6839 -1.2270 0.0000
1.4859 -1.4026 0.0001
0.7412 -0.0707 0.2044
0.7678 0.2399 0.1689
0.7574 0.1390 0.1882
0.6764 0.0873 0.2461
0.6794 -0.0049 0.2478
0.6224 -0.0630 0.2868
0.6687 -0.1248 0.2482
0.5437 -0.0869 0.3436
0.5927 -0.1708 0.2946
0.6658 -0.2231 0.2350
0.5047 -0.1831 0.3553
0.6417 -0.3056 0.2315
0.6007 -0.3817 0.2331
0.5649 -0.2651 0.2912
0.5227 -0.3510 0.2892
0.4793 -0.4358 0.2784
0.4213 -0.3520 0.3492
0.3827 -0.4309 0.3304
0.4675 -0.2691 0.3548
0.6756 0.1930 0.2329
0.5965 0.1305 0.2982
0.5215 0.1352 0.3529
0.5085 0.0618 0.3728
0.5838 0.0256 0.3174
0.4711 -0.0181 0.4040
0.4496 -0.1072 0.4116
0.4081 -0.1881 0.4222
0.3718 -0.2689 0.4162
0.3200 -0.3396 0.4114
0.3141 -0.5157 0.3117
0.3014 -0.4279 0.3700
0.2359 -0.5849 0.2933
0.2254 -0.4802 0.3653
0.1312 -0.6149 0.2945
-0.6749 1.9292 0.0002
-0.9452 1.9593 0.0001
-0.9985 -2.3264 0.0000
-2.1757 1.0337 0.0000
-2.4605 0.9404 0.0000
-2.7388 0.8749 0.0000
0.8889 -2.5269 0.0000
-1.7033 4.7425 0.0000
2.0237 -1.1100 0.0000
-4.7733 -2.6283 0.0000
-0.2169 0.2845 0.4898
-0.2921 0.2221 0.4828
-0.2879 0.1319 0.5160
-0.3818 0.1701 0.4455
-0.3792 0.0818 0.4669
-0.3124 0.3137 0.4290
-0.3860 0.2592 0.4115
-0.4648 0.2254 0.3718
-0.4808 0.1332 0.3839
-0.3711 -0.0133 0.4787
-0.4613 0.0357 0.4110
-0.4496 -0.0615 0.4181
-0.5589 0.0660 0.3344
-0.5365 -0.0209 0.3539
-0.6064 -0.0766 0.2977
-0.5269 -0.1156 0.3526
-0.5895 -0.1770 0.2954
-0.6611 -0.1303 0.2526
-0.5510 -0.2682 0.2990
-0.6405 -0.2426 0.2463
-0.7177 -0.0689 0.2199
-0.7725 -0.1406 0.1796
-0.7085 -0.1954 0.2117
-0.7165 -0.2950 0.1880
-0.7689 -0.3636 0.1460
-0.7968 -0.2343 0.1544
-0.8335 -0.3141 0.1245
-0.8977 -0.3755 0.0895
3.8638 -2.4900 0.0000
3.6985 -2.7258 0.0000
-0.3959 1.9352 0.0003
-0.5066 1.6763 0.0015
3.1231 -2.6944 0.0000
-3.7970 2.6890 0.0000
-4.4761 -0.2482 0.0000
-4.5005 -0.5096 0.0000
-0.2272 3.2194 0.0000
0.1187 4.7456 0.0000
-0.5148 -1.9656 0.0002
-0.4961 3.7292 0.0000
2.3356 4.2846 0.0000
-2.3164 -3.9075 0.0000
-2.5112 -3.7626 0.0000
-2.6771 -3.9294 0.0000
3.7808 4.5030 0.0000
3.4976 4.4940 0.0000
2.7527 2.6967 0.0000
2.6400 2.4680 0.0000
-3.0638 1.9614 0.0000
-3.2308 1.7395 0.0000
-3.2743 1.5024 0.0000
-3.4233 1.2853 0.0000
4.4952 -4.1186 0.0000
4.2352 -4.2812 0.0000
4.2271 -4.5338 0.0000
3.9724 -4.5237 0.0000
-0.8029 1.6905 0.0006
-0.9455 1.4544 0.0014
0.0651 1.0245 0.0826
0.2136 1.1023 0.0546
0.2083 0.9748 0.0928
0.1433 0.9460 0.1083
0.0857 0.8973 0.1324
0.0069 0.9427 0.1144
-0.0674 0.8759 0.1438
1.7153 0.3264 0.0003
1.4071 0.2937 0.0049
1.8095 0.0302 0.0001
1.5679 0.0753 0.0014
-1.2598 -3.2138 0.0000
-1.5261 -3.0624 0.0000
-1.4863 -3.3131 0.0000
-1.7226 -3.3726 0.0000
-1.9745 -3.2233 0.0000
-1.9643 -3.5269 0.0000
-1.4569 -3.5741 0.0000
-1.6995 -3.6517 0.0000
-1.9295 -3.8148 0.0000
1.6492 -2.3252 0.0000
-3.5383 1.5159 0.0000
-4.2065 2.3466 0.0000
0.3219 -1.4001 0.0107
-1.2442 1.4785 0.0002
-3.5262 -0.4121 0.0000
-3.8158 -0.4108 0.0000
2.7173 -3.0089 0.0000
2.5940 -3.2654 0.0000
-1.3590 2.3861 0.0000
-1.9741 -0.2770 0.0000
-1.5943 2.8191 0.0000
-0.0845 2.7435 0.0000
0.8957 -2.1888 0.0000
3.0112 -2.4526 0.0000
-0.0600 3.9452 0.0000
-0.2108 3.7090 0.0000
-0.3677 3.4674 0.0000
-0.5215 3.2176 0.0000
-2.9473 1.6787 0.0000
-3.0549 1.4130 0.0000
4.7334 2.9524 0.0000
4.4796 3.1300 0.0000
4.3143 2.9242 0.0000
4.7944 -2.9687 0.0000
4.6019 -3.0883 0.0000
4.7566 -3.2905 0.0000
-3.9959 -0.6124 0.0000
-2.7383 1.9590 0.0000
4.7480 -1.3964 0.0000
4.7339 -1.7042 0.0000
2.7697 0.7032 0.0000
2.8711 2.3437 0.0000
2.8085 2.0888 0.0000
4.7453 -4.2662 0.0000
4.4870 -4.4239 0.0000
1.3504 -4.2484 0.0000
-4.6499 4.0334 0.0000
3.0255 -3.6612 0.0000
4.5069 3.6958 0.0000
4.4512 3.4132 0.0000
4.1987 3.2785 0.0000
-4.1553 3.8340 0.0000
-3.5887 -4.2522 0.0000
2.9475 -3.9552 0.0000
2.6633 -3.9949 0.0000
-2.1137 -1.3617 0.0000
-1.2429 3.5362 0.0000
1.6011 -2.0335 0.0000
-4.0314 2.8384 0.0000
-4.0508 2.5780 0.0000
-1.8167 -4.0469 0.0000
-1.9909 -4.2825 0.0000
-2.2813 -4.2617 0.0000
3.3073 0.8224 0.0000
3.0534 0.7627 0.0000
-2.1437 -1.1083 0.0000
-2.1965 4.0199 0.0000
-0.2440 -2.1509 0.0001
2.9651 3.8733 0.0000
4.7586 2.0282 0.0000
4.5114 1.8780 0.0000
-0.9783 3.0058 0.0000
-1.1295 2.7842 0.0000
-0.4784 4.7561 0.0000
2.3530 3.3226 0.0000
2.1215 3.1724 0.0000
1.1057 2.2665 0.0000
-4.0002 -0.2509 0.0000
-4.2123 -0.4102 0.0000
2.2005 2.8003 0.0000
1.9913 2.9628 0.0000
4.2535 1.4332 0.0000
4.0580 1.2545 0.0000
1.3899 1.0334 0.0009
3.5279 -2.9613 0.0000
3.2573 -2.9141 0.0000
3.0699 -3.0719 0.0000
2.4986 -1.2993 0.0000
-4.7614 -1.4006 0.0000
4.7679 3.6123 0.0000
-1.9958 -1.8625 0.0000
-2.1555 -2.0944 0.0000
2.0217 0.7042 0.0000
1.9672 0.4820 0.0000
-4.2719 4.4641 0.0000
-2.8106 -4.4850 0.0000
-0.7827 4.7558 0.0000
4.2252 -4.7700 0.0000
3.9601 -4.7727 0.0000
3.7679 2.0100 0.0000
4.7571 1.4155 0.0000
2.7604 -3.7345 0.0000
2.3691 -3.9959 0.0000
4.7389 -1.9967 0.0000
4.6867 -2.4984 0.0000
2.3413 -2.7308 0.0000
-0.5450 -0.3809 0.2634
-0.6043 -0.4439 0.2073
-0.6636 -0.5039 0.1588
-0.7511 -0.5459 0.1121
-0.7603 -0.6465 0.0861
-0.6132 -0.3305 0.2400
-0.6736 -0.3905 0.1878
-0.7366 -0.4546 0.1402
-0.8254 -0.4335 0.1077
-0.8449 -0.5267 0.0841
-0.9052 -0.6707 0.0473
1.0571 -4.7622 0.0000
-0.6264 3.9841 0.0000
-0.7891 3.7392 0.0000
3.8676 4.2494 0.0000
3.6181 4.2516 0.0000
-4.5212 0.8873 0.0000
-4.7597 0.7740 0.0000
2.7872 -2.2894 0.0000
2.2149 4.0503 0.0000
-2.0486 -1.6116 0.0000
-1.8052 -1.5498 0.0000
1.6067 4.4959 0.0000
-1.2840 -2.7273 0.0000
-1.2899 -2.9883 0.0000
0.9236 -4.4978 0.0000
0.7676 -4.7539 0.0000
3.0123 -4.4632 0.0000
2.9213 -4.7395 0.0000
2.7337 -4.4890 0.0000
2.6231 -4.7503 0.0000
2.3175 -4.7502 0.0000
0.2417 2.2702 0.0000
-0.0304 2.2508 0.0000
-0.1235 1.9708 0.0003
-3.1843 -3.4398 0.0000
-4.2144 4.1484 0.0000
2.9592 -1.3601 0.0000
2.7124 -1.4782 0.0000
1.1226 4.7685 0.0000
2.5691 1.6589 0.0000
2.2979 1.5115 0.0000
4.5251 0.5942 0.0000
4.2595 0.5570 0.0000
4.0141 1.5818 0.0000
3.8512 1.3907 0.0000
3.9050 4.7707 0.0000
2.0312 4.7608 0.0000
-1.8571 3.2093 0.0000
-1.8580 2.9390 0.0000
-0.4870 -2.2185 0.0000
-0.4829 -2.4546 0.0000
-0.6645 2.9587 0.0000
-1.4999 0.9952 0.0003
-1.8504 0.9779 0.0000
2.5473 2.8623 0.0000
2.4194 2.6400 0.0000
-4.2567 -3.8583 0.0000
-4.4965 -3.6973 0.0000
2.5982 -2.7943 0.0000
-4.5117 1.6156 0.0000
-4.4986 1.3678 0.0000
-4.4862 1.1387 0.0000
-4.7478 1.0979 0.0000
0.0291 -2.4675 0.0000
-1.6166 1.9501 0.0000
-1.7119 1.7065 0.0000
1.3937 3.8979 0.0000
1.9296 0.8938 0.0000
1.7456 0.6289 0.0001
2.8581 4.2015 0.0000
-2.3896 3.0053 0.0000
-2.6474 2.5641 0.0000
-3.1453 -2.9642 0.0000
-3.2932 -3.1805 0.0000
-3.4485 -3.4055 0.0000
-0.2834 -0.1641 0.5092
-0.2907 -0.2647 0.4647
-0.3607 -0.1094 0.4752
-0.3669 -0.2115 0.4423
-0.4354 -0.1531 0.4130
-0.4958 -0.2060 0.3557
-0.4334 -0.2617 0.3802
-0.4875 -0.3180 0.3232
2.5518 -2.5055 0.0000
1.7091 -1.5408 0.0000
2.1355 2.5143 0.0000
1.9139 2.6784 0.0000
-2.7915 -0.0761 0.0000
-3.0442 -0.5138 0.0000
4.4656 -1.7789 0.0000
4.4831 -2.0371 0.0000
4.2253 -2.1692 0.0000
-2.7637 -0.9018 0.0000
-2.9649 -1.0864 0.0000
-3.2492 -1.0160 0.0000
-3.1713 -1.2906 0.0000
-3.4597 -1.2102 0.0000
-3.3741 -1.4967 0.0000
-3.6566 -1.4669 0.0000
4.2815 1.1229 0.0000
2.8606 3.2707 0.0000
4.7568 1.7219 0.0000
-1.4618 -0.3490 0.0030
-1.7395 -0.4715 0.0002
4.2234 -1.3303 0.0000
3.9591 -1.4614 0.0000
4.5146 2.1776 0.0000
-3.9488 -2.7502 0.0000
-4.0546 -3.0197 0.0000
-0.2143 -3.9364 0.0000
-0.4094 -4.0527 0.0000
-0.5059 -4.2881 0.0000
-0.6269 -4.5396 0.0000
-4.7631 4.2439 0.0000
0.1061 -2.7483 0.0000
2.0880 -3.9897 0.0000
1.2801 1.5228 0.0002
1.0735 1.6985 0.0002
0.9998 1.4178 0.0014
0.7662 -0.6574 0.0854
0.7666 -0.7890 0.0578
0.9632 -0.8876 0.0181
0.7847 -1.0043 0.0243
0.5973 -1.0757 0.0323
2.6504 0.1223 0.0000
2.4823 -0.0484 0.0000
2.3123 -0.2168 0.0000
-3.1960 -2.3275 0.0000
-2.9130 -2.4108 0.0000
-3.1384 -2.5992 0.0000
-3.4395 -2.5233 0.0000
-3.3206 -2.7999 0.0000
-3.5922 -2.7833 0.0000
1.7606 4.2425 0.0000
1.9291 3.9899 0.0000
-2.7843 3.4677 0.0000
-2.2539 0.2140 0.0000
-2.2652 -0.0546 0.0000
-2.5244 -0.1921 0.0000
-2.7905 -0.3513 0.0000
0.2585 0.8977 0.1172
0.1754 0.8531 0.1465
0.0887 0.8007 0.1813
0.0087 0.8483 0.1585
-0.0082 0.7631 0.2062
-0.0940 0.8049 0.1793
-0.0905 0.7224 0.2281
-0.1797 0.7339 0.2115
3.1253 -3.3831 0.0000
2.8256 -3.4634 0.0000
-2.1772 1.9464 0.0000
-1.0587 -1.4446 0.0009
-1.2814 -1.6200 0.0001
-1.5168 -1.7163 0.0000
-1.7565 -1.8000 0.0000
0.2532 0.7868 0.1688
0.1647 0.7494 0.2029
0.1464 0.6562 0.2635
0.0679 0.7060 0.2396
-0.0219 0.6606 0.2720
-0.0888 0.5939 0.3146
-0.1354 0.6559 0.2663
-0.2011 0.6193 0.2791
-0.2404 0.5375 0.3228
-0.2338 0.4540 0.3799
0.0625 0.6054 0.3083
0.0156 0.4775 0.4044
-0.0117 0.5593 0.3442
-0.0700 0.4841 0.3962
-0.0744 0.3879 0.4646
-0.1506 0.5380 0.3449
-0.1551 0.4482 0.4071
-0.1662 0.3623 0.4619
-0.2536 0.3800 0.4194
4.5027 4.7333 0.0000
4.2090 4.7669 0.0000
4.0355 4.5401 0.0000
3.9563 -4.0359 0.0000
3.6901 -4.0580 0.0000
3.4131 -3.9902 0.0000
1.0046 2.8287 0.0000
0.7379 2.9043 0.0000
0.7741 2.6315 0.0000
3.0052 4.4089 0.0000
3.1069 4.1297 0.0000
-1.0885 -4.7583 0.0000
0.1845 4.3910 0.0000
1.5310 -0.9769 0.0003
1.3487 -1.1999 0.0005
1.1188 -1.3634 0.0010
0.7378 2.1461 0.0000
0.4483 2.1257 0.0000
0.3501 1.8386 0.0005
3.6108 0.0138 0.0000
3.3503 -0.0412 0.0000
-0.4689 -4.7671 0.0000
-0.7800 -4.7707 0.0000
3.7393 1.1738 0.0000
3.5574 0.9821 0.0000
3.5475 0.6894 0.0000
4.7677 -0.4777 0.0000
1.0838 2.5695 0.0000
0.8647 2.3730 0.0000
-4.7547 3.5646 0.0000
2.6275 3.4465 0.0000
2.5959 3.1517 0.0000
2.3334 3.0177 0.0000
0.3087 4.6066 0.0000
-2.6074 -1.4425 0.0000
-2.8138 -1.6475 0.0000
4.3430 -3.0560 0.0000
4.0748 -3.0225 0.0000
4.1801 -3.2986 0.0000
3.9910 -3.5353 0.0000
0.7311 -2.3404 0.0000
0.4664 4.7808 0.0000
-0.4990 -0.7402 0.1337
-0.5711 -0.6367 0.1505
-0.5756 -0.7244 0.1182
-0.6211 -0.8034 0.0834
-0.5225 -0.8290 0.0972
-0.6003 -0.9551 0.0521
-0.4308 -1.0842 0.0444
-0.6112 -1.1797 0.0194
-0.7674 -0.8164 0.0517
-1.0047 -0.8798 0.0160
-0.8195 -1.0377 0.0191
-1.0955 -1.1407 0.0035
-4.2897 0.8515 0.0000
-4.4934 0.6024 0.0000
1.2454 -3.4731 0.0000
1.2110 -3.7423 0.0000
-4.4076 3.9476 0.0000
4.0209 1.8810 0.0000
1.5168 3.1500 0.0000
1.4838 2.9073 0.0000
1.2218 2.9201 0.0000
3.2699 3.8975 0.0000
3.1642 3.6656 0.0000
2.3831 -1.9528 0.0000
2.1783 -2.1757 0.0000
-4.4954 4.7524 0.0000
0.9060 -0.4952 0.0722
-0.3085 -3.4188 0.0000
-0.0468 -3.4748 0.0000
-0.2886 -3.6844 0.0000
1.7122 2.8602 0.0000
1.3380 2.6871 0.0000
-3.9193 -2.1886 0.0000
-4.1608 -2.2484 0.0000
-4.2521 -2.5224 0.0000
-4.5123 -2.5501 0.0000
2.8627 -0.4008 0.0000
2.6774 -0.5824 0.0000
-4.4662 -3.3871 0.0000
-4.7573 -3.2952 0.0000
-4.7435 -3.5773 0.0000
3.3825 2.3332 0.0000
-4.2686 1.6378 0.0000
-4.2546 1.3771 0.0000
-0.6480 1.4421 0.0044
-0.7978 1.2132 0.0091
-1.0869 1.2215 0.0024
1.5078 -0.1702 0.0022
1.2997 0.0447 0.0127
1.2239 -0.1991 0.0196
2.8088 -2.6206 0.0000
4.5305 0.3259 0.0000
4.2867 0.2931 0.0000
0.5237 -1.5736 0.0027
1.5737 1.6024 0.0000
1.4881 1.3271 0.0001
1.1998 1.2328 0.0013
2.4464 -4.5007 0.0000
-3.9835 -2.4761 0.0000
-4.2144 -2.7729 0.0000
2.4067 -3.0516 0.0000
2.1254 -3.1995 0.0000
1.8916 -2.8740 0.0000
1.8902 -3.1134 0.0000
1.0520 -1.6361 0.0003
0.9819 -1.8902 0.0001
-2.2712 0.7378 0.0000
3.0742 2.8169 0.0000
2.8332 2.9655 0.0000
-2.9612 4.7566 0.0000
1.4330 4.7399 0.0000
1.2693 4.5404 0.0000
3.8825 3.2203 0.0000
3.6110 3.1100 0.0000
3.3416 2.9705 0.0000
1.4601 -0.3979 0.0026
-4.3409 3.2212 0.0000
-4.5399 3.0777 0.0000
3.2851 0.5398 0.0000
3.8553 -0.0806 0.0000
3.6052 -0.2726 0.0000
3.9316 -1.7479 0.0000
3.9332 -2.0131 0.0000
3.7267 -2.2140 0.0000
3.5520 2.1478 0.0000
3.3091 2.0403 0.0000
1.2461 3.1561 0.0000
0.9602 3.1208 0.0000
1.8214 2.0878 0.0000
1.7826 1.7721 0.0000
1.5633 1.9591 0.0000
1.3870 1.7821 0.0000
2.0772 -1.9137 0.0000
1.8757 -2.1184 0.0000
-1.3586 2.6693 0.0000
-2.0067 0.7613 0.0000
-2.2537 0.4889 0.0000
-2.5488 0.6494 0.0000
-2.4923 0.3694 0.0000
-2.5378 0.1009 0.0000
1.2555 3.6509 0.0000
1.1044 3.3965 0.0000
0.8230 3.3991 0.0000
0.6602 3.1692 0.0000
-3.8803 -0.8675 0.0000
-4.1685 -0.9066 0.0000
-4.2203 -1.1992 0.0000
0.6419 -2.6657 0.0000
0.4069 -2.8257 0.0000
0.4901 -1.8542 0.0004
-2.0499 -2.3722 0.0000
-2.0647 -2.6714 0.0000
0.3054 -4.5059 0.0000
-4.7565 4.5087 0.0000
1.0389 -0.3175 0.0513
0.9179 -0.3775 0.0839
0.8299 -0.4361 0.1089
0.7913 -0.3718 0.1373
0.7023 -0.3788 0.1793
0.7526 -0.4654 0.1350
0.6577 -0.4639 0.1782
0.5651 -0.4612 0.2240
0.7016 -0.5484 0.1350
0.6102 -0.5525 0.1705
0.5463 -0.6258 0.1681
0.9132 -0.6651 0.0466
0.7975 -0.5525 0.0983
0.7074 -0.6262 0.1117
0.6376 -0.6435 0.1302
4.5152 0.9783 0.0000
-2.6677 2.2806 0.0000
-2.9064 2.1829 0.0000
-0.0661 -2.9437 0.0000
3.4208 0.2031 0.0000
3.1962 0.2849 0.0000
3.3306 4.7424 0.0000
3.2847 4.3792 0.0000
-3.9464 0.7059 0.0000
-4.2071 0.6292 0.0000
-2.7256 -3.2441 0.0000
-2.9167 -3.4590 0.0000
-2.8261 -3.7217 0.0000
-1.8864 2.0647 0.0000
-2.4601 -4.5600 0.0000
1.3230 -1.5622 0.0001
1.2736 -1.8512 0.0000
0.4795 -3.7298 0.0000
0.2255 -3.5934 0.0000
-4.5228 4.5154 0.0000
-1.0812 3.7688 0.0000
-1.3794 3.8154 0.0000
-1.6194 2.5257 0.0000
-1.8695 2.6622 0.0000
-1.3267 -1.3637 0.0003
-1.3903 -1.1276 0.0006
-1.5664 -1.4613 0.0000
4.2635 1.7309 0.0000
3.1209 -2.1826 0.0000
-4.0138 1.8340 0.0000
-3.3980 -1.9845 0.0000
4.2836 2.6175 0.0000
4.2674 2.3225 0.0000
-3.3797 2.0188 0.0000
-3.4967 1.7709 0.0000
0.2698 -2.2959 0.0000
4.0267 0.3857 0.0000
3.7533 0.2404 0.0000
3.5395 -3.7578 0.0000
3.2043 -3.8777 0.0000
0.4464 0.8468 0.1063
0.5402 0.8223 0.0952
0.4708 0.7498 0.1372
0.3811 0.7755 0.1484
0.4030 0.6681 0.1932
0.3167 0.7187 0.1912
0.5024 0.6661 0.1621
0.4686 0.5889 0.2088
0.3158 0.6198 0.2466
0.3828 0.5548 0.2603
0.2329 0.6776 0.2338
0.2318 0.5817 0.2947
0.2938 0.5130 0.3192
0.2715 0.4156 0.3890
0.1524 0.5715 0.3201
0.0893 0.5115 0.3734
0.1925 0.4804 0.3739
0.1055 0.4232 0.4343
0.0162 0.3985 0.4616
-0.1938 -2.6745 0.0000
-0.4816 -2.6967 0.0000
0.0694 3.2185 0.0000
0.9756 2.0549 0.0000
0.6278 1.8977 0.0002
-3.2701 4.7559 0.0000
-1.4088 1.7436 0.0000
-1.5351 1.4730 0.0000
0.5779 -0.7210 0.1234
0.6603 -0.7328 0.0966
0.6264 -0.8734 0.0675
0.5294 -0.7902 0.1124
0.5079 -0.8890 0.0849
0.4543 -0.9868 0.0654
3.6163 4.7526 0.0000
1.5002 0.5492 0.0015
1.1462 0.2634 0.0303
1.0223 0.4857 0.0423
0.9601 0.3254 0.0731
0.9793 0.1859 0.0772
1.0741 0.0321 0.0520
0.9221 0.1111 0.1038
0.9521 0.0232 0.0937
0.8704 0.2563 0.1150
0.8483 0.1752 0.1340
0.8361 0.0860 0.1470
0.7649 0.0327 0.1905
0.8771 0.0234 0.1278
0.9227 -0.0672 0.1060
0.8323 -0.0346 0.1514
0.8244 -0.1226 0.1523
0.7464 -0.1766 0.1921
-3.4773 -3.0303 0.0000
-3.6392 -3.2336 0.0000
-3.6915 -3.5058 0.0000
0.1802 0.3729 0.4497
0.0809 0.3244 0.5048
-0.0007 0.2347 0.5633
-0.0100 0.1510 0.5992
-0.0390 0.0794 0.6170
-0.0178 0.3093 0.5209
-0.1127 0.2844 0.5236
-0.0845 0.2026 0.5712
-0.1909 0.1912 0.5447
-0.1184 0.1242 0.5922
-0.2047 0.0867 0.5699
-0.1217 0.0308 0.6079
-0.2894 0.0359 0.5315
-0.2042 -0.0133 0.5781
-0.2837 -0.0622 0.5322
-1.2965 -1.9110 0.0000
-1.5659 -2.0175 0.0000
-1.8479 -2.0996 0.0000
-2.3348 4.7392 0.0000
-2.6488 4.7551 0.0000
-4.2888 3.5959 0.0000
-3.8648 3.2980 0.0000
-3.7795 2.9965 0.0000
3.4226 -0.5385 0.0000
3.2183 -0.7594 0.0000
-4.2284 2.0781 0.0000
-4.2789 1.8658 0.0000
0.6564 1.1051 0.0241
0.6197 0.9176 0.0567
0.4791 0.9716 0.0641
0.3708 0.8990 0.1010
0.3263 0.8361 0.1329
-1.8438 -0.7577 0.0000
-1.8803 -1.0378 0.0000
0.7261 -3.2883 0.0000
0.7187 -3.5840 0.0000
0.8589 1.8419 0.0001
0.7885 1.5935 0.0011
0.5514 1.6372 0.0016
0.4877 1.3865 0.0087
0.4353 1.1567 0.0318
0.2364 1.3189 0.0183
-1.4493 -0.0594 0.0040
-1.7099 -0.1957 0.0003
2.6614 -2.0254 0.0000
2.4736 -2.2356 0.0000
0.3744 -1.1621 0.0347
4.7627 -0.7858 0.0000
4.7552 -1.0909 0.0000
4.4804 -1.5027 0.0000
-2.6413 -3.5272 0.0000
-2.4614 1.8424 0.0000
-2.4455 1.5106 0.0000
0.7889 4.7828 0.0000
-2.7992 -2.9644 0.0000
-2.9999 -3.1795 0.0000
-3.5414 0.3493 0.0000
-3.5752 0.0717 0.0000
-3.6616 -0.1775 0.0000
-4.5187 1.8895 0.0000
-4.7606 1.7161 0.0000
-4.7505 1.4022 0.0000
-2.6621 -2.2144 0.0000
-2.9315 -2.1416 0.0000
-0.8651 2.7321 0.0000
-1.0763 2.4993 0.0000
0.7559 -4.2105 0.0000
3.1287 3.3935 0.0000
2.8949 3.5705 0.0000
-0.7398 -2.4741 0.0000
-0.7620 -2.7665 0.0000
-4.7632 0.4742 0.0000
0.3686 0.4501 0.3252
0.3425 0.3484 0.3942
0.2543 0.3129 0.4571
0.1651 0.2734 0.5140
0.3268 0.2482 0.4515
0.2391 0.2119 0.5138
0.1569 0.1703 0.5644
0.0791 0.2291 0.5589
0.0673 0.1351 0.5991
0.0454 0.0414 0.6217
-0.0353 -0.0159 0.6245
-0.1198 -0.0647 0.6045
0.4131 0.2766 0.3868
0.4000 0.1777 0.4306
0.3108 0.1535 0.4956
0.2335 0.1048 0.5515
0.1401 0.0729 0.5967
0.0465 -0.0667 0.6185
-0.0364 -0.1136 0.6094
-0.2019 -0.1135 0.5650
4.7626 2.6430 0.0000
-0.5138 2.4309 0.0000
-0.5859 2.1766 0.0000
1.1047 3.9025 0.0000
0.0666 -0.2564 0.5476
-0.0261 -0.3038 0.5240
-0.0284 -0.4011 0.4595
-0.1122 -0.3537 0.4805
-0.1154 -0.4512 0.4131
-0.1939 -0.4053 0.4246
-0.2658 -0.4582 0.3648
-0.2008 -0.5126 0.3499
-0.3247 -0.5157 0.3061
-0.2707 -0.5837 0.2826
-0.3168 -0.6770 0.2140
-0.3812 -0.5913 0.2411
-0.4065 -0.6747 0.1893
-0.4152 -0.7536 0.1502
-0.4791 -0.5707 0.2136
-0.4855 -0.6569 0.1720
3.8041 -0.8041 0.0000
3.7136 -1.0375 0.0000
4.5086 1.5768 0.0000
0.2327 -1.6913 0.0019
-0.3728 -0.3234 0.3909
-0.4435 -0.3941 0.3162
-0.4173 -0.4946 0.2786
-0.5088 -0.4716 0.2454
-0.5739 -0.5428 0.1850
4.1167 -3.7901 0.0000
3.8231 -3.7830 0.0000
2.4970 0.6003 0.0000
-3.7223 -4.5160 0.0000
-3.8846 -4.7655 0.0000
-2.2984 -2.8431 0.0000
-2.5206 -3.0347 0.0000
-4.5315 2.7807 0.0000
-1.0842 4.7667 0.0000
1.8697 3.6584 0.0000
1.6818 3.4047 0.0000
1.6444 -0.4710 0.0004
1.4025 -0.6778 0.0023
1.2673 -0.4428 0.0104
1.0799 -0.5085 0.0295
1.1390 -0.7264 0.0122
4.0069 -0.5967 0.0000
3.6972 -0.5581 0.0000
3.5186 -0.8205 0.0000
-1.9440 1.7954 0.0000
-2.2565 1.6822 0.0000
-1.0566 0.7718 0.0166
-1.1311 0.5475 0.0202
1.4230 -4.7722 0.0000
1.3390 2.1226 0.0000
1.1871 1.9274 0.0000
0.0069 -4.0614 0.0000
-0.1965 -4.2595 0.0000
-2.0116 4.7607 0.0000
-2.1489 4.5326 0.0000
1.2471 -4.6519 0.0000
2.6707 3.7455 0.0000
-0.0649 -1.6691 0.0024
-0.2703 -1.8906 0.0004
-3.0260 -4.2417 0.0000
-3.1267 -4.4981 0.0000
2.1237 1.3189 0.0000
1.9162 1.1480 0.0000
1.6597 1.1196 0.0001
1.6915 0.8743 0.0001
1.4627 0.7955 0.0011
1.2354 0.7420 0.0068
1.2379 0.5114 0.0119
0.8801 0.4238 0.0887
0.8234 0.3413 0.1243
-4.5363 -1.5627 0.0000
3.1402 4.6224 0.0000
2.8057 4.5453 0.0000
2.6627 4.3481 0.0000
-4.5006 -1.2768 0.0000
2.4368 -0.4358 0.0000
2.2031 -0.5955 0.0000
-1.0110 -2.6184 0.0000
0.6296 -4.5061 0.0000
-3.0516 3.0097 0.0000
-3.2919 2.8655 0.0000
-3.5137 3.0113 0.0000
-3.5816 3.2646 0.0000
-3.5389 2.7467 0.0000
-0.9351 4.5060 0.0000
-2.0223 -2.9419 0.0000
-2.2449 -3.1176 0.0000
2.5566 -4.2446 0.0000
2.2677 -4.2490 0.0000
0.4717 -4.2976 0.0000
0.5294 3.4268 0.0000
0.3659 3.2011 0.0000
0.1926 2.9727 0.0000
0.2010 2.7391 0.0000
1.6295 -4.2146 0.0000
-3.9582 4.0347 0.0000
0.5163 -2.4527 0.0000
0.3056 -2.5772 0.0000
-2.5977 -2.4729 0.0000
3.3320 -1.9874 0.0000
2.9127 -1.9909 0.0000
-3.5481 -1.7418 0.0000
-3.8178 -1.7048 0.0000
-3.9694 -1.9441 0.0000
-4.2314 -1.9946 0.0000
-4.4686 -2.8200 0.0000
2.4336 3.9013 0.0000
2.3999 3.6192 0.0000
-0.5660 -1.7132 0.0009
-0.7861 -1.8805 0.0001
-1.0147 -2.0362 0.0000
-0.7459 -2.1802 0.0000
4.5239 2.7806 0.0000
4.5211 2.4766 0.0000
-0.1185 -0.1629 0.5792
-0.2026 -0.2131 0.5302
0.3450 0.0870 0.4890
0.2939 0.0277 0.5285
0.2085 0.0048 0.5757
0.1210 -0.0232 0.6083
0.1879 -0.0901 0.5760
0.1193 -0.1308 0.5898
0.0454 -0.1667 0.5915
-0.0320 -0.2117 0.5734
-0.1157 -0.2590 0.5363
-0.2003 -0.3085 0.4825
-0.2810 -0.3609 0.4183
-0.3536 -0.4216 0.3490
4.7613 2.3345 0.0000
2.2636 -2.4468 0.0000
2.0638 -2.6515 0.0000
-1.5401 -2.5491 0.0000
-2.3885 -1.2572 0.0000
1.3618 -2.3599 0.0000
1.1849 -2.6439 0.0000
3.6406 -1.9264 0.0000
3.4494 -2.2058 0.0000
-1.6483 0.8135 0.0002
-1.7687 0.6189 0.0001
-2.0127 0.4843 0.0000
0.3836 3.6767 0.0000
0.2302 3.9208 0.0000
0.0834 3.6900 0.0000
3.8981 -3.2683 0.0000
3.6260 -3.2265 0.0000
3.3367 -3.1851 0.0000
3.4417 -3.4390 0.0000
3.3030 -3.6400 0.0000
-1.7168 -4.7586 0.0000
1.8529 2.3954 0.0000
1.5940 2.2696 0.0000
4.7472 -4.5342 0.0000
4.7791 -4.7912 0.0000
4.5029 -4.7230 0.0000
1.1340 -2.1019 0.0000
0.7383 -2.0077 0.0001
-2.6561 -4.7390 0.0000
-2.7361 0.4174 0.0000
-2.8038 0.1872 0.0000
-3.0658 0.0584 0.0000
-3.3032 0.1906 0.0000
-3.3503 -0.1098 0.0000
-3.7739 1.3901 0.0000
-3.9979 1.2439 0.0000
0.6533 4.1682 0.0000
0.5246 3.9164 0.0000
3.7982 2.6331 0.0000
3.5391 2.5168 0.0000
-1.2684 4.3159 0.0000
0.9753 -3.7160 0.0000
0.7283 -3.8774 0.0000
4.1544 0.9069 0.0000
-2.3218 -2.5612 0.0000
-2.5734 -2.7597 0.0000
-2.8106 -2.6467 0.0000
-2.9861 -2.7969 0.0000
4.2075 -1.6189 0.0000
4.1956 -1.9047 0.0000
2.4900 -1.0215 0.0000
2.2613 -1.1973 0.0000
-1.5283 3.5964 0.0000
-1.6829 3.3918 0.0000
-4.6938 -2.8196 0.0000
2.1821 4.5202 0.0000
3.4010 4.1238 0.0000
-3.7736 -2.9702 0.0000
-3.8935 -3.2449 0.0000
-3.9407 -3.5043 0.0000
-4.1719 -3.3065 0.0000
-4.2223 -3.5829 0.0000
0.5092 -4.0222 0.0000
-2.5618 3.9547 0.0000
-2.7874 4.0391 0.0000
4.7771 -3.5494 0.0000
4.7208 -0.1641 0.0000
-2.3337 -1.5388 0.0000
2.3794 1.1815 0.0000
2.1819 1.0000 0.0000
-1.2205 4.5416 0.0000
1.0514 -4.2342 0.0000
3.1046 2.2506 0.0000
3.0344 2.0009 0.0000
2.8559 1.7744 0.0000
4.0231 2.4671 0.0000
4.0068 2.1768 0.0000
-4.2816 0.3665 0.0000
-4.3811 0.1001 0.0000
2.7221 0.4180 0.0000
1.7296 4.7556 0.0000
2.9519 4.7678 0.0000
2.6396 4.7490 0.0000
4.6752 3.4175 0.0000
-1.4176 -4.7736 0.0000
-3.0501 -0.2166 0.0000
-0.2404 2.4850 0.0000
-4.4341 -2.2533 0.0000
-4.7452 -2.3509 0.0000
-4.5011 3.4175 0.0000
-3.6590 -0.6734 0.0000
-3.3209 -0.6424 0.0000
-3.4239 -0.8642 0.0000
-3.6391 -0.9837 0.0000
-4.2152 4.7459 0.0000
4.7575 3.2308 0.0000
2.7318 -0.8787 0.0000
2.7519 -1.1690 0.0000
-2.3064 4.3422 0.0000
-2.4209 4.1408 0.0000
-0.7404 4.2620 0.0000
-0.9124 4.0047 0.0000
-1.2195 0.9781 0.0032
-1.3519 0.7203 0.0030
0.9645 -3.9836 0.0000
-1.8875 2.3693 0.0000
-2.1503 2.2313 0.0000
-0.1920 -1.4315 0.0100
-0.3436 -1.6197 0.0026
-1.4665 4.1609 0.0000
-0.8024 0.7994 0.0488
-0.6307 0.8161 0.0817
-0.6668 0.7093 0.1022
-0.7421 0.6535 0.0941
-0.5054 0.6554 0.1715
-0.6065 0.6389 0.1435
-0.6673 0.5816 0.1398
-0.7682 0.5630 0.1070
-0.8980 0.6213 0.0561
-0.8090 0.4820 0.1091
-0.9343 0.4611 0.0680
-0.9065 0.3453 0.0922
-1.2059 0.1104 0.0230
1.3833 -2.1091 0.0000
1.0984 -2.3638 0.0000
-4.4817 2.1729 0.0000
0.2598 -2.0080 0.0002
0.0035 -1.9216 0.0004
0.0071 -2.1885 0.0000
-3.0895 2.7074 0.0000
-3.2966 2.5428 0.0000
-3.4160 2.2913 0.0000
-3.6045 2.4777 0.0000
-0.0363 4.4977 0.0000
0.0710 4.1695 0.0000
-0.1767 4.2542 0.0000
-0.3288 3.9818 0.0000
1.5244 -1.7568 0.0000
3.0128 -1.0187 0.0000
-4.3193 -4.1349 0.0000
-4.5274 -3.9902 0.0000
-4.7609 -3.8783 0.0000
-4.7434 -4.1969 0.0000
-4.7921 -4.4835 0.0000
-0.3897 4.4367 0.0000
-0.4726 4.2209 0.0000
-1.6745 1.2023 0.0000
-1.9661 1.2377 0.0000
2.2543 0.7323 0.0000
3.1835 2.4959 0.0000
2.9646 2.5818 0.0000
-2.1855 -3.3903 0.0000
-2.4561 -3.3084 0.0000
3.7031 -3.5141 0.0000
2.4794 4.5145 0.0000
3.9991 -2.2621 0.0000
3.5789 -2.4606 0.0000
0.9965 0.7062 0.0287
0.8643 0.5657 0.0719
0.7524 0.5378 0.1137
0.8062 0.4689 0.1084
0.7552 0.4126 0.1418
0.7321 0.3217 0.1734
0.6564 0.2827 0.2264
0.6910 0.4797 0.1540
0.6617 0.3862 0.1955
0.5799 0.3413 0.2566
0.5753 0.2298 0.2930
0.5000 0.3265 0.3116
0.4936 0.2486 0.3438
0.4769 0.1748 0.3770
0.7906 0.6913 0.0693
0.7068 0.6009 0.1141
0.6553 0.6709 0.1113
0.5788 0.6241 0.1522
0.4564 0.4891 0.2626
0.6363 0.5527 0.1550
0.5404 0.5347 0.2029
0.5942 0.4557 0.2082
0.5127 0.4223 0.2646
0.4296 0.3791 0.3308
-2.5400 -1.7325 0.0000
-2.7378 -1.9329 0.0000
-3.5251 3.7502 0.0000
-3.6930 3.5277 0.0000
3.4894 -1.1674 0.0000
3.2128 -1.2612 0.0000
3.1674 -1.5566 0.0000
3.5768 2.8128 0.0000
3.3203 2.6855 0.0000
-1.8632 -4.5217 0.0000
1.6865 3.9053 0.0000
1.5572 3.6552 0.0000
1.3962 3.4078 0.0000
-3.6618 2.1865 0.0000
-3.7221 1.9377 0.0000
-0.3172 -2.9356 0.0000
-0.2772 -3.1721 0.0000
2.9940 0.4937 0.0000
2.9157 0.2137 0.0000
-2.6903 1.1213 0.0000
-2.9294 1.1684 0.0000
-0.1598 4.7780 0.0000
-0.2768 4.5895 0.0000
-0.0846 2.9771 0.0000
-0.0401 -4.5295 0.0000
-0.1651 -4.7661 0.0000
-0.3297 -4.5185 0.0000
-4.7476 2.3305 0.0000
-4.7555 2.0323 0.0000
2.1946 -1.4316 0.0000
1.9336 -1.3408 0.0000
1.8901 4.5095 0.0000
3.7511 2.3308 0.0000
-0.1800 -0.9044 0.1227
-0.2155 -0.9620 0.0967
-0.1118 -1.0069 0.0871
-0.2408 -1.0845 0.0576
-0.0921 -1.2127 0.0351
-0.3506 -1.2804 0.0197
-0.2598 -0.8531 0.1362
-0.3140 -0.9489 0.0915
-0.3332 -0.7700 0.1619
-0.3548 -0.8549 0.1204
-0.4381 -0.8303 0.1142
-0.4401 -0.9307 0.0805
-0.8308 -1.2983 0.0054
-0.5473 -1.4246 0.0061
-0.8035 -1.5784 0.0011
-1.0387 -1.7466 0.0001
-2.0495 3.3728 0.0000
-2.1131 3.0926 0.0000
-2.1281 2.8181 0.0000
-2.3767 2.6901 0.0000
0.8213 -1.4749 0.0021
0.7557 -1.7321 0.0005
-0.3515 2.7280 0.0000
-0.5906 2.6888 0.0000
2.1608 -4.5074 0.0000
2.0406 -4.7977 0.0000
1.9407 -4.6059 0.0000
1.7115 -4.7401 0.0000
-1.1102 2.2185 0.0000
-1.3973 2.1096 0.0000
-1.5481 -2.8114 0.0000
4.7620 4.7638 0.0000
4.7805 4.5085 0.0000
4.5567 4.4560 0.0000
0.3280 0.9936 0.0757
4.5109 1.2802 0.0000
-3.1348 0.6481 0.0000
-3.4796 0.6730 0.0000
-3.3182 0.4787 0.0000
-3.8438 1.0400 0.0000
-4.0458 0.9234 0.0000
-3.0054 0.9129 0.0000
-3.2892 0.8506 0.0000
0.9649 3.6533 0.0000
0.6774 3.6616 0.0000
4.4504 -2.5679 0.0000
4.2544 -2.7779 0.0000
3.9851 -2.7418 0.0000
3.8057 -2.9900 0.0000
4.7659 0.1536 0.0000
4.5079 0.0569 0.0000
0.6604 -2.9523 0.0000
0.4746 -3.1413 0.0000
0.4746 -3.4362 0.0000
3.3285 -0.2729 0.0000
3.0616 -0.2221 0.0000
3.1375 -0.4913 0.0000
2.9436 -0.7033 0.0000
3.8335 2.9307 0.0000
-4.3175 -3.0731 0.0000
-4.5659 -3.1048 0.0000
-4.7281 -1.0765 0.0000
3.4037 3.5415 0.0000
3.3745 3.2573 0.0000
3.0986 3.1092 0.0000
3.9690 -1.1583 0.0000
3.7174 -1.3276 0.0000
3.6844 -1.6179 0.0000
1.3513 -3.1650 0.0000
1.0840 -3.2320 0.0000
0.9632 -3.4504 0.0000
-3.3834 3.4860 0.0000
4.5158 -0.3970 0.0000
4.5186 -0.6460 0.0000
4.2714 -0.7375 0.0000
4.0318 -0.8927 0.0000
2.4701 0.3069 0.0000
2.2867 0.1217 0.0000
1.2678 -0.9274 0.0028
1.0744 -1.0866 0.0047
0.8521 -1.2142 0.0074
0.5926 -1.3055 0.0107
1.9906 -1.6281 0.0000
1.7996 -1.8308 0.0000
-4.7619 4.7667 0.0000
4.0290 0.6931 0.0000
3.7874 0.5376 0.0000
3.7850 1.7251 0.0000
3.6368 1.5171 0.0000
-1.8156 -2.5947 0.0000
-1.7882 -2.8429 0.0000
-1.0611 0.3155 0.0454
-1.2849 0.3726 0.0104
-1.4871 0.2077 0.0026
1.5033 -4.4982 0.0000
4.3905 4.2232 0.0000
4.4927 3.9896 0.0000
-2.0260 -4.7580 0.0000
-4.1560 -4.3086 0.0000
-4.3208 -4.5070 0.0000
-4.4944 -4.7562 0.0000
-4.5010 -4.2966 0.0000
-4.5975 -4.5244 0.0000
-4.7701 -4.7667 0.0000
4.4708 -3.3326 0.0000
4.2774 -3.5668 0.0000
-3.7736 1.6720 0.0000
-4.0205 1.5429 0.0000
-0.3715 2.9679 0.0000
-0.7932 2.4555 0.0000
-0.8380 2.2137 0.0000
2.2310 0.4418 0.0000
2.0156 0.2200 0.0000
2.0772 -0.0670 0.0000
1.7931 -0.2381 0.0001
-3.1015 -3.7061 0.0000
-3.2244 -3.9597 0.0000
-3.6789 -3.7470 0.0000
0.9474 4.1467 0.0000
0.8114 3.9081 0.0000
-3.7725 -4.0131 0.0000
-3.8754 -4.2796 0.0000
0.1487 -4.7395 0.0000
-0.6576 3.4794 0.0000
-0.8138 3.2320 0.0000
4.7716 0.4711 0.0000
-3.8783 2.3812 0.0000
-3.9664 2.1141 0.0000
-4.7333 -1.7335 0.0000
-3.5774 4.7540 0.0000
-3.7211 4.5075 0.0000
-4.0254 4.3251 0.0000
-1.5810 -0.6722 0.0006
-1.5895 -0.9264 0.0002
3.5101 1.8228 0.0000
3.1930 1.7803 0.0000
3.0511 1.5428 0.0000
2.7807 1.4747 0.0000
2.5111 1.3965 0.0000
2.6810 1.1790 0.0000
-1.2923 -0.8757 0.0031
0.4620 -4.7509 0.0000
-0.9527 3.4953 0.0000
-1.1229 3.2527 0.0000
-1.6380 -1.2177 0.0000
-1.8787 -1.3119 0.0000
1.6122 2.5863 0.0000
1.3509 2.4164 0.0000
1.2231 -3.9860 0.0000
-3.2738 -4.7513 0.0000
3.2861 -2.4379 0.0000
-2.3293 -4.7747 0.0000
-4.7411 3.2639 0.0000
1.8324 -4.0764 0.0000
-2.2644 -1.8147 0.0000
-2.4538 -2.0177 0.0000
2.3251 -3.3962 0.0000
2.0374 -3.4696 0.0000
1.4179 4.3556 0.0000
1.2449 4.1551 0.0000
4.5411 -3.5785 0.0000
4.4296 -3.8393 0.0000
4.2238 -4.0337 0.0000
-2.4960 4.5060 0.0000
-2.8038 4.5123 0.0000
-2.6439 4.2724 0.0000
-1.0938 1.7058 0.0001
0.2678 -4.1567 0.0000
0.1060 -4.3389 0.0000
-2.3616 3.7915 0.0000
-2.6683 3.7196 0.0000
-3.4925 0.9998 0.0000
4.1580 4.0615 0.0000
3.9062 4.0048 0.0000
4.7366 -2.2747 0.0000
4.7672 -2.6976 0.0000
4.5351 -2.8202 0.0000
0.9052 -0.1620 0.1099
1.0235 -0.1399 0.0651
0.9246 -0.2520 0.0947
0.8276 -0.2215 0.1420
0.7459 -0.2832 0.1764
0.2042 -3.0283 0.0000
0.2201 -3.3121 0.0000
-0.0387 -3.2058 0.0000
2.9244 -2.8594 0.0000
-0.7843 -4.3107 0.0000
-0.9281 -4.5348 0.0000
-2.9424 2.4675 0.0000
-3.1619 2.2548 0.0000
4.0978 3.0432 0.0000
4.0572 2.7619 0.0000
1.9875 -4.2843 0.0000
4.7113 -3.8055 0.0000
4.7451 -4.0115 0.0000
-1.2554 -2.1702 0.0000
-1.4976 -2.2594 0.0000
-1.2626 -2.4495 0.0000
2.0420 4.2669 0.0000
-1.0359 -2.9227 0.0000
-2.4957 3.5082 0.0000
-2.6015 3.2262 0.0000
-2.7668 3.0394 0.0000
0.2683 1.5671 0.0040
-0.0144 1.4697 0.0086
-0.1542 1.2720 0.0252
-0.3490 1.4172 0.0093
-2.0463 1.5607 0.0000
-2.2019 1.3556 0.0000
-2.4458 1.2276 0.0000
-0.6281 4.5143 0.0000
-1.0249 4.2578 0.0000
-4.1507 3.3709 0.0000
-4.0637 3.1058 0.0000
-4.7666 3.8563 0.0000
4.7314 0.7884 0.0000
-4.5488 0.3104 0.0000
-4.7678 0.1552 0.0000
1.5435 4.1336 0.0000
-2.9510 4.2628 0.0000
-3.2399 4.2525 0.0000
-3.3744 3.9960 0.0000
2.5793 2.2041 0.0000
2.3202 2.0635 0.0000
2.0520 1.9187 0.0000
-1.4062 3.3037 0.0000
-1.5992 3.0994 0.0000
0.2451 -3.8835 0.0000
-0.0062 -3.7589 0.0000
1.4830 -3.9812 0.0000
