-5.000000 -0.937500 0.000035
-5.000000 0.000000 0.000039
-5.000000 2.500000 0.000022
-5.000000 3.750000 0.000010
-5.000000 4.375000 0.000007
-5.000000 -5.000000 0.000004
-5.000000 3.125000 0.000015
-5.000000 1.250000 0.000034
-5.000000 1.875000 0.000028
-5.000000 1.562500 0.000031
-5.000000 0.625000 0.000038
-5.000000 0.937500 0.000036
-5.000000 0.312500 0.000039
-5.000000 -2.500000 0.000019
-5.000000 -4.375000 0.000006
-5.000000 -3.125000 0.000013
-5.000000 -3.750000 0.000009
-5.000000 -2.187500 0.000022
-5.000000 -1.562500 0.000029
-5.000000 -1.250000 0.000032
-5.000000 -0.625000 0.000037
-5.000000 -1.875000 0.000026
-5.000000 5.000000 0.000004
-5.000000 -0.312500 0.000038
-4.731603 -0.949145 0.000069
-4.731116 -0.549385 0.000075
-4.730253 2.212535 0.000050
-4.722244 0.621010 0.000079
-4.708033 -0.242545 0.000082
-4.707575 0.923662 0.000078
-4.697527 1.539036 0.000070
-4.694887 0.050680 0.000086
-4.691329 2.808233 0.000041
-4.673175 -1.561444 0.000066
-4.671764 -1.247992 0.000074
-4.663902 -2.734087 0.000038
-4.662706 0.351154 0.000093
-4.656866 -1.898255 0.000060
-4.636145 -2.276770 0.000053
-4.627317 1.224217 0.000091
-4.589163 -3.181999 0.000034
-4.588848 1.844028 0.000083
-4.585751 -0.730501 0.000105
-4.563029 3.443931 0.000039
-4.527677 -3.552807 0.000031
-4.490416 -4.014494 0.000024
-4.489967 3.959072 0.000033
-4.477107 0.675168 0.000146
-4.469555 2.502899 0.000084
-4.461673 -0.408900 0.000151
-4.445091 4.473693 0.000024
-4.440712 -0.966258 0.000143
-4.433068 -4.506512 0.000018
-4.408923 -0.118927 0.000176
-4.406118 0.170238 0.000179
-4.396622 0.956241 0.000171
-4.391138 3.076637 0.000075
-4.385325 1.508253 0.000154
-4.378368 -1.494721 0.000142
-4.375000 -5.000000 0.000013
-4.375000 5.000000 0.000019
-4.365892 -1.198581 0.000162
-4.356690 -1.807714 0.000132
-4.348938 0.445113 0.000204
-4.348350 -0.626336 0.000193
-4.329211 2.127407 0.000142
-4.323696 -2.142063 0.000122
-4.308656 -2.536683 0.000101
-4.255336 1.223801 0.000229
-4.245991 -0.839670 0.000239
-4.241864 -2.975509 0.000089
-4.220632 -0.320261 0.000276
-4.211901 1.791628 0.000215
-4.209795 0.717776 0.000280
-4.180263 2.756685 0.000149
-4.178088 0.018621 0.000313
-4.131242 0.263596 0.000351
-4.130949 -0.545196 0.000334
-4.113937 -3.423406 0.000086
-4.103231 -1.052264 0.000321
-4.101484 -1.336387 0.000296
-4.085899 -1.631355 0.000275
-4.084981 0.976158 0.000364
-4.083384 3.516116 0.000116
-4.080441 -0.152235 0.000394
-4.068546 1.488750 0.000334
-4.061322 2.397051 0.000238
-4.059455 0.501914 0.000412
-4.048777 -1.949971 0.000261
-4.033022 -3.890081 0.000070
-4.021744 -0.775066 0.000417
-4.010401 -2.301916 0.000237
-4.008133 3.944059 0.000101
-3.959993 2.055717 0.000354
-3.956390 0.746329 0.000513
-3.948038 -0.354185 0.000532
-3.948038 -2.682359 0.000216
-3.943763 1.216394 0.000484
-3.939606 -4.419537 0.000053
-3.939309 0.093642 0.000557
-3.933219 4.433762 0.000081
-3.929457 3.104289 0.000218
-3.897752 -0.574988 0.000583
-3.880166 0.321330 0.000639
-3.879498 -0.126504 0.000638
-3.874373 1.748646 0.000488
-3.863097 -1.202203 0.000548
-3.855199 -0.957388 0.000598
-3.845469 -1.468575 0.000522
-3.817225 -3.090458 0.000216
-3.816497 0.538980 0.000734
-3.811494 -1.756141 0.000503
-3.797563 0.974522 0.000723
-3.788440 2.698975 0.000386
-3.780673 1.463310 0.000670
-3.774842 -0.733545 0.000760
-3.756857 -2.070238 0.000490
-3.750000 5.000000 0.000073
-3.750000 -5.000000 0.000044
-3.742417 0.003011 0.000890
-3.737222 0.759613 0.000865
-3.733718 -0.265314 0.000895
-3.733578 -0.477349 0.000875
-3.705487 2.320049 0.000574
-3.701479 0.193688 0.000984
-3.688751 -2.400169 0.000474
-3.677108 1.206389 0.000921
-3.648864 0.380476 0.001111
-3.644130 -1.086158 0.000955
-3.642393 -0.874680 0.001011
-3.641662 -3.518104 0.000220
-3.631068 -1.319602 0.000916
-3.626766 -0.125667 0.001169
-3.624163 1.989559 0.000812
-3.621653 -0.627147 0.001117
-3.611073 3.446845 0.000360
-3.605732 0.581773 0.001217
-3.599335 -1.575125 0.000898
-3.588601 -2.737655 0.000472
-3.584126 1.701695 0.001002
-3.582869 -0.385348 0.001270
-3.559163 0.793193 0.001333
-3.555876 0.064803 0.001401
-3.555161 3.937809 0.000280
-3.549835 0.994412 0.001321
-3.549711 -4.016588 0.000166
-3.548421 -1.854623 0.000892
-3.526721 1.427465 0.001263
-3.509014 -0.240959 0.001544
-3.499655 -0.762841 0.001459
-3.499390 3.007021 0.000636
-3.487784 -0.528975 0.001568
-3.477694 0.245470 0.001705
-3.461777 -2.161278 0.000925
-3.460033 0.444573 0.001773
-3.453188 -0.959397 0.001559
-3.449078 -0.081603 0.001816
-3.447831 -3.065817 0.000495
-3.445514 2.582535 0.000942
-3.440859 -1.175576 0.001509
-3.434370 1.207163 0.001698
-3.421812 0.642166 0.001928
-3.409714 -1.405309 0.001502
-3.398800 -0.373217 0.002001
-3.392533 -4.525250 0.000133
-3.390605 4.464324 0.000254
-3.384610 0.074685 0.002159
-3.383432 -0.657520 0.001982
-3.383056 2.217219 0.001339
-3.375083 0.841394 0.002129
-3.362596 -1.647745 0.001520
-3.361347 -2.470930 0.000953
-3.349215 1.615734 0.001883
-3.342860 -0.222302 0.002352
-3.316746 1.030578 0.002407
-3.313419 0.353302 0.002614
-3.311301 1.899262 0.001862
-3.309871 -0.504080 0.002457
-3.297310 -0.827723 0.002364
-3.295326 -1.906511 0.001568
-3.293087 -0.070927 0.002721
-3.292742 0.198619 0.002763
-3.289839 0.523443 0.002766
-3.280105 1.402991 0.002417
-3.279989 -1.039872 0.002326
-3.255216 -3.321101 0.000588
-3.248609 0.700551 0.003044
-3.246678 -1.252852 0.002352
-3.233305 -0.352493 0.003080
-3.226740 -0.649562 0.002957
-3.226217 0.055422 0.003288
-3.218240 -2.785810 0.001028
-3.208905 1.219042 0.003068
-3.203482 -0.190314 0.003417
-3.196776 -2.158516 0.001703
-3.194194 3.605284 0.000839
-3.193715 -1.469746 0.002458
-3.188837 0.878749 0.003482
-3.179321 -3.721154 0.000456
-3.166117 0.288857 0.003900
-3.163224 -0.496650 0.003617
-3.160078 0.430038 0.003950
-3.155411 2.817157 0.001653
-3.145207 -0.064422 0.004061
-3.142396 1.669368 0.003128
-3.141292 0.158359 0.004164
-3.138798 -0.932886 0.003441
-3.135549 -1.710586 0.002528
-3.133451 2.449538 0.002185
-3.129818 0.583008 0.004234
-3.126641 -0.768473 0.003731
-3.125000 -5.000000 0.000124
-3.125000 5.000000 0.000259
-3.122707 3.223951 0.001334
-3.114899 -0.277155 0.004293
-3.109799 1.054440 0.004113
-3.109066 -1.119995 0.003485
-3.103131 -2.401041 0.001786
-3.083997 2.132461 0.002906
-3.082964 1.449092 0.003906
-3.082824 -0.618840 0.004367
-3.082787 0.741250 0.004680
-3.081061 0.050438 0.004874
-3.079319 -0.385936 0.004640
-3.062263 -0.169196 0.005027
-3.051931 -1.312562 0.003736
-3.044246 -4.164841 0.000358
-3.040076 4.070897 0.000779
-3.036102 -1.947836 0.002810
-3.036008 0.221777 0.005505
-3.035017 0.345676 0.005497
-3.022645 -0.497572 0.005285
-3.020011 0.480127 0.005645
-3.014336 -0.060733 0.005768
-3.014191 1.248094 0.004866
-3.011574 0.902757 0.005370
-3.006736 -3.048798 0.001266
-3.001094 1.873417 0.003928
-3.001027 -1.538671 0.003824
-2.996077 -0.850766 0.005154
-2.993293 0.130573 0.006130
-2.988805 -0.276356 0.006020
-2.984349 -1.007881 0.005032
-2.981770 -0.709543 0.005591
-2.979138 0.622014 0.006090
-2.968492 -2.621121 0.002021
-2.960884 0.033196 0.006626
-2.954092 -0.399633 0.006459
-2.946799 -0.588316 0.006329
-2.944018 -0.151047 0.006839
-2.936212 -1.176323 0.005339
-2.929284 0.763787 0.006577
-2.926584 1.067636 0.006118
-2.923081 0.260065 0.007180
-2.915652 0.387106 0.007204
-2.914275 -2.199411 0.003163
-2.914242 1.627941 0.005134
-2.905981 -1.747235 0.004320
-2.897295 0.149673 0.007640
-2.893738 -1.387943 0.005406
-2.892898 0.516208 0.007395
-2.892076 -0.054814 0.007757
-2.887285 -0.500106 0.007502
-2.886229 -0.225832 0.007798
-2.880475 -0.318893 0.007833
-2.869506 -0.770347 0.007361
-2.868549 0.048169 0.008146
-2.865838 1.410979 0.006039
-2.864755 -0.912134 0.007129
-2.852740 -0.642547 0.007926
-2.851202 -3.425898 0.001155
-2.846463 0.910136 0.007316
-2.841872 2.635451 0.003442
-2.840666 -0.410591 0.008489
-2.833768 2.335853 0.004142
-2.833244 0.645207 0.007982
-2.833150 -1.059968 0.007317
-2.823901 -0.144432 0.008939
-2.817429 0.318108 0.008712
-2.812598 0.214880 0.008910
-2.812415 1.222848 0.006958
-2.805848 -1.253829 0.007219
-2.803585 0.428896 0.008731
-2.800177 -0.050684 0.009325
-2.799696 -0.553896 0.009113
-2.799309 2.958432 0.002980
-2.798742 -0.244899 0.009378
-2.795595 -1.566214 0.006306
-2.794942 0.118121 0.009279
-2.793184 0.777042 0.008170
-2.791161 -4.560905 0.000336
-2.790096 2.057122 0.005068
-2.788489 3.671722 0.001773
-2.788187 -1.959930 0.005018
-2.782778 0.028894 0.009550
-2.781285 -0.335749 0.009670
-2.778291 -2.825370 0.002502
-2.776690 0.543723 0.008843
-2.772053 4.514362 0.000837
-2.771342 -0.454881 0.009784
-2.762694 -2.433363 0.003702
-2.760113 -0.698234 0.009686
-2.759103 -0.828750 0.009435
-2.754154 1.058699 0.007856
-2.742870 1.799666 0.006009
-2.733238 -0.963499 0.009641
-2.732567 -0.190267 0.010510
-2.731659 -0.104228 0.010457
-2.726514 -1.136025 0.009225
-2.723397 0.263858 0.010008
-2.719295 -0.388026 0.010791
-2.719149 0.169054 0.010239
-2.715756 0.361414 0.009885
-2.714741 -0.280343 0.010849
-2.711068 -0.015115 0.010645
-2.709679 -0.605249 0.010853
-2.706222 0.075217 0.010563
-2.704742 -3.853053 0.000900
-2.704616 -1.400373 0.008637
-2.703582 -0.504634 0.011047
-2.702161 0.918148 0.008605
-2.700506 0.672800 0.009264
-2.699548 1.563259 0.006882
-2.695967 0.460392 0.009839
-2.690366 3.292956 0.002732
-2.681853 -1.750108 0.007457
-2.679482 0.568566 0.009692
-2.675919 0.797477 0.009100
-2.665546 -0.759635 0.011552
-2.664820 1.359874 0.007610
-2.664802 -0.334872 0.011676
-2.661755 -0.151687 0.011494
-2.660668 -0.438151 0.011805
-2.655988 -0.232230 0.011688
-2.654325 -0.075759 0.011450
-2.645900 -0.670899 0.012037
-2.645304 -0.878693 0.011772
-2.645190 -1.046490 0.011359
-2.644050 -2.169469 0.006007
-2.642744 0.217917 0.010886
-2.639667 -0.002233 0.011450
-2.638675 0.138465 0.011122
-2.635841 0.309593 0.010691
-2.633226 0.062348 0.011357
-2.630557 -0.541226 0.012336
-2.628558 1.179942 0.008259
-2.627343 -1.246332 0.011043
-2.616475 -0.286375 0.012271
-2.614103 0.397313 0.010570
-2.609394 -0.379774 0.012506
-2.608029 -3.113961 0.002560
-2.600400 -0.192174 0.012258
-2.598692 0.499764 0.010334
-2.597320 -1.562215 0.010190
-2.593951 -0.120086 0.012143
-2.591659 1.018926 0.008829
-2.586575 -0.466303 0.012923
-2.586536 -0.609501 0.013069
-2.585437 -0.048695 0.012020
-2.582206 0.617158 0.010034
-2.575630 0.259148 0.011156
-2.573709 -0.961475 0.013132
-2.573287 0.103623 0.011647
-2.572586 0.731785 0.009712
-2.571779 -2.653264 0.004519
-2.570144 0.024354 0.011904
-2.569494 -0.792735 0.013381
-2.563801 0.867547 0.009325
-2.560989 0.180763 0.011458
-2.560878 -0.250746 0.012750
-2.558676 -0.326870 0.012961
-2.557453 2.256209 0.005594
-2.554491 -0.694144 0.013612
-2.550046 2.569139 0.004831
-2.549531 -1.123884 0.013304
-2.546379 -1.933077 0.009022
-2.543566 -0.187308 0.012693
-2.540045 -0.541078 0.013611
-2.538468 -0.133149 0.012555
-2.538136 1.960807 0.006394
-2.537982 0.336083 0.011013
-2.536942 -0.402251 0.013339
-2.531821 -0.077644 0.012407
-2.528517 -1.392728 0.012763
-2.526561 0.432795 0.010710
-2.525138 -0.019178 0.012236
-2.522542 0.064851 0.011956
-2.521863 1.703137 0.007084
-2.516928 -0.876364 0.014277
-2.508459 0.249549 0.011338
-2.508367 0.126664 0.011767
-2.507670 0.533324 0.010389
-2.504470 -0.472750 0.013795
-2.502646 -0.285814 0.013229
-2.502387 4.060392 0.001851
-2.500000 -5.000000 0.000287
-2.500000 5.000000 0.000754
-2.498323 -0.224283 0.013037
-2.498166 1.486649 0.007664
-2.493981 -0.624124 0.014275
-2.493630 0.016821 0.012179
-2.492644 2.865871 0.004265
-2.490994 -0.350177 0.013502
-2.489176 -0.164703 0.012853
-2.485481 -0.741898 0.014607
-2.484352 -4.250485 0.000753
-2.483994 1.293748 0.008169
-2.483113 -0.108142 0.012657
-2.483002 0.183247 0.011578
-2.482087 0.632456 0.010057
-2.480355 -1.015849 0.014882
-2.475630 -0.051236 0.012452
-2.469337 -2.377738 0.007340
-2.469260 0.063401 0.012019
-2.467505 0.729705 0.009738
-2.466256 -1.722547 0.012352
-2.465975 1.121644 0.008616
-2.465722 -0.414166 0.013844
-2.463457 -1.247053 0.014884
-2.461111 -0.543037 0.014315
-2.458782 0.305390 0.011118
-2.457993 0.384024 0.010841
-2.456113 0.109487 0.011836
-2.453394 0.833694 0.009405
-2.453056 0.969586 0.009017
-2.452438 -0.004959 0.012277
-2.450444 -0.251699 0.013264
-2.446943 -0.195428 0.013041
-2.444880 -0.308096 0.013501
-2.443858 -0.813024 0.015221
-2.443609 -3.499959 0.002108
-2.441269 0.234076 0.011346
-2.441155 -0.141606 0.012822
-2.439506 0.471918 0.010504
-2.434191 0.154187 0.011633
-2.434125 -0.089882 0.012607
-2.430662 0.039236 0.012077
-2.430578 -0.476021 0.014214
-2.430084 -0.684478 0.014988
-2.427575 -0.364550 0.013762
-2.419942 -0.043731 0.012398
-2.419419 -0.920282 0.015723
-2.411871 0.085206 0.011854
-2.409973 0.564456 0.010121
-2.409652 -1.535351 0.015007
-2.408932 -0.603497 0.014808
-2.406455 -0.221715 0.013146
-2.405480 0.195280 0.011405
-2.403335 -1.121285 0.016190
-2.401984 -0.272679 0.013370
-2.401620 -0.170085 0.012912
-2.400353 -0.000358 0.012176
-2.399426 -0.419671 0.014036
-2.397645 -0.122196 0.012694
-2.392099 0.273587 0.011066
-2.391966 0.343479 0.010811
-2.390551 0.128752 0.011619
-2.389671 -0.322744 0.013591
-2.388282 -2.117250 0.011016
-2.386872 -0.076404 0.012468
-2.385161 -0.531676 0.014565
-2.381077 0.042467 0.011941
-2.378582 -0.749591 0.015545
-2.377556 0.419713 0.010491
-2.374482 0.662334 0.009696
-2.371343 -0.034652 0.012240
-2.369533 -2.876465 0.005202
-2.368806 -0.196723 0.012966
-2.368562 -0.371737 0.013804
-2.364537 -0.242509 0.013172
-2.361933 0.228665 0.011124
-2.361658 -0.149053 0.012725
-2.361176 -0.470027 0.014284
-2.360698 0.082907 0.011701
-2.359856 0.168559 0.011350
-2.358953 -1.365708 0.016844
-2.358562 -0.106710 0.012520
-2.354081 0.006203 0.012001
-2.353836 -0.287578 0.013366
-2.351392 3.597537 0.002957
-2.350574 0.766230 0.009301
-2.349222 0.501705 0.010102
-2.348273 -1.016997 0.016744
-2.346711 -0.659411 0.015244
-2.345828 -0.834597 0.016077
-2.344448 0.893385 0.008929
-2.343720 -0.065247 0.012279
-2.338961 0.120203 0.011458
-2.337303 -0.417143 0.013988
-2.337231 -0.331453 0.013545
-2.336915 -0.175666 0.012770
-2.335074 0.301925 0.010734
-2.334522 0.045623 0.011753
-2.333051 -0.582296 0.014857
-2.331915 -0.216103 0.012950
-2.330989 1.822872 0.006753
-2.329049 -0.025712 0.012043
-2.326955 -0.131387 0.012522
-2.325773 1.213519 0.008072
-2.325125 -0.094469 0.012341
-2.323536 1.046889 0.008461
-2.322482 -0.257019 0.013122
-2.322260 0.370637 0.010429
-2.320319 1.396047 0.007645
-2.318218 -1.881619 0.014983
-2.317637 2.105133 0.006144
-2.315324 -0.514637 0.014475
-2.314578 0.197176 0.011040
-2.313182 -0.373249 0.013699
-2.312859 0.254043 0.010812
-2.312233 0.008478 0.011817
-2.311042 1.597973 0.007189
-2.310935 0.086548 0.011474
-2.310747 0.590528 0.009653
-2.310406 0.147484 0.011219
-2.309561 -0.157286 0.012577
-2.309387 -0.053095 0.012083
-2.307189 -1.211226 0.017726
-2.306995 -0.297694 0.013279
-2.305942 -0.723917 0.015643
-2.303837 -0.919460 0.016689
-2.302350 -0.192752 0.012723
-2.299093 -0.081003 0.012167
-2.297587 -0.454763 0.014104
-2.297244 3.161080 0.003921
-2.296377 -0.114262 0.012313
-2.296244 0.442474 0.010060
-2.295398 -0.228670 0.012877
-2.294946 0.045337 0.011576
-2.288028 2.430619 0.005452
-2.287455 -0.337205 0.013420
-2.286576 -0.024501 0.011848
-2.285274 -0.141099 0.012394
-2.282492 -0.266610 0.013022
-2.278690 0.118518 0.011186
-2.278439 -0.402563 0.013752
-2.277199 0.010718 0.011644
-2.276702 -0.171649 0.012508
-2.276585 -0.058739 0.011959
-2.275944 0.322847 0.010378
-2.275434 -0.631331 0.015095
-2.272835 -0.795895 0.016097
-2.271028 -0.091486 0.012089
-2.270437 0.167215 0.010945
-2.269569 0.076586 0.011318
-2.268008 -0.203620 0.012632
-2.267834 0.217807 0.010732
-2.265104 -0.558337 0.014631
-2.264104 -0.120122 0.012195
-2.262234 0.273239 0.010492
-2.262144 -0.235592 0.012773
-2.261996 -0.305097 0.013146
-2.260452 -1.673791 0.018046
-2.259259 0.690821 0.009120
-2.259204 0.516244 0.009641
-2.258821 0.042446 0.011414
-2.257570 -0.360867 0.013440
-2.256648 -2.596256 0.008893
-2.255635 -0.149172 0.012300
-2.254627 -1.083680 0.017805
-2.253305 -0.041804 0.011769
-2.253112 -0.012666 0.011633
-2.252866 -0.495332 0.014213
-2.250946 0.388240 0.010022
-2.249461 -0.072577 0.011896
-2.246336 -0.268192 0.012879
-2.246180 -0.178445 0.012405
-2.245376 0.017533 0.011458
-2.245147 0.811921 0.008728
-2.243575 -0.100602 0.012003
-2.242373 -0.440220 0.013846
-2.242057 -0.690178 0.015421
-2.240416 0.100514 0.011071
-2.237885 -0.206813 0.012514
-2.237655 0.949143 0.008353
-2.237380 -1.493571 0.019119
-2.237203 -0.127671 0.012106
-2.234836 0.139585 0.010880
-2.232981 -0.234327 0.012638
-2.231879 -0.333959 0.013184
-2.231665 0.059703 0.011203
-2.228988 -0.154772 0.012204
-2.228960 -0.057001 0.011723
-2.227724 -0.390542 0.013495
-2.227542 0.185343 0.010658
-2.226803 -0.028384 0.011578
-2.223948 -0.083829 0.011828
-2.223469 -0.000654 0.011433
-2.222272 -0.296547 0.012932
-2.221273 -0.863799 0.016579
-2.220306 -3.171257 0.004564
-2.220256 0.235348 0.010425
-2.219566 0.028332 0.011283
-2.219079 -0.108695 0.011926
-2.218814 -0.180399 0.012289
-2.218377 -0.977343 0.017353
-2.216760 0.336484 0.010032
-2.216269 0.594285 0.009192
-2.213853 -0.260978 0.012698
-2.213600 -0.134380 0.012029
-2.212931 0.451280 0.009621
-2.212406 -0.204654 0.012387
-2.212262 -0.601564 0.014771
-2.211174 0.085103 0.010992
-2.210627 0.287589 0.010179
-2.208997 -0.043966 0.011565
-2.207332 -0.754641 0.015813
-2.207106 -1.323228 0.019337
-2.206446 -0.068691 0.011671
-2.206003 -0.229214 0.012490
-2.204360 -2.308602 0.013308
-2.204269 -3.905447 0.001690
-2.203881 -0.157433 0.012101
-2.203055 -0.531736 0.014283
-2.202948 -0.014818 0.011399
-2.201768 0.046486 0.011115
-2.201436 -0.360860 0.013215
-2.200165 -0.092654 0.011758
-2.200083 0.117007 0.010801
-2.198904 -0.117756 0.011877
-2.196323 -0.471951 0.013876
-2.195237 -0.178503 0.012171
-2.195162 -0.421076 0.013553
-2.194801 0.010995 0.011241
-2.194672 1.121696 0.007784
-2.192336 0.155853 0.010602
-2.191569 -0.031847 0.011425
-2.191218 -0.139520 0.011952
-2.190607 -0.321683 0.012941
-2.190369 0.068224 0.010964
-2.190113 -0.201110 0.012268
-2.189553 -0.284224 0.012722
-2.189077 -0.053844 0.011518
-2.185938 -0.074174 0.011601
-2.184636 -0.251876 0.012520
-2.184081 0.203155 0.010371
-2.183760 -0.106831 0.011753
-2.182577 -0.658001 0.015083
-2.180671 -0.223806 0.012349
-2.179623 0.034724 0.011061
-2.178593 -0.160132 0.012001
-2.178186 -0.123449 0.011811
-2.178097 -0.090210 0.011644
-2.177359 0.385772 0.009664
-2.176093 -0.013624 0.011267
-2.174342 0.094003 0.010775
-2.173494 -0.183511 0.012102
-2.172611 -0.039284 0.011372
-2.171826 2.755648 0.004761
-2.171621 -0.388779 0.013265
-2.171548 -0.139904 0.011865
-2.170625 0.255623 0.010102
-2.170439 -0.060577 0.011464
-2.168347 0.522590 0.009174
-2.167222 -0.103242 0.011660
-2.167177 1.297650 0.007322
-2.167123 0.010845 0.011112
-2.165819 -0.078605 0.011532
-2.164979 -0.207266 0.012192
-2.163741 0.060727 0.010871
-2.163025 -0.119200 0.011722
-2.162577 -1.174408 0.018941
-2.161221 -0.302318 0.012710
-2.159881 -0.269914 0.012518
-2.159192 -0.238111 0.012337
-2.158593 -0.347630 0.012967
-2.158064 0.126314 0.010561
-2.157969 -0.151942 0.011869
-2.157218 -0.170634 0.011964
-2.156912 -0.090878 0.011553
-2.156406 4.465084 0.001722
-2.156301 0.657649 0.008721
-2.156240 -0.570763 0.014401
-2.156140 -0.028549 0.011246
-2.155602 -0.049443 0.011344
-2.155568 -0.133561 0.011764
-2.154577 0.318372 0.009792
-2.153374 0.171120 0.010353
-2.153208 -0.067910 0.011424
-2.153110 -2.044948 0.017981
-2.152934 -0.191244 0.012056
-2.152221 -0.007799 0.011131
-2.151909 0.034592 0.010934
-2.151497 -0.106971 0.011611
-2.149206 -0.501788 0.013910
-2.148299 -0.438270 0.013491
-2.146767 -0.218704 0.012180
-2.146595 0.750844 0.008425
-2.145957 -0.080413 0.011454
-2.145730 -0.121823 0.011662
-2.143205 0.087893 0.010658
-2.142642 -0.809070 0.016145
-2.142203 -0.142372 0.011753
-2.141712 -0.095835 0.011513
-2.141322 0.012635 0.010988
-2.140983 -0.160439 0.011843
-2.140597 -0.713371 0.015399
-2.140197 1.925588 0.006153
-2.140177 -0.059026 0.011324
-2.140089 -0.041215 0.011237
-2.139484 0.216959 0.010105
-2.138326 0.869358 0.008094
-2.138324 -0.252691 0.012336
-2.136827 -0.110146 0.011565
-2.136726 -0.179687 0.011928
-2.136488 -0.022495 0.011132
-2.136200 -0.318427 0.012709
-2.135650 0.446393 0.009260
-2.135515 -0.200950 0.012038
-2.135138 -0.130666 0.011664
-2.134401 -0.071574 0.011362
-2.134275 0.057307 0.010754
-2.133014 1.478820 0.006868
-2.132802 1.010753 0.007751
-2.132097 -0.086105 0.011425
-2.130571 -0.388547 0.013116
-2.130293 -0.622774 0.014702
-2.130047 -0.914994 0.016998
-2.129461 -0.119488 0.011583
-2.128834 -0.003505 0.011010
-2.128732 -0.283075 0.012475
-2.128222 -0.100785 0.011483
-2.128183 -0.230298 0.012172
-2.128131 -0.149169 0.011732
-2.126209 -0.052496 0.011234
-2.124952 0.029546 0.010840
-2.123919 0.146590 0.010322
-2.123882 -0.167615 0.011814
-2.123601 -4.503832 0.000810
-2.123323 -0.035999 0.011142
-2.123240 -0.136573 0.011647
-2.122432 -0.064755 0.011279
-2.121482 0.267729 0.009827
-2.120846 -0.077560 0.011337
-2.120628 -0.090494 0.011401
-2.120327 -0.111361 0.011506
-2.119248 0.110455 0.010455
-2.118701 -0.125402 0.011572
-2.118393 -0.210126 0.012024
-2.116279 -0.017611 0.011025
-2.116027 -0.348315 0.012819
-2.115838 -0.100232 0.011431
-2.115801 -0.187608 0.011891
-2.115536 -1.039840 0.018072
-2.114255 -0.154238 0.011706
-2.113369 0.008654 0.010889
-2.112249 -0.254029 0.012249
-2.111758 0.376106 0.009387
-2.110950 -0.049109 0.011157
-2.110902 -0.140918 0.011624
-2.110777 0.079035 0.010557
-2.110688 -0.085654 0.011338
-2.110420 -0.062823 0.011223
-2.109864 0.182260 0.010113
-2.109369 0.587762 0.008699
-2.108983 -0.117933 0.011496
-2.108852 -0.073999 0.011272
-2.108789 -0.541422 0.014066
-2.108525 -0.107244 0.011440
-2.108276 -0.094655 0.011374
-2.107893 0.050551 0.010674
-2.107290 -0.032253 0.011060
-2.107054 -0.473185 0.013593
-2.106617 -0.169794 0.011762
-2.106517 -0.128824 0.011544
-2.106127 1.701872 0.006411
-2.104642 -1.810351 0.021331
-2.103944 -0.309621 0.012547
-2.102925 -0.228124 0.012070
-2.101874 -0.101505 0.011386
-2.100736 -0.008924 0.010923
-2.100006 -0.083576 0.011287
-2.099374 -0.113329 0.011438
-2.098941 -0.092591 0.011329
-2.098632 -0.152934 0.011643
-2.098570 0.030168 0.010730
-2.097792 -0.203987 0.011918
-2.097757 -0.423024 0.013236
-2.097254 -0.059293 0.011155
-2.097224 -0.072154 0.011220
-2.096639 -0.138040 0.011557
-2.095211 -0.277227 0.012327
-2.095168 -0.043880 0.011071
-2.094602 -0.124225 0.011477
-2.093793 -0.184052 0.011795
-2.093760 -0.104104 0.011370
-2.093404 -0.025158 0.010973
-2.092921 0.221951 0.009881
-2.092499 0.133801 0.010244
-2.091051 0.316922 0.009508
-2.090330 0.011823 0.010785
-2.090283 -0.093820 0.011305
-2.090189 -0.166136 0.011685
-2.089113 -1.439803 0.021363
-2.088413 -0.082314 0.011239
-2.087970 -0.114232 0.011402
-2.086678 -0.378010 0.012917
-2.085449 -0.247353 0.012124
-2.084780 -0.068788 0.011158
-2.084747 0.061141 0.010535
-2.084413 -0.147270 0.011565
-2.083927 -0.132832 0.011486
-2.083121 -0.102549 0.011325
-2.082857 2.206387 0.005572
-2.082495 0.507443 0.008820
-2.082350 -0.054337 0.011077
-2.081892 0.096986 0.010363
-2.081118 -0.004907 0.010831
-2.079705 -0.220324 0.011952
-2.079541 -0.038205 0.010987
-2.079042 -0.123020 0.011418
-2.078827 -0.090854 0.011250
-2.078292 -0.336845 0.012637
-2.078252 -0.666800 0.014933
-2.077287 -0.158860 0.011604
-2.077259 -0.020988 0.010895
-2.076702 0.168017 0.010036
-2.076623 -0.197004 0.011812
-2.076264 -0.112144 0.011352
-2.075863 0.036654 0.010615
-2.075083 -0.587891 0.014329
-2.074855 -0.078447 0.011174
-2.074114 -0.175958 0.011688
-2.071013 -0.300014 0.012394
-2.070943 -0.139596 0.011481
-2.070789 -0.100959 0.011276
-2.070273 -0.064407 0.011087
-2.069942 0.263163 0.009624
-2.068794 -0.509711 0.013755
-2.067434 0.014101 0.010691
-2.067115 -0.126636 0.011400
-2.066298 -0.752053 0.015606
-2.066112 -0.048553 0.010994
-2.065271 -0.267194 0.012183
-2.065130 -0.088807 0.011195
-2.064886 -0.114075 0.011327
-2.064793 -0.154272 0.011542
-2.063814 -1.281661 0.020440
-2.062029 -0.030253 0.010889
-2.061881 0.431844 0.008977
-2.061455 -1.601525 0.022526
-2.060567 -0.008215 0.010776
-2.060405 0.070092 0.010405
-2.060154 -0.237234 0.011994
-2.059630 -0.075623 0.011110
-2.059593 1.184990 0.007091
-2.058321 0.129245 0.010133
-2.057235 -0.101067 0.011235
-2.057169 -0.167401 0.011592
-2.056894 -0.188286 0.011707
-2.056864 -0.210681 0.011833
-2.056239 -0.456277 0.013362
-2.055063 0.206058 0.009794
-2.054769 -0.143695 0.011455
-2.053815 -0.060371 0.011015
-2.053670 -0.128841 0.011372
-2.052458 0.044114 0.010499
-2.052095 -0.114766 0.011293
-2.051280 -0.845407 0.016404
-2.050650 -0.407255 0.013024
-2.049256 -0.088389 0.011146
-2.049098 0.676288 0.008176
-2.048409 -0.042990 0.010910
-2.046377 0.020600 0.010591
-2.046272 -0.362912 0.012728
-2.044957 0.364368 0.009143
-2.044628 0.096556 0.010230
-2.043530 -0.023086 0.010796
-2.043065 -0.073821 0.011052
-2.042735 -0.322879 0.012468
-2.041881 -0.001192 0.010682
-2.041879 -0.156328 0.011490
-2.041258 -0.103005 0.011200
-2.040101 -0.286678 0.012241
-2.039521 0.794332 0.007828
-2.039420 -0.177558 0.011602
-2.037842 -0.137645 0.011377
-2.037764 -0.120552 0.011285
-2.037706 -0.254451 0.012042
-2.036134 -0.224745 0.011864
-2.036014 0.163689 0.009904
-2.035364 -0.056680 0.010942
-2.034163 -0.197801 0.011704
-2.033836 -3.525961 0.003536
-2.031590 0.303951 0.009316
-2.030965 -0.089165 0.011100
-2.029449 -0.943824 0.017332
-2.029328 0.064817 0.010327
-2.028900 -0.548245 0.013977
-2.028576 -0.038371 0.010830
-2.028255 -1.143531 0.019320
-2.027433 0.921276 0.007480
-2.025985 -0.072210 0.010998
-2.025111 0.246675 0.009519
-2.024631 -0.109057 0.011190
-2.023907 -0.168302 0.011514
-2.022496 0.036761 0.010441
-2.022141 -0.015524 0.010697
-2.021706 -0.147898 0.011396
-2.021318 0.010401 0.010566
-2.020861 0.125507 0.010022
-2.020119 -0.127506 0.011280
-2.020073 0.575519 0.008341
-2.015665 -0.621904 0.014530
-2.013829 -0.096134 0.011095
-2.012984 -0.056024 0.010881
-2.012717 -0.211977 0.011743
-2.012315 -0.239818 0.011907
-2.011322 -0.185677 0.011588
-2.010513 -0.078460 0.010993
-2.010384 -0.271435 0.012095
-2.010346 -0.304953 0.012302
-2.010288 -0.491971 0.013555
-2.010190 0.089978 0.010152
-2.009854 1.057494 0.007121
-2.008710 -0.344799 0.012554
-2.008690 0.199185 0.009660
-2.008455 -0.032944 0.010751
-2.008415 -0.436800 0.013167
-2.007887 3.948197 0.002631
-2.007406 -0.387186 0.012830
-2.003200 -0.161452 0.011435
-2.002741 0.488509 0.008546
-2.002399 -0.114582 0.011171
-2.002058 -0.138300 0.011302
-2.001479 -0.694592 0.015119
-2.000933 -0.004659 0.010588
-2.000854 -2.847028 0.009867
-1.995473 0.021872 0.010442
-1.994873 0.054409 0.010280
-1.994092 -0.093016 0.011037
-1.993962 0.157222 0.009798
-1.992032 -0.070105 0.010909
-1.990638 0.412251 0.008762
-1.990066 -0.047805 0.010787
-1.989163 -0.200574 0.011639
-1.988587 -0.023571 0.010657
-1.987518 -2.510903 0.015505
-1.985520 -0.225384 0.011782
-1.984801 -0.253045 0.011950
-1.983470 -1.026884 0.018278
-1.983401 -0.176014 0.011487
-1.982646 -0.127441 0.011208
-1.982560 0.118760 0.009942
-1.981389 -0.784473 0.015918
-1.981243 0.343732 0.008983
-1.980590 -0.151618 0.011342
-1.978307 0.084388 0.010094
-1.978130 -0.320829 0.012372
-1.977483 0.283917 0.009207
-1.976949 -0.107556 0.011087
-1.975957 0.235088 0.009405
-1.975726 -0.285624 0.012145
-1.975397 -0.571256 0.014146
-1.972381 2.469468 0.004956
-1.971893 -0.085528 0.010957
-1.971686 -0.002906 0.010515
-1.970147 1.338261 0.006469
-1.968761 -0.062140 0.010824
-1.967084 0.030692 0.010334
-1.966255 -2.215966 0.021225
-1.966121 -0.035251 0.010675
-1.965605 -0.410840 0.012974
-1.965420 -0.362201 0.012642
-1.963518 -0.195979 0.011583
-1.960946 -0.135440 0.011224
-1.960755 0.188552 0.009565
-1.959894 -0.515441 0.013733
-1.958514 -0.223047 0.011744
-1.956645 -1.402686 0.022600
-1.956451 -0.458729 0.013318
-1.955696 0.063220 0.010147
-1.955315 -0.252641 0.011926
-1.954968 -0.111917 0.011082
-1.954862 -0.164927 0.011390
-1.952979 3.454813 0.003441
-1.951091 0.145891 0.009736
-1.948401 -0.085944 0.010927
-1.947259 -0.882165 0.016920
-1.946667 0.734176 0.007591
-1.945165 1.985343 0.005513
-1.944663 1.539259 0.006080
-1.944194 -0.321900 0.012374
-1.943987 0.633685 0.007863
-1.943825 -0.056577 0.010758
-1.943752 0.102150 0.009930
-1.943732 0.007075 0.010413
-1.941424 -0.023372 0.010573
-1.938490 -0.286010 0.012138
-1.936913 -0.191672 0.011540
-1.936076 -0.138835 0.011221
-1.935823 -0.632647 0.014693
-1.934619 -1.960160 0.025147
-1.933146 0.541561 0.008111
-1.932234 0.040734 0.010219
-1.929507 0.227404 0.009311
-1.928735 -0.221727 0.011726
-1.927540 -0.110323 0.011048
-1.925852 -0.716922 0.015441
-1.925732 0.458971 0.008369
-1.925183 -0.393158 0.012876
-1.924938 0.273494 0.009098
-1.923843 0.323391 0.008885
-1.923789 0.854002 0.007198
-1.923089 -1.246419 0.021113
-1.922516 0.387119 0.008627
-1.921953 -0.254754 0.011939
-1.920572 -0.165420 0.011375
-1.919764 -0.079480 0.010864
-1.916213 -0.352173 0.012598
-1.915910 0.075901 0.010011
-1.915208 -0.047581 0.010678
-1.913803 0.014290 0.010334
-1.913374 0.129286 0.009738
-1.912163 -0.015765 0.010497
-1.911060 3.052148 0.004032
-1.910581 0.177820 0.009497
-1.909416 -0.557443 0.014144
-1.906473 -0.437080 0.013223
-1.904841 -0.136029 0.011193
-1.904275 -1.735489 0.026205
-1.904202 1.157075 0.006502
-1.904124 -0.307498 0.012303
-1.903478 0.981301 0.006834
-1.903181 -0.196503 0.011571
-1.900847 -0.491171 0.013645
-1.894863 -0.103819 0.010997
-1.894347 -1.108354 0.019657
-1.892087 0.044859 0.010144
-1.890566 1.770583 0.005597
-1.890359 -0.231521 0.011806
-1.889430 -0.270136 0.012065
-1.887527 0.100993 0.009841
-1.887401 -0.789367 0.016256
-1.887191 -0.069722 0.010792
-1.884337 -0.166583 0.011389
-1.882268 -0.033837 0.010580
-1.882158 0.221716 0.009233
-1.881614 -0.973479 0.018186
-1.880390 0.005196 0.010355
-1.875000 5.000000 0.001238
-1.875000 -5.000000 0.000509
-1.874947 -0.393720 0.012970
-1.874209 -1.538391 0.025226
-1.872362 -0.346587 0.012630
-1.870754 0.273794 0.008969
-1.870267 0.150726 0.009562
-1.869357 -0.132307 0.011179
-1.866100 -0.678304 0.015328
-1.865654 0.342798 0.008653
-1.864080 -0.203154 0.011645
-1.863462 0.069831 0.009982
-1.861119 -3.200305 0.007004
-1.859490 -0.298797 0.012313
-1.858431 -0.095448 0.010953
-1.856326 -0.600010 0.014685
-1.851771 0.499667 0.007991
-1.851331 0.419553 0.008298
-1.850959 -0.056607 0.010715
-1.848934 0.586356 0.007677
-1.847988 0.030202 0.010198
-1.847915 -0.015325 0.010465
-1.847791 -0.248280 0.011980
-1.845774 0.195605 0.009300
-1.845398 0.679412 0.007370
-1.845169 -0.522616 0.014081
-1.845053 -0.166231 0.011423
-1.843833 -0.449506 0.013494
-1.840360 -0.863861 0.017281
-1.840206 0.109656 0.009746
-1.839236 0.781975 0.007056
-1.829777 -0.125968 0.011175
-1.825220 -0.387497 0.013074
-1.824472 -0.336108 0.012681
-1.821594 -0.206102 0.011737
-1.818009 -0.083085 0.010907
-1.816750 0.241770 0.009029
-1.816723 0.064175 0.009994
-1.816128 -0.744244 0.016241
-1.815800 -0.289297 0.012356
-1.814843 0.155167 0.009480
-1.812911 0.007950 0.010333
-1.812411 0.304347 0.008717
-1.811859 -0.038627 0.010625
-1.809854 -1.359467 0.023877
-1.801674 -0.162094 0.011469
-1.801234 1.061249 0.006277
-1.799797 2.203187 0.004852
-1.798632 2.729104 0.004278
-1.798262 1.257121 0.005928
-1.795264 -0.247001 0.012102
-1.793027 -4.081855 0.001941
-1.791622 0.363692 0.008405
-1.791081 -0.650649 0.015521
-1.788228 0.105391 0.009751
-1.786248 -0.115021 0.011171
-1.786010 -1.200121 0.021920
-1.785566 -0.566635 0.014783
-1.783772 0.907215 0.006541
-1.783709 -0.487968 0.014098
-1.782214 0.037862 0.010163
-1.780420 0.202408 0.009198
-1.777627 -0.418649 0.013540
-1.777276 -1.057697 0.020113
-1.775951 0.500200 0.007786
-1.774325 0.430901 0.008071
-1.773852 -0.351347 0.013001
-1.773087 -0.064623 0.010847
-1.771782 -0.202342 0.011840
-1.770210 -0.014384 0.010512
-1.769178 -0.298698 0.012597
-1.768589 1.413432 0.005597
-1.762189 -0.933859 0.018763
-1.760277 0.583466 0.007427
-1.758597 1.621182 0.005315
-1.758115 0.277421 0.008779
-1.758100 0.152372 0.009474
-1.753759 -0.152701 0.011523
-1.752114 0.074853 0.009950
-1.750401 -0.813267 0.017524
-1.747693 0.678947 0.007060
-1.747543 -2.373182 0.024802
-1.740261 -0.249667 0.012327
-1.739799 -2.108663 0.029864
-1.739365 -0.099203 0.011166
-1.736292 0.785013 0.006698
-1.731397 0.020438 0.010332
-1.729591 0.223756 0.009054
-1.727218 0.339383 0.008426
-1.726994 -3.683028 0.003733
-1.724973 -1.870061 0.031434
-1.724933 -0.710110 0.016685
-1.721612 -0.038412 0.010766
-1.720238 0.117579 0.009701
-1.719842 -0.377194 0.013518
-1.719056 -0.451893 0.014201
-1.717930 -0.195597 0.011985
-1.717503 -0.530252 0.014951
-1.714712 -0.615401 0.015813
-1.712161 -0.306723 0.012945
-1.710776 -2.649361 0.018866
-1.709905 -1.658192 0.030121
-1.703529 0.416393 0.008013
-1.701676 -0.141166 0.011611
-1.700443 0.179257 0.009322
-1.696821 1.934085 0.004806
-1.692783 0.067091 0.010071
-1.691728 1.160514 0.005697
-1.690113 -0.084857 0.011206
-1.686502 0.507325 0.007564
-1.686192 -1.472864 0.027911
-1.680145 -0.240784 0.012548
-1.678936 0.268577 0.008782
-1.675192 0.009983 0.010520
-1.664105 -1.295885 0.025414
-1.660085 1.003026 0.005896
-1.659853 -1.005123 0.021076
-1.658660 -0.878737 0.019446
-1.657973 0.127836 0.009699
-1.657267 -0.345623 0.013661
-1.657077 -0.045171 0.011002
-1.656208 -0.181120 0.012152
-1.656159 -0.413414 0.014331
-1.655677 -1.138491 0.023070
-1.654757 0.613489 0.007055
-1.650060 -0.490708 0.015170
-1.646856 -0.116198 0.011633
-1.645258 -0.767330 0.018287
-1.644920 0.347320 0.008315
-1.644130 -0.286996 0.013196
-1.643732 2.450469 0.004211
-1.639982 0.862012 0.006182
-1.638372 -0.573444 0.016174
-1.635442 0.201744 0.009218
-1.633855 -0.665547 0.017257
-1.631941 0.727109 0.006578
-1.629739 0.065200 0.010213
-1.618283 -2.940784 0.013463
-1.614101 0.437235 0.007800
-1.609419 -0.000148 0.010799
-1.607658 4.526562 0.001833
-1.603590 -0.223633 0.012866
-1.601395 -0.072133 0.011456
-1.594683 -0.148120 0.012193
-1.594628 0.275094 0.008759
-1.592310 1.728590 0.004661
-1.590624 1.296079 0.005136
-1.590066 4.126258 0.002309
-1.589015 0.131353 0.009797
-1.588649 -0.364670 0.014438
-1.584592 -0.444580 0.015357
-1.584222 1.508036 0.004850
-1.583166 -0.296592 0.013764
-1.582357 0.537925 0.007252
-1.569438 3.679329 0.002825
-1.565082 -0.522119 0.016485
-1.559177 0.057024 0.010489
-1.556868 3.256812 0.003270
-1.554109 -4.530903 0.001159
-1.553604 0.359113 0.008227
-1.553534 -0.944714 0.022228
-1.551626 -0.824352 0.020556
-1.548736 0.201230 0.009338
-1.544674 -0.610195 0.017854
-1.542118 -0.020701 0.011264
-1.540546 -0.714080 0.019268
-1.535077 -0.098442 0.012064
-1.532928 -0.177377 0.012901
-1.531830 0.654407 0.006638
-1.529244 1.112918 0.005249
-1.527743 -3.326337 0.007640
-1.527014 -0.250593 0.013753
-1.525544 -1.216956 0.027363
-1.525525 -1.062154 0.024688
-1.523246 -1.774349 0.037353
-1.522913 -1.387331 0.030677
-1.522057 -2.007114 0.038217
-1.520913 2.891401 0.003551
-1.518992 0.939364 0.005621
-1.518284 -2.267397 0.034411
-1.517809 -1.574876 0.034479
-1.517681 2.168134 0.004103
-1.516672 0.788857 0.006081
-1.515658 -0.408732 0.015735
-1.513750 0.454219 0.007636
-1.508109 0.122230 0.010089
-1.505839 -0.321914 0.014790
-1.500281 0.278547 0.008824
-1.492569 -0.486152 0.017025
-1.481443 0.038506 0.010978
-1.472838 0.562720 0.006995
-1.466680 -0.046927 0.011948
-1.463161 -0.132008 0.012930
-1.459833 -0.564512 0.018607
-1.459750 -0.219174 0.014004
-1.458713 -2.511790 0.028699
-1.454009 0.194505 0.009608
-1.451800 -0.899623 0.023864
-1.450772 0.366941 0.008220
-1.438449 -0.779410 0.022250
-1.436250 -0.660201 0.020449
-1.436076 -0.376839 0.016335
-1.429294 1.897310 0.004047
-1.428891 1.403525 0.004488
-1.422345 -0.284809 0.015247
-1.417777 0.105003 0.010593
-1.416708 -0.452649 0.017693
-1.411925 2.609109 0.003533
-1.403392 0.701602 0.006216
-1.403287 0.468733 0.007527
-1.395328 0.011410 0.011733
-1.394974 0.276107 0.009028
-1.393235 -1.132408 0.029758
-1.390675 -1.003183 0.027347
-1.388580 -0.178368 0.014169
-1.386920 1.018888 0.005064
-1.385273 0.850931 0.005574
-1.383975 -0.084598 0.012981
-1.373392 -0.533810 0.019680
-1.371905 -1.288437 0.033776
-1.370974 1.218152 0.004595
-1.368342 1.625857 0.004084
-1.365437 0.591109 0.006749
-1.355168 -3.710028 0.004387
-1.354023 -1.468040 0.038482
-1.349800 0.180229 0.010084
-1.349381 -2.754217 0.022128
-1.347655 -0.353449 0.017224
-1.336223 0.370740 0.008315
-1.331847 -0.245010 0.015749
-1.330326 -0.612579 0.021880
-1.328816 -0.732679 0.024083
-1.321288 -1.883670 0.046198
-1.321213 -0.871173 0.026908
-1.319559 -0.445929 0.019189
-1.318510 0.078342 0.011385
-1.313011 -1.675770 0.044434
-1.303191 -0.027992 0.012865
-1.298319 2.351844 0.003428
-1.297556 -2.152203 0.044399
-1.296250 -0.140636 0.014554
-1.284191 0.483020 0.007463
-1.277713 0.267430 0.009411
-1.264349 -4.106974 0.002388
-1.259399 0.749897 0.005794
-1.257991 -0.315291 0.017905
-1.250000 5.000000 0.001265
-1.250000 -5.000000 0.000657
-1.248229 0.614033 0.006549
-1.247996 -1.150797 0.035479
-1.247019 -3.048927 0.014161
-1.246958 -1.000462 0.032042
-1.240460 1.084573 0.004553
-1.239521 1.405221 0.003970
-1.237567 0.914659 0.005062
-1.235966 0.156845 0.010838
-1.233878 -0.531563 0.022442
-1.223596 2.086382 0.003397
-1.223486 -0.409735 0.020231
-1.216384 -0.660348 0.025529
-1.212822 -0.212617 0.016690
-1.212220 0.039891 0.012567
-1.211814 -2.402351 0.038356
-1.211198 -0.799673 0.028726
-1.210541 -0.080415 0.014446
-1.209624 0.372260 0.008512
-1.198670 -1.333351 0.042113
-1.183295 1.824486 0.003454
-1.178837 3.060487 0.002745
-1.167908 -1.521864 0.048153
-1.152899 3.479001 0.002422
-1.152406 0.501502 0.007401
-1.147839 0.249776 0.010042
-1.147209 3.963388 0.002060
-1.140501 -0.313623 0.019683
-1.138809 -0.897619 0.033452
-1.137751 2.718517 0.002863
-1.135318 1.222575 0.004017
-1.124332 -0.148428 0.016559
-1.123025 -1.965007 0.053780
-1.118884 1.598134 0.003473
-1.113798 0.120791 0.011982
-1.113765 -0.452859 0.023255
-1.110701 0.659722 0.006206
-1.104250 -0.019622 0.014364
-1.100686 -3.374760 0.008203
-1.097770 -0.588608 0.026897
-1.093993 0.823860 0.005244
-1.093658 -0.728073 0.030570
-1.088437 -1.030475 0.038899
-1.084684 -1.172428 0.043024
-1.082750 -2.642715 0.029309
-1.075949 -1.734715 0.056002
-1.072365 0.366204 0.008868
-1.070602 1.014295 0.004435
-1.066099 4.477377 0.001588
-1.052472 -0.234482 0.019266
-1.030855 2.441861 0.002780
-1.015329 -1.341692 0.051024
-1.013147 1.401318 0.003464
-1.010961 0.512075 0.007430
-1.009658 -0.840287 0.036411
-1.007416 -0.363443 0.023083
-1.002507 -2.209715 0.050321
-1.001310 0.219190 0.011045
-0.998112 0.053847 0.013850
-0.992153 -0.107512 0.017170
-0.979358 -0.509205 0.027590
-0.976827 -1.532392 0.057510
-0.970415 2.173703 0.002783
-0.961477 -4.528307 0.001290
-0.958677 0.666904 0.006132
-0.947652 1.917762 0.002870
-0.946109 -2.904074 0.019138
-0.943990 -0.674581 0.033412
-0.943633 -0.987985 0.043433
-0.931815 0.829467 0.005068
-0.923452 0.370298 0.009163
-0.920902 1.690646 0.002969
-0.914017 1.208588 0.003633
-0.913742 -0.243954 0.021413
-0.910249 -3.737896 0.004361
-0.896974 -1.168636 0.051207
-0.894053 1.002427 0.004228
-0.885692 -1.923108 0.061592
-0.876900 -0.033744 0.016595
-0.873053 0.118111 0.013411
-0.857341 -0.399812 0.026769
-0.856148 -2.470934 0.038320
-0.845399 0.524450 0.007461
-0.838311 -0.822503 0.041506
-0.833711 -0.553774 0.032232
-0.832712 1.477744 0.003018
-0.832393 0.241375 0.011355
-0.820533 -0.143955 0.019850
-0.815436 2.842040 0.002174
-0.813625 -1.387686 0.061112
-0.805602 -3.194689 0.011027
-0.790077 -1.652222 0.066078
-0.780313 0.696184 0.005893
-0.764552 3.224473 0.001922
-0.754278 -1.006746 0.050939
-0.746501 2.544019 0.002175
-0.745283 -0.291010 0.025018
-0.743806 0.040385 0.015816
-0.742912 0.377546 0.009445
-0.736870 -0.671543 0.038652
-0.730062 0.883527 0.004617
-0.711323 3.667753 0.001655
-0.703939 1.099487 0.003644
-0.702348 -2.166129 0.053686
-0.700807 1.329936 0.003036
-0.698103 2.231846 0.002223
-0.690172 -4.109090 0.002272
-0.686794 1.933818 0.002357
-0.683725 -1.208799 0.060230
-0.675568 -0.122071 0.020544
-0.673133 1.656363 0.002541
-0.672359 -0.470744 0.032254
-0.670951 0.199503 0.012684
-0.658642 -2.753126 0.023153
-0.655226 0.542293 0.007402
-0.646737 4.139347 0.001377
-0.639011 -1.874655 0.065132
-0.638437 -0.836225 0.047371
-0.625000 -5.000000 0.000616
-0.625000 5.000000 0.000965
-0.596444 -1.444464 0.067891
-0.586743 -3.510042 0.005763
-0.575491 0.734596 0.005533
-0.570722 -0.295904 0.027002
-0.569011 0.035554 0.016791
-0.552982 0.363051 0.009954
-0.545771 -0.637993 0.040658
-0.537593 -2.417289 0.037195
-0.533331 -1.031746 0.057045
-0.517101 0.951396 0.004071
-0.514266 -1.670015 0.068365
-0.495899 -0.117526 0.021444
-0.491888 4.548405 0.001066
-0.481077 1.469586 0.002462
-0.480107 1.196127 0.003056
-0.463681 0.173002 0.013716
-0.456540 -1.248230 0.064607
-0.451053 -0.454164 0.033816
-0.448330 -3.069775 0.011506
-0.447658 0.558664 0.007233
-0.435646 -2.031677 0.054871
-0.426345 -0.819424 0.049326
-0.425249 2.902722 0.001511
-0.418360 2.489326 0.001641
-0.412414 1.778005 0.002006
-0.396120 2.105640 0.001771
-0.359766 -0.255596 0.026368
-0.345059 0.771518 0.005069
-0.342738 -4.500569 0.001076
-0.340157 0.370261 0.009862
-0.332338 -0.023621 0.018796
-0.331650 -3.871647 0.002717
-0.323410 3.374314 0.001241
-0.313085 -0.628751 0.041124
-0.312013 -1.010193 0.056315
-0.308408 -1.479570 0.065201
-0.298201 -1.804455 0.059017
-0.287549 -2.248616 0.038450
-0.279634 1.013433 0.003494
-0.270269 -2.655735 0.020334
-0.262715 0.178188 0.013504
-0.233314 -1.199573 0.060041
-0.231145 1.292428 0.002459
-0.210677 -0.415182 0.031736
-0.209942 0.564818 0.006911
-0.209397 3.893522 0.000996
-0.189715 1.573066 0.001889
-0.167627 -0.836748 0.047544
-0.138831 -0.187065 0.022994
-0.131071 -3.473482 0.004331
-0.100985 1.907807 0.001451
-0.099532 0.044471 0.016031
-0.090797 0.325544 0.010049
-0.088522 2.274158 0.001251
-0.082497 0.805600 0.004414
-0.069479 -0.598521 0.036600
-0.064173 2.662114 0.001098
-0.061366 -1.987984 0.040044
-0.054018 -1.645223 0.050922
-0.053610 -3.034440 0.008271
-0.035309 -1.352358 0.053221
-0.033739 1.092268 0.002792
-0.021305 -1.053690 0.049149
-0.014203 4.419573 0.000731
0.000000 -5.000000 0.000424
0.000000 5.000000 0.000607
0.000665 -4.152655 0.001355
0.013676 -2.337229 0.023393
0.017962 3.071069 0.000918
0.024749 0.570621 0.006237
0.039959 -0.357077 0.026075
0.066013 1.371602 0.001854
0.082053 -0.796742 0.038563
0.088802 1.674438 0.001389
0.090456 -0.100200 0.017883
0.095454 0.134007 0.012493
0.105347 -2.667300 0.012239
0.130129 0.355852 0.008458
0.148047 0.906436 0.003288
0.154846 -0.571401 0.029737
0.159644 3.511123 0.000724
0.197326 2.049227 0.000999
0.198558 -1.224788 0.039786
0.198771 -1.492104 0.038357
0.199282 0.710735 0.004381
0.204135 -1.783835 0.032231
0.217770 1.156394 0.002144
0.221777 -0.997177 0.036582
0.230502 -0.228310 0.018769
0.250052 0.503335 0.005996
0.252776 -3.785972 0.001748
0.252965 -2.089369 0.021802
0.256317 2.413455 0.000813
0.273700 -0.407355 0.022080
0.274664 0.231965 0.009207
0.285580 0.012462 0.012752
0.292800 -3.344071 0.003182
0.298854 -0.820731 0.030184
0.310036 -0.653253 0.026511
0.323590 1.498577 0.001289
0.324447 1.798892 0.000999
0.327524 -2.943251 0.005570
0.328491 -4.497248 0.000600
0.331508 2.778753 0.000673
0.337548 3.966339 0.000551
0.351855 -2.411671 0.011857
0.365821 0.973376 0.002472
0.378833 -0.158922 0.014472
0.388156 1.261160 0.001595
0.389108 0.769357 0.003366
0.398789 0.371256 0.006469
0.412299 0.579556 0.004516
0.415446 -1.337416 0.027461
0.418512 -1.088112 0.027481
0.425047 -0.518207 0.020065
0.432531 -1.600568 0.023899
0.439430 0.164814 0.008531
0.449617 -0.325651 0.015996
0.465961 -0.880189 0.023798
0.475086 -1.873943 0.017708
0.481106 3.174474 0.000519
0.487776 -0.010375 0.010292
0.489778 2.171193 0.000666
0.492449 -0.690899 0.020542
0.499484 -2.699115 0.005942
0.525032 4.479392 0.000411
0.529355 1.110686 0.001696
0.555850 1.912719 0.000704
0.557249 -2.159484 0.010908
0.561466 -0.170654 0.011310
0.563002 1.390066 0.001123
0.567531 0.479853 0.004430
0.569954 0.297632 0.005877
0.576851 0.675713 0.003186
0.579815 0.879729 0.002283
0.581787 -0.470753 0.014881
0.588221 1.648728 0.000829
0.604802 0.120289 0.007250
0.608380 -1.212465 0.018931
0.621063 -1.000754 0.018282
0.623862 -4.074634 0.000718
0.625000 5.000000 0.000331
0.625000 -5.000000 0.000218
0.627066 -0.314551 0.011870
0.629305 -1.442955 0.017001
0.630169 -3.116580 0.002593
0.630749 2.507714 0.000490
0.640060 -0.629614 0.015066
0.655504 -0.801154 0.016022
0.661763 -0.040573 0.008198
0.671853 -1.684155 0.013402
0.674402 3.564519 0.000386
0.692265 -2.447938 0.005693
0.708053 2.851857 0.000407
0.711958 -3.544355 0.001263
0.713528 1.227338 0.001152
0.715249 1.010890 0.001570
0.717086 0.403751 0.004033
0.718413 0.238301 0.005135
0.727212 0.570519 0.003072
0.733629 -0.189885 0.008594
0.734652 -0.499834 0.011408
0.737262 0.761146 0.002244
0.739910 -0.365353 0.010103
0.742269 -1.937939 0.009135
0.753584 0.087227 0.005951
0.780232 1.458961 0.000789
0.782632 1.944773 0.000511
0.784632 -1.107699 0.012807
0.784685 2.203818 0.000442
0.789735 -0.631398 0.011094
0.793052 -0.923263 0.012349
0.802735 -1.308944 0.011878
0.804712 -2.790362 0.002892
0.812845 -0.049445 0.006327
0.818059 -0.756819 0.011081
0.826643 0.891404 0.001611
0.840162 -0.293352 0.007737
0.840563 0.328430 0.003680
0.847872 1.699484 0.000563
0.849772 -1.520409 0.009678
0.854466 -2.201796 0.005320
0.857894 0.199090 0.004263
0.861190 4.010841 0.000292
0.861348 -0.448964 0.008423
0.866754 0.650280 0.002189
0.874530 0.477563 0.002798
0.880491 -0.156528 0.006230
0.885954 0.076405 0.004732
0.886335 1.091541 0.001097
0.900743 -0.579941 0.008416
0.909512 -1.740027 0.007207
0.923161 -4.505266 0.000266
0.931799 1.280473 0.000792
0.935502 0.777121 0.001616
0.938842 -0.021438 0.004780
0.943625 -1.013714 0.008697
0.947058 -0.851958 0.008430
0.953071 -1.187240 0.008397
0.954125 -0.245166 0.005813
0.960424 -0.704220 0.007780
0.960480 0.342858 0.002904
0.960963 -0.365608 0.006342
0.969143 3.191411 0.000270
0.972252 0.230229 0.003297
0.976125 2.469813 0.000304
0.979431 -3.150645 0.001295
0.980664 0.124607 0.003702
0.986469 -0.108406 0.004749
0.990294 0.580324 0.001967
0.991537 0.950837 0.001141
0.993732 -0.484918 0.006404
1.001022 -1.975525 0.004691
1.001369 -1.377674 0.007023
1.002604 1.486887 0.000556
1.003568 -2.482447 0.002746
1.013461 2.772292 0.000268
1.019458 -3.885257 0.000486
1.023432 1.921113 0.000366
1.026850 0.452267 0.002204
1.031469 0.029946 0.003721
1.037740 -0.601877 0.006159
1.039201 -0.188865 0.004573
1.046934 0.686361 0.001524
1.058445 -0.299538 0.004814
1.060868 2.161273 0.000301
1.062754 4.489489 0.000216
1.075216 -1.570769 0.005261
1.075734 -0.055980 0.003704
1.078201 0.332625 0.002340
1.078380 0.229224 0.002667
1.080616 -0.926684 0.006090
1.081070 -0.780011 0.005916
1.082549 -0.405980 0.004922
1.084333 0.128953 0.002970
1.084501 1.121661 0.000770
1.089287 0.817189 0.001171
1.100379 -1.081432 0.005796
1.109073 1.682647 0.000387
1.115668 -0.512752 0.004850
1.116631 -0.138720 0.003660
1.116802 -1.238177 0.005409
1.119946 -0.666806 0.005160
1.123693 0.546614 0.001606
1.134439 1.305524 0.000558
1.134927 -2.214644 0.002675
1.135715 -1.774268 0.003920
1.139307 -2.812356 0.001390
1.139332 -0.234860 0.003775
1.149333 0.030188 0.002873
1.155246 0.432004 0.001758
1.161364 3.608847 0.000200
1.162409 -0.333495 0.003853
1.162942 0.952220 0.000848
1.166818 0.668819 0.001249
1.173539 0.133324 0.002433
1.174166 0.228318 0.002178
1.179728 -0.580291 0.004268
1.180416 -0.069282 0.002956
1.182555 0.326590 0.001899
1.183299 -3.475707 0.000587
1.192522 -0.436316 0.003827
1.203712 -0.856410 0.004360
1.204728 -1.398578 0.004043
1.207892 -0.165017 0.003020
1.214500 -0.738736 0.004131
1.222098 -0.976815 0.004192
1.226278 1.478152 0.000392
1.226765 0.797539 0.000931
1.231325 -0.256411 0.003071
1.242999 0.074105 0.002214
1.243890 0.555688 0.001246
1.246220 -0.640238 0.003678
1.246376 -0.013811 0.002399
1.247795 -1.103295 0.003883
1.250000 5.000000 0.000159
1.250000 -5.000000 0.000085
1.250449 -0.519193 0.003452
1.251034 -1.980112 0.002466
1.252963 0.454841 0.001392
1.254629 -0.345434 0.003087
1.258562 1.879049 0.000260
1.258967 1.081694 0.000598
1.259513 0.172210 0.001919
1.266344 -1.234383 0.003602
1.269052 -1.557764 0.003145
1.269062 -0.103558 0.002468
1.270329 0.363475 0.001501
1.271672 0.266832 0.001678
1.278787 1.228527 0.000478
1.278823 -2.533998 0.001367
1.285989 -4.225947 0.000200
1.291214 -0.426849 0.002955
1.292052 -0.188273 0.002504
1.293279 0.674544 0.000962
1.294494 2.359344 0.000192
1.313556 -1.724623 0.002523
1.314587 2.091832 0.000208
1.315152 2.954447 0.000165
1.316067 -0.271868 0.002510
1.317730 2.631337 0.000172
1.318781 0.921309 0.000659
1.319856 0.029066 0.001930
1.320488 -0.819297 0.003157
1.320582 0.112364 0.001774
1.325494 -0.049417 0.002049
1.325709 -0.592226 0.002922
1.329057 -0.704678 0.003007
1.338713 -0.939936 0.003039
1.340365 -0.348437 0.002481
1.344286 -0.498811 0.002669
1.345672 1.645090 0.000270
1.346597 0.200432 0.001520
1.347201 0.462604 0.001123
1.351130 -0.128908 0.002058
1.353052 0.369332 0.001239
1.353924 -2.293313 0.001439
1.354692 0.285002 0.001360
1.355449 -3.097619 0.000630
1.356714 0.565361 0.000968
1.367859 -0.202416 0.002089
1.368166 0.790794 0.000708
1.368691 -1.063646 0.002786
1.370087 1.376884 0.000340
1.378855 -0.415425 0.002331
1.383144 -1.355735 0.002507
1.386143 4.035000 0.000143
1.386532 0.065132 0.001585
1.387608 -0.272035 0.002086
1.390033 0.141306 0.001458
1.391713 -0.075763 0.001777
1.391898 -0.008867 0.001675
1.400523 -1.193888 0.002498
1.407146 -0.334394 0.002063
1.408200 1.043252 0.000472
1.409300 0.671533 0.000756
1.413909 -0.556637 0.002268
1.414136 -0.649255 0.002343
1.422445 -1.505618 0.002111
1.423230 -0.151926 0.001743
1.424000 -0.472128 0.002126
1.425186 -0.753680 0.002334
1.425308 0.232897 0.001218
1.432331 0.318775 0.001092
1.435933 -0.222576 0.001776
1.437177 0.407604 0.000977
1.437530 -0.861557 0.002292
1.442544 -0.384464 0.001932
1.442837 -0.090922 0.001579
1.443041 1.188061 0.000369
1.443773 0.499055 0.000865
1.446725 -2.097240 0.001343
1.447010 0.166861 0.001236
1.449317 3.292848 0.000131
1.449370 0.031956 0.001398
1.449422 0.097839 0.001315
1.455384 -0.031814 0.001456
1.456985 -0.292191 0.001760
1.458908 -1.864170 0.001549
1.472188 0.595240 0.000722
1.473838 -0.980552 0.002078
1.473980 0.892110 0.000499
1.475408 1.820420 0.000186
1.481872 -3.792224 0.000223
1.482769 -0.432143 0.001776
1.484982 -2.768725 0.000660
1.485172 -0.184490 0.001519
1.487432 -0.127163 0.001447
1.487585 -0.512719 0.001819
1.488592 0.747242 0.000579
1.490511 1.530920 0.000232
1.491294 -0.347897 0.001659
1.491710 -0.596543 0.001857
1.492491 -1.649581 0.001613
1.496809 -0.241782 0.001531
1.497500 0.273459 0.000980
1.500389 -0.067534 0.001335
1.501765 0.200565 0.001044
1.504299 -0.688063 0.001841
1.504351 0.002139 0.001247
1.505810 0.065977 0.001175
1.507584 0.129429 0.001103
1.508198 0.355729 0.000875
1.511893 -1.105870 0.001847
1.521161 -0.289660 0.001479
1.524814 0.441533 0.000765
1.530813 -1.264250 0.001695
1.530922 -0.788052 0.001743
1.534950 -0.158460 0.001306
1.535976 -0.035077 0.001185
1.536119 -0.394060 0.001505
1.538197 0.529205 0.000671
1.538213 -0.102725 0.001243
1.541054 2.064269 0.000143
1.542320 -0.213913 0.001330
1.542457 0.655458 0.000573
1.545287 -0.465599 0.001519
1.547022 1.026395 0.000362
1.548367 -0.891978 0.001676
1.548798 0.031244 0.001084
1.551303 1.335626 0.000252
1.553621 -0.331600 0.001387
1.556379 -0.541657 0.001519
1.558008 0.161924 0.000941
1.558584 0.232589 0.000878
1.561753 -0.261503 0.001301
1.562521 0.093831 0.000991
1.564234 -1.424657 0.001463
1.566115 0.306073 0.000800
1.566398 -0.067700 0.001122
1.570046 2.321131 0.000122
1.570983 -0.621694 0.001497
1.572214 -0.008676 0.001055
1.572452 -4.575844 0.000077
1.572804 -2.464950 0.000708
1.576700 -0.131035 0.001145
1.580668 0.808083 0.000438
1.581668 -0.181103 0.001170
1.585733 0.386513 0.000701
1.589265 -0.297831 0.001233
1.591058 0.046807 0.000958
1.592895 -0.364460 0.001267
1.594450 -0.706767 0.001431
1.594912 -0.096591 0.001063
1.596279 -0.424339 0.001292
1.597783 -0.230619 0.001157
1.599268 -0.041452 0.001008
1.600105 2.627125 0.000108
1.603298 -3.372296 0.000270
1.604070 0.583462 0.000540
1.606989 0.131073 0.000854
1.608291 0.193647 0.000803
1.608762 1.161241 0.000272
1.609425 -0.490344 0.001282
1.610130 0.010346 0.000939
1.612870 -1.010282 0.001392
1.615407 -0.147294 0.001043
1.617317 0.475882 0.000589
1.617376 0.259031 0.000737
1.617498 0.707078 0.000454
1.619229 4.502192 0.000101
1.621197 0.076970 0.000863
1.624360 -0.070620 0.000964
1.625917 -0.190719 0.001044
1.627114 -0.559952 0.001251
1.627646 -0.270637 0.001092
1.628806 -0.327159 0.001124
1.630058 0.912000 0.000347
1.631530 -0.114180 0.000976
1.631789 -0.795732 0.001306
1.633002 -0.020799 0.000906
1.633734 0.327584 0.000661
1.637434 -1.155800 0.001275
1.642895 1.676519 0.000152
1.643049 0.031848 0.000846
1.643099 -0.386254 0.001113
1.643406 -0.891152 0.001273
1.645211 -0.227861 0.001014
1.646755 -2.219256 0.000718
1.647532 -1.557430 0.001091
1.650156 -0.633274 0.001198
1.652055 -0.158229 0.000951
1.652950 0.161841 0.000737
1.654387 0.110528 0.000768
1.654844 -0.049433 0.000874
1.655156 -0.444552 0.001105
1.658361 -1.762934 0.000951
1.661103 0.399598 0.000573
1.661432 -0.088011 0.000883
1.662088 0.217322 0.000684
1.664467 -0.003085 0.000821
1.664786 -1.975649 0.000818
1.667386 -0.126568 0.000892
1.668150 0.064501 0.000770
1.668481 -0.297289 0.000989
1.669093 -0.196437 0.000930
1.670373 2.961342 0.000093
1.673641 -0.253207 0.000951
1.674557 -0.504540 0.001071
1.676510 3.639293 0.000092
1.676772 -0.345236 0.000992
1.677915 0.275581 0.000621
1.679106 0.644967 0.000421
1.679868 -1.319492 0.001086
1.682196 -0.709942 0.001112
1.684389 -0.033237 0.000797
1.687029 -0.162246 0.000866
1.688316 0.027795 0.000752
1.688333 0.545173 0.000459
1.689591 0.779328 0.000353
1.690682 1.480461 0.000164
1.691313 -0.066253 0.000801
1.692132 -0.393577 0.000972
1.694323 -0.224082 0.000882
1.694476 0.135265 0.000676
1.694653 -0.101450 0.000814
1.696067 0.091938 0.000699
1.697595 -0.567739 0.001025
1.699967 1.021915 0.000261
1.700728 0.335694 0.000553
1.702270 -0.133725 0.000815
1.702281 1.881357 0.000117
1.702592 0.181472 0.000636
1.704952 -0.439482 0.000957
1.704957 -0.008044 0.000739
1.705941 -0.273304 0.000879
1.707271 -0.190030 0.000833
1.707802 0.464146 0.000477
1.711178 -0.315174 0.000886
1.713655 0.058832 0.000685
1.717594 0.230820 0.000584
1.720088 -0.081153 0.000748
1.720188 -0.043686 0.000728
1.721369 1.297006 0.000185
1.721698 -0.244909 0.000827
1.721756 -0.156996 0.000784
1.724408 -0.480372 0.000920
1.725140 -0.115375 0.000755
1.725259 -0.359811 0.000871
1.725318 -3.003264 0.000294
1.725336 0.019322 0.000685
1.726746 -0.856937 0.000996
1.727503 -0.638654 0.000959
1.728385 -0.783024 0.000984
1.728656 0.105934 0.000633
1.731090 -0.960513 0.000986
1.733044 -0.214836 0.000787
1.736267 0.393644 0.000477
1.737864 -0.011947 0.000678
1.738219 0.147319 0.000596
1.738241 -0.182789 0.000761
1.738782 0.281924 0.000527
1.741068 -0.285668 0.000801
1.741413 0.866999 0.000283
1.741820 -0.136898 0.000732
1.744149 -0.408747 0.000844
1.744265 -0.066072 0.000692
1.745191 -0.097650 0.000706
1.745239 -1.068219 0.000941
1.745277 0.043186 0.000637
1.745651 -0.524676 0.000879
1.749386 0.076926 0.000613
1.750529 -0.254581 0.000767
1.752180 0.190803 0.000553
1.752506 -0.325703 0.000792
1.752693 -0.038542 0.000663
1.753804 -0.161976 0.000719
1.758289 0.712838 0.000323
1.758713 -0.119218 0.000690
1.761217 -0.196076 0.000719
1.762145 -0.227862 0.000731
1.762304 0.015598 0.000621
1.765121 -0.083299 0.000661
1.765793 0.605918 0.000355
1.766193 -1.195542 0.000868
1.766476 0.332375 0.000468
1.766479 0.113706 0.000568
1.766669 -0.014108 0.000627
1.767048 -0.577315 0.000840
1.767814 -0.455370 0.000804
1.770562 -0.707692 0.000858
1.770774 -0.367581 0.000767
1.771166 -0.057930 0.000639
1.772765 0.236912 0.000502
1.773701 -0.144591 0.000673
1.774388 -0.102232 0.000653
1.775336 -0.293408 0.000730
1.775562 0.049658 0.000583
1.775629 1.135575 0.000195
1.775695 0.519873 0.000379
1.776240 -0.174897 0.000681
1.778668 -0.263297 0.000711
1.780340 -1.454247 0.000775
1.781466 0.152397 0.000528
1.783078 -0.033389 0.000608
1.783642 -0.121662 0.000644
1.784715 -0.206565 0.000677
1.786790 -0.078023 0.000620
1.787256 0.082509 0.000550
1.788224 -0.001462 0.000585
1.788619 0.444100 0.000396
1.791669 -0.236256 0.000675
1.791998 -0.330497 0.000709
1.792932 -0.096546 0.000618
1.794581 0.026022 0.000564
1.794616 -0.504977 0.000757
1.795132 -0.057102 0.000598
1.795335 -0.409285 0.000728
1.796526 -0.159785 0.000637
1.799028 -0.136753 0.000623
1.799541 0.193109 0.000486
1.800259 -0.185973 0.000640
1.800438 0.285468 0.000447
1.803585 -0.113733 0.000606
1.803699 -2.672576 0.000327
1.804371 -0.633670 0.000765
1.804564 0.116864 0.000511
1.805466 0.375193 0.000406
1.805781 -0.018341 0.000564
1.805796 -0.040141 0.000573
1.806840 -0.075186 0.000586
1.807439 0.055256 0.000532
1.807842 -0.295733 0.000666
1.809174 -0.265942 0.000653
1.809268 -0.882972 0.000782
1.809559 0.957503 0.000218
1.810201 -0.212384 0.000632
1.811932 -0.093138 0.000584
1.814381 0.005927 0.000541
1.815512 -0.367908 0.000674
1.817292 -0.148065 0.000596
1.817742 -4.134628 0.000075
1.818308 -0.169787 0.000602
1.818501 -1.654743 0.000638
1.818975 -0.127375 0.000586
1.819583 -0.056835 0.000558
1.820203 -0.787474 0.000751
1.821787 -0.238438 0.000621
1.822083 -0.452608 0.000686
1.822702 0.085328 0.000498
1.823536 0.152390 0.000471
1.823587 -0.107928 0.000571
1.824342 -0.076184 0.000558
1.824482 0.031014 0.000517
1.824969 0.794065 0.000251
1.825035 0.235982 0.000437
1.825077 -0.034376 0.000541
1.826019 -0.192061 0.000597
1.826352 -0.559649 0.000702
1.829431 -0.329789 0.000636
1.830143 2.115197 0.000082
1.830372 -0.012918 0.000525
1.831041 -0.090203 0.000553
1.835422 -0.137715 0.000563
1.835446 -1.299653 0.000692
1.835683 -0.213983 0.000588
1.835922 -0.156411 0.000568
1.836590 -0.119582 0.000554
1.836760 0.328663 0.000390
1.837694 -0.067663 0.000534
1.837913 -0.294743 0.000610
1.838690 0.057155 0.000487
1.838853 -0.049019 0.000526
1.839746 -0.175345 0.000569
1.839798 -0.265141 0.000598
1.840153 0.009249 0.000503
1.841127 -0.102007 0.000541
1.841195 0.663977 0.000277
1.842199 0.116426 0.000461
1.843759 0.190096 0.000432
1.844407 -0.081896 0.000529
1.845219 -0.029754 0.000510
1.845364 -0.404481 0.000628
1.848992 -0.237752 0.000574
1.850179 -0.696109 0.000677
1.850267 2.417698 0.000072
1.851228 -0.142474 0.000539
1.851269 -0.126653 0.000534
1.851451 -0.111693 0.000529
1.852215 -0.061455 0.000511
1.852440 -0.193134 0.000554
1.852622 0.032073 0.000478
1.852626 -0.093412 0.000521
1.852900 -0.502136 0.000638
1.853034 -0.158212 0.000542
1.853177 -0.985490 0.000686
1.853445 -0.010374 0.000491
1.854832 0.567795 0.000295
1.855248 0.488052 0.000319
1.855993 0.410233 0.000344
1.856457 0.083938 0.000455
1.856512 -0.074402 0.000509
1.856562 -2.376887 0.000362
1.857523 -0.044771 0.000497
1.857552 1.631489 0.000103
1.857770 -0.361231 0.000595
1.858324 -0.214620 0.000551
1.858764 -0.172739 0.000538
1.859527 0.278268 0.000384
1.861524 -0.103236 0.000511
1.863363 -0.085777 0.000503
1.863460 -0.319430 0.000574
1.864858 0.148733 0.000422
1.864877 -0.133428 0.000516
1.864877 0.009554 0.000469
1.865122 -0.028148 0.000481
1.865330 -0.117436 0.000510
1.866228 -1.852402 0.000502
1.866947 -0.058804 0.000489
1.867039 -0.149898 0.000518
1.868159 -0.285607 0.000557
1.868628 0.055537 0.000449
1.869752 -1.129081 0.000646
1.869776 -0.256044 0.000546
1.870722 -0.095759 0.000496
1.870790 -2.096304 0.000426
1.870995 -0.072289 0.000488
1.871563 1.423460 0.000118
1.872033 -0.452244 0.000592
1.872068 -0.615122 0.000623
1.874367 0.227830 0.000385
1.874511 -0.229402 0.000531
1.874765 -0.164905 0.000511
1.874784 -0.183269 0.000517
1.875000 -5.000000 0.000025
1.875000 5.000000 0.000067
1.875157 -0.203056 0.000522
1.875241 -0.010265 0.000462
1.875409 -0.107965 0.000493
1.875820 -0.124537 0.000497
1.875846 -0.044617 0.000472
1.876946 1.246075 0.000138
1.877335 -0.084867 0.000483
1.878171 0.110494 0.000419
1.878956 -0.138276 0.000497
1.879172 0.029406 0.000444
1.882065 -0.059719 0.000469
1.882303 0.357970 0.000336
1.882821 -0.096905 0.000479
1.883157 -0.152566 0.000495
1.883375 -0.116365 0.000484
1.883409 -0.027317 0.000457
1.883970 1.058447 0.000165
1.884316 0.183168 0.000389
1.884942 -0.074109 0.000469
1.888434 -0.412841 0.000556
1.888689 0.005981 0.000440
1.888893 -0.106709 0.000474
1.889081 -0.127967 0.000480
1.889274 0.079765 0.000416
1.889359 -0.086905 0.000467
1.891044 -0.040422 0.000451
1.892017 -0.338455 0.000533
1.892246 -0.171488 0.000488
1.892442 -0.547380 0.000576
1.893454 -0.215192 0.000499
1.893613 -0.140695 0.000477
1.893658 -3.646461 0.000104
1.893749 -0.191748 0.000492
1.893935 -0.377799 0.000539
1.894276 -0.097106 0.000464
1.894643 -0.052516 0.000450
1.894989 -0.242440 0.000504
1.895466 -0.271727 0.000511
1.895515 -0.117360 0.000468
1.895975 -0.065450 0.000452
1.896177 0.050364 0.000417
1.896480 -0.155670 0.000478
1.896706 0.876558 0.000193
1.896843 -0.015290 0.000436
1.896848 -0.078085 0.000455
1.897050 1.844380 0.000082
1.897512 -0.305068 0.000516
1.899823 0.137108 0.000387
1.900027 -0.106751 0.000459
1.900809 -0.863484 0.000594
1.901265 -0.087959 0.000452
1.902718 0.309317 0.000333
1.902734 -0.129645 0.000462
1.903673 -0.032642 0.000433
1.903858 0.023721 0.000416
1.904256 0.731847 0.000220
1.904455 -0.097177 0.000451
1.905439 -0.758305 0.000580
1.906581 -0.074465 0.000441
1.906840 -0.116325 0.000453
1.907863 -0.144164 0.000459
1.908082 -0.048754 0.000432
1.909029 -0.062498 0.000435
1.910191 -0.162273 0.000461
1.910733 0.000398 0.000415
1.910761 -0.486890 0.000535
1.910865 -0.180445 0.000465
1.911016 -0.084299 0.000439
1.911211 -0.105463 0.000444
1.912262 0.443258 0.000287
1.912838 -0.201746 0.000468
1.913739 -0.094202 0.000438
1.914226 -0.125947 0.000446
1.914572 0.259421 0.000336
1.914933 -0.226203 0.000471
1.915506 4.050745 0.000064
1.916107 3.248074 0.000061
1.916474 0.104199 0.000379
1.916625 0.167470 0.000360
1.917765 -0.019821 0.000412
1.918478 0.071115 0.000386
1.918827 -0.254286 0.000473
1.919201 -0.136947 0.000443
1.919255 -0.114116 0.000436
1.919308 -0.073591 0.000425
1.920579 -0.038238 0.000414
1.921216 0.042229 0.000391
1.921229 0.212176 0.000343
1.921552 2.758762 0.000060
1.922690 -0.101164 0.000429
1.923064 -0.151640 0.000441
1.923249 -0.057418 0.000416
1.923838 -0.284761 0.000473
1.923862 -0.086835 0.000423
1.924134 -0.349707 0.000487
1.924248 -0.670076 0.000540
1.925830 -0.435840 0.000502
1.927390 -0.168828 0.000440
1.927445 0.015908 0.000392
1.927951 -0.125443 0.000429
1.929059 0.619507 0.000232
1.930317 -0.318028 0.000472
1.930753 -0.188064 0.000441
1.931522 -0.110871 0.000420
1.931766 -0.071248 0.000410
1.932607 -0.005431 0.000392
1.933258 0.380940 0.000287
1.933899 -0.210647 0.000442
1.934287 -0.139477 0.000424
1.934480 -0.045296 0.000400
1.934944 -0.391580 0.000480
1.935034 -0.096914 0.000413
1.936452 -0.083746 0.000408
1.938081 -0.027419 0.000391
1.938341 -0.236150 0.000443
1.938536 0.134723 0.000348
1.938879 -0.594927 0.000508
1.939695 -1.548174 0.000469
1.940460 -0.155287 0.000421
1.940499 -0.121943 0.000412
1.941308 -0.059548 0.000396
1.941508 0.520891 0.000247
1.943787 0.031762 0.000370
1.945276 0.057897 0.000361
1.945306 -0.107140 0.000403
1.946201 -0.264044 0.000439
1.946248 0.088415 0.000352
1.947356 -0.134978 0.000408
1.947466 -0.173159 0.000416
1.947828 -0.074629 0.000392
1.950618 -0.091463 0.000393
1.951048 0.322264 0.000288
1.951343 -0.011556 0.000373
1.951348 -1.389365 0.000478
1.951438 -0.044182 0.000381
1.951894 -0.195477 0.000416
1.952435 -1.055427 0.000508
1.953503 -0.527282 0.000477
1.954541 0.176895 0.000322
1.954704 -0.148728 0.000402
1.954710 0.010458 0.000364
1.955590 -0.120743 0.000395
1.956505 -0.293519 0.000432
1.957033 -0.219290 0.000415
1.957205 -1.229293 0.000489
1.957467 -0.359462 0.000444
1.959060 -0.061272 0.000377
1.960476 -0.106038 0.000386
1.960479 0.268888 0.000294
1.961674 -0.028290 0.000366
1.962242 0.112679 0.000331
1.963790 -0.162145 0.000395
1.964038 -0.078599 0.000375
1.964236 0.222232 0.000302
1.964969 -0.243618 0.000411
1.965395 -0.326680 0.000427
1.965807 -0.134708 0.000386
1.965951 -0.468612 0.000451
1.967524 0.037317 0.000344
1.968602 -0.094706 0.000374
1.968821 -0.939722 0.000485
1.969551 -0.182318 0.000393
1.971244 0.973199 0.000146
1.971602 -0.046427 0.000360
1.972890 -0.007911 0.000350
1.973109 -0.117154 0.000374
1.973299 0.067771 0.000331
1.973705 -0.414397 0.000432
1.973735 -0.813476 0.000475
1.975976 -0.206121 0.000390
1.977350 -0.148030 0.000376
1.978151 -0.268830 0.000400
1.978273 -0.065405 0.000357
1.980329 0.439839 0.000240
1.980423 0.145164 0.000307
1.982670 0.014914 0.000335
1.983063 -0.084296 0.000356
1.983191 -0.104392 0.000361
1.983252 0.801423 0.000168
1.984385 -0.028694 0.000343
1.984760 -0.231229 0.000385
1.985482 1.151525 0.000118
1.985570 -0.721304 0.000453
1.985913 0.095591 0.000313
1.986251 -0.166383 0.000371
1.986614 -0.129695 0.000363
1.988105 -0.373133 0.000407
1.992841 -0.297730 0.000389
1.993282 -0.050033 0.000339
1.993843 -0.188818 0.000367
1.995141 0.042022 0.000317
1.995362 -3.235630 0.000121
1.996766 0.367456 0.000245
1.996904 -0.640570 0.000431
1.997812 -0.007924 0.000325
1.997982 0.188251 0.000283
1.998612 -0.115739 0.000347
1.999294 -0.071682 0.000337
1.999648 -0.253191 0.000373
1.999970 -0.146260 0.000352
2.000026 -0.338012 0.000387
2.000652 -0.569873 0.000419
2.001439 0.685507 0.000180
2.001621 -0.094024 0.000340
2.003026 -0.214136 0.000362
2.005267 0.119692 0.000291
2.007514 0.071759 0.000300
2.007796 0.300654 0.000251
2.008807 -0.031768 0.000320
2.010242 -0.169355 0.000346
2.011603 0.015931 0.000308
2.011900 0.242156 0.000260
2.012722 -0.503460 0.000397
2.014499 -0.128870 0.000334
2.015522 0.582554 0.000191
2.015701 -0.445079 0.000386
2.016714 -0.056238 0.000318
2.018360 -0.235023 0.000350
2.019916 -0.274332 0.000355
2.020499 -0.195391 0.000340
2.021047 -0.081329 0.000319
2.021438 -0.106433 0.000323
2.022513 -0.394869 0.000371
2.025109 -0.010194 0.000301
2.026074 -0.149064 0.000327
2.026568 0.150994 0.000268
2.026756 0.042661 0.000289
2.027742 0.099418 0.000277
2.028969 -0.311898 0.000351
2.031255 1.321152 0.000091
2.032602 0.495848 0.000198
2.035028 -0.037449 0.000298
2.035430 -1.141101 0.000391
2.036149 -0.356216 0.000351
2.036306 -0.874433 0.000395
2.036847 -0.175251 0.000321
2.037833 -0.215154 0.000327
2.041474 -0.065580 0.000297
2.041547 0.889252 0.000133
2.042067 -0.124167 0.000307
2.043301 0.072037 0.000271
2.043435 0.197454 0.000247
2.043502 0.014512 0.000281
2.044153 -0.094041 0.000300
2.045257 -0.249802 0.000325
2.045627 -1.709018 0.000320
2.048638 1.509928 0.000074
2.050084 0.416808 0.000203
2.052193 -0.153659 0.000303
2.054348 -0.014754 0.000278
2.054700 0.117955 0.000253
2.055296 -0.772052 0.000369
2.055682 -0.542501 0.000353
2.055770 -0.193156 0.000306
2.056716 0.347759 0.000211
2.057291 -0.285125 0.000319
2.058955 0.288667 0.000220
2.060712 -1.011088 0.000366
2.062093 0.042973 0.000261
2.062810 -0.046024 0.000276
2.062870 -0.683465 0.000356
2.063409 -0.416238 0.000331
2.063484 -0.473852 0.000337
2.065038 0.244838 0.000224
2.065989 -0.604849 0.000347
2.066761 -1.953566 0.000266
2.068161 -0.326267 0.000315
2.068825 -0.075701 0.000276
2.069394 -0.105994 0.000281
2.069949 -0.223728 0.000298
2.070267 -0.134827 0.000285
2.071740 -2.867989 0.000137
2.072433 -0.170562 0.000288
2.072610 0.159275 0.000234
2.074787 1.051085 0.000105
2.076320 0.081887 0.000244
2.077170 -0.374144 0.000312
2.078959 0.010818 0.000254
2.081478 -2.230080 0.000216
2.083671 -0.023524 0.000256
2.084089 -0.256607 0.000291
2.084341 1.721159 0.000059
2.086298 0.750981 0.000135
2.088295 -1.318713 0.000323
2.090605 -0.195777 0.000277
2.093801 -0.154067 0.000268
2.095675 -0.054005 0.000252
2.095944 1.974054 0.000051
2.096501 0.204946 0.000211
2.096510 -2.543332 0.000166
2.096778 0.643988 0.000146
2.096839 -1.494394 0.000299
2.097019 -0.516301 0.000309
2.097632 0.120026 0.000224
2.098190 0.045621 0.000235
2.098506 -0.294459 0.000283
2.098512 -0.088143 0.000255
2.098796 -0.120883 0.000260
2.099838 2.244892 0.000046
2.103508 0.546579 0.000156
2.107491 -0.441191 0.000292
2.108023 -0.014281 0.000237
2.108692 -0.225353 0.000266
2.110807 0.310482 0.000187
2.111612 -0.338893 0.000278
2.114359 -0.930815 0.000311
2.114504 0.457550 0.000164
2.116200 -0.178574 0.000254
2.117522 0.381700 0.000173
2.118050 0.012680 0.000226
2.119597 0.080398 0.000216
2.121415 0.258845 0.000189
2.122701 0.162911 0.000202
2.124655 -0.390788 0.000272
2.126281 -0.035740 0.000228
2.126730 -0.259447 0.000256
2.127382 -0.142619 0.000241
2.127903 -0.568952 0.000285
2.129252 -0.825567 0.000296
2.129639 2.544249 0.000041
2.130332 -0.070443 0.000230
2.131417 -0.106230 0.000234
2.135942 -0.728207 0.000287
2.136244 -0.642258 0.000282
2.137919 -0.489546 0.000270
2.138361 0.832555 0.000110
2.138382 -0.207263 0.000241
2.141626 0.041868 0.000207
2.143561 -0.298765 0.000248
2.143957 0.119183 0.000196
2.145258 -1.211311 0.000277
2.148733 -4.529087 0.000023
2.150449 0.948374 0.000095
2.150754 -0.006352 0.000208
2.152748 1.199545 0.000076
2.152836 0.211821 0.000179
2.155615 -0.168854 0.000225
2.155819 2.955370 0.000039
2.156861 -1.089052 0.000271
2.159353 -0.342326 0.000241
2.160360 -0.240250 0.000229
2.160448 3.624173 0.000041
2.164726 -0.045995 0.000205
2.165181 -0.128367 0.000214
2.166446 0.330970 0.000157
2.166821 0.075233 0.000189
2.167614 -0.087271 0.000208
2.167618 -0.442202 0.000243
2.175842 0.162350 0.000173
2.176821 0.023623 0.000189
2.179321 -0.386026 0.000230
2.179886 -0.528245 0.000240
2.180952 -0.278176 0.000219
2.182178 0.501644 0.000131
2.183528 -0.200232 0.000210
2.184593 0.268633 0.000156
2.186407 0.600420 0.000119
2.190658 4.506001 0.000042
2.191055 0.709494 0.000106
2.191818 0.112543 0.000171
2.192961 0.405539 0.000137
2.198032 -0.014440 0.000182
2.199449 -0.155996 0.000196
2.200028 -0.320226 0.000211
2.200992 -3.932679 0.000037
2.201262 -0.989934 0.000238
2.204774 0.053547 0.000171
2.205245 -0.591515 0.000226
2.206158 -0.062990 0.000183
2.206842 -0.109989 0.000187
2.210419 1.370147 0.000057
2.211359 -0.238124 0.000196
2.211869 -0.678440 0.000225
2.213690 0.208790 0.000150
2.215450 -0.880642 0.000228
2.215897 -0.775621 0.000225
2.217340 -0.485747 0.000212
2.225300 -0.359740 0.000198
2.227194 -0.421472 0.000201
2.231707 0.149109 0.000148
2.232502 0.089010 0.000154
2.232576 -0.190914 0.000180
2.233329 1.069655 0.000069
2.233859 0.327461 0.000130
2.233879 0.019447 0.000160
2.236539 0.808507 0.000086
2.237587 -1.390502 0.000201
2.238049 -0.283827 0.000185
2.239227 -1.601621 0.000187
2.244707 -1.816441 0.000169
2.245446 -0.034103 0.000160
2.247582 1.572508 0.000045
2.247980 -0.139346 0.000168
2.251910 -0.087381 0.000161
2.255174 0.462332 0.000110
2.258946 0.257286 0.000127
2.266718 -0.233781 0.000166
2.267026 0.547234 0.000099
2.267241 -1.226827 0.000190
2.268648 -0.327434 0.000171
2.269621 -0.538338 0.000183
2.272487 0.058669 0.000139
2.274593 0.919150 0.000071
2.277744 0.189407 0.000126
2.278852 -2.072887 0.000134
2.281935 -0.624210 0.000179
2.282251 -0.388267 0.000168
2.282657 -0.459793 0.000172
2.284012 0.652454 0.000087
2.284161 0.119082 0.000130
2.284975 -0.178633 0.000153
2.285683 0.386370 0.000107
2.286249 0.000576 0.000138
2.287369 -1.086174 0.000181
2.291776 -3.482892 0.000045
2.294302 -0.721623 0.000175
2.298090 -0.058084 0.000138
2.303165 -0.117410 0.000140
2.305299 -0.280668 0.000150
2.307039 -0.830124 0.000170
2.309480 1.812554 0.000034
2.311736 0.311651 0.000105
2.312452 -0.950293 0.000168
2.313778 -2.363210 0.000101
2.326375 0.045323 0.000119
2.327705 0.761963 0.000070
2.328419 -0.225357 0.000137
2.333571 -0.340209 0.000141
2.335625 0.233701 0.000103
2.336971 2.090980 0.000029
2.337218 0.460828 0.000087
2.338292 -0.161863 0.000129
2.338685 0.098846 0.000111
2.340290 0.162840 0.000107
2.340692 1.217744 0.000047
2.343856 -0.018833 0.000118
2.343920 -0.414617 0.000140
2.347046 -0.493676 0.000142
2.354254 -0.572123 0.000141
2.357981 -3.073000 0.000053
2.358202 -0.082660 0.000116
2.359415 0.553300 0.000076
2.365932 -0.661045 0.000139
2.372652 2.713049 0.000026
2.376254 1.036502 0.000049
2.380394 -0.281905 0.000119
2.382174 0.376703 0.000081
2.385014 3.238291 0.000026
2.385046 0.032407 0.000101
2.387156 -0.136653 0.000109
2.387634 -0.765956 0.000131
2.387730 0.298114 0.000085
2.390100 -0.206905 0.000112
2.393093 -1.321179 0.000126
2.393604 -2.701060 0.000064
2.395469 2.381878 0.000025
2.396972 0.656648 0.000063
2.397218 0.092727 0.000094
2.398132 0.881389 0.000052
2.400036 1.413087 0.000035
2.401288 -0.363913 0.000115
2.402140 -1.496518 0.000117
2.403432 0.158700 0.000088
2.410959 -1.156841 0.000122
2.411955 -0.027359 0.000096
2.413073 0.220417 0.000083
2.413813 -0.881112 0.000122
2.414927 -0.444331 0.000113
2.420012 -1.018652 0.000120
2.430779 0.464923 0.000066
2.431281 -1.692985 0.000100
2.432961 -0.518861 0.000109
2.436233 -0.090762 0.000092
2.439693 4.042380 0.000026
2.447852 -0.600324 0.000106
2.450098 1.618117 0.000027
2.451577 0.762577 0.000050
2.452679 -0.164410 0.000090
2.453222 -0.240957 0.000093
2.455749 -0.690348 0.000105
2.455909 -1.914962 0.000085
2.457919 -0.318074 0.000095
2.459193 0.043278 0.000080
2.462657 0.289837 0.000068
2.467538 0.121666 0.000074
2.469246 0.565451 0.000055
2.481853 -0.407292 0.000090
2.483399 0.375394 0.000060
2.486660 -4.243046 0.000013
2.489566 -0.031785 0.000076
2.496252 0.201425 0.000065
2.497392 -0.794896 0.000093
2.500000 -5.000000 0.000006
2.500000 5.000000 0.000025
2.504093 1.137462 0.000032
2.512217 -0.493165 0.000084
2.513925 -0.110489 0.000073
2.519781 -2.179888 0.000061
2.523306 0.674910 0.000043
2.523429 0.981489 0.000034
2.523515 -0.935732 0.000086
2.528325 -0.191493 0.000072
2.530422 -0.271119 0.000074
2.532997 -1.239910 0.000082
2.536071 -0.586170 0.000080
2.537040 1.933324 0.000020
2.537790 0.473454 0.000048
2.539408 0.037944 0.000062
2.540553 -0.344338 0.000074
2.543594 0.116281 0.000059
2.544159 1.288124 0.000026
2.545452 0.835841 0.000036
2.546086 -0.689152 0.000079
2.551967 0.289018 0.000052
2.559573 -1.394658 0.000073
2.564460 -1.078092 0.000075
2.569594 1.746839 0.000019
2.571839 -2.461790 0.000044
2.576018 -0.050864 0.000058
2.584130 -0.423199 0.000066
2.587358 0.585154 0.000038
2.595823 -0.834537 0.000068
2.596071 0.199256 0.000048
2.599850 0.382880 0.000042
2.602845 -0.138947 0.000056
2.603521 2.916142 0.000016
2.606587 -1.568755 0.000060
2.610025 -0.242275 0.000057
2.614582 -3.764917 0.000015
2.619637 1.482903 0.000019
2.620673 0.737441 0.000031
2.622155 -0.509975 0.000059
2.623544 2.195023 0.000015
2.626151 0.021169 0.000048
2.626640 -0.335516 0.000056
2.629728 0.107502 0.000045
2.635706 -0.730787 0.000059
2.641224 -0.616262 0.000057
2.644216 3.612791 0.000017
2.650837 -1.768689 0.000049
2.658504 0.492498 0.000033
2.660100 0.284404 0.000037
2.661528 0.909998 0.000025
2.662478 -0.950976 0.000055
2.663941 -3.316999 0.000018
2.669790 -1.212456 0.000053
2.670904 1.093914 0.000021
2.678071 -1.992817 0.000041
2.681910 -0.064517 0.000042
2.688800 -0.183927 0.000043
2.690595 -2.898517 0.000023
2.701940 0.629824 0.000026
2.704793 -0.418012 0.000044
2.707315 0.174670 0.000034
2.708578 2.532891 0.000013
2.712630 -0.289902 0.000042
2.722170 0.390832 0.000029
2.723368 0.056947 0.000035
2.724987 -1.373566 0.000043
2.728231 -0.817489 0.000044
2.734501 -0.543222 0.000041
2.734560 1.286989 0.000016
2.740794 1.683194 0.000013
2.744634 -1.069786 0.000042
2.747605 -0.678692 0.000041
2.750517 0.782416 0.000021
2.769405 -0.132240 0.000033
2.771003 4.491411 0.000015
2.776361 0.282296 0.000026
2.787980 0.513761 0.000022
2.798993 1.935789 0.000011
2.800463 -2.587823 0.000020
2.800548 -0.035010 0.000028
2.802061 -1.552271 0.000032
2.804955 -0.230381 0.000030
2.808716 0.951922 0.000016
2.810824 -2.257389 0.000024
2.812449 -4.566001 0.000004
2.814365 -0.351348 0.000030
2.814608 0.171808 0.000025
2.819365 -0.923230 0.000033
2.831540 0.068663 0.000024
2.833355 -0.473194 0.000030
2.834068 3.223147 0.000011
2.838433 -1.216074 0.000030
2.849017 0.650894 0.000017
2.853134 -0.611541 0.000028
2.855202 1.486519 0.000010
2.856237 0.391736 0.000019
2.859278 -1.748601 0.000025
2.859856 -0.765767 0.000028
2.862590 1.129777 0.000012
2.889801 -1.981207 0.000021
2.891253 -0.130798 0.000022
2.908634 0.265005 0.000017
2.911006 2.227361 0.000008
2.913091 0.804438 0.000013
2.920922 -0.268598 0.000021
2.922392 -1.046536 0.000023
2.932363 -1.387782 0.000022
2.935001 -0.011214 0.000018
2.938136 0.515206 0.000014
2.939763 0.131522 0.000017
2.947013 -0.396365 0.000020
2.961265 1.310163 0.000008
2.966350 -0.538610 0.000019
2.968079 2.832577 0.000008
2.969761 4.006533 0.000010
2.975435 -0.869713 0.000019
2.975545 -4.083243 0.000004
2.982814 -0.689609 0.000019
2.984624 1.703956 0.000007
2.985827 0.977748 0.000009
3.006701 0.375154 0.000012
3.009637 -0.174982 0.000015
3.010933 -3.155615 0.000007
3.012075 -3.607104 0.000005
3.014283 0.655405 0.000010
3.016356 -1.193005 0.000017
3.050920 0.228694 0.000011
3.055341 -1.582304 0.000014
3.055982 -0.064370 0.000012
3.059204 -2.782281 0.000008
3.064141 0.076592 0.000011
3.072133 -0.305010 0.000013
3.076525 2.504025 0.000006
3.078374 1.166513 0.000006
3.082992 1.967481 0.000005
3.084254 -0.459064 0.000013
3.088701 -0.989939 0.000013
3.091517 0.817897 0.000007
3.091804 -2.433140 0.000009
3.093410 -1.840914 0.000011
3.103131 -2.136817 0.000010
3.109335 -0.782664 0.000012
3.109823 0.499714 0.000008
3.119537 1.465071 0.000005
3.123544 -0.603243 0.000011
3.125000 5.000000 0.000008
3.125000 -5.000000 0.000001
3.131918 3.554117 0.000006
3.140655 -1.347577 0.000011
3.167922 -0.183352 0.000009
3.173086 0.339163 0.000007
3.180494 1.006792 0.000005
3.190993 -1.128563 0.000009
3.193840 0.649799 0.000006
3.197614 -0.008989 0.000008
3.198343 0.165090 0.000007
3.203422 -0.386476 0.000008
3.234653 -0.901956 0.000008
3.244659 2.250497 0.000004
3.251098 1.715448 0.000003
3.257137 1.257311 0.000004
3.257537 3.119950 0.000004
3.273324 -0.522085 0.000007
3.275719 -0.706225 0.000007
3.281303 0.832517 0.000004
3.296883 -1.491753 0.000006
3.297583 -0.287286 0.000006
3.306074 -1.712173 0.000006
3.308683 0.470895 0.000004
3.330847 -0.111170 0.000005
3.340234 -1.973003 0.000005
3.342942 0.272226 0.000004
3.350523 0.077247 0.000004
3.355738 4.432901 0.000005
3.359095 -3.402602 0.000002
3.360139 2.704642 0.000003
3.360605 -1.256072 0.000005
3.372584 -2.978597 0.000003
3.375543 -1.042112 0.000005
3.378106 1.045673 0.000003
3.379894 0.648097 0.000003
3.381684 1.989249 0.000002
3.386746 -4.449829 0.000001
3.389961 -2.607110 0.000003
3.393413 1.480519 0.000002
3.400660 -2.262878 0.000003
3.420549 -0.427354 0.000004
3.430601 -0.831263 0.000004
3.434565 -3.922653 0.000001
3.462378 -0.617176 0.000004
3.474587 -0.237682 0.000003
3.482613 0.826098 0.000002
3.496729 3.916566 0.000003
3.505485 0.386280 0.000002
3.507659 -0.038632 0.000003
3.519922 0.170650 0.000002
3.520426 1.245089 0.000002
3.521366 -1.430731 0.000003
3.524998 2.361238 0.000002
3.531726 0.580100 0.000002
3.539177 -1.672297 0.000003
3.553761 1.732319 0.000002
3.577921 -1.926675 0.000002
3.591859 -1.207650 0.000002
3.593242 -0.995783 0.000002
3.603242 3.451598 0.000002
3.612746 -0.398328 0.000002
3.624798 1.001542 0.000001
3.646610 -0.779007 0.000002
3.664399 -0.574998 0.000002
3.670282 -0.185233 0.000002
3.673916 2.043357 0.000001
3.674399 3.032434 0.000002
3.682382 0.738548 0.000001
3.689188 1.468842 0.000001
3.702939 0.036019 0.000001
3.703733 -2.145330 0.000001
3.713078 0.262940 0.000001
3.721327 -2.448855 0.000001
3.722962 0.489265 0.000001
3.723455 -3.162313 0.000001
3.743085 -2.784683 0.000001
3.748678 -3.574040 0.000000
3.750000 5.000000 0.000002
3.750000 -5.000000 0.000000
3.753978 2.669026 0.000001
3.760287 -1.479759 0.000001
3.797654 1.196571 0.000001
3.818849 -1.006645 0.000001
3.819697 -1.780737 0.000001
3.822724 -1.246039 0.000001
3.830834 -0.361509 0.000001
3.868317 -0.784987 0.000001
3.872646 0.914353 0.000001
3.874120 -0.568190 0.000001
3.884244 1.726491 0.000001
3.889547 -0.126547 0.000001
3.890768 4.436882 0.000001
3.913208 -4.465675 0.000000
3.920679 0.638510 0.000001
3.922997 0.117681 0.000001
3.925083 2.327704 0.000001
3.938344 0.368909 0.000001
3.938669 -4.017293 0.000000
3.966906 3.947285 0.000001
3.978241 -2.016446 0.000000
3.998422 1.418488 0.000000
4.008411 2.005875 0.000000
4.011484 -1.574257 0.000000
4.035020 3.501768 0.000001
4.043288 -2.364634 0.000000
4.062517 3.085177 0.000001
4.067778 -1.037340 0.000000
4.071909 -0.325281 0.000000
4.074645 -3.152017 0.000000
4.079275 -1.314479 0.000000
4.082030 1.111232 0.000000
4.108829 -0.557139 0.000000
4.110408 -0.798833 0.000000
4.110598 -2.739390 0.000000
4.134961 -0.062005 0.000000
4.138409 0.805438 0.000000
4.140129 2.699575 0.000000
4.169186 0.502664 0.000000
4.169565 0.211314 0.000000
4.175644 -3.543561 0.000000
4.214518 -1.768016 0.000000
4.235631 1.657721 0.000000
4.301710 1.971593 0.000000
4.317254 2.320747 0.000000
4.324022 1.326868 0.000000
4.340847 -2.092612 0.000000
4.343584 -0.279363 0.000000
4.353150 -1.120067 0.000000
4.353367 -1.468528 0.000000
4.366477 -0.529032 0.000000
4.373412 -0.812814 0.000000
4.375000 5.000000 0.000001
4.375000 -5.000000 0.000000
4.379900 0.996803 0.000000
4.410500 0.010027 0.000000
4.413751 0.664610 0.000000
4.414987 4.489414 0.000000
4.425386 -4.487888 0.000000
4.429753 0.330891 0.000000
4.436893 -2.489119 0.000000
4.436922 -3.020153 0.000000
4.461789 3.987736 0.000000
4.478069 -3.968179 0.000000
4.479090 3.089309 0.000000
4.506952 3.504893 0.000000
4.586004 2.691172 0.000000
4.602458 -1.752068 0.000000
4.604687 -3.403162 0.000000
4.611090 1.874529 0.000000
4.614267 1.551816 0.000000
4.660286 -0.249967 0.000000
4.661612 -1.320366 0.000000
4.665166 1.206613 0.000000
4.668923 -0.593676 0.000000
4.674825 -0.952490 0.000000
4.686647 0.858741 0.000000
4.694623 0.116842 0.000000
4.695282 2.228765 0.000000
4.695363 -2.764601 0.000000
4.696272 0.500466 0.000000
4.717481 -2.190115 0.000000
5.000000 -0.937500 0.000000
5.000000 -0.625000 0.000000
5.000000 -1.562500 0.000000
5.000000 0.937500 0.000000
5.000000 2.500000 0.000000
5.000000 1.250000 0.000000
5.000000 -1.250000 0.000000
5.000000 -3.125000 0.000000
5.000000 -4.375000 0.000000
5.000000 -3.750000 0.000000
5.000000 -2.500000 0.000000
5.000000 0.000000 0.000000
5.000000 -5.000000 0.000000
5.000000 1.875000 0.000000
5.000000 0.625000 0.000000
5.000000 -0.312500 0.000000
5.000000 1.562500 0.000000
5.000000 4.375000 0.000000
5.000000 0.312500 0.000000
5.000000 -1.875000 0.000000
5.000000 3.125000 0.000000
5.000000 3.750000 0.000000
5.000000 5.000000 0.000000
