-5.000000 3.125000 0.000015
-5.000000 0.000000 0.000039
-5.000000 2.500000 0.000022
-5.000000 3.750000 0.000010
-5.000000 4.375000 0.000007
-5.000000 1.250000 0.000034
-5.000000 1.875000 0.000028
-5.000000 -5.000000 0.000004
-5.000000 1.562500 0.000031
-5.000000 0.625000 0.000038
-5.000000 0.937500 0.000036
-5.000000 0.312500 0.000039
-5.000000 -2.500000 0.000019
-5.000000 -1.250000 0.000032
-5.000000 -0.625000 0.000037
-5.000000 -0.312500 0.000038
-5.000000 -0.937500 0.000035
-5.000000 -1.875000 0.000026
-5.000000 -4.375000 0.000006
-5.000000 -1.562500 0.000029
-5.000000 -3.125000 0.000014
-5.000000 -3.750000 0.000009
-5.000000 -2.187500 0.000022
-5.000000 5.000000 0.000004
-4.709889 -0.870959 0.000074
-4.700028 0.151198 0.000085
-4.697833 0.484377 0.000085
-4.697563 -1.219187 0.000070
-4.695805 -0.181482 0.000085
-4.690362 0.842731 0.000083
-4.688931 1.195566 0.000078
-4.684343 -1.563140 0.000065
-4.674082 -1.938763 0.000057
-4.673466 -2.776200 0.000037
-4.672115 2.053371 0.000062
-4.664759 -0.516055 0.000089
-4.636836 1.603502 0.000079
-4.608118 2.886550 0.000049
-4.606334 -3.426519 0.000028
-4.588696 2.459537 0.000064
-4.572975 3.402297 0.000039
-4.563305 -2.366214 0.000061
-4.494117 -3.967722 0.000024
-4.490248 3.953311 0.000033
-4.456854 4.472613 0.000024
-4.444596 -0.008655 0.000162
-4.441633 -0.731534 0.000150
-4.440075 0.637221 0.000160
-4.435090 -1.048790 0.000142
-4.434808 -4.489169 0.000018
-4.433202 0.304179 0.000167
-4.431684 -3.079663 0.000054
-4.421799 -0.324858 0.000168
-4.409310 1.304304 0.000153
-4.393375 -1.381416 0.000142
-4.381213 0.962931 0.000177
-4.378167 -1.707037 0.000131
-4.375000 5.000000 0.000019
-4.375000 -5.000000 0.000014
-4.360918 -2.041078 0.000117
-4.330387 1.883930 0.000155
-4.291634 -0.555868 0.000225
-4.274044 2.259013 0.000152
-4.270638 1.551985 0.000200
-4.221081 0.454052 0.000278
-4.215419 2.680557 0.000142
-4.210038 -0.132876 0.000287
-4.207592 0.146090 0.000291
-4.205177 -0.877795 0.000261
-4.203370 -2.711224 0.000117
-4.174628 0.723129 0.000303
-4.171570 3.119540 0.000122
-4.167025 1.188218 0.000284
-4.164723 -1.168763 0.000267
-4.159256 -3.546455 0.000071
-4.155325 -2.333111 0.000165
-4.136322 -0.380806 0.000336
-4.111911 -1.437987 0.000278
-4.105613 -1.708305 0.000254
-4.098604 3.581847 0.000107
-4.091734 -0.678701 0.000358
-4.075100 -1.987966 0.000240
-4.057920 0.934006 0.000389
-4.042384 -3.155628 0.000124
-4.041727 0.304578 0.000433
-4.011544 1.736936 0.000351
-4.009707 0.014609 0.000468
-4.004889 1.408670 0.000396
-3.983287 2.071098 0.000330
-3.982890 -4.020418 0.000070
-3.979848 -0.994778 0.000438
-3.979582 0.562463 0.000493
-3.978079 -0.230384 0.000499
-3.974676 4.019880 0.000103
-3.961822 -0.509605 0.000503
-3.939415 4.466075 0.000077
-3.918204 -4.477341 0.000053
-3.910822 -0.795889 0.000540
-3.908158 2.452981 0.000330
-3.897400 1.123827 0.000549
-3.879773 0.163449 0.000639
-3.878154 -1.264166 0.000517
-3.877703 0.786215 0.000612
-3.855121 -1.552932 0.000492
-3.835309 -2.499336 0.000316
-3.832064 -0.097931 0.000712
-3.830524 -0.361589 0.000700
-3.824031 -2.159761 0.000397
-3.819252 0.382679 0.000733
-3.818502 2.877043 0.000322
-3.812548 -1.828824 0.000484
-3.796399 -0.622845 0.000733
-3.777595 -2.851848 0.000283
-3.766093 -1.030673 0.000722
-3.758166 1.577142 0.000678
-3.750000 5.000000 0.000073
-3.750000 -5.000000 0.000044
-3.741259 0.587663 0.000869
-3.738982 0.974885 0.000827
-3.735331 1.298880 0.000776
-3.726453 0.039341 0.000920
-3.724166 -3.603678 0.000172
-3.720873 3.356331 0.000297
-3.718124 1.875796 0.000671
-3.706756 -0.227134 0.000952
-3.692546 -0.827144 0.000902
-3.680467 -0.467871 0.000988
-3.671657 0.230894 0.001050
-3.658296 2.210361 0.000672
-3.646061 -1.440936 0.000842
-3.639932 -3.241056 0.000281
-3.630794 0.776096 0.001110
-3.622667 -1.211853 0.000962
-3.602455 0.419497 0.001233
-3.602425 -0.090779 0.001234
-3.588932 1.140448 0.001153
-3.582586 -0.645704 0.001215
-3.577309 -1.672585 0.000902
-3.572090 3.866400 0.000284
-3.569814 -0.330105 0.001310
-3.566974 -1.973512 0.000800
-3.549448 -0.998621 0.001217
-3.543195 2.597133 0.000729
-3.538612 -2.286889 0.000715
-3.534637 0.090630 0.001466
-3.533917 1.430012 0.001229
-3.525600 0.591768 0.001473
-3.491598 0.952462 0.001530
-3.484782 1.676992 0.001286
-3.484558 0.277147 0.001662
-3.484009 -4.040108 0.000184
-3.483413 -0.203050 0.001638
-3.483130 -2.606822 0.000654
-3.477952 -0.484816 0.001606
-3.476537 -0.812374 0.001516
-3.439306 -1.377937 0.001404
-3.430986 1.961320 0.001320
-3.430505 -0.040272 0.001893
-3.420961 3.018321 0.000756
-3.418585 0.759968 0.001902
-3.418132 1.253310 0.001735
-3.410800 4.419215 0.000251
-3.408551 -1.159471 0.001627
-3.391836 0.435872 0.002098
-3.390284 -0.647672 0.001937
-3.383083 0.148049 0.002154
-3.377963 -2.939681 0.000637
-3.371779 -4.507320 0.000141
-3.370504 -0.335490 0.002143
-3.359917 -1.562242 0.001575
-3.350919 -0.966933 0.001979
-3.347433 2.262531 0.001417
-3.345073 -1.814860 0.001452
-3.343681 0.588461 0.002359
-3.333643 -0.161561 0.002404
-3.331995 1.074286 0.002267
-3.314118 0.028748 0.002568
-3.309545 -3.645430 0.000382
-3.308577 -0.498453 0.002447
-3.307549 0.289703 0.002632
-3.301677 -2.090336 0.001384
-3.288323 -0.799893 0.002415
-3.279532 1.470633 0.002343
-3.278153 3.496971 0.000747
-3.275711 0.894700 0.002723
-3.252571 -1.302518 0.002258
-3.237829 -0.077390 0.003122
-3.235749 -3.300360 0.000620
-3.231397 -0.247976 0.003115
-3.230789 -2.379973 0.001351
-3.230389 1.740054 0.002413
-3.229601 0.725494 0.003157
-3.227542 2.561121 0.001616
-3.222867 0.153692 0.003299
-3.220837 -0.649629 0.002975
-3.217436 -1.104755 0.002640
-3.211818 0.419945 0.003397
-3.207500 -0.381138 0.003252
-3.200529 0.560347 0.003472
-3.197673 1.234372 0.003104
-3.170095 -1.460099 0.002591
-3.168114 -0.940583 0.003153
-3.166568 0.030409 0.003819
-3.158783 -0.519299 0.003607
-3.154912 0.285555 0.003973
-3.149457 -0.148011 0.003935
-3.145270 2.007544 0.002644
-3.139358 -1.678826 0.002522
-3.126370 -2.674911 0.001362
-3.126069 1.024586 0.003921
-3.125000 5.000000 0.000258
-3.125000 -5.000000 0.000124
-3.123483 -0.787934 0.003705
-3.116114 2.847251 0.001746
-3.097729 -1.912139 0.002458
-3.094343 0.178920 0.004667
-3.093059 -0.279527 0.004502
-3.091196 0.841034 0.004440
-3.085881 -1.226229 0.003518
-3.078109 0.660789 0.004722
-3.076422 3.990986 0.000768
-3.070788 -0.653311 0.004422
-3.070381 -0.407849 0.004680
-3.069956 -0.047399 0.004925
-3.065974 0.498465 0.004960
-3.058851 0.080721 0.005111
-3.048731 1.383697 0.004247
-3.047837 1.571839 0.003976
-3.047622 0.358065 0.005247
-3.032140 -0.160179 0.005384
-3.031896 2.283475 0.002950
-3.031482 -0.528293 0.005066
-3.029790 -1.066192 0.004324
-3.024534 -2.171591 0.002480
-3.009706 -0.908479 0.004822
-3.006236 -1.361719 0.004065
-3.001544 0.236920 0.005911
-2.998227 1.190974 0.005035
-2.992888 -2.995126 0.001359
-2.992818 -4.108620 0.000415
-2.992755 3.202816 0.001758
-2.977399 -0.758217 0.005510
-2.976393 -0.240861 0.006163
-2.967223 -0.346388 0.006217
-2.966194 1.789707 0.004286
-2.965505 -1.547664 0.004117
-2.961445 0.013822 0.006518
-2.956514 0.126168 0.006598
-2.954671 1.024186 0.005769
-2.952445 -3.726776 0.000683
-2.952144 -0.609981 0.006131
-2.949581 0.736665 0.006244
-2.949432 -0.092394 0.006680
-2.947848 0.585833 0.006444
-2.945054 -0.459718 0.006453
-2.942361 0.885711 0.006125
-2.935845 0.447264 0.006744
-2.915129 0.326204 0.007142
-2.908363 -2.422468 0.002682
-2.902445 -1.750553 0.004303
-2.900819 -0.177330 0.007455
-2.896111 -1.204209 0.005791
-2.888855 2.574524 0.003252
-2.884443 -0.850777 0.006826
-2.883071 0.213703 0.007704
-2.883021 -0.688540 0.007176
-2.879487 -0.535503 0.007492
-2.874138 -1.013512 0.006626
-2.874071 -0.274784 0.007868
-2.871405 0.021241 0.007977
-2.861603 -0.397419 0.007990
-2.861407 2.034324 0.004558
-2.860341 -0.067859 0.008173
-2.858698 -1.985721 0.004125
-2.856572 1.342771 0.006157
-2.854674 0.107748 0.008213
-2.835609 -3.349988 0.001280
-2.830088 0.524599 0.008084
-2.828307 0.663741 0.007862
-2.827175 1.562236 0.005899
-2.826768 -1.398921 0.006307
-2.824200 4.488504 0.000775
-2.821792 -0.152796 0.008835
-2.815767 0.399130 0.008467
-2.813759 1.134819 0.007015
-2.813200 -0.612023 0.008630
-2.809829 0.811601 0.007772
-2.809679 3.607525 0.001776
-2.809388 -0.758886 0.008434
-2.804214 0.290511 0.008780
-2.799433 -0.485775 0.009069
-2.796877 -0.323450 0.009241
-2.789602 0.968821 0.007620
-2.787870 0.007403 0.009330
-2.782875 -2.704804 0.002751
-2.782813 -0.231262 0.009512
-2.782299 -4.543439 0.000347
-2.782063 0.181699 0.009231
-2.773865 -0.895644 0.008833
-2.768308 -0.075635 0.009698
-2.766825 0.080423 0.009572
-2.762657 -1.590893 0.006672
-2.756556 -0.397526 0.009948
-2.754725 -1.130942 0.008531
-2.743053 2.899037 0.003279
-2.730678 -0.155323 0.010343
-2.730606 -0.676572 0.010183
-2.726788 0.466760 0.009366
-2.726755 2.299759 0.004723
-2.726229 -0.559672 0.010412
-2.725382 0.594384 0.009083
-2.724597 -2.178217 0.004904
-2.722015 -1.012993 0.009599
-2.720656 1.797076 0.006021
-2.719949 0.247565 0.009903
-2.718848 -0.302415 0.010616
-2.712928 -1.278219 0.008864
-2.709288 -0.008660 0.010480
-2.707392 -1.848118 0.006495
-2.707375 0.137794 0.010256
-2.705512 0.348165 0.009839
-2.704396 0.730125 0.008917
-2.701715 -0.795359 0.010575
-2.697316 -0.464905 0.011001
-2.688105 -0.225350 0.011044
-2.683587 1.235517 0.007704
-2.683565 -0.086703 0.010929
-2.681920 0.057484 0.010697
-2.673408 -0.372869 0.011384
-2.668624 0.880708 0.008747
-2.666330 1.407208 0.007327
-2.660978 0.191356 0.010615
-2.647753 -0.155848 0.011482
-2.646293 -0.906685 0.011523
-2.640821 -0.616305 0.011973
-2.640001 -0.291703 0.011790
-2.639248 -1.453732 0.009686
-2.637347 -0.024048 0.011331
-2.635578 0.532463 0.009891
-2.635076 0.423747 0.010198
-2.634169 0.266693 0.010633
-2.633446 1.053089 0.008436
-2.629039 -0.524542 0.012164
-2.626996 -1.697071 0.008684
-2.624722 -3.005319 0.002769
-2.624642 -0.713720 0.012224
-2.623599 0.118576 0.011102
-2.614108 0.648778 0.009659
-2.612882 -0.436407 0.012336
-2.608870 0.036951 0.011427
-2.608071 -0.220478 0.012045
-2.607644 -0.090753 0.011759
-2.606177 -1.149893 0.011746
-2.603953 -2.436170 0.005148
-2.599686 -1.026434 0.012256
-2.598786 0.338562 0.010633
-2.594478 -0.353684 0.012449
-2.592557 2.041360 0.005927
-2.592531 1.597080 0.007087
-2.584523 -0.812097 0.012904
-2.582907 0.187658 0.011158
-2.580277 0.776537 0.009394
-2.576120 -0.156369 0.012184
-2.568042 -0.280624 0.012566
-2.566563 3.246983 0.003149
-2.565193 -0.028276 0.011897
-2.564453 2.591382 0.004641
-2.564391 -1.977787 0.008274
-2.564198 0.090705 0.011540
-2.563046 -3.709317 0.001330
-2.560186 -0.613430 0.013258
-2.554118 0.479052 0.010350
-2.553611 -0.540369 0.013247
-2.551315 0.261873 0.011046
-2.548747 -1.293957 0.012549
-2.547697 4.042498 0.001758
-2.546372 -0.471425 0.013203
-2.543647 -0.095423 0.012217
-2.540376 0.402947 0.010616
-2.539636 -0.696787 0.013630
-2.538031 -0.401536 0.013126
-2.537574 0.032279 0.011835
-2.536970 -0.216166 0.012624
-2.533336 0.140296 0.011491
-2.533005 0.573120 0.010087
-2.532729 1.215073 0.008224
-2.526023 0.923847 0.009041
-2.523740 -0.335982 0.013063
-2.523380 -0.913019 0.013956
-2.514831 -0.151985 0.012533
-2.509063 0.329517 0.010892
-2.506174 0.200054 0.011336
-2.505748 -0.047626 0.012204
-2.503891 -0.277602 0.013000
-2.503275 -0.782087 0.014227
-2.500199 0.674069 0.009784
-2.500000 5.000000 0.000744
-2.500000 -5.000000 0.000287
-2.498596 0.000772 0.012048
-2.496596 0.083642 0.011755
-2.495769 -1.582974 0.012375
-2.484583 -1.039285 0.014585
-2.484536 -4.109310 0.000896
-2.484414 -0.101201 0.012445
-2.483142 -0.546902 0.013969
-2.481957 -0.473459 0.013758
-2.481160 1.397181 0.007764
-2.479178 -0.195339 0.012804
-2.477966 -0.406692 0.013563
-2.477483 1.808930 0.006735
-2.477314 -0.627254 0.014236
-2.476704 -0.238355 0.012970
-2.472920 0.262464 0.011122
-2.470720 0.492545 0.010336
-2.469310 -0.346520 0.013391
-2.466485 0.139725 0.011562
-2.465495 0.042548 0.011924
-2.462104 -1.432187 0.014033
-2.461546 0.404620 0.010618
-2.461044 0.790580 0.009399
-2.457397 -1.164067 0.014966
-2.456777 -0.148508 0.012665
-2.453391 1.066891 0.008612
-2.452319 -0.296186 0.013252
-2.452018 -0.055976 0.012304
-2.450547 -0.010188 0.012125
-2.449639 -2.700532 0.005407
-2.449400 -2.199569 0.008908
-2.444744 -0.717871 0.014768
-2.442472 -1.784214 0.012350
-2.440423 -0.841131 0.015111
-2.439244 0.200281 0.011309
-2.436248 2.301893 0.005593
-2.433557 -0.247511 0.013085
-2.432022 0.326577 0.010837
-2.431835 -0.103612 0.012491
-2.430033 0.577794 0.009990
-2.427234 0.087391 0.011719
-2.427118 -0.195537 0.012871
-2.426976 -3.307178 0.002732
-2.419849 -0.440085 0.013908
-2.418365 -0.376501 0.013643
-2.417065 -0.507794 0.014196
-2.415574 0.030655 0.011924
-2.409784 -0.580263 0.014517
-2.408137 -0.148300 0.012659
-2.407874 0.145899 0.011451
-2.407752 -0.321568 0.013415
-2.407194 -0.019464 0.012113
-2.405186 -0.947699 0.015736
-2.404241 0.259549 0.011011
-2.403132 -0.063342 0.012289
-2.399434 0.893004 0.008981
-2.398698 0.465390 0.010272
-2.397601 0.691582 0.009554
-2.395127 -0.659857 0.014901
-2.394104 -0.274991 0.013205
-2.387933 -0.226634 0.012980
-2.386439 -0.106488 0.012442
-2.384428 -1.296082 0.016219
-2.381749 0.384575 0.010493
-2.378288 0.202097 0.011148
-2.377879 -0.766861 0.015420
-2.377087 1.595291 0.007207
-2.376903 -0.183318 0.012765
-2.375996 0.056886 0.011718
-2.375984 2.901289 0.004308
-2.372089 0.104348 0.011512
-2.371479 0.009765 0.011901
-2.368617 1.240848 0.008014
-2.366601 -0.410039 0.013820
-2.365835 -0.034075 0.012072
-2.365019 -0.353867 0.013547
-2.364593 -0.143897 0.012557
-2.360830 0.313810 0.010670
-2.360376 -0.471335 0.014117
-2.358576 -0.073080 0.012221
-2.357618 -1.062468 0.016548
-2.354274 -0.303909 0.013288
-2.354054 0.153790 0.011251
-2.350575 -0.254249 0.013040
-2.349647 -0.535798 0.014440
-2.349287 3.621339 0.002857
-2.346201 0.525519 0.009892
-2.345503 -0.107640 0.012336
-2.344842 0.621184 0.009588
-2.344767 -0.212618 0.012825
-2.340264 0.252154 0.010817
-2.337471 0.992339 0.008536
-2.337381 -0.608823 0.014819
-2.335909 -0.862664 0.016058
-2.334381 0.030929 0.011682
-2.334307 0.775606 0.009099
-2.332489 -0.010144 0.011853
-2.332066 -0.171438 0.012590
-2.331793 0.072657 0.011496
-2.331403 2.037640 0.006196
-2.328265 -0.135221 0.012406
-2.327188 -0.049145 0.012006
-2.324940 -0.695981 0.015287
-2.323844 -1.979917 0.013749
-2.322833 0.438488 0.010082
-2.322474 0.115058 0.011282
-2.320169 0.200031 0.010933
-2.320146 -0.381149 0.013608
-2.318806 -0.279825 0.013081
-2.318385 -0.085411 0.012138
-2.317663 -0.332762 0.013349
-2.312648 -0.437726 0.013892
-2.311474 -1.606581 0.016901
-2.310757 -0.199619 0.012654
-2.309795 -1.450399 0.017476
-2.309678 0.363368 0.010284
-2.306995 -0.238238 0.012833
-2.305297 0.157149 0.011038
-2.304006 -0.114937 0.012220
-2.300534 -1.178719 0.017522
-2.300365 -2.428311 0.009707
-2.299146 0.009582 0.011631
-2.298498 -0.149024 0.012361
-2.298151 -0.026937 0.011790
-2.296131 0.296580 0.010463
-2.295868 0.046893 0.011455
-2.295729 -0.493118 0.014164
-2.292720 -0.061515 0.011924
-2.290977 -0.306601 0.013131
-2.288919 0.086339 0.011256
-2.288594 -0.177162 0.012460
-2.286471 -0.963812 0.016806
-2.283988 -0.558320 0.014516
-2.282412 1.412364 0.007405
-2.282324 -0.092136 0.012023
-2.281923 -0.781982 0.015828
-2.281043 0.236288 0.010619
-2.280264 -0.270945 0.012906
-2.278364 -0.209753 0.012583
-2.277322 -0.403845 0.013616
-2.275577 0.128055 0.011022
-2.274771 -0.354441 0.013334
-2.274263 1.114082 0.008026
-2.272833 -0.123779 0.012134
-2.271486 0.682510 0.009106
-2.268936 -0.008459 0.011579
-2.268603 -0.632100 0.014933
-2.268015 -0.041376 0.011724
-2.266393 0.576031 0.009396
-2.266356 -0.153335 0.012251
-2.265887 0.878804 0.008557
-2.265866 -0.240960 0.012694
-2.264379 0.023534 0.011416
-2.263886 0.180184 0.010758
-2.260983 0.488604 0.009644
-2.260549 -0.069853 0.011824
-2.259103 0.059417 0.011235
-2.257525 -0.313482 0.013049
-2.256862 -0.182736 0.012358
-2.256843 -2.968490 0.005549
-2.252820 -0.097323 0.011920
-2.251175 0.409316 0.009859
-2.249820 -0.449430 0.013794
-2.249000 0.096748 0.011029
-2.246425 -0.276739 0.012807
-2.246120 -0.213539 0.012471
-2.246063 -0.121703 0.012009
-2.245461 2.577774 0.005051
-2.245180 0.339790 0.010071
-2.244965 -0.024676 0.011544
-2.244912 1.799757 0.006544
-2.244053 -0.143406 0.012107
-2.239781 -0.708621 0.015384
-2.239380 0.277485 0.010270
-2.237909 -0.050409 0.011632
-2.236228 -0.391050 0.013407
-2.235775 -0.165624 0.012182
-2.235275 0.001117 0.011383
-2.235153 0.137962 0.010794
-2.234712 -0.512336 0.014128
-2.233374 0.035194 0.011222
-2.232602 -0.074812 0.011723
-2.232440 -0.244045 0.012575
-2.230672 0.221190 0.010442
-2.230535 -0.870083 0.016443
-2.230303 -0.344640 0.013120
-2.229876 4.490891 0.001583
-2.228295 -1.304302 0.018787
-2.227874 -0.098654 0.011816
-2.227276 -0.190641 0.012274
-2.224253 -1.070782 0.017731
-2.223767 -0.121336 0.011909
-2.223457 0.068793 0.011030
-2.219708 -1.780810 0.018263
-2.219645 -0.303985 0.012850
-2.219389 -0.029368 0.011450
-2.219258 -0.144433 0.012004
-2.218927 -0.575415 0.014483
-2.215981 -0.216449 0.012361
-2.214343 0.175362 0.010545
-2.214215 0.774414 0.008604
-2.211892 0.103859 0.010827
-2.211056 0.015347 0.011209
-2.210802 -0.055775 0.011535
-2.210698 -4.535138 0.000708
-2.210308 -0.269161 0.012621
-2.210267 -0.168877 0.012090
-2.209260 -0.081601 0.011652
-2.205834 -0.105152 0.011751
-2.203465 -0.008531 0.011283
-2.201914 0.044113 0.011039
-2.201771 -0.127972 0.011847
-2.200387 -0.192496 0.012170
-2.199625 -0.422827 0.013467
-2.199388 -0.239810 0.012417
-2.196885 -0.371362 0.013150
-2.196327 -0.644219 0.014886
-2.196140 -0.472801 0.013763
-2.195702 -0.150324 0.011933
-2.194475 -0.031147 0.011347
-2.192112 0.986797 0.007993
-2.191951 0.140801 0.010582
-2.191475 -0.329067 0.012884
-2.190182 -0.070870 0.011517
-2.189776 0.256080 0.010118
-2.189056 -0.091832 0.011614
-2.188544 1.253699 0.007416
-2.188138 0.624409 0.008897
-2.188131 0.313717 0.009897
-2.188073 0.532874 0.009168
-2.188057 -0.050510 0.011410
-2.187970 0.072873 0.010851
-2.187535 -0.214342 0.012233
-2.186988 0.019264 0.011083
-2.186903 0.450272 0.009423
-2.186454 -0.113093 0.011707
-2.186299 -0.172596 0.012008
-2.185972 0.377652 0.009662
-2.184877 -0.290929 0.012642
-2.184587 -0.781490 0.015835
-2.183199 0.204539 0.010286
-2.182025 -3.614126 0.002573
-2.181745 -0.133940 0.011792
-2.180372 -0.004185 0.011161
-2.179006 -2.181593 0.015396
-2.177819 0.103408 0.010674
-2.176883 -0.258833 0.012432
-2.174495 -0.154340 0.011866
-2.174355 -0.194231 0.012073
-2.174263 -0.024310 0.011228
-2.171842 -0.081278 0.011489
-2.171748 -0.100688 0.011584
-2.171004 0.042936 0.010907
-2.170586 -0.043402 0.011302
-2.170555 -0.062947 0.011395
-2.169489 -0.231260 0.012252
-2.169218 -0.967929 0.017226
-2.168739 -0.119699 0.011666
-2.166425 -0.533006 0.014061
-2.164112 -0.174000 0.011926
-2.163512 1.589812 0.006708
-2.163261 -0.138384 0.011739
-2.162857 0.014663 0.010999
-2.162155 -0.394309 0.013165
-2.161196 0.171492 0.010319
-2.158742 -0.351408 0.012895
-2.158440 -0.211565 0.012103
-2.158269 -0.311286 0.012658
-2.158229 -1.444891 0.020204
-2.157930 0.067618 0.010742
-2.157504 0.701653 0.008543
-2.157439 -0.090745 0.011476
-2.157084 -0.701172 0.015213
-2.155873 -0.107929 0.011555
-2.155074 -0.599142 0.014480
-2.154870 -0.156468 0.011798
-2.154867 2.277158 0.005519
-2.154268 0.130494 0.010457
-2.154187 -0.009838 0.011076
-2.153925 -0.032997 0.011183
-2.153866 -0.072247 0.011371
-2.153657 -0.053683 0.011281
-2.152772 -0.276335 0.012439
-2.152374 -0.124602 0.011625
-2.150321 -0.191449 0.011964
-2.149948 3.220970 0.003812
-2.149543 -0.433373 0.013366
-2.149063 -1.180409 0.018880
-2.148791 0.093683 0.010590
-2.148083 0.229110 0.010033
-2.147556 -0.481229 0.013666
-2.147247 -0.244508 0.012241
-2.146094 -0.141153 0.011685
-2.144988 0.035232 0.010831
-2.144282 -0.083692 0.011389
-2.143242 -0.098775 0.011460
-2.143036 -0.173060 0.011840
-2.140912 -0.113284 0.011524
-2.140282 0.012299 0.010916
-2.140127 0.282821 0.009794
-2.138753 -0.219063 0.012071
-2.138532 -0.063272 0.011267
-2.137837 -0.045018 0.011176
-2.137391 -0.127892 0.011584
-2.136523 -0.025447 0.011077
-2.136464 -0.156701 0.011730
-2.133878 -0.076840 0.011315
-2.133563 0.861540 0.008033
-2.133549 0.058053 0.010682
-2.132086 -0.196865 0.011926
-2.131477 -0.091028 0.011376
-2.130484 -0.006203 0.010963
-2.130037 -0.142499 0.011632
-2.129837 -0.331658 0.012681
-2.129520 -0.104064 0.011434
-2.129329 -0.873045 0.016512
-2.128494 0.342531 0.009526
-2.128403 -0.377252 0.012951
-2.127189 -0.117036 0.011491
-2.127140 -0.295884 0.012462
-2.126595 -0.177445 0.011803
-2.124137 -0.263999 0.012270
-2.123938 -0.130337 0.011547
-2.123353 -0.054628 0.011167
-2.123014 0.151805 0.010237
-2.122829 -0.069425 0.011237
-2.122493 0.195076 0.010058
-2.121970 -0.160632 0.011698
-2.121910 0.081976 0.010530
-2.121286 -2.663339 0.010260
-2.121262 -0.037731 0.011077
-2.121136 -0.083681 0.011301
-2.120815 0.114873 0.010383
-2.120721 0.409675 0.009259
-2.119651 -0.236429 0.012100
-2.118923 -0.096069 0.011355
-2.118907 0.014085 0.010824
-2.118550 0.035234 0.010726
-2.118322 0.490312 0.008984
-2.117870 -1.599828 0.021216
-2.117361 -0.146608 0.011608
-2.117215 -0.020537 0.010980
-2.117159 -0.108394 0.011411
-2.114822 -0.211801 0.011948
-2.114590 -0.120851 0.011466
-2.112632 -0.134540 0.011529
-2.111299 -0.077303 0.011234
-2.110948 -0.189801 0.011816
-2.110013 -0.063707 0.011162
-2.109981 0.579830 0.008674
-2.108833 1.106704 0.007393
-2.108762 -0.408716 0.013091
-2.108558 -0.088770 0.011282
-2.108315 -0.100761 0.011341
-2.107999 -0.047736 0.011077
-2.107885 -0.169942 0.011699
-2.107686 -0.005450 0.010873
-2.105809 -0.112841 0.011394
-2.104820 -0.152735 0.011598
-2.103645 -0.354552 0.012740
-2.103276 -0.641900 0.014680
-2.103197 -0.029543 0.010972
-2.103014 0.245543 0.009779
-2.102427 -0.124527 0.011443
-2.102320 -0.456735 0.013384
-2.102170 0.059504 0.010554
-2.101766 -0.074631 0.011188
-2.101472 -0.510702 0.013743
-2.101457 -0.138461 0.011512
-2.100827 -0.568846 0.014146
-2.100243 -0.789105 0.015820
-2.099104 -0.105690 0.011335
-2.098901 -0.315962 0.012495
-2.098829 -0.095242 0.011281
-2.098099 -0.058408 0.011095
-2.097957 -0.282314 0.012294
-2.097728 -0.084125 0.011221
-2.097638 0.011675 0.010757
-2.096737 -0.252675 0.012120
-2.095014 -0.226203 0.011966
-2.094160 0.031257 0.010653
-2.093978 -0.069361 0.011135
-2.093408 -0.042118 0.010999
-2.093395 -0.202411 0.011829
-2.093083 0.094194 0.010366
-2.092747 -0.115478 0.011365
-2.092413 -0.014635 0.010863
-2.092325 -0.181165 0.011710
-2.091310 -0.162345 0.011606
-2.090673 -0.129536 0.011431
-2.090594 -1.063897 0.018188
-2.090079 -0.102684 0.011290
-2.089995 -0.145489 0.011513
-2.089068 -0.716706 0.015232
-2.088176 -0.091242 0.011226
-2.087970 0.166597 0.010037
-2.087195 0.128848 0.010194
-2.086812 -1.959488 0.020541
-2.086284 1.405572 0.006759
-2.086261 -0.053762 0.011032
-2.086190 -0.079202 0.011159
-2.084754 0.300359 0.009497
-2.084378 0.765593 0.008054
-2.082609 -0.031069 0.010909
-2.082378 -0.065993 0.011080
-2.081160 -0.109841 0.011299
-2.080915 0.003430 0.010738
-2.080037 -0.121633 0.011357
-2.079376 -0.099230 0.011239
-2.078261 -0.136203 0.011428
-2.077235 2.008754 0.005790
-2.076757 0.656772 0.008310
-2.076709 -0.153082 0.011513
-2.075718 0.048083 0.010512
-2.075660 -0.380766 0.012834
-2.075566 -0.087475 0.011168
-2.075490 -0.171187 0.011607
-2.075390 0.207592 0.009822
-2.074890 -0.046223 0.010959
-2.074247 -0.191371 0.011714
-2.074059 0.072683 0.010394
-2.073103 -0.214164 0.011837
-2.071937 -0.239772 0.011979
-2.071699 -0.014767 0.010795
-2.071652 -3.963408 0.001784
-2.071447 -0.075536 0.011095
-2.071355 -1.302872 0.020376
-2.070551 -0.268404 0.012141
-2.070427 -0.060866 0.011018
-2.069720 -0.337993 0.012555
-2.069182 0.022950 0.010607
-2.069119 -0.300729 0.012328
-2.068719 -0.111430 0.011271
-2.068197 -0.098113 0.011200
-2.066852 -0.126300 0.011343
-2.064422 -0.142449 0.011422
-2.063549 -0.428263 0.013115
-2.063442 -0.033129 0.010859
-2.061507 0.363129 0.009175
-2.060626 -0.159616 0.011505
-2.059363 -0.085676 0.011111
-2.058495 -0.051680 0.010936
-2.057344 0.101512 0.010209
-2.057179 -0.069260 0.011021
-2.057116 0.446477 0.008869
-2.057053 -0.178685 0.011600
-2.056436 0.003538 0.010660
-2.055785 -0.101875 0.011185
-2.054366 0.967043 0.007456
-2.054355 -0.117267 0.011262
-2.053877 0.137528 0.010039
-2.053574 -0.200299 0.011711
-2.052973 -0.953646 0.017262
-2.052696 0.253086 0.009557
-2.052281 -0.132218 0.011336
-2.052220 -0.017785 0.010751
-2.051643 0.043064 0.010458
-2.050978 -0.475947 0.013414
-2.049910 -0.224815 0.011842
-2.049708 0.170156 0.009885
-2.047625 -0.146575 0.011401
-2.047268 0.070092 0.010319
-2.046635 -0.039634 0.010843
-2.045622 -0.252535 0.011993
-2.045021 -0.534576 0.013817
-2.043530 -0.091780 0.011101
-2.042621 0.529001 0.008544
-2.042545 -0.076274 0.011018
-2.042332 -0.058840 0.010928
-2.041914 -0.164047 0.011483
-2.041456 -0.108684 0.011184
-2.041244 -0.283586 0.012168
-2.039581 -0.601522 0.014303
-2.037787 -0.318821 0.012376
-2.037668 -0.127302 0.011274
-2.037010 -0.358307 0.012621
-2.036229 -0.184482 0.011584
-2.035728 0.021552 0.010513
-2.035356 -0.399035 0.012880
-2.035033 -0.025317 0.010740
-2.033750 -0.004266 0.010633
-2.030387 -0.145739 0.011358
-2.030362 -0.207786 0.011704
-2.029970 -3.240762 0.005308
-2.028136 -0.851240 0.016359
-2.027897 0.207475 0.009656
-2.027735 -0.043635 0.010814
-2.027311 -0.097068 0.011090
-2.026806 0.303374 0.009269
-2.026200 -0.080257 0.010999
-2.025927 -0.674286 0.014862
-2.025736 -0.113496 0.011173
-2.025132 -0.062767 0.010906
-2.024852 0.120936 0.010021
-2.024415 0.051406 0.010339
-2.023933 -0.234260 0.011846
-2.021576 -0.166277 0.011453
-2.020238 0.086639 0.010163
-2.018820 4.007082 0.002483
-2.017880 1.773255 0.005963
-2.017683 -0.130074 0.011246
-2.015907 -0.264525 0.012013
-2.015477 -0.757062 0.015547
-2.014173 -0.023641 0.010680
-2.013184 -0.188773 0.011565
-2.012976 1.237243 0.006766
-2.012838 2.863878 0.004369
-2.012467 0.005038 0.010533
-2.011254 0.160921 0.009803
-2.008869 -0.111342 0.011128
-2.008800 -0.092185 0.011025
-2.008752 -0.148049 0.011329
-2.008645 -0.298343 0.012209
-2.008121 -0.048396 0.010793
-2.007258 0.406156 0.008819
-2.006983 -1.760022 0.023641
-2.006894 -0.071093 0.010909
-2.005950 -0.435862 0.013099
-2.004795 0.030896 0.010388
-2.004625 -0.213762 0.011696
-2.003799 -2.380062 0.017163
-2.002932 -0.337943 0.012452
-2.002296 0.610182 0.008138
-2.000612 0.249669 0.009395
-1.999185 -1.164406 0.019524
-1.998713 -0.492802 0.013494
-1.998201 -0.168855 0.011429
-1.997893 -0.382474 0.012737
-1.995471 -0.242197 0.011853
-1.995125 -0.128070 0.011195
-1.994300 0.060940 0.010217
-1.994201 -0.011181 0.010574
-1.993688 0.837467 0.007498
-1.992840 -1.452581 0.022461
-1.991582 0.124984 0.009910
-1.989754 -0.034101 0.010682
-1.989058 -0.105371 0.011061
-1.988806 0.717364 0.007782
-1.987518 -0.082660 0.010935
-1.987347 0.349269 0.008960
-1.987218 -0.058834 0.010807
-1.987140 -0.191939 0.011547
-1.987069 0.092454 0.010050
-1.985782 -0.147507 0.011290
-1.985103 -0.558127 0.013975
-1.983145 0.011527 0.010436
-1.982044 0.198988 0.009555
-1.981981 -0.274948 0.012041
-1.976242 -0.218051 0.011690
-1.974520 0.471956 0.008474
-1.973469 -0.313018 0.012276
-1.971799 -0.168971 0.011397
-1.971706 0.038390 0.010279
-1.971230 -0.122514 0.011131
-1.968892 -0.630057 0.014547
-1.968019 -0.014332 0.010541
-1.966416 -0.096748 0.010982
-1.966194 -0.043659 0.010693
-1.965784 0.154982 0.009709
-1.965491 0.292971 0.009113
-1.965281 -0.248372 0.011868
-1.964787 -0.070796 0.010837
-1.963491 -0.356251 0.012557
-1.962700 -0.143781 0.011243
-1.962146 -1.036223 0.018335
-1.958279 0.542650 0.008181
-1.958009 -0.192821 0.011527
-1.956888 -0.404172 0.012884
-1.956623 0.070378 0.010091
-1.953395 0.112336 0.009881
-1.952670 1.564903 0.006035
-1.952423 -0.454487 0.013240
-1.951823 0.010629 0.010385
-1.948341 1.082537 0.006791
-1.948207 0.238024 0.009296
-1.946954 -0.285748 0.012100
-1.946743 -0.915547 0.017153
-1.945652 -0.114329 0.011060
-1.945541 -0.221565 0.011696
-1.944525 -0.512339 0.013673
-1.944377 -0.025956 0.010568
-1.943787 -0.707415 0.015236
-1.942021 -0.165275 0.011355
-1.940939 -0.803733 0.016101
-1.940829 -0.085862 0.010894
-1.940612 -0.056113 0.010728
-1.940232 2.519984 0.004762
-1.939153 -0.137432 0.011189
-1.937623 0.039762 0.010213
-1.937288 0.405696 0.008589
-1.935321 -0.255668 0.011910
-1.934511 -0.326946 0.012374
-1.933750 0.187187 0.009489
-1.926764 -0.003549 0.010427
-1.926661 -0.193672 0.011523
-1.926539 0.951886 0.006970
-1.925332 3.568744 0.003192
-1.924575 0.089907 0.009939
-1.922271 0.139712 0.009690
-1.922109 -0.581597 0.014251
-1.921051 -1.304060 0.021667
-1.920217 0.340020 0.008796
-1.916971 -0.370562 0.012689
-1.916682 -0.105752 0.010994
-1.915448 -0.036604 0.010598
-1.914876 -0.136681 0.011177
-1.913669 -0.071150 0.010793
-1.912540 -0.226436 0.011732
-1.912411 -2.125430 0.023894
-1.912278 0.641680 0.007710
-1.910488 -0.164218 0.011344
-1.910010 -0.295687 0.012187
-1.909922 0.060842 0.010067
-1.907629 0.021311 0.010274
-1.906904 0.278975 0.009019
-1.905896 -1.607837 0.025125
-1.903911 -0.418101 0.013049
-1.902360 -0.262487 0.011974
-1.898504 1.379826 0.006101
-1.896126 0.221681 0.009254
-1.895443 -0.472107 0.013469
-1.894899 -2.903290 0.010352
-1.894110 0.111749 0.009785
-1.891979 -0.197797 0.011563
-1.890777 0.740033 0.007351
-1.890443 -0.010842 0.010439
-1.890037 -0.531410 0.013943
-1.889224 0.553608 0.007913
-1.888903 -0.332746 0.012469
-1.888312 -0.647239 0.014900
-1.887956 0.469553 0.008205
-1.886827 -0.126275 0.011117
-1.886687 0.167974 0.009493
-1.885369 -0.088454 0.010889
-1.884912 -0.050343 0.010663
-1.883626 2.217638 0.005014
-1.877107 0.039468 0.010151
-1.876959 -0.165023 0.011365
-1.875237 -0.237034 0.011837
-1.875000 -5.000000 0.000507
-1.875000 5.000000 0.001216
-1.873441 0.079186 0.009933
-1.866690 0.836864 0.007010
-1.865855 -0.285123 0.012180
-1.865524 0.390162 0.008453
-1.865484 -1.174796 0.020579
-1.863922 -0.742459 0.015862
-1.860308 -1.894366 0.027251
-1.859845 -0.379272 0.012871
-1.859722 0.010384 0.010308
-1.858769 0.134659 0.009626
-1.857977 -0.845078 0.016890
-1.854856 0.320374 0.008726
-1.854362 -0.139130 0.011221
-1.853976 -0.203337 0.011643
-1.853231 -0.027426 0.010529
-1.852408 -0.103930 0.010998
-1.851033 -1.061529 0.019316
-1.850951 -0.066451 0.010766
-1.850641 -0.952374 0.018069
-1.850617 0.257449 0.009006
-1.846647 0.197519 0.009291
-1.846198 -0.436684 0.013350
-1.845527 -0.581024 0.014525
-1.845031 -0.331441 0.012560
-1.843465 1.210319 0.006160
-1.837703 -4.303478 0.001349
-1.836155 0.098333 0.009805
-1.835465 -0.502591 0.013919
-1.835116 -0.246325 0.011974
-1.832994 -0.169849 0.011452
-1.832565 0.048398 0.010086
-1.827291 1.948986 0.005159
-1.821043 -0.673591 0.015479
-1.819312 0.159881 0.009460
-1.818206 0.002043 0.010364
-1.817627 0.619317 0.007473
-1.817565 -1.434776 0.024642
-1.817367 -0.128827 0.011202
-1.816988 -0.290478 0.012342
-1.813493 -0.086488 0.010928
-1.813356 -0.042911 0.010647
-1.812970 -2.594365 0.017637
-1.809333 -0.206939 0.011758
-1.807596 0.946411 0.006537
-1.807463 0.521838 0.007790
-1.802901 0.436173 0.008119
-1.802253 0.704740 0.007154
-1.801325 -0.342724 0.012792
-1.800406 -0.395959 0.013216
-1.800246 0.225617 0.009098
-1.797492 1.728759 0.005305
-1.794299 0.122652 0.009656
-1.794210 1.068047 0.006234
-1.792729 0.357725 0.008443
-1.791659 0.288071 0.008772
-1.790780 -3.550360 0.004293
-1.789964 0.077626 0.009919
-1.788600 -0.163101 0.011498
-1.786015 -0.249294 0.012135
-1.784323 -0.461272 0.013834
-1.783376 -0.611871 0.015166
-1.780393 0.032040 0.010204
-1.779847 -0.780370 0.016826
-1.775466 -0.115092 0.011190
-1.774705 -0.538162 0.014559
-1.772425 -0.016788 0.010526
-1.771189 -0.066212 0.010860
-1.769624 0.181209 0.009318
-1.764640 -1.741776 0.029318
-1.764530 -0.298555 0.012599
-1.761109 -1.284595 0.023344
-1.759919 -0.202896 0.011874
-1.759758 0.803241 0.006732
-1.758397 -0.882147 0.018125
-1.754304 -0.707068 0.016313
-1.746769 -0.355193 0.013148
-1.746209 0.130017 0.009619
-1.744206 1.518627 0.005367
-1.740325 -0.151540 0.011552
-1.739029 -0.998638 0.019728
-1.737940 0.074249 0.009974
-1.736539 0.241619 0.008969
-1.733370 -0.416366 0.013753
-1.732101 -0.249580 0.012351
-1.728561 -0.096872 0.011178
-1.728014 0.016314 0.010372
-1.727644 0.586832 0.007346
-1.726341 3.161885 0.003587
-1.726326 0.480957 0.007773
-1.724816 -0.040833 0.010779
-1.724585 -1.130459 0.021668
-1.723138 0.393152 0.008170
-1.722748 0.311636 0.008581
-1.722206 1.329209 0.005539
-1.718996 -2.297545 0.026962
-1.716192 -0.486015 0.014507
-1.714984 -1.570828 0.028557
-1.714886 -0.633979 0.015949
-1.706154 -0.303890 0.012938
-1.706025 -0.195061 0.012025
-1.703523 0.183441 0.009309
-1.702243 -0.561300 0.015345
-1.698616 0.911860 0.006249
-1.697513 0.691550 0.006892
-1.687282 -0.136088 0.011625
-1.686274 0.117474 0.009747
-1.684035 2.751857 0.003975
-1.682482 -0.365626 0.013642
-1.681656 -0.799051 0.018090
-1.678295 0.053160 0.010206
-1.676558 -0.074216 0.011171
-1.673872 -0.010861 0.010689
-1.673061 -2.004486 0.032569
-1.672790 -0.246267 0.012627
-1.667259 -0.710265 0.017273
-1.660239 0.251054 0.008907
-1.660035 -0.434834 0.014479
-1.656393 1.186454 0.005536
-1.654873 1.034517 0.005823
-1.653874 4.470794 0.001872
-1.649706 0.341809 0.008372
-1.649352 -0.911919 0.019915
-1.649167 -3.158250 0.009054
-1.647605 2.419050 0.004213
-1.646824 -0.183350 0.012216
-1.645273 0.522098 0.007449
-1.641352 0.427770 0.007901
-1.640896 -0.305490 0.013378
-1.636623 -0.514408 0.015514
-1.635074 0.171008 0.009447
-1.630392 0.805112 0.006341
-1.628700 -0.116418 0.011720
-1.626278 2.127041 0.004409
-1.624760 -1.227329 0.024947
-1.624105 -1.405458 0.028012
-1.621783 -0.610793 0.016731
-1.621379 0.096130 0.010011
-1.618757 -0.046879 0.011165
-1.617117 -1.043703 0.022267
-1.616938 0.607181 0.007026
-1.616733 0.024078 0.010585
-1.610052 -0.372950 0.014298
-1.607262 -0.238953 0.012977
-1.600528 1.667208 0.004736
-1.586258 0.295388 0.008654
-1.585938 -1.787637 0.034941
-1.581596 -3.904755 0.002870
-1.581450 -0.167409 0.012454
-1.580734 -0.709079 0.018460
-1.579693 1.417612 0.004943
-1.579230 -0.449354 0.015428
-1.577241 1.896500 0.004460
-1.576369 -0.814159 0.019868
-1.575272 0.222007 0.009166
-1.573581 0.697579 0.006574
-1.568314 -0.303136 0.013938
-1.563601 -0.092216 0.011835
-1.560220 0.485349 0.007522
-1.558969 0.143690 0.009786
-1.553852 -0.014797 0.011160
-1.552044 0.064029 0.010466
-1.552021 0.380627 0.008121
-1.551669 3.595230 0.002856
-1.551210 4.003278 0.002390
-1.550418 -0.536719 0.016795
-1.548380 -1.599560 0.033596
-1.547452 0.933279 0.005741
-1.543673 -2.801185 0.017562
-1.539322 -2.507027 0.026442
-1.534770 -0.227349 0.013409
-1.533728 -0.944295 0.022513
-1.529907 -4.575981 0.001090
-1.529351 -0.376241 0.015142
-1.528232 -1.127783 0.025547
-1.523121 0.572141 0.007036
-1.516578 -0.629263 0.018462
-1.508914 -0.146881 0.012739
-1.502708 1.273503 0.004902
-1.501922 0.295243 0.008724
-1.499705 1.086976 0.005234
-1.497917 -2.178652 0.036460
-1.497861 0.796722 0.006040
-1.490521 -0.063302 0.011972
-1.490479 0.203934 0.009457
-1.488712 -0.458624 0.016655
-1.487752 -0.296324 0.014635
-1.481979 -1.292044 0.029826
-1.480633 0.023133 0.011142
-1.479634 0.111963 0.010293
-1.475852 -0.737017 0.020684
-1.472918 0.450830 0.007677
-1.462621 -0.850107 0.022663
-1.460120 0.665777 0.006501
-1.456366 1.530970 0.004433
-1.454528 -0.211003 0.013924
-1.447388 -0.548556 0.018496
-1.443533 -1.019871 0.025928
-1.439552 -0.374492 0.016195
-1.430985 0.364465 0.008284
-1.427465 -0.122679 0.013085
-1.425764 -1.465781 0.035257
-1.418577 0.539176 0.007120
-1.418389 -1.928128 0.041761
-1.409956 0.906004 0.005473
-1.408344 -0.029589 0.012121
-1.406588 0.262837 0.009143
-1.404604 -0.651304 0.020819
-1.398474 -0.283264 0.015452
-1.397770 0.162645 0.010101
-1.397188 0.064837 0.011121
-1.396005 2.239036 0.003719
-1.392449 -3.451188 0.006547
-1.391267 2.931052 0.003222
-1.383767 -0.460471 0.018240
-1.378776 1.752273 0.004011
-1.375724 -1.160288 0.030639
-1.368816 -0.910967 0.026065
-1.363819 -0.193211 0.014581
-1.361480 0.769377 0.005884
-1.361148 2.570003 0.003418
-1.351004 -1.687024 0.042434
-1.350991 1.025346 0.004987
-1.349534 0.450074 0.007707
-1.345722 -0.773794 0.024208
-1.341552 -0.360277 0.017332
-1.337874 0.626439 0.006562
-1.337682 -2.382006 0.035597
-1.337316 -0.092953 0.013449
-1.336650 1.191792 0.004574
-1.333413 -0.552975 0.020629
-1.332406 1.382593 0.004257
-1.330593 1.996587 0.003710
-1.318807 0.336540 0.008666
-1.312150 0.006133 0.012323
-1.306507 -1.317023 0.036605
-1.305182 0.221232 0.009823
-1.301491 0.109166 0.011099
-1.293057 3.259887 0.002785
-1.292289 -0.275328 0.016650
-1.288564 -0.656194 0.023443
-1.288357 -1.026841 0.030845
-1.285641 -3.038807 0.013929
-1.280585 -0.431330 0.019483
-1.268810 -0.165763 0.015170
-1.266696 0.535001 0.007118
-1.250731 -4.213754 0.002014
-1.250000 5.000000 0.001243
-1.250000 -5.000000 0.000654
-1.243582 -2.115906 0.046187
-1.240255 0.890432 0.005190
-1.238479 1.575969 0.003792
-1.234558 0.718189 0.005965
-1.232909 -0.882539 0.029572
-1.232404 -0.518042 0.022014
-1.229550 -0.066168 0.013991
-1.228088 -1.494895 0.044093
-1.215592 0.419654 0.008079
-1.211182 -2.660641 0.026811
-1.209142 -0.353650 0.019239
-1.204787 0.293361 0.009356
-1.204211 -1.162701 0.037112
-1.201422 0.163226 0.010912
-1.197742 0.037120 0.012674
-1.195102 -0.748732 0.027762
-1.187888 -0.227521 0.017173
-1.183853 1.078163 0.004479
-1.177945 -0.612150 0.025190
-1.174867 -1.870058 0.051447
-1.173293 0.611644 0.006578
-1.152683 1.284990 0.003962
-1.151383 -0.128306 0.015785
-1.145392 2.349815 0.003062
-1.143423 -0.448862 0.022350
-1.142546 3.632391 0.002269
-1.127208 4.486910 0.001602
-1.125525 -1.009654 0.036370
-1.120204 1.785851 0.003335
-1.118778 -1.314574 0.044702
-1.112095 4.035674 0.001935
-1.109272 0.497893 0.007491
-1.107671 0.782077 0.005503
-1.103887 -0.294753 0.019677
-1.100616 -3.752244 0.004243
-1.100001 -1.663862 0.053187
-1.096017 0.236692 0.010394
-1.091931 1.482825 0.003543
-1.089821 2.767726 0.002718
-1.088394 0.101966 0.012381
-1.082593 2.082604 0.003067
-1.081609 -0.031729 0.014694
-1.078234 -0.850885 0.033883
-1.070829 -0.550768 0.026283
-1.069315 0.361004 0.008938
-1.061696 -2.335794 0.042977
-1.056422 0.948903 0.004678
-1.049665 -0.690756 0.030463
-1.045825 -0.172813 0.017837
-1.035421 -0.400698 0.023259
-1.030830 0.643032 0.006338
-1.014111 -1.162261 0.045159
-1.010945 -1.453950 0.053226
-0.998345 -3.306753 0.009118
-0.992290 1.142102 0.003953
-0.984122 -2.053599 0.054980
-0.982929 0.201161 0.011361
-0.971511 -0.275834 0.021184
-0.961478 3.120309 0.002287
-0.959768 0.488245 0.007730
-0.958387 0.051910 0.014069
-0.952993 -0.982114 0.042174
-0.949879 -0.512616 0.027954
-0.938056 -2.900575 0.018843
-0.937724 -0.093798 0.017256
-0.936953 0.803535 0.005244
-0.926264 1.351443 0.003391
-0.919605 -0.805154 0.037705
-0.915609 0.329100 0.009713
-0.912721 1.614543 0.003029
-0.905633 -4.551177 0.001232
-0.904698 -0.641055 0.032891
-0.901143 2.482534 0.002486
-0.892151 -1.836504 0.061377
-0.884918 -1.310786 0.055026
-0.881329 -0.384987 0.025540
-0.876860 -1.598678 0.061499
-0.869665 -0.210259 0.020826
-0.860904 -2.541384 0.033858
-0.860210 1.889972 0.002713
-0.855828 0.640612 0.006362
-0.855511 0.987535 0.004266
-0.843565 0.164459 0.012594
-0.816821 2.197104 0.002459
-0.810233 -1.125465 0.052175
-0.809313 -0.005293 0.016292
-0.793940 3.515793 0.001821
-0.792085 0.471433 0.008105
-0.775464 -2.199319 0.051159
-0.773702 -0.920813 0.046197
-0.767492 -0.522194 0.031945
-0.765890 1.192958 0.003465
-0.753973 -0.722157 0.039412
-0.749382 -0.150638 0.020457
-0.746448 -0.327904 0.025786
-0.743404 0.816126 0.005042
-0.741447 0.302519 0.010549
-0.738779 -4.068621 0.002437
-0.737514 -1.442229 0.063450
-0.712344 2.772929 0.002009
-0.701373 1.435891 0.002868
-0.682520 0.125417 0.014049
-0.663997 0.634262 0.006432
-0.656134 -3.574499 0.005263
-0.650235 -1.689816 0.066712
-0.649508 3.982448 0.001427
-0.645354 -1.961759 0.060687
-0.644550 1.704060 0.002456
-0.633237 -1.255798 0.061441
-0.630593 1.012356 0.003913
-0.628682 4.472148 0.001195
-0.625433 -0.043818 0.018400
-0.625000 5.000000 0.000949
-0.625000 -5.000000 0.000614
-0.614886 -3.139709 0.011073
-0.606526 -1.051940 0.055270
-0.603224 0.449255 0.008568
-0.596941 -2.742227 0.022334
-0.592430 -0.431909 0.031214
-0.592027 -0.234017 0.024284
-0.589261 -0.630415 0.038943
-0.587991 -0.841950 0.047493
-0.574911 2.019702 0.002113
-0.558018 0.267238 0.011530
-0.549800 -2.363686 0.039340
-0.545744 3.144326 0.001600
-0.525677 2.399103 0.001847
-0.524815 0.815969 0.004899
-0.516624 1.236638 0.003006
-0.494571 -1.477047 0.066765
-0.489750 0.086041 0.015522
-0.450999 0.612051 0.006609
-0.438357 -0.107123 0.020917
-0.436715 1.490826 0.002376
-0.414856 -0.317101 0.028012
-0.404938 -0.533051 0.036379
-0.400822 -1.229495 0.062134
-0.399370 0.415453 0.009096
-0.399099 -2.106033 0.048540
-0.398835 -1.000467 0.055121
-0.397578 -0.760320 0.045737
-0.380863 1.020009 0.003601
-0.372743 -1.748128 0.061762
-0.360742 1.789348 0.001925
-0.355373 0.244699 0.012060
-0.334894 2.766202 0.001419
-0.332568 3.564856 0.001194
-0.307173 -4.441760 0.001140
-0.298244 -2.536932 0.024852
-0.292799 -3.869785 0.002627
-0.283705 0.775625 0.004958
-0.277369 0.051037 0.016370
-0.263840 2.114937 0.001568
-0.262471 -2.922740 0.012439
-0.236026 -0.169550 0.022609
-0.234555 -1.450183 0.060752
-0.223247 1.264584 0.002532
-0.219927 -3.350403 0.005710
-0.217963 0.521875 0.007401
-0.214300 -0.401883 0.030540
-0.200514 -0.646861 0.039762
-0.184686 -0.902270 0.048866
-0.156808 1.553044 0.001880
-0.151306 0.275775 0.011029
-0.146638 -1.163770 0.054783
-0.129069 -1.928323 0.044656
-0.126771 4.008186 0.000887
-0.122664 2.438360 0.001238
-0.120240 4.480556 0.000784
-0.119279 0.984886 0.003406
-0.118323 3.159039 0.001043
-0.107834 -2.274749 0.029442
-0.058701 0.010159 0.016313
-0.042455 1.841377 0.001426
-0.034021 0.719507 0.004960
-0.033637 -1.654005 0.048006
-0.025664 -0.241785 0.022979
-0.010860 -0.502515 0.031115
0.000000 5.000000 0.000597
0.000000 -5.000000 0.000424
0.017761 0.476789 0.007297
0.018375 -0.754933 0.038466
0.037847 -1.361899 0.047600
0.044390 -2.653396 0.013418
0.059449 1.192657 0.002312
0.061254 -1.002416 0.043090
0.068904 1.459630 0.001704
0.070755 0.236182 0.010602
0.073730 2.781123 0.000915
0.100696 2.136902 0.001076
0.107573 -3.608903 0.002680
0.117533 -3.040810 0.006443
0.139236 0.913249 0.003272
0.142293 -2.029105 0.027549
0.145955 0.034026 0.013799
0.159081 -0.150742 0.017763
0.160956 -4.072930 0.001285
0.164070 -0.372171 0.023312
0.170014 -1.182423 0.039946
0.174346 3.545641 0.000704
0.189456 1.691417 0.001254
0.191853 -0.605379 0.028694
0.213390 -1.775986 0.030983
0.214909 0.657337 0.004715
0.221958 0.406636 0.007154
0.241058 -0.846673 0.032208
0.243399 -2.343963 0.015536
0.253621 -1.509869 0.033787
0.276055 2.448825 0.000788
0.285030 0.182766 0.009703
0.290794 -4.560478 0.000575
0.300000 1.365671 0.001536
0.311596 3.134616 0.000643
0.311792 1.106963 0.002130
0.317587 1.931221 0.000934
0.329561 -0.245031 0.016749
0.341479 -0.024739 0.012406
0.346510 -0.453805 0.020598
0.356469 -1.050595 0.029447
0.357431 -1.300952 0.029807
0.357438 -3.332003 0.002924
0.367471 4.008020 0.000525
0.372579 0.874070 0.002877
0.384460 -0.657371 0.023246
0.385521 -2.651137 0.007715
0.398409 0.513480 0.005074
0.404437 0.330986 0.006776
0.412324 1.580075 0.001094
0.413528 4.473373 0.000460
0.425105 -2.086866 0.015290
0.437706 0.688710 0.003645
0.449901 -1.849849 0.018577
0.452902 -0.843966 0.023280
0.468039 2.775873 0.000569
0.472036 2.185423 0.000682
0.477744 -1.612992 0.021007
0.479577 0.152799 0.008125
0.485171 -0.157956 0.012247
0.495636 -0.330856 0.014660
0.511906 1.275173 0.001384
0.513852 -2.965476 0.003887
0.517077 -0.007933 0.009663
0.523159 -0.505955 0.016543
0.534992 1.037366 0.001885
0.535582 1.803165 0.000786
0.540351 -1.409694 0.020327
0.562351 0.303967 0.005809
0.564859 0.474266 0.004445
0.565689 -1.006119 0.019912
0.571407 -0.674580 0.017191
0.574316 -1.188245 0.019809
0.584326 -3.730569 0.001197
0.596801 -2.347537 0.007775
0.600483 0.638200 0.003269
0.604826 0.829305 0.002397
0.611095 1.470517 0.000975
0.625000 -5.000000 0.000219
0.625000 5.000000 0.000326
0.634978 -0.216828 0.010341
0.642422 3.574441 0.000400
0.643600 0.095504 0.006955
0.644925 -0.831878 0.016135
0.649141 -4.240949 0.000558
0.650608 3.196749 0.000416
0.650763 -0.067683 0.008478
0.654457 -0.379144 0.011757
0.664939 2.456931 0.000478
0.681638 2.031871 0.000561
0.685759 0.230722 0.005397
0.690054 -0.534874 0.012489
0.694249 -1.797751 0.011343
0.696073 -2.066563 0.008717
0.705466 1.192992 0.001227
0.714043 0.383810 0.004134
0.726950 1.667612 0.000690
0.728421 -2.653658 0.003979
0.730315 -1.560017 0.012345
0.731444 0.973341 0.001630
0.735849 -0.988576 0.013849
0.738457 0.541295 0.003140
0.742389 -1.338186 0.013248
0.744115 -0.682750 0.012272
0.758024 -3.300403 0.001603
0.764338 0.714892 0.002313
0.776881 -0.138717 0.007357
0.777623 -0.279306 0.008482
0.779029 -1.141004 0.012617
0.781184 0.004485 0.006189
0.792734 1.371448 0.000868
0.795596 0.139586 0.005088
0.803282 -0.421261 0.009122
0.813586 2.839796 0.000354
0.813811 -0.825293 0.011186
0.833906 0.284784 0.003915
0.838680 0.858018 0.001665
0.838788 4.012860 0.000298
0.845411 -0.558469 0.009191
0.851939 1.871128 0.000493
0.860821 0.438552 0.003008
0.869048 1.095895 0.001124
0.882039 2.222313 0.000385
0.892074 -0.965141 0.009597
0.892610 0.583412 0.002308
0.896672 -2.942476 0.001960
0.897651 -0.196609 0.006149
0.899297 -2.391292 0.003807
0.899963 -0.068687 0.005364
0.901217 -0.690468 0.008694
0.904002 1.547887 0.000609
0.908502 -0.325462 0.006755
0.912452 0.060354 0.004518
0.917827 0.185512 0.003833
0.925202 -1.270955 0.008641
0.925362 -1.909101 0.005898
0.930739 -1.455691 0.007962
0.935028 -2.153904 0.004547
0.939055 0.733827 0.001711
0.941414 -0.453733 0.006931
0.941585 -1.683930 0.006774
0.949180 -4.576799 0.000234
0.950922 0.342226 0.002932
0.951007 1.271812 0.000785
0.962555 0.943094 0.001212
0.965956 -1.097866 0.008019
0.968587 -0.822024 0.007755
0.974281 4.482550 0.000239
0.988698 -0.573087 0.006686
0.992318 -3.974785 0.000457
1.006574 0.241962 0.003004
1.007620 3.211149 0.000255
1.008993 -0.242948 0.005049
1.010544 -0.009956 0.004007
1.011351 -0.130841 0.004529
1.012148 0.469302 0.002199
1.016597 2.545762 0.000282
1.026162 -0.364817 0.005358
1.028133 1.728504 0.000426
1.032756 0.621742 0.001711
1.032813 0.119780 0.003306
1.041466 -0.692912 0.006218
1.049777 -0.952861 0.006468
1.050250 0.811576 0.001265
1.054995 1.101513 0.000835
1.057995 -3.568037 0.000666
1.064794 1.437929 0.000539
1.073764 -0.472624 0.005150
1.074127 0.343621 0.002307
1.078120 2.009291 0.000321
1.082703 -2.678253 0.001818
1.085429 -1.224559 0.005774
1.099882 -0.287190 0.004252
1.105175 -0.078277 0.003495
1.106768 -0.814628 0.005469
1.106824 0.032049 0.003113
1.110398 3.599869 0.000214
1.113116 0.225986 0.002466
1.116024 -1.373082 0.005086
1.116328 -1.540265 0.004703
1.117418 -0.578790 0.004901
1.123636 -0.186655 0.003702
1.124850 0.539719 0.001611
1.128450 0.698827 0.001287
1.132825 -1.915927 0.003474
1.136366 0.945564 0.000900
1.141960 -0.382471 0.004120
1.145694 -3.156670 0.000916
1.148287 -1.075012 0.004998
1.148843 0.129875 0.002552
1.155279 0.424045 0.001766
1.157868 1.260782 0.000572
1.165162 -0.693192 0.004547
1.167228 -1.730801 0.003654
1.170850 -2.143003 0.002584
1.181537 -2.387901 0.001981
1.185701 0.312954 0.001904
1.188981 1.596211 0.000374
1.189649 -0.028521 0.002746
1.190524 -0.281696 0.003408
1.192065 -0.928027 0.004446
1.197834 -0.476671 0.003798
1.200019 2.882345 0.000200
1.200580 -0.116622 0.002906
1.202115 0.050514 0.002466
1.204360 2.290409 0.000229
1.211599 0.806461 0.000948
1.212550 0.617612 0.001221
1.217921 0.210102 0.002003
1.227103 -0.590662 0.003725
1.229338 1.086132 0.000631
1.231958 -0.800757 0.003927
1.232391 -0.200714 0.002890
1.238165 -1.207507 0.003843
1.238431 -0.366817 0.003211
1.243677 0.501590 0.001332
1.250000 5.000000 0.000157
1.250000 -5.000000 0.000086
1.252040 0.123683 0.002038
1.270431 1.816026 0.000270
1.270921 -0.044382 0.002302
1.271807 0.386517 0.001447
1.278826 -0.688623 0.003368
1.279382 -1.358324 0.003285
1.280090 0.039725 0.002079
1.281167 -0.279787 0.002718
1.283620 0.290913 0.001577
1.286487 -1.032580 0.003446
1.287651 -4.284752 0.000187
1.287974 -0.130549 0.002382
1.288326 0.700941 0.000938
1.293980 1.420442 0.000375
1.294291 -0.521043 0.003030
1.295372 0.936434 0.000679
1.298500 -0.430696 0.002861
1.303686 -1.549592 0.002824
1.305668 0.208851 0.001644
1.322425 -0.206658 0.002323
1.323129 -0.894316 0.003108
1.323795 -2.889583 0.000841
1.326057 0.136982 0.001692
1.330942 -0.347895 0.002505
1.334764 4.040630 0.000153
1.335956 1.222380 0.000437
1.338729 -0.601850 0.002786
1.339847 0.465754 0.001133
1.339900 0.583839 0.000979
1.343997 -0.778953 0.002888
1.347005 -0.076275 0.001966
1.347298 -0.003911 0.001843
1.348402 0.072365 0.001711
1.352544 -1.970814 0.001878
1.352782 -1.141246 0.002836
1.359291 0.809204 0.000705
1.360772 0.307748 0.001299
1.365868 -0.269967 0.002176
1.366152 -0.147945 0.001988
1.369426 -0.483944 0.002440
1.371038 -1.766026 0.002070
1.371828 2.058803 0.000194
1.372747 2.589007 0.000160
1.374785 0.230141 0.001368
1.377367 0.382974 0.001148
1.386986 -0.696454 0.002519
1.389813 -0.409179 0.002225
1.391840 0.159055 0.001414
1.394829 1.061056 0.000477
1.402752 -0.976338 0.002500
1.404407 3.250079 0.000141
1.406396 -0.545755 0.002271
1.407335 -0.198702 0.001859
1.408396 -2.567168 0.000961
1.409609 -0.333710 0.002022
1.411288 0.095843 0.001436
1.411396 -0.106800 0.001715
1.412091 0.689324 0.000735
1.412723 1.609347 0.000251
1.413320 -0.037423 0.001612
1.415481 0.028172 0.001513
1.416439 -3.384350 0.000402
1.417444 0.504807 0.000909
1.420215 -1.257005 0.002291
1.427811 -0.832585 0.002311
1.436434 -0.627138 0.002155
1.437387 -0.263960 0.001798
1.438056 0.283546 0.001113
1.441668 -2.246572 0.001188
1.446442 0.919242 0.000513
1.448154 -1.425426 0.002003
1.450868 -1.073977 0.002172
1.451145 0.206293 0.001168
1.453567 -3.845782 0.000223
1.455461 1.349970 0.000302
1.455808 0.426767 0.000912
1.456858 -0.145019 0.001572
1.457673 -0.471391 0.001913
1.459752 0.348742 0.000985
1.462869 -0.391649 0.001813
1.463856 -0.074093 0.001461
1.464037 0.591283 0.000739
1.465591 0.136810 0.001208
1.470062 -0.732827 0.002019
1.472494 0.065295 0.001269
1.474348 -0.206665 0.001570
1.476906 -0.321657 0.001678
1.478689 -0.003336 0.001327
1.487934 -0.555338 0.001823
1.491000 0.790272 0.000547
1.491061 -0.920943 0.001948
1.501583 -0.263045 0.001516
1.502793 -1.605360 0.001583
1.505811 0.253740 0.000975
1.509444 1.181312 0.000328
1.511991 -0.106334 0.001322
1.513358 -0.051227 0.001262
1.514243 0.498243 0.000734
1.516672 -0.162186 0.001361
1.516691 -0.646208 0.001734
1.517472 1.836277 0.000173
1.519035 0.181852 0.001013
1.521493 0.108005 0.001079
1.523294 2.319755 0.000134
1.525433 -0.428175 0.001557
1.525762 0.323250 0.000864
1.526550 -0.364538 0.001503
1.527731 0.042844 0.001125
1.532873 0.678137 0.000571
1.534536 -0.214968 0.001345
1.535753 -0.815730 0.001701
1.538260 -0.496110 0.001549
1.538789 -1.160826 0.001671
1.539683 -0.311975 0.001409
1.542667 0.407823 0.000758
1.544187 -0.011423 0.001128
1.549924 1.028449 0.000362
1.553731 1.476285 0.000219
1.559087 -1.012814 0.001603
1.559141 -0.265637 0.001300
1.559364 -0.126474 0.001184
1.561828 -2.000225 0.001053
1.562599 -0.068341 0.001125
1.562944 0.257459 0.000843
1.564022 -0.571095 0.001483
1.565516 4.505851 0.000108
1.570339 0.141941 0.000924
1.570542 -0.724662 0.001518
1.570717 0.577521 0.000588
1.570993 -0.175462 0.001188
1.572534 0.080854 0.000970
1.575452 0.205219 0.000859
1.575596 -1.312051 0.001451
1.578050 -1.801865 0.001150
1.578971 -3.094449 0.000380
1.581325 0.026191 0.000993
1.581592 -0.381897 0.001304
1.582402 2.910207 0.000108
1.582416 0.887624 0.000398
1.587314 -0.224624 0.001174
1.587496 -0.323991 0.001245
1.591706 -0.445014 0.001306
1.593163 0.345309 0.000716
1.594213 -0.024670 0.001000
1.595773 -0.101737 0.001056
1.599296 0.286560 0.000748
1.599544 3.633576 0.000104
1.602147 0.485530 0.000604
1.603326 -0.643795 0.001357
1.605900 -0.896035 0.001401
1.606107 -4.564199 0.000073
1.607241 -0.274079 0.001146
1.609239 -0.143155 0.001049
1.610877 -0.509043 0.001271
1.613829 0.763933 0.000429
1.615604 -0.065893 0.000975
1.617226 -0.189839 0.001059
1.617522 0.111795 0.000840
1.620059 0.059069 0.000873
1.622132 0.168801 0.000789
1.626746 -1.464543 0.001190
1.627604 0.010561 0.000890
1.631163 0.230051 0.000729
1.631242 0.410888 0.000609
1.632878 -0.354661 0.001116
1.634389 -0.232279 0.001037
1.637685 -0.108220 0.000948
1.637967 1.302247 0.000221
1.638386 -0.573208 0.001203
1.639721 -0.311834 0.001070
1.640284 -0.797463 0.001258
1.640871 -0.404901 0.001118
1.641254 -0.032105 0.000888
1.641972 0.653696 0.000456
1.644781 -0.160614 0.000963
1.648270 1.645721 0.000156
1.651919 2.068009 0.000118
1.655496 0.287668 0.000648
1.656392 -0.459874 0.001096
1.657593 -0.270967 0.000995
1.657857 -0.071210 0.000874
1.660251 0.085990 0.000768
1.660486 0.344646 0.000605
1.661866 -1.084046 0.001184
1.661902 -0.197486 0.000941
1.662166 0.039840 0.000794
1.662686 -0.709502 0.001162
1.663395 0.135920 0.000730
1.663858 -0.134280 0.000899
1.666338 0.554799 0.000480
1.667385 -2.777384 0.000418
1.669506 -0.002436 0.000804
1.670559 1.139231 0.000246
1.673353 0.190714 0.000678
1.675496 -1.209211 0.001116
1.677965 -0.232659 0.000920
1.678566 -0.103168 0.000845
1.680534 -2.455306 0.000538
1.681199 -0.361436 0.000978
1.681545 -0.040862 0.000802
1.682235 -0.969666 0.001124
1.682285 -0.516349 0.001041
1.683224 -0.634576 0.001077
1.683327 -0.313278 0.000948
1.684361 -0.166910 0.000868
1.686558 0.982058 0.000283
1.689325 0.468147 0.000497
1.694135 0.247184 0.000610
1.696760 -0.073952 0.000788
1.697673 -0.415384 0.000957
1.698483 0.063255 0.000707
1.699549 0.023021 0.000728
1.699760 -0.268795 0.000884
1.700095 -0.134724 0.000814
1.701455 0.106426 0.000677
1.704514 -0.199295 0.000838
1.705256 -1.632091 0.000883
1.705885 -0.014785 0.000736
1.707280 0.847243 0.000315
1.708071 -0.574332 0.000986
1.708484 0.153321 0.000639
1.710174 0.390165 0.000510
1.712561 -2.198919 0.000607
1.712791 -0.104756 0.000770
1.714211 -0.233552 0.000832
1.718055 -0.048690 0.000730
1.718135 -0.467364 0.000922
1.718741 -0.164271 0.000788
1.719571 -0.863783 0.001006
1.720377 2.598926 0.000088
1.722182 0.312803 0.000533
1.724166 -0.298141 0.000839
1.724864 0.727700 0.000345
1.724945 0.203576 0.000585
1.725204 -0.336545 0.000853
1.729400 -0.377876 0.000860
1.729778 -3.561275 0.000167
1.730358 -0.077746 0.000721
1.731786 0.007997 0.000675
1.732354 0.043248 0.000656
1.733063 -0.133264 0.000742
1.734413 -0.761483 0.000953
1.736131 0.080505 0.000630
1.737499 -0.025970 0.000681
1.738418 -0.191147 0.000759
1.739912 0.621068 0.000373
1.741388 -0.222761 0.000766
1.741560 -0.106648 0.000713
1.741731 -0.261049 0.000782
1.742508 0.120850 0.000599
1.746177 -0.672465 0.000906
1.749314 -0.159662 0.000722
1.749749 1.447775 0.000152
1.750694 0.255941 0.000522
1.752268 -0.055263 0.000668
1.752434 0.163734 0.000563
1.752882 -1.339674 0.000863
1.753883 0.526615 0.000398
1.753977 -0.527232 0.000850
1.757852 -0.419952 0.000807
1.757914 -0.297356 0.000762
1.758160 -0.084127 0.000670
1.759002 -0.005599 0.000633
1.761560 -0.134291 0.000686
1.761615 -0.600631 0.000851
1.761740 0.025324 0.000614
1.764184 -0.333261 0.000762
1.765131 -0.111071 0.000669
1.765828 -0.031215 0.000633
1.766265 0.442277 0.000420
1.766953 -0.207919 0.000707
1.767010 0.057246 0.000590
1.768034 -0.179979 0.000693
1.768198 1.838166 0.000107
1.769904 -0.471429 0.000796
1.770296 -0.239817 0.000713
1.771026 -0.371002 0.000761
1.772081 -1.090742 0.000857
1.773384 0.093315 0.000564
1.774708 0.208261 0.000511
1.775051 0.365656 0.000442
1.776021 -0.981213 0.000854
1.777495 -0.067407 0.000628
1.777958 -1.989155 0.000588
1.779107 -0.157847 0.000663
1.780325 -0.271338 0.000706
1.782699 0.004127 0.000589
1.782735 -0.092003 0.000629
1.783585 0.130723 0.000532
1.784103 -0.046634 0.000608
1.785384 -1.804174 0.000643
1.785480 -0.133429 0.000642
1.786728 -0.113471 0.000631
1.788215 0.301827 0.000454
1.788285 -0.019713 0.000590
1.790177 -0.191777 0.000656
1.793578 -0.220030 0.000661
1.794080 0.168184 0.000502
1.794141 0.033845 0.000558
1.794461 -0.306894 0.000690
1.799199 -0.075193 0.000594
1.799304 0.068768 0.000536
1.800277 -1.484430 0.000716
1.800601 -0.173058 0.000630
1.801127 1.071533 0.000198
1.802401 -0.149870 0.000618
1.802785 -0.247797 0.000654
1.803593 -0.056984 0.000580
1.804028 -0.093279 0.000594
1.805216 -0.110529 0.000598
1.805375 0.006410 0.000552
1.805537 -1.196883 0.000765
1.806569 -0.395281 0.000695
1.806605 -0.128543 0.000603
1.806883 -0.035963 0.000567
1.807065 0.245728 0.000454
1.808747 -0.345215 0.000675
1.810904 0.105484 0.000504
1.811578 -0.442674 0.000698
1.811669 -0.013201 0.000550
1.812014 -0.201126 0.000620
1.812729 -0.897943 0.000766
1.813578 0.926418 0.000225
1.814354 1.257467 0.000159
1.814865 -0.500930 0.000706
1.814887 -4.118572 0.000077
1.814908 -0.277786 0.000641
1.815283 -0.802506 0.000755
1.815858 -0.561860 0.000718
1.816800 -0.713891 0.000742
1.820004 0.798078 0.000254
1.820168 -0.071525 0.000559
1.820749 -0.635075 0.000722
1.820964 -0.089657 0.000565
1.821179 -0.162224 0.000591
1.821970 -0.225062 0.000611
1.822074 0.047317 0.000512
1.822312 -0.107181 0.000569
1.822875 -0.141961 0.000581
1.823488 0.018444 0.000521
1.823502 -0.183384 0.000594
1.824125 -0.051058 0.000546
1.824128 0.683736 0.000284
1.824254 0.195219 0.000452
1.824601 -0.123888 0.000571
1.824970 3.249569 0.000071
1.826978 0.145044 0.000468
1.828079 0.582597 0.000312
1.828561 -0.030035 0.000531
1.829551 2.311188 0.000077
1.830859 -0.309606 0.000623
1.831344 0.079032 0.000487
1.831920 0.492892 0.000338
1.833175 -0.007296 0.000516
1.833320 -0.251554 0.000600
1.834355 0.413316 0.000362
1.837486 -0.202563 0.000577
1.837773 -0.081537 0.000536
1.838103 0.344153 0.000383
1.838223 -0.098415 0.000541
1.838860 -0.152301 0.000559
1.839176 -0.064089 0.000528
1.839455 -0.115125 0.000545
1.840979 -0.172495 0.000562
1.841391 -0.133081 0.000548
1.841823 -0.371434 0.000621
1.843293 -0.045364 0.000515
1.845906 0.282849 0.000396
1.846499 0.032423 0.000483
1.846522 0.010142 0.000491
1.848064 -0.279527 0.000584
1.848240 -0.227006 0.000568
1.848447 0.109531 0.000454
1.848935 -0.025585 0.000500
1.850574 0.057550 0.000469
1.851321 4.048176 0.000070
1.852083 -0.186717 0.000549
1.852960 -0.091274 0.000517
1.853309 -0.337564 0.000591
1.853412 -0.106763 0.000521
1.853665 -0.075537 0.000510
1.853983 -0.415390 0.000610
1.854019 -0.122290 0.000525
1.854311 -0.144016 0.000532
1.855786 -0.160880 0.000535
1.856358 -0.059023 0.000501
1.856622 0.227509 0.000403
1.858078 -3.240492 0.000169
1.858339 -0.006633 0.000481
1.860113 -0.466332 0.000611
1.861445 -0.041518 0.000488
1.861865 -0.131854 0.000517
1.862255 -0.205932 0.000539
1.862423 -0.252456 0.000552
1.864347 1.618312 0.000103
1.864416 0.140223 0.000424
1.865484 0.176639 0.000411
1.865809 0.078633 0.000443
1.865829 -0.174909 0.000524
1.866198 -0.100133 0.000501
1.866776 -0.085643 0.000495
1.867006 -0.115056 0.000504
1.868412 -0.071033 0.000488
1.868706 -0.306655 0.000557
1.869239 0.017018 0.000459
1.869300 -0.524653 0.000607
1.869478 -0.023706 0.000472
1.869564 -0.144227 0.000509
1.870911 -1.036416 0.000643
1.871062 0.042504 0.000448
1.872315 -0.156931 0.000509
1.872385 -0.055483 0.000478
1.873174 -0.127788 0.000499
1.873549 -0.228551 0.000528
1.875000 5.000000 0.000066
1.875000 -5.000000 0.000026
1.876103 -0.189622 0.000513
1.878025 -0.094165 0.000482
1.878207 -0.106965 0.000486
1.878693 -0.589804 0.000602
1.879015 -0.039298 0.000464
1.879304 -0.381227 0.000559
1.879454 -0.004570 0.000453
1.880035 -0.081042 0.000476
1.880199 -0.277339 0.000532
1.881075 -0.119189 0.000486
1.881263 -0.138330 0.000491
1.881657 0.101932 0.000416
1.882175 -0.067734 0.000469
1.883274 -0.169369 0.000497
1.886063 -0.346328 0.000540
1.886236 -0.206887 0.000503
1.887836 -0.052979 0.000457
1.888217 -0.152013 0.000485
1.888561 -0.101277 0.000470
1.888663 -0.663889 0.000594
1.888769 0.063616 0.000420
1.888954 -0.022929 0.000446
1.889014 -0.127652 0.000477
1.889105 -0.089806 0.000466
1.890094 -0.113035 0.000471
1.891591 -0.251933 0.000508
1.891704 0.015095 0.000431
1.892143 0.128758 0.000396
1.893068 0.036285 0.000423
1.893326 -0.183486 0.000487
1.893614 -0.077394 0.000456
1.893820 0.317277 0.000338
1.894659 -0.064615 0.000451
1.895965 -0.746356 0.000590
1.895967 0.258987 0.000353
1.896071 -0.039278 0.000442
1.896285 -0.138551 0.000470
1.896676 -0.225555 0.000493
1.897156 0.382427 0.000316
1.897671 -0.121053 0.000464
1.898174 -0.107360 0.000459
1.898640 -0.097285 0.000456
1.899114 -0.316663 0.000513
1.899247 -0.087369 0.000452
1.899779 -0.430624 0.000537
1.899899 -0.938834 0.000592
1.899901 0.206205 0.000365
1.900380 -0.165164 0.000472
1.900455 -0.006029 0.000427
1.901827 0.455710 0.000292
1.904057 -0.288803 0.000499
1.904371 -0.198747 0.000476
1.904384 -0.054000 0.000436
1.904884 -0.130039 0.000457
1.905475 -0.114432 0.000452
1.905507 -0.149685 0.000461
1.906071 -0.068742 0.000438
1.906192 -0.840161 0.000578
1.906875 0.539647 0.000266
1.907176 0.089616 0.000392
1.907317 0.160628 0.000371
1.907417 -0.080824 0.000440
1.907995 -0.103139 0.000445
1.908175 -0.025281 0.000423
1.908876 -1.301027 0.000551
1.908912 -0.092514 0.000441
1.911842 -0.041456 0.000424
1.911952 -0.483392 0.000528
1.912250 -0.179348 0.000460
1.912679 0.633833 0.000239
1.913261 -0.139165 0.000448
1.913274 -0.122615 0.000444
1.913750 0.012963 0.000406
1.913878 0.037239 0.000399
1.914638 -0.392186 0.000506
1.916028 -0.215395 0.000464
1.916428 0.061388 0.000390
1.916498 -0.239234 0.000469
1.916713 -0.110405 0.000436
1.917136 -0.264351 0.000475
1.917880 -0.074223 0.000425
1.917969 -0.060065 0.000421
1.918040 -0.160875 0.000448
1.919085 -0.098366 0.000430
1.919249 -0.086319 0.000427
1.919304 -0.355074 0.000492
1.919499 0.741185 0.000211
1.920174 -0.010227 0.000405
1.921366 2.045960 0.000071
1.922279 1.138231 0.000140
1.922422 -1.150853 0.000545
1.922772 -0.131082 0.000434
1.923433 0.119051 0.000366
1.924158 -0.046490 0.000410
1.924329 -0.147153 0.000436
1.926196 -0.119072 0.000427
1.927038 -0.029532 0.000402
1.927207 -1.632485 0.000466
1.927268 -0.194339 0.000444
1.928127 0.863416 0.000182
1.928263 -0.543154 0.000513
1.928999 -0.107320 0.000420
1.929312 -0.072167 0.000411
1.930293 -0.175069 0.000436
1.930793 -0.084129 0.000412
1.930881 -0.095626 0.000415
1.931834 -0.322501 0.000467
1.933790 -0.292569 0.000458
1.933830 -0.058215 0.000402
1.934846 0.996347 0.000157
1.934985 0.003275 0.000385
1.935147 -0.137163 0.000420
1.935267 0.027175 0.000378
1.935828 1.417298 0.000105
1.937364 -0.215449 0.000436
1.937433 -0.123054 0.000414
1.937520 -0.237593 0.000441
1.937915 -0.156901 0.000422
1.940217 0.233179 0.000320
1.940396 -0.016836 0.000384
1.940618 -0.041269 0.000390
1.940651 -0.110359 0.000407
1.940711 0.052968 0.000366
1.941587 -1.450240 0.000479
1.941803 0.084860 0.000357
1.941989 0.187055 0.000330
1.942876 -0.071174 0.000395
1.942880 -0.097616 0.000402
1.943307 0.287380 0.000303
1.943414 -0.084521 0.000398
1.945261 -2.300964 0.000299
1.946051 -0.263210 0.000436
1.946569 -0.609932 0.000494
1.946775 -2.600681 0.000237
1.947103 -0.175159 0.000415
1.947348 -0.440961 0.000469
1.949751 -0.194612 0.000416
1.949853 -0.126853 0.000401
1.949983 -0.143053 0.000404
1.950346 -0.055069 0.000383
1.950394 0.150347 0.000332
1.950718 0.345180 0.000283
1.952464 -0.398848 0.000454
1.953597 -0.360324 0.000446
1.953712 -0.112814 0.000393
1.953968 -0.031599 0.000373
1.954308 0.008696 0.000363
1.956347 -0.098812 0.000387
1.957210 -0.084479 0.000382
1.957268 -0.069664 0.000379
1.958402 -0.159973 0.000398
1.958427 0.117249 0.000332
1.958853 -2.937765 0.000173
1.959028 -0.011382 0.000363
1.959303 -0.216508 0.000410
1.960559 0.033886 0.000351
1.961468 -0.238280 0.000412
1.963506 -0.129836 0.000386
1.963824 -0.684449 0.000477
1.964146 2.892163 0.000056
1.964357 -0.046803 0.000366
1.964458 -0.291881 0.000419
1.964838 0.415030 0.000256
1.966522 -0.494392 0.000451
1.967266 -0.323575 0.000421
1.967841 -0.179742 0.000392
1.968265 0.061677 0.000337
1.968523 -0.114939 0.000377
1.969878 -0.145127 0.000382
1.969950 -2.052953 0.000329
1.971084 -0.063623 0.000363
1.971494 -0.098819 0.000370
1.972683 -0.081778 0.000365
1.976140 -0.202492 0.000387
1.976469 0.013239 0.000340
1.976575 0.493631 0.000231
1.977126 -0.028998 0.000349
1.977590 -0.261240 0.000397
1.978082 -0.006797 0.000343
1.978144 -1.833598 0.000365
1.978691 0.091293 0.000320
1.979092 -1.049995 0.000464
1.980863 -0.161617 0.000373
1.981443 -0.768939 0.000458
1.981744 0.203522 0.000292
1.981800 -0.129665 0.000366
1.984941 0.255808 0.000277
1.985659 -0.049430 0.000345
1.986398 -0.229861 0.000381
1.987113 -0.110774 0.000356
1.987869 0.161107 0.000296
1.988728 0.037216 0.000323
1.989610 -0.070643 0.000345
1.989795 -0.091186 0.000349
1.990253 -0.359848 0.000400
1.991296 -0.950855 0.000449
1.991549 -0.182625 0.000366
1.991707 -0.555154 0.000426
1.992083 -0.399781 0.000404
1.992307 0.125914 0.000300
1.992536 0.580272 0.000204
1.993796 -0.144739 0.000356
1.996404 -0.289290 0.000381
1.996505 -0.860187 0.000441
1.997221 -0.444916 0.000405
1.998321 -0.012155 0.000325
2.000346 0.066935 0.000306
2.000605 0.011133 0.000318
2.002008 1.797083 0.000068
2.002449 -0.206230 0.000359
2.002856 0.303669 0.000254
2.002986 -0.124533 0.000343
2.003181 -0.034565 0.000325
2.005412 -0.320135 0.000376
2.005793 -0.163210 0.000348
2.007172 0.677775 0.000179
2.007667 -0.057551 0.000325
2.007705 -0.103134 0.000334
2.008241 -0.256997 0.000362
2.008942 0.366974 0.000237
2.009217 -0.080692 0.000328
2.009909 1.254891 0.000102
2.015469 -0.230693 0.000350
2.016324 0.098927 0.000286
2.016512 0.040318 0.000298
2.018234 -0.141242 0.000331
2.018702 -0.185359 0.000339
2.020847 -0.621594 0.000397
2.022039 0.233363 0.000255
2.022773 -0.499657 0.000382
2.023234 -3.747193 0.000069
2.023407 -0.014011 0.000302
2.024054 0.013529 0.000296
2.024411 0.794325 0.000153
2.026649 -0.117728 0.000319
2.027395 0.184061 0.000260
2.027987 -0.356357 0.000357
2.028508 -0.041982 0.000303
2.029952 -0.093187 0.000311
2.030104 -0.281879 0.000344
2.030232 -0.067648 0.000306
2.031979 -0.161713 0.000322
2.033611 -0.210936 0.000329
2.033816 0.137627 0.000265
2.033959 -0.397630 0.000356
2.035250 0.068093 0.000277
2.035333 0.443698 0.000206
2.042975 -1.202947 0.000376
2.044069 -0.694969 0.000375
2.044832 -0.245490 0.000323
2.045149 -0.315246 0.000333
2.045216 -0.135894 0.000305
2.047864 -0.185690 0.000311
2.048195 0.037059 0.000272
2.049816 -0.445810 0.000346
2.050576 -0.025368 0.000282
2.051068 0.004515 0.000276
2.052671 -0.108091 0.000294
2.052902 0.927215 0.000125
2.053455 0.273543 0.000226
2.053569 -0.080630 0.000289
2.055233 0.098672 0.000256
2.056027 -0.056016 0.000282
2.056658 2.563183 0.000048
2.059153 -0.158140 0.000296
2.060099 -0.560671 0.000347
2.062420 0.524483 0.000178
2.062641 -1.355538 0.000343
2.062905 0.327223 0.000211
2.063865 1.087067 0.000105
2.064899 -0.214084 0.000300
2.065860 0.388817 0.000199
2.066432 -0.778162 0.000355
2.067172 -0.277799 0.000307
2.067786 -0.354222 0.000317
2.068223 0.219378 0.000226
2.071867 -0.126343 0.000281
2.071943 0.168238 0.000232
2.073298 1.573259 0.000068
2.073751 0.065225 0.000248
2.075140 -1.074839 0.000346
2.076039 3.611919 0.000047
2.076649 -0.091118 0.000271
2.077163 -0.038596 0.000263
2.078697 -0.182386 0.000283
2.079599 -0.501168 0.000322
2.079716 0.026463 0.000250
2.079849 -0.008104 0.000256
2.081958 0.123753 0.000233
2.082361 -0.398850 0.000308
2.084721 -0.242862 0.000287
2.085366 -0.149435 0.000273
2.085922 -0.863873 0.000336
2.087775 -0.962061 0.000335
2.089226 -0.313716 0.000292
2.090186 0.609800 0.000153
2.090528 -0.066340 0.000257
2.094622 -0.111073 0.000260
2.101249 -0.207624 0.000268
2.104802 0.090866 0.000223
2.104881 -0.630937 0.000308
2.105448 0.715602 0.000134
2.107125 -1.514354 0.000286
2.107193 -0.449221 0.000291
2.107239 -0.031415 0.000240
2.109721 -0.274512 0.000270
2.110722 0.262625 0.000194
2.110807 0.463183 0.000165
2.111067 0.047641 0.000225
2.111445 -0.170997 0.000256
2.111825 0.006797 0.000231
2.111858 -0.134512 0.000251
2.113855 -0.355150 0.000276
2.113937 0.201918 0.000201
2.115548 -0.090134 0.000242
2.117288 0.147886 0.000207
2.118622 0.324542 0.000181
2.120794 2.263493 0.000044
2.123487 0.391665 0.000169
2.125319 -0.561716 0.000285
2.126819 -0.235382 0.000252
2.127371 -0.714351 0.000292
2.130365 -0.058160 0.000227
2.130502 1.382061 0.000069
2.136487 -0.311212 0.000253
2.137442 -1.700897 0.000243
2.137632 -0.507285 0.000270
2.137814 -0.401459 0.000261
2.138384 0.839981 0.000109
2.138662 -0.115959 0.000229
2.139880 -0.194788 0.000238
2.142008 0.113814 0.000197
2.142381 -0.018544 0.000214
2.143925 4.504562 0.000044
2.145677 -0.153445 0.000229
2.147905 0.023950 0.000205
2.148247 0.068810 0.000200
2.155842 -0.267558 0.000234
2.156426 -3.374958 0.000071
2.156720 0.173885 0.000181
2.157893 -0.086352 0.000213
2.163924 -0.795628 0.000264
2.164567 1.001290 0.000088
2.165264 0.228339 0.000170
2.165652 -0.353432 0.000236
2.167295 0.535530 0.000133
2.167449 -0.453602 0.000243
2.168885 1.981836 0.000044
2.170688 -0.222813 0.000220
2.171600 -0.047216 0.000200
2.171772 -4.536812 0.000022
2.173858 0.289820 0.000159
2.175835 1.199318 0.000072
2.176717 -1.922107 0.000195
2.178441 -1.142637 0.000251
2.179623 -1.284966 0.000244
2.180083 -0.175972 0.000209
2.181015 -0.127219 0.000203
2.182958 0.136072 0.000172
2.183552 -0.004179 0.000188
2.185617 0.359568 0.000145
2.186375 -0.899154 0.000247
2.186992 0.441737 0.000136
2.187500 -0.587066 0.000237
2.187656 -0.305460 0.000216
2.188305 0.640394 0.000114
2.188537 -0.668234 0.000240
2.190206 0.042321 0.000179
2.191933 0.090363 0.000173
2.192274 -2.167048 0.000162
2.193645 -1.014433 0.000242
2.196713 -0.401096 0.000218
2.199804 -0.081469 0.000187
2.200726 -0.514943 0.000223
2.204901 -0.257015 0.000201
2.205946 0.753002 0.000099
2.207642 -2.436996 0.000131
2.213424 0.182984 0.000153
2.216527 -0.207718 0.000190
2.217893 -0.037263 0.000173
2.222647 -0.349012 0.000198
2.223739 -0.158690 0.000182
2.224404 1.731087 0.000044
2.225586 0.247309 0.000141
2.226995 -0.115870 0.000176
2.230666 0.012229 0.000162
2.231051 -0.455507 0.000200
2.232381 -0.737448 0.000212
2.232748 0.905637 0.000081
2.238518 -2.741601 0.000096
2.238877 0.066784 0.000153
2.239308 0.127269 0.000147
2.243003 -0.296478 0.000182
2.243425 0.315019 0.000128
2.247992 -1.408923 0.000192
2.251512 -0.076065 0.000160
2.254501 3.192776 0.000033
2.256922 0.393836 0.000116
2.257528 -0.242855 0.000170
2.260427 -0.398937 0.000179
2.260723 0.483174 0.000107
2.261673 -0.635150 0.000190
2.262090 -0.549101 0.000187
2.262697 1.087512 0.000064
2.265996 -0.187860 0.000162
2.267832 0.577369 0.000097
2.268376 0.198409 0.000129
2.268882 -0.828748 0.000191
2.269762 -0.025851 0.000147
2.272234 -3.084172 0.000067
2.277409 -0.129044 0.000152
2.282763 -0.479678 0.000172
2.283354 0.029911 0.000137
2.284908 -0.342732 0.000163
2.285217 1.510860 0.000044
2.293837 0.090141 0.000128
2.295308 0.148040 0.000123
2.295856 -1.213625 0.000173
2.295935 0.813587 0.000074
2.296058 0.261941 0.000114
2.297430 0.687983 0.000081
2.297513 -0.941026 0.000175
2.299094 -1.574713 0.000156
2.302810 -0.285871 0.000151
2.304563 1.315918 0.000048
2.305577 -0.072727 0.000136
2.305995 -1.077194 0.000170
2.307423 -0.705054 0.000167
2.314229 -0.422431 0.000153
2.314418 -0.229181 0.000142
2.318287 -0.174054 0.000137
2.319779 0.336410 0.000101
2.327472 -0.012892 0.000123
2.329208 -4.089959 0.000023
2.332292 -0.596299 0.000152
2.333658 2.815930 0.000028
2.336659 0.976557 0.000058
2.339091 0.199765 0.000104
2.339156 0.421446 0.000089
2.339284 -0.363380 0.000139
2.341823 -0.515898 0.000144
2.342102 -0.120926 0.000124
2.342240 0.051614 0.000113
2.346261 -1.776552 0.000125
2.351180 -0.783896 0.000147
2.355004 0.514011 0.000080
2.357751 -0.303037 0.000128
2.361179 4.034260 0.000030
2.362109 0.126441 0.000102
2.368900 -0.062210 0.000111
2.369913 -0.242224 0.000121
2.370157 -0.456100 0.000130
2.371383 0.616616 0.000070
2.373443 0.270379 0.000090
2.373982 -1.320049 0.000133
2.375658 -0.181553 0.000115
2.377512 2.482970 0.000026
2.377772 -0.658965 0.000133
2.377885 2.158428 0.000027
2.382813 1.164654 0.000044
2.393162 -0.877525 0.000130
2.394018 0.002340 0.000100
2.398543 -2.008456 0.000096
2.398711 -0.390082 0.000116
2.401563 0.870912 0.000053
2.402944 1.892533 0.000027
2.404953 0.069182 0.000093
2.405413 0.352465 0.000077
2.407714 0.749018 0.000057
2.411590 -0.117745 0.000100
2.412864 -0.554579 0.000117
2.413668 0.195529 0.000084
2.413819 -1.010707 0.000121
2.419601 -0.320248 0.000106
2.429924 -0.736447 0.000114
2.432751 -0.250048 0.000100
2.435699 0.444281 0.000066
2.438048 -3.616028 0.000027
2.438759 -1.165501 0.000111
2.439668 -0.051719 0.000089
2.440163 -0.181366 0.000094
2.443577 -1.456718 0.000103
2.445890 -0.467232 0.000103
2.446418 -2.267083 0.000072
2.448880 0.122981 0.000079
2.449591 1.679617 0.000027
2.458625 0.275410 0.000070
2.460940 0.544559 0.000057
2.462191 1.028913 0.000040
2.470532 -0.635388 0.000099
2.471108 0.655257 0.000051
2.471160 0.033778 0.000077
2.477542 1.484599 0.000028
2.480100 -0.380505 0.000090
2.481858 1.322824 0.000030
2.489769 -0.820236 0.000095
2.496007 -0.122178 0.000077
2.500000 -5.000000 0.000006
2.500000 5.000000 0.000024
2.500178 -2.554372 0.000052
2.500650 0.193378 0.000064
2.500850 -0.296578 0.000082
2.502191 0.366798 0.000057
2.504581 -1.632605 0.000081
2.507747 -0.539151 0.000086
2.508030 -0.039642 0.000072
2.509407 -0.211420 0.000077
2.515954 -0.932349 0.000088
2.518980 0.891038 0.000038
2.531870 0.105602 0.000062
2.537106 3.597594 0.000021
2.541930 -0.445828 0.000075
2.542839 0.754845 0.000039
2.543183 -1.076613 0.000080
2.543460 -1.294219 0.000078
2.545277 -0.724740 0.000079
2.546683 0.473450 0.000047
2.554041 0.276688 0.000052
2.557616 -2.877136 0.000035
2.562105 0.020807 0.000059
2.567399 1.162612 0.000027
2.572180 -1.840575 0.000061
2.573328 -0.355359 0.000066
2.574682 0.598184 0.000040
2.577386 -0.618982 0.000070
2.579714 -0.075862 0.000058
2.583706 -0.166191 0.000060
2.586637 -0.261222 0.000062
2.595373 0.184105 0.000048
2.602210 -3.246341 0.000023
2.608096 0.370417 0.000042
2.610729 -0.516245 0.000061
2.618921 1.984820 0.000016
2.622716 2.277906 0.000015
2.625723 -0.834728 0.000061
2.628551 0.089580 0.000046
2.633334 1.009175 0.000025
2.634142 -1.464778 0.000056
2.636256 -0.978479 0.000060
2.637636 -1.170543 0.000059
2.643812 3.212639 0.000016
2.647720 -2.081129 0.000043
2.651974 -0.425511 0.000053
2.652639 -0.011229 0.000045
2.652886 1.741912 0.000016
2.655351 2.861276 0.000015
2.656258 1.522295 0.000017
2.657161 0.471700 0.000034
2.661657 0.273581 0.000038
2.662221 -0.704919 0.000054
2.665304 0.851406 0.000026
2.669124 -0.114269 0.000045
2.672352 1.319007 0.000019
2.673407 -0.321305 0.000048
2.676325 0.705163 0.000027
2.677041 -0.217496 0.000045
2.687880 -0.584455 0.000049
2.691367 0.575881 0.000028
2.696823 2.545285 0.000013
2.701453 0.171145 0.000035
2.713673 4.482657 0.000016
2.720483 -1.659953 0.000041
2.729988 -2.354587 0.000029
2.731000 0.062791 0.000034
2.733558 0.374263 0.000028
2.735298 -1.071533 0.000043
2.738074 -0.495226 0.000040
2.739423 -1.301202 0.000041
2.746920 -3.935658 0.000009
2.753922 -0.046746 0.000033
2.760808 -4.472255 0.000005
2.762577 -0.914811 0.000039
2.763780 1.149958 0.000016
2.765934 -0.781151 0.000039
2.769258 -0.389716 0.000036
2.770562 -0.160564 0.000033
2.781163 0.267082 0.000026
2.782479 -0.645602 0.000036
2.783140 -0.278141 0.000033
2.793097 0.488615 0.000022
2.798694 0.960633 0.000016
2.812622 0.789523 0.000017
2.814356 0.634956 0.000019
2.814694 0.147283 0.000025
2.814729 -1.880858 0.000028
2.820627 -2.665528 0.000018
2.837114 -0.546468 0.000030
2.842460 1.412194 0.000011
2.842765 -1.476860 0.000029
2.845777 -1.167587 0.000030
2.846009 0.033939 0.000024
2.849086 2.148602 0.000009
2.855646 -3.531920 0.000009
2.865916 -0.083837 0.000023
2.868059 3.981726 0.000012
2.872160 -0.439290 0.000026
2.877666 1.625868 0.000009
2.882117 0.378241 0.000018
2.883307 1.884878 0.000009
2.886511 -0.204740 0.000023
2.892212 -0.709972 0.000025
2.895134 -1.003168 0.000025
2.896766 -3.022412 0.000012
2.900656 0.237856 0.000018
2.905260 -0.329705 0.000022
2.911788 -0.847407 0.000024
2.919456 -2.134143 0.000018
2.927095 1.256383 0.000010
2.930948 0.533826 0.000014
2.949176 0.125347 0.000016
2.950325 -0.601013 0.000020
2.953037 -1.303311 0.000020
2.954018 -1.673816 0.000019
2.954139 1.064783 0.000010
2.958319 0.700313 0.000012
2.964758 0.876819 0.000010
2.972946 0.004818 0.000016
2.985049 -0.476878 0.000018
2.987306 2.375510 0.000007
2.992812 -0.113404 0.000016
3.008406 0.287555 0.000012
3.014906 3.078928 0.000007
3.016130 2.698853 0.000007
3.021495 -0.240352 0.000015
3.026133 3.522142 0.000008
3.029597 -1.112386 0.000016
3.037641 -2.428107 0.000011
3.042112 -0.374922 0.000014
3.044123 0.431575 0.000010
3.055385 -0.739922 0.000015
3.062824 -0.922424 0.000014
3.072178 -1.468286 0.000013
3.074673 0.159851 0.000011
3.074732 -1.899089 0.000012
3.082507 1.450724 0.000006
3.092834 0.594535 0.000008
3.094954 0.025931 0.000011
3.099332 -0.567306 0.000012
3.100139 1.737911 0.000005
3.125000 -5.000000 0.000001
3.125000 5.000000 0.000008
3.126024 0.776510 0.000007
3.126445 -3.256046 0.000005
3.128601 -4.071830 0.000003
3.130766 1.199634 0.000006
3.131534 -0.122428 0.000010
3.138524 0.977229 0.000006
3.145090 2.072947 0.000005
3.158205 0.306821 0.000008
3.162577 -1.254150 0.000010
3.165804 -2.782912 0.000006
3.172482 -0.276565 0.000009
3.173531 -0.444796 0.000009
3.204428 -1.662862 0.000008
3.208417 -2.157553 0.000007
3.218200 -1.038379 0.000008
3.220317 -0.664968 0.000008
3.220361 0.470132 0.000006
3.234658 0.156947 0.000006
3.235770 -0.836993 0.000008
3.239806 -0.001920 0.000007
3.240601 -3.643623 0.000003
3.264081 4.410403 0.000006
3.278897 0.650185 0.000004
3.305965 -1.422174 0.000006
3.310843 -0.534578 0.000006
3.311791 -0.164351 0.000005
3.317441 0.853697 0.000004
3.321519 1.581278 0.000003
3.322725 2.430144 0.000003
3.326027 1.329902 0.000003
3.327497 -0.350627 0.000005
3.332562 0.322473 0.000004
3.333666 1.080670 0.000003
3.345083 1.836641 0.000003
3.351209 -1.889391 0.000005
3.353634 2.847250 0.000003
3.360071 -2.450202 0.000004
3.365430 3.900117 0.000004
3.375862 -4.500977 0.000001
3.376107 0.023077 0.000004
3.376497 -1.179046 0.000005
3.395761 3.284020 0.000003
3.417498 0.161316 0.000003
3.417750 -0.937746 0.000004
3.420757 0.498047 0.000003
3.425374 -0.706517 0.000004
3.428817 -3.101687 0.000002
3.464069 -1.620032 0.000003
3.475552 2.097142 0.000002
3.482354 -0.072144 0.000003
3.485284 -0.474775 0.000003
3.488894 0.700910 0.000002
3.496727 -0.266403 0.000003
3.517195 -2.148630 0.000002
3.530949 -2.755848 0.000002
3.531869 0.933085 0.000002
3.539242 0.317480 0.000002
3.546369 -1.353377 0.000003
3.550414 1.196206 0.000002
3.565045 1.487330 0.000002
3.597657 -1.090881 0.000002
3.604775 0.096493 0.000002
3.609945 -3.973122 0.000001
3.614858 1.779912 0.000001
3.627703 -3.492492 0.000001
3.635201 -0.835200 0.000002
3.638705 -0.606966 0.000002
3.640422 -1.846707 0.000002
3.646451 0.515173 0.000001
3.665682 3.567014 0.000002
3.670933 2.640678 0.000001
3.671883 -0.134394 0.000002
3.689088 -0.377995 0.000002
3.693215 2.333433 0.000001
3.722599 0.748320 0.000001
3.724981 -2.430678 0.000001
3.736528 -1.555038 0.000001
3.744468 4.495049 0.000002
3.745453 3.030492 0.000001
3.750000 -5.000000 0.000000
3.750000 5.000000 0.000002
3.760184 0.290786 0.000001
3.765763 1.021880 0.000001
3.797298 1.308291 0.000001
3.799793 -1.271355 0.000001
3.826434 -0.640407 0.000001
3.831157 0.043080 0.000001
3.832493 2.009219 0.000001
3.835129 -1.001629 0.000001
3.839846 -2.098391 0.000001
3.841813 -3.105838 0.000000
3.856233 1.620992 0.000001
3.878308 -2.755929 0.000001
3.885856 -0.206290 0.000001
3.888910 4.007207 0.000001
3.899107 -0.789241 0.000001
3.901278 0.523188 0.000001
3.902541 -0.454273 0.000001
3.938736 -4.438691 0.000000
3.949045 -1.781652 0.000001
3.969412 0.831955 0.000000
4.000418 3.315180 0.000001
4.003510 0.227601 0.000000
4.026039 -1.467353 0.000000
4.030632 2.311120 0.000000
4.039824 1.118243 0.000000
4.052097 2.723096 0.000001
4.066400 -3.933681 0.000000
4.070783 -1.160991 0.000000
4.073064 1.427485 0.000000
4.077258 1.826406 0.000000
4.078060 -3.515234 0.000000
4.083949 -2.369526 0.000000
4.090407 -0.032386 0.000000
4.116577 -0.880438 0.000000
4.117443 -0.598236 0.000000
4.130151 -0.309479 0.000000
4.156711 0.653471 0.000000
4.168224 0.410008 0.000000
4.184490 -2.047689 0.000000
4.217827 -2.702402 0.000000
4.235495 3.672445 0.000000
4.268263 -3.088465 0.000000
4.273027 -1.699862 0.000000
4.292232 0.929938 0.000000
4.303235 2.060666 0.000000
4.310655 3.036760 0.000000
4.312877 1.614928 0.000000
4.320230 4.452453 0.000001
4.320778 0.149792 0.000000
4.339357 -1.379409 0.000000
4.348825 1.247855 0.000000
4.371706 -1.061636 0.000000
4.375000 5.000000 0.000001
4.375000 -5.000000 0.000000
4.376305 -0.139157 0.000000
4.388431 -0.746644 0.000000
4.391089 -0.442753 0.000000
4.399794 2.490290 0.000000
4.428680 0.673108 0.000000
4.434441 0.401321 0.000000
4.451612 -4.471368 0.000000
4.497695 -2.387813 0.000000
4.511916 -1.973358 0.000000
4.513630 -3.951278 0.000000
4.541276 3.993279 0.000000
4.566521 -3.424334 0.000000
4.592083 3.379352 0.000000
4.597973 1.807635 0.000000
4.636876 1.017183 0.000000
4.641123 -2.835476 0.000000
4.645527 -1.631432 0.000000
4.649026 0.054929 0.000000
4.649118 2.791257 0.000000
4.653342 1.421728 0.000000
4.667690 -1.264722 0.000000
4.681659 -0.925025 0.000000
4.684014 -0.271950 0.000000
4.687902 -0.597167 0.000000
4.695992 0.351777 0.000000
4.696252 2.215462 0.000000
4.697943 0.678287 0.000000
4.814085 -2.126322 0.000000
5.000000 0.000000 0.000000
5.000000 -0.937500 0.000000
5.000000 2.500000 0.000000
5.000000 -0.625000 0.000000
5.000000 -2.500000 0.000000
5.000000 -3.125000 0.000000
5.000000 -5.000000 0.000000
5.000000 -1.562500 0.000000
5.000000 0.312500 0.000000
5.000000 -1.875000 0.000000
5.000000 0.937500 0.000000
5.000000 1.875000 0.000000
5.000000 -4.375000 0.000000
5.000000 1.562500 0.000000
5.000000 3.750000 0.000000
5.000000 3.125000 0.000000
5.000000 4.375000 0.000000
5.000000 0.625000 0.000000
5.000000 -1.250000 0.000000
5.000000 1.250000 0.000000
5.000000 -3.750000 0.000000
5.000000 -0.312500 0.000000
5.000000 5.000000 0.000000
