-5.000000 0.937500 0.000036
-5.000000 -5.000000 0.000004
-5.000000 3.750000 0.000010
-5.000000 -4.375000 0.000006
-5.000000 4.375000 0.000007
-5.000000 -3.125000 0.000014
-5.000000 5.000000 0.000004
-5.000000 3.125000 0.000015
-5.000000 -3.750000 0.000010
-5.000000 -2.187500 0.000023
-5.000000 -1.562500 0.000029
-5.000000 -1.875000 0.000026
-5.000000 1.250000 0.000033
-5.000000 1.875000 0.000028
-5.000000 -0.937500 0.000035
-5.000000 -0.312500 0.000038
-5.000000 -0.625000 0.000037
-5.000000 -1.250000 0.000032
-5.000000 -2.500000 0.000020
-5.000000 0.312500 0.000038
-5.000000 1.562500 0.000031
-5.000000 0.000000 0.000039
-5.000000 0.625000 0.000038
-5.000000 2.500000 0.000021
-4.736310 -0.912133 0.000068
-4.724640 -0.274466 0.000077
-4.718367 0.015609 0.000080
-4.706027 0.627468 0.000080
-4.696866 0.948690 0.000078
-4.696407 0.307782 0.000084
-4.684480 1.283269 0.000075
-4.683182 -1.213920 0.000072
-4.683061 2.085437 0.000058
-4.681406 -0.575979 0.000083
-4.676896 1.644896 0.000069
-4.676373 2.825983 0.000041
-4.671448 -1.549729 0.000067
-4.669659 -2.816545 0.000037
-4.667567 -1.907254 0.000059
-4.624538 -3.392031 0.000028
-4.606952 -2.336491 0.000056
-4.605061 3.385639 0.000035
-4.504901 3.910951 0.000032
-4.503040 2.468921 0.000076
-4.498327 -0.824907 0.000126
-4.494739 -3.959992 0.000025
-4.465913 -0.042823 0.000149
-4.450576 -0.321187 0.000152
-4.444409 -4.483854 0.000019
-4.429543 0.499016 0.000161
-4.420834 0.204378 0.000167
-4.415858 0.799144 0.000161
-4.408189 -1.081837 0.000148
-4.401446 1.115214 0.000157
-4.380769 1.812162 0.000135
-4.380530 1.457239 0.000152
-4.378815 4.470133 0.000028
-4.375000 -5.000000 0.000014
-4.375000 5.000000 0.000018
-4.371309 -1.370683 0.000148
-4.360955 -2.034731 0.000116
-4.348381 -1.696558 0.000139
-4.346126 -0.593514 0.000190
-4.341007 3.015954 0.000084
-4.304865 -3.069762 0.000073
-4.288557 -2.648023 0.000099
-4.278854 2.171147 0.000150
-4.225203 -0.122650 0.000267
-4.220337 -0.865956 0.000245
-4.213827 -2.292714 0.000145
-4.190999 0.370591 0.000289
-4.185294 -3.545857 0.000067
-4.183198 -0.383087 0.000289
-4.182440 0.104743 0.000298
-4.168584 0.652736 0.000298
-4.163999 2.645917 0.000156
-4.150079 0.950209 0.000297
-4.136548 1.273081 0.000286
-4.122905 -1.166744 0.000286
-4.119927 3.453665 0.000107
-4.111703 -1.512403 0.000263
-4.096416 -1.891006 0.000233
-4.075541 1.599326 0.000301
-4.069811 1.901622 0.000274
-4.066815 -0.642073 0.000368
-4.001594 3.998590 0.000094
-3.999811 -0.194885 0.000454
-3.988198 2.313783 0.000278
-3.980593 -0.907317 0.000429
-3.977500 0.502492 0.000475
-3.969531 -4.011407 0.000072
-3.969128 0.252854 0.000492
-3.968646 0.026445 0.000493
-3.961401 -0.438769 0.000486
-3.953989 0.789870 0.000485
-3.941468 -4.463409 0.000052
-3.934361 1.096474 0.000480
-3.930631 -2.127240 0.000305
-3.929502 -2.475162 0.000251
-3.928079 -1.701983 0.000375
-3.920303 -1.364080 0.000434
-3.909816 -2.823443 0.000209
-3.895064 3.024467 0.000234
-3.885079 -3.198771 0.000168
-3.865378 1.387570 0.000525
-3.848789 -1.128627 0.000552
-3.840218 -0.698346 0.000621
-3.832208 2.009266 0.000458
-3.811361 0.635030 0.000692
-3.795737 -0.291687 0.000728
-3.789227 4.497228 0.000100
-3.789058 0.382202 0.000746
-3.788717 -0.079822 0.000750
-3.782601 -0.515003 0.000732
-3.779997 0.919431 0.000715
-3.763370 1.688912 0.000607
-3.753773 0.148949 0.000817
-3.753361 2.617800 0.000411
-3.750000 -5.000000 0.000045
-3.750000 5.000000 0.000070
-3.748749 -0.914146 0.000736
-3.748122 -1.549855 0.000606
-3.735351 -1.885105 0.000539
-3.727614 -3.579956 0.000171
-3.715945 3.606898 0.000237
-3.696315 1.175443 0.000827
-3.661676 -1.326407 0.000802
-3.654678 -2.459421 0.000470
-3.637251 -2.178967 0.000579
-3.634806 0.754627 0.001036
-3.633815 0.522422 0.001066
-3.629987 -0.733827 0.001009
-3.625147 2.268920 0.000663
-3.616876 -0.378982 0.001098
-3.614290 -1.104502 0.000959
-3.613896 -0.194035 0.001124
-3.610838 -0.562268 0.001087
-3.608105 -0.011337 0.001150
-3.601255 0.316204 0.001168
-3.598971 1.427089 0.000978
-3.566892 3.250007 0.000428
-3.557045 -1.683048 0.000890
-3.556876 0.982869 0.001206
-3.548913 -2.780501 0.000475
-3.544631 -3.122202 0.000367
-3.542744 0.153054 0.001349
-3.538843 -0.899467 0.001206
-3.538341 1.938366 0.000947
-3.472227 -3.967532 0.000198
-3.471620 -1.471285 0.001182
-3.467521 0.625144 0.001585
-3.462767 2.867142 0.000700
-3.459542 1.200977 0.001464
-3.457309 1.658065 0.001285
-3.456226 4.023738 0.000304
-3.452904 -0.294019 0.001640
-3.452706 0.430094 0.001671
-3.451110 -0.652304 0.001563
-3.450742 -0.466886 0.001613
-3.443716 -0.125069 0.001702
-3.439023 -1.940676 0.001031
-3.437987 0.032859 0.001740
-3.432884 -1.260047 0.001395
-3.427388 0.823404 0.001709
-3.426712 -4.492048 0.000129
-3.420053 -1.042686 0.001537
-3.407650 0.252529 0.001882
-3.406633 -0.809513 0.001684
-3.372011 2.510802 0.001072
-3.366518 -2.467190 0.000884
-3.360442 -2.199054 0.001065
-3.343310 1.409816 0.001852
-3.336045 1.008938 0.002087
-3.332518 0.116914 0.002276
-3.331262 -3.471968 0.000416
-3.315918 -1.706428 0.001534
-3.309729 2.177364 0.001482
-3.307788 0.530489 0.002400
-3.306849 -0.924888 0.002083
-3.305568 -0.220298 0.002384
-3.305284 -0.547145 0.002276
-3.303086 -0.379220 0.002352
-3.295923 0.700063 0.002432
-3.288709 -0.046577 0.002528
-3.283690 0.367640 0.002579
-3.279125 -0.711322 0.002350
-3.270477 -1.131681 0.002140
-3.268845 -1.505790 0.001870
-3.257797 1.876085 0.001928
-3.245086 3.584934 0.000690
-3.239042 4.479064 0.000321
-3.234910 -1.326747 0.002177
-3.233809 1.191343 0.002590
-3.231240 0.223387 0.002963
-3.220337 0.847697 0.002887
-3.205763 -3.071348 0.000770
-3.193841 1.609667 0.002497
-3.191831 0.080925 0.003275
-3.189584 -0.822247 0.002863
-3.187471 -0.156078 0.003257
-3.178185 -2.745846 0.001076
-3.175642 -0.465741 0.003214
-3.171909 -1.929692 0.001907
-3.163417 -0.623020 0.003213
-3.162904 -0.311649 0.003407
-3.162049 0.627649 0.003455
-3.158715 0.469994 0.003540
-3.157879 -0.997515 0.002947
-3.155885 3.140286 0.001172
-3.133945 -0.042096 0.003783
-3.129786 0.324405 0.003843
-3.128124 0.999243 0.003511
-3.125000 5.000000 0.000241
-3.125000 -5.000000 0.000124
-3.118733 -2.175275 0.001857
-3.112473 1.374388 0.003273
-3.098814 -1.174862 0.003215
-3.098348 0.754197 0.003962
-3.096447 -1.716160 0.002547
-3.087909 -2.438717 0.001657
-3.085915 0.184136 0.004309
-3.084028 -0.202698 0.004244
-3.083304 -0.728225 0.003853
-3.080321 2.744984 0.001794
-3.072271 -1.528770 0.002958
-3.062167 0.060630 0.004570
-3.055680 -0.552634 0.004316
-3.052484 -0.417086 0.004467
-3.044485 -4.179856 0.000339
-3.043195 -1.356643 0.003433
-3.041764 2.395993 0.002390
-3.039712 -0.098634 0.004799
-3.039243 -0.878687 0.004137
-3.034389 0.566230 0.004736
-3.030067 1.171375 0.004171
-3.028952 2.078756 0.002901
-3.024026 0.424655 0.004936
-3.017965 -0.303275 0.004967
-3.011098 0.865650 0.004710
-3.007286 1.795835 0.003455
-3.001268 0.291695 0.005262
-2.992245 -1.036547 0.004431
-2.986408 -0.648017 0.005052
-2.986318 -3.741820 0.000600
-2.983227 0.681192 0.005192
-2.977509 -0.011577 0.005609
-2.967235 -0.199217 0.005697
-2.963201 0.179241 0.005776
-2.961900 1.543143 0.004174
-2.955389 0.087034 0.005900
-2.950297 -0.501769 0.005709
-2.938788 1.004603 0.005230
-2.936945 -0.769851 0.005556
-2.930058 -0.383380 0.006111
-2.928632 -1.200606 0.004894
-2.922603 -0.102907 0.006353
-2.922363 -2.000559 0.003250
-2.918996 -3.312889 0.001065
-2.916671 3.962028 0.000967
-2.916315 -1.762173 0.003815
-2.915136 0.517036 0.006126
-2.909406 0.375930 0.006336
-2.900940 1.327628 0.005017
-2.895057 -0.284735 0.006700
-2.894170 -0.593194 0.006440
-2.893837 -0.915187 0.005935
-2.887774 0.787396 0.006059
-2.883846 -1.549114 0.004647
-2.880117 0.262572 0.006801
-2.872503 -0.011171 0.007063
-2.863826 0.073674 0.007148
-2.863774 -1.371379 0.005342
-2.862464 -2.925615 0.001750
-2.860986 -0.185577 0.007247
-2.859365 0.638789 0.006581
-2.855217 -0.457022 0.007205
-2.855156 0.161283 0.007207
-2.846448 -2.283821 0.003161
-2.843385 3.436189 0.001684
-2.841985 -0.688133 0.007151
-2.838165 1.148957 0.005857
-2.835821 -1.061149 0.006527
-2.829811 -2.589766 0.002549
-2.821831 0.904935 0.006473
-2.821770 -0.095281 0.007817
-2.820682 0.438348 0.007302
-2.814315 -4.552496 0.000318
-2.810513 -0.544518 0.007862
-2.810207 -0.358332 0.007995
-2.805023 -0.812418 0.007577
-2.797320 -0.256737 0.008215
-2.795562 0.328850 0.007745
-2.789800 1.696057 0.005038
-2.787713 2.994562 0.002504
-2.785050 1.956561 0.004506
-2.783013 0.532653 0.007535
-2.779605 0.063118 0.008281
-2.778840 -0.013691 0.008366
-2.771125 0.224288 0.008176
-2.766292 -0.166313 0.008650
-2.765143 0.139696 0.008365
-2.764153 2.247531 0.003999
-2.763644 -1.205943 0.007363
-2.758958 1.030354 0.006702
-2.756987 -0.453337 0.008822
-2.754781 -0.624425 0.008739
-2.753004 -0.942747 0.008248
-2.752955 0.743611 0.007376
-2.751570 1.461019 0.005778
-2.737012 2.593773 0.003414
-2.730124 0.404548 0.008278
-2.729995 -0.087626 0.009079
-2.729093 0.623607 0.007824
-2.723764 -0.301803 0.009334
-2.720822 -1.878639 0.005660
-2.720666 -0.722961 0.009233
-2.719485 4.481133 0.000825
-2.710382 -1.680189 0.006591
-2.709255 -0.223113 0.009486
-2.709128 -0.377756 0.009581
-2.708325 0.289938 0.008707
-2.702740 -0.539078 0.009686
-2.702300 0.055917 0.009204
-2.700838 1.260541 0.006520
-2.699658 0.849504 0.007508
-2.697107 -1.350853 0.008103
-2.694886 -0.012695 0.009397
-2.692402 0.127647 0.009176
-2.692082 -1.506200 0.007600
-2.691985 0.487865 0.008411
-2.683227 -1.073262 0.009263
-2.679966 -0.837736 0.009822
-2.676844 -0.149855 0.009811
-2.672555 0.203987 0.009201
-2.664509 -2.115094 0.005429
-2.662641 -0.453072 0.010301
-2.660472 0.359171 0.008939
-2.650288 -0.301869 0.010335
-2.648499 -0.076604 0.009996
-2.645791 -0.236854 0.010299
-2.644074 -0.629053 0.010624
-2.640503 0.959597 0.007542
-2.639695 0.567489 0.008547
-2.632974 0.058020 0.009853
-2.627544 0.690115 0.008290
-2.627427 1.106511 0.007224
-2.626551 -0.372904 0.010718
-2.619838 -0.006859 0.010108
-2.619081 0.275292 0.009417
-2.618057 -0.951431 0.010811
-2.617476 0.435459 0.009006
-2.616803 0.134274 0.009790
-2.615962 -0.742988 0.011059
-2.614191 -0.175335 0.010523
-2.611748 -0.527420 0.011072
-2.597201 -0.110772 0.010532
-2.596755 1.596130 0.006123
-2.595859 -1.204230 0.010662
-2.592213 -3.538678 0.001453
-2.587478 0.802540 0.008143
-2.582362 -0.236163 0.010943
-2.580092 -0.443426 0.011368
-2.579833 -0.304281 0.011113
-2.578612 0.204259 0.009826
-2.578507 1.813208 0.005661
-2.571339 0.349401 0.009446
-2.570711 -4.035722 0.000823
-2.570699 0.076188 0.010224
-2.567933 -0.050868 0.010590
-2.564509 0.506347 0.009024
-2.560825 -0.845311 0.011944
-2.559601 -2.395719 0.005378
-2.558622 -3.126871 0.002491
-2.556389 -2.748771 0.003803
-2.554946 0.017650 0.010472
-2.552866 -0.159295 0.010979
-2.552327 -0.672595 0.012009
-2.550484 1.397295 0.006714
-2.550193 -0.373128 0.011535
-2.549913 -0.584994 0.011935
-2.548947 -1.357085 0.011134
-2.541005 -1.061457 0.012108
-2.540017 0.143153 0.010166
-2.536125 0.271000 0.009793
-2.534309 -1.700023 0.009776
-2.533457 0.599516 0.008834
-2.531991 -0.099839 0.010931
-2.530676 -0.205086 0.011246
-2.530157 0.923624 0.007949
-2.527169 -0.502642 0.012033
-2.522604 0.424982 0.009362
-2.522555 -1.506905 0.011065
-2.522139 -0.261380 0.011459
-2.521894 2.041141 0.005270
-2.518647 -1.911545 0.008819
-2.511912 0.081024 0.010451
-2.511070 1.229216 0.007189
-2.510903 -0.317155 0.011690
-2.510628 -0.028631 0.010804
-2.508872 -0.755404 0.012671
-2.503465 0.700760 0.008588
-2.502190 -0.430363 0.012069
-2.500000 5.000000 0.000662
-2.500000 -5.000000 0.000280
-2.497249 -0.144321 0.011226
-2.496013 2.315243 0.004718
-2.493109 0.203421 0.010100
-2.491672 -0.073209 0.011012
-2.491313 0.027376 0.010680
-2.489526 -0.939803 0.013085
-2.489476 0.342615 0.009663
-2.486312 3.681327 0.002138
-2.481031 -0.197025 0.011462
-2.480718 -0.368211 0.012024
-2.479559 1.057799 0.007645
-2.475693 -0.636361 0.012821
-2.475072 0.133571 0.010356
-2.471864 -0.246258 0.011663
-2.468176 -0.554825 0.012669
-2.464476 0.509142 0.009165
-2.464319 0.275098 0.009899
-2.461863 -0.299386 0.011884
-2.460500 3.260873 0.002895
-2.459122 -0.110655 0.011227
-2.456021 0.813685 0.008291
-2.455739 -0.019437 0.010909
-2.453836 0.075640 0.010578
-2.451065 -0.479202 0.012547
-2.448828 -1.165141 0.013697
-2.448273 -0.704978 0.013242
-2.447743 2.874625 0.003650
-2.445477 -0.832718 0.013559
-2.444092 -0.162503 0.011445
-2.443175 -0.063175 0.011083
-2.442573 0.414373 0.009454
-2.442248 -1.293204 0.013619
-2.432547 -0.338653 0.012127
-2.432379 0.027548 0.010763
-2.430908 -0.408494 0.012392
-2.430090 0.171597 0.010253
-2.426942 0.600703 0.008879
-2.423689 -0.268198 0.011883
-2.423173 -0.212839 0.011671
-2.420701 0.229300 0.010051
-2.417706 -2.114524 0.009377
-2.417552 0.343720 0.009667
-2.415413 0.114883 0.010449
-2.414697 -0.124536 0.011341
-2.408494 1.542673 0.006494
-2.407898 2.558704 0.004343
-2.407404 -1.032427 0.014351
-2.406145 -0.088280 0.011205
-2.405728 -0.014155 0.010921
-2.403348 -0.607784 0.013253
-2.403034 1.730243 0.006082
-2.400288 -0.049300 0.011055
-2.398203 0.067655 0.010613
-2.397446 0.291553 0.009821
-2.396967 -0.531656 0.012991
-2.396586 -0.167389 0.011518
-2.392699 0.932637 0.007932
-2.392058 0.713206 0.008519
-2.391783 4.067781 0.001722
-2.389967 -0.303390 0.012077
-2.389131 -0.762922 0.013894
-2.388232 0.468496 0.009236
-2.384982 -0.465083 0.012759
-2.384092 -0.359583 0.012318
-2.381842 -0.248589 0.011856
-2.381342 0.022155 0.010771
-2.376830 0.146947 0.010301
-2.374936 -0.673689 0.013650
-2.373414 -0.126773 0.011353
-2.372440 -0.203431 0.011669
-2.372171 0.194376 0.010125
-2.371661 -0.411685 0.012559
-2.371129 -0.912318 0.014519
-2.368562 -0.090064 0.011202
-2.363881 -0.053329 0.011050
-2.362745 0.383145 0.009466
-2.362197 -1.610661 0.014258
-2.361480 1.178649 0.007291
-2.359374 -1.424748 0.015016
-2.358008 -0.016414 0.010897
-2.356082 0.101351 0.010440
-2.354572 0.247614 0.009908
-2.353151 0.054843 0.010612
-2.352657 -0.162167 0.011488
-2.347167 -1.819874 0.013311
-2.346145 0.535178 0.008958
-2.345746 1.353730 0.006875
-2.344915 -0.278731 0.011988
-2.342423 -0.327089 0.012204
-2.339766 -0.233518 0.011786
-2.337114 -0.577103 0.013363
-2.336307 -0.126016 0.011318
-2.336096 0.019158 0.010724
-2.335228 0.313414 0.009644
-2.334700 -0.093641 0.011180
-2.332931 -0.505558 0.013034
-2.332121 0.631792 0.008645
-2.331591 -0.378979 0.012441
-2.331041 -0.061281 0.011040
-2.330985 -0.192732 0.011599
-2.330603 0.148008 0.010220
-2.330445 0.819907 0.008125
-2.326975 -0.820695 0.014509
-2.322919 -0.028382 0.010892
-2.321434 -0.440387 0.012732
-2.320686 1.051788 0.007527
-2.319290 0.196416 0.010019
-2.319075 0.069318 0.010495
-2.314049 -1.128835 0.015722
-2.313419 -1.264293 0.015971
-2.312869 -0.640112 0.013717
-2.312691 0.443897 0.009166
-2.311689 -0.155108 0.011409
-2.307231 0.000369 0.010745
-2.305373 -0.257628 0.011861
-2.304506 0.109440 0.010310
-2.303866 -0.121095 0.011248
-2.303597 -0.299694 0.012055
-2.302514 -0.089391 0.011109
-2.302494 -0.218703 0.011679
-2.301955 -4.516365 0.000629
-2.300168 1.916043 0.005673
-2.299302 0.036776 0.010582
-2.298939 -0.725653 0.014177
-2.297994 0.254123 0.009763
-2.297055 -0.056662 0.010960
-2.297008 -0.182895 0.011509
-2.295783 -0.344711 0.012262
-2.292461 -2.585166 0.007540
-2.289855 0.369610 0.009349
-2.286977 -0.998416 0.015534
-2.285263 -2.299078 0.010376
-2.284016 -0.393498 0.012491
-2.283974 -0.024952 0.010800
-2.282432 0.151776 0.010097
-2.279312 0.073541 0.010390
-2.278593 0.715677 0.008285
-2.278156 -0.141911 0.011291
-2.275945 -0.546077 0.013274
-2.275412 -0.486055 0.012958
-2.274605 -0.109218 0.011139
-2.272862 0.007132 0.010642
-2.271602 -0.078737 0.011000
-2.271490 -0.169868 0.011404
-2.271093 -0.237371 0.011715
-2.270227 -0.202771 0.011552
-2.269174 0.205250 0.009866
-2.269152 -0.274962 0.011891
-2.266559 0.306341 0.009501
-2.265154 -0.439312 0.012709
-2.264963 -0.049028 0.010858
-2.263587 0.582755 0.008619
-2.262308 -0.315190 0.012076
-2.261256 0.040156 0.010480
-2.259598 0.110454 0.010197
-2.259165 2.167158 0.005172
-2.258155 -0.605024 0.013597
-2.257166 0.497531 0.008856
-2.256829 -2.923077 0.005313
-2.256774 -0.889208 0.015177
-2.252301 0.931088 0.007667
-2.250515 -0.358179 0.012275
-2.250276 -0.125351 0.011159
-2.249534 -0.019012 0.010695
-2.247499 -0.096808 0.011026
-2.247408 -0.153951 0.011282
-2.245560 -1.986589 0.014463
-2.244118 -0.184428 0.011416
-2.243641 0.166353 0.009942
-2.243393 -0.070161 0.010899
-2.241992 -0.216757 0.011563
-2.241679 0.071838 0.010303
-2.241385 0.011796 0.010546
-2.240350 0.251498 0.009622
-2.239623 -0.251471 0.011726
-2.238311 -0.043845 0.010774
-2.236525 -3.692643 0.001978
-2.236369 -0.669580 0.013974
-2.235629 0.421285 0.009035
-2.234748 -0.789189 0.014677
-2.233067 -0.287899 0.011893
-2.232332 -0.402207 0.012478
-2.229269 0.131960 0.010035
-2.227173 0.041517 0.010388
-2.226289 -0.137552 0.011161
-2.225898 -0.110776 0.011039
-2.225626 1.531816 0.006327
-2.221849 -0.166937 0.011287
-2.221821 -0.326459 0.012068
-2.221670 -0.085287 0.010915
-2.220967 0.354556 0.009212
-2.220284 -0.504898 0.013025
-2.220206 -0.009641 0.010584
-2.218160 -0.452145 0.012730
-2.218028 -0.196698 0.011419
-2.217977 -0.034284 0.010683
-2.217912 -0.061125 0.010800
-2.217621 1.217641 0.006940
-2.217321 0.205086 0.009727
-2.217157 0.095983 0.010144
-2.216460 0.647490 0.008305
-2.214920 -0.229837 0.011572
-2.212554 0.019058 0.010444
-2.211636 0.807204 0.007867
-2.209153 -3.304857 0.003451
-2.208445 -0.569735 0.013390
-2.208024 -0.262683 0.011720
-2.206635 -1.519781 0.017904
-2.206031 -0.122214 0.011045
-2.205106 -0.367381 0.012254
-2.204852 -0.145918 0.011152
-2.204177 0.294376 0.009371
-2.204069 0.060928 0.010250
-2.203555 1.714634 0.005947
-2.203329 -0.098458 0.010931
-2.199607 0.163193 0.009836
-2.199181 -0.167734 0.011242
-2.198226 -0.723654 0.014325
-2.198099 -0.048605 0.010698
-2.197300 -0.296766 0.011872
-2.196894 -0.074603 0.010809
-2.195963 -0.023808 0.010585
-2.195795 -0.187736 0.011329
-2.193222 -0.213052 0.011446
-2.193203 0.001969 0.010468
-2.192968 -1.717178 0.017747
-2.192067 -1.354972 0.017897
-2.190016 0.124069 0.009962
-2.189410 0.548004 0.008513
-2.189373 0.032574 0.010330
-2.188998 -1.073534 0.016568
-2.187751 -1.206053 0.017322
-2.187096 -0.132540 0.011051
-2.186874 -0.111852 0.010955
-2.186165 -0.240670 0.011568
-2.185005 1.061340 0.007194
-2.184435 0.241492 0.009504
-2.183034 -0.152213 0.011134
-2.182986 -0.414255 0.012475
-2.182673 -0.092343 0.010856
-2.182174 -0.332252 0.012031
-2.182022 0.088351 0.010083
-2.180427 -0.057978 0.010697
-2.179811 -0.627156 0.013725
-2.176544 -0.037857 0.010600
-2.176132 -0.172706 0.011217
-2.175981 -0.270238 0.011698
-2.175385 0.468909 0.008713
-2.174305 -0.013962 0.010490
-2.174092 -0.075852 0.010763
-2.173776 -0.196938 0.011329
-2.172835 -0.954036 0.015877
-2.171114 0.057767 0.010180
-2.171004 -0.123090 0.010972
-2.168989 0.011168 0.010370
-2.168474 0.195137 0.009632
-2.168280 -0.105992 0.010887
-2.167583 -0.466912 0.012754
-2.166767 -0.139174 0.011038
-2.166585 -0.220659 0.011431
-2.164402 -0.532273 0.013136
-2.163382 -0.156405 0.011113
-2.163099 -0.369384 0.012200
-2.163016 -0.060495 0.010669
-2.162781 -0.090116 0.010802
-2.161937 0.397577 0.008903
-2.161685 -0.301361 0.011834
-2.161141 0.714708 0.007963
-2.161038 2.417795 0.004670
-2.160544 0.033614 0.010255
-2.159599 0.336157 0.009102
-2.159299 0.152637 0.009771
-2.158999 -0.844142 0.015162
-2.158545 -0.181680 0.011225
-2.158540 -0.045551 0.010592
-2.157341 -0.246013 0.011541
-2.156877 -0.026670 0.010505
-2.155763 -0.119874 0.010925
-2.154996 0.113953 0.009912
-2.154652 -0.074496 0.010714
-2.153928 4.508343 0.001413
-2.152839 -0.004764 0.010401
-2.151756 -0.134076 0.010983
-2.151177 -0.104064 0.010842
-2.150232 -0.201669 0.011307
-2.150176 -0.166626 0.011135
-2.149918 0.079457 0.010039
-2.147792 0.277711 0.009275
-2.146599 -0.088417 0.010760
-2.146518 -0.148549 0.011042
-2.144433 -0.273036 0.011658
-2.143914 -0.058493 0.010618
-2.142992 -0.333831 0.011978
-2.141726 -0.117092 0.010883
-2.140826 -0.039899 0.010529
-2.140683 -0.405791 0.012373
-2.140291 -0.223940 0.011400
-2.139687 0.019232 0.010268
-2.139533 1.367302 0.006457
-2.138891 -0.074680 0.010681
-2.137997 0.047859 0.010143
-2.137884 -0.100103 0.010796
-2.137673 -0.131104 0.010942
-2.137601 -0.182090 0.011187
-2.137468 -0.021031 0.010438
-2.136244 -0.677039 0.014043
-2.134900 0.610780 0.008172
-2.134190 0.905678 0.007407
-2.133125 -0.162703 0.011085
-2.132831 -0.001474 0.010342
-2.132639 -0.584436 0.013439
-2.132138 0.225487 0.009425
-2.131914 -0.087931 0.010728
-2.131217 -0.110016 0.010830
-2.131081 -0.758776 0.014602
-2.131044 -0.143738 0.010989
-2.129527 -0.246889 0.011499
-2.128196 -0.203750 0.011278
-2.128029 -0.064291 0.010612
-2.126916 -0.301226 0.011780
-2.126829 -0.122794 0.010882
-2.126726 -0.049561 0.010543
-2.124567 -0.077237 0.010665
-2.124424 -0.443104 0.012571
-2.124076 0.180128 0.009577
-2.123859 -0.098691 0.010763
-2.123575 -0.500670 0.012914
-2.123518 0.101720 0.009887
-2.123436 0.138181 0.009740
-2.122856 0.069704 0.010017
-2.122609 -0.032781 0.010459
-2.120322 -0.184991 0.011172
-2.119888 -0.134734 0.010926
-2.119650 -0.367323 0.012132
-2.119553 -0.153049 0.011014
-2.119192 -0.111412 0.010814
-2.118482 -0.087623 0.010701
-2.117582 -0.014176 0.010366
-2.117189 -0.168317 0.011085
-2.117149 3.089643 0.003527
-2.114921 0.008346 0.010262
-2.114750 -0.072570 0.010625
-2.114576 0.032268 0.010158
-2.114118 -0.271676 0.011606
-2.113807 -0.059362 0.010562
-2.113371 -0.101678 0.010758
-2.113322 -0.223066 0.011353
-2.113107 -0.122258 0.010855
-2.110234 0.521354 0.008366
-2.110007 -0.145077 0.010959
-2.109773 -0.044193 0.010486
-2.109576 -0.092941 0.010710
-2.107656 -0.081740 0.010654
-2.107287 -0.111109 0.010792
-2.107055 0.317860 0.009025
-2.106444 -0.200632 0.011229
-2.104952 -0.329686 0.011907
-2.104856 2.740133 0.004101
-2.104667 -0.132269 0.010889
-2.104010 -0.027321 0.010399
-2.103999 -0.244559 0.011450
-2.103322 0.054564 0.010039
-2.102779 -0.179420 0.011117
-2.102725 -0.068919 0.010586
-2.102540 -0.100938 0.010735
-2.101864 -0.159449 0.011017
-2.100370 -0.120545 0.010825
-2.099903 0.442892 0.008584
-2.099254 -0.090584 0.010681
-2.098553 -0.055332 0.010516
-2.098391 -0.007724 0.010300
-2.096928 0.259722 0.009210
-2.096333 -0.109330 0.010765
-2.096290 0.084628 0.009898
-2.096157 0.373492 0.008804
-2.095697 -0.143518 0.010929
-2.095532 -0.079252 0.010622
-2.094000 -2.136719 0.016777
-2.093203 -0.295801 0.011710
-2.093112 0.013980 0.010194
-2.093102 -0.405099 0.012323
-2.092713 -0.544217 0.013171
-2.092502 -0.040512 0.010438
-2.092103 0.118707 0.009748
-2.092041 -0.099384 0.010711
-2.091538 0.791001 0.007562
-2.090355 -0.129903 0.010855
-2.089448 -0.066734 0.010553
-2.089218 -0.215939 0.011284
-2.088977 -0.117877 0.010795
-2.088462 3.542020 0.002804
-2.088425 -0.088981 0.010656
-2.087769 -1.862342 0.019566
-2.087674 0.158364 0.009578
-2.087674 -0.171689 0.011057
-2.087461 -0.192490 0.011162
-2.087217 -0.466806 0.012687
-2.086963 -0.630278 0.013737
-2.085267 0.036514 0.010081
-2.085221 -0.265494 0.011539
-2.085012 -0.154167 0.010966
-2.085003 -0.023242 0.010346
-2.084688 -0.108510 0.010743
-2.082992 -0.077666 0.010594
-2.082538 -0.237474 0.011388
-2.082530 -0.054009 0.010483
-2.082038 0.205680 0.009380
-2.081246 -0.139600 0.010889
-2.080244 -0.098274 0.010688
-2.079424 1.171736 0.006676
-2.079342 -0.359371 0.012051
-2.078331 -0.122257 0.010801
-2.077247 -0.004058 0.010246
-2.076889 -0.086974 0.010629
-2.075688 -1.019520 0.016695
-2.075266 0.063271 0.009947
-2.075165 -0.038702 0.010401
-2.074423 -0.068091 0.010536
-2.073527 -1.144134 0.017726
-2.072883 -0.109442 0.010731
-2.072727 -0.163763 0.010999
-2.071943 -0.907541 0.015801
-2.070611 -0.181671 0.011087
-2.070386 -0.133145 0.010844
-2.068818 -0.319800 0.011821
-2.068534 -0.203047 0.011194
-2.068492 0.017586 0.010135
-2.068278 -4.100701 0.001373
-2.067578 0.679336 0.007787
-2.067324 -0.095676 0.010657
-2.067186 -0.080820 0.010586
-2.066351 -0.054191 0.010459
-2.066342 -0.148625 0.010915
-2.066042 0.094527 0.009797
-2.065068 1.004026 0.006984
-2.064242 -0.021911 0.010307
-2.063799 -0.120987 0.010776
-2.063498 -0.807328 0.015034
-2.062795 1.953210 0.005302
-2.062608 -0.225436 0.011305
-2.061212 -0.284369 0.011620
-2.060985 -0.503396 0.012910
-2.059270 -0.253172 0.011450
-2.059113 0.303526 0.008960
-2.058654 -0.067819 0.010513
-2.058590 -0.108177 0.010707
-2.058419 -0.436194 0.012494
-2.057685 -0.039784 0.010380
-2.057592 0.041451 0.010011
-2.057462 0.129726 0.009634
-2.056461 -0.166392 0.010994
-2.055171 -0.135174 0.010836
-2.054841 -0.001426 0.010199
-2.054382 -1.618383 0.020815
-2.054321 -0.095039 0.010638
-2.054139 -0.082186 0.010576
-2.053947 -0.709806 0.014318
-2.051240 -0.186566 0.011093
-2.050351 -1.434943 0.020104
-2.049659 0.248131 0.009146
-2.048909 -0.387800 0.012203
-2.048487 -0.579101 0.013409
-2.047870 -0.120598 0.010756
-2.047785 0.168696 0.009456
-2.047395 -0.054869 0.010437
-2.047184 -1.272097 0.018956
-2.046974 -0.150558 0.010905
-2.046363 0.580619 0.008011
-2.045487 0.069175 0.009870
-2.045207 -0.208764 0.011204
-2.044400 -0.034188 0.010336
-2.043332 -0.019088 0.010264
-2.042421 0.019611 0.010086
-2.042418 -0.105593 0.010677
-2.042130 -2.416017 0.014119
-2.041872 -0.072142 0.010513
-2.040671 -0.344327 0.011949
-2.039589 -0.089312 0.010594
-2.039406 1.729416 0.005603
-2.038672 0.351995 0.008738
-2.037597 -0.235944 0.011344
-2.037375 -0.168678 0.010990
-2.037071 -0.134692 0.010817
-2.035361 -0.304524 0.011721
-2.033563 0.491076 0.008254
-2.032839 0.100877 0.009713
-2.032506 -0.043357 0.010365
-2.032090 -0.267050 0.011511
-2.030060 0.206840 0.009269
-2.029811 -0.002085 0.010169
-2.029740 -0.117968 0.010727
-2.029391 -0.189120 0.011091
-2.029140 0.413427 0.008501
-2.028744 1.534919 0.005889
-2.028737 0.043881 0.009958
-2.027802 -0.061786 0.010449
-2.026353 -0.150882 0.010891
-2.025250 -0.100082 0.010634
-2.024614 -0.080893 0.010539
-2.021718 -0.025437 0.010269
-2.021526 -0.211907 0.011208
-2.019139 0.136481 0.009539
-2.018931 -0.471395 0.012725
-2.017455 -0.529810 0.013105
-2.016540 -0.132511 0.010791
-2.015395 -0.169823 0.010983
-2.015015 0.018898 0.010054
-2.013964 -0.417862 0.012393
-2.013556 0.071676 0.009813
-2.012875 -0.235914 0.011336
-2.012592 -0.047721 0.010367
-2.012044 0.287286 0.008920
-2.010543 -0.640463 0.013876
-2.009860 -0.112987 0.010688
-2.008442 -0.069941 0.010472
-2.008420 0.871623 0.007123
-2.007216 -0.092017 0.010581
-2.007202 -0.369165 0.012101
-2.005044 -0.191775 0.011096
-2.004969 -0.006481 0.010163
-2.004723 -0.326865 0.011852
-2.004297 -0.289235 0.011635
-2.003605 -0.149806 0.010874
-2.003209 -0.257090 0.011453
-2.002246 1.294175 0.006231
-2.001140 0.175655 0.009347
-1.998201 0.043196 0.009924
-1.997457 -0.030859 0.010273
-1.996931 0.102920 0.009653
-1.996624 0.239270 0.009079
-1.994447 -0.216614 0.011230
-1.993459 -0.128453 0.010760
-1.991418 -0.055947 0.010392
-1.990864 -0.170719 0.010982
-1.989957 -2.712912 0.010631
-1.988569 -0.081042 0.010516
-1.988387 -0.105737 0.010642
-1.987167 0.333061 0.008698
-1.986594 0.015075 0.010045
-1.985714 0.751867 0.007362
-1.983224 -0.767669 0.014899
-1.980347 -0.857722 0.015649
-1.979307 -0.237574 0.011350
-1.979246 0.070710 0.009779
-1.978718 -0.147971 0.010861
-1.978171 -0.012270 0.010170
-1.978149 0.137172 0.009480
-1.978124 -0.195695 0.011118
-1.977119 -0.576288 0.013482
-1.973653 0.643291 0.007633
-1.973437 -0.270227 0.011539
-1.973091 -0.039127 0.010300
-1.972831 -0.396488 0.012298
-1.971846 -0.447629 0.012625
-1.970883 -1.093254 0.017847
-1.970822 0.209707 0.009159
-1.970695 -0.306294 0.011752
-1.970311 -0.967137 0.016656
-1.969233 -0.066577 0.010436
-1.968224 1.100523 0.006503
-1.968169 -0.346926 0.011998
-1.967124 -0.094051 0.010577
-1.966968 -0.122710 0.010727
-1.966521 2.201994 0.004766
-1.965857 0.039265 0.009915
-1.964732 0.544121 0.007915
-1.964606 0.388249 0.008449
-1.964282 -0.173576 0.011001
-1.961909 -0.509747 0.013054
-1.959848 -0.214804 0.011232
-1.959335 -0.699475 0.014434
-1.959292 0.457376 0.008192
-1.958002 0.101396 0.009619
-1.956351 0.276436 0.008864
-1.956268 0.008693 0.010057
-1.954239 0.173042 0.009295
-1.952640 -0.150847 0.010881
-1.949916 -0.021109 0.010202
-1.948150 -0.048978 0.010343
-1.947335 -0.246135 0.011421
-1.944669 -0.076886 0.010488
-1.943529 -0.190694 0.011107
-1.942496 0.066233 0.009772
-1.942317 -0.104301 0.010634
-1.938837 -0.282032 0.011643
-1.938455 -0.130970 0.010779
-1.937012 -0.371816 0.012199
-1.933751 0.135506 0.009442
-1.932358 -0.321886 0.011894
-1.931287 0.032044 0.009933
-1.931148 0.962786 0.006691
-1.930990 0.228058 0.009030
-1.930323 -0.166063 0.010979
-1.929723 -0.628786 0.013991
-1.925748 -0.471039 0.012875
-1.925658 -0.415252 0.012502
-1.925356 -0.219179 0.011288
-1.924036 -0.000695 0.010096
-1.922607 0.335634 0.008575
-1.921605 -1.739648 0.023734
-1.920904 -0.056732 0.010387
-1.920754 -0.031055 0.010253
-1.919178 4.003095 0.002179
-1.918823 -1.199049 0.019300
-1.916521 0.096445 0.009615
-1.915821 -0.085013 0.010541
-1.914776 -3.034071 0.007431
-1.913595 -0.146029 0.010880
-1.912653 -0.114746 0.010706
-1.912506 -1.976375 0.023362
-1.911172 -0.555802 0.013515
-1.910912 -0.254310 0.011517
-1.910727 0.180268 0.009220
-1.907429 -0.189104 0.011135
-1.907422 -1.350432 0.021049
-1.905977 -0.350890 0.012129
-1.903346 0.057401 0.009802
-1.903148 -1.529530 0.022881
-1.901791 1.410708 0.005756
-1.899617 -0.294827 0.011787
-1.897144 0.277559 0.008779
-1.895306 -0.788839 0.015427
-1.894674 0.018696 0.010000
-1.892555 -0.897771 0.016421
-1.891159 -0.020719 0.010208
-1.890430 0.826080 0.006909
-1.889787 0.498620 0.007906
-1.889716 -0.057877 0.010410
-1.889179 0.133377 0.009426
-1.888765 0.599304 0.007563
-1.888292 0.405477 0.008248
-1.887889 -0.162988 0.011008
-1.887165 -0.222972 0.011368
-1.887006 0.707124 0.007227
-1.885142 -0.502119 0.013220
-1.884623 -0.094641 0.010619
-1.882177 -0.387079 0.012431
-1.882144 -0.129547 0.010821
-1.878462 -1.035041 0.017873
-1.877705 -0.441584 0.012819
-1.877412 -0.696859 0.014747
-1.876277 -0.327625 0.012053
-1.876109 0.223137 0.008999
-1.875870 1.762974 0.005172
-1.875000 -5.000000 0.000489
-1.875000 5.000000 0.001062
-1.874951 1.209949 0.006025
-1.873448 0.088592 0.009644
-1.869990 -0.262584 0.011650
-1.865497 -0.190429 0.011211
-1.865387 2.503991 0.004198
-1.862578 0.045194 0.009871
-1.858338 0.173206 0.009224
-1.857905 0.002871 0.010101
-1.856308 0.330701 0.008507
-1.856011 -0.038050 0.010330
-1.855505 -0.612177 0.014180
-1.854484 -0.076435 0.010551
-1.854375 -3.713743 0.002875
-1.849807 -2.229370 0.022036
-1.849308 -0.151362 0.011004
-1.849267 -0.112793 0.010772
-1.848939 -0.300030 0.011950
-1.843365 -0.226081 0.011484
-1.842414 -0.356425 0.012353
-1.840823 0.124344 0.009465
-1.836412 -3.373490 0.004850
-1.836193 -0.541458 0.013729
-1.835298 0.267663 0.008767
-1.830057 -0.411373 0.012789
-1.827524 0.076359 0.009722
-1.826735 -0.473596 0.013261
-1.822599 -0.186370 0.011283
-1.822357 1.054947 0.006183
-1.820683 -0.265702 0.011810
-1.820011 0.455451 0.007947
-1.819552 0.028672 0.009991
-1.819232 -0.016725 0.010252
-1.819090 -0.063419 0.010527
-1.816457 0.215729 0.009006
-1.815252 1.573608 0.005277
-1.814767 -0.105363 0.010791
-1.813528 0.550994 0.007575
-1.813365 -0.961767 0.017651
-1.812264 0.915268 0.006475
-1.808692 -0.143257 0.011042
-1.808534 -1.121507 0.019471
-1.806531 -0.319928 0.012235
-1.806215 0.376854 0.008255
-1.804488 0.166042 0.009257
-1.803422 -0.849556 0.016609
-1.802999 1.973211 0.004732
-1.801247 -0.752640 0.015718
-1.797413 -4.516204 0.000971
-1.796701 0.655946 0.007179
-1.793079 -0.225000 0.011627
-1.791709 -0.663660 0.015002
-1.789400 0.114413 0.009539
-1.786463 -0.374671 0.012720
-1.784838 0.771156 0.006794
-1.784175 0.300096 0.008586
-1.780870 -0.038935 0.010448
-1.780274 3.212661 0.003191
-1.779551 0.060528 0.009853
-1.776830 -0.581339 0.014407
-1.776485 -0.088003 0.010768
-1.774876 -0.179874 0.011380
-1.773523 0.006816 0.010181
-1.772824 -1.257396 0.021593
-1.772743 -0.279389 0.012085
-1.771719 -0.437051 0.013273
-1.768537 -0.505997 0.013842
-1.766123 1.331620 0.005508
-1.764909 -0.132787 0.011093
-1.763938 0.232223 0.008919
-1.761918 -1.429501 0.024036
-1.760553 -2.508288 0.018704
-1.760183 2.853370 0.003614
-1.750929 0.167438 0.009272
-1.747491 -0.332771 0.012600
-1.745507 -0.236170 0.011888
-1.745159 -1.619758 0.026664
-1.743461 0.499975 0.007661
-1.739545 -0.052832 0.010632
-1.738077 0.423120 0.007985
-1.737116 0.102182 0.009661
-1.730477 -0.191009 0.011622
-1.729450 0.041804 0.010043
-1.728564 0.352061 0.008310
-1.727927 -1.824981 0.028535
-1.725047 -0.012951 0.010405
-1.724745 -1.033772 0.019428
-1.722914 -0.393544 0.013222
-1.722015 -0.094646 0.010967
-1.719739 0.594157 0.007254
-1.718497 -0.145344 0.011338
-1.713110 -0.285894 0.012420
-1.712537 1.156700 0.005673
-1.711533 0.855784 0.006377
-1.711055 -0.713330 0.016155
-1.710261 -0.624742 0.015325
-1.709522 0.281448 0.008666
-1.707810 -0.809423 0.017150
-1.706331 -0.917146 0.018321
-1.703572 -0.462759 0.013935
-1.701874 -0.538086 0.014610
-1.695556 0.211698 0.009059
-1.690148 0.144580 0.009465
-1.687005 -0.232831 0.012140
-1.686393 2.243275 0.004173
-1.686227 0.708237 0.006780
-1.681942 0.076612 0.009912
-1.681310 0.987663 0.005958
-1.680885 -0.343049 0.013075
-1.678242 -2.048908 0.029270
-1.677085 -0.052993 0.010819
-1.675111 0.011278 0.010369
-1.670810 -0.176241 0.011775
-1.667278 -0.115081 0.011317
-1.661479 0.426354 0.007914
-1.659888 0.507260 0.007533
-1.655519 1.474018 0.004989
-1.655516 -1.146514 0.021908
-1.649908 -0.410306 0.013889
-1.649759 0.343949 0.008336
-1.648774 -2.810791 0.013904
-1.648714 1.743102 0.004629
-1.646881 -0.284477 0.012800
-1.636337 -1.325538 0.024872
-1.636120 -0.581830 0.015645
-1.635393 3.618021 0.002583
-1.632794 0.262503 0.008808
-1.630275 0.117476 0.009744
-1.624698 -0.667175 0.016646
-1.624661 0.184803 0.009304
-1.622929 0.047162 0.010260
-1.622455 -0.220552 0.012402
-1.621945 -0.489975 0.014884
-1.619010 0.605764 0.007057
-1.616478 -0.020015 0.010787
-1.614398 0.815476 0.006279
-1.613864 -0.761358 0.017803
-1.611804 -0.085159 0.011323
-1.610814 -0.152930 0.011890
-1.607368 -0.345030 0.013627
-1.603029 -0.868282 0.019197
-1.602967 4.490395 0.001606
-1.597612 -0.993079 0.020848
-1.593532 -1.495871 0.028478
-1.590516 1.279157 0.005118
-1.581796 -2.290612 0.028065
-1.576388 0.408644 0.007981
-1.574211 -0.274326 0.013216
-1.570118 0.506496 0.007462
-1.569415 0.093380 0.010069
-1.568771 -4.023780 0.002214
-1.568513 -0.414695 0.014651
-1.563067 -0.564331 0.016290
-1.560427 0.317744 0.008524
-1.560319 1.098874 0.005392
-1.558647 0.700061 0.006585
-1.555612 2.546403 0.003611
-1.554558 0.155843 0.009638
-1.554054 0.023252 0.010676
-1.553334 0.232574 0.009093
-1.552817 -0.199573 0.012659
-1.552460 -1.684071 0.032192
-1.547469 -0.050360 0.011329
-1.544959 -0.124057 0.012003
-1.542773 0.935873 0.005760
-1.540225 -0.654067 0.017602
-1.539196 1.995963 0.004095
-1.534469 -1.229110 0.025575
-1.529015 -3.149803 0.008891
-1.525570 -0.336791 0.014249
-1.521466 -0.486578 0.015924
-1.519577 -0.753914 0.019123
-1.506765 -1.884914 0.034951
-1.504903 0.588914 0.007004
-1.502080 -0.862290 0.020839
-1.499628 -1.095830 0.024266
-1.497444 1.583142 0.004432
-1.494408 -0.254631 0.013653
-1.493714 0.087760 0.010356
-1.489112 0.461505 0.007675
-1.480909 -0.002790 0.011217
-1.478832 0.799900 0.006071
-1.476897 0.175656 0.009675
-1.475697 -0.169760 0.012903
-1.473769 -0.406128 0.015548
-1.473137 0.369394 0.008254
-1.471970 -0.086010 0.012070
-1.470866 0.271845 0.008942
-1.469349 -0.575859 0.017665
-1.464626 -0.962368 0.023013
-1.457094 -1.374016 0.030056
-1.450665 -2.559164 0.023511
-1.445146 1.395151 0.004554
-1.439790 -3.569095 0.004717
-1.434226 -0.318519 0.014934
-1.432960 -0.680736 0.019615
-1.427801 0.671932 0.006528
-1.423689 3.218636 0.002769
-1.421968 0.528543 0.007273
-1.420999 -2.072863 0.036484
-1.418331 -0.487564 0.017247
-1.417096 0.051278 0.010995
-1.413627 1.211972 0.004792
-1.406501 -0.225334 0.014083
-1.404101 1.048443 0.005143
-1.402681 -0.803621 0.021947
-1.401630 0.127118 0.010330
-1.400203 -1.547741 0.034853
-1.397728 2.872818 0.003037
-1.396590 1.786633 0.003962
-1.394242 -0.037979 0.012034
-1.393384 2.256935 0.003540
-1.389530 -0.128711 0.013083
-1.384211 0.219264 0.009546
-1.384209 0.902517 0.005536
-1.378942 4.038720 0.001958
-1.376731 -1.222641 0.029615
-1.375023 0.433221 0.007881
-1.374731 0.321917 0.008707
-1.371745 -0.394180 0.016609
-1.362868 -0.585981 0.019454
-1.347357 -4.482311 0.001247
-1.346958 -1.067327 0.027617
-1.341009 0.593371 0.006865
-1.337215 0.756146 0.006031
-1.337107 -0.923201 0.025341
-1.335615 -1.766220 0.039838
-1.334817 -0.293435 0.015663
-1.330640 0.036704 0.011564
-1.316239 -0.699187 0.022062
-1.312034 -0.185896 0.014429
-1.307131 -0.485474 0.018825
-1.306829 0.139120 0.010560
-1.303796 -2.283543 0.034911
-1.292497 -0.066397 0.013022
-1.287833 1.573447 0.003933
-1.280384 -2.866046 0.016307
-1.279523 0.252699 0.009502
-1.276430 0.498676 0.007459
-1.271307 -0.820798 0.025129
-1.266140 0.372709 0.008442
-1.261874 -0.378536 0.017794
-1.260681 -1.376286 0.036347
-1.257917 1.370648 0.004142
-1.252267 1.997838 0.003446
-1.250000 5.000000 0.001095
-1.250000 -5.000000 0.000629
-1.247991 0.667097 0.006386
-1.242979 1.182605 0.004467
-1.242818 1.012251 0.004915
-1.242254 -0.593201 0.021689
-1.240351 0.851603 0.005485
-1.231601 0.053578 0.011875
-1.227268 -0.264248 0.016408
-1.227174 2.536055 0.002992
-1.214336 -1.983919 0.043389
-1.213658 -1.181575 0.033881
-1.212749 -0.150458 0.014804
-1.208055 -1.568316 0.041797
-1.198065 -1.000324 0.030550
-1.191516 0.170892 0.010634
-1.185119 -0.480856 0.020659
-1.180170 -0.713600 0.025190
-1.177403 3.609934 0.002123
-1.171509 -0.037182 0.013450
-1.170821 0.568127 0.006976
-1.160217 0.298170 0.009320
-1.152117 -0.856539 0.028795
-1.145665 -2.519521 0.028938
-1.145457 0.436650 0.008019
-1.142942 -0.360733 0.019069
-1.141441 -3.227835 0.009106
-1.139036 0.744385 0.005869
-1.137492 -4.040333 0.002452
-1.135551 1.751631 0.003405
-1.110416 -0.240746 0.017270
-1.108127 -1.754845 0.047223
-1.107908 0.076739 0.012188
-1.104621 -0.598674 0.024400
-1.101217 -0.129820 0.015423
-1.084000 0.904209 0.005043
-1.081900 2.226716 0.002925
-1.071280 -1.316593 0.041725
-1.071035 1.503852 0.003544
-1.064606 1.082992 0.004381
-1.059637 0.205663 0.010646
-1.059438 3.201648 0.002249
-1.058378 1.282375 0.003881
-1.052913 0.625907 0.006545
-1.051914 -0.462936 0.022418
-1.047121 -1.116912 0.037848
-1.043816 -1.502049 0.046437
-1.042749 -2.211478 0.041571
-1.036146 -3.663497 0.004422
-1.030540 -0.029617 0.014249
-1.029947 -0.747413 0.029337
-1.028898 -0.938412 0.034019
-1.025037 2.830848 0.002430
-1.023706 0.345023 0.009069
-1.022890 4.484027 0.001357
-1.012929 0.490828 0.007623
-1.010167 -0.324310 0.020032
-0.977838 -0.172690 0.017253
-0.967339 -2.768577 0.020296
-0.965599 0.099945 0.012481
-0.960187 -0.582527 0.026729
-0.959906 0.765522 0.005592
-0.958836 1.946544 0.002882
-0.946865 -1.947643 0.049832
-0.907187 0.245425 0.010523
-0.904433 -0.436643 0.023969
-0.901388 0.950876 0.004605
-0.900359 -4.581832 0.001116
-0.895952 -1.680635 0.052678
-0.890418 2.469944 0.002412
-0.887801 -0.029813 0.015098
-0.887538 1.659173 0.003000
-0.883086 -0.852654 0.035510
-0.877989 0.596306 0.006728
-0.877901 -1.237758 0.046075
-0.871030 -0.290601 0.020807
-0.870006 -1.036101 0.040966
-0.869825 -0.700255 0.031524
-0.868829 1.160777 0.003836
-0.868200 0.415422 0.008471
-0.856829 1.392206 0.003306
-0.855265 -1.442271 0.051088
-0.849107 3.987829 0.001511
-0.829320 -0.162428 0.018206
-0.827113 -3.034993 0.012547
-0.826277 -2.453515 0.032228
-0.806094 0.110517 0.012890
-0.781700 -0.541860 0.028462
-0.771650 0.788490 0.005295
-0.751787 2.170173 0.002346
-0.740570 -0.374595 0.024218
-0.739751 -2.156953 0.044288
-0.739341 0.277827 0.010366
-0.732882 -4.196362 0.001864
-0.718330 -0.717616 0.034629
-0.715353 3.517928 0.001596
-0.712406 -0.047896 0.016320
-0.712114 -3.388675 0.006555
-0.710297 0.617149 0.006505
-0.709796 -0.902369 0.040508
-0.705003 0.451601 0.008147
-0.697739 1.013047 0.004092
-0.695440 -0.219165 0.020442
-0.691543 -1.863371 0.053081
-0.688872 3.086622 0.001761
-0.688285 1.835693 0.002475
-0.681353 -1.115393 0.047281
-0.659638 -1.590468 0.055620
-0.658472 -1.336947 0.052862
-0.655154 2.681579 0.001903
-0.652031 1.526151 0.002752
-0.647199 1.244876 0.003280
-0.631531 0.111722 0.013303
-0.625000 -5.000000 0.000593
-0.625000 5.000000 0.000849
-0.607350 -0.560925 0.030921
-0.601007 -3.825693 0.003096
-0.596828 -2.722073 0.019540
-0.582560 -0.394694 0.025952
-0.577537 0.841600 0.004795
-0.560463 0.277454 0.010522
-0.547927 -0.225383 0.021259
-0.541331 -0.763345 0.037954
-0.540556 0.644894 0.006168
-0.532486 -0.055359 0.016999
-0.530763 0.452946 0.008118
-0.502069 -0.972945 0.044779
-0.498693 2.388560 0.001804
-0.484595 -2.392594 0.030084
-0.456126 2.019835 0.001953
-0.455440 -1.203430 0.050729
-0.454950 4.397288 0.000980
-0.451345 -2.059357 0.042976
-0.443267 1.057199 0.003592
-0.436883 -1.752692 0.051708
-0.432673 -1.458487 0.053842
-0.429365 1.683466 0.002202
-0.426197 1.365816 0.002680
-0.423338 0.119025 0.013279
-0.420785 -3.059452 0.009740
-0.414502 -0.420242 0.027108
-0.413683 -0.592094 0.032582
-0.380968 -0.228865 0.021450
-0.372116 2.876808 0.001409
-0.359398 0.785658 0.004896
-0.350822 0.313003 0.009849
-0.341812 -4.476269 0.001056
-0.340835 3.848689 0.001059
-0.332599 0.545238 0.006892
-0.329039 -0.798797 0.038821
-0.323240 -0.062864 0.017058
-0.279321 3.312962 0.001151
-0.274724 -3.490363 0.004268
-0.268136 -1.032579 0.044518
-0.229944 -0.351004 0.024216
-0.205807 1.207708 0.002746
-0.200930 -1.604784 0.046399
-0.200185 -1.291690 0.047087
-0.197870 -2.682251 0.014807
-0.196701 -0.581079 0.030676
-0.183548 2.579848 0.001275
-0.183348 2.203269 0.001441
-0.178500 0.930157 0.003773
-0.175502 0.125254 0.012531
-0.172713 1.523005 0.002029
-0.166779 -2.259042 0.026525
-0.166456 -1.923237 0.037705
-0.161470 1.844859 0.001647
-0.140405 0.390346 0.008264
-0.139415 -3.986837 0.001817
-0.119236 -0.145040 0.017919
-0.114882 0.657004 0.005427
-0.092541 -0.826347 0.035609
-0.020035 -0.391403 0.022858
-0.019032 -3.124443 0.005909
-0.017263 -1.070806 0.038223
0.000000 5.000000 0.000542
0.000000 -5.000000 0.000414
0.006997 2.959853 0.000940
0.013792 -1.448601 0.038563
0.035416 4.522931 0.000618
0.037655 1.062395 0.002818
0.039634 -0.624457 0.027473
0.046042 0.247065 0.009363
0.047104 1.348315 0.002013
0.057304 0.015370 0.013005
0.071137 -1.741928 0.031809
0.074243 0.798241 0.003970
0.075557 0.498294 0.006257
0.098723 4.033863 0.000661
0.100383 3.535152 0.000740
0.103755 -1.259417 0.034859
0.110010 -2.435263 0.014244
0.110227 2.025792 0.001163
0.116016 -0.209227 0.016664
0.127200 2.394294 0.000978
0.128416 1.670882 0.001418
0.154255 -2.050084 0.021486
0.160760 -0.858993 0.028686
0.179401 -3.565869 0.002413
0.189411 -4.466668 0.000699
0.196303 -0.438715 0.019880
0.201246 -2.809736 0.007147
0.218827 0.637434 0.004554
0.241964 0.360184 0.006803
0.244444 -1.067761 0.027966
0.244622 2.700307 0.000774
0.246089 0.137733 0.009370
0.246647 -0.644290 0.022450
0.248078 -1.522022 0.027052
0.261259 1.166991 0.002080
0.266636 0.928316 0.002849
0.277225 3.186807 0.000656
0.278307 -0.057691 0.011796
0.297442 1.424355 0.001502
0.316319 -0.260307 0.014385
0.327029 -1.297539 0.025016
0.355218 -1.762261 0.019544
0.357190 0.499367 0.004950
0.359556 0.767956 0.003306
0.377160 1.893473 0.000939
0.380447 -0.815373 0.020735
0.384684 -0.444927 0.015847
0.388054 -3.997713 0.001037
0.394117 -2.260695 0.010997
0.398356 0.249557 0.006822
0.400330 2.223023 0.000765
0.408795 -3.195647 0.002995
0.419221 -1.014055 0.020951
0.419511 -0.608389 0.017201
0.441440 -2.548288 0.006953
0.442910 1.611526 0.001081
0.456598 -0.129611 0.010356
0.457292 0.064966 0.008153
0.473056 1.023171 0.002048
0.474963 1.257236 0.001512
0.479112 0.624250 0.003608
0.491388 -1.491314 0.017538
0.492533 -1.212144 0.018683
0.493706 0.385898 0.005020
0.494758 -1.992871 0.012147
0.500448 -0.311774 0.011806
0.523317 3.749148 0.000438
0.533487 2.519024 0.000575
0.547035 4.348087 0.000380
0.548744 0.820766 0.002500
0.566073 -0.696582 0.014254
0.567586 2.893602 0.000493
0.573801 -0.495947 0.012315
0.575272 -0.881436 0.015213
0.577494 0.217630 0.005675
0.594496 -2.854154 0.003513
0.595465 1.431735 0.001082
0.598676 0.503593 0.003712
0.601321 -0.042866 0.007582
0.616541 -1.075729 0.014596
0.623261 -0.192561 0.008621
0.624658 -1.734148 0.011519
0.625000 -5.000000 0.000216
0.625000 5.000000 0.000298
0.626417 3.335136 0.000415
0.632443 1.785130 0.000747
0.653309 -1.313063 0.013260
0.657453 -0.346635 0.009416
0.658686 0.077240 0.006012
0.666224 2.050906 0.000598
0.668167 -3.584534 0.001203
0.669024 -4.506602 0.000376
0.670139 0.661481 0.002694
0.674042 0.973102 0.001732
0.681160 -2.253124 0.006241
0.685340 0.356916 0.004029
0.689404 1.187581 0.001281
0.711987 -0.606501 0.010285
0.718349 -1.520463 0.010643
0.726707 -0.774358 0.010839
0.741943 2.309896 0.000474
0.745236 -2.522962 0.003998
0.745522 -0.447932 0.008675
0.746843 0.197658 0.004500
0.748923 -0.955379 0.010886
0.750073 -0.087829 0.006222
0.752208 1.581424 0.000763
0.761538 0.814057 0.001916
0.762847 -0.252368 0.007145
0.767427 0.505212 0.002911
0.773838 -1.981436 0.006725
0.779434 -1.155346 0.010275
0.803856 0.043735 0.004900
0.819400 -3.159113 0.001595
0.822325 0.312288 0.003438
0.827958 1.372921 0.000855
0.834395 1.034059 0.001283
0.838217 -0.354709 0.006730
0.844003 0.663211 0.002085
0.844184 -0.535930 0.007535
0.857025 -4.020602 0.000520
0.859969 -1.755228 0.006630
0.859994 -0.177220 0.005538
0.865204 -0.678782 0.007758
0.872092 1.787231 0.000541
0.872920 -0.845331 0.008080
0.875703 -1.344120 0.007912
0.877212 0.416380 0.002743
0.877342 0.158746 0.003764
0.901694 0.884333 0.001414
0.903409 -0.058776 0.004538
0.904762 2.617435 0.000336
0.906078 -1.556787 0.006721
0.911000 -1.010255 0.007590
0.921021 -0.441732 0.006030
0.925750 -0.274334 0.005277
0.927252 0.537408 0.002153
0.928503 1.193989 0.000912
0.935334 0.268696 0.002974
0.935378 3.016345 0.000291
0.936171 2.016772 0.000419
0.948952 -2.207033 0.003637
0.952628 3.919680 0.000249
0.953374 -2.808202 0.001878
0.954160 0.049329 0.003677
0.960150 0.745733 0.001548
0.963509 -1.164796 0.006654
0.973853 -0.578042 0.005806
0.979741 -0.750434 0.006148
0.985242 -0.156896 0.004219
0.987706 3.466416 0.000252
0.991936 0.380308 0.002342
0.998909 -0.358564 0.004809
0.998987 1.562684 0.000547
1.006434 0.162472 0.002937
1.007525 2.270710 0.000329
1.022482 -0.897286 0.005746
1.022497 1.029754 0.000967
1.022977 0.622034 0.001634
1.027001 -2.465292 0.002346
1.040907 1.360528 0.000633
1.042538 -1.927786 0.003748
1.044245 -0.049379 0.003379
1.046634 -0.463569 0.004622
1.049244 -0.259244 0.004001
1.055026 4.462490 0.000202
1.058674 0.485663 0.001818
1.060707 -0.664946 0.004928
1.061757 0.269027 0.002337
1.066710 -3.446664 0.000720
1.066714 -1.274252 0.005041
1.070303 -1.455985 0.004696
1.072342 0.069032 0.002838
1.073561 0.873918 0.001082
1.082808 -1.053206 0.004995
1.084364 -1.687859 0.004011
1.096940 -0.161753 0.003331
1.106501 -0.561254 0.004228
1.112016 1.800663 0.000374
1.113646 -0.780754 0.004492
1.114750 0.728858 0.001209
1.116853 -0.360779 0.003689
1.120532 0.369731 0.001853
1.123356 0.170202 0.002299
1.139208 1.173856 0.000668
1.139587 -4.441826 0.000198
1.146301 0.004986 0.002579
1.153576 0.585689 0.001343
1.153833 -0.259592 0.003159
1.158005 -0.086772 0.002729
1.160072 -0.455372 0.003525
1.162812 -0.911422 0.004061
1.176731 0.264253 0.001860
1.181067 -3.820630 0.000379
1.185591 0.088708 0.002186
1.189077 -0.662731 0.003599
1.189391 0.464382 0.001446
1.190411 -2.162349 0.002153
1.190600 -1.176032 0.003746
1.197910 0.999950 0.000743
1.199876 -0.175566 0.002667
1.209349 -0.544783 0.003268
1.215090 1.376316 0.000467
1.215752 -0.341713 0.002886
1.218781 1.567545 0.000384
1.222432 0.836900 0.000866
1.230261 -3.084369 0.000784
1.230379 -0.020571 0.002188
1.231015 0.173178 0.001821
1.231486 -1.340554 0.003236
1.233539 -0.789368 0.003328
1.233741 0.353267 0.001497
1.237336 2.064873 0.000256
1.238299 0.685867 0.001009
1.238948 -0.423243 0.002861
1.239020 -1.030361 0.003349
1.243296 2.420189 0.000215
1.243537 2.765295 0.000194
1.247985 -1.530144 0.002876
1.250000 5.000000 0.000143
1.250000 -5.000000 0.000085
1.250626 -0.254337 0.002507
1.252976 -0.104703 0.002230
1.257612 0.048963 0.001933
1.261720 -2.705428 0.001090
1.271982 -1.920598 0.002136
1.273986 -1.723767 0.002422
1.275265 0.550770 0.001099
1.280709 0.258114 0.001498
1.286312 -0.494799 0.002637
1.291466 0.114196 0.001685
1.291816 -2.385447 0.001385
1.292313 -0.180006 0.002152
1.295080 -0.597763 0.002692
1.296697 -0.902513 0.002870
1.298601 0.434726 0.001193
1.300283 -0.695236 0.002740
1.300979 3.153716 0.000166
1.305989 -0.322269 0.002289
1.307875 1.202631 0.000480
1.308308 -0.041958 0.001861
1.309826 -0.394734 0.002364
1.327006 0.020625 0.001689
1.331138 0.182345 0.001443
1.335618 0.334166 0.001227
1.335917 1.061521 0.000535
1.336099 1.781229 0.000262
1.336843 -0.114543 0.001842
1.338425 -0.247115 0.002015
1.339604 -1.141888 0.002542
1.341373 0.769735 0.000744
1.343920 0.636402 0.000864
1.352738 -0.793634 0.002443
1.353324 0.080347 0.001507
1.354314 0.917801 0.000610
1.362944 -0.457014 0.002133
1.367244 -1.267548 0.002304
1.372871 3.583501 0.000143
1.373887 0.506835 0.000937
1.373890 -0.178825 0.001763
1.375386 -0.533505 0.002136
1.378153 0.250353 0.001213
1.379052 -1.006102 0.002313
1.379100 -0.054147 0.001587
1.382612 -0.379323 0.001951
1.386031 -0.616346 0.002141
1.387717 -0.309268 0.001852
1.387743 1.376204 0.000344
1.388153 0.137400 0.001320
1.394957 0.006806 0.001454
1.395028 0.404391 0.000999
1.401372 -1.422335 0.002004
1.401697 -0.696495 0.002102
1.411461 -0.115113 0.001536
1.414335 -2.092783 0.001312
1.414548 -0.239740 0.001659
1.421779 -0.885004 0.002055
1.424149 0.069679 0.001286
1.426684 0.190297 0.001148
1.428552 0.579977 0.000768
1.429688 0.322065 0.001005
1.430122 4.032104 0.000127
1.431476 1.551426 0.000268
1.437312 -0.439554 0.001747
1.440545 -3.516300 0.000318
1.442325 0.695794 0.000656
1.443284 -0.175735 0.001480
1.444298 -1.595551 0.001660
1.448635 -0.053033 0.001338
1.451010 -0.360502 0.001621
1.451604 -0.521048 0.001742
1.458472 0.465674 0.000813
1.460182 -0.597550 0.001750
1.460721 0.015097 0.001231
1.461299 -0.293238 0.001522
1.461454 0.819567 0.000548
1.463286 -0.778535 0.001814
1.463918 0.125189 0.001114
1.464728 -1.812261 0.001397
1.465805 0.249454 0.000991
1.469284 -4.072520 0.000164
1.470204 1.076372 0.000404
1.474342 -0.118299 0.001316
1.476930 1.220766 0.000341
1.477474 -1.105941 0.001759
1.480408 -0.229565 0.001395
1.490614 0.388953 0.000817
1.493870 -0.681022 0.001637
1.494482 2.236097 0.000152
1.496224 -1.241232 0.001634
1.496777 0.067259 0.001080
1.498314 0.949092 0.000439
1.498579 1.964708 0.000174
1.500547 0.180902 0.000971
1.502712 -0.018414 0.001139
1.502773 -0.971473 0.001654
1.504240 -0.465989 0.001482
1.504641 -0.173240 0.001265
1.506205 0.525116 0.000685
1.507766 -0.401112 0.001427
1.509881 -0.073306 0.001165
1.512576 0.308428 0.000839
1.516620 -0.339006 0.001351
1.522052 -0.275494 0.001287
1.526404 0.622318 0.000591
1.528611 0.024342 0.001033
1.532462 0.119463 0.000947
1.532472 -0.125367 0.001141
1.533492 -2.271004 0.000846
1.533986 -0.533886 0.001406
1.535188 -0.856899 0.001506
1.536239 -0.602638 0.001429
1.538858 2.548798 0.000126
1.539038 0.236375 0.000842
1.539138 -0.219952 0.001192
1.541146 -1.371367 0.001395
1.541850 -2.553983 0.000654
1.547771 -2.875846 0.000481
1.550336 -0.033162 0.001022
1.552462 0.729652 0.000497
1.554258 1.721486 0.000185
1.560432 0.450943 0.000652
1.560498 -0.171445 0.001094
1.562583 -0.083580 0.001026
1.563466 -0.756613 0.001376
1.563922 -0.412104 0.001235
1.566289 0.173691 0.000832
1.566586 0.066896 0.000908
1.566843 -0.467486 0.001255
1.567572 0.363427 0.000698
1.568539 -0.309579 0.001161
1.571029 -1.973180 0.000954
1.574471 0.007379 0.000932
1.575111 -0.359166 0.001170
1.577322 -0.258753 0.001103
1.579503 1.388892 0.000235
1.583819 0.287644 0.000721
1.584233 -0.128438 0.001001
1.586861 -3.228392 0.000312
1.587828 -0.670530 0.001265
1.589561 0.844368 0.000405
1.592267 -0.211647 0.001032
1.592938 0.121431 0.000814
1.593378 -0.045972 0.000924
1.594825 0.545581 0.000547
1.596866 2.887140 0.000107
1.600374 -1.038589 0.001260
1.601605 -1.507932 0.001126
1.602348 1.076994 0.000308
1.604131 4.517405 0.000094
1.604991 0.222399 0.000725
1.606382 -0.589744 0.001176
1.608977 -0.522536 0.001143
1.609430 -0.089609 0.000913
1.610017 -0.168773 0.000960
1.613069 0.035983 0.000827
1.613207 -1.167206 0.001199
1.615664 -0.297572 0.001018
1.617534 -0.926981 0.001204
1.617870 -0.011449 0.000846
1.621271 -0.399617 0.001053
1.621944 0.082084 0.000780
1.623974 -0.456380 0.001070
1.625987 -0.248265 0.000964
1.626042 -1.699804 0.000966
1.626380 0.642112 0.000461
1.626732 -0.341791 0.001010
1.627962 0.166641 0.000718
1.629542 -0.129814 0.000890
1.631917 0.405074 0.000575
1.635594 0.332081 0.000610
1.636024 -0.054445 0.000832
1.636617 1.213091 0.000249
1.638784 -0.204844 0.000909
1.640431 -0.824011 0.001122
1.646206 0.964246 0.000315
1.648685 0.266923 0.000626
1.650126 -0.095241 0.000824
1.650924 0.481396 0.000511
1.651438 -4.539807 0.000068
1.652382 0.118785 0.000702
1.653221 -0.164677 0.000854
1.654064 0.013415 0.000757
1.656209 0.056659 0.000729
1.657603 -0.283042 0.000902
1.657608 -0.728633 0.001055
1.659416 -0.023960 0.000766
1.661311 -1.298436 0.001021
1.664685 1.557343 0.000171
1.664695 0.744318 0.000380
1.665859 0.210659 0.000629
1.665965 -0.638766 0.001011
1.669908 -0.237354 0.000852
1.670137 -0.128834 0.000799
1.670905 -0.373476 0.000910
1.670928 -0.321815 0.000888
1.670949 -0.065310 0.000765
1.673260 -0.559248 0.000970
1.675363 -0.492260 0.000943
1.675551 -0.429594 0.000920
1.678622 -0.195728 0.000813
1.680962 0.084090 0.000670
1.683913 0.162481 0.000625
1.686665 0.032326 0.000686
1.687230 3.262902 0.000089
1.687963 -0.096891 0.000747
1.688400 0.563425 0.000431
1.689170 -0.038686 0.000716
1.691211 -0.158766 0.000769
1.693918 -0.269111 0.000812
1.696738 0.365362 0.000509
1.697083 -0.005324 0.000685
1.698281 0.305808 0.000534
1.703770 0.122350 0.000613
1.704818 -0.223551 0.000770
1.706216 -0.067419 0.000698
1.706259 -0.125324 0.000724
1.707441 0.425755 0.000469
1.709081 -0.947528 0.000931
1.709231 0.249246 0.000546
1.709280 -0.302404 0.000792
1.709981 0.056773 0.000634
1.713212 -0.347041 0.000801
1.713676 -0.185923 0.000736
1.713908 -1.060823 0.000915
1.716632 0.852659 0.000302
1.718080 -0.398302 0.000808
1.718466 1.827082 0.000126
1.719291 -1.857639 0.000689
1.721276 -0.095209 0.000683
1.721510 -0.036983 0.000657
1.722130 0.021014 0.000630
1.722159 -0.251475 0.000745
1.722882 0.199539 0.000549
1.724035 -0.151483 0.000701
1.724418 0.087503 0.000597
1.724970 -0.856118 0.000887
1.727320 0.650987 0.000360
1.727965 -0.457918 0.000805
1.732146 -0.597442 0.000832
1.732742 -0.679035 0.000847
1.732888 -2.116819 0.000566
1.733375 -0.521979 0.000811
1.733390 -3.719457 0.000137
1.734348 -0.211095 0.000706
1.735740 -1.414828 0.000801
1.735915 -0.009963 0.000621
1.736394 0.155509 0.000549
1.736633 -0.768936 0.000851
1.736745 -0.065415 0.000643
1.738394 -0.120940 0.000662
1.739165 -0.280106 0.000722
1.739847 0.493568 0.000407
1.740241 2.072604 0.000105
1.742443 1.322123 0.000179
1.742584 -0.176235 0.000677
1.744536 0.049043 0.000582
1.747697 1.105314 0.000218
1.748736 -0.236379 0.000688
1.749500 -0.092428 0.000632
1.750136 0.116390 0.000546
1.751009 -0.319776 0.000713
1.752762 -1.190891 0.000806
1.753193 -0.148977 0.000647
1.753283 -0.037913 0.000604
1.754364 0.351565 0.000446
1.754620 0.288842 0.000470
1.755040 0.015860 0.000580
1.755283 -0.364734 0.000719
1.758577 0.077704 0.000550
1.759028 -0.200547 0.000656
1.763152 -0.126612 0.000622
1.763932 -0.065309 0.000597
1.765190 -0.411490 0.000713
1.765533 0.234407 0.000478
1.765700 -0.259805 0.000665
1.767909 -0.013233 0.000571
1.768602 -0.106936 0.000605
1.769670 -0.175158 0.000628
1.774112 0.185271 0.000486
1.774246 -0.223500 0.000637
1.774869 -0.085671 0.000588
1.774944 0.745104 0.000293
1.775023 0.041585 0.000540
1.775549 -0.291039 0.000657
1.775796 0.420466 0.000398
1.777316 -0.152682 0.000608
1.777664 -1.590677 0.000668
1.778609 -0.045367 0.000567
1.778733 -0.458291 0.000699
1.782508 0.142387 0.000492
1.783962 -0.132045 0.000590
1.784022 0.010275 0.000539
1.784034 0.567400 0.000340
1.786281 0.969809 0.000229
1.786386 -2.377745 0.000408
1.787439 -0.504871 0.000693
1.787506 0.102474 0.000500
1.787794 -0.336628 0.000649
1.787858 -0.196244 0.000605
1.788628 2.341393 0.000086
1.788743 -0.111395 0.000575
1.789034 -0.024610 0.000544
1.789498 0.067082 0.000510
1.791037 -0.248028 0.000616
1.791564 -0.563139 0.000697
1.792549 -0.068416 0.000554
1.793767 -0.091711 0.000560
1.795197 -0.171084 0.000585
1.798381 -0.631850 0.000696
1.799922 -0.377446 0.000638
1.800007 3.674734 0.000073
1.800601 -0.308277 0.000618
1.800858 0.032478 0.000507
1.801603 -0.148396 0.000567
1.801906 -0.004586 0.000518
1.802618 -0.047167 0.000532
1.803674 -0.222392 0.000587
1.803747 -0.273914 0.000603
1.805839 -0.126103 0.000553
1.806920 0.307188 0.000405
1.807638 -0.709177 0.000689
1.809387 -0.979269 0.000700
1.809760 -0.105474 0.000541
1.810395 -0.877450 0.000696
1.811103 -0.197658 0.000568
1.811482 0.257136 0.000417
1.812289 -0.084609 0.000530
1.813646 -0.027046 0.000510
1.814454 -0.176203 0.000556
1.814619 0.363810 0.000378
1.815556 -0.420927 0.000622
1.815834 0.209453 0.000428
1.815964 0.054091 0.000480
1.816087 -0.065325 0.000519
1.816663 0.015414 0.000492
1.819451 0.122327 0.000453
1.819514 -0.156601 0.000543
1.819678 1.454668 0.000135
1.819694 -0.794068 0.000674
1.819782 0.165051 0.000438
1.820113 0.084993 0.000464
1.822495 -0.137158 0.000532
1.822579 0.491854 0.000331
1.824129 -0.246436 0.000562
1.824909 -0.046521 0.000501
1.825032 -0.117817 0.000523
1.825740 0.646843 0.000285
1.825915 -0.307199 0.000576
1.826163 -2.670094 0.000293
1.826790 -0.007737 0.000486
1.827611 -0.344683 0.000583
1.827615 -0.098852 0.000513
1.829461 -0.216606 0.000545
1.830976 -0.080800 0.000503
1.832640 -0.469300 0.000603
1.832898 -0.279316 0.000557
1.833135 -0.191315 0.000533
1.833192 0.035631 0.000464
1.834802 -1.290597 0.000626
1.835302 -0.169244 0.000523
1.836164 -0.028389 0.000480
1.836212 -0.063395 0.000491
1.836747 0.844050 0.000230
1.837156 -1.103023 0.000641
1.839023 -0.148169 0.000512
1.839965 -0.128964 0.000505
1.841684 -0.110986 0.000497
1.841855 0.011380 0.000461
1.844274 -0.094186 0.000489
1.844915 -0.046513 0.000474
1.845437 -0.384382 0.000563
1.845462 -0.524181 0.000592
1.848080 -0.077865 0.000479
1.848231 0.062334 0.000437
1.849435 -0.010979 0.000458
1.849674 0.423170 0.000329
1.849681 1.215416 0.000157
1.850173 -0.231350 0.000519
1.850372 0.098343 0.000424
1.851590 1.661690 0.000108
1.851888 -0.204579 0.000509
1.851899 -0.160625 0.000497
1.852478 -0.181634 0.000502
1.853756 -0.258924 0.000521
1.853961 -0.062368 0.000467
1.854165 -0.318534 0.000535
1.854215 -0.139329 0.000488
1.854362 0.135508 0.000409
1.855003 -0.121172 0.000482
1.856725 -0.585549 0.000583
1.856825 -0.030652 0.000454
1.856914 -0.105492 0.000475
1.857982 0.257952 0.000369
1.858191 0.307486 0.000354
1.858244 0.213170 0.000382
1.858374 0.031821 0.000434
1.859110 -0.089837 0.000468
1.859354 0.173429 0.000392
1.861606 -0.289911 0.000517
1.862935 -0.047583 0.000452
1.863937 -0.075582 0.000458
1.864390 -0.150859 0.000478
1.864394 0.006329 0.000435
1.864861 -0.429262 0.000542
1.864901 -1.748957 0.000488
1.866342 -0.130894 0.000470
1.868052 -0.170248 0.000478
1.868387 2.640521 0.000069
1.869362 -0.099275 0.000458
1.869598 -0.115250 0.000462
1.869988 -0.062665 0.000447
1.870070 -0.015886 0.000434
1.870663 -0.655290 0.000569
1.870873 -0.349969 0.000517
1.870950 0.357629 0.000329
1.871028 -0.216999 0.000486
1.871636 -0.191379 0.000479
1.873107 -0.085769 0.000449
1.875000 -5.000000 0.000026
1.875000 5.000000 0.000060
1.875616 -0.243038 0.000486
1.875778 -0.141902 0.000461
1.876345 -0.035052 0.000432
1.876625 0.078850 0.000401
1.877587 0.049072 0.000408
1.878138 -2.996918 0.000194
1.878368 -0.052433 0.000434
1.878629 -0.106200 0.000448
1.879325 -0.126789 0.000452
1.879674 -0.071957 0.000438
1.880357 -0.158193 0.000459
1.881116 0.732496 0.000230
1.882186 -0.095016 0.000441
1.882216 0.021990 0.000410
1.882232 0.559984 0.000268
1.883134 -0.272317 0.000482
1.883600 0.112675 0.000384
1.884682 -0.115623 0.000443
1.884942 -0.001366 0.000413
1.885406 -0.083880 0.000434
1.885846 -0.177075 0.000457
1.886467 -0.480601 0.000519
1.887641 -0.203246 0.000461
1.887990 -0.733380 0.000549
1.888696 -0.137125 0.000443
1.888875 -0.022489 0.000414
1.889634 -0.060833 0.000423
1.889800 -0.104777 0.000434
1.889984 -0.389381 0.000498
1.890095 -0.311698 0.000482
1.890663 -0.044206 0.000418
1.891536 -0.149042 0.000443
1.893025 -0.094760 0.000428
1.893031 -0.124719 0.000435
1.893646 -0.074011 0.000422
1.894243 0.146898 0.000364
1.894277 -0.226385 0.000457
1.896159 -0.085083 0.000421
1.896785 -1.448303 0.000502
1.896945 -0.113372 0.000427
1.897635 -0.163817 0.000439
1.898586 -0.188804 0.000443
1.900058 -0.033653 0.000404
1.900340 0.187768 0.000348
1.900349 -0.102748 0.000421
1.901359 -0.135323 0.000427
1.902364 -0.252077 0.000453
1.902570 0.062086 0.000378
1.902870 0.034906 0.000384
1.902934 -0.010537 0.000395
1.903458 -0.065820 0.000408
1.903508 0.478719 0.000273
1.903681 -0.092133 0.000414
1.903940 -0.818621 0.000530
1.904108 -0.052307 0.000404
1.904143 -0.912126 0.000532
1.904297 1.070243 0.000158
1.904307 0.010118 0.000389
1.904592 0.233235 0.000332
1.905378 -0.147696 0.000426
1.905581 -0.122253 0.000419
1.906762 -0.537594 0.000498
1.906889 -0.079954 0.000408
1.907250 0.092119 0.000365
1.908106 -0.110988 0.000414
1.908287 0.285448 0.000316
1.908894 -0.175643 0.000428
1.909140 -0.209002 0.000435
1.909582 -0.349546 0.000463
1.910445 -0.099837 0.000409
1.911097 -0.283301 0.000448
1.912548 -1.961922 0.000382
1.912988 -0.023587 0.000388
1.913314 -0.435257 0.000474
1.913320 -0.132428 0.000413
1.914699 -0.069393 0.000397
1.914862 -0.090255 0.000401
1.915157 -0.040741 0.000389
1.915629 -0.160127 0.000416
1.915990 -1.024732 0.000513
1.917057 0.405407 0.000280
1.918080 -0.106007 0.000401
1.918527 0.638236 0.000228
1.918914 -0.118934 0.000403
1.919583 -0.231290 0.000427
1.919589 -0.056615 0.000388
1.919936 -0.144861 0.000408
1.920078 -0.191681 0.000418
1.920988 0.338148 0.000293
1.921271 -0.080852 0.000392
1.923918 0.933343 0.000171
1.924148 -0.005250 0.000372
1.924197 -0.096130 0.000392
1.924274 -1.179241 0.000493
1.924353 -0.601745 0.000482
1.924470 0.118814 0.000342
1.924712 0.020169 0.000365
1.926267 -0.131247 0.000398
1.926789 -0.315555 0.000435
1.926871 0.046638 0.000357
1.927847 -0.173887 0.000405
1.928431 -0.069271 0.000382
1.929038 -0.108816 0.000390
1.929240 0.076366 0.000348
1.929524 -0.256939 0.000420
1.929676 -0.026400 0.000371
1.931161 -0.044425 0.000373
1.931813 -0.086365 0.000382
1.932566 -0.210479 0.000407
1.932758 -0.389020 0.000440
1.933091 -0.156636 0.000396
1.933825 0.158503 0.000324
1.934124 -0.121889 0.000387
1.935495 -0.141372 0.000390
1.938393 -0.058015 0.000369
1.938477 -0.097489 0.000377
1.938534 -0.076461 0.000373
1.939820 1.889740 0.000078
1.941265 -0.189717 0.000393
1.941880 -0.111296 0.000377
1.943155 -0.488165 0.000442
1.943322 -0.285122 0.000409
1.943592 4.108476 0.000057
1.943716 0.006857 0.000349
1.944120 0.201925 0.000306
1.944132 -3.375606 0.000117
1.944666 -0.131036 0.000378
1.945604 -0.036325 0.000357
1.945862 -0.677098 0.000460
1.946274 -0.231743 0.000396
1.946306 -0.016028 0.000352
1.946454 -0.169243 0.000384
1.948853 1.334022 0.000113
1.948909 0.030941 0.000339
1.949522 -0.086977 0.000364
1.949666 -0.349548 0.000413
1.950524 -0.069410 0.000359
1.951410 -0.149098 0.000374
1.951484 0.810398 0.000179
1.952221 0.094454 0.000322
1.952385 -0.118789 0.000367
1.952857 0.059633 0.000329
1.953327 0.250815 0.000288
1.953931 -0.101895 0.000362
1.954405 -0.050447 0.000351
1.956435 -4.130020 0.000055
1.956560 -0.208017 0.000380
1.957635 -0.256269 0.000388
1.959655 -0.429718 0.000414
1.961568 -0.132713 0.000361
1.962180 -0.184866 0.000370
1.962472 0.130689 0.000306
1.962666 -0.003594 0.000334
1.964008 -0.314721 0.000391
1.964659 -0.029762 0.000337
1.964736 -0.164788 0.000363
1.965335 -0.081699 0.000347
1.965801 -0.064231 0.000343
1.966058 0.304274 0.000267
1.967510 -0.114877 0.000351
1.968640 -0.097584 0.000347
1.969004 2.970172 0.000055
1.969428 0.017028 0.000323
1.969719 0.528380 0.000220
1.971953 -0.547787 0.000414
1.972568 -0.146832 0.000352
1.974054 0.369684 0.000248
1.974680 -0.755432 0.000428
1.975430 -0.048957 0.000331
1.975457 0.444319 0.000233
1.975523 -0.228812 0.000364
1.976056 -0.283394 0.000373
1.976269 0.041736 0.000312
1.977252 -0.384419 0.000387
1.977277 0.169574 0.000286
1.979507 -0.012717 0.000320
1.979536 -0.203554 0.000355
1.980462 -1.604930 0.000374
1.980696 -0.128455 0.000341
1.980741 0.070867 0.000303
1.982713 -0.069957 0.000328
1.982764 -0.182969 0.000349
1.984353 -0.164002 0.000344
1.984736 -0.254817 0.000359
1.984892 -0.089182 0.000330
1.985126 -0.109006 0.000333
1.986711 0.103623 0.000291
1.988105 -2.190820 0.000271
1.988295 -1.317733 0.000399
1.989047 -0.033358 0.000316
1.989216 -0.469585 0.000385
1.990098 0.008827 0.000307
1.991044 -0.622337 0.000399
1.991140 -0.343654 0.000366
1.991409 0.215396 0.000266
1.992348 0.714779 0.000177
1.992456 0.608878 0.000194
1.993443 -0.848626 0.000409
1.994717 -0.143895 0.000330
1.997404 -0.055207 0.000312
2.000023 0.033368 0.000294
2.001919 -0.123055 0.000320
2.002227 -0.306932 0.000349
2.002475 -0.211234 0.000334
2.003050 -0.077943 0.000311
2.003208 -0.185651 0.000329
2.004024 -0.100208 0.000314
2.004084 -0.013978 0.000299
2.005548 -0.163825 0.000324
2.005809 0.136027 0.000271
2.006379 -0.953373 0.000395
2.007298 0.266470 0.000246
2.007434 -0.239385 0.000334
2.009466 -0.272750 0.000337
2.009573 -0.420936 0.000357
2.009738 0.060832 0.000281
2.009911 1.514031 0.000085
2.010250 2.135026 0.000060
2.012186 -1.078924 0.000386
2.012265 0.089273 0.000274
2.013700 -0.038091 0.000295
2.014117 -0.512121 0.000363
2.018043 0.009579 0.000284
2.019757 -0.141061 0.000307
2.020677 -0.063091 0.000294
2.022178 -0.374179 0.000338
2.022229 0.326366 0.000226
2.023131 0.179144 0.000250
2.023472 -0.113656 0.000300
2.025373 -0.089084 0.000294
2.026579 -0.193514 0.000309
2.027508 -0.167407 0.000304
2.030555 -0.687563 0.000359
2.030844 -0.017229 0.000278
2.031774 -0.223186 0.000309
2.032210 0.037299 0.000268
2.032385 1.178065 0.000106
2.032845 -0.581512 0.000349
2.032942 -0.331396 0.000323
2.033927 0.108717 0.000255
2.034683 0.395322 0.000207
2.038573 -0.255396 0.000307
2.038938 0.862657 0.000138
2.039175 -0.291922 0.000312
2.039784 -0.044932 0.000275
2.041709 1.003757 0.000121
2.042679 -0.127376 0.000286
2.043324 0.226644 0.000229
2.044183 -0.463913 0.000327
2.044333 0.472589 0.000189
2.045077 -0.073091 0.000276
2.046731 0.070891 0.000252
2.048015 0.007688 0.000261
2.048441 -0.151443 0.000284
2.051442 -0.103017 0.000275
2.051484 0.144685 0.000237
2.053696 -0.178982 0.000284
2.054928 -0.204808 0.000287
2.058173 -0.407103 0.000308
2.059789 -0.023287 0.000257
2.060951 0.554465 0.000170
2.061186 -0.536062 0.000318
2.061708 -2.453277 0.000186
2.064039 -0.777856 0.000330
2.064051 0.280969 0.000208
2.065214 -1.202197 0.000325
2.065885 -0.234402 0.000281
2.065930 0.036771 0.000244
2.066601 -0.359442 0.000296
2.067184 -1.795042 0.000269
2.068105 -0.054069 0.000255
2.070898 -0.082725 0.000257
2.071081 -0.131816 0.000264
2.072968 0.105499 0.000229
2.073174 -0.312276 0.000285
2.074049 -0.271446 0.000279
2.074134 0.186589 0.000216
2.074867 -1.454904 0.000299
2.077814 -0.163853 0.000263
2.077854 0.653844 0.000149
2.078578 -0.626595 0.000308
2.080110 0.001789 0.000239
2.084248 0.343449 0.000188
2.085347 -0.202189 0.000262
2.086415 1.709389 0.000063
2.086718 0.766471 0.000133
2.086820 -0.106821 0.000249
2.087869 0.067885 0.000225
2.090131 -0.877270 0.000307
2.091201 -0.033940 0.000236
2.092851 -0.494128 0.000286
2.094592 -0.441488 0.000280
2.095568 3.335199 0.000044
2.098711 0.144568 0.000208
2.099748 -0.071592 0.000235
2.099956 0.234921 0.000195
2.101666 -0.242491 0.000255
2.101907 2.400716 0.000046
2.102645 0.030412 0.000220
2.103723 0.414587 0.000169
2.106168 -0.338799 0.000261
2.106729 -0.175262 0.000243
2.106825 -0.139322 0.000239
2.110556 -0.992989 0.000290
2.110975 -0.387371 0.000262
2.114438 -0.007231 0.000218
2.115342 -0.288902 0.000249
2.116161 -0.706873 0.000280
2.116354 -0.563434 0.000272
2.116834 0.102212 0.000203
2.119704 -0.105956 0.000226
2.123414 -0.208330 0.000235
2.123711 1.352422 0.000074
2.124872 -0.044180 0.000216
2.125325 0.493638 0.000150
2.126215 0.290498 0.000174
2.128496 0.187998 0.000186
2.130349 0.060746 0.000200
2.133792 -2.748951 0.000123
2.136171 -0.079040 0.000213
2.138461 0.904527 0.000103
2.139897 -0.167299 0.000220
2.141170 -1.113197 0.000262
2.141948 0.020461 0.000198
2.142548 -0.247905 0.000226
2.142639 -0.439956 0.000243
2.145731 -0.334107 0.000232
2.149521 0.140369 0.000180
2.149605 -0.127126 0.000210
2.149668 0.584805 0.000131
2.149768 -0.498776 0.000242
2.152679 0.354843 0.000154
2.152898 1.073244 0.000086
2.152968 -0.016725 0.000196
2.156743 -1.303896 0.000243
2.157304 -0.632624 0.000244
2.158349 -2.001268 0.000187
2.161963 0.237133 0.000163
2.163750 0.092602 0.000178
2.163955 -0.205462 0.000209
2.164592 -0.801159 0.000245
2.164840 -0.383528 0.000223
2.165660 -0.051760 0.000193
2.165780 -0.289295 0.000215
2.170132 -0.090550 0.000194
2.173466 -1.623188 0.000212
2.174722 0.045459 0.000178
2.175209 0.689037 0.000112
2.176999 4.557132 0.000038
2.179837 -3.744999 0.000047
2.180553 -0.163033 0.000195
2.180604 0.428414 0.000135
2.186259 0.001683 0.000176
2.186942 0.183654 0.000158
2.189087 1.928144 0.000045
2.190027 -0.562238 0.000218
2.190056 -0.245434 0.000197
2.191487 -0.910916 0.000227
2.193606 0.293987 0.000144
2.194767 -0.438039 0.000208
2.195402 -0.336566 0.000201
2.195729 -0.122096 0.000183
2.196260 0.803560 0.000097
2.200776 -0.037367 0.000173
2.202668 0.128589 0.000156
2.204963 -0.708505 0.000214
2.211082 0.512274 0.000117
2.211182 -0.200851 0.000181
2.211763 -0.075400 0.000170
2.212227 0.077274 0.000157
2.216571 -0.497222 0.000198
2.216851 1.533687 0.000053
2.218021 1.212909 0.000066
2.218616 2.692026 0.000035
2.219015 -3.082129 0.000075
2.219663 -0.288420 0.000183
2.222971 0.031557 0.000156
2.225314 -4.540319 0.000019
2.226890 0.361309 0.000125
2.229262 -0.155979 0.000168
2.229485 0.963665 0.000078
2.229864 -0.387103 0.000184
2.231152 0.233069 0.000135
2.232590 -1.027661 0.000200
2.235805 -0.010902 0.000154
2.241723 -0.626187 0.000189
2.242123 -0.108402 0.000159
2.244060 -0.241186 0.000167
2.244306 -1.455192 0.000181
2.244510 -1.181424 0.000191
2.245738 0.166424 0.000135
2.246555 0.608687 0.000099
2.251058 -0.337212 0.000170
2.255700 -2.234718 0.000124
2.256374 -0.052883 0.000148
2.256987 -0.446958 0.000173
2.257411 0.101498 0.000135
2.259505 3.736437 0.000033
2.263447 -0.786870 0.000181
2.263658 0.436840 0.000107
2.264798 0.294218 0.000118
2.265965 -0.192964 0.000154
2.266209 0.046452 0.000136
2.269595 -0.548284 0.000171
2.272274 -0.873836 0.000177
2.280053 -0.285626 0.000153
2.283076 -0.141862 0.000143
2.285780 0.000572 0.000132
2.286458 0.717444 0.000081
2.286848 -1.807177 0.000141
2.288977 -0.091386 0.000137
2.292433 0.860505 0.000072
2.294863 0.210537 0.000114
2.296784 -0.400285 0.000151
2.298934 -0.484197 0.000154
2.299743 2.166367 0.000033
2.300815 -0.696257 0.000160
2.302807 0.523866 0.000090
2.303778 0.139917 0.000116
2.305230 -0.235443 0.000139
2.305831 -0.339601 0.000144
2.307622 0.360052 0.000100
2.310191 1.076625 0.000058
2.316471 0.068182 0.000116
2.318841 -0.048107 0.000123
2.319120 1.367043 0.000046
2.319652 -1.303367 0.000149
2.321119 0.267214 0.000102
2.325043 -0.175993 0.000128
2.326305 1.726869 0.000036
2.326429 -0.967434 0.000151
2.331353 -0.610886 0.000144
2.343877 -0.112734 0.000117
2.346222 0.008935 0.000110
2.351143 -0.290957 0.000124
2.352313 0.433442 0.000083
2.352401 0.625470 0.000073
2.354299 -2.503655 0.000079
2.354655 -1.106705 0.000137
2.356284 -0.530317 0.000131
2.357288 -0.444842 0.000127
2.357513 3.013305 0.000027
2.360037 0.185998 0.000096
2.362790 0.115421 0.000099
2.363459 -0.368718 0.000122
2.365120 -0.224178 0.000115
2.366716 -0.775358 0.000132
2.371616 0.325024 0.000085
2.372625 -1.609645 0.000117
2.373218 0.783636 0.000061
2.373721 -0.866497 0.000130
2.376312 -3.423385 0.000037
2.379759 0.948328 0.000053
2.381606 -0.053173 0.000102
2.388572 0.061723 0.000094
2.389106 -0.168162 0.000105
2.389226 0.245752 0.000085
2.396187 0.514802 0.000070
2.402174 1.209160 0.000042
2.402191 -0.680010 0.000117
2.414104 -1.436665 0.000108
2.414592 -2.016746 0.000088
2.415153 -0.113908 0.000095
2.417864 -0.253364 0.000099
2.420956 0.389787 0.000070
2.421829 -0.327334 0.000101
2.422605 0.142934 0.000081
2.422875 0.003761 0.000088
2.425475 -0.586103 0.000107
2.431224 2.424788 0.000023
2.431805 -1.230747 0.000107
2.431839 -0.408410 0.000100
2.433083 -0.493005 0.000102
2.437470 1.533843 0.000031
2.437797 -0.995562 0.000107
2.439426 0.701759 0.000054
2.446641 -0.195183 0.000089
2.452487 0.211769 0.000072
2.455852 -2.807966 0.000048
2.456844 1.937672 0.000025
2.458401 0.589129 0.000055
2.459419 -0.059379 0.000081
2.460447 0.074548 0.000075
2.463586 0.302377 0.000066
2.463832 0.862468 0.000045
2.469750 0.468364 0.000058
2.470448 -0.878469 0.000096
2.471303 1.055149 0.000039
2.471646 4.170557 0.000023
2.472215 -4.084615 0.000016
2.478688 -0.764219 0.000093
2.483826 -0.278565 0.000082
2.486347 -0.134821 0.000077
2.500000 -5.000000 0.000006
2.500000 5.000000 0.000022
2.502169 -0.360037 0.000080
2.504278 -1.765488 0.000074
2.505373 -0.651648 0.000084
2.505489 0.005589 0.000068
2.506347 0.145157 0.000063
2.513235 -1.112382 0.000084
2.514537 -0.449062 0.000079
2.516173 -0.545807 0.000080
2.518151 3.371978 0.000020
2.522509 0.394249 0.000052
2.522821 -0.214113 0.000071
2.522877 1.348154 0.000028
2.531147 -1.346570 0.000077
2.533726 -2.261391 0.000054
2.537209 0.230099 0.000055
2.540255 0.773280 0.000039
2.541582 -0.069911 0.000063
2.545979 0.526243 0.000045
2.554760 0.074501 0.000057
2.560336 0.950824 0.000033
2.561260 0.642463 0.000040
2.562217 0.317886 0.000049
2.567923 -0.972887 0.000071
2.568231 -0.297310 0.000063
2.574879 -0.147859 0.000059
2.575429 1.716179 0.000020
2.583797 1.169752 0.000026
2.585071 2.707535 0.000017
2.586546 -1.545958 0.000062
2.588500 -0.839805 0.000066
2.589975 -3.150897 0.000026
2.593870 -0.390570 0.000060
2.598532 -0.718448 0.000063
2.601083 -0.002654 0.000051
2.601230 0.156386 0.000047
2.605712 2.167653 0.000017
2.607296 0.446065 0.000039
2.608773 -0.490475 0.000059
2.609034 -0.600811 0.000060
2.616080 -1.221161 0.000060
2.619941 -0.222038 0.000053
2.631724 -1.951347 0.000047
2.636943 -0.087184 0.000047
2.640611 0.250001 0.000040
2.650466 0.855397 0.000027
2.651469 0.353550 0.000036
2.658674 0.074743 0.000041
2.662596 1.499956 0.000018
2.662774 -2.539284 0.000031
2.663697 1.046466 0.000023
2.666752 0.708743 0.000028
2.667357 -0.320657 0.000047
2.671058 -3.662773 0.000014
2.671197 -1.076328 0.000051
2.675298 0.560328 0.000030
2.685922 -0.153359 0.000042
2.701718 -0.419973 0.000043
2.704122 -0.929360 0.000046
2.708409 0.173757 0.000034
2.708968 -0.021903 0.000037
2.709852 -1.375898 0.000043
2.712541 -0.536099 0.000043
2.713115 -0.791653 0.000044
2.714447 -0.661198 0.000043
2.720649 -0.240737 0.000039
2.721820 1.284911 0.000017
2.728512 -1.725030 0.000037
2.731439 0.433631 0.000027
2.731733 3.777759 0.000014
2.737332 1.918648 0.000013
2.744918 -2.150530 0.000030
2.754072 0.296660 0.000027
2.759739 3.020429 0.000012
2.766092 -0.110840 0.000032
2.768909 0.076408 0.000029
2.776637 2.417486 0.000011
2.779816 4.554733 0.000013
2.781059 0.936736 0.000018
2.786270 -1.202190 0.000035
2.786499 -2.877851 0.000018
2.789874 0.655622 0.000020
2.796083 -0.333034 0.000031
2.796413 0.790428 0.000018
2.806092 -4.512182 0.000004
2.809630 -0.210156 0.000029
2.811713 1.111545 0.000015
2.816504 -0.458148 0.000030
2.820343 0.183400 0.000024
2.823231 0.527446 0.000020
2.824407 -1.531661 0.000029
2.826734 1.677739 0.000011
2.827210 -0.590850 0.000030
2.827666 -1.033606 0.000031
2.833726 -0.017095 0.000025
2.837260 -0.730528 0.000029
2.845901 -0.874578 0.000029
2.859672 0.399452 0.000019
2.878147 -2.362859 0.000018
2.880440 1.447275 0.000010
2.880706 0.278589 0.000019
2.881224 -1.916947 0.000022
2.890782 -0.126848 0.000021
2.893932 -3.300599 0.000009
2.899655 0.093701 0.000019
2.911319 -1.340010 0.000023
2.918705 -0.256533 0.000020
2.924441 1.237515 0.000010
2.926398 2.136492 0.000008
2.928503 0.641222 0.000013
2.930833 -0.382198 0.000020
2.934520 0.803925 0.000012
2.939514 3.375416 0.000008
2.942977 -0.513949 0.000020
2.947942 0.984705 0.000011
2.956711 -0.657257 0.000020
2.964281 -1.149433 0.000020
2.967975 2.695817 0.000007
2.968484 -0.025057 0.000016
2.970671 0.203249 0.000015
2.970734 -4.065834 0.000004
2.978721 0.499513 0.000012
2.979728 -1.697282 0.000017
2.987592 -0.967480 0.000018
2.991019 -0.796055 0.000018
3.005578 0.355688 0.000012
3.006433 -2.637242 0.000010
3.022676 -0.158950 0.000014
3.025127 1.864046 0.000006
3.026264 4.168527 0.000008
3.039093 -2.128227 0.000012
3.047558 0.089024 0.000012
3.057345 -0.299803 0.000013
3.060848 -1.485964 0.000014
3.070688 1.117596 0.000007
3.070771 0.686290 0.000009
3.075453 -0.587359 0.000013
3.076756 1.602986 0.000006
3.080425 -0.444090 0.000013
3.097196 1.356636 0.000006
3.098923 0.879534 0.000007
3.110893 0.234420 0.000009
3.118163 -1.276191 0.000012
3.118229 -0.045220 0.000010
3.119306 0.542185 0.000008
3.119397 -3.669041 0.000004
3.125000 -5.000000 0.000001
3.125000 5.000000 0.000007
3.125020 -2.976484 0.000006
3.134401 -0.713946 0.000011
3.135242 2.379953 0.000005
3.146558 -1.073145 0.000011
3.149855 -0.884027 0.000011
3.153125 0.397082 0.000008
3.155590 -1.885244 0.000009
3.176350 -0.195974 0.000009
3.181723 3.010740 0.000005
3.201236 -2.377064 0.000006
3.202924 0.094607 0.000007
3.212119 3.762389 0.000005
3.216017 -0.361749 0.000008
3.223015 0.748437 0.000005
3.228310 0.996174 0.000005
3.240088 -1.646907 0.000007
3.241902 -0.552839 0.000007
3.255944 2.064532 0.000004
3.271092 0.256093 0.000005
3.276242 0.592477 0.000005
3.278734 1.218778 0.000004
3.283337 -0.060441 0.000006
3.296964 -1.413023 0.000006
3.303182 -0.755706 0.000006
3.309512 1.479493 0.000003
3.310105 1.766128 0.000003
3.317449 0.434767 0.000004
3.325757 -1.184539 0.000006
3.327239 -3.310999 0.000002
3.327954 -0.964478 0.000006
3.343647 -2.105307 0.000004
3.348351 -0.231235 0.000005
3.358951 3.379019 0.000003
3.361365 -2.668169 0.000003
3.361769 0.844325 0.000003
3.364426 2.670595 0.000003
3.367152 -4.526725 0.000001
3.377318 0.099839 0.000004
3.383676 -0.418387 0.000004
3.396814 4.474223 0.000004
3.428849 -4.097671 0.000001
3.438947 -0.618088 0.000004
3.441950 -1.834566 0.000003
3.447836 0.661017 0.000003
3.451214 1.051474 0.000002
3.452751 0.281881 0.000003
3.469203 -0.072525 0.000003
3.492097 2.307077 0.000002
3.496104 0.478480 0.000002
3.499789 -0.832237 0.000003
3.503672 -1.568831 0.000003
3.510716 1.304362 0.000002
3.528020 -1.067178 0.000003
3.531207 -1.313168 0.000003
3.539885 -2.981280 0.000002
3.541692 -2.361872 0.000002
3.543362 -0.266875 0.000003
3.556042 1.600554 0.000002
3.567558 -3.684564 0.000001
3.570534 -0.463488 0.000002
3.574427 0.118458 0.000002
3.583701 3.966015 0.000002
3.591274 1.943314 0.000001
3.591522 0.840406 0.000002
3.643510 3.031645 0.000002
3.659035 0.338443 0.000001
3.663396 -2.055751 0.000001
3.665793 -0.678772 0.000002
3.676003 -0.073045 0.000002
3.686310 0.597756 0.000001
3.691967 1.086848 0.000001
3.721510 -0.925573 0.000001
3.733699 3.484813 0.000001
3.734408 -1.749741 0.000001
3.746454 2.627808 0.000001
3.750000 5.000000 0.000002
3.750000 -5.000000 0.000000
3.751458 -0.282941 0.000001
3.755149 -2.647526 0.000001
3.760499 -1.185082 0.000001
3.760666 -0.485733 0.000001
3.767280 1.366804 0.000001
3.770123 -1.457883 0.000001
3.782712 -3.336838 0.000001
3.793448 0.141393 0.000001
3.838370 0.848786 0.000001
3.843508 1.664871 0.000001
3.850044 2.257830 0.000001
3.886071 0.388128 0.000001
3.895070 -0.751640 0.000001
3.908605 -2.314554 0.000001
3.912861 -0.082495 0.000001
3.919674 -4.458372 0.000000
3.924802 0.620770 0.000001
3.937948 -3.975615 0.000000
3.942363 1.958590 0.000001
3.951343 -0.536461 0.000001
3.954802 -2.981664 0.000000
3.956212 4.401090 0.000001
3.962683 1.131545 0.000000
3.971386 -0.310867 0.000001
3.979934 -1.028924 0.000001
3.987616 -1.959975 0.000000
4.032939 -1.625294 0.000000
4.038131 -1.306758 0.000000
4.039183 0.156396 0.000000
4.065938 1.414110 0.000000
4.076945 3.850821 0.000001
4.085308 2.936972 0.000001
4.100325 0.893000 0.000000
4.128586 -3.533611 0.000000
4.135976 3.344034 0.000001
4.138944 2.523901 0.000000
4.140757 -0.825124 0.000000
4.143966 0.380922 0.000000
4.147779 0.634694 0.000000
4.162370 -0.061433 0.000000
4.171567 -0.575341 0.000000
4.186955 -2.629878 0.000000
4.188290 -0.314019 0.000000
4.198283 1.736751 0.000000
4.264186 -2.200747 0.000000
4.280353 2.118881 0.000000
4.303216 1.138072 0.000000
4.305259 -3.105030 0.000000
4.312419 -1.103427 0.000000
4.323589 -1.824577 0.000000
4.327610 -1.453731 0.000000
4.365788 0.166617 0.000000
4.375000 5.000000 0.000000
4.375000 -5.000000 0.000000
4.382003 1.438837 0.000000
4.392609 0.813341 0.000000
4.411824 -0.782418 0.000000
4.411840 0.486974 0.000000
4.428533 -0.147903 0.000000
4.430076 -4.474684 0.000000
4.431801 -0.468910 0.000000
4.463020 4.440954 0.000000
4.468750 -3.957753 0.000000
4.509680 3.921834 0.000000
4.518843 2.497512 0.000000
4.533677 2.906059 0.000000
4.552336 3.398809 0.000000
4.565487 -2.439970 0.000000
4.580668 1.758575 0.000000
4.612159 -3.419265 0.000000
4.624527 -2.848938 0.000000
4.645425 1.027535 0.000000
4.645792 -1.283931 0.000000
4.646563 -1.640401 0.000000
4.664927 -2.052536 0.000000
4.671492 -0.963928 0.000000
4.677895 1.365209 0.000000
4.685000 0.327429 0.000000
4.689212 0.019253 0.000000
4.691042 0.666678 0.000000
4.703740 -0.633140 0.000000
4.706451 -0.305008 0.000000
4.706530 2.132706 0.000000
5.000000 4.375000 0.000000
5.000000 0.312500 0.000000
5.000000 0.625000 0.000000
5.000000 1.250000 0.000000
5.000000 2.500000 0.000000
5.000000 -0.312500 0.000000
5.000000 -0.937500 0.000000
5.000000 -0.625000 0.000000
5.000000 1.562500 0.000000
5.000000 -1.875000 0.000000
5.000000 -1.250000 0.000000
5.000000 -3.125000 0.000000
5.000000 -4.375000 0.000000
5.000000 -3.750000 0.000000
5.000000 -2.500000 0.000000
5.000000 0.000000 0.000000
5.000000 -5.000000 0.000000
5.000000 1.875000 0.000000
5.000000 3.750000 0.000000
5.000000 -1.562500 0.000000
5.000000 3.125000 0.000000
5.000000 0.937500 0.000000
5.000000 5.000000 0.000000
