-5.000000 -1.875000 0.000026
-5.000000 5.000000 0.000004
-5.000000 0.000000 0.000038
-5.000000 -0.937500 0.000034
-5.000000 2.500000 0.000021
-5.000000 3.750000 0.000010
-5.000000 4.375000 0.000006
-5.000000 -5.000000 0.000004
-5.000000 3.125000 0.000015
-5.000000 1.250000 0.000033
-5.000000 1.875000 0.000027
-5.000000 1.562500 0.000030
-5.000000 0.625000 0.000037
-5.000000 0.937500 0.000035
-5.000000 0.312500 0.000038
-5.000000 -4.375000 0.000006
-5.000000 -3.125000 0.000014
-5.000000 -3.750000 0.000009
-5.000000 -2.500000 0.000020
-5.000000 -1.250000 0.000032
-5.000000 -0.625000 0.000036
-5.000000 -2.187500 0.000023
-5.000000 -1.562500 0.000029
-5.000000 -0.312500 0.000038
-4.731209 -0.312146 0.000075
-4.720499 0.304695 0.000078
-4.716865 -2.782587 0.000033
-4.707039 -0.608214 0.000077
-4.698975 -1.217345 0.000068
-4.698461 2.198092 0.000052
-4.692721 0.647890 0.000081
-4.686223 -0.020676 0.000085
-4.684567 -1.561902 0.000064
-4.684106 0.976571 0.000079
-4.679050 2.776036 0.000041
-4.672458 -0.894708 0.000079
-4.668619 1.333802 0.000075
-4.649801 -2.292851 0.000051
-4.634025 -3.385230 0.000028
-4.619812 -1.915197 0.000065
-4.604096 1.747452 0.000078
-4.570837 3.363748 0.000038
-4.505865 3.898475 0.000031
-4.495066 -0.319769 0.000134
-4.478476 4.423721 0.000022
-4.475734 -3.934464 0.000027
-4.467617 0.469304 0.000144
-4.443108 0.164088 0.000155
-4.440891 -0.573016 0.000149
-4.422136 -4.464771 0.000020
-4.411951 -1.367660 0.000132
-4.394386 -1.079367 0.000150
-4.392811 0.808946 0.000166
-4.381339 -2.558151 0.000083
-4.379931 1.122994 0.000162
-4.375000 -5.000000 0.000014
-4.375000 5.000000 0.000018
-4.374718 2.475528 0.000101
-4.370462 -0.107721 0.000185
-4.370146 -3.015434 0.000064
-4.362800 -0.826672 0.000172
-4.360145 -1.691843 0.000133
-4.353592 1.452186 0.000159
-4.329450 2.069867 0.000135
-4.307735 -2.150710 0.000123
-4.300837 2.952448 0.000094
-4.244897 0.602602 0.000244
-4.229683 0.327978 0.000259
-4.223956 -0.361074 0.000258
-4.222869 1.763392 0.000196
-4.189104 -3.464569 0.000070
-4.168614 0.064590 0.000301
-4.167687 -0.634824 0.000284
-4.167594 -1.874925 0.000195
-4.148769 -1.470794 0.000240
-4.145148 -1.169573 0.000266
-4.115903 0.951794 0.000315
-4.112510 3.413805 0.000109
-4.088883 1.240432 0.000316
-4.080524 -0.889184 0.000333
-4.078710 -0.161498 0.000370
-4.061906 -2.589442 0.000170
-4.054842 3.885202 0.000089
-4.048076 0.717703 0.000384
-4.043335 1.530644 0.000324
-4.013228 -2.254428 0.000231
-4.012393 -2.925877 0.000152
-4.012217 0.463743 0.000429
-4.009826 -0.452206 0.000424
-4.006635 0.231736 0.000441
-4.004099 2.240039 0.000271
-3.979106 2.633837 0.000236
-3.968022 4.421567 0.000071
-3.963139 -3.870443 0.000082
-3.952426 1.904791 0.000352
-3.949492 -1.650530 0.000357
-3.914736 -4.403049 0.000057
-3.912169 -0.665182 0.000517
-3.911719 -0.279485 0.000543
-3.905112 -1.076087 0.000480
-3.898933 0.005364 0.000568
-3.896645 -1.341338 0.000453
-3.895365 -1.964047 0.000352
-3.881019 -3.269191 0.000158
-3.871426 3.054505 0.000237
-3.844607 0.852339 0.000606
-3.840474 1.099448 0.000584
-3.820297 0.619807 0.000663
-3.817483 0.212364 0.000686
-3.808820 1.665118 0.000537
-3.805693 0.406082 0.000699
-3.805632 1.358674 0.000594
-3.794167 -0.157613 0.000721
-3.789396 -0.862559 0.000662
-3.777129 -0.443789 0.000731
-3.750000 5.000000 0.000068
-3.750000 -5.000000 0.000044
-3.738854 -2.485929 0.000375
-3.723817 -1.110431 0.000725
-3.694161 -2.821093 0.000330
-3.688516 -1.783463 0.000616
-3.687079 -0.636395 0.000877
-3.682301 -1.525427 0.000696
-3.679601 -2.150563 0.000523
-3.672306 0.088337 0.000966
-3.669116 2.044714 0.000645
-3.664012 3.529671 0.000275
-3.656642 2.388071 0.000566
-3.654078 -1.279470 0.000810
-3.644896 -0.082930 0.001026
-3.644559 -0.289271 0.001013
-3.636026 0.954372 0.000975
-3.632352 0.297324 0.001058
-3.624661 0.723430 0.001039
-3.618402 0.511961 0.001080
-3.591914 -0.996356 0.001015
-3.588952 2.760428 0.000542
-3.575379 1.783333 0.000896
-3.574663 -0.789184 0.001109
-3.574657 -3.546144 0.000236
-3.571315 1.486509 0.001001
-3.567879 4.017743 0.000234
-3.567276 1.209588 0.001090
-3.562485 -0.473806 0.001204
-3.533767 -3.104470 0.000373
-3.508967 -1.951000 0.000855
-3.493043 -0.167035 0.001467
-3.491707 0.023310 0.001486
-3.484083 3.180050 0.000529
-3.483153 0.194031 0.001521
-3.481507 -4.012104 0.000184
-3.469494 0.391258 0.001564
-3.466532 -1.157571 0.001300
-3.462846 -0.641384 0.001486
-3.462457 -1.407605 0.001207
-3.447216 -2.320243 0.000795
-3.446678 -0.330883 0.001617
-3.443087 1.012081 0.001547
-3.441991 0.809168 0.001607
-3.435228 -0.893554 0.001504
-3.429206 0.600403 0.001703
-3.428769 -1.668303 0.001174
-3.415399 -2.648580 0.000682
-3.404461 4.525612 0.000213
-3.369181 -0.481041 0.001914
-3.364867 2.174753 0.001261
-3.363783 -0.065273 0.002031
-3.355826 -4.505223 0.000141
-3.346384 1.363990 0.001808
-3.343787 -1.020805 0.001809
-3.341907 -0.770074 0.001937
-3.340754 1.618475 0.001688
-3.337341 1.895090 0.001529
-3.332248 0.276572 0.002217
-3.326543 -0.210102 0.002204
-3.323728 0.106973 0.002264
-3.313215 0.446846 0.002313
-3.308387 -2.117179 0.001226
-3.307822 2.509930 0.001210
-3.306152 1.146886 0.002118
-3.293626 -1.266973 0.001885
-3.274934 -0.612929 0.002361
-3.270846 -0.346159 0.002496
-3.267373 0.736282 0.002527
-3.261373 0.921200 0.002489
-3.253450 -1.486709 0.001906
-3.247424 -1.882687 0.001604
-3.242914 -0.025329 0.002770
-3.241030 -2.890064 0.000817
-3.240960 0.579271 0.002755
-3.227628 -0.900548 0.002482
-3.227243 3.652544 0.000660
-3.222238 -1.116010 0.002356
-3.217852 2.880510 0.001184
-3.209003 -0.152319 0.002994
-3.195855 -0.472339 0.002963
-3.191028 0.359798 0.003180
-3.190567 0.215604 0.003195
-3.183411 -2.450302 0.001300
-3.180540 -3.266888 0.000661
-3.172922 -0.739859 0.002968
-3.162572 -0.269953 0.003332
-3.161589 0.081951 0.003437
-3.159933 -1.688912 0.002166
-3.131139 0.469867 0.003672
-3.126781 1.269005 0.003161
-3.125562 1.488735 0.002947
-3.125000 -5.000000 0.000122
-3.125000 5.000000 0.000235
-3.116921 1.064782 0.003424
-3.115387 0.740581 0.003684
-3.114214 -0.598191 0.003566
-3.113222 -3.666066 0.000507
-3.112858 -0.048738 0.003872
-3.111319 -1.330066 0.002857
-3.103592 1.736604 0.002807
-3.103108 -0.375323 0.003829
-3.098818 -1.002558 0.003324
-3.094933 3.295296 0.001148
-3.094864 0.601658 0.003952
-3.093347 0.881988 0.003774
-3.083922 -2.186186 0.001940
-3.077280 2.007972 0.002625
-3.072535 -0.167005 0.004253
-3.070548 -1.176852 0.003356
-3.069431 4.143926 0.000598
-3.062473 -0.852534 0.003817
-3.062289 0.310980 0.004397
-3.059541 0.171367 0.004450
-3.043078 2.294445 0.002426
-3.040395 -0.483052 0.004418
-3.031891 0.043475 0.004762
-3.028043 -1.517847 0.003223
-3.023022 -0.275026 0.004767
-3.021804 -0.709487 0.004408
-3.021562 -1.936602 0.002615
-3.013167 0.436310 0.004874
-2.998364 -2.678808 0.001613
-2.990623 -0.074165 0.005244
-2.976977 -4.097634 0.000405
-2.971549 0.553360 0.005242
-2.968494 0.695534 0.005135
-2.967906 -0.586861 0.005205
-2.967237 -0.377838 0.005406
-2.963456 2.615891 0.002334
-2.955171 0.236643 0.005646
-2.949510 -0.180632 0.005750
-2.948245 0.832055 0.005176
-2.946640 0.991554 0.004974
-2.945797 0.118659 0.005806
-2.944092 1.169302 0.004733
-2.943209 -1.059443 0.004840
-2.936093 -0.930407 0.005149
-2.935838 -1.715022 0.003638
-2.929673 1.367008 0.004531
-2.928405 -1.354033 0.004450
-2.924251 0.352719 0.005944
-2.919445 -0.805896 0.005574
-2.917029 0.007657 0.006203
-2.916827 -1.207878 0.004889
-2.908424 -0.475785 0.006145
-2.903040 1.587375 0.004341
-2.902483 -0.281163 0.006365
-2.884294 -0.685426 0.006264
-2.878381 -2.980143 0.001562
-2.877566 -0.096355 0.006753
-2.875443 -2.406421 0.002619
-2.865855 0.472088 0.006487
-2.857352 1.831671 0.004175
-2.855570 0.177825 0.006918
-2.850785 2.977937 0.002220
-2.847663 0.610895 0.006483
-2.847433 -0.375375 0.007135
-2.843711 0.266506 0.006979
-2.843411 -0.571416 0.007041
-2.842416 0.080805 0.007159
-2.841666 -0.191961 0.007268
-2.823328 0.750922 0.006481
-2.823051 -2.127251 0.003641
-2.816279 -0.019140 0.007567
-2.815047 -1.515742 0.005447
-2.807897 -0.923015 0.007077
-2.807541 -1.057222 0.006789
-2.806369 0.359986 0.007285
-2.804051 0.900133 0.006366
-2.803872 3.774961 0.001314
-2.797470 -0.285104 0.007917
-2.796080 -0.791904 0.007518
-2.795421 -0.465381 0.007896
-2.794437 2.093292 0.003997
-2.793157 4.544175 0.000669
-2.786893 1.064777 0.006165
-2.783074 -3.341838 0.001283
-2.780594 -4.546769 0.000329
-2.777814 -1.187490 0.006955
-2.773731 -1.887974 0.004823
-2.773382 -0.113866 0.008202
-2.768064 -0.667654 0.008171
-2.765295 0.160460 0.008017
-2.761957 1.241884 0.005955
-2.760639 -1.335149 0.006812
-2.756379 0.058155 0.008252
-2.750328 0.444852 0.007699
-2.750222 -0.199502 0.008571
-2.746918 0.261260 0.008059
-2.742554 0.545582 0.007570
-2.738677 -0.369147 0.008799
-2.738215 -0.558918 0.008765
-2.730106 -0.032843 0.008675
-2.729398 1.441779 0.005700
-2.724164 2.372491 0.003744
-2.721938 0.669214 0.007470
-2.717452 -1.673757 0.006319
-2.708576 -0.271160 0.009184
-2.699900 -0.464692 0.009392
-2.698263 0.359348 0.008316
-2.688028 -0.873127 0.009294
-2.686957 3.376619 0.002090
-2.686668 0.111776 0.008912
-2.685824 -0.102107 0.009278
-2.684451 -0.176478 0.009395
-2.683400 0.808460 0.007400
-2.682303 -0.749183 0.009559
-2.681886 -1.012718 0.009136
-2.679779 0.030822 0.009126
-2.677506 0.196296 0.008827
-2.677480 1.662141 0.005445
-2.664199 -0.638876 0.009934
-2.660969 0.957787 0.007161
-2.656941 -0.323128 0.009902
-2.654394 -2.660456 0.003323
-2.650620 -1.151539 0.009385
-2.649280 0.281447 0.008856
-2.647556 -3.730289 0.001032
-2.647254 -0.398308 0.010101
-2.646837 -0.029362 0.009552
-2.644715 0.463213 0.008450
-2.644263 -0.232280 0.009933
-2.644099 -0.543452 0.010239
-2.633028 0.583878 0.008214
-2.624395 -1.464121 0.008807
-2.623605 2.684598 0.003464
-2.621561 -0.147789 0.010017
-2.619401 0.061543 0.009583
-2.619231 1.114830 0.006951
-2.618205 -2.314819 0.004952
-2.615484 -1.293751 0.009645
-2.611056 0.140270 0.009452
-2.607430 -0.078560 0.009995
-2.607080 -0.462123 0.010677
-2.603021 0.369399 0.008911
-2.601106 0.695423 0.008068
-2.599396 -0.281631 0.010486
-2.598695 1.899271 0.005184
-2.594300 0.213230 0.009365
-2.591330 0.004308 0.009919
-2.587574 -0.197804 0.010423
-2.585135 -0.813791 0.011159
-2.582913 -0.703227 0.011191
-2.582691 -0.359251 0.010796
-2.582405 1.299761 0.006614
-2.576890 -2.048049 0.006784
-2.573825 -0.935317 0.011274
-2.569504 -0.605590 0.011308
-2.564546 0.291309 0.009291
-2.564494 -0.120980 0.010415
-2.562319 0.089092 0.009865
-2.560836 -0.523916 0.011307
-2.559493 0.521283 0.008671
-2.557806 -0.044894 0.010256
-2.555481 0.814766 0.007894
-2.553971 -1.815612 0.008454
-2.550232 -0.424604 0.011240
-2.548329 -0.240100 0.010831
-2.544492 0.923826 0.007634
-2.543209 -1.064218 0.011670
-2.542783 -1.606103 0.009806
-2.539198 0.031571 0.010137
-2.537076 -0.165597 0.010708
-2.535480 0.435993 0.008975
-2.533294 -0.305949 0.011108
-2.531871 0.154216 0.009806
-2.528128 -3.017759 0.002884
-2.527678 1.499215 0.006260
-2.523593 0.225270 0.009621
-2.522749 -0.088418 0.010564
-2.511877 0.356907 0.009257
-2.509770 -0.018824 0.010408
-2.508712 -0.482916 0.011741
-2.507969 0.608832 0.008538
-2.507952 -0.367656 0.011450
-2.507293 4.171525 0.001367
-2.501660 -0.202241 0.011006
-2.501319 0.087019 0.010105
-2.500000 -5.000000 0.000275
-2.500000 5.000000 0.000638
-2.497869 -1.205491 0.012284
-2.496234 -0.653674 0.012233
-2.496014 -0.754979 0.012406
-2.495281 2.152228 0.004868
-2.494413 -0.132052 0.010820
-2.488847 1.038400 0.007418
-2.488376 -0.261143 0.011252
-2.487641 0.714286 0.008268
-2.486619 0.279487 0.009535
-2.484666 3.021882 0.003153
-2.481837 -0.559985 0.012157
-2.481031 -0.862933 0.012729
-2.479542 -0.064275 0.010652
-2.476907 0.031629 0.010344
-2.473054 -0.426134 0.011844
-2.468742 0.199483 0.009812
-2.468176 -0.317657 0.011528
-2.466739 -1.371800 0.012485
-2.465816 0.507069 0.008869
-2.465306 0.133782 0.010029
-2.460402 -4.144334 0.000813
-2.459797 -0.167568 0.011056
-2.451551 -0.106732 0.010867
-2.451290 -0.016280 0.010554
-2.450834 -0.977459 0.013247
-2.448432 -0.221901 0.011277
-2.448271 1.179515 0.007091
-2.446224 1.707945 0.005887
-2.442030 0.076414 0.010248
-2.441566 0.329125 0.009418
-2.440487 0.416787 0.009146
-2.440169 -0.372479 0.011834
-2.436777 -0.489931 0.012253
-2.431716 0.811837 0.008017
-2.430869 -0.273552 0.011511
-2.430493 0.248944 0.009677
-2.426325 -0.059618 0.010741
-2.420872 -0.612535 0.012754
-2.420807 0.172094 0.009933
-2.420210 0.026982 0.010436
-2.419434 -0.700494 0.013042
-2.417798 -0.141554 0.011051
-2.412156 0.919380 0.007728
-2.410914 2.422683 0.004431
-2.410855 -0.190327 0.011243
-2.408971 -0.323652 0.011755
-2.406926 -1.102760 0.013971
-2.406669 0.116220 0.010125
-2.406487 -0.427881 0.012160
-2.404588 0.679811 0.008361
-2.401697 0.583081 0.008634
-2.401592 -0.794730 0.013465
-2.400677 -0.097532 0.010903
-2.400555 -2.456637 0.006823
-2.399919 -1.519495 0.013411
-2.399475 1.352742 0.006685
-2.399294 -0.017414 0.010605
-2.397084 -0.235188 0.011434
-2.392682 -0.545382 0.012661
-2.387617 0.213507 0.009782
-2.387178 0.065832 0.010300
-2.384533 0.361144 0.009292
-2.381926 0.291104 0.009517
-2.380241 -0.372507 0.012009
-2.378335 -0.057659 0.010756
-2.378223 -3.377113 0.002383
-2.377553 -0.165475 0.011176
-2.377448 -0.281391 0.011641
-2.377223 0.488171 0.008890
-2.371709 -0.129346 0.011034
-2.370488 -0.893985 0.014030
-2.369752 0.020683 0.010457
-2.369223 0.155138 0.009969
-2.367023 -1.710713 0.013166
-2.365947 -0.480318 0.012486
-2.360510 -2.187399 0.009620
-2.359723 -1.930492 0.011787
-2.359597 -0.204544 0.011338
-2.355700 -0.324249 0.011840
-2.355634 -0.093731 0.010890
-2.355412 0.103500 0.010140
-2.353988 -0.646340 0.013224
-2.353621 -0.021040 0.010605
-2.352697 -0.244546 0.011505
-2.351142 -1.247759 0.014898
-2.348873 3.730547 0.002178
-2.347105 0.413387 0.009079
-2.346631 0.249896 0.009613
-2.346092 -0.418604 0.012257
-2.341214 -0.166228 0.011177
-2.338144 0.055576 0.010298
-2.336755 -0.582418 0.013004
-2.336533 0.762989 0.008051
-2.336519 -0.059519 0.010741
-2.334435 -0.729580 0.013662
-2.333480 -0.129980 0.011023
-2.332716 0.193583 0.009788
-2.332446 1.919000 0.005477
-2.329778 1.043422 0.007338
-2.327910 -0.999587 0.014749
-2.326132 0.012260 0.010448
-2.325389 0.333584 0.009299
-2.325309 -0.281432 0.011663
-2.325207 -0.367970 0.012048
-2.320854 0.142543 0.009952
-2.318003 -0.235889 0.011461
-2.317907 -0.198132 0.011298
-2.317882 -0.095037 0.010866
-2.317869 1.536771 0.006240
-2.316218 -2.752352 0.005737
-2.314597 -0.028333 0.010592
-2.313989 -0.523359 0.012776
-2.311402 0.649407 0.008316
-2.310756 0.098245 0.010099
-2.310726 -0.324950 0.011855
-2.307750 0.548760 0.008598
-2.306595 -0.159621 0.011124
-2.306268 -0.457853 0.012473
-2.302792 0.281015 0.009433
-2.301692 -0.816217 0.014201
-2.300526 -0.063803 0.010716
-2.299278 0.061494 0.010219
-2.297435 -0.125647 0.010969
-2.294317 0.029240 0.010335
-2.294007 0.886699 0.007658
-2.290736 0.226640 0.009597
-2.290240 0.463404 0.008819
-2.289319 -0.402960 0.012215
-2.288291 -0.004579 0.010459
-2.287822 1.214752 0.006885
-2.286470 -0.259853 0.011545
-2.285098 -1.396806 0.016015
-2.284921 -0.220124 0.011365
-2.284141 -0.094931 0.010822
-2.283117 0.175432 0.009765
-2.281961 -0.184810 0.011205
-2.281326 -0.664111 0.013523
-2.280773 2.707903 0.003994
-2.280282 -0.300690 0.011728
-2.279753 -0.037274 0.010576
-2.278250 -0.599849 0.013200
-2.276656 0.384335 0.009038
-2.276167 -1.113492 0.015632
-2.275790 0.129229 0.009920
-2.274405 -0.151906 0.011051
-2.272935 -0.351903 0.011965
-2.268532 -0.067663 0.010683
-2.268502 0.088656 0.010059
-2.266121 -0.122138 0.010910
-2.262481 0.051399 0.010191
-2.259963 -0.487803 0.012635
-2.259947 0.017173 0.010322
-2.258119 -0.906865 0.014853
-2.256457 0.319775 0.009205
-2.255533 -0.014704 0.010442
-2.254517 -0.205358 0.011261
-2.254407 -0.239429 0.011417
-2.254214 -0.095012 0.010775
-2.250770 -0.173992 0.011115
-2.250486 -0.275856 0.011583
-2.249578 -0.043923 0.010552
-2.249324 -0.545111 0.012936
-2.248807 -0.438307 0.012380
-2.246513 -0.741617 0.014008
-2.246141 0.260553 0.009384
-2.245259 -0.146358 0.010983
-2.242417 0.205895 0.009569
-2.242259 -0.316416 0.011768
-2.242131 3.338829 0.002919
-2.240962 -0.071743 0.010653
-2.239477 -0.392470 0.012142
-2.239367 0.156792 0.009742
-2.239363 -0.120959 0.010862
-2.235437 0.113044 0.009898
-2.232823 0.073890 0.010044
-2.231158 0.037089 0.010186
-2.230571 0.004700 0.010315
-2.229909 -0.098455 0.010748
-2.229778 0.778914 0.007794
-2.227608 -0.192073 0.011162
-2.226701 -0.024390 0.010428
-2.226623 0.595502 0.008283
-2.226555 -0.354473 0.011940
-2.226543 0.691980 0.008016
-2.226090 -0.221466 0.011295
-2.224710 -0.052625 0.010542
-2.222597 -0.253429 0.011441
-2.222205 0.508410 0.008527
-2.221957 -0.163973 0.011025
-2.220747 2.133868 0.005029
-2.219594 -0.139604 0.010912
-2.219352 -1.576202 0.017116
-2.219317 -0.079749 0.010648
-2.217836 0.428415 0.008763
-2.216228 -0.288229 0.011601
-2.215302 -0.117410 0.010806
-2.214021 -1.230035 0.016712
-2.212950 -0.606256 0.013284
-2.212580 1.376991 0.006419
-2.208364 -0.669032 0.013650
-2.207730 -0.493007 0.012652
-2.206279 0.003708 0.010272
-2.205628 -0.100394 0.010714
-2.205301 -1.003743 0.015649
-2.205240 0.356011 0.008966
-2.205103 1.725059 0.005748
-2.204877 -0.180605 0.011074
-2.204710 0.029083 0.010165
-2.204009 -0.064166 0.010553
-2.203998 -0.041165 0.010455
-2.202778 -0.017802 0.010354
-2.202528 -0.445418 0.012392
-2.202230 0.060270 0.010034
-2.201431 0.136258 0.009737
-2.200978 -0.205013 0.011181
-2.200959 0.182495 0.009563
-2.200895 -0.820208 0.014567
-2.200492 -4.572692 0.000635
-2.200483 0.095067 0.009894
-2.199832 -0.323917 0.011758
-2.199013 0.234636 0.009369
-2.198299 -0.151780 0.010931
-2.198042 -0.128643 0.010826
-2.197926 -0.402378 0.012160
-2.197530 -0.233236 0.011310
-2.197419 0.293208 0.009160
-2.197239 -0.083812 0.010626
-2.191185 -0.263633 0.011448
-2.190445 -0.111378 0.010736
-2.188449 1.106093 0.006928
-2.188383 -0.170795 0.011003
-2.187678 -0.364344 0.011952
-2.185310 0.978853 0.007204
-2.184928 -0.055833 0.010483
-2.182567 -0.295357 0.011594
-2.182417 -0.033492 0.010382
-2.182063 -0.075241 0.010562
-2.181913 0.012673 0.010187
-2.181882 -0.096203 0.010654
-2.181659 -0.547612 0.012951
-2.181147 -0.011112 0.010285
-2.180018 -0.135607 0.010828
-2.179443 -0.192062 0.011088
-2.178767 0.041617 0.010062
-2.178564 -3.770269 0.001853
-2.175898 -0.119139 0.010746
-2.174826 -0.215710 0.011194
-2.174572 -0.154472 0.010905
-2.173358 -1.782969 0.017386
-2.169297 -0.242702 0.011317
-2.169180 0.074948 0.009909
-2.168972 0.114685 0.009751
-2.167030 -0.174657 0.010988
-2.166625 -0.066353 0.010496
-2.166524 -0.086036 0.010583
-2.166066 -0.046468 0.010408
-2.165990 -0.104970 0.010666
-2.165323 0.157715 0.009578
-2.164282 4.545491 0.001306
-2.162117 -0.332274 0.011759
-2.161890 0.866565 0.007412
-2.161348 -0.139067 0.010814
-2.161006 -0.024280 0.010304
-2.160488 -0.002164 0.010209
-2.160386 -0.123173 0.010740
-2.159776 0.205365 0.009388
-2.159047 -0.271859 0.011448
-2.158443 -0.738871 0.014127
-2.157429 0.021468 0.010104
-2.156758 -0.449308 0.012384
-2.156491 -0.405228 0.012142
-2.154851 -0.197737 0.011080
-2.154500 -0.498975 0.012665
-2.154330 -0.157569 0.010889
-2.153865 0.396061 0.008713
-2.153146 0.045948 0.009995
-2.153107 -0.302764 0.011598
-2.152182 -0.077095 0.010519
-2.151852 -0.094617 0.010597
-2.151756 0.259902 0.009172
-2.151139 -1.348462 0.017921
-2.150962 -0.058962 0.010437
-2.150876 2.378588 0.004564
-2.149879 -3.039321 0.005193
-2.149867 -0.222821 0.011195
-2.149609 -2.013694 0.016202
-2.149326 -0.110277 0.010664
-2.148813 -0.176511 0.010970
-2.148472 0.468667 0.008469
-2.148470 -0.599790 0.013261
-2.148167 -0.040504 0.010351
-2.147412 -0.902763 0.015237
-2.146982 -0.369852 0.011944
-2.146180 -2.509161 0.010358
-2.145989 0.553412 0.008207
-2.145583 -0.125629 0.010728
-2.144150 -0.140637 0.010795
-2.143175 0.651053 0.007921
-2.142426 -1.107589 0.016648
-2.142254 -0.001720 0.010174
-2.141532 -0.248235 0.011310
-2.141103 0.322890 0.008928
-2.140233 -0.021595 0.010256
-2.139543 0.097094 0.009762
-2.139357 -0.086377 0.010540
-2.138681 -0.664362 0.013668
-2.138064 -0.069723 0.010463
-2.137676 -0.155781 0.010857
-2.136962 -0.101221 0.010604
-2.136398 0.066317 0.009880
-2.135636 0.017079 0.010083
-2.134808 -0.053953 0.010388
-2.134408 0.133895 0.009606
-2.134237 -0.114999 0.010663
-2.132992 -0.170545 0.010921
-2.132512 -0.189246 0.011010
-2.131200 -0.130002 0.010728
-2.131011 -0.208623 0.011102
-2.130808 -0.038077 0.010312
-2.130798 -2.261749 0.013805
-2.129349 0.037547 0.009986
-2.128794 -0.275715 0.011435
-2.127707 -0.080116 0.010494
-2.126298 -0.093414 0.010552
-2.126213 -0.143841 0.010786
-2.125461 0.175784 0.009427
-2.124998 -0.304552 0.011580
-2.124497 -0.335490 0.011743
-2.124448 -0.007328 0.010168
-2.124134 -0.068244 0.010435
-2.123178 -0.227959 0.011189
-2.122317 -0.106374 0.010606
-2.121731 -0.120361 0.010670
-2.120873 -0.056315 0.010377
-2.120340 2.987121 0.003553
-2.120120 -0.159314 0.010851
-2.117700 -0.024863 0.010234
-2.117484 0.754031 0.007581
-2.116882 -0.084083 0.010497
-2.116755 -0.043599 0.010315
-2.115815 -0.132330 0.010718
-2.115736 0.010346 0.010078
-2.115630 -0.177711 0.010934
-2.115186 0.222198 0.009232
-2.114587 -0.249592 0.011289
-2.114371 -0.096193 0.010549
-2.113811 -0.419227 0.012195
-2.113230 -0.073392 0.010443
-2.112497 -0.114887 0.010632
-2.111586 -0.198675 0.011032
-2.110511 0.080290 0.009777
-2.110135 -0.146799 0.010780
-2.109565 1.255232 0.006441
-2.109560 -0.543765 0.012925
-2.108971 -0.062072 0.010386
-2.108454 -0.105380 0.010583
-2.108333 -0.475809 0.012519
-2.108105 0.054250 0.009880
-2.107537 -0.372800 0.011934
-2.106768 -0.087115 0.010497
-2.106420 -0.123840 0.010667
-2.106085 0.111013 0.009644
-2.105974 0.029903 0.009979
-2.105659 1.520606 0.005942
-2.104028 -0.009522 0.010146
-2.103731 -0.050366 0.010326
-2.103667 -0.163023 0.010850
-2.103454 -0.033768 0.010252
-2.103066 -0.220054 0.011129
-2.102911 -0.097494 0.010540
-2.102820 -0.077470 0.010448
-2.102406 -0.805879 0.014662
-2.100917 -0.135543 0.010716
-2.100328 -0.113096 0.010609
-2.100018 0.275530 0.009006
-2.099708 -0.273199 0.011397
-2.099254 0.373425 0.008662
-2.098354 -0.299953 0.011536
-2.097933 -0.067322 0.010395
-2.097276 -0.089834 0.010497
-2.097148 -0.180950 0.010930
-2.096588 0.147015 0.009484
-2.095701 -0.103540 0.010559
-2.095688 -1.480439 0.019202
-2.094194 -0.149157 0.010773
-2.093593 -0.123803 0.010652
-2.093369 -0.023399 0.010192
-2.092630 -0.081333 0.010453
-2.091791 0.009252 0.010047
-2.091726 -0.056801 0.010340
-2.091017 -0.243585 0.011239
-2.090142 -0.094870 0.010512
-2.089301 -0.042354 0.010271
-2.089237 -0.199832 0.011017
-2.088033 -0.112710 0.010594
-2.087923 -0.330847 0.011696
-2.086841 -0.072064 0.010403
-2.086408 -0.135760 0.010701
-2.086261 -0.164556 0.010840
-2.085023 -0.995113 0.016114
-2.084378 0.054797 0.009841
-2.084016 -0.102401 0.010541
-2.083903 -0.619079 0.013412
-2.083477 -0.087236 0.010470
-2.083039 0.436271 0.008418
-2.082517 0.030711 0.009941
-2.081960 0.084012 0.009715
-2.081207 -0.009032 0.010113
-2.081023 0.186542 0.009302
-2.080197 -0.061446 0.010347
-2.080176 -0.122680 0.010633
-2.078545 -0.220210 0.011111
-2.077893 -0.149348 0.010759
-2.077438 -0.029976 0.010201
-2.077166 -0.181055 0.010914
-2.076802 -0.078161 0.010420
-2.075729 -0.095114 0.010498
-2.075188 -0.048586 0.010283
-2.073972 -0.109457 0.010564
-2.073184 -0.709637 0.014032
-2.072735 -0.270148 0.011366
-2.071764 0.118120 0.009559
-2.071658 -0.398608 0.012070
-2.071554 0.509920 0.008158
-2.071484 -0.135159 0.010685
-2.070094 0.323465 0.008774
-2.069372 -0.067915 0.010365
-2.069075 0.234359 0.009098
-2.068707 -1.219330 0.017948
-2.068547 -0.298829 0.011517
-2.067976 -0.445392 0.012342
-2.067625 -0.163585 0.010821
-2.067331 -0.085472 0.010445
-2.066768 -0.360292 0.011854
-2.066593 -0.198855 0.010996
-2.066472 -0.122059 0.010618
-2.065969 0.008386 0.010017
-2.064800 -0.242407 0.011218
-2.064221 0.595105 0.007884
-2.062882 -0.098783 0.010504
-2.062504 -0.016831 0.010125
-2.061606 -0.056075 0.010303
-2.061027 -0.037945 0.010219
-2.060369 -0.147135 0.010735
-2.060205 -0.503799 0.012698
-2.060019 0.034868 0.009894
-2.059339 -0.112111 0.010564
-2.058515 -0.074979 0.010388
-2.058204 0.062249 0.009773
-2.056639 1.100462 0.006621
-2.056421 0.152521 0.009396
-2.056078 -0.179093 0.010891
-2.055117 -0.131265 0.010654
-2.054059 -0.218331 0.011089
-2.053744 0.969964 0.006895
-2.051497 -0.087616 0.010442
-2.051171 0.855401 0.007157
-2.050193 0.092987 0.009632
-2.048726 -0.064991 0.010333
-2.047722 -0.160329 0.010793
-2.047579 -0.102836 0.010512
-2.047010 -0.119605 0.010592
-2.045310 0.677199 0.007604
-2.045158 -0.264163 0.011327
-2.044782 -0.005571 0.010056
-2.044631 -0.028516 0.010160
-2.044622 -0.048064 0.010251
-2.043599 -0.565963 0.013104
-2.043221 -0.196393 0.010973
-2.043162 -0.326774 0.011668
-2.042874 -0.888955 0.015427
-2.041965 -0.141962 0.010699
-2.041306 0.203080 0.009172
-2.040813 0.018292 0.009945
-2.039750 -0.291599 0.011475
-2.039233 -0.076972 0.010382
-2.038943 0.272060 0.008903
-2.038310 -0.239294 0.011195
-2.036641 1.924309 0.005150
-2.034591 0.044964 0.009821
-2.034041 -0.092453 0.010453
-2.033791 -0.175529 0.010864
-2.033419 -0.128088 0.010627
-2.033173 0.387352 0.008477
-2.033115 0.121692 0.009490
-2.032048 -0.109822 0.010536
-2.030976 -0.366719 0.011898
-2.029770 -0.409859 0.012150
-2.029415 -0.061063 0.010301
-2.028927 -0.216167 0.011073
-2.028079 0.074070 0.009687
-2.027164 0.170582 0.009281
-2.026824 -0.154786 0.010757
-2.026463 -0.020673 0.010110
-2.025179 -0.041601 0.010206
-2.021681 0.002599 0.009999
-2.020184 -0.462616 0.012477
-2.019992 -0.078061 0.010377
-2.018743 -0.193786 0.010956
-2.018479 -0.137388 0.010668
-2.017164 -0.638091 0.013627
-2.015935 -0.097584 0.010470
-2.015352 -0.268220 0.011353
-2.015289 -0.117639 0.010569
-2.014737 -0.242281 0.011213
-2.012747 0.028040 0.009877
-2.011603 -0.790024 0.014747
-2.010839 -1.095954 0.017302
-2.010488 0.096499 0.009572
-2.010298 -0.171765 0.010842
-2.009647 0.228730 0.009023
-2.009181 -1.650471 0.021200
-2.009098 0.324284 0.008658
-2.008276 -0.301359 0.011540
-2.006447 -0.059844 0.010284
-2.006146 0.460138 0.008175
-2.005977 -0.016770 0.010079
-2.005818 0.056113 0.009745
-2.005482 -0.036994 0.010174
-2.004650 0.141062 0.009375
-2.003669 -0.216432 0.011078
-2.003504 2.596799 0.004106
-2.002360 -0.150812 0.010735
-2.001527 -0.337124 0.011748
-2.001429 -0.518372 0.012854
-1.999310 -0.082844 0.010394
-1.997311 -0.128605 0.010622
-1.996443 -0.105787 0.010507
-1.995874 0.008186 0.009957
-1.994155 1.675341 0.005450
-1.993822 -0.709999 0.014194
-1.993044 0.555115 0.007841
-1.992851 1.390071 0.005913
-1.992813 -0.191739 0.010950
-1.990800 -0.379155 0.012005
-1.989960 -1.343952 0.019669
-1.989769 4.080595 0.001969
-1.989197 0.764592 0.007230
-1.988722 -0.242279 0.011224
-1.988450 0.184719 0.009175
-1.984514 -0.043017 0.010196
-1.984182 -0.167609 0.010826
-1.983557 -0.016861 0.010070
-1.983428 -0.425423 0.012295
-1.983195 -0.272220 0.011394
-1.982556 0.074168 0.009647
-1.981362 0.112416 0.009476
-1.981188 -3.371034 0.004039
-1.980850 -0.067686 0.010317
-1.979753 0.036722 0.009817
-1.979587 0.275004 0.008799
-1.977989 -0.142988 0.010699
-1.976433 -0.092520 0.010441
-1.975320 -0.117747 0.010570
-1.974641 -0.215277 0.011086
-1.974302 -0.573942 0.013278
-1.973891 0.376292 0.008408
-1.971133 -0.307578 0.011608
-1.969622 0.006673 0.009954
-1.968938 -0.978764 0.016479
-1.966776 -1.863602 0.021987
-1.966355 -0.475808 0.012644
-1.964395 -0.188288 0.010947
-1.962514 0.144411 0.009322
-1.962029 -0.026112 0.010112
-1.959032 -0.347209 0.011859
-1.958266 -0.244072 0.011261
-1.958196 0.225453 0.008973
-1.957801 -0.052061 0.010241
-1.956763 -0.160753 0.010804
-1.954767 0.654140 0.007456
-1.953987 -0.078171 0.010374
-1.952431 -0.132967 0.010659
-1.951588 0.095434 0.009534
-1.951558 -0.105290 0.010514
-1.949914 0.057738 0.009708
-1.947418 1.207124 0.006129
-1.946015 -2.731187 0.010647
-1.945866 -0.637008 0.013804
-1.945568 -0.392328 0.012159
-1.945510 -0.276936 0.011465
-1.944863 -0.004991 0.010009
-1.944433 0.025140 0.009862
-1.944034 2.203071 0.004591
-1.943773 0.423359 0.008188
-1.942767 -0.213533 0.011107
-1.941812 -0.873394 0.015689
-1.941736 -4.182768 0.001339
-1.941108 0.325486 0.008551
-1.940906 0.178295 0.009158
-1.934321 -0.182848 0.010946
-1.933467 -0.442644 0.012507
-1.933204 -0.031067 0.010141
-1.932353 -0.517288 0.013005
-1.931883 -1.493468 0.021650
-1.929924 -0.314668 0.011715
-1.929441 0.125180 0.009388
-1.928421 -0.060597 0.010295
-1.927507 -0.151313 0.010779
-1.926093 0.496782 0.007899
-1.925601 -0.090265 0.010452
-1.925120 1.037000 0.006415
-1.924734 -0.120890 0.010616
-1.924087 -1.208117 0.018996
-1.923789 -0.782305 0.015012
-1.923244 -0.243622 0.011306
-1.923131 0.883459 0.006763
-1.922964 -2.112643 0.021071
-1.922524 -0.704304 0.014397
-1.920161 0.268502 0.008756
-1.917606 0.079886 0.009598
-1.913204 0.040361 0.009790
-1.912991 -0.357932 0.012019
-1.912271 0.000901 0.009987
-1.907087 0.575399 0.007600
-1.906785 -0.208251 0.011129
-1.906744 0.213694 0.008980
-1.905094 -0.279859 0.011556
-1.903351 -0.174529 0.010940
-1.903043 -0.036676 0.010186
-1.901579 -0.580431 0.013557
-1.900222 0.158318 0.009226
-1.899580 3.619705 0.002597
-1.896461 -0.072096 0.010380
-1.895766 -0.105495 0.010564
-1.895574 -0.407862 0.012388
-1.895127 0.373578 0.008304
-1.894416 -0.139386 0.010754
-1.889522 -0.468430 0.012815
-1.888467 -2.407720 0.017246
-1.888232 0.109241 0.009456
-1.884896 -0.320986 0.011860
-1.884736 -0.243302 0.011380
-1.884706 -1.072554 0.017924
-1.880154 0.748543 0.007016
-1.878885 0.064564 0.009679
-1.876984 0.023573 0.009890
-1.875466 -0.012773 0.010082
-1.875000 -5.000000 0.000479
-1.875000 5.000000 0.001018
-1.872317 0.313107 0.008526
-1.871824 -0.172762 0.010985
-1.868895 -0.206181 0.011191
-1.868123 -0.045463 0.010267
-1.868103 0.441506 0.008006
-1.866877 -0.527388 0.013321
-1.865522 -0.645704 0.014216
-1.865334 -0.106891 0.010615
-1.862818 -0.368371 0.012236
-1.862571 -0.077725 0.010453
-1.861916 0.251453 0.008787
-1.860612 -0.282158 0.011683
-1.859773 0.193394 0.009053
-1.857950 -0.138061 0.010808
-1.855048 -0.946241 0.016895
-1.853094 0.139549 0.009312
-1.850985 1.529266 0.005339
-1.844904 0.639815 0.007271
-1.842333 -0.835882 0.015957
-1.842241 -0.424173 0.012696
-1.842240 0.091223 0.009561
-1.842012 -0.736202 0.015089
-1.841445 -0.242463 0.011487
-1.837805 -0.001038 0.010059
-1.837564 0.043800 0.009814
-1.836689 2.841717 0.003601
-1.835555 -0.325759 0.012049
-1.835403 -0.166088 0.011026
-1.834386 -0.040630 0.010286
-1.830016 0.529327 0.007624
-1.828857 -0.076783 0.010504
-1.828616 -0.201424 0.011264
-1.827150 -0.487536 0.013222
-1.826129 -0.114465 0.010734
-1.825526 -1.340179 0.021538
-1.822636 3.232335 0.003083
-1.820041 1.319015 0.005598
-1.819120 -0.574312 0.013923
-1.816756 0.367652 0.008248
-1.812841 0.171264 0.009164
-1.810267 -0.281934 0.011849
-1.809959 1.781382 0.004887
-1.808366 0.291400 0.008583
-1.807697 -0.376469 0.012514
-1.806756 0.224893 0.008899
-1.806671 -1.707013 0.025471
-1.802628 -0.149468 0.011009
-1.800667 1.139194 0.005881
-1.800594 0.975671 0.006237
-1.800562 0.122622 0.009424
-1.796770 0.447291 0.007896
-1.795470 -0.027772 0.010278
-1.795142 0.070172 0.009715
-1.794016 0.835961 0.006577
-1.793673 0.020347 0.009999
-1.793442 -0.237203 0.011611
-1.793153 -0.073013 0.010556
-1.793100 -1.526277 0.024188
-1.788424 -0.654470 0.014776
-1.788390 2.425839 0.004051
-1.787320 -0.189084 0.011311
-1.787195 -1.180377 0.020102
-1.784418 -0.443155 0.013120
-1.781599 -0.327374 0.012285
-1.781440 -3.695304 0.003036
-1.779592 -0.110814 0.010827
-1.775637 -3.061924 0.008004
-1.768420 -0.514619 0.013772
-1.765977 0.711391 0.006888
-1.763113 -1.044414 0.018806
-1.760775 -0.738296 0.015734
-1.760137 2.030451 0.004467
-1.757988 0.173399 0.009183
-1.755404 -0.392656 0.012902
-1.754270 -0.826838 0.016627
-1.754253 -0.057011 0.010552
-1.751895 -0.277063 0.012062
-1.750701 -1.937361 0.027187
-1.750280 0.104423 0.009577
-1.750087 -0.926853 0.017677
-1.749930 0.248353 0.008790
-1.749578 -0.155698 0.011218
-1.749555 0.597117 0.007253
-1.747328 -0.005596 0.010243
-1.746183 -0.217777 0.011662
-1.745088 0.324530 0.008409
-1.744244 0.047753 0.009921
-1.737594 -0.588615 0.014610
-1.733874 0.403626 0.008032
-1.732961 0.500502 0.007609
-1.731557 -0.099738 0.010900
-1.731453 -0.341363 0.012647
-1.716432 -0.453112 0.013632
-1.704854 -0.042977 0.010599
-1.704630 0.136541 0.009451
-1.701181 -0.189228 0.011653
-1.698501 -0.666954 0.015660
-1.698152 0.203916 0.009064
-1.694887 -0.304004 0.012567
-1.694778 -0.247199 0.012123
-1.694152 -0.141018 0.011329
-1.691198 0.016636 0.010237
-1.690735 -0.526626 0.014459
-1.689734 -0.390033 0.013298
-1.689534 0.077926 0.009841
-1.686393 -2.202809 0.026131
-1.681875 0.276168 0.008670
-1.677127 0.911296 0.006109
-1.671647 1.416963 0.005058
-1.671213 -0.089888 0.011047
-1.670997 0.782800 0.006476
-1.668874 -0.763515 0.016923
-1.667675 -1.408224 0.025019
-1.666025 0.355885 0.008247
-1.665906 -1.269604 0.023082
-1.664175 1.066226 0.005694
-1.657680 0.659200 0.006883
-1.653300 0.448777 0.007779
-1.650728 -0.871639 0.018302
-1.649639 0.152660 0.009439
-1.649278 -0.341277 0.013171
-1.648463 -1.126072 0.021421
-1.648031 1.235882 0.005305
-1.647133 0.551729 0.007304
-1.646816 -0.472191 0.014350
-1.646777 -0.205212 0.012051
-1.645331 -0.030721 0.010710
-1.644220 1.625814 0.004695
-1.643649 -0.591588 0.015500
-1.643628 -2.483183 0.021076
-1.642300 -0.993765 0.019842
-1.636340 -0.148304 0.011649
-1.631694 -2.752533 0.014832
-1.629319 0.093833 0.009872
-1.628426 -0.276197 0.012755
-1.627640 0.032341 0.010310
-1.626374 -0.413939 0.013994
-1.624792 0.219287 0.009056
-1.622435 -1.577973 0.028353
-1.608529 2.241275 0.003926
-1.607622 -0.086120 0.011289
-1.604150 -0.686385 0.016910
-1.601974 -4.550850 0.001010
-1.601887 0.296764 0.008605
-1.598798 2.651498 0.003491
-1.592139 -0.518997 0.015325
-1.589955 -3.976636 0.002278
-1.587899 -1.772697 0.031229
-1.586276 -0.217061 0.012514
-1.582804 -0.352964 0.013791
-1.580871 0.387579 0.008087
-1.577981 0.148245 0.009613
-1.575655 -0.015609 0.010861
-1.570441 1.862071 0.004240
-1.568917 -0.150893 0.012035
-1.567550 -0.795327 0.018629
-1.560064 4.446426 0.001577
-1.559497 0.725610 0.006482
-1.558711 0.492084 0.007523
-1.553613 0.067911 0.010279
-1.552427 -0.439366 0.014926
-1.550674 0.973576 0.005661
-1.549640 -0.284962 0.013408
-1.547459 -0.606642 0.016767
-1.547045 3.892354 0.002134
-1.544364 0.224347 0.009146
-1.542531 0.842362 0.006038
-1.542128 0.605315 0.006963
-1.541680 -3.414212 0.005520
-1.539541 -0.078361 0.011557
-1.538804 -0.920337 0.020640
-1.521703 -1.222123 0.025312
-1.518191 -1.993275 0.033328
-1.516873 -1.062771 0.023012
-1.515453 0.313990 0.008578
-1.510271 -0.213323 0.013005
-1.506352 0.004450 0.010987
-1.504382 3.031934 0.002970
-1.503866 -0.359913 0.014574
-1.503348 -1.402956 0.028694
-1.500066 -0.707655 0.018613
-1.498587 0.140671 0.009874
-1.498433 -0.522937 0.016443
-1.495071 1.461093 0.004553
-1.490667 1.125249 0.005149
-1.488932 -0.138917 0.012417
-1.487080 0.416772 0.007944
-1.481483 1.291041 0.004794
-1.469456 -0.053425 0.011701
-1.459282 -0.281259 0.014134
-1.457364 -0.439125 0.015962
-1.456451 0.230948 0.009268
-1.455278 -0.825805 0.020909
-1.451926 0.058552 0.010736
-1.450863 0.693330 0.006468
-1.447085 0.536420 0.007246
-1.441630 -0.614990 0.018344
-1.441019 -2.231101 0.031890
-1.439828 2.072391 0.003741
-1.436696 3.467266 0.002467
-1.433376 -1.605565 0.033853
-1.420536 0.328528 0.008591
-1.417547 0.967055 0.005404
-1.416957 -0.202801 0.013619
-1.414607 0.814793 0.005916
-1.413063 1.667419 0.004091
-1.413009 -0.963017 0.023766
-1.411648 -0.355864 0.015475
-1.409378 -0.116813 0.012719
-1.407329 0.146766 0.010102
-1.406495 2.433863 0.003353
-1.403944 -3.046393 0.010925
-1.393622 -0.020419 0.011786
-1.392013 -0.519700 0.017820
-1.388035 -2.472607 0.026269
-1.385224 0.433421 0.007882
-1.385147 -0.721484 0.020740
-1.370348 -1.273688 0.030099
-1.367833 -1.118687 0.027412
-1.362408 0.629546 0.006695
-1.356001 -1.815307 0.038274
-1.354468 -0.421102 0.016991
-1.353808 0.244815 0.009381
-1.350639 -0.291700 0.015308
-1.349463 0.062941 0.011136
-1.331010 -0.846249 0.023740
-1.328165 -0.103445 0.013131
-1.324265 -0.612742 0.020203
-1.323473 -0.192806 0.014283
-1.320073 -2.723284 0.019308
-1.315746 1.284943 0.004421
-1.313352 0.508459 0.007400
-1.313301 0.357402 0.008508
-1.312389 -1.448712 0.035070
-1.310772 1.104231 0.004807
-1.307045 0.158051 0.010329
-1.301203 1.470175 0.004085
-1.293063 1.875754 0.003606
-1.285176 0.745622 0.006038
-1.281085 -0.023083 0.012462
-1.278703 0.914382 0.005325
-1.276208 -0.498518 0.019208
-1.270561 -0.987289 0.027630
-1.268652 -4.251480 0.001718
-1.266342 -0.373918 0.017419
-1.259045 -0.724993 0.023237
-1.258779 -2.050812 0.039785
-1.255880 2.769870 0.002810
-1.250000 -5.000000 0.000617
-1.250000 5.000000 0.001051
-1.249416 0.275620 0.009335
-1.242870 -0.259507 0.015965
-1.236804 0.073204 0.011538
-1.234935 2.214856 0.003198
-1.232715 0.427369 0.008029
-1.229832 -3.749903 0.003662
-1.228846 0.593658 0.006837
-1.220039 -0.133744 0.014341
-1.215093 -1.633155 0.041168
-1.211450 -1.286937 0.035220
-1.206936 0.185911 0.010366
-1.197359 -0.598646 0.022190
-1.196102 -1.131616 0.032529
-1.194373 -0.856890 0.027086
-1.163061 -0.020818 0.013142
-1.160130 0.336253 0.008919
-1.158598 -2.321386 0.034728
-1.157522 4.012644 0.001734
-1.155551 -0.465838 0.020463
-1.154524 1.675806 0.003510
-1.148923 -0.344615 0.018386
-1.141386 0.501089 0.007492
-1.141076 -3.329701 0.007354
-1.140746 0.685493 0.006228
-1.136619 0.843231 0.005406
-1.135073 1.027207 0.004698
-1.133553 1.226156 0.004161
-1.132463 -0.226245 0.016537
-1.122239 -0.721364 0.026016
-1.121218 3.150056 0.002317
-1.116873 0.099875 0.011734
-1.110995 1.431490 0.003734
-1.108740 -1.847723 0.045450
-1.103977 -1.002130 0.032448
-1.102352 -1.441210 0.041838
-1.102317 0.233736 0.010126
-1.097652 1.994408 0.003099
-1.083604 -0.114676 0.015098
-1.070284 2.493422 0.002684
-1.058529 0.400668 0.008424
-1.057832 -0.589022 0.024486
-1.049367 -0.858702 0.030650
-1.048713 -2.594904 0.025385
-1.038129 0.579699 0.006892
-1.036251 -0.339542 0.019629
-1.028341 -1.226719 0.039747
-1.025247 0.006611 0.013511
-1.023899 -0.462507 0.022321
-1.020531 -2.934122 0.014669
-1.003604 -0.229641 0.017810
-0.993514 3.577290 0.001862
-0.992372 0.743128 0.005773
-0.989270 0.289310 0.009719
-0.985119 -2.092562 0.043907
-0.984834 0.147063 0.011578
-0.984347 -1.638568 0.048149
-0.970547 0.923931 0.004837
-0.967643 -0.713688 0.029023
-0.958872 -1.054181 0.037663
-0.958413 4.489141 0.001263
-0.946690 1.117910 0.004108
-0.939134 1.836442 0.002924
-0.938581 0.464304 0.007892
-0.936630 -0.106722 0.015982
-0.927985 -4.563327 0.001125
-0.918947 1.572745 0.003164
-0.917924 1.327296 0.003551
-0.914475 2.201196 0.002598
-0.909309 -0.888571 0.034676
-0.904632 -0.379037 0.021983
-0.893615 -1.426584 0.047741
-0.888460 -0.554662 0.026439
-0.873845 0.032502 0.013785
-0.870152 0.613900 0.006585
-0.869223 2.821580 0.002137
-0.864581 0.335148 0.009349
-0.860030 -0.246833 0.019409
-0.846453 -1.857374 0.050118
-0.843122 0.183120 0.011441
-0.842914 -2.367888 0.034303
-0.826858 -1.236423 0.045466
-0.821975 0.796072 0.005312
-0.807249 -0.723551 0.032191
-0.789647 -3.613678 0.004479
-0.788533 -4.071449 0.002216
-0.782890 -1.061808 0.042031
-0.779003 -3.187006 0.009102
-0.777107 -0.098346 0.016721
-0.770969 0.991012 0.004299
-0.765417 -0.419173 0.024419
-0.748785 0.467464 0.007909
-0.744806 -0.902919 0.038313
-0.738425 -1.618091 0.052442
-0.735701 2.464484 0.002124
-0.720835 -2.705972 0.020326
-0.720716 1.198535 0.003533
-0.706874 2.021466 0.002359
-0.703048 0.275435 0.010302
-0.699104 0.077573 0.013525
-0.697519 1.442001 0.002972
-0.697033 -0.580285 0.029545
-0.695378 -0.266057 0.021010
-0.692543 3.175688 0.001689
-0.691558 0.647474 0.006229
-0.691404 1.718627 0.002595
-0.690470 -2.108955 0.043342
-0.656998 3.999194 0.001274
-0.653583 -1.387646 0.051154
-0.625000 -5.000000 0.000583
-0.625000 5.000000 0.000817
-0.624313 0.836326 0.004883
-0.616698 -0.758903 0.035637
-0.607403 -0.105219 0.017503
-0.604017 -1.164268 0.047161
-0.579491 -0.425768 0.025906
-0.571107 -1.834721 0.049782
-0.568669 -0.964647 0.042123
-0.565608 0.411431 0.008530
-0.544252 0.573399 0.006774
-0.533617 2.263850 0.001916
-0.530823 1.034659 0.003815
-0.527496 0.217883 0.011264
-0.517999 -2.417332 0.028223
-0.516024 -2.962624 0.011789
-0.514561 0.038252 0.014534
-0.512254 2.716820 0.001649
-0.504863 3.549582 0.001298
-0.488194 -0.252933 0.021353
-0.487698 -0.610418 0.031700
-0.480706 1.281582 0.002969
-0.475215 -1.568288 0.051547
-0.466141 0.756096 0.005218
-0.458345 1.565039 0.002407
-0.438329 1.879978 0.002033
-0.407909 -0.824552 0.038125
-0.407835 -3.387237 0.005381
-0.399863 -1.310488 0.049130
-0.391372 -2.085494 0.037993
-0.382884 -0.084492 0.017111
-0.368845 -1.071181 0.044415
-0.367191 4.450890 0.000868
-0.362976 -0.441907 0.026472
-0.361573 0.364475 0.008952
-0.351510 0.583580 0.006467
-0.341675 -4.452697 0.001070
-0.340991 0.900798 0.004178
-0.333467 3.016714 0.001290
-0.330780 -3.851703 0.002492
-0.320928 0.136934 0.012432
-0.282178 -1.777958 0.043604
-0.271617 2.115414 0.001614
-0.271233 -2.699490 0.014856
-0.260112 -0.654625 0.031973
-0.259102 -0.256413 0.020865
-0.253905 1.110412 0.003143
-0.250749 2.490832 0.001390
-0.227805 1.393167 0.002352
-0.199672 -1.487888 0.044568
-0.194588 1.701499 0.001843
-0.191060 0.754146 0.004818
-0.183728 -0.913252 0.037655
-0.174929 -2.344596 0.022668
-0.171872 -0.023263 0.014955
-0.146941 0.494745 0.006930
-0.129966 0.257590 0.009828
-0.127017 3.352287 0.000963
-0.120833 -1.192064 0.040855
-0.115183 -3.074613 0.006865
-0.110377 -0.459169 0.024723
-0.094464 3.903496 0.000808
-0.075297 -2.009832 0.029533
-0.043574 -0.198842 0.017667
-0.039184 1.927459 0.001422
-0.033292 2.776735 0.001023
-0.029652 -0.721796 0.029748
-0.029280 0.945677 0.003424
-0.005829 0.093867 0.011706
0.000000 5.000000 0.000523
0.000000 -5.000000 0.000408
0.008396 1.231461 0.002359
0.019240 -1.703343 0.032849
0.032076 -3.509711 0.003010
0.032897 0.661237 0.004941
0.039574 1.522637 0.001738
0.052458 -4.108707 0.001267
0.056099 2.283898 0.001100
0.060133 -0.977449 0.032027
0.061774 -1.405687 0.034327
0.070652 0.396042 0.007177
0.086713 -2.608724 0.010941
0.095842 -0.338613 0.018763
0.105054 -0.069154 0.013501
0.126444 -0.554931 0.022567
0.153855 -2.243292 0.016280
0.156324 0.197283 0.009014
0.177671 1.724908 0.001311
0.181842 4.443817 0.000531
0.190265 -1.200534 0.029011
0.192565 -2.919522 0.005912
0.196367 3.072178 0.000732
0.202559 -0.777440 0.024495
0.205815 0.824255 0.003455
0.218755 1.084796 0.002400
0.226333 -1.913126 0.020546
0.240404 0.568052 0.004885
0.241372 -0.198877 0.013934
0.247127 -1.574188 0.024913
0.250689 2.569434 0.000797
0.257722 0.029252 0.010342
0.269709 1.990996 0.001005
0.272196 1.378942 0.001625
0.289044 -0.402177 0.016368
0.295393 0.354598 0.006356
0.306246 -0.983211 0.023421
0.308455 3.525197 0.000577
0.325640 -4.500570 0.000570
0.337572 -0.603389 0.018248
0.338685 -3.802782 0.001401
0.339964 -3.253535 0.002965
0.364414 -1.384581 0.021716
0.375930 0.162800 0.007631
0.391344 -0.075608 0.010137
0.401019 0.710359 0.003412
0.401194 -2.463901 0.008003
0.402424 1.646762 0.001106
0.403857 -1.739020 0.017089
0.411217 0.939496 0.002443
0.420378 -0.794371 0.018151
0.430682 -0.256298 0.011767
0.433271 2.250400 0.000728
0.436752 -2.105525 0.011519
0.441842 -1.164301 0.019319
0.442999 0.490397 0.004479
0.450031 1.180801 0.001711
0.461331 3.988607 0.000439
0.466625 -0.447121 0.013360
0.486941 0.292707 0.005606
0.489300 2.826787 0.000550
0.493100 -2.812442 0.004281
0.500275 0.054950 0.007507
0.529567 -0.627959 0.013793
0.529649 -0.968320 0.016015
0.539486 1.422035 0.001175
0.540164 -1.554824 0.014545
0.545625 1.916760 0.000764
0.569448 0.612566 0.003239
0.575013 -0.123500 0.008280
0.579807 -1.891979 0.010605
0.585223 0.813104 0.002397
0.589090 -0.311318 0.009763
0.601009 -1.327636 0.013930
0.601700 0.190229 0.005497
0.602230 0.404574 0.004142
0.618001 -0.792107 0.012806
0.618971 1.017613 0.001742
0.625000 -5.000000 0.000213
0.625000 5.000000 0.000287
0.629707 -0.480981 0.010476
0.631239 -3.540712 0.001318
0.637675 3.182391 0.000417
0.650162 -4.109098 0.000625
0.650741 2.512021 0.000494
0.662291 -1.126846 0.012547
0.664827 0.035227 0.006025
0.673476 -2.240249 0.006155
0.675897 1.665897 0.000787
0.681795 1.229663 0.001232
0.700819 0.510835 0.003122
0.704420 4.500731 0.000298
0.706397 -0.636824 0.010026
0.709529 0.307877 0.004028
0.711654 -2.542747 0.004022
0.712874 -3.126697 0.001952
0.713958 -1.707108 0.009131
0.714987 -0.223567 0.007255
0.725642 -0.942386 0.010791
0.727082 0.691544 0.002352
0.740219 -0.091572 0.006097
0.742694 -0.363928 0.007786
0.752311 2.173341 0.000500
0.765030 0.162927 0.004407
0.770524 -1.473566 0.009145
0.777598 0.880152 0.001697
0.778360 -2.018332 0.006140
0.778662 -0.500176 0.008013
0.784488 3.598659 0.000318
0.785927 1.444306 0.000843
0.794237 -0.773800 0.008908
0.815267 -1.272755 0.008807
0.817008 0.412004 0.002975
0.820003 0.032047 0.004646
0.821323 1.064452 0.001254
0.838939 -0.224266 0.005764
0.848935 1.895778 0.000519
0.850681 0.570292 0.002296
0.851890 -1.083800 0.008270
0.854066 -2.788759 0.002272
0.865233 -0.340653 0.006017
0.865796 0.274153 0.003250
0.871672 -0.617978 0.007065
0.872906 -0.100037 0.004817
0.883582 0.728507 0.001770
0.892866 -0.458182 0.006170
0.894789 -0.912107 0.007395
0.899188 1.252555 0.000891
0.900632 2.822654 0.000318
0.907159 -1.828153 0.005358
0.913371 0.146440 0.003457
0.930655 -2.373070 0.003080
0.935533 1.650905 0.000558
0.937507 -1.605216 0.005774
0.941408 -4.504687 0.000250
0.944505 -0.763517 0.006369
0.944597 0.427236 0.002350
0.947894 0.014735 0.003721
0.951232 0.874707 0.001314
0.953669 -3.824241 0.000554
0.956251 -0.210139 0.004501
0.967379 2.418202 0.000329
0.975077 -0.313058 0.004689
0.977290 1.034035 0.001031
0.977837 0.315587 0.002530
0.980520 4.039233 0.000230
0.980978 0.558057 0.001874
0.991519 -1.402600 0.005564
0.995217 -1.210953 0.005811
0.995813 -0.099456 0.003768
1.000929 -0.413578 0.004749
1.000993 -0.527997 0.005074
1.001614 -2.104156 0.003411
1.003929 0.690579 0.001524
1.005705 -0.640705 0.005293
1.014217 -1.027879 0.005633
1.014997 1.434333 0.000612
1.018629 0.213825 0.002628
1.036439 0.099226 0.002864
1.047546 -3.406836 0.000766
1.049194 1.170597 0.000778
1.049706 -0.880688 0.005106
1.054660 3.233969 0.000234
1.064864 -0.005773 0.002995
1.065533 -0.202045 0.003544
1.066315 2.103383 0.000330
1.066712 0.463856 0.001799
1.077557 -0.305320 0.003726
1.081413 0.352545 0.001991
1.082553 -0.742850 0.004575
1.082688 0.789826 0.001173
1.097339 -3.017844 0.001081
1.098253 -0.409139 0.003802
1.100838 -0.101208 0.003021
1.102475 0.613240 0.001406
1.109565 -0.513095 0.003920
1.110725 -1.642735 0.003690
1.114311 0.954562 0.000905
1.117293 0.261347 0.002052
1.118052 -2.634069 0.001563
1.118151 -0.617436 0.004024
1.120571 -1.864316 0.003118
1.125772 1.837441 0.000358
1.130594 -1.124619 0.004199
1.132582 0.155498 0.002221
1.136036 1.310828 0.000575
1.148653 0.058748 0.002359
1.164710 -0.157182 0.002745
1.165739 -0.249823 0.002934
1.166312 -1.470776 0.003492
1.166413 0.525984 0.001381
1.167677 -0.040618 0.002477
1.172912 1.600506 0.000404
1.175709 -0.827479 0.003709
1.176845 -0.978494 0.003756
1.181402 -1.280502 0.003584
1.182104 -0.347020 0.003012
1.182433 0.410529 0.001526
1.189186 0.693152 0.001085
1.192602 1.108904 0.000657
1.200049 -0.695871 0.003384
1.200861 -2.331790 0.001744
1.201344 -0.451561 0.003053
1.206272 0.312362 0.001618
1.210127 2.622114 0.000212
1.214530 0.212014 0.001764
1.218878 4.517980 0.000156
1.222008 -0.564422 0.003059
1.223088 0.833635 0.000860
1.226629 -0.097568 0.002274
1.232966 0.012151 0.002045
1.240285 0.109360 0.001842
1.246585 -0.192702 0.002334
1.250000 -5.000000 0.000084
1.250000 5.000000 0.000138
1.252137 0.595608 0.001075
1.252935 -4.128427 0.000230
1.255017 3.635709 0.000165
1.255521 -0.281293 0.002427
1.256100 -2.078161 0.001900
1.267654 1.437490 0.000403
1.272164 -1.115287 0.002920
1.272986 -0.378005 0.002466
1.274593 0.969578 0.000665
1.278138 0.482622 0.001158
1.278185 -0.889346 0.002880
1.289118 2.337390 0.000206
1.289810 0.375838 0.001267
1.291339 -0.774159 0.002737
1.291561 -1.698185 0.002258
1.291875 -0.047984 0.001880
1.296119 0.185531 0.001514
1.296718 -0.472249 0.002441
1.298670 -0.657900 0.002609
1.301457 0.274064 0.001372
1.303741 2.949012 0.000169
1.304460 -0.133449 0.001950
1.307103 1.256200 0.000453
1.309076 0.038402 0.001681
1.313042 0.732875 0.000812
1.322949 -0.558610 0.002371
1.328194 -0.219806 0.001957
1.330546 -0.310660 0.002060
1.334480 -1.538382 0.002193
1.336632 -0.990102 0.002483
1.338980 2.083079 0.000215
1.339213 -1.375202 0.002309
1.340006 0.112208 0.001467
1.344943 0.637067 0.000848
1.353884 1.867675 0.000240
1.361021 -0.395546 0.002001
1.365929 -0.021144 0.001545
1.365979 0.535306 0.000908
1.366211 1.110666 0.000476
1.366404 -1.896253 0.001648
1.367236 -1.230091 0.002230
1.367705 -0.084932 0.001617
1.368483 0.185091 0.001286
1.368826 1.672135 0.000272
1.372758 0.848740 0.000631
1.375603 -0.149487 0.001662
1.377900 0.432039 0.000987
1.379897 0.340143 0.001079
1.380516 -0.469395 0.001973
1.382651 0.252816 0.001168
1.386754 0.043946 0.001395
1.387850 -0.735562 0.002113
1.391872 -0.631230 0.002035
1.392977 -0.265581 0.001718
1.395606 -0.859062 0.002111
1.398800 -2.852851 0.000676
1.402876 -0.330397 0.001740
1.403568 -3.240663 0.000452
1.405239 -0.538509 0.001905
1.406183 -0.205568 0.001601
1.414732 0.106417 0.001239
1.417758 0.978293 0.000499
1.419251 -2.523715 0.000879
1.425454 -1.096757 0.001948
1.427284 0.164447 0.001143
1.427892 -3.683574 0.000269
1.429809 -0.083242 0.001388
1.433094 -0.016970 0.001311
1.433820 1.488278 0.000284
1.441289 -0.146440 0.001411
1.442385 0.734132 0.000621
1.442914 -0.387410 0.001618
1.445900 -0.452861 0.001656
1.445937 0.611534 0.000704
1.452358 0.224803 0.001021
1.453369 0.301413 0.000948
1.453737 -0.264866 0.001474
1.455478 0.049041 0.001178
1.455622 0.492608 0.000781
1.456440 -2.224426 0.001034
1.464037 1.312715 0.000319
1.466087 -0.976761 0.001757
1.466319 -0.318170 0.001470
1.467104 -0.206902 0.001376
1.470096 0.389638 0.000838
1.472561 -0.591526 0.001627
1.472797 -0.682808 0.001668
1.479449 -0.508347 0.001552
1.481288 0.110341 0.001053
1.483868 -0.781447 0.001651
1.487170 -0.053884 0.001180
1.487393 4.056498 0.000113
1.487840 -1.733353 0.001328
1.490652 -0.112663 0.001219
1.493905 -1.546521 0.001432
1.494075 0.169600 0.000971
1.495391 -1.381496 0.001518
1.497036 0.005139 0.001102
1.500654 3.285396 0.000118
1.500915 1.157499 0.000348
1.505223 -0.169266 0.001220
1.508247 -1.237194 0.001523
1.508794 -0.246034 0.001266
1.508804 -0.424463 0.001388
1.512923 -0.881490 0.001543
1.513839 -0.362128 0.001330
1.514766 0.246373 0.000864
1.516225 0.871542 0.000457
1.518726 0.064516 0.000997
1.518795 2.662874 0.000127
1.523099 -0.300985 0.001258
1.524672 0.321374 0.000788
1.529603 -1.995708 0.001015
1.531392 0.554487 0.000618
1.533964 1.018502 0.000376
1.537067 0.454866 0.000673
1.537629 -0.085193 0.001062
1.537975 -4.548199 0.000084
1.540343 -0.031910 0.001016
1.541080 -0.203553 0.001136
1.543250 0.658512 0.000540
1.544335 -0.552763 0.001327
1.545136 -0.138204 0.001080
1.545794 -0.480920 0.001288
1.546663 -0.631314 0.001350
1.546912 0.125457 0.000886
1.547664 0.194904 0.000834
1.548127 -1.118170 0.001393
1.552819 0.020199 0.000948
1.557734 0.760390 0.000470
1.560945 2.382573 0.000128
1.561118 -0.715871 0.001324
1.564813 -0.256678 0.001102
1.566936 -0.363203 0.001158
1.566990 0.375348 0.000678
1.571518 0.272015 0.000736
1.571908 -0.420012 0.001172
1.573029 -1.008186 0.001312
1.573938 0.070432 0.000865
1.574382 -0.315518 0.001109
1.577011 -0.169820 0.001015
1.577027 2.113405 0.000139
1.579227 1.865552 0.000160
1.581719 -0.062001 0.000935
1.583406 -0.111029 0.000962
1.589632 -0.015092 0.000886
1.589927 -0.804085 0.001241
1.590988 1.643105 0.000185
1.592902 -0.215685 0.001001
1.598241 0.164204 0.000756
1.598958 0.226133 0.000717
1.603875 0.027942 0.000829
1.605390 0.110330 0.000775
1.605396 -0.488901 0.001101
1.606887 -0.553008 0.001121
1.608869 -0.277434 0.000993
1.609107 0.313499 0.000648
1.609376 -0.142222 0.000917
1.610390 0.511307 0.000537
1.611201 -0.910764 0.001181
1.613699 -0.621759 0.001123
1.618762 -0.086518 0.000864
1.619734 -0.376954 0.001012
1.619799 0.435669 0.000565
1.623990 -0.041812 0.000827
1.625152 -0.237316 0.000930
1.625275 -0.323578 0.000973
1.625721 1.434141 0.000206
1.626156 0.601197 0.000474
1.626733 0.062032 0.000762
1.627167 -0.184144 0.000898
1.627565 -0.439273 0.001018
1.632777 -0.687682 0.001082
1.637100 -0.115827 0.000839
1.637429 0.001096 0.000775
1.642063 1.255876 0.000236
1.647943 0.141535 0.000680
1.648121 0.947057 0.000317
1.648176 -1.290652 0.001024
1.648518 0.373975 0.000558
1.649129 0.196526 0.000648
1.649667 0.822472 0.000359
1.650551 0.258472 0.000614
1.651204 -0.270237 0.000884
1.652818 -0.068748 0.000781
1.653298 0.092778 0.000696
1.653511 -0.148675 0.000820
1.654722 -0.215747 0.000850
1.655722 -1.456353 0.000955
1.655898 1.096615 0.000268
1.658156 -1.851081 0.000791
1.658339 0.699712 0.000399
1.659156 0.037884 0.000714
1.662938 -0.754463 0.001008
1.663178 -0.512870 0.000949
1.663956 -1.153273 0.001006
1.664078 -1.640924 0.000867
1.664597 -0.032542 0.000740
1.666064 -0.102112 0.000771
1.668391 -0.350554 0.000878
1.669928 -0.302217 0.000854
1.671255 -0.403086 0.000891
1.673115 -0.178278 0.000793
1.673901 -0.585777 0.000943
1.674535 0.318325 0.000549
1.678594 -1.034219 0.000977
1.679074 -2.389635 0.000520
1.679688 -0.248585 0.000810
1.680195 0.000405 0.000695
1.680769 -0.462418 0.000889
1.682138 -0.130822 0.000753
1.685044 -0.071442 0.000720
1.685557 -2.691164 0.000400
1.685755 0.454235 0.000473
1.687550 0.069531 0.000649
1.691131 0.115835 0.000621
1.691862 0.165023 0.000597
1.693355 0.533566 0.000432
1.693762 -0.211952 0.000765
1.694796 -0.834933 0.000931
1.695380 -0.041871 0.000687
1.697873 -0.656023 0.000898
1.698949 -2.123113 0.000599
1.700578 0.029766 0.000645
1.700992 0.220140 0.000558
1.701131 -0.154393 0.000726
1.701754 -0.100566 0.000701
1.707055 -0.278677 0.000764
1.707199 2.948275 0.000087
1.709050 -0.937977 0.000899
1.709586 -0.013641 0.000649
1.709895 -0.323792 0.000775
1.710229 -0.181726 0.000719
1.710694 0.393952 0.000470
1.712893 -3.030136 0.000277
1.713253 -0.371273 0.000784
1.715348 0.275327 0.000514
1.716702 -0.069827 0.000661
1.718673 -0.239682 0.000726
1.718822 -0.125728 0.000681
1.719093 -0.532464 0.000819
1.721427 -0.423476 0.000783
1.724695 0.055447 0.000595
1.725415 0.620197 0.000368
1.727462 0.012605 0.000609
1.727579 0.091922 0.000575
1.729105 -0.042401 0.000629
1.729920 -0.724389 0.000832
1.729991 4.512039 0.000076
1.730331 -0.206163 0.000691
1.730525 0.338368 0.000470
1.730535 0.135267 0.000553
1.732061 -0.094891 0.000645
1.732543 -0.150124 0.000666
1.733114 3.657811 0.000079
1.735068 0.183459 0.000527
1.735997 -0.480904 0.000769
1.739467 -0.174324 0.000662
1.743754 -0.015794 0.000594
1.744737 -0.599760 0.000777
1.744777 -0.299791 0.000697
1.745715 -0.117821 0.000630
1.746240 -4.103292 0.000088
1.746336 -0.261526 0.000681
1.747331 -0.069162 0.000609
1.748027 0.035874 0.000568
1.749106 0.758613 0.000304
1.751446 -0.342788 0.000698
1.753748 0.475209 0.000393
1.753825 -0.226574 0.000655
1.755578 0.238015 0.000479
1.755790 -0.140401 0.000622
1.756829 -3.391767 0.000177
1.758024 -0.387459 0.000698
1.758421 -0.041479 0.000581
1.760494 -0.093564 0.000597
1.761116 -0.194587 0.000632
1.762151 0.007869 0.000557
1.762349 0.878798 0.000262
1.762699 0.068321 0.000534
1.764594 0.107696 0.000516
1.765799 -0.164904 0.000614
1.769640 0.151332 0.000494
1.771478 -0.437684 0.000686
1.771554 -0.064129 0.000569
1.772861 0.411066 0.000397
1.772962 -0.115958 0.000585
1.773493 -0.782528 0.000742
1.774460 -0.017774 0.000549
1.775450 0.198772 0.000469
1.776314 0.294238 0.000434
1.776595 -0.541646 0.000700
1.777527 -0.278737 0.000630
1.777844 1.013625 0.000222
1.779055 -0.244258 0.000617
1.779219 0.033032 0.000524
1.779862 -0.084340 0.000564
1.781042 -0.140515 0.000581
1.781608 -0.668731 0.000712
1.782047 -0.316836 0.000634
1.783691 -0.212580 0.000600
1.785242 -0.041708 0.000541
1.785420 0.679136 0.000301
1.786439 0.547055 0.000340
1.788574 -0.184653 0.000583
1.788783 0.353048 0.000400
1.789112 -1.085301 0.000713
1.791057 -0.161419 0.000572
1.791541 -0.101868 0.000552
1.791584 -1.220881 0.000695
1.792824 0.004703 0.000515
1.793836 1.168494 0.000185
1.794640 -0.488776 0.000655
1.794667 -0.063439 0.000535
1.795372 0.057722 0.000493
1.796494 -0.357779 0.000620
1.796750 -0.865945 0.000700
1.797023 -0.124182 0.000551
1.798142 0.087849 0.000480
1.798815 1.530469 0.000133
1.800372 0.124393 0.000465
1.800478 1.338523 0.000156
1.800517 -1.370378 0.000655
1.800977 -0.021863 0.000512
1.801396 -0.397883 0.000622
1.801450 1.743189 0.000113
1.801506 -0.974733 0.000692
1.802418 -0.082780 0.000530
1.805842 0.254260 0.000415
1.806124 -0.145220 0.000544
1.806452 -0.258931 0.000577
1.806817 -0.228163 0.000567
1.808415 0.168913 0.000440
1.809092 -0.045962 0.000509
1.809674 -0.292389 0.000581
1.809745 0.032443 0.000483
1.810503 -0.199293 0.000553
1.810839 -0.108685 0.000526
1.813059 -0.169289 0.000541
1.814309 -0.599740 0.000639
1.814891 0.212850 0.000419
1.815533 -0.092728 0.000514
1.816321 -0.066796 0.000505
1.816580 1.985212 0.000095
1.817538 0.009334 0.000480
1.819103 -0.128401 0.000520
1.819197 -0.010471 0.000484
1.819705 -0.327379 0.000574
1.821105 -1.541824 0.000585
1.822765 -0.441196 0.000595
1.824704 -0.031838 0.000484
1.826817 0.062737 0.000452
1.826967 -0.079504 0.000495
1.827238 -0.148142 0.000514
1.827925 -0.112619 0.000503
1.828272 -0.185868 0.000523
1.830316 -0.731255 0.000627
1.830662 -0.052937 0.000482
1.830905 0.463549 0.000327
1.830955 -0.215513 0.000528
1.831530 -0.097465 0.000494
1.832321 -0.242069 0.000533
1.832452 0.100203 0.000434
1.833957 0.138845 0.000421
1.835065 -0.272004 0.000536
1.835474 2.264760 0.000081
1.836083 0.033157 0.000450
1.836348 -0.165289 0.000506
1.837248 -0.536882 0.000589
1.837531 -0.131482 0.000495
1.838031 0.608636 0.000283
1.838767 0.316876 0.000363
1.839065 0.008232 0.000454
1.839262 -1.739045 0.000511
1.839602 -0.068490 0.000475
1.840110 -0.014903 0.000459
1.840438 -0.395116 0.000557
1.842213 -0.116022 0.000485
1.842392 -0.356267 0.000545
1.843090 -0.200325 0.000506
1.843109 -0.305280 0.000532
1.844030 -0.084826 0.000474
1.844443 -0.037596 0.000460
1.844710 0.390770 0.000336
1.845926 -0.101719 0.000476
1.848052 -1.963121 0.000444
1.848184 0.173825 0.000395
1.849079 -0.147977 0.000484
1.850029 -0.181737 0.000492
1.850600 0.261844 0.000367
1.851008 -0.055932 0.000457
1.852280 2.595104 0.000071
1.852780 0.795027 0.000230
1.853275 -0.131592 0.000475
1.854626 0.078619 0.000415
1.854650 -0.481443 0.000552
1.855156 0.213386 0.000377
1.855594 -0.118056 0.000468
1.855836 -0.226415 0.000495
1.856125 -0.165381 0.000480
1.857254 -0.073354 0.000454
1.857950 -0.090471 0.000458
1.857968 0.049561 0.000420
1.858666 -0.253483 0.000498
1.858716 -0.023861 0.000439
1.858866 -0.105262 0.000460
1.859626 -0.001886 0.000432
1.860410 0.021270 0.000425
1.860691 -0.656407 0.000568
1.861276 -0.205214 0.000483
1.861580 0.122744 0.000395
1.863114 -0.042596 0.000439
1.863954 -0.283884 0.000498
1.864385 -0.328673 0.000507
1.866686 -0.138175 0.000459
1.866933 -0.187742 0.000471
1.868029 -0.058482 0.000437
1.868065 -0.123705 0.000454
1.868413 -0.153797 0.000461
1.869572 -0.111067 0.000449
1.869951 -0.083955 0.000441
1.870993 -0.097346 0.000443
1.871715 -0.428887 0.000516
1.872416 -0.071020 0.000435
1.872650 -0.172121 0.000460
1.875000 5.000000 0.000058
1.875000 -5.000000 0.000026
1.875591 -0.013396 0.000416
1.876683 -0.030909 0.000420
1.876701 0.096660 0.000386
1.877754 0.524993 0.000276
1.878566 0.702567 0.000235
1.878711 0.155365 0.000369
1.879885 -0.105054 0.000435
1.879958 -0.803674 0.000549
1.880575 -0.047806 0.000420
1.880611 -0.214330 0.000460
1.880615 -0.379671 0.000494
1.880718 0.033773 0.000399
1.880723 -0.130008 0.000440
1.880809 -0.117060 0.000436
1.881663 -0.090928 0.000429
1.881686 -0.238453 0.000464
1.881814 -0.144149 0.000442
1.881960 -0.586695 0.000526
1.882566 -0.078677 0.000425
1.883058 0.923091 0.000190
1.883112 0.006944 0.000403
1.883299 -0.303305 0.000475
1.883480 -0.193700 0.000451
1.884822 -0.266533 0.000466
1.884855 0.065606 0.000386
1.885136 -0.160109 0.000441
1.885140 -0.063460 0.000418
1.887269 -0.098987 0.000424
1.888649 -0.909012 0.000539
1.890055 -0.178479 0.000440
1.891049 -0.109456 0.000422
1.892113 -0.121276 0.000424
1.892550 -0.015402 0.000398
1.892683 -0.344575 0.000471
1.892779 -0.033833 0.000402
1.892847 -0.086578 0.000415
1.892872 0.191926 0.000346
1.893451 -0.074732 0.000411
1.894026 -0.134562 0.000425
1.895132 -0.096350 0.000415
1.895396 0.294111 0.000318
1.896034 -0.051540 0.000403
1.896328 -0.523472 0.000496
1.896712 -0.148660 0.000425
1.897063 0.239275 0.000331
1.897557 -3.717849 0.000093
1.898409 0.357208 0.000301
1.898832 -0.103673 0.000412
1.899923 0.125227 0.000356
1.900726 -0.201868 0.000432
1.901055 -0.065736 0.000401
1.901631 -0.165265 0.000423
1.901883 0.044804 0.000374
1.902952 -0.113625 0.000410
1.903331 -0.124975 0.000412
1.903369 -0.091833 0.000404
1.903413 0.020408 0.000378
1.904098 -0.224323 0.000432
1.904394 -0.080269 0.000400
1.904838 -1.020180 0.000514
1.905509 -2.232183 0.000322
1.906820 -0.465328 0.000473
1.906824 -0.001843 0.000380
1.907251 -0.250819 0.000434
1.907632 0.091796 0.000357
1.907848 -0.102577 0.000402
1.907907 -0.283034 0.000440
1.907988 -0.039969 0.000387
1.908493 -0.184449 0.000419
1.908696 -0.137784 0.000409
1.909946 -0.023130 0.000381
1.910202 0.439210 0.000273
1.910439 -0.318265 0.000443
1.911195 -0.151562 0.000409
1.911334 -0.056054 0.000387
1.912823 -0.092761 0.000394
1.913359 -1.143128 0.000496
1.913952 -0.716661 0.000492
1.914352 -0.124784 0.000399
1.914398 -0.070183 0.000387
1.914830 -0.112703 0.000396
1.915269 1.067591 0.000154
1.915453 -0.083625 0.000389
1.915815 -0.411343 0.000453
1.918473 -0.167441 0.000404
1.918741 0.063837 0.000352
1.919145 -0.100945 0.000389
1.921834 -0.044835 0.000374
1.922168 0.160094 0.000327
1.922638 -0.206729 0.000407
1.923274 -0.136313 0.000392
1.924713 -0.150712 0.000393
1.924738 -0.365687 0.000434
1.925758 0.011093 0.000358
1.925790 0.036163 0.000352
1.925805 -0.077101 0.000377
1.926031 -0.091699 0.000380
1.926391 -0.121253 0.000385
1.926437 -0.029622 0.000366
1.926551 0.605238 0.000227
1.926983 -0.059869 0.000372
1.927270 -0.010981 0.000361
1.927529 -0.107780 0.000381
1.928175 -0.233645 0.000406
1.928826 -0.183678 0.000396
1.931118 3.286338 0.000058
1.932611 -0.263654 0.000407
1.933940 -1.282357 0.000457
1.934389 0.207261 0.000306
1.934534 -0.636591 0.000457
1.935525 0.116725 0.000325
1.935999 -0.165137 0.000384
1.936728 -0.070177 0.000364
1.937728 -0.099489 0.000369
1.937860 -0.130968 0.000375
1.937963 -0.084795 0.000366
1.938026 -0.043339 0.000357
1.938573 -0.146707 0.000378
1.938643 -0.296633 0.000406
1.938777 0.085802 0.000329
1.939188 -0.114977 0.000371
1.939943 -0.331936 0.000410
1.940117 -2.516879 0.000240
1.942802 -0.197791 0.000383
1.943087 0.260022 0.000288
1.945358 -0.057815 0.000353
1.945657 -0.566689 0.000436
1.945917 -0.024567 0.000346
1.946620 -0.000527 0.000340
1.947391 0.023151 0.000334
1.948033 -0.218495 0.000381
1.948341 0.054352 0.000327
1.948427 0.316664 0.000272
1.948746 1.226370 0.000124
1.949819 -0.502892 0.000423
1.950577 -0.074432 0.000351
1.951266 -0.179201 0.000371
1.951449 -0.090715 0.000353
1.951985 -0.106528 0.000356
1.952467 -0.123043 0.000359
1.952595 -0.158477 0.000365
1.953163 -0.444743 0.000412
1.953347 -0.139965 0.000361
1.954631 -0.244654 0.000379
1.956504 0.144905 0.000301
1.956636 -0.042293 0.000339
1.959264 -0.393351 0.000397
1.960349 0.516975 0.000225
1.960671 0.822633 0.000172
1.961282 0.382187 0.000250
1.961617 -0.274937 0.000376
1.962584 -0.061390 0.000337
1.962634 -1.438959 0.000404
1.962999 -0.013235 0.000327
1.965372 0.082325 0.000307
1.965405 -0.851362 0.000430
1.965434 -0.198149 0.000359
1.965751 -0.079747 0.000338
1.966540 -0.097147 0.000340
1.967426 0.180849 0.000285
1.967593 -0.114117 0.000342
1.968093 0.034400 0.000314
1.968487 -0.131278 0.000344
1.968602 -0.170362 0.000351
1.969940 -0.150585 0.000347
1.970164 -0.351614 0.000379
1.971248 -0.030353 0.000323
1.972612 0.008913 0.000315
1.972790 0.696772 0.000187
1.973895 -0.224018 0.000355
1.973952 1.403486 0.000101
1.974077 -0.310940 0.000369
1.974271 0.112464 0.000293
1.977390 -0.049178 0.000321
1.981031 0.225283 0.000267
1.981138 -0.068383 0.000321
1.981761 0.057065 0.000298
1.981789 -0.770433 0.000407
1.981875 -2.834852 0.000168
1.982117 -0.183197 0.000340
1.982478 -0.087273 0.000323
1.983752 -0.104479 0.000325
1.984159 -0.251835 0.000349
1.985605 -0.139625 0.000330
1.986140 -0.121575 0.000326
1.986184 -0.012968 0.000307
1.990625 -0.160833 0.000329
1.991624 -0.204599 0.000335
1.991864 -0.282283 0.000346
1.992039 -0.686956 0.000391
1.994245 -0.035066 0.000304
1.994435 0.029365 0.000292
1.995533 0.446518 0.000217
1.995543 0.147410 0.000270
1.996054 -0.942437 0.000395
1.996685 1.602996 0.000083
1.996795 -0.423129 0.000360
1.997061 -1.618555 0.000345
1.997318 0.276254 0.000246
1.997787 -0.477646 0.000366
1.998742 0.084084 0.000279
1.998817 -0.056766 0.000304
1.999795 -0.079379 0.000307
2.000823 -0.100664 0.000309
2.001086 4.055659 0.000050
2.002664 -0.538554 0.000367
2.002849 0.004662 0.000290
2.003275 -0.229803 0.000328
2.003989 -0.139797 0.000313
2.004187 -0.376460 0.000347
2.004885 -0.119226 0.000309
2.005015 0.330231 0.000231
2.005536 -0.607467 0.000370
2.005803 -0.181193 0.000318
2.008346 -0.332941 0.000337
2.010008 0.961949 0.000135
2.012203 -0.019070 0.000286
2.012978 0.187436 0.000251
2.013820 0.052948 0.000273
2.015880 0.594898 0.000182
2.016099 0.114577 0.000261
2.016494 -0.158659 0.000305
2.017567 -0.297408 0.000324
2.018765 -0.259246 0.000318
2.019004 -0.091931 0.000293
2.019227 -0.042327 0.000285
2.019236 -0.204184 0.000309
2.019521 -0.067215 0.000288
2.019691 -1.057440 0.000367
2.024836 0.022565 0.000270
2.025477 -0.111599 0.000290
2.025960 -0.133754 0.000293
2.026064 1.828723 0.000067
2.032001 -1.823943 0.000286
2.032139 0.231150 0.000231
2.033111 -0.005487 0.000268
2.033575 -0.179264 0.000293
2.033717 -0.229329 0.000300
2.034467 0.385583 0.000205
2.034547 0.080367 0.000253
2.038677 0.150296 0.000240
2.039108 -0.082469 0.000275
2.041798 -0.449021 0.000319
2.041851 -0.029658 0.000265
2.043015 -0.405163 0.000313
2.043071 -0.153449 0.000282
2.043595 -0.057135 0.000268
2.046971 -0.104431 0.000272
2.047283 0.045858 0.000250
2.047944 -0.361694 0.000304
2.048109 0.764007 0.000145
2.048660 -1.186879 0.000332
2.048955 -0.318650 0.000298
2.049195 0.511091 0.000179
2.049978 -0.279163 0.000293
2.050273 -0.203075 0.000283
2.050798 -0.129086 0.000273
2.052619 0.277379 0.000211
2.052944 -0.503185 0.000314
2.055833 -0.245913 0.000284
2.056750 0.011821 0.000248
2.057290 0.112088 0.000233
2.060803 -0.654947 0.000318
2.062822 0.324669 0.000199
2.062854 0.191255 0.000218
2.063785 -0.170762 0.000268
2.064891 -0.739765 0.000318
2.065060 -0.568484 0.000308
2.065463 -0.843214 0.000321
2.066159 -0.080707 0.000254
2.067026 1.107521 0.000103
2.067084 -0.018166 0.000245
2.067809 2.081862 0.000055
2.069054 -0.047408 0.000248
2.071702 -3.206405 0.000098
2.071923 0.073981 0.000229
2.072483 -2.053731 0.000226
2.073869 -0.222648 0.000267
2.074533 -0.111507 0.000252
2.075091 2.936829 0.000045
2.075258 -0.143776 0.000256
2.080175 0.668050 0.000145
2.081332 0.437805 0.000174
2.081936 0.036890 0.000228
2.082224 -0.192976 0.000257
2.084328 0.148055 0.000211
2.084749 -0.342501 0.000271
2.085769 -0.262199 0.000262
2.087385 -0.298663 0.000265
2.088501 -1.331354 0.000288
2.089148 -0.401333 0.000274
2.089874 0.238328 0.000196
2.090128 0.866775 0.000120
2.090565 -0.452581 0.000277
2.091506 0.001701 0.000226
2.091646 -0.065537 0.000235
2.099512 -0.094891 0.000233
2.099794 0.105585 0.000208
2.102157 -0.961060 0.000289
2.102221 -0.033868 0.000224
2.103263 -0.164124 0.000239
2.103705 -0.233302 0.000246
2.104309 -0.128361 0.000234
2.107115 0.366601 0.000171
2.108459 -4.490838 0.000026
2.111342 0.064181 0.000206
2.111975 -0.199920 0.000236
2.112338 -0.519363 0.000265
2.112461 -0.611319 0.000270
2.112939 0.577477 0.000143
2.114800 0.188286 0.000189
2.115959 2.361155 0.000045
2.119204 -0.365161 0.000247
2.119324 0.026499 0.000206
2.119572 0.292384 0.000174
2.119617 1.267720 0.000080
2.123677 -0.068326 0.000214
2.125932 -0.317099 0.000238
2.128180 -0.005646 0.000205
2.128253 -0.269253 0.000232
2.132531 0.140460 0.000185
2.133661 -0.105288 0.000212
2.135534 -1.493822 0.000240
2.138308 -0.143419 0.000213
2.140228 0.493914 0.000142
2.140472 -0.460653 0.000240
2.140608 -0.685884 0.000252
2.142454 -0.224687 0.000219
2.143135 -1.084860 0.000254
2.143390 0.092417 0.000185
2.143734 -0.181657 0.000214
2.144031 -0.038294 0.000199
2.147232 -2.318989 0.000157
2.147655 -0.406903 0.000231
2.148312 0.232097 0.000167
2.148634 -0.774155 0.000249
2.152757 0.043479 0.000186
2.153089 0.756515 0.000111
2.153850 0.988025 0.000092
2.155551 -0.569028 0.000236
2.161632 0.415121 0.000142
2.161689 -0.076683 0.000193
2.162535 1.452106 0.000063
2.165630 -0.350380 0.000215
2.166434 0.001149 0.000183
2.168151 -0.298290 0.000209
2.170504 -0.875866 0.000235
2.171411 0.180158 0.000162
2.171607 0.339716 0.000146
2.172698 -0.117240 0.000191
2.175859 -0.250482 0.000201
2.179552 -0.158788 0.000191
2.179796 2.643582 0.000038
2.181354 0.126941 0.000163
2.182369 -0.507370 0.000214
2.183526 -0.204947 0.000192
2.184617 0.651826 0.000111
2.185207 -0.041379 0.000177
2.186176 0.076409 0.000165
2.187204 0.272759 0.000146
2.188088 -1.678444 0.000194
2.194299 -1.219029 0.000215
2.197752 -0.631536 0.000211
2.199980 -0.443954 0.000200
2.200522 0.035194 0.000162
2.205685 -0.085409 0.000171
2.207780 1.666711 0.000049
2.207847 -0.385502 0.000192
2.208554 3.631278 0.000035
2.209669 0.555382 0.000112
2.213497 -0.278038 0.000181
2.215257 -0.327757 0.000184
2.215577 -0.005635 0.000159
2.217032 0.858164 0.000087
2.218647 0.219754 0.000138
2.218912 -0.128854 0.000168
2.220327 -0.985391 0.000202
2.222363 -0.177837 0.000170
2.227477 0.465648 0.000114
2.227490 0.099051 0.000145
2.227802 -2.616707 0.000103
2.228571 0.159117 0.000139
2.230461 -0.232819 0.000169
2.230664 -0.047897 0.000156
2.230868 -3.543457 0.000048
2.232051 -0.561623 0.000187
2.236341 0.308121 0.000124
2.236599 1.128588 0.000067
2.237081 0.381877 0.000118
2.238482 -0.797413 0.000190
2.239760 -0.708651 0.000188
2.241545 0.055244 0.000143
2.246906 -1.886344 0.000149
2.251054 -0.490265 0.000174
2.255083 -1.366477 0.000174
2.257492 0.011081 0.000140
2.261671 -4.023640 0.000029
2.262053 -0.090782 0.000145
2.263262 -0.420584 0.000164
2.263591 0.736468 0.000084
2.264357 -0.356379 0.000160
2.264887 -0.288588 0.000156
2.267136 -0.197586 0.000150
2.267431 -0.144761 0.000146
2.267769 1.901244 0.000038
2.270897 0.254986 0.000116
2.272912 -0.035658 0.000137
2.272995 4.500803 0.000032
2.274234 0.119348 0.000125
2.278200 -1.105153 0.000169
2.285072 -0.626192 0.000162
2.285726 -0.890617 0.000166
2.288301 0.624315 0.000086
2.291205 0.183598 0.000115
2.291918 -2.932427 0.000068
2.293360 0.063761 0.000122
2.293571 0.966298 0.000065
2.298110 -0.241819 0.000139
2.303210 1.293376 0.000050
2.303320 0.520676 0.000089
2.307111 0.330985 0.000100
2.309156 0.423956 0.000093
2.309832 -0.544213 0.000147
2.312624 -0.321070 0.000137
2.313346 0.005494 0.000119
2.317678 -0.178046 0.000128
2.318699 -0.117047 0.000124
2.319437 -0.465654 0.000140
2.319522 -2.115197 0.000108
2.320691 -0.058428 0.000120
2.321549 -1.531443 0.000137
2.328187 -0.387789 0.000134
2.330683 -0.788470 0.000144
2.334511 0.117828 0.000105
2.337618 0.242497 0.000097
2.342244 2.170402 0.000030
2.345598 -0.695000 0.000136
2.345878 0.830525 0.000063
2.346053 -0.276440 0.000122
2.351003 -0.992333 0.000136
2.352774 -1.238387 0.000132
2.354126 3.225806 0.000027
2.357663 1.503855 0.000038
2.358490 0.051788 0.000101
2.365898 -0.217392 0.000112
2.372507 0.175341 0.000091
2.373507 -0.016678 0.000100
2.376306 0.701626 0.000064
2.376657 -0.150904 0.000106
2.377655 -0.601479 0.000121
2.378682 0.302891 0.000083
2.379002 -0.084667 0.000102
2.380626 1.074947 0.000048
2.381760 -0.338410 0.000112
2.383652 -0.431033 0.000114
2.387569 0.382817 0.000077
2.389392 -0.514307 0.000115
2.389523 0.583592 0.000067
2.393082 0.476710 0.000071
2.395563 -1.720148 0.000103
2.403803 -0.879001 0.000115
2.407365 0.105099 0.000085
2.411914 -2.365619 0.000072
2.416994 -0.271614 0.000098
2.420089 -1.109275 0.000109
2.422422 0.237511 0.000076
2.429083 0.031204 0.000083
2.433270 -0.382910 0.000097
2.434821 -0.765718 0.000104
2.435175 -0.195624 0.000090
2.435833 -1.382739 0.000100
2.441021 -0.044383 0.000083
2.441231 1.711964 0.000028
2.442868 0.930292 0.000045
2.442889 2.477362 0.000023
2.443321 -0.120195 0.000085
2.452033 1.191771 0.000037
2.452127 -0.661488 0.000097
2.459416 0.165285 0.000071
2.461687 -0.465647 0.000091
2.461896 2.837991 0.000021
2.462829 0.320808 0.000064
2.471796 -0.321771 0.000084
2.473669 0.785973 0.000046
2.476246 -0.558582 0.000089
2.480040 0.416258 0.000057
2.482479 -1.932148 0.000073
2.486923 0.649827 0.000048
2.486926 0.527165 0.000053
2.488548 -0.979972 0.000089
2.488944 1.366922 0.000030
2.489000 0.086676 0.000067
2.497041 -0.246015 0.000076
2.500000 5.000000 0.000021
2.500000 -5.000000 0.000006
2.506747 0.004397 0.000067
2.511037 -2.622200 0.000046
2.511814 0.241315 0.000058
2.512298 -3.248694 0.000029
2.512469 -0.164019 0.000070
2.514791 -0.080180 0.000067
2.515923 4.018924 0.000020
2.518571 -1.550516 0.000074
2.519785 -0.397268 0.000074
2.523024 1.952462 0.000021
2.523946 -0.851317 0.000079
2.526445 -1.233948 0.000077
2.545288 -0.730923 0.000073
2.551893 0.153324 0.000054
2.553047 1.044698 0.000031
2.553899 -0.620665 0.000070
2.554284 -0.489129 0.000068
2.559263 -0.314659 0.000064
2.559423 -1.093837 0.000071
2.560230 0.337333 0.000048
2.577782 0.456008 0.000042
2.578492 0.062641 0.000052
2.582912 -0.222529 0.000058
2.587219 0.877933 0.000031
2.589130 -2.169915 0.000047
2.589582 -2.882221 0.000031
2.590111 -0.030738 0.000052
2.592340 0.580583 0.000037
2.593301 1.526477 0.000021
2.594400 0.722764 0.000034
2.594459 -4.555805 0.000007
2.596144 -0.124618 0.000053
2.607943 0.246782 0.000043
2.611582 1.244544 0.000023
2.616127 -0.553495 0.000057
2.616629 -0.403864 0.000055
2.616773 -3.692884 0.000015
2.617164 -1.742047 0.000052
2.622702 -0.946396 0.000058
2.628311 -1.381927 0.000055
2.633976 2.215871 0.000015
2.644742 0.158181 0.000041
2.647317 -0.806402 0.000053
2.653477 -0.301404 0.000048
2.655812 0.374655 0.000035
2.659350 -0.678128 0.000051
2.667757 0.074064 0.000039
2.670112 3.568838 0.000015
2.671061 -0.008621 0.000040
2.673569 -1.076388 0.000049
2.676016 -0.197220 0.000043
2.686034 -0.479209 0.000045
2.686245 -0.098085 0.000040
2.689808 1.748053 0.000015
2.693161 0.495593 0.000029
2.695453 0.282706 0.000033
2.697579 1.119568 0.000020
2.699832 -1.219031 0.000045
2.706344 0.640872 0.000026
2.718719 -2.430183 0.000028
2.720765 0.794674 0.000023
2.721053 -0.588572 0.000041
2.723171 -1.549612 0.000039
2.724496 -4.146202 0.000008
2.727181 0.962662 0.000020
2.731032 1.360318 0.000016
2.731433 -1.958142 0.000033
2.733461 -0.382569 0.000038
2.735227 0.185834 0.000030
2.742352 2.493999 0.000012
2.754039 -0.896276 0.000038
2.754188 3.156234 0.000012
2.757860 -0.270715 0.000034
2.764883 0.082432 0.000029
2.771423 0.393658 0.000024
2.772400 -0.025065 0.000030
2.775052 -0.745478 0.000035
2.780654 -1.023452 0.000035
2.782747 -0.152352 0.000030
2.788972 2.788047 0.000011
2.797044 1.989715 0.000011
2.806677 0.546072 0.000020
2.816088 0.283027 0.000022
2.816231 -0.489021 0.000030
2.825471 -0.626727 0.000029
2.830647 1.553288 0.000011
2.840551 4.443161 0.000011
2.842106 1.190302 0.000013
2.843438 -1.358065 0.000028
2.843632 0.693519 0.000017
2.851047 -2.700825 0.000016
2.851232 -1.749355 0.000025
2.854005 -0.356603 0.000025
2.858043 0.167874 0.000021
2.861900 -1.162629 0.000027
2.866920 -0.233874 0.000024
2.872304 -0.082827 0.000022
2.872608 0.854932 0.000014
2.874856 -2.192826 0.000019
2.880131 0.438138 0.000017
2.889180 -0.853973 0.000024
2.889689 0.048481 0.000020
2.892470 1.027261 0.000012
2.892900 -3.046534 0.000011
2.900663 -3.413327 0.000008
2.923300 -1.552264 0.000021
2.928161 -1.006761 0.000022
2.929361 0.318790 0.000016
2.936199 -0.716724 0.000021
2.950660 0.575646 0.000013
2.950761 -0.443200 0.000019
2.952883 1.347388 0.000009
2.953430 -0.572932 0.000019
2.955008 -0.167834 0.000017
2.966328 1.770155 0.000008
2.968805 0.197320 0.000014
2.968855 2.254005 0.000007
2.995538 -1.948558 0.000014
2.997399 -0.302189 0.000016
2.998100 -0.040711 0.000014
3.003684 0.737507 0.000010
3.025693 0.095113 0.000013
3.026362 -1.232332 0.000015
3.031365 0.436034 0.000011
3.033343 3.919785 0.000007
3.047143 -3.871620 0.000004
3.047760 -0.875697 0.000014
3.049780 0.921839 0.000008
3.051218 -2.458410 0.000010
3.072150 1.139692 0.000007
3.072852 1.540635 0.000006
3.074904 2.002903 0.000006
3.077267 -1.433985 0.000013
3.077909 -1.070007 0.000013
3.078071 -0.726000 0.000013
3.080481 2.574238 0.000006
3.083552 0.281348 0.000010
3.085983 -0.437681 0.000012
3.089164 -0.162941 0.000011
3.091607 -0.580334 0.000012
3.111840 -1.694243 0.000011
3.111924 0.592441 0.000008
3.120592 2.973301 0.000005
3.120880 3.433154 0.000006
3.125000 5.000000 0.000007
3.125000 -5.000000 0.000001
3.127708 -4.497787 0.000002
3.144124 -0.015003 0.000009
3.163895 -0.292307 0.000009
3.168849 -2.201742 0.000007
3.169624 0.142350 0.000008
3.176910 1.354447 0.000005
3.182717 0.769750 0.000006
3.185403 -2.767926 0.000005
3.196790 0.434077 0.000006
3.213112 -0.925742 0.000008
3.231758 -0.752757 0.000008
3.232190 1.701272 0.000004
3.232892 -1.279436 0.000008
3.238668 -0.435259 0.000007
3.244346 0.975107 0.000004
3.246193 -0.589902 0.000007
3.248548 0.278397 0.000006
3.250506 -1.934742 0.000006
3.251980 -3.143032 0.000003
3.253448 -0.143627 0.000006
3.256525 -1.104389 0.000007
3.277545 -3.546952 0.000002
3.294285 0.595399 0.000004
3.300909 -1.509344 0.000006
3.305924 1.972910 0.000003
3.309788 0.029353 0.000005
3.311951 2.297634 0.000003
3.321443 1.186685 0.000003
3.351636 -0.298316 0.000005
3.368865 4.480042 0.000004
3.377398 0.191495 0.000004
3.380893 0.794596 0.000003
3.385355 1.464074 0.000003
3.385510 -1.755113 0.000004
3.393801 -4.100236 0.000001
3.396636 -0.872455 0.000004
3.396688 0.404699 0.000003
3.416410 -2.466508 0.000003
3.417223 2.690150 0.000003
3.418333 -0.483538 0.000004
3.427322 -0.678364 0.000004
3.431471 -1.076098 0.000004
3.439086 -0.131960 0.000003
3.446027 -2.117576 0.000003
3.463065 -1.310310 0.000003
3.481776 0.998282 0.000002
3.490238 4.001635 0.000003
3.490492 0.607578 0.000002
3.495761 3.120460 0.000002
3.507699 1.742238 0.000002
3.509810 0.048637 0.000003
3.537981 -2.864324 0.000002
3.541910 3.564311 0.000002
3.560983 0.252900 0.000002
3.561188 -0.314094 0.000002
3.563324 -1.576414 0.000002
3.567191 1.237601 0.000002
3.594929 2.069192 0.000001
3.601737 -0.899508 0.000002
3.608997 -0.510071 0.000002
3.614202 0.456547 0.000002
3.614464 0.786753 0.000001
3.620759 -0.706646 0.000002
3.627885 -1.891209 0.000002
3.644389 -3.298278 0.000001
3.649478 -3.755751 0.000001
3.652417 -0.115713 0.000002
3.653163 -1.134122 0.000002
3.674361 1.498560 0.000001
3.680069 2.416824 0.000001
3.723055 0.091523 0.000001
3.723330 -4.491700 0.000000
3.723614 -2.237701 0.000001
3.735214 -1.385604 0.000001
3.744707 1.006358 0.000001
3.750000 -5.000000 0.000000
3.750000 5.000000 0.000002
3.750637 0.600812 0.000001
3.778855 0.321644 0.000001
3.791643 -2.593284 0.000001
3.792255 -0.292551 0.000001
3.797473 -0.507177 0.000001
3.800681 2.821754 0.000001
3.809360 1.804008 0.000001
3.836890 -0.929030 0.000001
3.841766 -0.707504 0.000001
3.844321 1.246126 0.000001
3.847546 -1.672470 0.000001
3.882010 0.781664 0.000001
3.902579 -1.169878 0.000001
3.903835 -0.087597 0.000001
3.925238 0.476172 0.000001
3.928703 -3.013422 0.000000
3.933001 4.376260 0.000001
3.940508 2.130014 0.000001
3.944693 0.174053 0.000001
3.945555 3.286519 0.000001
3.960124 -1.979399 0.000001
3.978608 1.535278 0.000000
3.993858 -4.042197 0.000000
4.003669 -0.419897 0.000000
4.015144 3.804101 0.000001
4.030438 -1.434366 0.000000
4.066111 0.979090 0.000000
4.078098 2.500985 0.000000
4.079206 -2.321469 0.000000
4.080674 -0.642248 0.000000
4.087253 -0.904914 0.000000
4.096153 -3.498343 0.000000
4.110555 0.651376 0.000000
4.117965 1.268587 0.000000
4.118530 -0.231827 0.000000
4.137119 0.337310 0.000000
4.155543 0.036903 0.000000
4.156851 -1.151881 0.000000
4.165468 1.816502 0.000000
4.183866 -2.693887 0.000000
4.194377 -1.720650 0.000000
4.222872 2.921288 0.000000
4.319723 2.133977 0.000000
4.330888 1.506779 0.000000
4.331474 -0.457779 0.000000
4.340210 -2.045568 0.000000
4.351736 -4.486466 0.000000
4.353066 -1.420663 0.000000
4.353663 -0.781905 0.000000
4.363887 0.818753 0.000000
4.364540 -3.058651 0.000000
4.375000 5.000000 0.000000
4.375000 -5.000000 0.000000
4.381221 1.142773 0.000000
4.386109 0.495578 0.000000
4.395944 -0.144606 0.000000
4.403400 0.177121 0.000000
4.415319 -1.070402 0.000000
4.440163 4.448462 0.000000
4.474477 2.504193 0.000000
4.479066 3.377253 0.000000
4.481921 -2.449476 0.000000
4.492041 3.936195 0.000000
4.499917 -3.931904 0.000000
4.581909 1.783475 0.000000
4.593370 -1.721435 0.000000
4.603290 -3.407718 0.000000
4.650308 2.841711 0.000000
4.651734 -0.637337 0.000000
4.663488 1.378056 0.000000
4.671979 -0.323153 0.000000
4.672502 -1.315536 0.000000
4.673225 -2.803048 0.000000
4.676875 0.989860 0.000000
4.677509 0.652978 0.000000
4.688825 0.326891 0.000000
4.690507 0.001239 0.000000
4.692372 -0.948847 0.000000
4.721056 2.188651 0.000000
4.724820 -2.143581 0.000000
5.000000 0.937500 0.000000
5.000000 0.312500 0.000000
5.000000 0.625000 0.000000
5.000000 1.250000 0.000000
5.000000 2.500000 0.000000
5.000000 -0.312500 0.000000
5.000000 -0.937500 0.000000
5.000000 1.562500 0.000000
5.000000 -1.562500 0.000000
5.000000 -1.875000 0.000000
5.000000 -1.250000 0.000000
5.000000 -3.125000 0.000000
5.000000 -4.375000 0.000000
5.000000 -3.750000 0.000000
5.000000 -2.500000 0.000000
5.000000 0.000000 0.000000
5.000000 -5.000000 0.000000
5.000000 3.750000 0.000000
5.000000 1.875000 0.000000
5.000000 3.125000 0.000000
5.000000 4.375000 0.000000
5.000000 -0.625000 0.000000
5.000000 5.000000 0.000000
