-5.000000 -2.187500 0.000022
-5.000000 -1.875000 0.000025
-5.000000 -0.937500 0.000034
-5.000000 -0.312500 0.000037
-5.000000 -0.625000 0.000035
-5.000000 -1.250000 0.000031
-5.000000 -2.500000 0.000019
-5.000000 0.312500 0.000037
-5.000000 0.937500 0.000034
-5.000000 0.625000 0.000036
-5.000000 1.562500 0.000029
-5.000000 1.875000 0.000026
-5.000000 1.250000 0.000032
-5.000000 3.125000 0.000014
-5.000000 4.375000 0.000006
-5.000000 3.750000 0.000010
-5.000000 2.500000 0.000020
-5.000000 0.000000 0.000037
-5.000000 5.000000 0.000004
-5.000000 -3.750000 0.000009
-5.000000 -3.125000 0.000014
-5.000000 -4.375000 0.000006
-5.000000 -5.000000 0.000004
-5.000000 -1.562500 0.000028
-4.744132 -0.321353 0.000070
-4.732456 2.174299 0.000046
-4.715323 -0.014433 0.000077
-4.714785 0.292171 0.000076
-4.713338 -0.908738 0.000070
-4.701467 -1.235686 0.000066
-4.695064 0.593239 0.000078
-4.691422 -0.588616 0.000078
-4.689046 0.894692 0.000076
-4.682810 1.205910 0.000073
-4.681071 -1.573966 0.000063
-4.677619 -2.821634 0.000035
-4.666083 1.526083 0.000069
-4.649309 -1.934764 0.000059
-4.625371 -3.398423 0.000028
-4.592220 -2.340622 0.000056
-4.574375 2.917790 0.000048
-4.570071 1.821812 0.000080
-4.562202 3.442949 0.000036
-4.524403 3.990664 0.000027
-4.514799 -0.221714 0.000125
-4.497674 -3.958149 0.000025
-4.484868 2.495232 0.000074
-4.465654 0.114636 0.000142
-4.442327 -0.758164 0.000139
-4.441478 4.487051 0.000022
-4.437342 -4.483696 0.000019
-4.431971 -1.061007 0.000134
-4.425941 0.421457 0.000155
-4.408881 -0.447991 0.000158
-4.404486 -1.378146 0.000131
-4.393867 0.733368 0.000162
-4.388087 1.032824 0.000156
-4.375000 5.000000 0.000017
-4.375000 -5.000000 0.000014
-4.370548 1.347688 0.000151
-4.359848 -1.707019 0.000129
-4.334445 2.106908 0.000127
-4.323219 -0.087013 0.000200
-4.310613 -3.081439 0.000069
-4.303524 -2.666981 0.000091
-4.296572 -2.045622 0.000129
-4.284322 1.633078 0.000170
-4.247267 0.223955 0.000240
-4.219639 -0.617078 0.000244
-4.203171 -0.288452 0.000263
-4.191109 -2.361598 0.000141
-4.187695 -0.904508 0.000249
-4.180355 0.521801 0.000276
-4.174740 -3.542283 0.000067
-4.167998 -1.189289 0.000243
-4.150627 3.236180 0.000108
-4.137060 2.773833 0.000146
-4.133251 0.030426 0.000315
-4.131116 1.025877 0.000288
-4.129726 1.875180 0.000225
-4.125132 0.788941 0.000304
-4.119346 -1.490674 0.000247
-4.112895 1.270765 0.000284
-4.096982 3.798377 0.000083
-4.072707 2.368930 0.000208
-4.063545 0.321758 0.000369
-4.061753 -0.451227 0.000362
-4.048595 -1.815321 0.000256
-4.021872 -0.148005 0.000407
-4.006989 1.519364 0.000339
-3.994459 -0.707127 0.000408
-3.982260 -4.010122 0.000069
-3.955353 4.383281 0.000072
-3.954739 -0.935590 0.000427
-3.953257 0.139305 0.000480
-3.950299 -2.798350 0.000185
-3.949085 0.589534 0.000471
-3.941931 -1.141399 0.000418
-3.925260 -4.466259 0.000052
-3.922688 -2.130708 0.000294
-3.909741 2.092535 0.000344
-3.904202 -1.354040 0.000427
-3.900901 -0.303484 0.000534
-3.898468 1.020107 0.000496
-3.889739 0.404504 0.000550
-3.885536 -2.460178 0.000266
-3.875487 0.812249 0.000543
-3.872978 -3.186929 0.000166
-3.851555 -0.028379 0.000608
-3.841049 -0.522783 0.000599
-3.839990 -1.607534 0.000452
-3.839159 1.754738 0.000463
-3.839035 1.252838 0.000540
-3.783563 -0.728362 0.000662
-3.781261 0.232906 0.000714
-3.765256 3.005484 0.000298
-3.755649 2.588514 0.000386
-3.753540 -0.929895 0.000681
-3.750000 -5.000000 0.000044
-3.750000 5.000000 0.000066
-3.747076 -0.178149 0.000769
-3.738989 -1.877118 0.000506
-3.731327 3.472894 0.000236
-3.727065 0.613655 0.000788
-3.721235 -1.147351 0.000694
-3.713741 -3.586642 0.000168
-3.700793 1.483128 0.000699
-3.695998 0.426044 0.000863
-3.694520 -0.379356 0.000855
-3.691954 0.074242 0.000882
-3.667329 -1.387013 0.000728
-3.663854 1.035043 0.000855
-3.660294 0.829612 0.000895
-3.654797 2.269407 0.000573
-3.627067 -0.583295 0.000975
-3.615827 -2.745956 0.000398
-3.604295 1.957886 0.000741
-3.602297 -2.158457 0.000596
-3.599998 -0.076512 0.001090
-3.598787 3.977962 0.000216
-3.589218 -2.436668 0.000520
-3.586201 -0.784479 0.001034
-3.574030 -1.638946 0.000818
-3.564211 0.252159 0.001189
-3.563699 1.259184 0.001031
-3.553609 -0.244231 0.001204
-3.548232 -0.992551 0.001077
-3.535518 -3.081827 0.000366
-3.533118 1.685892 0.000974
-3.528653 0.455843 0.001281
-3.525351 0.641644 0.001269
-3.511100 -0.419988 0.001308
-3.502305 -1.213137 0.001126
-3.500058 0.063589 0.001388
-3.492992 -3.986173 0.000179
-3.469066 0.842000 0.001416
-3.455009 -1.889201 0.000955
-3.449455 -0.582150 0.001479
-3.439237 1.037653 0.001470
-3.433748 -0.725064 0.001496
-3.427558 -1.432529 0.001241
-3.414846 -0.117675 0.001694
-3.410636 2.799235 0.000758
-3.404406 1.482411 0.001424
-3.395823 -0.885212 0.001580
-3.395003 -4.483608 0.000132
-3.389014 -0.291828 0.001778
-3.387911 -3.431455 0.000365
-3.387184 0.351534 0.001824
-3.386656 4.478271 0.000220
-3.386201 0.186350 0.001835
-3.380356 2.445088 0.000996
-3.376948 3.203902 0.000628
-3.360680 0.526013 0.001927
-3.352918 -1.066160 0.001667
-3.340885 0.026777 0.002049
-3.339130 2.111526 0.001298
-3.339105 -0.448652 0.001970
-3.333492 1.238090 0.001819
-3.328708 0.699111 0.002049
-3.326124 1.824475 0.001519
-3.321712 -1.649729 0.001447
-3.313097 -2.446221 0.000942
-3.305738 -2.139791 0.001164
-3.289430 -1.255853 0.001823
-3.289253 -0.596186 0.002173
-3.281054 -2.780632 0.000788
-3.279144 3.640737 0.000562
-3.276812 0.878670 0.002268
-3.269320 -0.751334 0.002210
-3.264923 -0.206902 0.002441
-3.247426 -0.074993 0.002579
-3.247327 0.271655 0.002600
-3.237977 0.117966 0.002663
-3.232733 -0.345489 0.002605
-3.222882 -0.921470 0.002373
-3.222085 0.425662 0.002752
-3.218172 1.052474 0.002523
-3.199550 -1.448232 0.002096
-3.194176 0.577661 0.002909
-3.193809 -1.859373 0.001751
-3.182639 1.404460 0.002480
-3.177026 1.639090 0.002309
-3.176303 -0.481505 0.002942
-3.167261 -1.093369 0.002583
-3.160949 0.022626 0.003230
-3.149041 0.744557 0.003169
-3.146758 -0.640650 0.003075
-3.143932 -0.208737 0.003318
-3.142902 -3.152830 0.000758
-3.130712 0.190133 0.003492
-3.126754 -3.684929 0.000467
-3.125000 -5.000000 0.000119
-3.125000 5.000000 0.000224
-3.117424 -0.326098 0.003500
-3.115158 -0.106587 0.003601
-3.112912 1.222858 0.003071
-3.111023 -0.794114 0.003243
-3.109409 0.335339 0.003659
-3.090920 -1.266609 0.002927
-3.088217 2.267283 0.002082
-3.083423 0.896942 0.003574
-3.079777 -1.637830 0.002554
-3.075078 2.609504 0.001759
-3.066495 0.097991 0.004092
-3.062270 1.931416 0.002592
-3.059188 -0.948467 0.003537
-3.057687 -0.413054 0.004022
-3.054302 0.475603 0.004111
-3.053091 0.627983 0.004032
-3.049232 2.968921 0.001469
-3.046933 4.033185 0.000646
-3.046206 -2.290965 0.001872
-3.044798 -0.547188 0.004059
-3.032964 -0.016314 0.004432
-3.031274 -0.247256 0.004388
-3.027980 -2.031188 0.002315
-3.023161 0.235177 0.004513
-3.022416 1.066222 0.003889
-3.008728 -0.685267 0.004319
-3.008307 -2.582579 0.001630
-3.005199 -4.110387 0.000369
-2.996703 -0.136742 0.004811
-2.993781 -1.105034 0.003957
-2.989353 -1.437858 0.003491
-2.987294 1.458618 0.003644
-2.975986 0.350400 0.004956
-2.972706 3.392720 0.001246
-2.964155 0.138828 0.005179
-2.961237 -0.822144 0.004702
-2.960755 0.756231 0.004754
-2.960311 -0.340139 0.005163
-2.949285 1.275936 0.004164
-2.947525 -0.467465 0.005238
-2.946011 0.047223 0.005409
-2.931657 -1.817486 0.003291
-2.931656 0.584015 0.005213
-2.929212 -2.899131 0.001454
-2.923313 1.681147 0.003709
-2.921997 -0.048083 0.005710
-2.920903 -0.226687 0.005706
-2.919227 -0.590172 0.005494
-2.912720 0.927137 0.004951
-2.908268 0.237770 0.005761
-2.906781 -1.262807 0.004624
-2.906478 0.450499 0.005601
-2.905725 -0.960990 0.005181
-2.878054 -3.383624 0.000989
-2.875350 -0.711508 0.005956
-2.875044 -0.132548 0.006306
-2.862117 -0.401499 0.006421
-2.858644 1.110524 0.005080
-2.857249 -1.596785 0.004454
-2.856450 0.049083 0.006479
-2.855080 0.136272 0.006438
-2.854156 0.330648 0.006269
-2.848183 -0.298527 0.006652
-2.837112 -0.509031 0.006709
-2.834595 2.139561 0.003396
-2.833728 -1.108272 0.005882
-2.825260 0.673327 0.006073
-2.821580 -0.040055 0.006954
-2.819886 -0.832253 0.006602
-2.814721 -0.208872 0.007105
-2.814432 -4.581363 0.000292
-2.811891 0.534400 0.006410
-2.811434 4.534104 0.000612
-2.806949 -2.126062 0.003587
-2.803483 0.816696 0.006003
-2.802603 0.222960 0.006935
-2.799226 2.425699 0.003052
-2.798769 -0.614398 0.007191
-2.793621 -1.412725 0.005712
-2.786181 0.413015 0.006833
-2.785250 1.469528 0.004877
-2.779119 1.883328 0.004110
-2.776729 -0.116227 0.007555
-2.775287 1.291315 0.005283
-2.775220 -0.355194 0.007655
-2.771833 0.037909 0.007480
-2.767897 -0.974968 0.007174
-2.765777 -2.390295 0.003193
-2.762451 -0.439287 0.007828
-2.757772 0.125840 0.007527
-2.752496 0.971636 0.006059
-2.750278 -0.720066 0.007838
-2.747104 0.305180 0.007363
-2.741000 -1.935183 0.004782
-2.738969 -0.274385 0.008125
-2.735436 -1.245177 0.007060
-2.731239 -0.188608 0.008167
-2.729452 -0.528159 0.008289
-2.728380 2.744435 0.002759
-2.726583 3.686641 0.001445
-2.717135 -0.040591 0.008173
-2.711912 0.602616 0.007077
-2.711348 3.146584 0.002180
-2.708863 -1.735989 0.005873
-2.707818 -0.862187 0.008353
-2.707344 0.211522 0.007876
-2.705759 0.482725 0.007366
-2.695708 -0.358219 0.008731
-2.693715 0.727144 0.006927
-2.692612 0.050284 0.008286
-2.692154 -3.078931 0.001902
-2.692010 -0.125952 0.008553
-2.691811 -2.687448 0.002844
-2.687449 -0.620685 0.008889
-2.681764 0.375769 0.007756
-2.681563 -1.102095 0.008362
-2.681283 1.128443 0.006111
-2.675894 1.658253 0.004997
-2.673600 -0.439538 0.009065
-2.668166 -0.219891 0.008932
-2.666466 0.131621 0.008367
-2.663821 -0.766571 0.009180
-2.652888 0.857474 0.006847
-2.648392 0.287045 0.008174
-2.647208 -0.293970 0.009256
-2.639338 -1.540913 0.007715
-2.637181 -0.008312 0.008881
-2.636148 -0.082742 0.009032
-2.635889 -3.756188 0.000972
-2.635074 -0.522607 0.009617
-2.634431 -0.973270 0.009443
-2.625845 -0.162798 0.009271
-2.620357 0.204352 0.008540
-2.619908 -0.682419 0.009881
-2.619732 -1.370985 0.008706
-2.616950 0.537468 0.007763
-2.616301 0.066622 0.008881
-2.615672 -0.369033 0.009699
-2.612196 0.433308 0.008038
-2.606285 1.294984 0.006025
-2.597474 0.645720 0.007580
-2.596573 -0.236771 0.009671
-2.590762 0.993030 0.006766
-2.590016 -0.859763 0.010298
-2.586863 -0.443545 0.010114
-2.585795 0.134725 0.008910
-2.583600 -0.594866 0.010329
-2.581848 1.465153 0.005716
-2.578765 2.084519 0.004420
-2.578455 0.353314 0.008391
-2.574822 -0.050784 0.009430
-2.571408 -0.119041 0.009616
-2.571151 -1.220522 0.010098
-2.568823 -0.306141 0.010048
-2.566680 0.015549 0.009315
-2.563882 0.265482 0.008680
-2.562214 -2.184074 0.005935
-2.560204 0.758627 0.007420
-2.554936 -0.184954 0.009885
-2.553025 -0.758482 0.010844
-2.550555 2.355302 0.003953
-2.545308 -0.514914 0.010658
-2.544378 0.079110 0.009262
-2.543177 -1.076426 0.010894
-2.541476 0.192577 0.008965
-2.540706 0.469948 0.008216
-2.540666 -0.373971 0.010427
-2.538597 -1.936830 0.007601
-2.536337 -4.235462 0.000632
-2.529180 -0.250091 0.010218
-2.528048 1.830776 0.005053
-2.527194 4.160873 0.001239
-2.521077 -0.664743 0.011150
-2.518539 -0.084253 0.009831
-2.517501 0.566365 0.008015
-2.516619 -1.714433 0.009213
-2.516087 -0.024373 0.009673
-2.511326 0.136521 0.009227
-2.510860 -0.950913 0.011500
-2.509574 -0.142287 0.010038
-2.509079 -0.443809 0.010838
-2.507351 1.133319 0.006620
-2.505123 0.873943 0.007246
-2.502215 0.033972 0.009556
-2.501863 0.311738 0.008749
-2.500000 -5.000000 0.000266
-2.500000 5.000000 0.000591
-2.499663 0.397949 0.008510
-2.496635 -0.312844 0.010586
-2.492691 -0.198332 0.010280
-2.492519 -0.581625 0.011289
-2.491435 -2.484684 0.005210
-2.488231 0.231896 0.009011
-2.483073 -1.369235 0.011390
-2.481452 0.667839 0.007803
-2.481372 -0.837630 0.011842
-2.477949 0.089277 0.009461
-2.474294 -0.382585 0.010914
-2.472828 -3.331818 0.002062
-2.471946 -2.873949 0.003546
-2.469166 -0.250232 0.010543
-2.468576 -0.057298 0.009941
-2.464681 -0.507712 0.011327
-2.464099 -0.108353 0.010116
-2.463136 0.166343 0.009256
-2.461066 -0.003948 0.009792
-2.456638 -0.735378 0.011950
-2.455714 0.485654 0.008324
-2.453258 -0.158143 0.010309
-2.451672 -1.508903 0.011538
-2.448363 1.280714 0.006344
-2.443319 0.047383 0.009664
-2.437738 -0.442526 0.011294
-2.437173 -0.291038 0.010800
-2.436888 0.988162 0.007027
-2.436130 -0.338076 0.010961
-2.435188 -0.204499 0.010516
-2.435049 -1.168512 0.012653
-2.434343 0.278673 0.008948
-2.434234 0.350000 0.008733
-2.433133 0.112965 0.009468
-2.431576 -0.644576 0.011942
-2.429565 1.640695 0.005581
-2.429297 2.593907 0.003723
-2.428050 0.773628 0.007562
-2.423033 -0.037689 0.009978
-2.421165 0.214857 0.009155
-2.419698 -0.082040 0.010134
-2.419542 0.577702 0.008085
-2.416775 -1.036227 0.012888
-2.414446 -0.126475 0.010297
-2.414430 -1.288859 0.012910
-2.413524 3.382395 0.002410
-2.412282 2.956674 0.003104
-2.411028 -0.246137 0.010725
-2.410809 -0.566324 0.011837
-2.409988 0.009876 0.009834
-2.408928 -0.387911 0.011234
-2.406647 0.415385 0.008548
-2.402799 0.068873 0.009641
-2.401295 -0.915023 0.012889
-2.400911 -0.167573 0.010465
-2.400287 0.158850 0.009345
-2.397005 1.430748 0.006037
-2.391995 -0.495888 0.011684
-2.388278 -0.290407 0.010937
-2.385339 -0.804678 0.012759
-2.382924 -0.026713 0.009983
-2.382788 -0.335301 0.011117
-2.382314 -0.206891 0.010638
-2.380226 -0.068298 0.010133
-2.376986 -0.112392 0.010295
-2.375644 0.031820 0.009781
-2.375538 0.110742 0.009510
-2.374576 0.318912 0.008835
-2.371287 -0.436142 0.011532
-2.370685 -0.707305 0.012547
-2.370575 0.669804 0.007822
-2.370554 0.256532 0.009030
-2.369243 0.496854 0.008301
-2.365225 -0.152104 0.010452
-2.361437 -0.246396 0.010815
-2.361311 0.200856 0.009207
-2.358107 1.089265 0.006781
-2.355206 0.887656 0.007256
-2.354285 -0.001494 0.009902
-2.352520 -0.381357 0.011360
-2.350556 0.069298 0.009650
-2.349293 -0.188525 0.010602
-2.348668 -0.620380 0.012332
-2.346969 0.368364 0.008668
-2.345262 -0.086025 0.010213
-2.344926 -0.290316 0.011006
-2.344290 0.150057 0.009370
-2.342497 -0.041476 0.010048
-2.340730 1.941036 0.005024
-2.340044 -0.542245 0.012046
-2.336202 -0.123045 0.010355
-2.335769 -1.633386 0.013490
-2.332757 -0.333185 0.011193
-2.331989 -1.836290 0.012411
-2.330082 -0.221417 0.010742
-2.328528 0.031631 0.009777
-2.327285 -2.061867 0.010775
-2.326393 0.428774 0.008467
-2.324396 -0.479438 0.011820
-2.323987 -0.158187 0.010493
-2.323730 0.106032 0.009510
-2.323308 0.575435 0.008040
-2.322976 2.216554 0.004516
-2.321882 1.231202 0.006443
-2.320673 -2.306376 0.008793
-2.317611 -0.066998 0.010139
-2.315696 0.292622 0.008878
-2.315348 -0.005714 0.009908
-2.315242 -0.257582 0.010895
-2.313430 -0.422272 0.011593
-2.311904 0.237765 0.009052
-2.309728 0.188590 0.009214
-2.309662 -1.120627 0.014364
-2.308630 0.763972 0.007521
-2.307975 -0.098490 0.010257
-2.307681 -0.192622 0.010631
-2.307329 -0.987082 0.013986
-2.306550 -0.870672 0.013554
-2.304367 0.065606 0.009640
-2.301970 -1.415518 0.014787
-2.301791 -0.039361 0.010027
-2.301235 -0.297902 0.011069
-2.301204 -0.373597 0.011394
-2.299673 -0.129692 0.010377
-2.299492 -0.766654 0.013154
-2.295232 -0.676911 0.012768
-2.294145 0.143370 0.009355
-2.291107 -1.257299 0.014881
-2.289575 -2.659195 0.006331
-2.289544 0.346945 0.008676
-2.288911 -0.162271 0.010505
-2.287293 0.027218 0.009766
-2.287145 -0.582085 0.012353
-2.286826 -0.227682 0.010774
-2.285714 -0.071714 0.010142
-2.283426 -0.335528 0.011238
-2.281288 3.822587 0.001937
-2.281239 -0.013385 0.009914
-2.281195 0.491283 0.008229
-2.278771 0.101789 0.009486
-2.275615 -0.267991 0.010945
-2.274371 -0.102109 0.010255
-2.273616 -0.191654 0.010620
-2.270224 -0.516553 0.012074
-2.270019 -0.136710 0.010392
-2.268437 -0.044464 0.010023
-2.267869 -0.453283 0.011780
-2.265783 0.654947 0.007749
-2.264712 0.063555 0.009611
-2.264519 0.230159 0.009024
-2.264060 0.185175 0.009176
-2.260657 -0.400655 0.011539
-2.260464 0.007048 0.009818
-2.259655 0.409409 0.008442
-2.257295 -0.306275 0.011111
-2.256714 -0.164089 0.010497
-2.256323 -0.072524 0.010124
-2.255361 0.283761 0.008834
-2.253603 -0.214291 0.010708
-2.252327 0.988516 0.006904
-2.251931 -0.118056 0.010304
-2.251302 -0.355430 0.011334
-2.250109 0.139043 0.009321
-2.250011 -0.246034 0.010844
-2.247950 -0.021576 0.009916
-2.247927 -0.635691 0.012691
-2.246837 0.033818 0.009703
-2.246723 -3.079116 0.004003
-2.242578 -0.095223 0.010204
-2.240687 -0.187919 0.010589
-2.240115 -0.141345 0.010392
-2.239297 0.096703 0.009460
-2.238365 -0.048064 0.010011
-2.236578 -0.278433 0.010983
-2.232840 1.761423 0.005329
-2.232788 0.560310 0.007958
-2.232404 1.541259 0.005737
-2.231633 1.344844 0.006117
-2.231510 0.003179 0.009803
-2.228520 -0.073296 0.010103
-2.227550 -0.720473 0.013173
-2.227212 0.853715 0.007182
-2.227104 -0.117793 0.010284
-2.226949 0.061838 0.009575
-2.226901 -0.225227 0.010742
-2.226612 -0.163847 0.010477
-2.225704 -0.327957 0.011206
-2.225084 -0.818477 0.013701
-2.224364 0.342887 0.008597
-2.223680 -0.577107 0.012429
-2.221123 0.178495 0.009143
-2.220327 -0.201132 0.010633
-2.220197 -0.474469 0.011911
-2.217719 -0.377531 0.011438
-2.217652 -0.025222 0.009900
-2.216835 -0.096135 0.010185
-2.216765 -3.566767 0.002192
-2.215790 0.231748 0.008951
-2.214838 1.141451 0.006511
-2.214568 -0.138962 0.010362
-2.214181 0.029229 0.009684
-2.213658 -0.255508 0.010871
-2.213645 -0.922932 0.014307
-2.213262 -0.053091 0.010007
-2.212133 -0.426401 0.011676
-2.211976 0.127591 0.009313
-2.211954 -0.297731 0.011063
-2.209296 -0.179847 0.010534
-2.208075 -0.528648 0.012193
-2.205899 0.000832 0.009785
-2.204562 -0.076650 0.010094
-2.204105 -0.116995 0.010261
-2.204009 -1.533571 0.016473
-2.201836 0.090656 0.009436
-2.201305 0.470985 0.008165
-2.200887 -0.225733 0.010730
-2.200477 -0.157091 0.010429
-2.200245 -1.041223 0.015014
-2.198701 0.732841 0.007435
-2.195551 -0.037892 0.009928
-2.194783 0.057723 0.009552
-2.194644 0.287793 0.008731
-2.194366 -0.097034 0.010169
-2.194247 -0.200995 0.010616
-2.191216 -0.135569 0.010329
-2.191145 -0.345634 0.011283
-2.190815 -0.060076 0.010013
-2.190400 0.403036 0.008354
-2.187846 -0.276280 0.010954
-2.187346 -0.018240 0.009840
-2.187333 0.029836 0.009650
-2.186293 -0.661807 0.012932
-2.185583 -0.175486 0.010498
-2.184116 0.006697 0.009738
-2.183834 0.153206 0.009183
-2.183469 -0.114717 0.010234
-2.182943 -0.080150 0.010089
-2.182851 -0.245519 0.010810
-2.181230 -0.312914 0.011124
-2.178280 -0.152716 0.010393
-2.178040 0.197333 0.009017
-2.177544 -3.977004 0.001337
-2.176537 -0.390503 0.011501
-2.176505 -1.171452 0.015868
-2.176201 -0.044308 0.009934
-2.173927 -0.097556 0.010154
-2.173645 -0.220362 0.010691
-2.172665 -0.130240 0.010292
-2.172443 -0.601727 0.012615
-2.172068 0.116597 0.009302
-2.171653 4.490212 0.001246
-2.171643 -0.193337 0.010568
-2.171134 -0.065067 0.010015
-2.170257 -0.482764 0.011974
-2.168773 0.079932 0.009436
-2.167689 2.422032 0.004166
-2.167060 -0.028152 0.009860
-2.165746 -0.168638 0.010455
-2.165424 0.048656 0.009552
-2.165133 0.627260 0.007655
-2.164338 -0.113196 0.010212
-2.164304 -0.005190 0.009764
-2.163377 -0.082466 0.010081
-2.162654 -0.144124 0.010345
-2.162060 -0.757581 0.013529
-2.161929 0.019996 0.009661
-2.161862 0.242653 0.008835
-2.160507 -0.437301 0.011740
-2.160405 -0.257551 0.010856
-2.159292 -0.051088 0.009946
-2.157562 0.343308 0.008491
-2.155881 -0.098229 0.010142
-2.155606 -0.288295 0.011000
-2.155033 -1.720180 0.017088
-2.154501 -0.127320 0.010266
-2.153079 -0.207379 0.010621
-2.152992 -0.068265 0.010012
-2.152990 -0.183023 0.010511
-2.152741 -0.157348 0.010396
-2.152740 0.536098 0.007890
-2.151893 -1.326528 0.016844
-2.151580 -0.355096 0.011324
-2.150593 -0.234455 0.010745
-2.149846 -0.543379 0.012312
-2.149405 -0.037509 0.009881
-2.148068 0.163817 0.009097
-2.147961 -0.321680 0.011159
-2.147530 -0.017181 0.009796
-2.147403 -4.511392 0.000693
-2.147087 -0.112511 0.010196
-2.146165 -0.084865 0.010077
-2.144744 -0.140705 0.010318
-2.141510 -0.169911 0.010446
-2.141366 0.035527 0.009578
-2.141266 -0.053477 0.009941
-2.140843 0.006579 0.009693
-2.140394 -0.099098 0.010134
-2.139532 0.064582 0.009462
-2.139528 0.097114 0.009336
-2.138564 0.131750 0.009204
-2.137921 -0.071080 0.010012
-2.137917 -0.125237 0.010245
-2.136187 0.292848 0.008626
-2.136010 -0.193306 0.010549
-2.135634 -0.850943 0.014172
-2.134777 -0.264529 0.010881
-2.134264 2.043943 0.004763
-2.134074 -0.154021 0.010370
-2.133443 -0.031513 0.009842
-2.132083 -0.217256 0.010658
-2.132000 -0.396680 0.011536
-2.131684 -0.084308 0.010064
-2.131560 -0.111699 0.010182
-2.129596 0.200439 0.008940
-2.129459 0.404702 0.008248
-2.129128 -0.097011 0.010117
-2.129012 2.765278 0.003612
-2.128900 -0.137598 0.010295
-2.128099 -0.012651 0.009760
-2.127445 -0.177877 0.010475
-2.127377 -0.061039 0.009961
-2.126083 -0.044881 0.009892
-2.123169 -0.240748 0.010765
-2.122922 -0.073556 0.010012
-2.122900 -0.122964 0.010226
-2.122820 -0.689312 0.013190
-2.122557 -1.941068 0.016576
-2.122393 -2.457141 0.010760
-2.121718 -0.105060 0.010147
-2.121481 0.024118 0.009604
-2.121433 -0.293827 0.011020
-2.121150 -0.163564 0.010407
-2.120736 -0.089536 0.010079
-2.120539 -0.489297 0.012034
-2.120322 0.471980 0.008024
-2.118882 0.929747 0.006809
-2.118261 -0.200368 0.010574
-2.117456 -0.148889 0.010339
-2.116888 0.002161 0.009689
-2.115896 -0.026626 0.009808
-2.115442 -0.325873 0.011179
-2.115115 -0.056872 0.009935
-2.114927 -0.113087 0.010178
-2.114742 0.804993 0.007098
-2.114619 -0.135463 0.010278
-2.114568 0.048291 0.009501
-2.114484 -0.097770 0.010111
-2.114430 -0.081673 0.010041
-2.111823 -0.358142 0.011343
-2.111761 -0.606697 0.012710
-2.111585 -0.183290 0.010493
-2.111583 0.080020 0.009372
-2.110587 -0.956521 0.014955
-2.110568 0.244293 0.008758
-2.109975 -0.068890 0.009983
-2.108848 -0.042612 0.009870
-2.108703 -0.123875 0.010223
-2.107935 -0.104745 0.010138
-2.107724 -0.439966 0.011773
-2.107715 -0.090641 0.010076
-2.107648 -0.219886 0.010663
-2.106755 -0.166802 0.010416
-2.106728 0.115454 0.009229
-2.106213 -0.264470 0.010876
-2.104313 -0.011148 0.009735
-2.103837 -0.151167 0.010344
-2.103640 0.158345 0.009063
-2.102949 -0.079599 0.010025
-2.101894 -0.113293 0.010173
-2.101889 0.016799 0.009617
-2.101575 -0.136891 0.010278
-2.101529 -0.098429 0.010107
-2.101058 1.064903 0.006475
-2.100717 -0.056829 0.009926
-2.099367 0.690240 0.007363
-2.097546 -0.029393 0.009807
-2.097352 -0.199395 0.010565
-2.096951 -0.089711 0.010066
-2.096134 -0.124037 0.010218
-2.095283 1.236811 0.006113
-2.095271 -0.069201 0.009976
-2.095225 -0.104918 0.010133
-2.093898 -0.239307 0.010754
-2.092585 -0.180287 0.010475
-2.092416 0.034789 0.009536
-2.091544 -0.081003 0.010026
-2.091099 -0.045249 0.009870
-2.090437 -0.162588 0.010392
-2.089773 0.003075 0.009665
-2.089612 -0.095451 0.010088
-2.089370 -0.289773 0.011002
-2.089142 0.350718 0.008361
-2.089111 -0.115120 0.010176
-2.088689 -0.146423 0.010318
-2.088109 -0.132895 0.010256
-2.087663 0.062127 0.009421
-2.087351 -0.318482 0.011147
-2.087346 -2.181208 0.014970
-2.087317 0.573363 0.007665
-2.086509 -0.393935 0.011539
-2.086088 -0.540048 0.012350
-2.084996 -0.059110 0.009927
-2.084954 0.292230 0.008555
-2.084379 -0.016148 0.009742
-2.083959 -0.105089 0.010129
-2.083245 0.202524 0.008875
-2.082783 -0.216018 0.010642
-2.082473 -0.086264 0.010045
-2.081553 -0.073387 0.009988
-2.080545 -0.123821 0.010213
-2.080228 0.093095 0.009291
-2.079338 -0.034128 0.009816
-2.079282 -1.072297 0.015919
-2.078664 -0.772009 0.013807
-2.077443 -0.096965 0.010091
-2.076792 -0.260139 0.010857
-2.076639 -1.462830 0.018395
-2.076349 -0.194278 0.010539
-2.075605 -0.155905 0.010359
-2.075260 -0.112265 0.010159
-2.074873 -0.174311 0.010445
-2.074260 0.018403 0.009591
-2.074050 -0.138100 0.010276
-2.072888 -0.350850 0.011319
-2.071934 -0.048941 0.009877
-2.071926 0.129395 0.009141
-2.070563 -0.087351 0.010046
-2.070342 -0.063280 0.009939
-2.069198 -0.076445 0.009997
-2.068411 3.131462 0.003057
-2.068108 -0.101832 0.010110
-2.067883 -0.002311 0.009674
-2.066757 0.043381 0.009482
-2.066626 -0.124321 0.010212
-2.066386 -0.481865 0.012039
-2.066283 -0.233270 0.010728
-2.065850 -0.022080 0.009758
-2.065798 -2.830220 0.007326
-2.064522 1.422065 0.005711
-2.062885 -0.656099 0.013089
-2.062289 0.422061 0.008086
-2.062106 -0.149059 0.010326
-2.060996 -0.111167 0.010151
-2.059867 0.249718 0.008675
-2.059690 -0.037365 0.009822
-2.059413 -0.093324 0.010070
-2.059017 -0.165700 0.010404
-2.058804 -0.283941 0.010982
-2.058233 -0.208612 0.010609
-2.057330 0.167772 0.008979
-2.057052 -0.064245 0.009939
-2.057004 0.069744 0.009368
-2.056735 -0.078751 0.010004
-2.056207 -0.186037 0.010501
-2.056129 -0.313359 0.011134
-2.056036 -0.135717 0.010264
-2.054729 -0.430433 0.011762
-2.053509 -0.051631 0.009882
-2.051480 0.023250 0.009558
-2.050387 -0.121250 0.010197
-2.049001 -0.017383 0.009731
-2.048699 -0.104309 0.010119
-2.048677 0.002990 0.009643
-2.048238 -0.252651 0.010830
-2.046389 0.101040 0.009233
-2.045327 0.501459 0.007808
-2.045110 -0.151805 0.010340
-2.044615 -0.087858 0.010043
-2.042929 -0.033465 0.009800
-2.042778 -0.382565 0.011512
-2.042452 1.627602 0.005321
-2.042257 -0.069707 0.009961
-2.041353 -0.587849 0.012704
-2.040920 -1.201767 0.017140
-2.040804 -0.171446 0.010434
-2.040269 -0.869969 0.014605
-2.039219 -0.225074 0.010697
-2.038331 -0.134976 0.010262
-2.037244 0.311036 0.008428
-2.037119 0.044661 0.009461
-2.036347 -0.051124 0.009877
-2.034869 -0.116539 0.010176
-2.034325 -0.197330 0.010562
-2.034253 0.210612 0.008794
-2.033198 0.634636 0.007393
-2.032386 -0.099287 0.010096
-2.032176 -0.340937 0.011298
-2.031677 0.135679 0.009084
-2.030186 -0.009840 0.009693
-2.029893 -0.274986 0.010955
-2.028050 -0.083206 0.010022
-2.026759 -0.714705 0.013556
-2.025410 0.016423 0.009577
-2.025241 0.072372 0.009339
-2.025055 -0.152287 0.010347
-2.024736 -0.066838 0.009948
-2.024458 -0.303244 0.011106
-2.023672 -0.030498 0.009783
-2.022707 -0.175741 0.010462
-2.022271 -0.525100 0.012357
-2.020706 -0.129402 0.010240
-2.019138 0.746717 0.007061
-2.018288 -0.246936 0.010820
-2.018162 0.370829 0.008195
-2.017856 -0.108091 0.010140
-2.014151 -0.050691 0.009875
-2.013063 -0.217715 0.010676
-2.012553 -0.090371 0.010058
-2.011946 -0.467533 0.012034
-2.011608 1.856463 0.004910
-2.010732 0.262712 0.008575
-2.010564 0.173576 0.008918
-2.010077 0.103613 0.009202
-2.008370 -1.618852 0.020045
-2.007375 -0.008538 0.009685
-2.007291 -0.072637 0.009977
-2.007291 -0.191897 0.010550
-2.007185 -0.413568 0.011731
-2.006956 0.043589 0.009456
-2.005715 0.860532 0.006747
-2.004507 -0.141789 0.010306
-2.004369 -0.164983 0.010419
-2.002489 -0.118617 0.010195
-2.000262 -0.365491 0.011472
-2.000226 -0.033045 0.009796
-1.999114 -0.973062 0.015570
-1.998779 0.014880 0.009580
-1.996127 -0.276421 0.010995
-1.996121 -0.099251 0.010105
-1.995278 -0.320633 0.011233
-1.992374 0.565324 0.007526
-1.992156 0.072225 0.009329
-1.991398 -0.642325 0.013171
-1.991168 -0.056447 0.009906
-1.990921 -3.276035 0.004291
-1.989817 0.137320 0.009054
-1.989290 -0.239579 0.010810
-1.988779 0.441190 0.007918
-1.988682 3.532566 0.002499
-1.988409 -0.080045 0.010018
-1.986565 2.224988 0.004334
-1.985345 -0.208400 0.010653
-1.984985 -0.791175 0.014232
-1.984547 -0.128610 0.010254
-1.983925 0.217160 0.008728
-1.983550 -0.179585 0.010508
-1.983456 -0.152981 0.010375
-1.983355 0.986400 0.006408
-1.982435 -0.014870 0.009716
-1.980441 -1.334356 0.018742
-1.978502 0.316958 0.008343
-1.978418 -0.108984 0.010162
-1.976974 0.036004 0.009487
-1.975015 -0.038033 0.009825
-1.973828 0.007456 0.009616
-1.972820 -0.572063 0.012767
-1.971912 0.101768 0.009198
-1.969817 -0.089847 0.010075
-1.965933 0.060075 0.009380
-1.965335 -0.064813 0.009957
-1.964150 -0.443386 0.011992
-1.963982 -0.298033 0.011158
-1.962981 0.174312 0.008890
-1.962764 -0.136048 0.010309
-1.962551 -0.391632 0.011690
-1.962295 -0.343483 0.011415
-1.962211 -0.259762 0.010953
-1.959823 -0.163380 0.010450
-1.959665 -0.506809 0.012391
-1.959228 -0.224808 0.010770
-1.958892 1.134547 0.006042
-1.958594 -0.192833 0.010603
-1.956488 -0.114131 0.010205
-1.954220 0.670664 0.007150
-1.952304 -1.085977 0.016804
-1.952115 0.263710 0.008524
-1.951760 -1.811270 0.021277
-1.951704 -0.012091 0.009714
-1.951426 -0.040120 0.009847
-1.947311 0.377231 0.008091
-1.947274 0.133196 0.009060
-1.947000 0.021398 0.009560
-1.946040 -0.088995 0.010090
-1.945391 0.505119 0.007646
-1.944153 -0.709800 0.013804
-1.944089 0.084171 0.009275
-1.937599 -0.141791 0.010366
-1.935685 0.048645 0.009438
-1.935058 -0.878440 0.015135
-1.934464 -0.062356 0.009969
-1.932628 -0.172399 0.010533
-1.930819 -0.116108 0.010243
-1.929637 -0.205177 0.010712
-1.929495 0.213484 0.008716
-1.928574 -0.240304 0.010905
-1.928517 -0.277722 0.011113
-1.928420 -0.318764 0.011347
-1.923795 -0.030410 0.009821
-1.923353 1.299714 0.005651
-1.921874 -0.366428 0.011642
-1.920807 0.110162 0.009162
-1.919982 -0.629260 0.013336
-1.918736 0.003539 0.009660
-1.918155 -0.470040 0.012288
-1.916330 -0.088076 0.010117
-1.914978 -0.413762 0.011948
-1.914742 0.316015 0.008294
-1.914244 0.776237 0.006784
-1.914014 0.164690 0.008921
-1.913776 4.049450 0.001860
-1.908933 -0.147033 0.010436
-1.905988 -0.553617 0.012877
-1.905647 0.591327 0.007310
-1.905631 0.035853 0.009514
-1.904591 0.439157 0.007823
-1.903640 0.075286 0.009328
-1.902632 -0.056873 0.009975
-1.902114 -2.601347 0.012575
-1.901535 -0.181155 0.010633
-1.901290 -0.118405 0.010296
-1.897281 -1.483609 0.021023
-1.896792 2.562016 0.003773
-1.896160 -0.217443 0.010845
-1.892312 -0.255666 0.011072
-1.892257 -1.207459 0.018446
-1.891386 0.258109 0.008518
-1.890414 0.126072 0.009098
-1.890331 -0.022710 0.009816
-1.890170 -0.786538 0.014651
-1.889922 -0.295983 0.011313
-1.889536 -0.338880 0.011570
-1.883635 -2.033660 0.021680
-1.883507 -0.086873 0.010157
-1.881430 -0.975155 0.016306
-1.880211 0.893419 0.006414
-1.878514 1.488580 0.005235
-1.877932 0.012163 0.009654
-1.876545 -0.499511 0.012638
-1.876273 -0.152704 0.010527
-1.875000 -5.000000 0.000461
-1.875000 5.000000 0.000935
-1.873421 0.204175 0.008748
-1.872037 0.372102 0.008046
-1.868239 -0.120905 0.010368
-1.866551 0.052864 0.009462
-1.866445 -0.052687 0.010003
-1.866042 -0.437222 0.012271
-1.865924 -0.190905 0.010765
-1.865913 0.095615 0.009254
-1.864426 -0.379138 0.011904
-1.862151 -0.697777 0.014125
-1.862120 0.157066 0.008965
-1.857199 -0.231261 0.011023
-1.856560 0.513028 0.007507
-1.853321 -2.330177 0.018290
-1.850344 -0.274196 0.011301
-1.850171 0.683978 0.006935
-1.849560 -0.016479 0.009838
-1.848513 -0.322757 0.011607
-1.848354 -0.615283 0.013588
-1.847168 0.306086 0.008303
-1.846419 -0.086561 0.010222
-1.845313 2.023033 0.004407
-1.842232 1.026641 0.006022
-1.839742 -0.159327 0.010649
-1.835659 0.024060 0.009644
-1.833748 1.700331 0.004824
-1.831722 -0.124304 0.010467
-1.831492 0.123552 0.009143
-1.830410 -0.543623 0.013168
-1.828462 0.241795 0.008584
-1.825178 -0.869196 0.015789
-1.824785 -0.201925 0.010943
-1.824423 -0.050241 0.010064
-1.821435 0.436173 0.007759
-1.819623 -1.082436 0.017877
-1.819307 0.072374 0.009414
-1.816562 -0.473725 0.012747
-1.815072 -1.341981 0.020752
-1.812907 -0.408141 0.012313
-1.812670 -1.658503 0.023788
-1.811729 0.178036 0.008890
-1.811341 -0.244707 0.011251
-1.808690 -2.975806 0.008219
-1.807435 -0.351070 0.011954
-1.805249 -0.295195 0.011596
-1.804004 -0.087382 0.010321
-1.803136 -0.011967 0.009893
-1.802619 -3.676090 0.002884
-1.801973 0.594100 0.007157
-1.799946 -0.167622 0.010811
-1.798334 0.790663 0.006532
-1.796276 1.176648 0.005608
-1.796122 0.362163 0.008049
-1.794337 -0.770936 0.015184
-1.792097 -0.129232 0.010601
-1.791199 0.030116 0.009681
-1.782570 0.116473 0.009228
-1.779678 -0.676466 0.014514
-1.779051 0.291663 0.008362
-1.774733 -0.049257 0.010169
-1.774338 -0.594014 0.013896
-1.773346 -0.206509 0.011147
-1.771275 2.877900 0.003249
-1.766210 0.225095 0.008686
-1.762768 -0.260436 0.011545
-1.762549 0.507109 0.007435
-1.761305 2.329425 0.003890
-1.761195 -0.961238 0.017246
-1.761180 -0.515358 0.013379
-1.760234 0.062974 0.009552
-1.758747 -0.441009 0.012838
-1.757220 -0.098859 0.010518
-1.754872 -0.316477 0.011966
-1.754549 -0.376651 0.012394
-1.751584 -0.157305 0.010908
-1.749535 0.164210 0.009013
-1.747244 0.911041 0.006107
-1.747184 -0.000507 0.009946
-1.743226 -1.201068 0.020083
-1.742165 -4.104411 0.001641
-1.739991 1.347259 0.005169
-1.738979 0.686538 0.006758
-1.735684 0.423153 0.007765
-1.732537 -1.855285 0.026247
-1.724672 -0.220508 0.011441
-1.723949 0.105091 0.009375
-1.723408 -0.057305 0.010360
-1.718308 0.343862 0.008124
-1.717246 1.862489 0.004377
-1.717186 -1.498356 0.024103
-1.710010 -0.117406 0.010798
-1.709056 0.271754 0.008485
-1.707596 -0.845770 0.016686
-1.705161 -0.562430 0.014169
-1.704943 -0.275088 0.011927
-1.704695 -0.175478 0.011216
-1.704475 0.044110 0.009777
-1.703719 -0.737202 0.015705
-1.701902 -0.477385 0.013498
-1.698243 0.210242 0.008821
-1.697447 -0.637621 0.014876
-1.696756 -0.339110 0.012451
-1.695539 0.585880 0.007067
-1.694865 -0.405865 0.012980
-1.690291 1.046244 0.005659
-1.686216 -1.066680 0.019291
-1.685041 -0.014697 0.010201
-1.684292 0.153591 0.009161
-1.680748 -2.142085 0.025544
-1.675485 1.544136 0.004716
-1.674443 0.792561 0.006315
-1.673690 3.244435 0.002737
-1.666957 -0.078093 0.010691
-1.665700 0.488990 0.007446
-1.660074 -0.221694 0.011768
-1.659877 0.094402 0.009567
-1.659407 -2.682109 0.014865
-1.656520 -0.145935 0.011220
-1.654340 -1.333764 0.023159
-1.650106 -0.526855 0.014335
-1.648855 0.395670 0.007880
-1.642695 -0.295620 0.012447
-1.641882 -0.940331 0.018479
-1.640872 0.304859 0.008355
-1.638180 0.032445 0.010028
-1.634734 0.226210 0.008807
-1.632131 -0.446102 0.013784
-1.629172 -0.366945 0.013128
-1.628143 2.146051 0.003877
-1.624027 1.198322 0.005188
-1.622136 -0.684855 0.016082
-1.621830 0.676047 0.006641
-1.620252 0.161757 0.009224
-1.619566 -0.033609 0.010554
-1.610140 -0.598271 0.015377
-1.609279 -3.302539 0.005874
-1.606475 0.912908 0.005836
-1.606445 -0.786739 0.017303
-1.605862 -0.104503 0.011142
-1.602584 -1.678456 0.028464
-1.601860 -0.179673 0.011755
-1.593180 -0.252220 0.012407
-1.593037 -1.177782 0.022163
-1.589869 0.092877 0.009752
-1.585930 0.564237 0.007066
-1.585757 3.657018 0.002230
-1.581408 -4.540252 0.000988
-1.572283 -0.507091 0.014890
-1.570841 -2.400481 0.022989
-1.569512 2.539961 0.003364
-1.568728 0.458230 0.007567
-1.567106 0.019236 0.010357
-1.567011 1.720842 0.004245
-1.566323 0.356298 0.008119
-1.565825 -1.952849 0.030224
-1.564420 0.255684 0.008724
-1.563442 -0.877101 0.018903
-1.562851 4.502939 0.001400
-1.561972 -0.319511 0.013219
-1.561143 -0.411404 0.014080
-1.552794 -1.030337 0.020944
-1.549883 -0.057264 0.011027
-1.546423 1.368976 0.004704
-1.546313 0.168521 0.009334
-1.544144 0.780210 0.006156
-1.540477 -0.137340 0.011745
-1.538235 -1.477926 0.027575
-1.537171 -0.218804 0.012484
-1.533806 -0.693576 0.017262
-1.530286 1.048538 0.005325
-1.517489 -0.587743 0.016320
-1.513414 0.082839 0.010055
-1.500035 0.651191 0.006614
-1.498077 -1.299621 0.025847
-1.493565 -0.475433 0.015391
-1.490944 1.961952 0.003813
-1.489786 -0.001732 0.010834
-1.487381 -0.371475 0.014360
-1.487215 0.312422 0.008461
-1.486263 -0.276637 0.013406
-1.475545 0.228793 0.009057
-1.475148 -0.089182 0.011681
-1.474554 0.415363 0.007825
-1.473011 0.528319 0.007189
-1.470948 -0.942252 0.021269
-1.469779 -0.179893 0.012573
-1.469620 -0.794799 0.019393
-1.459433 0.899663 0.005617
-1.455811 -1.124447 0.024138
-1.455311 0.149055 0.009712
-1.452533 -2.956009 0.011415
-1.442784 1.547371 0.004205
-1.442347 1.200169 0.004795
-1.441019 2.857762 0.002868
-1.436415 -1.814500 0.033623
-1.434268 -0.665753 0.018339
-1.431558 4.065974 0.001749
-1.425868 0.062305 0.010541
-1.423052 -2.143646 0.031710
-1.421539 -0.547680 0.017068
-1.409697 -0.433640 0.015845
-1.409379 0.754161 0.006078
-1.405475 -0.031737 0.011509
-1.403910 -0.329079 0.014687
-1.398448 0.339884 0.008382
-1.398052 -0.230998 0.013633
-1.395712 2.271283 0.003329
-1.394907 -0.129863 0.012565
-1.390634 -1.607005 0.033120
-1.389519 -3.662778 0.003752
-1.388927 0.244825 0.009112
-1.373989 0.613798 0.006701
-1.366434 -1.030569 0.024672
-1.363524 0.463378 0.007572
-1.362987 1.033929 0.005041
-1.362653 0.145715 0.010018
-1.359534 -1.227565 0.028025
-1.358208 -1.409333 0.031092
-1.355356 -0.879063 0.022601
-1.342458 -0.746564 0.020905
-1.339249 -2.631136 0.020199
-1.336515 1.365428 0.004256
-1.332723 0.038632 0.011156
-1.331287 1.765985 0.003700
-1.328752 -0.619140 0.019315
-1.328066 3.194683 0.002422
-1.323407 -0.499374 0.017730
-1.315119 -0.389068 0.016345
-1.314598 -0.069360 0.012408
-1.309144 -0.282687 0.015019
-1.307577 -0.177232 0.013718
-1.306943 0.872382 0.005473
-1.301081 0.351006 0.008418
-1.300609 -4.050687 0.002159
-1.286120 0.235669 0.009414
-1.272548 -1.973883 0.037386
-1.272233 0.554399 0.007004
-1.270417 0.719025 0.006090
-1.256885 0.117477 0.010647
-1.253417 -2.339388 0.030123
-1.251242 1.181364 0.004451
-1.250000 5.000000 0.000968
-1.250000 -5.000000 0.000593
-1.243481 -1.130960 0.029320
-1.235995 2.558988 0.002807
-1.231809 2.024058 0.003246
-1.230688 -0.000387 0.012072
-1.227658 -0.965661 0.026754
-1.223052 -0.825195 0.024411
-1.221195 -3.258393 0.007563
-1.221046 -0.558524 0.020035
-1.218397 0.448981 0.007737
-1.216742 -0.686215 0.022184
-1.214397 1.557548 0.003712
-1.213275 -0.117400 0.013638
-1.210793 -0.450487 0.018473
-1.209579 -0.345051 0.016877
-1.209222 -1.743048 0.039352
-1.205982 -0.232834 0.015274
-1.199681 3.564568 0.001980
-1.195272 -1.305049 0.033809
-1.193997 -1.517800 0.037433
-1.188843 0.999594 0.004843
-1.186321 0.319314 0.008844
-1.183137 0.628803 0.006519
-1.166782 0.197456 0.010082
-1.149487 0.823306 0.005468
-1.141602 0.075343 0.011558
-1.123395 1.349237 0.003857
-1.115550 -0.049502 0.013315
-1.107225 -0.593948 0.022374
-1.103602 0.530165 0.007158
-1.100914 -2.142352 0.037570
-1.100839 -1.059771 0.031586
-1.099395 -0.757956 0.025622
-1.098254 -0.453092 0.019937
-1.098116 -0.178676 0.015335
-1.097148 -2.890519 0.014419
-1.096970 -0.316475 0.017579
-1.080344 1.781232 0.003187
-1.078641 0.405321 0.008183
-1.072697 0.697410 0.006041
-1.072262 2.877423 0.002313
-1.066497 2.280622 0.002732
-1.064905 -0.898700 0.029139
-1.058962 -4.489982 0.001195
-1.055615 1.143972 0.004191
-1.054871 0.279803 0.009440
-1.045433 3.986257 0.001539
-1.043846 -1.208082 0.036046
-1.037558 0.157365 0.010889
-1.016649 -2.538955 0.025138
-1.015744 -1.408503 0.040547
-1.013672 0.035616 0.012592
-1.011920 0.943872 0.004779
-1.004280 -1.905252 0.043190
-1.001818 -1.640716 0.043739
-0.994726 -0.691227 0.026122
-0.986008 -0.097025 0.014754
-0.981162 -3.599314 0.004412
-0.977864 1.542163 0.003278
-0.973173 -0.536086 0.023154
-0.972447 -0.239363 0.017309
-0.968262 -0.385346 0.020132
-0.967841 0.583011 0.006739
-0.958426 0.778393 0.005484
-0.956501 4.480326 0.001175
-0.950675 0.431179 0.008014
-0.927861 0.297376 0.009421
-0.921919 -1.041615 0.035342
-0.921626 2.015494 0.002683
-0.912259 -0.826881 0.030569
-0.911825 0.165682 0.011084
-0.907183 3.229331 0.001857
-0.905246 1.310559 0.003542
-0.898505 -2.256727 0.035218
-0.877692 2.565168 0.002219
-0.877668 0.018917 0.013343
-0.855832 1.088977 0.004038
-0.855786 -1.259210 0.041403
-0.845820 -0.646165 0.027290
-0.844670 -0.141632 0.016282
-0.829519 -0.304045 0.019634
-0.828349 -0.470906 0.023350
-0.826237 -3.996367 0.002359
-0.822674 -3.195315 0.008364
-0.818034 0.678128 0.005974
-0.815222 0.885466 0.004782
-0.812257 -1.494346 0.045830
-0.807720 1.752518 0.002725
-0.802279 0.485240 0.007517
-0.792041 0.320904 0.009258
-0.781650 -1.751072 0.046677
-0.769064 -0.934984 0.035486
-0.765238 0.150165 0.011565
-0.758327 -2.029308 0.041838
-0.747062 -2.815756 0.015571
-0.732041 1.493464 0.002928
-0.728637 3.621441 0.001438
-0.719020 -0.025728 0.014567
-0.719012 2.266703 0.002158
-0.713805 -0.764804 0.031799
-0.706906 -1.112691 0.040545
-0.687082 -2.465553 0.026091
-0.685607 -0.203410 0.018204
-0.681334 1.243599 0.003343
-0.680788 -0.572654 0.027075
-0.677658 2.884691 0.001738
-0.672557 -0.385200 0.022421
-0.644785 1.009684 0.004030
-0.640336 0.597974 0.006440
-0.639835 -1.334434 0.045309
-0.634550 0.788633 0.005095
-0.633981 0.275001 0.009884
-0.625000 5.000000 0.000758
-0.625000 -5.000000 0.000562
-0.620581 0.433443 0.007979
-0.601606 1.978297 0.002180
-0.585932 0.099336 0.012533
-0.577608 -1.582390 0.046979
-0.561588 -0.926096 0.037027
-0.557944 -4.486926 0.001087
-0.557623 -2.216391 0.033170
-0.542888 4.069054 0.001071
-0.538579 -0.084409 0.015958
-0.527634 1.692406 0.002337
-0.527221 -3.532969 0.004272
-0.525533 -0.696151 0.031029
-0.523011 -1.858228 0.043095
-0.507483 -0.281226 0.020312
-0.502307 -0.484863 0.025408
-0.496493 2.545068 0.001660
-0.486015 -1.154636 0.042134
-0.484191 1.410866 0.002687
-0.465599 3.246537 0.001308
-0.455016 0.260633 0.009984
-0.453434 1.143660 0.003296
-0.444508 0.644557 0.005863
-0.442132 0.441686 0.007735
-0.439175 0.886863 0.004313
-0.422691 -2.656984 0.016544
-0.414697 -3.095003 0.008044
-0.392690 -1.393620 0.044118
-0.387042 0.065293 0.012961
-0.357794 -0.820953 0.033724
-0.349805 2.219399 0.001634
-0.342047 -0.147181 0.016983
-0.330942 -2.036684 0.033568
-0.329979 -4.004806 0.001887
-0.326696 -1.011994 0.037757
-0.315491 -0.593857 0.027594
-0.310475 -1.665158 0.041159
-0.310155 -0.372940 0.022011
-0.305951 4.502981 0.000760
-0.281339 -2.371419 0.021997
-0.276164 1.907409 0.001750
-0.262752 2.864811 0.001218
-0.254619 1.591014 0.002058
-0.254047 0.263429 0.009541
-0.240525 3.661927 0.000945
-0.236812 1.296536 0.002564
-0.231758 0.746878 0.004798
-0.230007 1.015885 0.003419
-0.228070 0.485387 0.006893
-0.216213 -1.221231 0.038834
-0.172407 0.019461 0.012987
-0.144161 -0.755356 0.029287
-0.131875 -0.228454 0.017428
-0.122677 -1.843361 0.031618
-0.111725 -2.791042 0.009792
-0.102016 -1.468100 0.035914
-0.095692 -0.985053 0.032607
-0.095053 2.490934 0.001169
-0.084224 -3.578816 0.002870
-0.082475 -0.486507 0.022379
-0.052409 0.204689 0.009521
-0.049823 -4.506678 0.000778
-0.012440 3.232430 0.000852
-0.010617 0.632132 0.005067
-0.008171 0.885235 0.003579
-0.007885 -3.205851 0.004603
-0.003440 -2.130203 0.021012
-0.001177 1.157890 0.002553
-0.001119 0.397341 0.007043
0.000000 -5.000000 0.000394
0.000000 5.000000 0.000488
0.006979 1.766074 0.001490
0.007397 1.450833 0.001891
0.032668 -2.479411 0.012871
0.032807 -0.053722 0.012735
0.037450 2.127009 0.001187
0.043369 4.073296 0.000640
0.048192 -1.208779 0.030469
0.067639 -0.681706 0.023475
0.068912 -1.674034 0.027379
0.080045 -0.297697 0.016335
0.090877 -0.908780 0.026372
0.124670 0.128777 0.009378
0.150186 2.829887 0.000805
0.181991 -4.032184 0.001176
0.184895 -0.503585 0.018037
0.195801 -1.416613 0.024918
0.201699 0.308417 0.006894
0.204662 0.759169 0.003660
0.208229 0.526864 0.005051
0.212962 1.010478 0.002602
0.214956 -0.116950 0.011767
0.217977 -1.063528 0.023869
0.223806 -1.914257 0.018254
0.231566 1.280755 0.001860
0.232889 -2.863874 0.005567
0.246772 -0.783930 0.020481
0.257057 3.617805 0.000576
0.265160 1.572545 0.001356
0.283945 1.866171 0.001065
0.286943 2.461803 0.000784
0.287529 0.056668 0.008854
0.288287 -0.302683 0.013290
0.323580 -2.235360 0.011042
0.330841 4.492336 0.000425
0.341915 -1.222581 0.020169
0.342808 -0.649779 0.016562
0.345456 -1.660101 0.017696
0.352897 -2.548857 0.007097
0.356625 -3.617027 0.001665
0.363383 -0.924227 0.018476
0.370253 0.231764 0.006472
0.396667 -0.470152 0.013446
0.397651 0.642983 0.003599
0.402757 0.425645 0.004822
0.402850 0.871800 0.002623
0.408983 2.154888 0.000781
0.409599 -0.118450 0.009428
0.420819 -3.225316 0.002570
0.425607 1.112516 0.001881
0.432689 3.174093 0.000525
0.458445 -1.448645 0.015782
0.462245 1.362053 0.001359
0.468459 -0.308481 0.010539
0.469605 0.069354 0.007035
0.482330 -4.465709 0.000479
0.484923 -1.050939 0.015554
0.486908 -0.792499 0.014338
0.487334 -1.970108 0.010700
0.514677 1.618488 0.000998
0.533325 -0.604154 0.011985
0.536696 2.782316 0.000516
0.540779 0.243646 0.005174
0.555672 -1.739273 0.011214
0.560147 -1.259698 0.013530
0.561158 1.870625 0.000773
0.566549 -0.202190 0.008225
0.574877 0.755786 0.002528
0.576136 0.557144 0.003289
0.578479 0.389149 0.004089
0.580674 -2.855401 0.003231
0.584883 -0.432830 0.009758
0.586789 -0.052351 0.006845
0.596605 0.968702 0.001862
0.625000 5.000000 0.000269
0.625000 -5.000000 0.000207
0.625053 3.990984 0.000346
0.631662 -0.913062 0.011495
0.635027 0.102552 0.005360
0.635495 -2.243042 0.006044
0.639563 1.190165 0.001344
0.650385 -2.518542 0.004301
0.657733 -1.528261 0.010214
0.662329 2.422651 0.000500
0.663786 -0.304944 0.007699
0.665022 -0.727054 0.010103
0.674316 -1.107511 0.010834
0.694929 1.414518 0.000977
0.699260 0.239282 0.004142
0.699390 3.536527 0.000347
0.702919 -0.558969 0.008616
0.707743 -3.999357 0.000633
0.717772 -0.161642 0.006174
0.717916 -1.340837 0.009599
0.725910 2.132013 0.000530
0.727809 0.368881 0.003389
0.735447 -0.007110 0.005145
0.737046 0.509042 0.002805
0.737853 0.666875 0.002288
0.741187 -1.977735 0.006270
0.750292 0.846563 0.001784
0.758089 -0.414593 0.007067
0.758341 1.646012 0.000719
0.775559 -3.520623 0.001024
0.789997 1.044275 0.001316
0.793289 0.131242 0.004025
0.794354 -1.744215 0.006680
0.803490 -0.824279 0.007919
0.810661 -0.273926 0.005752
0.812635 -0.992101 0.008022
0.823688 -0.662878 0.007157
0.829396 -0.104341 0.004795
0.831107 1.884649 0.000538
0.836676 -1.181606 0.007600
0.836781 -3.123097 0.001487
0.856336 0.269202 0.003098
0.856406 1.249053 0.000941
0.858593 -0.515882 0.006181
0.862999 3.107531 0.000306
0.873118 0.424593 0.002512
0.873960 0.021334 0.003914
0.874534 -1.536251 0.006269
0.874901 2.715961 0.000335
0.888734 0.572586 0.002046
0.894499 0.733959 0.001660
0.895202 4.468030 0.000226
0.895965 -0.195651 0.004577
0.899367 -1.362355 0.006336
0.900114 -0.376822 0.005204
0.912004 -2.761493 0.001958
0.917906 0.908693 0.001288
0.925153 1.459201 0.000680
0.929755 0.138107 0.003136
0.931663 -2.177977 0.003441
0.934725 -2.447840 0.002621
0.949360 -0.748741 0.005636
0.952050 -0.078265 0.003705
0.953566 -0.899622 0.005783
0.964580 -0.607596 0.005166
0.965757 -0.277863 0.004240
0.969208 -4.574476 0.000214
0.974762 2.166146 0.000366
0.975326 -1.063948 0.005563
0.979175 0.349921 0.002276
0.979460 1.095522 0.000935
0.987484 -1.910760 0.003802
0.991001 -0.477082 0.004569
0.991147 0.238156 0.002517
0.999635 0.031753 0.003049
1.000162 1.688848 0.000491
1.007198 2.442344 0.000306
1.019762 -0.171227 0.003493
1.020387 0.482944 0.001815
1.024577 -1.237656 0.004856
1.025804 0.634767 0.001504
1.032263 -1.673355 0.004012
1.034976 -0.365493 0.003885
1.042626 0.790575 0.001213
1.060806 0.132898 0.002449
1.066359 -0.070057 0.002917
1.073912 1.292649 0.000644
1.075533 0.953855 0.000944
1.075635 3.529398 0.000210
1.076939 -0.682115 0.004120
1.079686 1.943343 0.000358
1.080688 -0.814530 0.004233
1.082595 -0.258103 0.003260
1.083581 -1.442798 0.003960
1.087690 -0.557393 0.003829
1.092108 0.351128 0.001839
1.095822 0.239360 0.002053
1.098901 -0.956562 0.004131
1.108610 0.024406 0.002459
1.113343 -0.445542 0.003418
1.131253 -0.157782 0.002724
1.136102 -1.109311 0.003765
1.143715 1.506498 0.000463
1.144386 3.966027 0.000178
1.144764 -3.758101 0.000411
1.145331 -0.340622 0.002992
1.146952 -4.215104 0.000243
1.147204 1.129725 0.000682
1.147242 0.567855 0.001302
1.148445 0.456177 0.001471
1.161001 0.698998 0.001093
1.162905 0.108257 0.002034
1.169433 2.825853 0.000210
1.169882 -3.339288 0.000626
1.170893 -0.066626 0.002326
1.177691 0.185992 0.001832
1.183773 -0.239957 0.002570
1.187070 -0.621726 0.003109
1.187458 0.842227 0.000882
1.192499 -1.274428 0.003183
1.193470 -2.964536 0.000893
1.194478 -0.739013 0.003163
1.195319 0.283891 0.001604
1.195983 -2.330452 0.001652
1.196113 -2.062697 0.002068
1.199291 -0.513846 0.002892
1.204726 0.377543 0.001430
1.205858 0.023043 0.002000
1.209229 -1.826366 0.002374
1.211840 -0.860066 0.003101
1.216975 -2.622100 0.001200
1.217764 -0.415516 0.002639
1.221360 0.998499 0.000694
1.225661 -1.600378 0.002594
1.231939 1.735991 0.000327
1.234631 -0.146354 0.002144
1.239115 -0.322572 0.002383
1.239687 -0.993557 0.002919
1.240865 2.223918 0.000235
1.250000 -5.000000 0.000082
1.250000 5.000000 0.000128
1.258784 0.108380 0.001654
1.260906 0.493184 0.001129
1.261642 -0.053326 0.001880
1.265008 0.202038 0.001499
1.269076 0.616466 0.000973
1.269747 -0.238995 0.002107
1.272486 1.345531 0.000436
1.278723 1.185898 0.000509
1.285294 -1.424339 0.002404
1.287046 -0.569161 0.002391
1.287527 0.024032 0.001667
1.287928 0.298050 0.001302
1.288528 -0.669804 0.002462
1.288698 -1.135873 0.002555
1.289200 3.176268 0.000162
1.289863 0.389130 0.001185
1.292657 0.746986 0.000804
1.299567 -0.475888 0.002232
1.308010 -0.389267 0.002098
1.315399 -0.177795 0.001818
1.318129 -0.773090 0.002342
1.320475 2.536125 0.000181
1.321265 -0.100130 0.001698
1.323170 -0.310557 0.001938
1.327065 0.887587 0.000644
1.329971 1.987231 0.000232
1.335207 -0.889645 0.002278
1.338137 0.151036 0.001336
1.345264 0.069176 0.001409
1.350019 0.238655 0.001202
1.352529 -0.243741 0.001736
1.353502 -0.019354 0.001483
1.358759 1.544843 0.000309
1.362358 1.043419 0.000507
1.364948 -1.271293 0.002047
1.366546 0.548506 0.000856
1.367395 0.442171 0.000952
1.371761 -0.560326 0.001929
1.372008 -0.648802 0.001983
1.373478 -1.018532 0.002070
1.377127 -0.154421 0.001545
1.378447 0.334379 0.001032
1.379959 -0.403022 0.001770
1.381761 -0.478016 0.001822
1.386026 -0.328704 0.001679
1.387667 0.663572 0.000726
1.387811 -1.726567 0.001611
1.393587 -0.082581 0.001414
1.406143 -0.208271 0.001491
1.408509 0.110481 0.001177
1.409919 -0.723450 0.001833
1.412077 0.184955 0.001096
1.412744 0.036450 0.001237
1.416561 4.468208 0.000113
1.418800 -0.275414 0.001504
1.420210 -2.200897 0.001083
1.421301 0.787444 0.000594
1.427146 0.259258 0.000992
1.429444 1.200699 0.000378
1.430122 -1.555687 0.001570
1.432123 -0.026989 0.001239
1.434038 -0.136988 0.001331
1.437292 -1.944645 0.001246
1.442039 -1.137004 0.001713
1.442579 -0.361821 0.001484
1.443403 -0.812358 0.001706
1.446602 -0.919375 0.001708
1.448819 0.394790 0.000833
1.451429 -0.613103 0.001601
1.455201 -0.525785 0.001541
1.455567 0.490365 0.000748
1.458883 -0.436911 0.001474
1.459598 -0.188997 0.001292
1.462440 1.764814 0.000214
1.462551 -0.085037 0.001199
1.464098 0.922079 0.000471
1.467647 -1.403188 0.001507
1.467741 1.367326 0.000298
1.470051 0.079008 0.001044
1.470536 0.310810 0.000857
1.472233 0.147457 0.000983
1.473221 -0.242719 0.001290
1.473734 0.590068 0.000651
1.478026 -0.308526 0.001321
1.481077 0.018991 0.001065
1.484749 0.216687 0.000901
1.485142 -0.684827 0.001494
1.489909 -2.451318 0.000748
1.494292 -0.141415 0.001151
1.496542 -2.783857 0.000550
1.496958 -0.038509 0.001068
1.505334 2.264622 0.000147
1.505609 0.697461 0.000545
1.506300 -0.374846 0.001270
1.510112 3.567266 0.000109
1.510561 -1.014489 0.001442
1.513361 -0.489470 0.001309
1.517441 -3.139326 0.000374
1.520183 1.061673 0.000364
1.521177 -0.092115 0.001043
1.521328 -0.198019 0.001114
1.522922 0.265191 0.000790
1.523330 0.112231 0.000895
1.523409 -0.581161 0.001315
1.523643 0.355122 0.000729
1.526013 -0.264274 0.001143
1.527164 -1.259309 0.001337
1.529329 2.846949 0.000118
1.530195 0.436140 0.000666
1.532774 0.059220 0.000911
1.533347 -0.760725 0.001335
1.534157 -3.533862 0.000243
1.536274 0.176610 0.000825
1.537866 0.000380 0.000940
1.539676 -0.431794 0.001195
1.542284 -0.322689 0.001129
1.546841 -0.142529 0.001010
1.548523 0.813535 0.000441
1.550943 0.522965 0.000585
1.552334 -0.048688 0.000938
1.552711 -0.887290 0.001286
1.560852 -3.977719 0.000145
1.565377 -0.656903 0.001201
1.565679 -0.518699 0.001153
1.565780 -1.749058 0.001004
1.566511 -0.230857 0.001012
1.568295 1.557150 0.000207
1.571759 -0.380000 0.001075
1.571805 0.124227 0.000789
1.571933 0.226883 0.000726
1.572164 0.305749 0.000679
1.572612 -0.098661 0.000921
1.575759 -0.181011 0.000961
1.575941 0.029698 0.000837
1.580590 0.615474 0.000501
1.581462 -0.279521 0.000999
1.582257 -4.505064 0.000078
1.583817 -1.122334 0.001175
1.585828 2.004030 0.000146
1.589393 0.076821 0.000783
1.590143 1.214522 0.000271
1.592372 -0.458804 0.001052
1.593685 0.381478 0.000604
1.595762 -0.060620 0.000848
1.595801 -0.014075 0.000822
1.598589 -0.137690 0.000883
1.599600 -0.333162 0.000979
1.600981 0.172211 0.000707
1.601474 -1.566530 0.000994
1.604014 0.936621 0.000346
1.605464 -0.581624 0.001059
1.608432 -0.214553 0.000900
1.615090 -0.810691 0.001080
1.615153 0.458098 0.000536
1.617635 -0.406914 0.000964
1.619929 -2.120344 0.000697
1.620390 0.263457 0.000627
1.620584 -0.251433 0.000890
1.620975 0.032037 0.000747
1.621734 0.715659 0.000414
1.622246 -0.095586 0.000810
1.624570 0.119371 0.000695
1.625166 -0.176563 0.000844
1.626908 -1.400130 0.000985
1.629669 -0.992980 0.001046
1.629957 -0.721285 0.001024
1.631024 -0.296104 0.000886
1.632772 -0.046497 0.000765
1.635810 -0.513302 0.000956
1.638133 -0.360515 0.000896
1.639933 0.211882 0.000623
1.640826 0.328614 0.000565
1.641792 -0.138943 0.000791
1.643185 0.073230 0.000686
1.644410 -0.005477 0.000723
1.647067 0.538968 0.000462
1.654465 -0.215396 0.000799
1.655600 -0.639879 0.000939
1.657728 0.160165 0.000620
1.657960 -0.453233 0.000882
1.659162 -0.108526 0.000743
1.660315 4.011322 0.000083
1.661137 -0.073319 0.000723
1.661385 -0.321177 0.000827
1.661694 2.541242 0.000101
1.662966 -0.262392 0.000801
1.664379 1.376028 0.000200
1.665815 0.033186 0.000667
1.665873 -0.171899 0.000758
1.668609 0.395803 0.000499
1.670940 -1.239573 0.000910
1.671806 1.067937 0.000263
1.671895 -0.036286 0.000687
1.673669 0.110545 0.000619
1.674585 0.822588 0.000331
1.676729 -0.889275 0.000919
1.678363 -0.399015 0.000818
1.679167 0.279013 0.000536
1.681222 -0.565936 0.000860
1.682277 3.190583 0.000086
1.683966 -0.135162 0.000708
1.684023 0.625448 0.000391
1.686195 0.232185 0.000547
1.686465 -0.293451 0.000764
1.686738 -0.001040 0.000647
1.688706 1.756746 0.000140
1.689911 0.068430 0.000612
1.690464 -0.352172 0.000777
1.691402 -0.098114 0.000679
1.692451 -0.198851 0.000717
1.693377 -0.237219 0.000730
1.695521 -1.908860 0.000654
1.696717 -0.064249 0.000656
1.697157 0.188354 0.000550
1.698820 0.466430 0.000436
1.701441 -0.162151 0.000686
1.701970 -0.500733 0.000797
1.706241 -0.788607 0.000840
1.707342 0.031770 0.000600
1.707429 0.142758 0.000555
1.707823 -0.031155 0.000624
1.710145 -0.268596 0.000709
1.710368 0.337979 0.000473
1.711572 -1.097455 0.000830
1.714972 -0.121145 0.000647
1.716635 -0.444715 0.000751
1.716831 -0.696390 0.000804
1.717259 -0.315610 0.000711
1.718968 0.100026 0.000556
1.722292 -0.088010 0.000623
1.723979 -0.183030 0.000654
1.724240 -0.000074 0.000587
1.724744 -0.217800 0.000665
1.725158 -0.146128 0.000639
1.728185 -0.057983 0.000602
1.728513 -0.396374 0.000714
1.731415 0.061545 0.000553
1.731756 -0.355703 0.000696
1.733451 -0.615304 0.000755
1.734909 0.719688 0.000318
1.734974 0.283433 0.000465
1.735942 -0.249141 0.000656
1.736615 0.229985 0.000483
1.739830 -0.027728 0.000573
1.740606 0.934784 0.000256
1.741665 -2.317933 0.000445
1.741811 -0.109833 0.000599
1.741844 0.541748 0.000368
1.743148 0.177970 0.000494
1.743462 0.396779 0.000415
1.743778 -0.287660 0.000654
1.744794 0.027212 0.000546
1.747447 -0.164555 0.000609
1.749753 -0.974972 0.000752
1.749876 -0.543279 0.000708
1.750030 -0.133443 0.000594
1.750720 0.130908 0.000501
1.751844 -0.196078 0.000612
1.752386 -0.079469 0.000572
1.753279 1.208651 0.000193
1.754672 -0.051444 0.000560
1.756491 -2.612359 0.000342
1.757809 -1.695532 0.000617
1.758590 -0.003148 0.000537
1.758704 0.089770 0.000505
1.759256 -0.226509 0.000609
1.762215 -0.327325 0.000634
1.763826 -0.480121 0.000669
1.765165 -0.103118 0.000561
1.767597 0.053268 0.000506
1.769094 -0.259764 0.000603
1.769652 -0.030137 0.000531
1.770056 -0.425725 0.000645
1.771336 -0.150654 0.000567
1.773017 -0.372733 0.000627
1.774189 -0.124376 0.000555
1.774191 -0.177437 0.000571
1.775561 -0.059976 0.000532
1.775713 1.544557 0.000138
1.776889 0.465131 0.000361
1.777466 0.020333 0.000504
1.779974 -1.352451 0.000656
1.780402 -0.083261 0.000533
1.780603 0.331518 0.000399
1.780801 -0.205307 0.000569
1.781202 0.630013 0.000309
1.782294 -0.293426 0.000591
1.783092 0.208222 0.000436
1.784065 -0.859987 0.000681
1.784859 0.264107 0.000416
1.785052 0.159258 0.000449
1.786130 -0.751025 0.000670
1.786610 -1.506597 0.000615
1.788543 2.238209 0.000089
1.789137 -0.010636 0.000498
1.789159 0.115829 0.000458
1.789575 -0.105019 0.000527
1.789908 -0.234357 0.000563
1.791474 -0.041443 0.000505
1.792525 -0.139132 0.000532
1.793013 -0.662868 0.000647
1.793719 0.078024 0.000465
1.795081 -0.161623 0.000535
1.797003 0.812332 0.000252
1.798004 -0.065839 0.000503
1.799113 0.044707 0.000469
1.799931 -0.186229 0.000535
1.800341 -0.122567 0.000517
1.800666 -0.328421 0.000571
1.801814 -0.585272 0.000621
1.802371 -0.264113 0.000552
1.803869 -0.086977 0.000502
1.805224 0.015622 0.000470
1.805299 -1.204035 0.000631
1.808248 -0.211863 0.000530
1.810904 -0.515775 0.000594
1.810937 -0.029199 0.000476
1.811332 -0.362044 0.000562
1.812115 -0.105569 0.000496
1.812360 -0.404155 0.000570
1.813176 -0.144676 0.000505
1.813487 0.402444 0.000347
1.814333 -0.051448 0.000478
1.814567 -0.006848 0.000465
1.816883 -0.168661 0.000507
1.817835 -2.928551 0.000226
1.818531 -0.294315 0.000536
1.818846 1.056212 0.000191
1.819066 -0.072303 0.000478
1.819238 -0.123996 0.000492
1.819632 -0.238065 0.000521
1.820074 -0.453155 0.000568
1.821834 0.139561 0.000414
1.823471 0.099263 0.000424
1.823693 0.183775 0.000400
1.824270 -0.191795 0.000503
1.824769 0.065149 0.000432
1.824906 -0.091242 0.000475
1.825595 0.564731 0.000294
1.827119 0.034256 0.000438
1.827126 0.233331 0.000382
1.831579 -0.109346 0.000472
1.831699 -0.134986 0.000478
1.831926 -0.019022 0.000447
1.831941 -0.154633 0.000483
1.831972 0.007954 0.000440
1.832127 -0.039738 0.000453
1.832412 0.496177 0.000306
1.834127 -0.059435 0.000455
1.834266 0.291634 0.000359
1.834390 -0.264743 0.000506
1.834706 -0.214901 0.000494
1.835369 -1.073344 0.000589
1.837450 1.952687 0.000093
1.837609 -0.325219 0.000515
1.837738 -0.078106 0.000456
1.838569 -0.174561 0.000479
1.841157 -0.122481 0.000463
1.842834 -0.095283 0.000454
1.844004 0.349937 0.000335
1.845811 -0.142303 0.000462
1.846477 -0.358957 0.000510
1.847555 0.694886 0.000248
1.847974 -0.006471 0.000425
1.848009 -0.194656 0.000472
1.848061 -0.238143 0.000482
1.849815 -0.396628 0.000513
1.850189 -0.109851 0.000449
1.850326 1.355191 0.000137
1.850327 -0.048062 0.000433
1.850678 0.050282 0.000407
1.850779 -0.028905 0.000428
1.850812 -0.066411 0.000437
1.851291 -0.159295 0.000459
1.851634 0.020903 0.000414
1.853301 0.119690 0.000387
1.853413 -0.291597 0.000486
1.853890 -0.129149 0.000449
1.853936 -0.083516 0.000438
1.854868 0.081407 0.000395
1.859362 -0.960838 0.000553
1.859424 -0.098291 0.000435
1.859474 0.159632 0.000370
1.859692 -0.176668 0.000453
1.860227 -0.214908 0.000461
1.860894 -0.625705 0.000531
1.861410 -0.704612 0.000539
1.861523 -0.117224 0.000437
1.861898 -0.144498 0.000443
1.862144 -0.553851 0.000521
1.862838 -0.789559 0.000543
1.864536 -0.261428 0.000466
1.864877 -0.073188 0.000423
1.864994 -0.056449 0.000418
1.865173 -0.489759 0.000507
1.866087 0.004184 0.000402
1.866219 -2.088366 0.000374
1.866753 0.203297 0.000352
1.867254 -0.017063 0.000406
1.868418 -0.038564 0.000410
1.868735 -0.087715 0.000422
1.868891 -0.106596 0.000426
1.869001 0.437092 0.000293
1.869457 -0.130826 0.000431
1.869520 -0.159943 0.000437
1.870743 -0.194440 0.000443
1.870760 -0.319866 0.000469
1.870882 0.033788 0.000390
1.871021 0.918608 0.000192
1.871454 -0.434485 0.000489
1.872956 0.253738 0.000334
1.874165 -3.287633 0.000143
1.875000 5.000000 0.000053
1.875000 -5.000000 0.000025
1.875279 -0.235039 0.000447
1.876003 -0.118764 0.000420
1.876137 -0.097059 0.000415
1.876962 -0.065348 0.000407
1.877616 -0.144465 0.000424
1.878269 -0.077798 0.000409
1.878921 0.060712 0.000375
1.879367 0.100521 0.000365
1.879427 -0.175673 0.000429
1.880175 -0.350967 0.000463
1.880828 -0.050532 0.000400
1.882123 -0.026665 0.000393
1.882258 -0.107980 0.000411
1.882872 0.014905 0.000382
1.883647 -0.087867 0.000405
1.884173 -0.130781 0.000414
1.884620 -0.284709 0.000445
1.884788 -0.212345 0.000430
1.885559 -0.868597 0.000512
1.886490 -0.158421 0.000417
1.888468 -0.098077 0.000402
1.888540 -0.006824 0.000381
1.888957 -0.385796 0.000458
1.889052 -0.118834 0.000406
1.889232 -0.064743 0.000394
1.889541 0.135580 0.000348
1.890813 -0.039115 0.000386
1.890884 -0.076786 0.000395
1.892043 -0.191586 0.000418
1.892643 -0.142790 0.000407
1.892852 -0.254757 0.000429
1.893857 -0.108020 0.000398
1.895502 -0.088282 0.000392
1.895545 0.379770 0.000287
1.895669 0.035762 0.000365
1.896186 0.313440 0.000301
1.897391 0.598498 0.000239
1.897450 -0.052822 0.000382
1.897759 0.080734 0.000352
1.897815 -0.172536 0.000407
1.898565 -0.129128 0.000397
1.898736 -0.098206 0.000391
1.899538 -0.309999 0.000432
1.900734 -0.117865 0.000393
1.900762 -0.023737 0.000373
1.902040 -0.230031 0.000414
1.902109 -0.066249 0.000380
1.902357 -0.155376 0.000399
1.902608 0.173766 0.000327
1.903430 -0.078128 0.000382
1.904358 -0.107262 0.000387
1.905038 0.512136 0.000252
1.905090 0.011855 0.000361
1.906197 -0.088785 0.000381
1.906448 4.509615 0.000054
1.907055 -0.140158 0.000391
1.907955 -0.207332 0.000403
1.908104 -0.040304 0.000369
1.908185 -0.097692 0.000381
1.908389 0.794037 0.000196
1.908651 -1.843505 0.000381
1.910841 0.056430 0.000346
1.911031 -0.116348 0.000382
1.911511 -0.338568 0.000422
1.911804 -0.186407 0.000395
1.911987 -0.274466 0.000411
1.912540 -0.008193 0.000358
1.912736 -0.055748 0.000367
1.912802 0.216046 0.000309
1.912988 -0.127310 0.000382
1.913306 1.183288 0.000138
1.913395 0.110017 0.000332
1.914162 1.716038 0.000091
1.914675 -1.314489 0.000454
1.915112 -0.167280 0.000387
1.915163 -0.070062 0.000368
1.915421 -0.105658 0.000375
1.915467 2.844120 0.000060
1.916107 -0.082853 0.000370
1.916368 -0.464752 0.000436
1.916699 -0.522857 0.000443
1.917576 -0.151112 0.000382
1.917761 -0.094175 0.000370
1.918429 0.265022 0.000294
1.920140 -0.026935 0.000354
1.921000 -0.589363 0.000445
1.921236 -0.414901 0.000423
1.921315 0.031440 0.000341
1.921764 -0.248114 0.000395
1.922067 -0.138684 0.000375
1.922445 -0.115422 0.000370
1.924984 -0.044587 0.000353
1.925742 -0.297792 0.000399
1.926544 -0.368932 0.000410
1.926832 -0.102674 0.000363
1.927434 -0.060807 0.000354
1.927509 -0.222613 0.000384
1.928240 -0.075598 0.000356
1.928515 -0.126496 0.000366
1.928553 -0.089165 0.000358
1.928684 0.008342 0.000339
1.928961 -0.664115 0.000442
1.929094 0.081055 0.000324
1.929263 -0.199635 0.000378
1.929524 -0.178113 0.000374
1.929994 0.143942 0.000310
1.931087 -0.157245 0.000369
1.932626 -3.686449 0.000086
1.933445 -1.167769 0.000441
1.934447 -0.012796 0.000338
1.935500 -0.113086 0.000356
1.936621 -0.140702 0.000360
1.938710 -0.748735 0.000435
1.938929 -0.032661 0.000338
1.939182 -0.098543 0.000350
1.939504 0.052936 0.000320
1.940629 -0.324393 0.000387
1.941223 -0.083343 0.000345
1.941529 -0.051134 0.000339
1.941927 -0.067797 0.000342
1.942323 -1.630857 0.000381
1.943117 -0.269929 0.000376
1.943971 -0.125343 0.000350
1.944910 3.606833 0.000053
1.945019 -0.168820 0.000357
1.946934 0.026693 0.000319
1.947193 0.434102 0.000240
1.947657 -0.189015 0.000358
1.948161 0.109375 0.000302
1.948362 -0.239658 0.000366
1.948828 -0.153248 0.000350
1.949798 -0.109630 0.000342
1.951282 0.183521 0.000285
1.951403 0.685721 0.000194
1.951408 -0.211638 0.000358
1.951584 -1.451157 0.000394
1.951912 0.002513 0.000319
1.952521 0.353710 0.000252
1.952869 -0.093605 0.000336
1.954996 -0.137809 0.000342
1.955257 -0.019849 0.000321
1.956072 -0.076774 0.000330
1.956949 -1.040431 0.000418
1.957127 -0.040667 0.000323
1.957669 0.236642 0.000271
1.958102 -0.060090 0.000325
1.959844 -0.297497 0.000363
1.959983 0.293395 0.000258
1.960309 0.076822 0.000298
1.960592 1.028825 0.000141
1.960952 -0.121560 0.000333
1.961043 -0.346908 0.000369
1.961745 -0.172985 0.000341
1.962019 2.505306 0.000058
1.963583 -0.389600 0.000372
1.963759 -0.831883 0.000409
1.964484 -0.437045 0.000377
1.965949 -0.104413 0.000326
1.966864 -0.154180 0.000333
1.966892 -0.490360 0.000381
1.967813 0.046822 0.000298
1.967960 -0.087942 0.000321
1.968993 -0.259271 0.000348
1.969534 0.140084 0.000280
1.969558 -0.194267 0.000337
1.969980 -0.226772 0.000342
1.970764 -0.933590 0.000402
1.972274 0.019265 0.000299
1.973783 -0.135209 0.000324
1.974527 -0.006027 0.000302
1.974642 -0.051048 0.000309
1.974668 0.516659 0.000210
1.974754 -0.551257 0.000378
1.975321 -0.029398 0.000305
1.975596 -0.072610 0.000312
1.975980 1.503775 0.000093
1.977015 -2.433631 0.000222
1.978747 -0.115852 0.000316
1.981612 -0.171596 0.000323
1.983528 0.102660 0.000276
1.984052 -0.094166 0.000308
1.984603 -0.210663 0.000326
1.986178 -0.281041 0.000335
1.988054 -0.319068 0.000338
1.988069 -0.619012 0.000370
1.988375 -0.150438 0.000314
1.988951 -0.242709 0.000327
1.990211 0.595759 0.000189
1.991609 -0.061912 0.000297
1.991823 0.068477 0.000275
1.992615 -4.136434 0.000048
1.993639 0.212246 0.000250
1.993869 -0.129437 0.000306
1.994928 -0.041267 0.000291
1.995613 -0.189983 0.000313
1.995886 0.037185 0.000277
1.996157 -0.107980 0.000300
1.996333 0.890357 0.000146
1.996475 -0.017386 0.000286
1.997137 0.008635 0.000281
1.997727 0.167806 0.000254
1.999186 -0.080625 0.000294
1.999411 -0.360172 0.000332
2.004487 -0.222928 0.000310
2.005126 -0.167421 0.000302
2.005730 -0.694015 0.000356
2.006990 -0.405549 0.000331
2.007957 0.388732 0.000212
2.009104 -0.259770 0.000311
2.009918 0.259808 0.000231
2.011143 0.128365 0.000252
2.011370 -0.143794 0.000293
2.011580 0.318878 0.000221
2.011672 -0.096794 0.000286
2.013118 -0.059273 0.000279
2.013383 -0.455486 0.000330
2.014736 -0.119766 0.000287
2.015501 -0.201915 0.000298
2.015683 0.772334 0.000153
2.017139 -0.032745 0.000272
2.018809 -0.293773 0.000307
2.019598 0.090934 0.000252
2.021171 -0.005799 0.000265
2.022532 -0.511422 0.000327
2.023178 0.055853 0.000255
2.023344 0.023546 0.000259
2.024115 -0.180829 0.000288
2.024848 0.460184 0.000192
2.026250 -0.079200 0.000272
2.027225 1.313040 0.000095
2.027312 -0.235018 0.000292
2.029556 -0.330581 0.000302
2.030531 3.234591 0.000047
2.031263 -0.776979 0.000335
2.031488 -0.157211 0.000279
2.032086 2.123551 0.000058
2.032185 0.197333 0.000227
2.035258 -0.103552 0.000269
2.035316 -0.050565 0.000261
2.035424 -0.131336 0.000272
2.040386 -0.573219 0.000315
2.040793 -0.208032 0.000278
2.042538 -1.264189 0.000318
2.043091 -0.265319 0.000283
2.043480 -0.372823 0.000295
2.043802 -0.023823 0.000252
2.044380 0.154730 0.000226
2.048385 -0.071089 0.000255
2.049776 0.005809 0.000243
2.050809 -0.179354 0.000267
2.052490 0.114291 0.000227
2.053331 0.038895 0.000236
2.053985 0.234749 0.000209
2.054871 0.075467 0.000230
2.055374 -1.120266 0.000312
2.056291 -0.419699 0.000288
2.056552 -0.876076 0.000313
2.057905 -0.149235 0.000258
2.057982 0.662083 0.000151
2.058023 -0.299751 0.000275
2.058199 -0.092846 0.000251
2.058982 0.543484 0.000165
2.060093 -0.119792 0.000253
2.060963 -0.234558 0.000266
2.061195 -2.222874 0.000203
2.063047 0.349765 0.000188
2.063943 -0.046106 0.000241
2.064517 -0.637604 0.000298
2.067234 -0.471152 0.000284
2.067891 1.142416 0.000099
2.072040 0.285344 0.000192
2.073325 -0.202458 0.000253
2.074288 -0.338931 0.000266
2.074606 -0.016636 0.000230
2.076913 -2.705605 0.000140
2.077538 -0.989448 0.000295
2.079603 0.187684 0.000201
2.080207 -0.072137 0.000233
2.081011 0.409850 0.000172
2.081260 -0.265846 0.000254
2.081468 -0.169540 0.000243
2.082038 0.017182 0.000221
2.083598 -0.528021 0.000275
2.086048 -0.135836 0.000236
2.087299 0.054892 0.000213
2.087318 1.882482 0.000057
2.087344 -0.102391 0.000232
2.087676 -1.977999 0.000216
2.090447 -0.715041 0.000280
2.091051 0.140901 0.000200
2.092292 0.097245 0.000205
2.093688 -0.383837 0.000256
2.095809 -1.386493 0.000265
2.096908 -0.044255 0.000219
2.097414 -0.230260 0.000239
2.097533 0.992037 0.000104
2.100824 -0.301921 0.000243
2.104419 0.478137 0.000154
2.106134 -1.749872 0.000228
2.106683 2.323443 0.000046
2.107762 -0.193688 0.000228
2.108746 -0.009509 0.000208
2.108882 0.231550 0.000180
2.112324 -0.434082 0.000246
2.113085 0.750768 0.000122
2.113320 -0.156277 0.000221
2.114712 0.862299 0.000111
2.115696 -0.118627 0.000216
2.115715 -0.077766 0.000211
2.117695 0.332034 0.000164
2.118224 0.028742 0.000198
2.118678 -0.576533 0.000251
2.121063 -1.545852 0.000236
2.122023 0.596303 0.000134
2.122312 -0.343987 0.000232
2.123536 -0.262304 0.000225
2.123599 -0.804264 0.000256
2.124485 -0.492047 0.000242
2.125038 0.071407 0.000190
2.129477 0.175905 0.000176
2.129802 1.651767 0.000059
2.132611 -0.040254 0.000198
2.136732 -0.222531 0.000213
2.138850 0.122303 0.000177
2.140940 0.390163 0.000148
2.142049 -0.649160 0.000238
2.143619 -0.180593 0.000205
2.144131 0.278228 0.000159
2.146239 -0.299958 0.000213
2.146472 -0.101500 0.000196
2.147583 -0.001890 0.000186
2.147680 -0.141561 0.000199
2.150471 -0.392715 0.000218
2.155003 4.050032 0.000037
2.158350 -0.068406 0.000186
2.159218 0.038893 0.000176
2.159715 -0.907768 0.000232
2.160866 -4.587262 0.000020
2.164753 -3.035594 0.000086
2.165418 0.082438 0.000168
2.165802 1.441070 0.000063
2.166446 -1.210630 0.000223
2.167545 -1.069872 0.000225
2.167717 0.220434 0.000154
2.167851 0.522658 0.000125
2.172075 -0.254634 0.000194
2.172171 -0.345687 0.000201
2.172933 -0.454370 0.000208
2.172997 -0.524833 0.000211
2.175536 -0.206449 0.000189
2.176175 -0.032747 0.000174
2.176332 0.443685 0.000130
2.178231 -0.726968 0.000216
2.180237 -0.118704 0.000179
2.180732 0.678973 0.000108
2.182726 0.163269 0.000153
2.185660 -0.165940 0.000180
2.187826 0.338305 0.000135
2.192253 -0.083739 0.000170
2.193135 -0.301900 0.000186
2.193760 0.007754 0.000162
2.194213 -0.588300 0.000201
2.195396 1.251529 0.000067
2.198614 0.112465 0.000151
2.204470 -0.410077 0.000187
2.205852 0.055102 0.000152
2.210956 0.272221 0.000132
2.212543 -0.219935 0.000170
2.212643 -0.047606 0.000158
2.214543 -0.362863 0.000179
2.216388 1.082134 0.000072
2.217007 -0.132996 0.000162
2.221452 0.793885 0.000089
2.221945 -0.812315 0.000191
2.223420 -1.329957 0.000184
2.225241 -0.992703 0.000191
2.225408 -0.651256 0.000186
2.227014 -0.264751 0.000166
2.228399 0.582879 0.000102
2.229089 0.928355 0.000079
2.229228 0.208205 0.000131
2.231050 0.398252 0.000115
2.232033 -0.485182 0.000176
2.232511 -0.179629 0.000158
2.233707 -0.008125 0.000145
2.236502 -0.092533 0.000150
2.241162 -0.317486 0.000163
2.242977 0.148631 0.000130
2.249909 0.035285 0.000136
2.250213 0.090778 0.000132
2.251959 -0.551957 0.000168
2.254906 2.646946 0.000032
2.257205 -0.422948 0.000160
2.261370 0.485361 0.000100
2.264377 -0.050324 0.000136
2.264781 -0.137165 0.000141
2.264782 -3.397479 0.000049
2.265351 0.328268 0.000109
2.266772 -0.225600 0.000146
2.270861 -0.362980 0.000151
2.271095 -0.721450 0.000164
2.276160 -2.442916 0.000097
2.276490 -1.137313 0.000162
2.278458 -0.900103 0.000162
2.279865 0.258421 0.000110
2.280956 0.668834 0.000083
2.282127 -0.284254 0.000142
2.284055 -1.464852 0.000149
2.288606 -2.134650 0.000112
2.289657 -1.875877 0.000127
2.290255 -0.179211 0.000133
2.290663 -1.654807 0.000138
2.292645 -0.002692 0.000122
2.293900 -0.097716 0.000127
2.295006 0.187601 0.000110
2.295582 2.071278 0.000034
2.296344 -0.621767 0.000149
2.301200 0.059958 0.000116
2.303233 -0.474141 0.000142
2.304678 0.124595 0.000110
2.306321 2.950676 0.000028
2.311543 0.399703 0.000092
2.313447 1.804643 0.000036
2.318594 -0.324689 0.000130
2.320420 -0.245552 0.000125
2.321607 -0.053141 0.000115
2.323190 0.761789 0.000069
2.324691 -0.537940 0.000135
2.326277 -0.397931 0.000130
2.328036 -0.800983 0.000139
2.329534 1.569278 0.000039
2.329779 -0.135226 0.000117
2.330773 2.357035 0.000029
2.330855 0.570147 0.000078
2.336337 -1.019398 0.000136
2.340712 -1.261693 0.000131
2.341768 -0.197279 0.000115
2.343301 1.360395 0.000043
2.344567 0.233986 0.000093
2.346164 0.017803 0.000104
2.347558 0.875578 0.000060
2.349543 0.313480 0.000087
2.353982 1.174658 0.000048
2.356132 1.013809 0.000053
2.356369 -3.808229 0.000027
2.359718 -0.695774 0.000125
2.359765 0.088948 0.000096
2.363916 0.479758 0.000075
2.367041 -0.280237 0.000110
2.370825 -0.448738 0.000115
2.371925 -0.091603 0.000101
2.372236 0.163979 0.000089
2.373247 -0.031575 0.000098
2.378563 3.647783 0.000024
2.381999 -0.355508 0.000108
2.384844 -0.601347 0.000114
2.385771 3.295395 0.000024
2.389934 -0.898600 0.000116
2.395039 -0.156315 0.000097
2.395833 0.663609 0.000061
2.396492 -0.224867 0.000099
2.397080 -2.775233 0.000056
2.398144 0.390002 0.000072
2.399253 -0.510807 0.000107
2.405377 0.036576 0.000086
2.408355 4.512543 0.000023
2.414505 0.246975 0.000075
2.421576 -1.137705 0.000104
2.424869 -0.407343 0.000096
2.428896 -1.377229 0.000098
2.430318 -0.778420 0.000102
2.430698 -0.027973 0.000082
2.431006 0.105354 0.000077
2.433122 -0.306918 0.000091
2.442812 -0.095822 0.000082
2.447803 0.783929 0.000049
2.448674 0.327520 0.000065
2.449159 0.559465 0.000056
2.457253 -0.667819 0.000092
2.457473 0.178220 0.000069
2.457621 -0.238369 0.000083
2.462309 -0.167897 0.000079
2.462584 0.451771 0.000058
2.466834 -1.546318 0.000084
2.468933 -0.999157 0.000091
2.472741 -0.467193 0.000085
2.472918 -0.564237 0.000086
2.477322 0.034550 0.000070
2.479420 -1.753822 0.000076
2.483443 -0.366228 0.000080
2.486579 0.920810 0.000040
2.486913 -4.255233 0.000013
2.492455 -1.993486 0.000066
2.500000 5.000000 0.000019
2.500000 -5.000000 0.000006
2.503597 1.075717 0.000034
2.505049 0.260850 0.000057
2.506926 -0.043140 0.000066
2.507754 -0.867207 0.000080
2.507789 1.260315 0.000030
2.512714 -2.269315 0.000054
2.514807 1.463782 0.000026
2.515351 0.106004 0.000060
2.516079 0.676682 0.000043
2.517931 -0.292835 0.000070
2.520892 1.690310 0.000023
2.520920 -1.254386 0.000076
2.524781 0.374091 0.000051
2.529988 -0.122578 0.000064
2.531129 1.944121 0.000021
2.536359 -0.204549 0.000064
2.537674 -0.741937 0.000073
2.544299 -3.102238 0.000029
2.544444 0.185582 0.000053
2.548070 -0.415758 0.000066
2.549756 0.482953 0.000044
2.555419 -0.624302 0.000068
2.560022 -0.514019 0.000065
2.560499 0.026318 0.000054
2.568880 -1.103131 0.000066
2.570465 2.223193 0.000018
2.570989 0.571959 0.000039
2.584208 -2.549090 0.000038
2.584439 0.300798 0.000044
2.585330 -0.344043 0.000058
2.585381 0.805512 0.000033
2.587426 2.553797 0.000016
2.594710 -0.064977 0.000051
2.603264 -0.960078 0.000060
2.603822 -0.256513 0.000053
2.612842 0.109294 0.000045
2.621520 0.214770 0.000041
2.625990 0.425573 0.000036
2.628216 -1.407511 0.000053
2.629061 -0.162094 0.000048
2.629247 -0.823098 0.000055
2.636024 2.880230 0.000014
2.645098 0.954450 0.000025
2.646509 -0.447664 0.000049
2.647582 -0.692446 0.000051
2.650700 0.013512 0.000041
2.651378 0.678892 0.000029
2.653405 -0.567676 0.000049
2.655285 1.145783 0.000022
2.656966 -1.617875 0.000046
2.667777 -0.345652 0.000045
2.674191 4.036194 0.000014
2.677100 0.330879 0.000033
2.677791 -3.492029 0.000015
2.680956 -1.221192 0.000046
2.684670 1.343109 0.000018
2.686919 -1.846551 0.000039
2.688806 0.539292 0.000028
2.692573 -0.080070 0.000038
2.695294 -0.256912 0.000040
2.705304 0.134370 0.000033
2.710775 0.235371 0.000031
2.713130 1.559734 0.000015
2.717765 3.234861 0.000012
2.718037 -2.102962 0.000032
2.719104 -1.061836 0.000041
2.724768 0.051501 0.000032
2.738768 -0.911661 0.000039
2.739735 0.813225 0.000021
2.744069 1.797339 0.000013
2.751670 -0.387376 0.000035
2.752268 -0.506383 0.000036
2.753867 -0.769762 0.000037
2.753977 0.424390 0.000025
2.754826 -0.168623 0.000032
2.759535 -0.634367 0.000035
2.771740 -0.034866 0.000029
2.778608 -2.799631 0.000018
2.785492 1.031193 0.000016
2.787724 0.656016 0.000020
2.794326 2.058739 0.000011
2.794540 -2.390832 0.000022
2.796259 -4.580093 0.000004
2.798725 -0.293151 0.000029
2.801807 0.306589 0.000023
2.811300 0.175598 0.000024
2.812061 -3.916396 0.000007
2.814739 3.600974 0.000010
2.817275 -1.315903 0.000029
2.824858 0.060568 0.000024
2.828481 -1.497069 0.000027
2.836778 0.527499 0.000018
2.837782 1.212274 0.000013
2.842685 -0.095253 0.000024
2.853527 -0.430347 0.000025
2.858565 -1.158621 0.000026
2.865399 0.905100 0.000014
2.870661 2.345564 0.000009
2.872554 -1.004471 0.000025
2.872902 -0.564489 0.000024
2.873658 -1.702398 0.000022
2.878495 -0.856413 0.000025
2.882021 -0.707603 0.000024
2.883944 -0.207879 0.000022
2.888982 1.419791 0.000010
2.897280 0.404542 0.000016
2.909503 0.744937 0.000013
2.918629 -0.003044 0.000018
2.920184 -1.936754 0.000018
2.921932 0.260080 0.000016
2.925556 4.469828 0.000009
2.927985 -0.333447 0.000019
2.932082 0.127804 0.000016
2.933456 -3.178844 0.000009
2.944123 1.642567 0.000008
2.948385 2.656223 0.000007
2.951770 0.596313 0.000013
2.967911 -2.199214 0.000014
2.974483 -0.106182 0.000016
2.980028 1.067484 0.000009
2.982268 -0.474456 0.000017
2.998555 -1.356885 0.000016
3.002218 1.885377 0.000007
3.008809 -0.629680 0.000016
3.015052 0.480114 0.000011
3.016770 -1.167565 0.000016
3.018627 -0.800911 0.000016
3.020578 -2.549709 0.000010
3.022534 -0.981435 0.000015
3.026331 -0.229343 0.000014
3.032957 3.032341 0.000006
3.039511 1.266581 0.000007
3.040445 0.872151 0.000008
3.043115 0.338535 0.000011
3.043854 0.043954 0.000012
3.054011 -4.234045 0.000003
3.055415 -1.550883 0.000013
3.057309 0.192367 0.000011
3.081510 -0.364761 0.000012
3.088180 0.683127 0.000008
3.101577 2.128782 0.000005
3.108362 -0.092351 0.000010
3.114738 -1.770203 0.000010
3.125000 -5.000000 0.000001
3.125000 5.000000 0.000006
3.127929 -3.615218 0.000004
3.128515 1.481415 0.000005
3.131089 -0.521237 0.000010
3.149594 0.516737 0.000007
3.152617 -2.861968 0.000005
3.160846 -0.694447 0.000010
3.169047 1.033643 0.000005
3.174674 3.418581 0.000005
3.178878 -0.880354 0.000009
3.181874 0.050427 0.000008
3.182017 0.352557 0.000007
3.182829 -2.014904 0.000007
3.182904 -0.234234 0.000008
3.191456 -1.303740 0.000009
3.191662 -1.083600 0.000009
3.192010 0.196092 0.000007
3.205792 1.727548 0.000004
3.209835 1.216533 0.000004
3.210322 -2.297455 0.000006
3.222254 3.933175 0.000005
3.226909 0.830533 0.000005
3.242203 2.385659 0.000004
3.247271 -0.390972 0.000007
3.253322 -1.499212 0.000007
3.276885 -0.087554 0.000006
3.284326 0.641271 0.000004
3.299998 -0.567234 0.000006
3.313174 2.744175 0.000003
3.314995 1.976180 0.000003
3.326492 -1.714350 0.000005
3.331400 0.450123 0.000004
3.334935 1.410956 0.000003
3.337143 -0.759654 0.000005
3.340884 -3.224985 0.000002
3.342818 0.080477 0.000004
3.350875 0.259561 0.000004
3.359493 -0.967102 0.000005
3.360998 -0.240390 0.000005
3.370983 0.999779 0.000003
3.379359 -1.199864 0.000005
3.401093 -2.557202 0.000003
3.413231 -1.952334 0.000003
3.415107 1.195236 0.000002
3.425856 1.642732 0.000002
3.431473 -0.417957 0.000004
3.433738 -4.001795 0.000001
3.435626 0.787388 0.000003
3.438783 -4.515189 0.000001
3.448108 4.444076 0.000003
3.450647 -1.416548 0.000003
3.468679 -0.062907 0.000003
3.471790 3.090756 0.000002
3.487791 0.573647 0.000002
3.491631 -0.619266 0.000003
3.493900 -2.214065 0.000002
3.520180 0.356230 0.000002
3.524646 0.138481 0.000002
3.527941 -2.864482 0.000002
3.538811 -0.833018 0.000003
3.541046 -1.636512 0.000002
3.546437 2.181402 0.000002
3.555581 -0.240006 0.000002
3.564423 -1.048272 0.000002
3.571369 1.844779 0.000001
3.592778 0.969563 0.000002
3.593565 1.447451 0.000001
3.599421 2.524321 0.000002
3.601218 3.547851 0.000002
3.611948 -3.582786 0.000001
3.618928 1.195424 0.000001
3.630609 -1.245944 0.000002
3.632158 -0.456894 0.000002
3.649369 -1.862850 0.000002
3.655299 0.728457 0.000001
3.690002 -0.019833 0.000001
3.698829 0.487340 0.000001
3.709038 -0.694520 0.000001
3.713430 0.239753 0.000001
3.734735 -1.477423 0.000001
3.750000 5.000000 0.000002
3.750000 -5.000000 0.000000
3.753050 -2.459299 0.000001
3.756328 -0.263742 0.000001
3.768409 2.810595 0.000001
3.775008 -0.956216 0.000001
3.782285 -3.181376 0.000001
3.783127 -2.105531 0.000001
3.803486 1.667229 0.000001
3.828263 0.919364 0.000001
3.831607 3.995227 0.000001
3.849366 1.149755 0.000001
3.849931 1.398661 0.000001
3.852601 -0.507392 0.000001
3.867260 -1.722716 0.000001
3.870454 -2.767083 0.000001
3.873971 1.994023 0.000001
3.875704 -1.212965 0.000001
3.890654 0.658430 0.000001
3.921030 0.393750 0.000001
3.921446 0.134882 0.000001
3.922804 3.169229 0.000001
3.924723 -0.096213 0.000001
3.925370 2.345334 0.000001
3.927378 -4.001132 0.000000
3.955422 -4.458829 0.000000
3.956089 -0.752378 0.000001
3.984075 -0.307991 0.000001
3.992955 4.468316 0.000001
4.029722 -1.493341 0.000000
4.048933 -1.928444 0.000000
4.064722 -0.994807 0.000000
4.087698 0.872743 0.000000
4.089285 1.413939 0.000000
4.095232 2.661723 0.000000
4.099228 -2.294672 0.000000
4.099880 -3.531942 0.000000
4.103775 1.135491 0.000000
4.105180 3.550360 0.000001
4.114993 -0.539316 0.000000
4.137182 1.738359 0.000000
4.142119 0.574931 0.000000
4.159782 0.275525 0.000000
4.161932 -0.017499 0.000000
4.178271 -1.259505 0.000000
4.205637 -0.277957 0.000000
4.207245 -2.644107 0.000000
4.208860 -3.068751 0.000000
4.251595 2.102913 0.000000
4.255352 -1.673664 0.000000
4.268920 -0.774476 0.000000
4.298027 3.005027 0.000000
4.364946 1.464550 0.000000
4.369589 0.800384 0.000000
4.374350 1.130033 0.000000
4.375000 -5.000000 0.000000
4.375000 5.000000 0.000000
4.393255 -1.041522 0.000000
4.402698 -2.003061 0.000000
4.405759 2.468734 0.000000
4.406200 0.458347 0.000000
4.410189 -0.508329 0.000000
4.411471 -1.401981 0.000000
4.417636 0.132932 0.000000
4.437418 3.934110 0.000000
4.444524 -0.178445 0.000000
4.461684 -4.451725 0.000000
4.462311 -3.933954 0.000000
4.482002 4.436515 0.000000
4.523188 -2.404379 0.000000
4.555861 3.369399 0.000000
4.565939 1.776085 0.000000
4.576274 -3.384452 0.000000
4.618743 -2.843210 0.000000
4.633949 -0.784395 0.000000
4.643216 -1.653470 0.000000
4.648769 2.782482 0.000000
4.674266 -1.208819 0.000000
4.675580 0.976778 0.000000
4.675631 1.358238 0.000000
4.681427 0.637227 0.000000
4.684009 2.189619 0.000000
4.696134 0.301933 0.000000
4.697632 -0.393986 0.000000
4.708139 -0.032471 0.000000
4.759868 -2.089149 0.000000
5.000000 1.562500 0.000000
5.000000 1.875000 0.000000
5.000000 0.937500 0.000000
5.000000 4.375000 0.000000
5.000000 0.625000 0.000000
5.000000 3.750000 0.000000
5.000000 3.125000 0.000000
5.000000 2.500000 0.000000
5.000000 -0.312500 0.000000
5.000000 -0.937500 0.000000
5.000000 -0.625000 0.000000
5.000000 -1.562500 0.000000
5.000000 -1.875000 0.000000
5.000000 -1.250000 0.000000
5.000000 -3.125000 0.000000
5.000000 -4.375000 0.000000
5.000000 -3.750000 0.000000
5.000000 -2.500000 0.000000
5.000000 0.000000 0.000000
5.000000 -5.000000 0.000000
5.000000 1.250000 0.000000
5.000000 0.312500 0.000000
5.000000 5.000000 0.000000
