-5.000000 -1.250000 0.000001
-5.000000 5.000000 0.000000
-5.000000 0.000000 0.000001
-5.000000 2.500000 0.000001
-5.000000 3.750000 0.000000
-5.000000 4.375000 0.000000
-5.000000 3.125000 0.000001
-5.000000 1.250000 0.000001
-5.000000 -4.375000 0.000000
-5.000000 -3.125000 0.000000
-5.000000 -3.750000 0.000000
-5.000000 -2.187500 0.000001
-5.000000 -1.562500 0.000001
-5.000000 -1.875000 0.000001
-5.000000 -0.937500 0.000001
-5.000000 -0.312500 0.000001
-5.000000 -0.625000 0.000001
-5.000000 -5.000000 0.000000
-5.000000 -2.500000 0.000001
-5.000000 0.312500 0.000001
-5.000000 0.937500 0.000001
-5.000000 0.625000 0.000001
-5.000000 1.875000 0.000001
-5.000000 1.562500 0.000001
-4.721749 -0.007376 0.000004
-4.719337 -0.330711 0.000004
-4.712009 -0.673603 0.000004
-4.711436 0.930932 0.000004
-4.711376 0.301703 0.000005
-4.694123 -1.059145 0.000004
-4.683573 -1.464658 0.000003
-4.681222 2.076325 0.000004
-4.680750 0.621283 0.000005
-4.677375 2.861065 0.000003
-4.658206 1.639878 0.000005
-4.653776 -1.817010 0.000003
-4.643270 -2.204673 0.000003
-4.642040 1.264191 0.000005
-4.638672 -2.649997 0.000002
-4.637227 -3.450895 0.000001
-4.572781 2.482471 0.000005
-4.548436 3.401750 0.000003
-4.504856 -4.016080 0.000001
-4.495515 -0.855159 0.000010
-4.484228 -0.484219 0.000011
-4.473155 -0.161718 0.000013
-4.471325 -3.057527 0.000002
-4.467746 -4.511446 0.000000
-4.462990 -1.250394 0.000009
-4.456080 3.940340 0.000003
-4.454519 0.937263 0.000013
-4.441044 4.459153 0.000002
-4.435644 0.128651 0.000016
-4.426665 0.404153 0.000016
-4.375000 -5.000000 0.000000
-4.375000 5.000000 0.000001
-4.371061 0.666578 0.000020
-4.348055 1.854514 0.000018
-4.339745 -1.975325 0.000011
-4.339386 1.492373 0.000020
-4.339056 -1.591501 0.000013
-4.337348 -0.662661 0.000021
-4.320274 3.032123 0.000011
-4.307838 -2.373460 0.000009
-4.303886 -1.014514 0.000021
-4.293856 1.176339 0.000027
-4.289587 2.231084 0.000020
-4.285820 -0.337148 0.000029
-4.260749 -3.621736 0.000002
-4.223782 2.655713 0.000021
-4.209852 -0.068482 0.000042
-4.196994 -2.753180 0.000009
-4.187324 0.388508 0.000048
-4.184521 0.171067 0.000048
-4.177325 -1.296322 0.000031
-4.176494 0.882501 0.000049
-4.141616 -0.797041 0.000047
-4.123077 -0.518076 0.000057
-4.111293 -3.240104 0.000007
-4.093675 0.610471 0.000074
-4.065118 -1.801799 0.000038
-4.061043 3.544442 0.000021
-4.047516 1.677408 0.000077
-4.043196 -0.269270 0.000087
-4.036966 -1.051319 0.000067
-4.035835 1.368672 0.000089
-4.032778 -2.142692 0.000033
-4.012736 2.015572 0.000079
-4.004861 -1.516107 0.000059
-3.994802 1.089373 0.000115
-3.994608 -4.473891 0.000002
-3.978716 0.154169 0.000125
-3.973918 -0.044187 0.000125
-3.946013 0.372656 0.000149
-3.943918 -4.009851 0.000004
-3.943282 3.138043 0.000049
-3.938217 -2.485463 0.000036
-3.932416 2.387027 0.000092
-3.925801 0.820695 0.000165
-3.925080 4.448149 0.000015
-3.919351 -0.644371 0.000138
-3.919101 3.982918 0.000024
-3.907971 -0.848465 0.000134
-3.900889 -2.973799 0.000023
-3.893649 -1.259393 0.000114
-3.877701 -0.427792 0.000181
-3.867936 2.760927 0.000094
-3.838828 0.586211 0.000254
-3.812213 -0.217138 0.000261
-3.787617 -1.948158 0.000112
-3.786038 -3.534457 0.000016
-3.774818 -1.026254 0.000226
-3.773132 0.185032 0.000340
-3.772203 -1.686076 0.000147
-3.771304 1.522748 0.000310
-3.771099 -0.016991 0.000333
-3.763571 1.254632 0.000348
-3.754056 1.822095 0.000296
-3.750000 -5.000000 0.000002
-3.750000 5.000000 0.000016
-3.747170 1.006029 0.000394
-3.722903 -2.716112 0.000066
-3.718398 -1.447600 0.000223
-3.714405 0.394260 0.000467
-3.714077 -0.582017 0.000374
-3.708497 -0.800058 0.000348
-3.700294 -2.242861 0.000124
-3.696555 0.772511 0.000518
-3.695780 2.158166 0.000323
-3.667196 -0.367656 0.000507
-3.645709 -1.228550 0.000362
-3.610224 0.582666 0.000807
-3.602309 -0.163785 0.000744
-3.596466 0.048529 0.000808
-3.581103 -3.142276 0.000063
-3.575499 3.440484 0.000182
-3.575392 0.240374 0.000935
-3.574029 -1.030818 0.000575
-3.552040 2.536368 0.000491
-3.539905 -1.726521 0.000399
-3.537883 0.921415 0.001172
-3.536638 -0.682751 0.000839
-3.535836 2.971705 0.000355
-3.528279 -0.866593 0.000789
-3.527804 1.143654 0.001197
-3.524836 -2.486609 0.000197
-3.522181 -0.507044 0.000979
-3.518490 1.377679 0.001183
-3.515097 -1.957692 0.000362
-3.514447 -4.431574 0.000009
-3.511993 1.641854 0.001105
-3.508214 0.422255 0.001367
-3.507289 -1.493887 0.000561
-3.481376 -0.343448 0.001289
-3.477176 3.910130 0.000166
-3.474602 0.745127 0.001669
-3.472491 1.930951 0.001166
-3.459900 -1.273398 0.000829
-3.444222 -0.046126 0.001742
-3.428503 0.123149 0.001991
-3.422564 -0.206634 0.001846
-3.419648 -3.954047 0.000029
-3.406814 -1.071086 0.001238
-3.403939 0.586610 0.002468
-3.397396 0.287248 0.002457
-3.394797 2.226383 0.001442
-3.387813 4.430280 0.000128
-3.385021 -2.825081 0.000223
-3.379616 -0.706876 0.001799
-3.376383 -2.206391 0.000511
-3.374433 -3.490045 0.000079
-3.370547 -0.547752 0.002065
-3.361622 0.992577 0.003114
-3.360111 -0.878263 0.001780
-3.338186 -0.402553 0.002646
-3.324376 0.447832 0.003850
-3.316852 0.813515 0.004127
-3.312968 -1.677105 0.001163
-3.293073 -1.423770 0.001609
-3.292330 1.232180 0.004506
-3.291506 -0.116075 0.003929
-3.291436 0.030956 0.004173
-3.289842 -0.271711 0.003686
-3.289340 1.485973 0.004206
-3.269282 0.180982 0.005011
-3.261932 1.754937 0.004351
-3.260953 0.656133 0.005797
-3.260239 -1.207756 0.002275
-3.248174 -1.935813 0.001201
-3.243204 0.325748 0.006123
-3.239846 -0.714393 0.003710
-3.231842 -0.568621 0.004283
-3.226872 -1.013582 0.003163
-3.215245 -2.482899 0.000720
-3.210036 2.756828 0.002507
-3.201656 -0.437434 0.005530
-3.198964 0.516973 0.008427
-3.198281 2.421327 0.003824
-3.195316 1.036826 0.008688
-3.189899 -0.841157 0.004414
-3.186270 2.046099 0.005730
-3.174101 3.157445 0.001915
-3.167166 -0.318885 0.007291
-3.163840 0.863068 0.010837
-3.163578 -0.179196 0.008095
-3.158046 -0.043874 0.009002
-3.155457 0.093685 0.009758
-3.134278 0.392557 0.012413
-3.127891 -3.155405 0.000362
-3.125000 5.000000 0.000171
-3.125000 -5.000000 0.000010
-3.121454 0.707677 0.014241
-3.120521 0.238334 0.012902
-3.115999 -1.536176 0.003367
-3.111474 -0.662801 0.007881
-3.103798 3.578179 0.001603
-3.103680 -4.518806 0.000027
-3.103231 -1.323847 0.004470
-3.091877 -2.179684 0.001791
-3.085994 -1.130361 0.005932
-3.084976 -1.761288 0.003043
-3.084279 1.373808 0.016360
-3.083866 -0.525513 0.010326
-3.075503 0.570655 0.018819
-3.065251 -0.954351 0.007875
-3.062489 1.608015 0.016882
-3.061162 1.172319 0.020159
-3.059707 -0.253349 0.014565
-3.052000 -0.397967 0.013760
-3.045230 -0.792747 0.010255
-3.040327 -2.764692 0.000971
-3.039710 0.018922 0.019387
-3.038914 -0.114321 0.018063
-3.038829 0.142573 0.020708
-3.027826 0.449352 0.024671
-3.019856 0.982909 0.026858
-3.019140 1.869936 0.018755
-3.010423 0.312573 0.026298
-3.007638 -3.621799 0.000232
-2.994514 0.817436 0.031450
-2.989345 -0.656863 0.015951
-2.979532 2.212742 0.017978
-2.967662 -0.537799 0.020036
-2.961588 -0.197404 0.026919
-2.960239 0.669496 0.037778
-2.959272 -0.311245 0.025178
-2.958967 0.207524 0.033922
-2.955519 4.035255 0.001727
-2.943655 -0.041563 0.032682
-2.941809 -1.931563 0.004715
-2.936748 -1.424234 0.009168
-2.936122 -1.231891 0.011583
-2.933341 -1.055754 0.014385
-2.931033 -0.430123 0.026800
-2.928908 -1.641478 0.007262
-2.928807 0.537843 0.043661
-2.926657 0.087286 0.038190
-2.923877 -0.896169 0.017988
-2.918799 -4.069841 0.000119
-2.918113 -2.441920 0.002570
-2.910505 0.405560 0.046397
-2.901148 -0.757698 0.023339
-2.899597 2.535508 0.020195
-2.898772 -0.130697 0.039066
-2.885732 1.277180 0.050810
-2.882547 0.291366 0.051043
-2.877525 1.088636 0.054926
-2.872631 1.483505 0.050029
-2.870191 -0.631127 0.030736
-2.864355 -0.340769 0.040027
-2.860250 0.915284 0.060079
-2.857591 -0.239260 0.044210
-2.854459 0.009021 0.051471
-2.850577 2.887966 0.017059
-2.850475 0.184284 0.056265
-2.847398 -0.519316 0.037676
-2.846560 0.762202 0.063470
-2.835917 1.718373 0.052000
-2.832806 -0.072112 0.053938
-2.827521 4.553593 0.001289
-2.825587 -2.177247 0.005487
-2.817831 0.620379 0.069370
-2.815083 0.488488 0.068854
-2.809915 -0.420614 0.047606
-2.809568 0.097706 0.063193
-2.805395 2.002071 0.049259
-2.800409 0.368589 0.070382
-2.799962 -0.982558 0.029784
-2.799322 -0.156633 0.058311
-2.794619 -0.839543 0.035365
-2.793709 -1.141199 0.025554
-2.780164 -2.983977 0.001778
-2.778176 -0.714235 0.042480
-2.777125 -1.317844 0.022110
-2.775024 0.262545 0.073554
-2.772978 -1.522600 0.017214
-2.772838 -0.318252 0.058071
-2.765445 -1.752445 0.012930
-2.762657 -0.056788 0.068274
-2.762403 0.023339 0.070504
-2.760116 3.270186 0.015381
-2.759963 -0.601498 0.049827
-2.756800 -0.231043 0.063939
-2.744944 0.170202 0.076863
-2.741275 -0.499979 0.056912
-2.729368 -0.119045 0.071971
-2.723455 1.001120 0.085445
-2.722348 0.705941 0.086065
-2.720666 -3.329062 0.001116
-2.718425 0.842638 0.086614
-2.717746 1.174999 0.084584
-2.717128 0.436557 0.084753
-2.714842 -0.404474 0.064707
-2.713739 0.556330 0.086208
-2.706003 -2.690374 0.003849
-2.705765 0.085711 0.080268
-2.701625 0.332927 0.084990
-2.698093 -0.019271 0.078695
-2.697456 1.363208 0.084283
-2.693708 -0.176409 0.075010
-2.691025 -0.325173 0.070717
-2.685696 -0.907467 0.048465
-2.684330 -1.968078 0.012999
-2.682159 -0.256335 0.073909
-2.678452 -0.781725 0.054828
-2.675994 0.239546 0.085460
-2.671822 2.296501 0.059653
-2.669927 -1.052185 0.044268
-2.668860 -0.671817 0.060625
-2.668743 -0.080629 0.079809
-2.661388 1.571049 0.083951
-2.661119 -0.572375 0.065417
-2.656364 0.156962 0.084987
-2.653816 0.027451 0.082862
-2.651103 -0.481385 0.069695
-2.650498 -1.212821 0.039698
-2.645122 -4.517498 0.000097
-2.642692 0.632232 0.089774
-2.639979 -2.420924 0.007545
-2.636635 -1.407613 0.033146
-2.633975 -0.402212 0.073518
-2.632470 -0.131322 0.080331
-2.632026 0.489597 0.088594
-2.631593 3.678938 0.013737
-2.622335 0.394701 0.087459
-2.621971 -0.202812 0.079020
-2.621088 -0.333283 0.076008
-2.617342 -0.038593 0.082078
-2.616258 1.809694 0.082033
-2.614962 0.093864 0.083939
-2.612861 0.307430 0.086208
-2.612078 -0.270005 0.077696
-2.599498 -1.601859 0.029083
-2.597021 0.188867 0.084084
-2.593100 0.761674 0.088027
-2.592938 0.913288 0.088756
-2.587866 0.240750 0.083847
-2.581527 0.026445 0.081302
-2.581234 2.624902 0.056423
-2.578921 -0.837967 0.062439
-2.577873 -0.964011 0.057728
-2.577198 -0.093247 0.079654
-2.576828 -0.536267 0.071755
-2.576797 1.073601 0.088168
-2.573054 -0.629072 0.069365
-2.571971 -0.726356 0.066531
-2.571274 -2.198473 0.013485
-2.571246 0.558933 0.084529
-2.570081 -0.452918 0.073626
-2.568068 -0.162546 0.078199
-2.567985 -3.717268 0.000747
-2.562619 0.139986 0.080515
-2.559848 -0.375895 0.074736
-2.553920 -0.232538 0.076341
-2.551186 -0.029914 0.077969
-2.549419 -1.115330 0.053702
-2.548931 -0.301950 0.075152
-2.545813 1.244429 0.086259
-2.541773 2.066119 0.079303
-2.541423 0.330129 0.079002
-2.540825 0.399658 0.079363
-2.539907 0.474666 0.079742
-2.538661 0.075895 0.077130
-2.534157 -1.795642 0.027039
-2.533450 -1.294309 0.047460
-2.531898 0.654570 0.079928
-2.526393 0.261934 0.076311
-2.518097 -0.125693 0.073341
-2.516655 0.193398 0.074408
-2.516238 -0.067976 0.073323
-2.512538 0.012966 0.073063
-2.509447 -0.184932 0.071932
-2.503657 -0.495796 0.069397
-2.502384 1.429339 0.083083
-2.501015 -0.421155 0.069732
-2.500499 -0.578583 0.068289
-2.500245 4.239157 0.008241
-2.500000 -5.000000 0.000050
-2.500000 5.000000 0.001938
-2.496789 -0.353024 0.069628
-2.496156 -0.241528 0.069929
-2.495124 0.127994 0.070516
-2.490196 -0.292023 0.068981
-2.480891 -0.892683 0.062364
-2.480800 -0.778068 0.064401
-2.479717 0.838906 0.073181
-2.478591 -1.022287 0.059308
-2.475775 0.067701 0.066927
-2.474761 -0.672193 0.065297
-2.474211 -0.036125 0.066600
-2.473608 0.571987 0.069039
-2.472528 2.978209 0.050273
-2.470125 -1.462252 0.044635
-2.468663 -0.095156 0.065652
-2.466876 0.318708 0.065920
-2.464729 0.395522 0.065927
-2.464642 -0.149970 0.065020
-2.462602 0.480108 0.066116
-2.460240 0.242292 0.064319
-2.457654 0.713692 0.067553
-2.457234 0.016807 0.063473
-2.457008 0.979792 0.071177
-2.454221 -0.204693 0.063339
-2.449194 1.635040 0.079026
-2.447608 0.174550 0.061677
-2.447128 -1.184393 0.054948
-2.447101 -3.036999 0.004575
-2.441880 -0.324734 0.061655
-2.440558 -0.389153 0.061684
-2.439219 -0.454973 0.061698
-2.438688 -0.261904 0.060856
-2.435384 0.117292 0.059216
-2.434594 -0.523584 0.061222
-2.432931 -2.001564 0.026073
-2.426635 -2.748224 0.008276
-2.425874 -0.070083 0.057699
-2.424895 -0.594159 0.060070
-2.422943 0.067819 0.056791
-2.422549 -0.119918 0.057269
-2.422019 -0.022713 0.056801
-2.417519 1.131035 0.066867
-2.415848 -0.168296 0.056254
-2.411247 0.025487 0.054573
-2.410800 -2.486252 0.013426
-2.405356 -0.215425 0.054593
-2.401622 0.284260 0.052816
-2.401253 0.221110 0.052558
-2.399824 -1.634632 0.041355
-2.394981 0.625918 0.054300
-2.394393 -0.301746 0.053244
-2.393509 0.354134 0.051544
-2.391050 -0.352252 0.053086
-2.390554 -0.736266 0.056065
-2.389165 0.167969 0.050111
-2.388710 0.433990 0.051139
-2.388121 -0.835746 0.056100
-2.387976 -0.258018 0.051713
-2.387143 0.120797 0.049715
-2.385116 -0.404643 0.052537
-2.383744 0.528384 0.051023
-2.383662 -0.095832 0.049748
-2.382764 -0.948796 0.055543
-2.382404 -0.051639 0.049275
-2.381470 -0.456989 0.052430
-2.380999 1.862020 0.073799
-2.380198 0.077368 0.048424
-2.378899 -0.139766 0.049124
-2.376932 -0.008346 0.048043
-2.376164 -1.328811 0.050835
-2.376133 -0.652775 0.053492
-2.374223 -0.513132 0.051805
-2.373003 2.368624 0.072658
-2.372890 -1.077469 0.054190
-2.371473 0.780162 0.052037
-2.370754 0.036657 0.046716
-2.370187 -0.182192 0.047812
-2.369839 -4.106821 0.000471
-2.363881 1.294556 0.061063
-2.358229 -0.222406 0.045961
-2.356257 -0.572049 0.049560
-2.352291 0.226435 0.043190
-2.351355 -0.304439 0.045537
-2.350549 0.895208 0.050210
-2.347300 -0.075931 0.042867
-2.347100 -0.264852 0.044369
-2.344866 -0.348841 0.044891
-2.344852 -0.116711 0.042689
-2.343655 0.274878 0.041757
-2.342657 0.129189 0.041357
-2.342113 -0.034741 0.041708
-2.340226 0.085099 0.040969
-2.339009 0.177205 0.040711
-2.337952 -0.156020 0.041751
-2.336708 -0.396063 0.044053
-2.336627 0.004155 0.040556
-2.334554 0.326775 0.040355
-2.334378 0.045111 0.040021
-2.334011 0.699423 0.043960
-2.329162 3.357895 0.042390
-2.328728 -0.447014 0.043369
-2.326823 -0.194184 0.040128
-2.323668 -2.239217 0.023419
-2.318898 -0.500387 0.042495
-2.317243 -0.232575 0.038854
-2.316815 0.391782 0.037677
-2.315760 0.465561 0.038068
-2.314667 -0.096271 0.037289
-2.314424 -0.058418 0.037018
-2.310095 -0.274102 0.038091
-2.308472 -0.133707 0.036519
-2.307978 1.023510 0.045365
-2.307705 -0.315842 0.038172
-2.307088 -1.817757 0.038003
-2.305655 -3.381520 0.003152
-2.303840 -1.199741 0.048533
-2.303485 0.541489 0.036764
-2.302862 -0.699310 0.043076
-2.302775 0.216885 0.034602
-2.302582 -0.019212 0.034866
-2.302200 0.021165 0.034646
-2.302047 1.473525 0.055269
-2.301567 3.902470 0.023139
-2.301054 0.064155 0.034342
-2.300858 -0.786456 0.044177
-2.300709 2.123157 0.068149
-2.300577 0.107553 0.034196
-2.300168 -0.168554 0.035438
-2.299730 -0.619820 0.041303
-2.297020 0.153136 0.033611
-2.295199 -0.363343 0.036734
-2.291911 -0.545935 0.038890
-2.291792 0.614835 0.035719
-2.290396 -0.885579 0.044273
-2.289274 0.269320 0.032609
-2.288458 -1.481971 0.045895
-2.287377 -0.206787 0.033743
-2.286269 -0.078799 0.032593
-2.284819 -0.112524 0.032585
-2.284421 -0.048352 0.032140
-2.283480 -0.413100 0.035564
-2.281421 -0.246009 0.033204
-2.278321 -0.992698 0.044306
-2.273645 -0.287208 0.032464
-2.272979 0.328845 0.030400
-2.272527 -0.145435 0.030964
-2.271879 0.003545 0.030034
-2.271575 0.041414 0.029871
-2.271476 -0.469872 0.034565
-2.270769 0.184154 0.029647
-2.269795 -0.180355 0.030840
-2.267396 0.083288 0.029180
-2.264813 -0.329814 0.031650
-2.264618 -0.028167 0.029111
-2.261697 -0.092184 0.029029
-2.260093 0.801218 0.033518
-2.260051 0.127373 0.028102
-2.256764 -0.117712 0.028496
-2.256329 -0.061726 0.028105
-2.255269 -0.222436 0.029123
-2.250171 0.455337 0.027975
-2.249566 1.165633 0.039221
-2.247763 0.227039 0.026523
-2.247590 -0.259149 0.028414
-2.246976 2.690862 0.063896
-2.246151 -0.377249 0.029587
-2.245451 -0.196811 0.027541
-2.245381 -0.164889 0.027273
-2.244441 0.393022 0.026773
-2.243671 0.022385 0.026057
-2.241184 0.058048 0.025645
-2.241127 -0.008958 0.025827
-2.240934 -0.137805 0.026483
-2.239706 -1.087433 0.041214
-2.239189 -0.086860 0.025936
-2.238865 0.163605 0.025274
-2.237813 -0.510570 0.030377
-2.237132 -0.582328 0.031479
-2.237068 -0.296620 0.027389
-2.236476 -0.038197 0.025343
-2.236001 0.705514 0.028694
-2.235033 -0.433610 0.028840
-2.232670 -0.109907 0.025232
-2.232284 0.096582 0.024455
-2.230534 0.280624 0.024456
-2.230104 1.673401 0.049721
-2.229554 0.529412 0.025878
-2.229496 -0.656762 0.031784
-2.227889 -0.063200 0.024377
-2.225667 -0.234432 0.025295
-2.225199 -0.334828 0.026276
-2.221702 -0.181149 0.024355
-2.220222 -0.738420 0.032125
-2.219852 -0.153941 0.023931
-2.219594 -1.322148 0.042151
-2.218678 -0.208850 0.024208
-2.217137 -0.085825 0.023189
-2.216901 0.913570 0.029352
-2.216305 -0.129587 0.023343
-2.216285 0.007192 0.022703
-2.215787 0.036848 0.022566
-2.214807 0.132651 0.022335
-2.214466 -0.020100 0.022582
-2.213600 -0.268902 0.024136
-2.213334 0.194522 0.022201
-2.210115 0.069115 0.021851
-2.209980 -0.044667 0.022161
-2.209345 -0.105909 0.022389
-2.207763 -0.830544 0.032401
-2.206596 0.337222 0.021837
-2.203319 -0.066995 0.021509
-2.202987 -0.403955 0.024393
-2.201884 -0.363527 0.023767
-2.201435 -0.469173 0.025094
-2.200921 -0.168857 0.021833
-2.200582 -0.306997 0.022991
-2.199989 -1.644370 0.041131
-2.198079 -0.243291 0.022101
-2.196882 0.611576 0.022721
-2.196017 -0.144874 0.021133
-2.195764 -0.122379 0.020969
-2.195514 -0.087708 0.020755
-2.195072 -0.191318 0.021349
-2.194675 0.100153 0.020124
-2.193513 -0.218558 0.021390
-2.193062 0.237969 0.020042
-2.191555 -0.005460 0.020003
-2.190675 0.020351 0.019839
-2.190265 -0.029349 0.019949
-2.189818 -2.015650 0.034401
-2.188555 0.162803 0.019477
-2.188135 -0.542434 0.024641
-2.187828 -0.943582 0.032382
-2.187436 0.047307 0.019444
-2.186953 -0.051288 0.019690
-2.186259 -0.105892 0.019873
-2.183920 -0.278083 0.020875
-2.182795 -0.163603 0.019858
-2.182115 -0.071529 0.019284
-2.180755 0.461028 0.019726
-2.179914 -0.130024 0.019360
-2.179204 -0.336936 0.020960
-2.177560 0.071916 0.018418
-2.175930 -0.090072 0.018755
-2.174455 1.321712 0.032436
-2.174032 0.398567 0.018688
-2.173363 -0.181201 0.019028
-2.173288 -0.252251 0.019557
-2.172826 0.128418 0.017917
-2.172369 -0.146744 0.018712
-2.171966 -0.115185 0.018496
-2.171888 0.286296 0.018034
-2.171511 -0.203425 0.019001
-2.171192 -0.608514 0.023819
-2.170668 -0.430707 0.021153
-2.169617 -0.016355 0.017858
-2.169214 -0.038148 0.017893
-2.169022 -0.228179 0.018943
-2.168087 0.007688 0.017644
-2.167160 -0.058193 0.017777
-2.165163 -0.100714 0.017778
-2.164653 0.034999 0.017263
-2.163722 -0.076985 0.017536
-2.162321 -0.164645 0.017867
-2.162096 0.198068 0.016949
-2.162009 -0.305289 0.018923
-2.160816 -0.130868 0.017532
-2.159815 -0.498487 0.020940
-2.159766 -0.378771 0.019452
-2.158177 -1.188840 0.034378
-2.157735 1.037291 0.024312
-2.157352 0.095196 0.016518
-2.157347 -2.484267 0.021795
-2.155771 -0.091081 0.016880
-2.154562 -0.112132 0.016873
-2.153098 -0.147886 0.016933
-2.153070 0.061434 0.016185
-2.152314 -0.188764 0.017112
-2.152178 -0.274422 0.017736
-2.152136 4.512640 0.011532
-2.151711 -0.685585 0.023094
-2.151060 -0.046804 0.016289
-2.150517 -0.027331 0.016176
-2.150159 -0.064579 0.016279
-2.148604 -0.214341 0.016958
-2.148324 -0.006021 0.015926
-2.148239 1.900170 0.044984
-2.147065 -0.080369 0.016080
-2.146715 0.800036 0.019534
-2.146696 -0.126071 0.016261
-2.146168 -0.168129 0.016449
-2.145255 -0.099062 0.016009
-2.145072 0.159241 0.015447
-2.144931 0.536071 0.016801
-2.144658 -2.752963 0.015024
-2.144512 0.017351 0.015547
-2.144149 -0.243065 0.016779
-2.142680 0.340602 0.015582
-2.142499 -0.338018 0.017443
-2.140717 -0.138878 0.015827
-2.139114 -0.113060 0.015566
-2.138781 0.237672 0.015003
-2.138036 0.042389 0.014968
-2.137408 0.701645 0.017544
-2.137408 0.120313 0.014828
-2.135455 -0.087584 0.015156
-2.135411 -0.055495 0.015027
-2.135294 -0.154602 0.015469
-2.135221 -0.071550 0.015073
-2.134409 -0.457537 0.018020
-2.134018 -0.037975 0.014857
-2.133492 -0.180288 0.015472
-2.131691 -0.766431 0.022589
-2.131456 -0.126670 0.015018
-2.131321 -0.101167 0.014889
-2.131161 -0.200371 0.015409
-2.131051 -1.055583 0.028712
-2.130985 -0.018824 0.014561
-2.130538 0.079311 0.014325
-2.130277 -1.447638 0.036477
-2.126417 -0.301122 0.015769
-2.126242 0.002119 0.014142
-2.125854 -0.267957 0.015460
-2.125685 -0.113545 0.014510
-2.125204 -0.223299 0.015091
-2.124967 -0.140536 0.014586
-2.124751 -0.167255 0.014712
-2.124452 -0.409446 0.016632
-2.124321 -0.554916 0.018405
-2.123375 -0.078657 0.014188
-2.122459 -0.091548 0.014172
-2.122071 -0.064150 0.014036
-2.121069 -4.540096 0.000257
-2.119961 -0.048450 0.013826
-2.119785 0.025085 0.013612
-2.119044 -0.124841 0.014067
-2.118799 -0.103074 0.013951
-2.117325 0.286022 0.013442
-2.116659 -0.153549 0.014035
-2.116177 -0.031248 0.013497
-2.115912 -0.860420 0.022944
-2.115795 -0.185899 0.014150
-2.115723 0.052807 0.013269
-2.114795 -0.246463 0.014462
-2.113784 -0.368015 0.015375
-2.113074 -0.113489 0.013584
-2.112991 -0.135503 0.013680
-2.112219 -0.084691 0.013403
-2.111482 0.463110 0.013638
-2.110787 -0.072586 0.013257
-2.110641 -0.094695 0.013333
-2.110544 -0.012486 0.013048
-2.110378 0.190860 0.012820
-2.109926 0.105527 0.012799
-2.108864 -0.205913 0.013771
-2.108755 0.144939 0.012699
-2.108059 -0.058838 0.013019
-2.107678 -0.169680 0.013481
-2.107548 -0.103821 0.013157
-2.107388 -0.332328 0.014580
-2.106353 -0.123195 0.013159
-2.105532 -0.146163 0.013212
-2.104334 -0.629220 0.017802
-2.103780 -0.043506 0.012679
-2.103154 0.007914 0.012496
-2.102790 0.397612 0.012732
-2.101550 -0.082014 0.012665
-2.101517 -0.278355 0.013740
-2.101499 -0.092964 0.012704
-2.101113 -0.112107 0.012757
-2.099843 -0.499377 0.015715
-2.099211 -0.227068 0.013235
-2.099195 0.078268 0.012110
-2.099017 -0.133308 0.012713
-2.098418 1.495739 0.027674
-2.098342 -0.101536 0.012531
-2.097810 -0.069309 0.012373
-2.097593 -0.157851 0.012738
-2.097436 -0.026651 0.012212
-2.097397 -3.048015 0.009676
-2.096704 -0.188355 0.012840
-2.096530 0.610092 0.013426
-2.095304 0.030730 0.011937
-2.094150 -0.120968 0.012342
-2.093534 -0.055867 0.012053
-2.092239 -0.089317 0.012091
-2.090303 -0.144164 0.012203
-2.089764 -0.109200 0.012015
-2.089528 -0.079060 0.011883
-2.089360 -0.098809 0.011948
-2.089102 -0.252818 0.012737
-2.088936 -0.008354 0.011628
-2.088305 -0.172249 0.012216
-2.088235 0.054518 0.011454
-2.087921 0.236409 0.011381
-2.087741 -0.307825 0.013036
-2.087397 -3.738756 0.002029
-2.086962 -0.040815 0.011598
-2.086945 -0.441500 0.014161
-2.086764 0.908495 0.015560
-2.085653 -0.130581 0.011853
-2.085496 -0.207283 0.012231
-2.085150 -1.813670 0.036387
-2.083304 -0.067576 0.011464
-2.082533 -0.117508 0.011608
-2.081400 -0.091215 0.011436
-2.081079 0.336487 0.011132
-2.081073 1.174290 0.019055
-2.080746 -0.156486 0.011677
-2.080493 3.041487 0.053196
-2.080280 0.119473 0.010904
-2.079174 -0.958037 0.021732
-2.078933 0.012270 0.010982
-2.078847 -0.054883 0.011159
-2.078369 -0.392212 0.013130
-2.078123 -0.102997 0.011289
-2.077737 -0.024865 0.011006
-2.077588 -0.080635 0.011174
-2.075852 -0.188234 0.011547
-2.075742 2.405805 0.049476
-2.075522 -0.141051 0.011298
-2.074630 0.088866 0.010607
-2.074426 -0.228537 0.011688
-2.073325 0.159834 0.010486
-2.072474 -0.126782 0.011062
-2.071892 -0.113383 0.010974
-2.071580 -0.279460 0.011841
-2.070870 -0.346769 0.012289
-2.069785 -0.071080 0.010699
-2.069534 -0.169960 0.011093
-2.069388 -0.041471 0.010583
-2.068550 -0.090207 0.010699
-2.067201 0.035796 0.010276
-2.066587 -0.007002 0.010336
-2.066381 0.281543 0.010172
-2.065744 -0.573378 0.014239
-2.065516 -0.058641 0.010425
-2.065250 0.062667 0.010125
-2.064287 -0.152094 0.010720
-2.063600 -0.103874 0.010481
-2.062429 -0.705162 0.015823
-2.061343 -0.205226 0.010823
-2.060410 -0.135533 0.010440
-2.060302 -0.252147 0.011033
-2.059888 -1.296905 0.027909
-2.059593 -0.119741 0.010331
-2.059363 -0.078722 0.010166
-2.059256 0.525916 0.010513
-2.058422 0.200824 0.009677
-2.057640 -0.026586 0.009916
-2.055140 -2.222540 0.030967
-2.054802 -0.184165 0.010370
-2.054127 -0.526952 0.012987
-2.054086 2.153719 0.040958
-2.053796 0.013904 0.009622
-2.053717 -0.093465 0.009929
-2.053552 -0.309772 0.011043
-2.052310 -0.046647 0.009704
-2.052163 -0.064708 0.009752
-2.051806 -0.164232 0.010123
-2.050043 -1.584719 0.033030
-2.049759 -0.226783 0.010335
-2.049072 -0.109751 0.009758
-2.048180 0.095983 0.009208
-2.047421 -0.145969 0.009823
-2.046927 -0.473653 0.012033
-2.046818 0.127054 0.009112
-2.045043 -0.128243 0.009634
-2.044033 -0.008550 0.009198
-2.043222 -0.080778 0.009371
-2.042204 -0.795095 0.015898
-2.042069 0.067478 0.008954
-2.041123 -0.277204 0.010200
-2.040406 -0.422451 0.011223
-2.039143 0.039346 0.008865
-2.038812 0.692189 0.010305
-2.038531 0.446547 0.009086
-2.038054 -0.097842 0.009189
-2.037973 3.600800 0.040085
-2.037694 -0.030490 0.008960
-2.037105 -0.203990 0.009601
-2.036803 -0.065782 0.009023
-2.036496 -0.167089 0.009397
-2.035893 -0.376539 0.010627
-2.035595 -0.049763 0.008919
-2.035572 -0.184649 0.009436
-2.034675 -0.632135 0.013101
-2.033482 0.787975 0.010714
-2.032928 -0.114860 0.009019
-2.032214 -0.149381 0.009125
-2.031763 -0.248657 0.009591
-2.031124 0.162301 0.008362
-2.030595 0.378518 0.008522
-2.028831 0.248314 0.008266
-2.028422 0.013561 0.008439
-2.028235 -0.336785 0.009977
-2.027675 -0.132473 0.008856
-2.026920 -0.084665 0.008648
-2.025953 -1.153478 0.021941
-2.024763 -0.225199 0.009153
-2.023751 0.313054 0.008100
-2.021415 -0.010127 0.008198
-2.020980 -0.069113 0.008346
-2.020871 0.094755 0.007980
-2.019704 -0.101395 0.008402
-2.018575 -0.050663 0.008191
-2.018090 -0.165119 0.008586
-2.017858 -0.031484 0.008107
-2.017775 -0.300357 0.009278
-2.017411 -0.891266 0.015986
-2.015835 -0.184108 0.008578
-2.014188 0.063646 0.007753
-2.014015 -0.119732 0.008238
-2.012910 1.024609 0.011833
-2.012116 -0.144467 0.008259
-2.011201 0.200212 0.007513
-2.010076 -0.266177 0.008760
-2.009972 -0.205497 0.008443
-2.009524 1.698179 0.023847
-2.008959 0.125306 0.007467
-2.008160 0.034512 0.007571
-2.006428 -0.085455 0.007822
-2.005357 -1.031517 0.017906
-2.001548 -0.514042 0.010218
-2.001331 0.593956 0.007912
-2.001241 0.007453 0.007369
-2.001222 -0.063851 0.007558
-2.000906 -0.233850 0.008233
-2.000160 -0.130300 0.007747
-1.999359 -0.104977 0.007625
-1.999211 -0.577980 0.010737
-1.998584 -0.162323 0.007817
-1.997655 -0.454793 0.009548
-1.997237 -0.018084 0.007285
-1.997097 -0.042181 0.007345
-1.994763 -0.405126 0.009053
-1.993001 -0.361304 0.008681
-1.991659 -0.185274 0.007668
-1.989388 0.090613 0.006794
-1.988394 -0.322454 0.008268
-1.987282 0.158551 0.006647
-1.986272 -0.144511 0.007314
-1.986170 -0.079381 0.007079
-1.982946 -0.287382 0.007875
-1.982675 -0.119854 0.007101
-1.982292 0.056788 0.006611
-1.982225 -0.253354 0.007669
-1.981891 -0.665841 0.010953
-1.981542 -0.211734 0.007443
-1.979227 -0.097373 0.006910
-1.978590 1.325822 0.013864
-1.978286 0.500796 0.006667
-1.977889 0.235105 0.006301
-1.977389 0.025599 0.006514
-1.977204 -0.058034 0.006721
-1.975567 0.285570 0.006234
-1.973994 -0.031851 0.006546
-1.973841 -0.164584 0.006991
-1.973834 -0.003557 0.006469
-1.971834 -0.742955 0.011462
-1.971552 0.348256 0.006147
-1.965880 0.120904 0.005999
-1.964755 -0.136720 0.006606
-1.964267 0.421121 0.006009
-1.963485 -0.231701 0.006973
-1.963132 0.194538 0.005850
-1.962477 -0.188771 0.006749
-1.961713 -1.443370 0.024581
-1.959203 0.887287 0.007862
-1.958799 -0.080096 0.006239
-1.958655 -0.109754 0.006333
-1.955113 0.083451 0.005742
-1.952926 -0.265708 0.006837
-1.952165 -0.050412 0.005965
-1.951900 -0.339769 0.007213
-1.951049 -0.382930 0.007454
-1.950264 -0.482445 0.008128
-1.949765 0.045445 0.005666
-1.949410 -0.302111 0.006932
-1.948339 -0.019452 0.005778
-1.948202 -0.158761 0.006230
-1.947298 -0.431356 0.007670
-1.946219 0.012945 0.005642
-1.946177 0.671765 0.006152
-1.944466 -0.209976 0.006346
-1.944209 -0.542068 0.008427
-1.944059 -1.702945 0.029287
-1.943260 -0.830947 0.011494
-1.943146 -1.985071 0.032498
-1.940398 0.154160 0.005253
-1.938183 -0.129506 0.005863
-1.936235 -0.611048 0.008803
-1.933562 -0.099177 0.005644
-1.931623 -0.939126 0.012609
-1.929983 -0.069774 0.005465
-1.929814 0.248334 0.004921
-1.929678 -0.182248 0.005863
-1.929451 -0.239802 0.006111
-1.923926 -0.038330 0.005233
-1.923677 0.069058 0.004974
-1.922855 1.148346 0.008670
-1.920685 -1.288924 0.018748
-1.920560 0.762996 0.005750
-1.920353 0.202017 0.004721
-1.919888 0.111608 0.004815
-1.918908 0.562550 0.004983
-1.918487 -0.005024 0.005023
-1.917597 -0.275440 0.006015
-1.917483 0.309038 0.004620
-1.916957 -0.152179 0.005459
-1.912228 0.032763 0.004798
-1.911644 0.375852 0.004511
-1.911177 1.918537 0.021151
-1.911037 -0.314935 0.006079
-1.909764 -0.210435 0.005547
-1.909107 -0.356630 0.006270
-1.908231 -0.120492 0.005160
-1.907854 2.701172 0.040043
-1.904256 -0.686508 0.008675
-1.903772 -1.160834 0.015347
-1.903318 -2.464241 0.027577
-1.902918 -0.089096 0.004947
-1.902288 -0.400303 0.006391
-1.899333 1.500116 0.012137
-1.898858 -1.050044 0.013197
-1.898419 -0.058405 0.004763
-1.896964 0.469686 0.004275
-1.896061 -0.496833 0.006910
-1.895347 -0.447174 0.006554
-1.894747 0.157168 0.004227
-1.894437 -0.178245 0.005114
-1.893157 -3.377739 0.006518
-1.892098 -0.245011 0.005362
-1.890155 -0.028543 0.004522
-1.889056 0.074401 0.004255
-1.884176 0.004201 0.004328
-1.882272 -0.143831 0.004766
-1.880472 -0.559686 0.007084
-1.878257 0.261464 0.003823
-1.877451 -0.285973 0.005310
-1.876377 -0.765451 0.008851
-1.875000 5.000000 0.007030
-1.875000 -5.000000 0.000122
-1.873757 0.209721 0.003784
-1.873619 -0.107791 0.004493
-1.872373 0.992521 0.005660
-1.871958 -0.210354 0.004869
-1.870837 0.116000 0.003863
-1.869815 0.037528 0.004007
-1.868254 -0.071096 0.004285
-1.867545 -0.333556 0.005403
-1.864404 0.639002 0.003922
-1.864254 -2.727861 0.021763
-1.864224 4.066525 0.027267
-1.858970 -0.038594 0.004046
-1.857347 -0.384341 0.005543
-1.856704 -0.627617 0.007236
-1.856463 0.403929 0.003439
-1.856249 -0.172991 0.004482
-1.851198 -0.249161 0.004748
-1.849910 0.328536 0.003326
-1.849672 -0.005121 0.003818
-1.845683 -0.439971 0.005729
-1.845499 0.075141 0.003563
-1.844192 -0.133272 0.004166
-1.843387 0.161825 0.003375
-1.842812 -0.865683 0.009313
-1.841139 -4.115576 0.001021
-1.840181 -1.565680 0.021717
-1.836304 -0.502934 0.006033
-1.835781 -0.090925 0.003908
-1.834215 0.851967 0.004038
-1.833102 -0.294303 0.004751
-1.832451 0.541225 0.003176
-1.830479 -0.208949 0.004315
-1.827761 0.030173 0.003445
-1.825518 -0.050732 0.003654
-1.824143 0.266754 0.002997
-1.822378 0.211728 0.003032
-1.818691 0.118388 0.003138
-1.816709 -0.343871 0.004848
-1.816239 -1.817187 0.026609
-1.814590 -0.969140 0.010093
-1.814545 -0.166323 0.003965
-1.811608 3.305237 0.039375
-1.810446 -0.690382 0.007215
-1.809914 -0.575777 0.006296
-1.809464 1.271406 0.006114
-1.809193 -0.014386 0.003367
-1.808147 0.726202 0.003172
-1.805687 -0.251334 0.004268
-1.804512 0.458478 0.002717
-1.803741 2.151975 0.019328
-1.802668 -0.121654 0.003674
-1.800061 -0.398402 0.005025
-1.799153 0.069158 0.003040
-1.799005 1.678932 0.010438
-1.798877 -1.390856 0.016546
-1.798416 -2.198936 0.030890
-1.791703 -0.075676 0.003408
-1.785783 0.376080 0.002496
-1.785255 -0.777939 0.007804
-1.784494 -0.205627 0.003885
-1.783999 -0.459630 0.005306
-1.782015 -0.299216 0.004336
-1.781042 0.168617 0.002661
-1.780253 0.022089 0.002997
-1.778198 2.395701 0.023181
-1.777921 -1.231548 0.013245
-1.774731 -1.086398 0.011105
-1.773533 -0.035201 0.003125
-1.772975 0.305194 0.002410
-1.768592 1.102169 0.004084
-1.768384 -0.157905 0.003564
-1.768358 -0.527731 0.005699
-1.766964 0.110500 0.002662
-1.766302 0.234385 0.002430
-1.764923 0.616631 0.002412
-1.761877 -0.625773 0.006414
-1.758930 -0.352471 0.004518
-1.756130 -0.108671 0.003285
-1.755928 1.415869 0.006118
-1.754340 -0.250823 0.003933
-1.747305 0.061279 0.002650
-1.743537 -0.001361 0.002819
-1.739700 -3.022324 0.015788
-1.738695 -0.061791 0.003009
-1.738365 -0.852932 0.008360
-1.738280 0.517872 0.002073
-1.736200 -0.412287 0.004826
-1.735817 0.946709 0.002914
-1.733065 -0.199843 0.003592
-1.724928 0.141116 0.002316
-1.724146 -0.301651 0.004119
-1.722882 -0.940763 0.009234
-1.720067 0.426762 0.001925
-1.716873 -0.722409 0.007204
-1.716764 -0.147316 0.003288
-1.714820 -0.480291 0.005284
-1.712316 0.197704 0.002128
-1.710017 0.809537 0.002246
-1.707217 0.344974 0.001891
-1.705665 -0.561875 0.005912
-1.705309 0.269323 0.001969
-1.703670 1.876605 0.010013
-1.703270 -0.094348 0.003011
-1.702037 -0.030015 0.002743
-1.701995 0.092397 0.002333
-1.701883 0.031797 0.002520
-1.700328 -1.678965 0.020812
-1.696505 -0.246865 0.003772
-1.694191 -0.359065 0.004465
-1.685551 0.690247 0.001842
-1.683559 -0.644726 0.006673
-1.680407 -1.977418 0.027163
-1.675359 -0.189295 0.003445
-1.669771 2.971295 0.027925
-1.665294 -0.424790 0.004999
-1.661652 0.579748 0.001602
-1.660621 -0.803023 0.008252
-1.659858 -1.493419 0.016674
-1.659244 -0.300350 0.004139
-1.658937 -0.129312 0.003128
-1.658754 -1.028530 0.010468
-1.656812 -0.064395 0.002810
-1.656390 0.144073 0.002044
-1.651899 -2.441209 0.030485
-1.650182 0.002092 0.002518
-1.647240 -1.160514 0.011998
-1.645967 0.477840 0.001519
-1.645842 0.070421 0.002254
-1.645532 -1.319629 0.013978
-1.645227 0.222212 0.001823
-1.645089 1.219948 0.003161
-1.642894 1.565707 0.005365
-1.641297 -0.502428 0.005747
-1.632675 0.385883 0.001529
-1.631960 -0.237685 0.003807
-1.630763 0.301084 0.001635
-1.622483 1.043846 0.002271
-1.622275 -0.361564 0.004736
-1.618274 -0.588540 0.006706
-1.612698 -0.913068 0.009896
-1.612152 -0.172032 0.003453
-1.605410 -0.698805 0.007907
-1.600126 -0.102127 0.003071
-1.598890 0.893405 0.001733
-1.597482 -0.036913 0.002725
-1.593295 -3.714271 0.003606
-1.588331 0.175167 0.001870
-1.588069 0.032995 0.002406
-1.587860 -0.432985 0.005605
-1.586982 -0.292975 0.004431
-1.583052 0.106217 0.002107
-1.582585 0.758651 0.001437
-1.578889 2.073011 0.009321
-1.576945 4.506916 0.016864
-1.576157 1.378453 0.003415
-1.571303 3.662787 0.028063
-1.569192 0.637341 0.001292
-1.563254 -4.542092 0.000397
-1.562516 0.245986 0.001665
-1.561219 0.526925 0.001266
-1.560625 -0.221187 0.004056
-1.559767 2.640824 0.016710
-1.558432 -1.798192 0.022882
-1.556297 -0.514976 0.006771
-1.552969 -0.806278 0.009920
-1.552243 -2.709228 0.027367
-1.550670 1.760043 0.005754
-1.550070 0.429908 0.001318
-1.544524 -0.148321 0.003618
-1.544159 0.336263 0.001456
-1.542994 -0.357043 0.005380
-1.532154 -0.080472 0.003219
-1.531498 -0.015471 0.002815
-1.531136 -2.191182 0.030912
-1.528857 -0.610024 0.008254
-1.527154 -1.059029 0.013177
-1.516248 0.063801 0.002437
-1.512270 -1.225383 0.015231
-1.507649 0.157942 0.002024
-1.507056 -0.275687 0.005011
-1.501830 -0.433179 0.006732
-1.501094 -3.343676 0.009751
-1.497211 -1.595592 0.019957
-1.494901 -0.709570 0.010186
-1.493131 -0.923530 0.012752
-1.492981 1.135464 0.002009
-1.492767 -1.408377 0.017660
-1.487106 2.324480 0.010278
-1.483031 -0.188183 0.004449
-1.476472 0.253827 0.001732
-1.470806 0.977565 0.001545
-1.466295 -0.100948 0.003841
-1.464141 0.827089 0.001278
-1.462944 0.560200 0.001167
-1.462913 -0.520734 0.008552
-1.460885 0.448632 0.001280
-1.460198 0.689231 0.001158
-1.458233 -0.010483 0.003196
-1.456271 -0.346039 0.006478
-1.450596 0.354304 0.001480
-1.442728 1.263628 0.002315
-1.441257 1.596270 0.003815
-1.438302 0.087671 0.002660
-1.434060 -0.820322 0.013474
-1.422982 -0.617026 0.010947
-1.420805 -0.254655 0.005960
-1.418608 -1.965824 0.028619
-1.410629 0.177508 0.002283
-1.406654 -0.428216 0.008572
-1.399177 1.902397 0.005452
-1.396772 -0.163427 0.005244
-1.388505 -0.997083 0.017639
-1.383840 1.439179 0.002872
-1.383037 -0.070561 0.004410
-1.381443 -1.138166 0.019524
-1.380061 -0.724086 0.014098
-1.375937 0.273817 0.001960
-1.372695 0.021796 0.003635
-1.370608 3.266070 0.017371
-1.369087 -2.431720 0.035429
-1.365376 -2.999222 0.021010
-1.361569 -1.301419 0.021966
-1.359919 -0.330985 0.008193
-1.357909 0.484663 0.001351
-1.357103 -0.521991 0.011479
-1.347619 0.380569 0.001644
-1.347561 0.610806 0.001204
-1.340210 -1.731386 0.027075
-1.335755 0.102448 0.003270
-1.335301 0.749971 0.001194
-1.334370 -0.872624 0.018574
-1.329507 0.903188 0.001332
-1.326133 1.082458 0.001662
-1.321504 -4.104784 0.001226
-1.320084 -0.230637 0.007493
-1.308658 4.047383 0.017882
-1.305048 -0.627943 0.015481
-1.300549 -1.498823 0.026783
-1.300441 -0.420998 0.011436
-1.299978 -0.130566 0.006358
-1.299578 0.192032 0.002849
-1.292245 -0.023200 0.005028
-1.292076 2.896071 0.011671
-1.282353 2.146535 0.006243
-1.273048 1.696719 0.003795
-1.269942 1.265258 0.002141
-1.268255 -0.751697 0.019888
-1.261060 0.291005 0.002430
-1.254808 -2.167693 0.037993
-1.252061 -0.312282 0.010727
-1.250000 5.000000 0.007955
-1.250000 -5.000000 0.000139
-1.249720 0.057573 0.004600
-1.247867 -1.001946 0.025834
-1.242685 2.519066 0.008174
-1.239568 -0.527397 0.016155
-1.237433 0.521499 0.001555
-1.236114 -1.146564 0.028574
-1.235393 0.403102 0.001968
-1.215315 0.655836 0.001373
-1.208695 0.146326 0.004055
-1.206133 -0.074804 0.007225
-1.204317 -2.689481 0.034810
-1.201968 -1.304948 0.032554
-1.200613 -0.194436 0.009683
-1.194054 -0.855745 0.026891
-1.189396 0.801423 0.001366
-1.184093 -0.416598 0.015729
-1.183916 1.487093 0.002853
-1.178092 0.962668 0.001515
-1.175464 -1.912691 0.038702
-1.174280 -0.651675 0.022947
-1.161901 0.245903 0.003483
-1.147637 0.021046 0.006636
-1.136871 -0.301901 0.014423
-1.135182 1.923462 0.004506
-1.133869 -3.327527 0.010927
-1.131725 1.122008 0.001835
-1.128104 -1.670260 0.040162
-1.125570 0.361663 0.002782
-1.118917 -3.688790 0.003891
-1.112137 -0.530918 0.022941
-1.110883 0.492991 0.002094
-1.108570 -0.766191 0.031002
-1.099595 -0.953562 0.036910
-1.090895 0.626031 0.001717
-1.089975 -1.110751 0.040853
-1.089826 -0.098923 0.010423
-1.086983 3.594659 0.010832
-1.085876 0.128280 0.005818
-1.081360 -1.458523 0.044090
-1.071404 1.298257 0.002294
-1.067683 2.292269 0.005720
-1.065390 -0.215432 0.014497
-1.064799 -2.391810 0.047435
-1.055357 -0.391738 0.021105
-1.047170 0.753975 0.001624
-1.030653 -1.252764 0.048797
-1.028367 1.693053 0.003486
-1.027951 0.913140 0.001649
-1.024616 0.257008 0.004675
-1.007753 -0.655859 0.035226
-1.006970 0.004902 0.009834
-1.004663 4.490597 0.009357
-0.993897 -2.967638 0.025182
-0.990783 2.731856 0.006502
-0.989898 -4.528370 0.000329
-0.985050 -0.502568 0.030104
-0.984379 -0.838521 0.044798
-0.982252 0.401980 0.003401
-0.979083 -2.110331 0.055385
-0.972875 -0.296522 0.021495
-0.966606 1.069340 0.001895
-0.957902 0.554252 0.002442
-0.945084 -1.022048 0.055148
-0.937551 0.137902 0.007987
-0.937052 -0.140356 0.016595
-0.936030 1.475267 0.002797
-0.932127 -1.845561 0.060085
-0.932041 2.057667 0.004431
-0.915999 3.143511 0.006471
-0.900651 -1.603015 0.064799
-0.900580 0.684489 0.002108
-0.886132 -0.409027 0.032186
-0.884351 1.235790 0.002247
-0.876279 0.844115 0.001884
-0.873239 -1.377706 0.069306
-0.870678 0.292519 0.005817
-0.862949 -1.161644 0.068971
-0.857281 -2.634421 0.045519
-0.854372 0.001640 0.013853
-0.852946 -0.571850 0.044466
-0.846350 -0.734191 0.054769
-0.832417 1.823814 0.003581
-0.830581 2.449423 0.004814
-0.823310 -0.274284 0.028315
-0.817587 0.467314 0.003837
-0.814869 -0.917725 0.067983
-0.800951 -4.071933 0.000916
-0.800359 1.000913 0.001982
-0.776962 0.157313 0.010359
-0.773054 3.997185 0.005681
-0.760109 -0.135126 0.023413
-0.757577 -3.286303 0.010487
-0.749091 -2.318780 0.067757
-0.746303 0.629208 0.002830
-0.745135 1.606234 0.002957
-0.732797 -0.444222 0.045939
-0.709304 0.797274 0.002233
-0.701060 -2.025312 0.084146
-0.698503 -1.047872 0.089869
-0.698101 0.328155 0.007004
-0.694076 1.377318 0.002479
-0.692245 2.167831 0.003743
-0.686444 -1.752895 0.093138
-0.681742 -0.621688 0.064880
-0.680208 1.161935 0.002168
-0.679173 0.015380 0.018266
-0.678158 -1.500287 0.098436
-0.676287 -1.265323 0.098767
-0.672713 -0.811072 0.080504
-0.652985 -0.295524 0.039825
-0.652243 -3.638688 0.003002
-0.639686 2.792495 0.003782
-0.625000 -5.000000 0.000076
-0.625000 5.000000 0.003652
-0.622305 3.533697 0.003551
-0.621359 -2.904448 0.027107
-0.610664 0.502166 0.004603
-0.595731 0.177572 0.012889
-0.589585 1.888220 0.003020
-0.585927 0.949739 0.002113
-0.572645 -0.132923 0.031161
-0.544051 -0.474243 0.064035
-0.526934 -0.933473 0.108584
-0.518523 0.712957 0.002879
-0.516069 1.620647 0.002512
-0.506734 -2.551365 0.054698
-0.490904 -0.704450 0.093002
-0.489024 0.324578 0.009148
-0.482165 0.043563 0.021836
-0.479440 -1.138477 0.126546
-0.477707 2.445477 0.002818
-0.464658 1.390737 0.002177
-0.460277 -1.371027 0.133787
-0.455876 1.164611 0.002019
-0.453152 -0.298112 0.051589
-0.452253 4.453728 0.002716
-0.449917 -1.622826 0.130655
-0.430375 -1.897996 0.118054
-0.426060 -2.201152 0.091106
-0.422994 3.123730 0.002291
-0.408135 -4.475806 0.000175
-0.398879 0.517991 0.005225
-0.370957 -0.109539 0.036245
-0.367479 -3.213385 0.008247
-0.366020 2.099658 0.002264
-0.365399 -0.548344 0.086093
-0.358056 0.920582 0.002103
-0.357541 0.169298 0.016719
-0.330412 -0.864354 0.125604
-0.290491 1.755009 0.001913
-0.285104 -0.375403 0.068276
-0.279350 -3.994563 0.000480
-0.272962 -1.088078 0.148868
-0.266742 0.689631 0.003231
-0.254247 0.351320 0.009701
-0.242424 -1.338526 0.159003
-0.233612 -2.839340 0.021589
-0.225756 2.749925 0.001534
-0.218836 -0.680723 0.111670
-0.218628 1.436562 0.001626
-0.218035 -1.599867 0.152612
-0.216399 3.937444 0.001217
-0.213385 1.161605 0.001621
-0.211237 0.042959 0.026145
-0.194759 -0.200041 0.049227
-0.187834 -3.560066 0.001666
-0.169122 -1.853804 0.130408
-0.162342 -2.461346 0.051572
-0.154616 3.475606 0.001031
-0.130665 0.524047 0.005388
-0.121155 2.361278 0.001280
-0.108054 -2.121582 0.091761
-0.104558 -0.474155 0.085481
-0.103182 0.869774 0.001947
-0.086827 0.220441 0.015261
-0.064940 -0.912327 0.142457
-0.050942 2.002360 0.001142
-0.024894 -1.185588 0.160166
-0.009896 -0.045114 0.033268
-0.000562 1.671167 0.001051
0.000000 5.000000 0.000975
0.000000 -5.000000 0.000026
0.001752 -0.274567 0.057671
0.013033 -0.671805 0.111256
0.013351 -1.473811 0.154196
0.030707 1.126234 0.001142
0.050651 0.382478 0.008312
0.055255 0.650946 0.003162
0.058663 1.370892 0.000958
0.066473 4.465346 0.000673
0.078364 -1.755916 0.120768
0.084430 -3.153186 0.003630
0.084446 3.051670 0.000571
0.095732 0.115113 0.019832
0.114577 -4.484702 0.000059
0.118124 -0.439454 0.074687
0.122691 -2.717009 0.014679
0.145120 0.887872 0.001391
0.156930 2.611989 0.000529
0.174075 -0.146596 0.038567
0.177955 -4.022433 0.000147
0.180713 -1.041744 0.134178
0.182813 -2.347687 0.035736
0.184165 -0.816648 0.115710
0.185863 -2.034434 0.069211
0.213761 -0.592195 0.087069
0.218798 -1.288992 0.132557
0.222773 2.240049 0.000488
0.239035 0.256002 0.010968
0.244246 3.515111 0.000313
0.244644 -3.603007 0.000435
0.245889 0.486576 0.004732
0.246045 1.894229 0.000507
0.256985 -0.332215 0.053401
0.267551 1.111836 0.000712
0.274211 1.588826 0.000510
0.278495 -1.541638 0.107758
0.281815 0.026060 0.021534
0.291983 0.702716 0.001984
0.314953 1.319570 0.000512
0.322417 3.970190 0.000260
0.364430 -1.796648 0.067267
0.374664 0.902052 0.000885
0.375185 -0.160550 0.030807
0.380271 -0.496027 0.059796
0.381453 -0.706842 0.079036
0.382233 -0.917440 0.094081
0.406908 -1.134796 0.096211
0.415623 0.363429 0.005781
0.425547 0.158743 0.011467
0.440230 -0.320843 0.039102
0.441402 -2.913011 0.002605
0.446002 0.570178 0.002505
0.459686 -1.359599 0.080958
0.463273 -2.593332 0.007174
0.464776 2.791925 0.000183
0.474085 -2.061639 0.029770
0.484937 1.061927 0.000454
0.486070 -0.032603 0.018009
0.486897 -2.307577 0.015458
0.507297 2.080938 0.000200
0.509613 1.766348 0.000223
0.516945 0.777728 0.000983
0.521485 1.490132 0.000243
0.527553 2.442707 0.000165
0.528782 -3.264100 0.000526
0.529130 3.178611 0.000138
0.534336 -1.591029 0.053928
0.536506 1.243986 0.000286
0.545270 -0.604714 0.049470
0.553879 -0.799981 0.059118
0.565365 -0.422747 0.035863
0.572989 0.268363 0.005853
0.575593 -0.998124 0.061880
0.576523 -0.220795 0.023405
0.583628 4.486550 0.000176
0.587397 0.451066 0.002921
0.593899 -4.512088 0.000016
0.595223 0.093306 0.009777
0.624596 -1.201675 0.053358
0.625000 -5.000000 0.000006
0.625000 5.000000 0.000227
0.627109 -4.063286 0.000038
0.631716 -1.832732 0.026599
0.632164 0.625739 0.001334
0.634650 0.951569 0.000406
0.653634 -0.072247 0.013367
0.680632 -3.663365 0.000088
0.689778 -1.407847 0.037834
0.693310 3.605342 0.000087
0.698940 -0.523228 0.028842
0.700731 -0.695963 0.035172
0.708281 -0.354122 0.021293
0.717167 0.769472 0.000610
0.717227 0.359894 0.002913
0.719504 0.195654 0.005073
0.721362 1.130766 0.000195
0.724714 -0.875583 0.036929
0.734375 1.366611 0.000129
0.741030 1.622571 0.000104
0.743531 -0.208822 0.014210
0.746220 0.053146 0.007238
0.752094 -2.082466 0.009266
0.755213 -2.605645 0.001973
0.756124 1.903700 0.000088
0.758334 0.531635 0.001363
0.760303 -2.330990 0.004542
0.761725 -1.057811 0.033666
0.773249 -1.628967 0.020832
0.783917 2.213005 0.000073
0.802459 -2.925390 0.000541
0.804999 2.859119 0.000061
0.806441 -0.083631 0.008606
0.814503 0.905792 0.000279
0.833245 -0.453748 0.016467
0.833644 -0.607132 0.020104
0.834890 0.270071 0.002766
0.836949 -1.245184 0.023491
0.839202 0.681589 0.000595
0.852360 -0.766996 0.021547
0.852571 -0.313477 0.012087
0.857336 2.550167 0.000053
0.859015 0.411049 0.001559
0.871226 0.025567 0.005150
0.874052 0.151463 0.003537
0.875982 4.031931 0.000064
0.885161 -1.852942 0.008289
0.888238 1.049632 0.000139
0.891914 -0.185778 0.008043
0.893401 -0.931088 0.019528
0.900387 -1.449672 0.014786
0.915883 1.246034 0.000081
0.919279 0.543336 0.000777
0.934583 -1.094506 0.016176
0.937189 1.477806 0.000056
0.938034 -3.291980 0.000096
0.942677 0.816151 0.000254
0.946971 0.296586 0.001703
0.949407 -0.065159 0.004855
0.952126 3.253898 0.000041
0.954153 -0.531524 0.011302
0.960671 -0.400720 0.009150
0.966493 -0.670690 0.012373
0.969689 1.732114 0.000043
0.981115 0.063937 0.003048
0.982199 -0.280285 0.006781
0.996757 0.419872 0.000922
0.998486 -0.819514 0.011749
0.999434 0.191566 0.001949
1.001458 -1.658237 0.006608
1.001926 0.666877 0.000362
1.011468 -2.075006 0.002574
1.016122 -0.172656 0.004722
1.016810 2.004611 0.000034
1.017984 0.952459 0.000121
1.019448 -2.342295 0.001192
1.019486 -1.292903 0.009586
1.054671 -0.073210 0.003188
1.063222 -0.971295 0.008820
1.063785 0.534637 0.000470
1.064404 0.308346 0.001033
1.066741 -0.469545 0.006285
1.067008 -2.639288 0.000382
1.067979 -4.081451 0.000010
1.068783 0.013292 0.002417
1.072032 -1.149129 0.008037
1.072187 -4.515363 0.000004
1.073750 2.293737 0.000027
1.074227 -0.584749 0.006930
1.075263 -0.351423 0.005075
1.078983 1.119546 0.000060
1.088762 0.115014 0.001682
1.091594 -0.712947 0.007067
1.099808 -1.482386 0.005080
1.100131 -3.684668 0.000020
1.100377 0.782744 0.000163
1.102024 -0.250902 0.003753
1.102636 1.336346 0.000036
1.107368 4.497224 0.000053
1.122905 0.417522 0.000561
1.124261 0.214872 0.001074
1.125740 -0.150782 0.002747
1.135718 -0.837010 0.005963
1.136144 2.924041 0.000023
1.136812 -1.862534 0.002114
1.145656 0.640696 0.000230
1.146365 0.912969 0.000086
1.146819 1.569883 0.000024
1.152697 -0.056648 0.001960
1.155744 -0.412606 0.003768
1.165656 0.036937 0.001465
1.171575 3.633028 0.000026
1.177737 -2.975880 0.000083
1.177809 0.314799 0.000621
1.180201 -0.626753 0.004208
1.185562 -0.514349 0.003674
1.188738 -1.327261 0.003696
1.191737 -0.317078 0.002717
1.192387 0.132489 0.001001
1.193780 0.517958 0.000293
1.195945 -1.060410 0.004257
1.197322 2.601745 0.000018
1.198037 -0.212829 0.002189
1.211406 1.817772 0.000018
1.216824 -0.725197 0.003688
1.218231 -1.193777 0.003497
1.220471 -1.663208 0.001924
1.222532 -0.120730 0.001608
1.225403 -0.935923 0.003695
1.230185 1.032019 0.000043
1.230584 0.224064 0.000644
1.236169 0.739286 0.000111
1.238229 0.410447 0.000347
1.239550 -0.030107 0.001207
1.241279 -2.153629 0.000588
1.245877 -0.415837 0.002370
1.249568 1.214481 0.000026
1.250000 5.000000 0.000059
1.250000 -5.000000 0.000001
1.256043 0.060134 0.000892
1.262156 0.858279 0.000066
1.263250 -0.819887 0.002948
1.268787 -0.255842 0.001643
1.271389 -0.595397 0.002500
1.275374 0.608239 0.000150
1.280455 0.311884 0.000390
1.285918 0.145394 0.000615
1.288944 -0.175710 0.001277
1.290075 -0.339264 0.001677
1.293668 -0.496634 0.002011
1.293761 -1.487536 0.001642
1.294547 1.420111 0.000016
1.294821 2.072712 0.000013
1.306987 -0.089113 0.000975
1.308221 -0.683346 0.002158
1.312856 -2.410842 0.000203
1.312958 0.499475 0.000184
1.315871 -0.001242 0.000765
1.325119 0.226428 0.000405
1.330444 -1.949439 0.000568
1.330657 -1.035510 0.001962
1.338932 0.394315 0.000229
1.339310 0.077588 0.000561
1.339849 -0.416274 0.001415
1.340083 -0.270412 0.001146
1.341367 -3.325307 0.000018
1.348815 -1.172373 0.001638
1.350704 -1.328270 0.001413
1.353682 -0.772027 0.001721
1.355085 0.693049 0.000079
1.355216 -0.206784 0.000946
1.356927 -0.566199 0.001501
1.359767 -0.895783 0.001690
1.361267 2.329001 0.000011
1.365282 -0.138919 0.000790
1.366583 1.646396 0.000011
1.368173 0.948217 0.000033
1.369817 -0.050404 0.000643
1.370754 0.153441 0.000393
1.372787 0.302187 0.000257
1.375238 -0.344590 0.001054
1.378253 0.803286 0.000050
1.386607 -1.743935 0.000615
1.387268 1.106434 0.000020
1.387758 3.254750 0.000013
1.389811 -0.643404 0.001309
1.390859 0.019461 0.000492
1.391319 -0.485529 0.001140
1.402086 -2.707236 0.000059
1.402132 0.583988 0.000092
1.405553 -0.277660 0.000804
1.408159 4.036281 0.000020
1.410671 -0.093168 0.000563
1.410719 0.466210 0.000130
1.410910 0.222987 0.000265
1.414525 0.091485 0.000366
1.415945 -0.212583 0.000682
1.427013 1.283017 0.000012
1.427170 -0.406481 0.000847
1.428190 0.372421 0.000159
1.430674 -0.722528 0.001067
1.435428 -0.153050 0.000550
1.439459 -1.557640 0.000609
1.441936 -0.032325 0.000418
1.443682 -0.970905 0.001005
1.448754 -0.563188 0.000871
1.449163 0.157071 0.000259
1.450089 -0.334253 0.000676
1.455271 0.037957 0.000333
1.455512 0.286913 0.000177
1.458003 -0.829987 0.000928
1.466072 -0.261708 0.000555
1.469510 1.892314 0.000007
1.470697 -0.095418 0.000405
1.470866 -0.480629 0.000710
1.471761 2.846934 0.000009
1.472504 -1.088164 0.000805
1.477884 0.710809 0.000044
1.480251 -0.200123 0.000463
1.484160 0.100045 0.000247
1.486441 -0.643329 0.000733
1.486686 0.517651 0.000077
1.489082 -1.237854 0.000655
1.489101 -1.394721 0.000558
1.490197 -4.077299 0.000003
1.490408 0.856725 0.000026
1.490703 0.215802 0.000179
1.492374 1.478749 0.000008
1.495706 -0.417648 0.000573
1.497298 -0.002566 0.000289
1.500975 -0.145277 0.000374
1.504423 -0.361328 0.000509
1.504517 0.347258 0.000117
1.504518 -0.050306 0.000307
1.504872 0.423916 0.000094
1.509790 1.002242 0.000016
1.511871 -0.300960 0.000450
1.514114 -2.165251 0.000123
1.514910 -3.697996 0.000005
1.515680 0.601132 0.000052
1.517271 0.049750 0.000231
1.521533 -0.740325 0.000616
1.521860 0.156025 0.000176
1.522869 -0.535135 0.000545
1.523527 -0.241926 0.000386
1.525007 -0.915627 0.000613
1.529706 -0.096661 0.000291
1.530860 0.271958 0.000125
1.537818 -0.187980 0.000326
1.547554 0.100682 0.000175
1.547990 -0.001282 0.000218
1.548138 -0.595434 0.000488
1.548999 1.157156 0.000010
1.551709 -0.463057 0.000429
1.555019 -3.017341 0.000014
1.555341 -1.904778 0.000166
1.555566 -0.048630 0.000229
1.557365 -0.138860 0.000268
1.559548 -0.397709 0.000383
1.561291 -0.336293 0.000352
1.562100 2.516638 0.000006
1.564508 0.489752 0.000058
1.566174 -0.279180 0.000317
1.566188 0.206914 0.000123
1.567327 0.337436 0.000087
1.570363 0.048942 0.000173
1.575488 -0.226369 0.000278
1.575795 -0.667137 0.000429
1.576087 -0.825397 0.000447
1.579869 -1.012303 0.000425
1.580434 -0.091594 0.000216
1.585506 0.146430 0.000128
1.587946 0.779512 0.000022
1.588389 -0.178240 0.000239
1.588725 -1.685194 0.000200
1.589442 -0.514890 0.000358
1.589884 0.405313 0.000065
1.590388 1.691825 0.000005
1.592885 0.666400 0.000030
1.594365 -0.035042 0.000179
1.594458 0.005789 0.000165
1.595039 -4.522121 0.000001
1.596715 -2.455109 0.000041
1.597407 0.272030 0.000089
1.599857 -1.153074 0.000349
1.602130 0.089467 0.000133
1.604602 -0.134169 0.000202
1.606120 2.169367 0.000005
1.607604 1.325109 0.000006
1.610072 -0.310863 0.000255
1.610115 0.561719 0.000038
1.610277 -0.367845 0.000273
1.611608 -0.574672 0.000326
1.613282 -0.432176 0.000287
1.613634 -0.063332 0.000169
1.613979 -0.259295 0.000232
1.615941 0.908286 0.000014
1.616530 -0.740702 0.000342
1.619705 -1.491257 0.000220
1.619741 0.040405 0.000134
1.621757 -0.212070 0.000207
1.626227 -0.097524 0.000168
1.626469 0.217725 0.000087
1.631441 0.169643 0.000095
1.632166 -0.013521 0.000139
1.632899 -0.168708 0.000182
1.633917 0.335229 0.000062
1.639059 -0.487478 0.000258
1.639663 0.120358 0.000101
1.640555 -0.636145 0.000283
1.641239 -1.305965 0.000238
1.644176 -0.910555 0.000291
1.646712 0.471141 0.000041
1.646886 3.608096 0.000009
1.646942 -0.052757 0.000137
1.648042 -0.129514 0.000156
1.649205 4.487613 0.000018
1.651007 0.072143 0.000105
1.653556 -0.286280 0.000191
1.654290 -0.335470 0.000202
1.656397 -0.240855 0.000176
1.656734 0.020867 0.000113
1.658387 1.042228 0.000008
1.659759 -0.388399 0.000207
1.661345 0.273229 0.000063
1.662360 -0.089316 0.000134
1.662566 -0.198690 0.000160
1.666011 -0.545120 0.000229
1.671149 -0.020716 0.000113
1.672197 -0.159638 0.000142
1.672542 0.395461 0.000044
1.675093 -0.699722 0.000235
1.676889 -0.439720 0.000197
1.677166 0.172476 0.000074
1.680610 0.129347 0.000079
1.681069 0.219365 0.000065
1.682141 -0.804560 0.000230
1.682339 -1.055040 0.000220
1.683941 -0.122474 0.000125
1.684247 -0.057734 0.000112
1.687394 0.089818 0.000083
1.688124 0.719122 0.000017
1.689204 0.046927 0.000090
1.690883 0.620586 0.000022
1.691993 1.507150 0.000004
1.692377 -0.264573 0.000147
1.693735 -0.224331 0.000138
1.694046 -0.307371 0.000154
1.696001 0.006746 0.000093
1.697908 -0.604956 0.000196
1.698332 -0.186532 0.000127
1.699105 -0.090424 0.000109
1.699540 -0.352561 0.000157
1.699755 0.325317 0.000046
1.705477 -0.490541 0.000173
1.705944 0.532542 0.000026
1.706004 -0.151064 0.000115
1.706384 -0.029870 0.000094
1.707623 0.825215 0.000012
1.712928 -0.398462 0.000152
1.714867 1.185256 0.000005
1.717128 -0.119206 0.000103
1.717912 -0.062427 0.000093
1.719994 0.135184 0.000063
1.720689 0.174772 0.000058
1.721587 3.114520 0.000005
1.722295 1.916164 0.000003
1.723230 0.264686 0.000047
1.723380 0.098223 0.000067
1.723415 0.062291 0.000072
1.725181 0.026959 0.000076
1.726294 -0.209563 0.000112
1.726419 -0.245639 0.000117
1.728875 0.452358 0.000029
1.729463 -0.283843 0.000121
1.729510 -0.175558 0.000104
1.730318 -0.006853 0.000079
1.730790 -0.965167 0.000168
1.730905 0.215456 0.000050
1.731398 -0.091194 0.000091
1.733228 -0.544050 0.000152
1.735708 -0.323407 0.000122
1.736476 -0.144321 0.000096
1.736870 -0.666047 0.000159
1.737013 -0.442913 0.000137
1.738232 -0.038383 0.000080
1.738493 -1.170882 0.000145
1.738617 -2.737531 0.000011
1.743098 0.376164 0.000032
1.746108 -0.363416 0.000120
1.746875 -0.116486 0.000086
1.747087 -0.744781 0.000153
1.748118 -0.066921 0.000079
1.752752 -2.026320 0.000044
1.753276 -0.864754 0.000149
1.754249 -3.337040 0.000003
1.754586 -0.195988 0.000093
1.754800 0.938126 0.000007
1.755876 0.044775 0.000062
1.755878 -0.228310 0.000096
1.756603 0.012339 0.000066
1.757245 -0.165715 0.000088
1.757520 0.079798 0.000057
1.758778 -1.800437 0.000061
1.758862 0.118736 0.000053
1.759867 -0.263411 0.000099
1.760176 -0.092375 0.000077
1.760182 -0.017921 0.000068
1.761302 0.310436 0.000034
1.761321 0.160559 0.000048
1.763881 -0.138344 0.000081
1.765530 -0.399110 0.000111
1.766458 -0.045847 0.000069
1.767330 -1.597526 0.000078
1.767908 -0.300417 0.000099
1.770699 -0.486622 0.000116
1.770727 0.204120 0.000042
1.771628 -0.603637 0.000125
1.772081 -1.421358 0.000094
1.773717 -0.114905 0.000074
1.774857 -0.071072 0.000068
1.778030 0.626529 0.000014
1.778106 0.711017 0.000012
1.778658 -0.340293 0.000097
1.779321 -0.183255 0.000079
1.780253 0.552340 0.000017
1.781051 0.254281 0.000035
1.781534 -0.211281 0.000081
1.782116 -0.156233 0.000075
1.783313 -2.259572 0.000024
1.783823 -0.000754 0.000058
1.784130 0.028439 0.000055
1.785337 -0.243119 0.000083
1.785764 -0.093392 0.000067
1.786165 -0.027852 0.000060
1.786798 0.059988 0.000051
1.788714 1.339185 0.000003
1.789649 -0.134844 0.000069
1.790912 0.094440 0.000047
1.791364 -0.052790 0.000060
1.791971 -0.435752 0.000098
1.792478 -0.542702 0.000106
1.794098 -0.276070 0.000082
1.795189 0.483148 0.000019
1.796410 0.131453 0.000042
1.796715 -0.112727 0.000065
1.798455 -0.075147 0.000060
1.799597 -0.170038 0.000069
1.799755 -0.378097 0.000089
1.800187 -1.284143 0.000091
1.801106 0.413557 0.000022
1.804578 -0.194288 0.000069
1.804693 0.170825 0.000037
1.805782 -0.802088 0.000108
1.806554 -0.664737 0.000104
1.806570 -0.309535 0.000079
1.806730 -0.224005 0.000071
1.807279 -1.056791 0.000102
1.807311 2.743334 0.000003
1.807317 0.803759 0.000008
1.807442 -0.012876 0.000052
1.808102 0.351305 0.000025
1.808719 0.013201 0.000049
1.808730 -0.037082 0.000053
1.809114 -0.149425 0.000063
1.809576 -0.094734 0.000058
1.810427 -0.128993 0.000061
1.812352 0.041404 0.000046
1.812705 1.058219 0.000004
1.813460 -0.059411 0.000054
1.815779 -0.253752 0.000070
1.816067 0.214620 0.000032
1.816322 1.696033 0.000002
1.817215 -0.112693 0.000057
1.818109 0.071992 0.000042
1.818755 -0.078906 0.000054
1.819380 -0.170300 0.000062
1.819422 -0.343050 0.000076
1.820854 0.299237 0.000026
1.825689 -0.504338 0.000085
1.825837 0.104846 0.000038
1.826206 -0.208788 0.000063
1.827412 -0.134800 0.000056
1.827899 -0.024282 0.000047
1.828152 -0.045798 0.000049
1.828247 -0.188650 0.000060
1.829685 -0.284404 0.000067
1.829711 -0.099577 0.000052
1.830037 -0.001196 0.000045
1.831332 -0.153396 0.000056
1.831898 -0.583685 0.000086
1.832257 -0.455755 0.000079
1.832532 -0.119248 0.000053
1.833036 -0.404947 0.000075
1.833697 -0.066153 0.000049
1.834007 -0.232686 0.000062
1.834082 -0.083989 0.000050
1.834403 0.023883 0.000042
1.835520 0.139953 0.000033
1.835867 -0.724155 0.000089
1.836775 -0.930895 0.000089
1.840848 -0.171559 0.000055
1.841089 0.257009 0.000026
1.841168 0.051160 0.000038
1.844353 -0.053714 0.000045
1.844605 -0.139310 0.000051
1.845512 -0.108311 0.000049
1.845600 -0.035066 0.000043
1.846600 -0.257903 0.000059
1.846672 -0.363452 0.000067
1.847107 0.177960 0.000029
1.847260 -0.125095 0.000049
1.847370 -0.092907 0.000047
1.848422 -0.317566 0.000063
1.848489 -0.210796 0.000055
1.848490 -0.015004 0.000041
1.849063 -0.075974 0.000045
1.849138 -0.191217 0.000054
1.849499 2.403228 0.000003
1.850516 0.080490 0.000034
1.851332 -0.156022 0.000050
1.853292 0.007071 0.000039
1.855673 -0.062783 0.000043
1.859061 -0.631681 0.000075
1.859375 -0.115094 0.000045
1.860406 -0.046322 0.000041
1.860419 -0.101607 0.000044
1.860494 0.031372 0.000036
1.860496 -0.233073 0.000053
1.861005 -0.173216 0.000049
1.861277 -0.141672 0.000047
1.861378 -0.086759 0.000043
1.861617 -0.128805 0.000046
1.862033 0.111945 0.000031
1.862337 0.531409 0.000012
1.862428 0.218507 0.000025
1.863086 0.897981 0.000005
1.863351 -0.283895 0.000055
1.864363 -0.028743 0.000039
1.865138 0.446466 0.000015
1.865379 0.616276 0.000010
1.865597 0.374039 0.000018
1.865948 -0.073224 0.000041
1.866194 0.703186 0.000008
1.868045 -0.545886 0.000068
1.868621 -0.191301 0.000048
1.869367 -0.009425 0.000036
1.869369 -0.156374 0.000046
1.870278 -0.210147 0.000049
1.870655 0.316032 0.000019
1.870717 0.057502 0.000032
1.871113 -0.115676 0.000043
1.871306 -0.058516 0.000039
1.872614 -0.094606 0.000041
1.873061 -0.105492 0.000041
1.874329 -0.127619 0.000043
1.875000 -5.000000 0.000000
1.875000 5.000000 0.000018
1.875301 0.146048 0.000027
1.875547 -0.838481 0.000071
1.875757 -0.082779 0.000039
1.876007 -0.254927 0.000050
1.876522 0.012372 0.000034
1.876943 -0.433776 0.000060
1.877051 -0.140892 0.000043
1.877229 -0.042646 0.000037
1.877254 -0.487075 0.000062
1.879268 -0.171907 0.000044
1.879271 -0.387952 0.000056
1.879929 -0.343654 0.000054
1.880455 -0.069946 0.000038
1.881321 1.187238 0.000003
1.883092 -0.116441 0.000040
1.883191 -0.025744 0.000035
1.883558 -0.104763 0.000039
1.883935 0.085747 0.000028
1.884136 -0.092906 0.000038
1.885817 -0.154583 0.000041
1.885891 -0.307443 0.000050
1.886028 -0.188168 0.000043
1.886199 -0.229308 0.000046
1.886468 -0.055989 0.000036
1.886871 0.270999 0.000020
1.887007 0.035266 0.000031
1.888060 -0.129339 0.000039
1.888294 -0.080822 0.000037
1.888676 1.501039 0.000002
1.889609 -0.005533 0.000032
1.890301 0.183622 0.000023
1.890843 -0.206143 0.000043
1.892409 -1.165507 0.000057
1.892947 -0.141196 0.000039
1.893301 -0.098694 0.000037
1.893669 -0.108641 0.000037
1.894070 -0.068759 0.000035
1.894461 -0.118555 0.000037
1.894550 -0.040878 0.000033
1.895285 -0.167802 0.000040
1.895745 -0.275474 0.000046
1.895988 -0.089434 0.000036
1.899181 0.116228 0.000025
1.899563 -0.021628 0.000031
1.900311 0.013725 0.000030
1.900542 0.060483 0.000027
1.900707 -0.079755 0.000034
1.901056 -0.056351 0.000033
1.901254 -0.127080 0.000037
1.901914 -0.182608 0.000039
1.902297 -0.102380 0.000035
1.902821 0.228995 0.000020
1.902923 -2.481691 0.000008
1.903220 -0.153186 0.000037
1.904187 -0.113136 0.000035
1.904244 -0.093967 0.000034
1.904360 -0.248031 0.000042
1.904652 2.120815 0.000002
1.906173 -0.137608 0.000036
1.906586 -0.757060 0.000059
1.907787 -0.070007 0.000032
1.908921 -0.675143 0.000057
1.909027 -0.199300 0.000039
1.909031 -0.031148 0.000030
1.909057 -0.085125 0.000033
1.910119 -3.691173 0.000001
1.910805 -0.221438 0.000039
1.910943 -0.120653 0.000034
1.911263 -0.007384 0.000029
1.911631 -0.105421 0.000033
1.911929 -0.045054 0.000030
1.913015 -0.167094 0.000036
1.913135 0.035822 0.000027
1.913146 -0.592374 0.000054
1.914563 -0.094270 0.000032
1.915262 -0.059171 0.000031
1.915463 -1.022337 0.000054
1.915686 0.150329 0.000021
1.915908 -0.327542 0.000043
1.916082 -0.366531 0.000045
1.916384 -0.130213 0.000034
1.916403 -0.078179 0.000031
1.916538 -0.147200 0.000035
1.918364 0.087714 0.000024
1.919171 -0.293661 0.000041
1.919467 -0.113920 0.000032
1.919866 -0.411637 0.000046
1.921452 0.783897 0.000005
1.921992 -0.183867 0.000035
1.922485 -0.463026 0.000047
1.922516 -0.101548 0.000031
1.922692 -0.523288 0.000049
1.923132 0.012184 0.000026
1.923142 -0.024307 0.000028
1.923541 -0.087148 0.000030
1.923544 -1.486540 0.000036
1.924068 -0.069592 0.000030
1.925108 -0.158348 0.000033
1.925561 1.002434 0.000003
1.925582 0.334798 0.000014
1.926518 -0.138472 0.000032
1.926659 -0.040784 0.000028
1.926665 3.992371 0.000007
1.927282 0.403001 0.000012
1.928218 -0.123274 0.000031
1.928358 -0.055402 0.000028
1.928376 -0.237296 0.000036
1.928451 -1.325341 0.000041
1.928611 -0.266155 0.000038
1.929398 0.481708 0.000010
1.929494 -0.206433 0.000035
1.930001 0.059874 0.000023
1.932164 0.190732 0.000018
1.932186 -0.008513 0.000026
1.932424 -0.109158 0.000030
1.932522 -0.095157 0.000029
1.932754 -0.079046 0.000029
1.932850 0.280836 0.000015
1.933669 -1.681521 0.000027
1.934264 -0.171261 0.000032
1.936542 -0.149355 0.000031
1.937015 0.117768 0.000020
1.937250 -3.027016 0.000002
1.938369 0.032027 0.000023
1.939767 -0.066209 0.000027
1.940722 -0.133180 0.000030
1.942405 -0.086711 0.000027
1.942604 -0.030306 0.000025
1.942687 -0.189432 0.000032
1.942792 -0.117879 0.000029
1.943269 -0.048827 0.000026
1.944676 -0.221139 0.000033
1.945410 0.571316 0.000008
1.945652 0.237257 0.000015
1.945891 -0.101464 0.000028
1.946392 -0.909557 0.000046
1.946552 0.008491 0.000023
1.946850 -0.304873 0.000035
1.947225 -0.161862 0.000030
1.949902 -4.110546 0.000000
1.950536 -0.343721 0.000036
1.950628 -0.014338 0.000024
1.951058 -0.075665 0.000026
1.953622 -1.898926 0.000018
1.953680 -0.145171 0.000028
1.954075 -0.248004 0.000032
1.954151 0.085663 0.000020
1.955815 0.154447 0.000017
1.956018 -0.127818 0.000027
1.956334 0.051551 0.000020
1.956397 3.389435 0.000004
1.956438 -0.110939 0.000026
1.956579 -0.176823 0.000029
1.956899 -0.384499 0.000036
1.957071 -0.059977 0.000024
1.957517 -0.277144 0.000032
1.957762 -0.203357 0.000030
1.958119 -0.090467 0.000025
1.960690 -0.040941 0.000023
1.961475 0.674760 0.000006
1.963871 -0.434769 0.000036
1.964947 0.025859 0.000020
1.966299 1.321923 0.000002
1.967570 -0.023285 0.000022
1.967589 -0.160025 0.000027
1.967931 -0.101581 0.000024
1.968434 -0.075126 0.000023
1.968619 -0.000111 0.000021
1.970659 -0.491196 0.000036
1.970773 -0.139122 0.000025
1.970834 -0.226908 0.000028
1.971187 -0.186572 0.000027
1.971276 -0.119742 0.000025
1.972837 -0.557982 0.000037
1.973193 -0.813845 0.000040
1.974692 0.119970 0.000017
1.975562 -0.631226 0.000038
1.976028 0.196097 0.000014
1.976300 -0.056521 0.000022
1.976613 -0.317655 0.000030
1.978294 1.871596 0.000002
1.978378 0.064345 0.000018
1.978980 -0.089059 0.000023
1.982996 0.296769 0.000011
1.983690 -0.203887 0.000026
1.984023 -0.037369 0.000020
1.984393 -0.173323 0.000025
1.985598 0.360882 0.000010
1.985609 -0.107618 0.000022
1.985700 -0.714255 0.000037
1.986405 -0.287540 0.000028
1.986686 -0.253983 0.000027
1.987159 -0.150645 0.000024
1.987184 0.038651 0.000018
1.987968 -0.128608 0.000023
1.988971 -0.014295 0.000019
1.989119 0.243633 0.000012
1.989574 -0.072492 0.000021
1.990103 0.012060 0.000018
1.991387 0.876974 0.000003
1.991952 0.432526 0.000008
1.992531 -0.353774 0.000029
1.993644 0.090211 0.000016
1.996335 -2.135457 0.000010
1.997638 -0.401798 0.000029
1.997772 0.157658 0.000014
1.998352 -0.223889 0.000024
1.998579 1.117572 0.000002
1.999118 0.511858 0.000007
1.999285 -0.091988 0.000020
2.000431 -0.053523 0.000019
2.001538 -0.190408 0.000023
2.004522 -0.114683 0.000020
2.005778 -0.163914 0.000022
2.006492 -0.138710 0.000021
2.008271 -0.030888 0.000018
2.009715 0.058965 0.000015
2.011678 -1.095059 0.000030
2.012050 -0.003205 0.000017
2.013104 -0.073459 0.000018
2.013434 -0.454401 0.000028
2.013785 -0.316947 0.000025
2.015386 0.027759 0.000016
2.015411 0.119169 0.000013
2.017859 -0.276303 0.000023
2.020779 -0.098069 0.000018
2.020864 -0.242535 0.000022
2.022305 -0.209033 0.000021
2.022696 -0.517578 0.000028
2.023652 0.611972 0.000005
2.024091 0.203057 0.000011
2.025137 -0.977847 0.000029
2.025402 -0.123428 0.000018
2.026103 -0.179261 0.000020
2.026988 -0.150541 0.000019
2.027679 -0.050951 0.000016
2.029764 -0.370041 0.000024
2.031640 0.083802 0.000013
2.033063 -0.021192 0.000015
2.034575 -0.584140 0.000027
2.034610 -1.227156 0.000024
2.034979 0.262058 0.000009
2.036179 0.754503 0.000003
2.036982 0.010285 0.000014
2.037299 -0.079837 0.000016
2.039679 0.151856 0.000011
2.040487 0.322048 0.000008
2.041730 0.048194 0.000013
2.042507 1.649831 0.000001
2.043046 -0.414482 0.000023
2.045234 -0.105796 0.000016
2.046851 -0.337627 0.000021
2.048066 -0.662315 0.000026
2.048245 -0.769683 0.000026
2.048265 -0.133824 0.000017
2.049909 -0.163506 0.000017
2.050297 -0.298032 0.000020
2.050839 -0.194165 0.000018
2.050901 0.388629 0.000007
2.051055 -0.225956 0.000018
2.051790 -0.260621 0.000019
2.053932 -0.062425 0.000015
2.056175 -0.037098 0.000014
2.057487 -0.876775 0.000024
2.057677 0.111672 0.000011
2.061114 -0.007459 0.000013
2.061937 -0.474987 0.000022
2.062124 0.026693 0.000012
2.063416 0.462650 0.000006
2.065464 0.546709 0.000005
2.067002 0.183135 0.000009
2.068223 0.985133 0.000002
2.068423 -0.088219 0.000014
2.069428 0.072391 0.000011
2.071981 -0.115975 0.000014
2.072293 -2.712853 0.000002
2.072919 1.456649 0.000001
2.073755 -0.144951 0.000015
2.075040 -1.389953 0.000017
2.075847 2.991278 0.000002
2.076520 0.228069 0.000008
2.077671 -0.174645 0.000015
2.079834 -0.374833 0.000018
2.081700 -0.059880 0.000013
2.081942 -0.206723 0.000015
2.084772 -0.429614 0.000019
2.085209 -0.241732 0.000016
2.086642 1.237586 0.000001
2.086663 -0.028455 0.000012
2.086786 -0.531904 0.000020
2.087246 -0.324707 0.000017
2.087402 -0.280845 0.000016
2.087602 0.142623 0.000009
2.088585 0.045100 0.000010
2.089129 0.663333 0.000003
2.090091 -1.562877 0.000013
2.090864 0.282728 0.000007
2.090942 0.006860 0.000011
2.097873 -0.118152 0.000013
2.100398 -0.608179 0.000019
2.100950 -0.087245 0.000012
2.101458 0.100171 0.000009
2.101799 -0.146895 0.000013
2.102448 -0.711045 0.000019
2.105311 0.345468 0.000006
2.107223 -2.357811 0.000004
2.110007 -0.179733 0.000013
2.113477 -0.052130 0.000011
2.114652 -1.001445 0.000017
2.114957 0.185513 0.000007
2.115211 0.856910 0.000002
2.117221 -1.753889 0.000009
2.117359 2.626070 0.000001
2.118121 -0.216419 0.000013
2.118559 0.065196 0.000009
2.120366 -0.015156 0.000010
2.122059 -0.474221 0.000016
2.123278 0.024570 0.000009
2.123715 -0.256531 0.000013
2.124004 0.415576 0.000005
2.127182 -0.351824 0.000014
2.127351 -0.301342 0.000013
2.128230 -0.114743 0.000011
2.128548 -0.405931 0.000014
2.132945 0.236525 0.000006
2.133486 -0.805663 0.000016
2.134988 -0.147504 0.000011
2.135731 -1.119074 0.000014
2.136276 0.138729 0.000007
2.136898 0.581015 0.000003
2.138007 -0.078729 0.000010
2.140744 0.495131 0.000004
2.143503 -0.555359 0.000015
2.145508 2.311480 0.000001
2.148194 -0.184825 0.000010
2.150124 -0.039978 0.000009
2.151488 -0.652139 0.000014
2.151961 0.094539 0.000007
2.152811 0.297995 0.000005
2.157220 0.746337 0.000002
2.157563 0.002098 0.000008
2.159095 0.047521 0.000007
2.159249 -0.225896 0.000010
2.160567 1.101317 0.000001
2.162825 -0.110201 0.000009
2.164834 -4.570683 0.000000
2.164903 -0.908212 0.000013
2.166658 -0.271237 0.000010
2.169227 0.183934 0.000006
2.171536 -0.322917 0.000011
2.173335 -0.504378 0.000012
2.174348 -0.147207 0.000009
2.176759 -0.438345 0.000011
2.176855 -0.377170 0.000011
2.177495 0.364867 0.000004
2.178380 -0.069853 0.000008
2.178919 -1.957192 0.000005
2.179482 -1.255261 0.000010
2.179963 2.034635 0.000001
2.190953 0.246666 0.000004
2.191321 -0.025787 0.000007
2.191431 0.131215 0.000005
2.191447 -0.188835 0.000008
2.192024 -0.730840 0.000012
2.193024 4.483610 0.000007
2.193072 -0.593114 0.000011
2.195538 1.348986 0.000001
2.196832 -3.340369 0.000000
2.198284 0.643788 0.000002
2.198514 0.074957 0.000006
2.198568 0.022620 0.000006
2.203784 -0.106196 0.000007
2.204416 0.442541 0.000003
2.206052 -0.234658 0.000008
2.208403 0.959413 0.000001
2.212451 -0.289694 0.000008
2.217946 1.782446 0.000001
2.221149 0.197170 0.000004
2.221535 -0.147737 0.000007
2.222425 0.307469 0.000003
2.223305 -0.060440 0.000006
2.225294 -0.343301 0.000008
2.227442 -1.399606 0.000007
2.227694 0.535193 0.000002
2.228444 -1.019323 0.000009
2.228919 -0.539770 0.000009
2.232144 -0.403312 0.000008
2.233341 3.654336 0.000003
2.234967 -0.822499 0.000009
2.234972 -0.469410 0.000009
2.237154 -0.009986 0.000005
2.240049 -0.653736 0.000009
2.240778 -0.193417 0.000007
2.241534 0.153027 0.000004
2.244708 0.832522 0.000001
2.244859 0.043724 0.000005
2.245591 0.098738 0.000004
2.248926 -0.254600 0.000007
2.249161 -1.551673 0.000006
2.251920 -0.101796 0.000006
2.255311 0.377775 0.000003
2.257400 1.544129 0.000001
2.259446 0.246894 0.000003
2.269385 -2.168952 0.000002
2.271191 -0.302984 0.000006
2.272608 1.206375 0.000001
2.273603 -0.048734 0.000005
2.274605 0.718433 0.000001
2.275313 -0.149341 0.000005
2.276040 -1.142383 0.000006
2.278100 -0.220575 0.000006
2.281368 -2.543167 0.000001
2.282611 -1.721549 0.000004
2.282929 -2.944016 0.000001
2.284740 -0.585121 0.000007
2.286515 -0.363387 0.000006
2.288142 -0.735754 0.000007
2.289554 0.007795 0.000004
2.289941 -0.918823 0.000007
2.290520 0.189698 0.000003
2.291943 0.457444 0.000002
2.294591 -0.431821 0.000006
2.295060 0.613321 0.000001
2.297807 0.310380 0.000002
2.299332 0.067403 0.000004
2.299742 -0.508453 0.000006
2.301334 0.128076 0.000003
2.306624 -0.093390 0.000004
2.310634 -0.187216 0.000005
2.312311 -0.261184 0.000005
2.313529 -3.767865 0.000000
2.319954 1.058665 0.000001
2.331662 -0.034860 0.000003
2.332360 -0.651833 0.000005
2.334810 0.241127 0.000002
2.335194 0.536319 0.000001
2.338701 -0.315755 0.000004
2.339337 -0.139892 0.000004
2.340321 0.383879 0.000002
2.341679 -1.279409 0.000004
2.347663 -0.822898 0.000005
2.349790 0.915138 0.000001
2.349899 0.029195 0.000003
2.350234 -0.222406 0.000004
2.353941 -0.387391 0.000004
2.359074 -1.026217 0.000004
2.360729 0.168661 0.000002
2.361984 -0.466311 0.000004
2.362553 0.099025 0.000003
2.368767 -1.875713 0.000002
2.371587 -0.562035 0.000004
2.371771 0.782579 0.000001
2.372112 3.251125 0.000001
2.372567 -0.083922 0.000003
2.378064 0.304650 0.000002
2.379662 1.347160 0.000000
2.382511 -0.177447 0.000003
2.384885 0.660340 0.000001
2.388515 -0.266305 0.000003
2.392411 -0.732674 0.000004
2.397996 -1.433572 0.000003
2.398121 -0.019283 0.000002
2.400150 0.462697 0.000001
2.409262 2.848118 0.000001
2.411131 -0.336060 0.000003
2.412560 -0.128905 0.000003
2.413379 0.223659 0.000002
2.416101 0.056962 0.000002
2.420291 -0.909961 0.000003
2.420613 2.498567 0.000001
2.422513 -1.153573 0.000003
2.423156 -0.652054 0.000003
2.424429 2.194029 0.000001
2.426945 0.571285 0.000001
2.429175 1.924741 0.000000
2.429298 0.378087 0.000001
2.430158 -0.414753 0.000003
2.432054 1.688697 0.000000
2.432402 -0.210353 0.000003
2.433514 -0.496620 0.000003
2.434275 -1.618246 0.000002
2.435529 -2.346095 0.000001
2.439147 0.139101 0.000002
2.446182 1.175911 0.000000
2.456315 -0.072258 0.000002
2.459706 -2.048873 0.000001
2.460532 -4.220316 0.000000
2.462116 0.297600 0.000001
2.465862 4.032325 0.000003
2.465912 -0.273263 0.000002
2.467326 0.002796 0.000002
2.469286 1.005366 0.000000
2.471031 -0.793088 0.000002
2.471186 1.498640 0.000000
2.472478 -0.580740 0.000002
2.473793 -0.153727 0.000002
2.482133 0.850366 0.000000
2.486478 0.709827 0.000001
2.491010 -2.723761 0.000000
2.491459 -0.346122 0.000002
2.493173 0.070251 0.000001
2.498131 0.215702 0.000001
2.498749 -1.021057 0.000002
2.500000 -5.000000 0.000000
2.500000 5.000000 0.000006
2.503174 0.490245 0.000001
2.506184 0.398003 0.000001
2.510285 -0.423129 0.000002
2.514990 -0.499960 0.000002
2.518046 -0.681485 0.000002
2.518430 -0.211399 0.000002
2.519857 -1.299451 0.000002
2.530756 0.608942 0.000001
2.534411 -0.111533 0.000001
2.534433 -0.022746 0.000001
2.534873 -1.765805 0.000001
2.537539 0.138412 0.000001
2.548274 -3.132996 0.000000
2.548967 0.308214 0.000001
2.550999 -0.900205 0.000002
2.555715 -0.283162 0.000001
2.565093 -1.146749 0.000001
2.569388 -1.495776 0.000001
2.575636 0.048937 0.000001
2.576920 -0.575125 0.000001
2.584190 -0.367477 0.000001
2.584677 -0.175101 0.000001
2.589702 1.309846 0.000000
2.589822 -0.775125 0.000001
2.596176 0.218930 0.000001
2.599788 0.406403 0.000001
2.600327 0.761728 0.000000
2.602211 -0.463869 0.000001
2.602730 -0.067670 0.000001
2.603606 1.102565 0.000000
2.605836 0.922445 0.000000
2.618523 0.515713 0.000000
2.630763 -0.247659 0.000001
2.635042 0.125689 0.000001
2.640892 -0.660567 0.000001
2.646037 0.001412 0.000001
2.646664 1.764611 0.000000
2.646877 0.647478 0.000000
2.649411 1.533823 0.000000
2.650676 -3.490386 0.000000
2.652920 -2.190294 0.000000
2.656507 -0.132442 0.000001
2.656536 -1.916806 0.000000
2.658330 0.310096 0.000000
2.660962 -1.021136 0.000001
2.662202 -2.499818 0.000000
2.663767 -0.331307 0.000001
2.672306 -1.636848 0.000001
2.676290 2.038794 0.000000
2.679479 -0.875988 0.000001
2.682554 -1.375105 0.000001
2.688377 -0.538168 0.000001
2.689003 -0.424712 0.000001
2.696079 -1.195485 0.000001
2.702228 0.069502 0.000001
2.704516 2.339336 0.000000
2.705280 0.208607 0.000000
2.711973 3.550036 0.000001
2.712271 0.418866 0.000000
2.713012 -0.205993 0.000001
2.713653 -0.062525 0.000001
2.717860 -0.763033 0.000001
2.725637 2.677253 0.000000
2.726148 0.814112 0.000000
2.727399 3.071073 0.000001
2.746634 0.991093 0.000000
2.749024 -3.891939 0.000000
2.751456 0.546218 0.000000
2.754114 -0.306201 0.000001
2.761289 -2.874290 0.000000
2.762259 1.181836 0.000000
2.762976 4.503668 0.000002
2.765618 -0.641363 0.000001
2.769502 0.138496 0.000000
2.774242 0.009259 0.000000
2.775843 0.687226 0.000000
2.780347 0.303190 0.000000
2.781987 -0.415963 0.000000
2.784907 -0.125324 0.000000
2.794564 -4.534037 0.000000
2.798790 1.381590 0.000000
2.800103 -0.925413 0.000000
2.806075 -0.516847 0.000000
2.824837 -1.509068 0.000000
2.830064 -1.081335 0.000000
2.834605 -0.221326 0.000000
2.838813 0.432956 0.000000
2.839157 -1.288947 0.000000
2.839404 -1.760512 0.000000
2.842306 -0.769863 0.000000
2.855195 1.617401 0.000000
2.858010 0.207942 0.000000
2.862465 -0.054083 0.000000
2.866293 0.861221 0.000000
2.866373 0.075378 0.000000
2.873186 -0.354864 0.000000
2.877807 -2.021974 0.000000
2.898439 1.870589 0.000000
2.899009 -0.623763 0.000000
2.903906 -2.308138 0.000000
2.905255 0.576106 0.000000
2.914461 1.045378 0.000000
2.914782 0.723431 0.000000
2.924016 0.314227 0.000000
2.929796 -0.480588 0.000000
2.932950 -0.139179 0.000000
2.935271 -0.890722 0.000000
2.944690 -2.618728 0.000000
2.950817 -3.214846 0.000000
2.953176 4.030179 0.000001
2.954233 -0.253247 0.000000
2.958834 2.154062 0.000000
2.960225 1.231721 0.000000
2.976064 0.154694 0.000000
2.980127 0.438247 0.000000
2.981353 0.002295 0.000000
2.984015 -1.187130 0.000000
2.998808 -0.737794 0.000000
3.001577 -1.029174 0.000000
3.005456 -1.390854 0.000000
3.011841 -0.378174 0.000000
3.019457 1.445331 0.000000
3.021981 2.471959 0.000000
3.023634 0.896665 0.000000
3.034457 -1.613532 0.000000
3.046194 -0.578410 0.000000
3.046963 0.264189 0.000000
3.057065 -0.108446 0.000000
3.059482 0.729595 0.000000
3.065158 2.826324 0.000000
3.070184 -4.136261 0.000000
3.076821 0.565857 0.000000
3.077746 -0.252380 0.000000
3.086196 -1.854891 0.000000
3.088700 3.225191 0.000000
3.089014 0.081266 0.000000
3.099469 1.685015 0.000000
3.102787 -0.878912 0.000000
3.112971 -0.448073 0.000000
3.114521 0.387131 0.000000
3.124161 1.069384 0.000000
3.125000 5.000000 0.000002
3.125000 -5.000000 0.000000
3.132602 -2.126356 0.000000
3.147108 -3.621191 0.000000
3.152191 -2.873795 0.000000
3.152991 -1.228675 0.000000
3.166767 -0.713142 0.000000
3.167891 0.190452 0.000000
3.171892 1.261582 0.000000
3.174285 -0.018695 0.000000
3.181562 3.637753 0.000000
3.184402 1.949615 0.000000
3.187279 -2.436966 0.000000
3.189259 -1.052803 0.000000
3.196736 -0.338595 0.000000
3.205864 0.870448 0.000000
3.210418 -0.175865 0.000000
3.211970 -1.452216 0.000000
3.223599 -0.552961 0.000000
3.239326 0.675750 0.000000
3.256165 0.308230 0.000000
3.257873 0.491517 0.000000
3.262685 1.478270 0.000000
3.279106 2.247048 0.000000
3.285922 0.092780 0.000000
3.286130 -0.868196 0.000000
3.288472 -1.685923 0.000000
3.317196 -0.435392 0.000000
3.337203 1.041579 0.000000
3.342002 -1.262164 0.000000
3.344691 4.471472 0.000001
3.346340 -0.079315 0.000000
3.356724 -0.673534 0.000000
3.363200 -3.197532 0.000000
3.364129 -1.944695 0.000000
3.368349 -0.272190 0.000000
3.376002 1.722380 0.000000
3.383040 -2.638303 0.000000
3.384190 1.241452 0.000000
3.386888 2.582488 0.000000
3.391125 -4.523333 0.000000
3.397247 -1.057057 0.000000
3.399909 0.213568 0.000000
3.404860 0.814438 0.000000
3.406292 -2.238648 0.000000
3.433725 0.600651 0.000000
3.437840 0.392880 0.000000
3.446461 2.949627 0.000000
3.448219 -0.508832 0.000000
3.454002 -1.488563 0.000000
3.470112 3.996648 0.000000
3.485895 0.048344 0.000000
3.486498 -0.844711 0.000000
3.501735 1.998023 0.000000
3.511519 3.381276 0.000000
3.520104 1.469132 0.000000
3.525701 -0.156976 0.000000
3.534297 -4.003410 0.000000
3.540848 -0.365814 0.000000
3.553919 0.990255 0.000000
3.565528 -1.251483 0.000000
3.573583 -0.638364 0.000000
3.577504 -1.749318 0.000000
3.589161 -2.865257 0.000000
3.614278 0.230061 0.000000
3.614874 1.205103 0.000000
3.624860 0.735464 0.000000
3.625615 0.484253 0.000000
3.627855 -2.429868 0.000000
3.632192 2.313618 0.000000
3.637509 -1.021377 0.000000
3.641333 -3.551169 0.000000
3.669971 -2.053636 0.000000
3.674692 1.721665 0.000000
3.683244 -0.018655 0.000000
3.707467 -0.787289 0.000000
3.710813 -0.498575 0.000000
3.713173 -1.476443 0.000000
3.726793 -0.251334 0.000000
3.750000 -5.000000 0.000000
3.750000 5.000000 0.000000
3.771961 0.922775 0.000000
3.776343 3.674881 0.000000
3.796034 1.436772 0.000000
3.803741 -3.145263 0.000000
3.818463 0.358424 0.000000
3.820552 2.675754 0.000000
3.821433 -1.218977 0.000000
3.827528 3.116438 0.000000
3.830602 0.622111 0.000000
3.843653 0.118704 0.000000
3.845485 2.000232 0.000000
3.857494 -1.720996 0.000000
3.859661 1.141594 0.000000
3.882025 -2.672243 0.000000
3.885539 4.463625 0.000000
3.886591 -0.954048 0.000000
3.895780 -0.664094 0.000000
3.925862 -0.390508 0.000000
3.926338 -0.108531 0.000000
3.937459 -4.414514 0.000000
3.962486 -2.298387 0.000000
3.967702 0.814809 0.000000
3.970035 -1.973211 0.000000
3.993068 2.308433 0.000000
3.995853 4.037225 0.000000
4.001132 1.698886 0.000000
4.010814 -1.453895 0.000000
4.038120 0.490682 0.000000
4.038888 -3.889408 0.000000
4.044466 0.215701 0.000000
4.080277 1.358719 0.000000
4.097498 -1.163662 0.000000
4.111665 1.030098 0.000000
4.122816 3.449189 0.000000
4.129594 -0.857860 0.000000
4.134979 -3.422066 0.000000
4.144547 -0.564960 0.000000
4.155099 -0.271604 0.000000
4.156126 0.013205 0.000000
4.161485 -2.940894 0.000000
4.169607 0.689126 0.000000
4.205945 -1.729354 0.000000
4.216477 2.945939 0.000000
4.244609 2.014314 0.000000
4.254338 0.350877 0.000000
4.287304 -2.511080 0.000000
4.287656 2.500283 0.000000
4.305741 -2.083239 0.000000
4.318400 1.605974 0.000000
4.333891 -1.420323 0.000000
4.371603 1.232136 0.000000
4.375000 5.000000 0.000000
4.375000 -5.000000 0.000000
4.378919 0.881856 0.000000
4.381681 -1.081821 0.000000
4.400212 -0.756051 0.000000
4.406039 0.162997 0.000000
4.408056 -0.443422 0.000000
4.409896 0.543796 0.000000
4.414041 -0.138099 0.000000
4.439088 -4.477034 0.000000
4.452374 4.441074 0.000000
4.452466 3.880280 0.000000
4.494564 -3.965457 0.000000
4.531416 -3.025804 0.000000
4.557965 -3.464558 0.000000
4.574393 3.323408 0.000000
4.586799 -1.742018 0.000000
4.609025 1.833148 0.000000
4.627078 2.242078 0.000000
4.636797 2.773493 0.000000
4.640946 -2.668700 0.000000
4.654827 1.455869 0.000000
4.660800 -1.324078 0.000000
4.667490 -2.195526 0.000000
4.667569 0.351769 0.000000
4.674535 1.063675 0.000000
4.684840 -0.958331 0.000000
4.685147 0.699313 0.000000
4.693819 -0.621939 0.000000
4.698224 -0.298977 0.000000
4.698773 0.023615 0.000000
5.000000 -5.000000 0.000000
5.000000 0.625000 0.000000
5.000000 0.312500 0.000000
5.000000 1.250000 0.000000
5.000000 1.875000 0.000000
5.000000 1.562500 0.000000
5.000000 0.000000 0.000000
5.000000 3.125000 0.000000
5.000000 -3.750000 0.000000
5.000000 4.375000 0.000000
5.000000 2.500000 0.000000
5.000000 -0.312500 0.000000
5.000000 -0.937500 0.000000
5.000000 -0.625000 0.000000
5.000000 -2.500000 0.000000
5.000000 -1.562500 0.000000
5.000000 3.750000 0.000000
5.000000 -1.875000 0.000000
5.000000 -1.250000 0.000000
5.000000 -3.125000 0.000000
5.000000 0.937500 0.000000
5.000000 -4.375000 0.000000
5.000000 5.000000 0.000000
