5.000000 5.000000
0.000000 5.000000
2.500000 5.000000
3.750000 5.000000
4.375000 5.000000
3.125000 5.000000
1.250000 5.000000
1.875000 5.000000
0.625000 5.000000
-2.500000 5.000000
-1.250000 5.000000
-0.625000 5.000000
-1.875000 5.000000
-3.750000 5.000000
-3.125000 5.000000
-4.375000 5.000000
5.000000 -5.000000
5.000000 0.000000
5.000000 -2.500000
5.000000 -3.750000
5.000000 -4.375000
5.000000 -3.125000
5.000000 -1.250000
5.000000 -1.875000
5.000000 -1.562500
5.000000 -0.625000
5.000000 -0.937500
5.000000 -0.312500
5.000000 2.500000
5.000000 1.250000
5.000000 0.625000
5.000000 0.312500
5.000000 0.937500
5.000000 1.875000
5.000000 1.562500
5.000000 3.750000
5.000000 3.125000
5.000000 4.375000
-5.000000 -5.000000
0.000000 -5.000000
-2.500000 -5.000000
-3.750000 -5.000000
-4.375000 -5.000000
-3.125000 -5.000000
-1.250000 -5.000000
-1.875000 -5.000000
-0.625000 -5.000000
2.500000 -5.000000
1.250000 -5.000000
0.625000 -5.000000
1.875000 -5.000000
3.750000 -5.000000
3.125000 -5.000000
4.375000 -5.000000
-5.000000 5.000000
-5.000000 0.000000
-5.000000 2.500000
-5.000000 3.750000
-5.000000 4.375000
-5.000000 3.125000
-5.000000 1.250000
-5.000000 1.875000
-5.000000 1.562500
-5.000000 0.625000
-5.000000 0.937500
-5.000000 0.312500
-5.000000 -2.500000
-5.000000 -1.250000
-5.000000 -0.625000
-5.000000 -0.312500
-5.000000 -0.937500
-5.000000 -1.875000
-5.000000 -1.562500
-5.000000 -2.187500
-5.000000 -3.750000
-5.000000 -3.125000
-5.000000 -4.375000
-1.500051 1.002913
-1.506438 0.845341
-1.613160 0.781877
-2.180078 -2.127223
-2.419872 -2.161998
-2.538102 -2.418857
2.479072 1.774956
2.287984 1.633401
-1.995447 -1.593054
-2.009654 -1.293206
-2.088303 -1.446608
-2.115966 -1.707807
-2.032518 -1.864398
-2.303377 -1.750302
0.011874 0.281472
0.742843 0.141953
0.663954 0.001370
0.728180 -0.125150
0.587024 -0.148955
0.612358 -0.288477
0.448429 -0.340460
0.432739 -0.529832
3.534650 -0.266966
3.465895 -0.087179
3.343468 -0.232253
3.386747 -0.406691
-3.621692 -1.919886
-3.687272 -2.221873
-3.808446 -2.516569
2.976464 2.068095
2.706495 1.918272
2.490407 1.542882
2.003037 1.187938
-0.840265 1.296720
-0.927246 1.075005
-1.071131 0.933186
-4.068374 -1.525248
4.679671 -0.619311
1.921707 -1.716863
-2.276312 2.153405
-2.478766 1.968983
1.932033 -2.882104
-4.694208 -0.932355
-1.914983 -3.695770
-3.235639 1.057428
-3.378069 0.886713
1.692784 2.285494
2.252254 -0.689824
2.145908 -0.823578
2.190377 -0.623804
2.129697 -0.670812
2.177520 -0.731135
2.085829 -0.743793
2.046535 -0.830471
1.947863 -0.822997
1.995819 -0.919727
2.346594 -0.656827
2.332080 -0.757059
2.325153 -0.873983
2.243723 -0.798362
2.220552 -0.906917
2.108704 -0.921938
2.056794 -1.021945
1.929155 -1.012341
1.989858 -1.126510
1.887001 -0.909130
1.853963 -1.107762
1.905145 -1.235584
1.754683 -1.209385
1.604521 -1.154285
-4.709863 0.637949
0.493381 2.621279
2.197467 2.112308
-0.007638 -1.430717
-0.128331 -1.724568
-0.294102 -1.483439
-0.405165 -1.734656
-0.583540 -1.925125
-0.844198 -1.508933
-1.069345 -1.632231
3.233305 -0.505957
3.056737 -0.708445
2.941095 -0.599359
2.892936 -0.737967
2.987716 -0.853048
2.745931 -0.761257
2.835926 -0.882211
2.694983 -0.898877
1.998554 1.348636
1.845007 1.358614
1.828836 1.194427
1.679847 1.328245
1.656386 1.154546
1.618682 0.999164
-0.582777 -2.206941
-0.880496 -2.330185
4.666398 -0.923901
2.455840 -1.669378
2.559488 -1.020423
2.397998 -1.224759
2.563743 -0.896410
2.419237 -0.829172
2.441266 -0.940161
2.432215 -1.082233
2.318729 -0.992983
2.188916 -1.017986
2.285191 -1.118814
2.221318 -1.241358
2.317873 -1.359888
2.150938 -1.382393
2.055931 -1.515210
2.090670 -1.664549
-3.563609 -1.639611
-3.834301 -1.723275
-3.913812 -2.039802
-4.114158 -1.831130
0.998851 1.901643
0.737412 1.864115
1.874432 -0.394784
1.846456 -0.435839
1.804611 -0.473823
1.775630 -0.529117
1.725506 -0.558545
1.725254 -0.633573
1.649300 -0.660253
1.600009 -0.739376
1.914392 -0.264748
1.898180 -0.290720
1.849719 -0.347032
1.802809 -0.416664
1.743872 -0.485229
1.928821 -0.198579
1.914391 -0.216852
1.919697 -0.241017
1.895799 -0.235690
1.887811 -0.258658
1.868218 -0.281322
1.842028 -0.266296
1.816194 -0.285361
1.844908 -0.304451
1.814794 -0.323743
1.807608 -0.362518
1.836189 -0.387367
1.784021 -0.302212
1.773936 -0.337326
1.732344 -0.354413
1.771259 -0.383422
1.757545 -0.435152
1.725059 -0.397413
1.696551 -0.445283
1.693465 -0.508429
1.636496 -0.529480
1.668953 -0.586024
1.596142 -0.586275
1.560278 -0.656482
1.498121 -0.729153
1.434000 -0.813208
1.472166 -0.914547
4.696271 -0.306038
0.290114 -1.514528
-1.545095 0.470169
-1.601230 0.405097
-1.633403 0.319020
-1.691296 0.384084
-1.718973 0.309194
-1.672706 0.256161
-1.741359 0.235780
-1.788608 0.289049
-1.853549 0.264972
-1.803614 0.225224
-1.914829 0.241094
-1.864132 0.207032
-1.908985 0.183503
-1.913568 0.141168
-1.954433 0.145061
-1.936063 0.103907
-1.809599 0.126389
-1.820739 0.174344
-1.865519 0.146789
-1.892717 0.102916
-1.761212 0.168570
-2.077417 -0.137037
-2.079787 -0.152426
-2.084090 -0.169078
-2.103095 -0.172698
-2.089434 -0.187184
-2.108845 -0.192197
-2.114460 -0.214078
-2.110439 -0.235254
-2.136991 -0.225632
-2.156529 -0.247666
-2.177760 -0.270011
-2.128767 -0.253724
-2.147999 -0.276335
-2.172701 -0.301190
-2.206779 -0.298306
-2.195615 -0.331708
-2.235831 -0.338615
-2.239075 -0.384694
-2.279360 -0.385978
-2.273560 -0.433734
-2.312128 -0.473667
-2.362141 -0.513972
-2.355003 -0.582573
-2.425761 -0.626822
-2.096397 -0.156862
-2.121552 -0.177449
-2.129092 -0.199400
-2.165754 -0.224017
-2.187108 -0.240365
-2.206406 -0.268119
-2.238570 -0.301321
-2.275787 -0.341901
-2.323310 -0.363210
-2.324354 -0.415677
-2.372247 -0.448452
-2.424720 -0.485990
-2.428846 -0.552014
-2.503592 -0.610233
-2.078417 -0.110376
-2.087024 -0.115893
-2.083673 -0.126194
-2.094455 -0.129085
-2.090930 -0.141043
-2.104273 -0.144594
-2.083726 -0.099576
-2.092785 -0.106983
-2.097580 -0.118318
-2.108738 -0.119581
-2.105311 -0.131613
-2.117254 -0.126979
-2.117507 -0.141021
-2.115425 -0.158056
-2.134075 -0.164245
-2.141211 -0.183359
-2.129679 -0.131915
-2.131046 -0.147587
-2.147853 -0.151421
-2.166538 -0.156478
-2.153670 -0.168880
-2.163547 -0.185437
-2.150718 -0.204391
-2.175707 -0.203714
-2.192735 -0.189675
-2.198592 -0.215139
-2.219334 -0.238583
-2.237825 -0.267113
-2.144121 -0.135106
-2.160873 -0.137977
-2.185864 -0.154736
-2.178586 -0.173799
-2.204337 -0.167829
-2.216175 -0.189100
-2.227284 -0.210558
-2.251079 -0.195817
-2.254351 -0.230665
-2.269430 -0.264860
-2.273260 -0.301714
-2.307140 -0.275847
-2.316904 -0.316818
-2.374094 -0.388718
-2.432463 -0.417685
-2.483459 -0.463332
-2.282864 -0.204187
-2.293402 -0.236673
-2.332367 -0.245206
-2.353647 -0.284245
-2.365187 -0.333849
-2.404566 -0.300460
-2.419332 -0.354984
-2.478702 -0.375859
-2.524624 -0.415253
-2.563483 -0.487231
-2.498444 -0.534095
-2.585810 -0.570114
-2.569685 -0.672455
-2.358228 -0.658156
-2.472512 -0.697988
-2.442768 -0.795018
-2.663401 -0.641101
-2.648909 -0.748595
-2.544097 -0.773871
-2.508541 -0.881360
-2.568150 -0.984284
-2.621385 -0.863669
-2.707404 -0.959862
3.761581 -2.443292
3.845459 -2.758655
-0.493969 2.077691
-0.625633 1.784156
-2.922512 1.883509
-3.100541 1.703122
-3.017337 1.477841
-4.213890 0.451742
1.029406 -3.273396
-2.668931 -2.185906
-2.869098 -2.442744
-3.328612 -1.577444
-3.360536 -1.831166
-2.096861 -3.367391
-4.285735 -0.913689
-4.431362 -1.112014
1.834292 -1.905445
1.709710 -2.116068
1.568959 -2.364584
2.809930 -1.509890
2.695060 -1.682004
2.603388 -1.852944
2.375811 -1.898400
-0.461486 1.537643
-0.733600 1.522712
-0.592121 1.300838
-1.957348 -2.044081
-2.212462 -1.931422
-3.979840 2.384539
0.491249 -0.757165
0.341492 -0.884974
3.218066 -0.681717
3.015733 -0.992976
2.851002 -1.019071
2.967931 -1.160759
3.113388 -1.304079
2.897597 -1.333278
2.774544 -1.177032
2.694837 -1.332841
-4.256265 -0.256750
0.901323 1.685907
0.803594 1.511501
0.589959 1.423266
0.600678 1.659852
0.384915 1.354790
0.834065 1.305263
0.638498 1.226386
0.829777 1.106300
0.643922 1.013733
0.438932 1.118491
0.195491 1.165035
-1.291423 -0.233219
-1.337399 -0.324122
-1.401618 -0.411032
-1.468761 -0.489316
-1.444705 -0.589343
-1.438846 -0.319997
-1.495092 -0.399705
-1.545203 -0.552826
-1.560419 -0.463987
-1.631801 -0.515809
-1.705474 -0.552846
-3.504086 1.512919
-3.372770 1.278745
-0.057428 -0.935508
-0.269585 -0.986249
-0.473704 -1.093450
-0.594064 0.581272
2.902543 0.032875
2.838865 -0.076970
2.721091 -0.068033
2.685210 -0.246253
2.654294 -0.150034
2.585905 -0.222984
2.605809 -0.317177
2.516435 -0.285611
2.449774 -0.338895
3.458308 -2.499813
3.490094 -2.833226
0.155193 2.561938
-2.797431 4.506728
-2.419981 -1.951553
-1.576483 -0.098357
-1.597594 -0.216437
-1.538191 -0.170321
-1.558413 -0.257163
-1.524242 -0.321586
-1.594580 0.025819
-1.619728 -0.038162
-1.647660 -0.095144
-1.615658 -0.153343
-1.642630 -0.267961
-1.702873 -0.253833
-1.604172 -0.312329
-1.688311 -0.315884
-1.579906 -0.383999
-1.653445 -0.361743
-1.737918 -0.356404
-1.705658 -0.402058
-1.640831 -0.436477
-1.708988 -0.476606
-1.759261 -0.433367
-1.774227 -0.512727
3.033758 -0.216989
2.890875 -0.190173
2.930848 -0.314806
2.825454 -0.391192
2.764391 -0.168287
2.800453 -0.275693
2.708107 -0.347573
2.721008 -0.452818
2.618897 -0.418416
2.529602 -0.474085
2.443597 -0.519869
2.795816 -0.642371
2.717249 -0.558696
2.647759 -0.649409
2.620439 -0.523946
2.622880 -0.774212
2.534421 -0.578353
2.533635 -0.683729
2.440075 -0.617436
2.510360 -0.796194
2.428425 -0.717662
4.405383 -0.446675
0.093893 -2.589333
0.013777 -2.960728
-1.261516 1.215895
-1.413289 1.326930
-1.438545 1.135189
-1.587458 1.225494
-1.631330 1.069676
-3.799772 2.070202
-1.760135 0.105827
-1.750530 0.053732
-1.788227 0.026348
-1.825761 0.012575
-1.801553 0.073085
-1.837919 0.051112
-1.848304 0.096837
-1.878901 0.061387
-1.856521 -0.020357
-1.773406 -0.013058
-1.815300 -0.025079
-1.841570 -0.059944
-1.794307 -0.061894
-1.867222 0.019569
-1.918379 0.067502
-1.903620 0.029188
-1.956892 0.068958
-1.937798 0.036004
-1.968651 0.039258
-1.991106 0.069174
-1.927563 0.002317
-1.961253 0.010813
-1.990521 0.040245
-1.990925 0.012908
-2.018179 0.013199
-2.030218 -0.010271
-1.893341 -0.009482
-1.918564 -0.032078
-1.950352 -0.018391
-1.979360 -0.013056
-2.005889 -0.010626
-2.019352 -0.031502
-2.031459 -0.049654
-2.050933 -0.048245
-2.060224 -0.063229
-2.068816 -0.076273
-2.076468 -0.088286
-1.970924 -0.038919
-1.988624 -0.058188
-1.996063 -0.034254
-2.010728 -0.053053
-2.042558 -0.065118
-2.052998 -0.078064
-2.062712 -0.089393
-2.071169 -0.100338
-1.943513 -0.046198
-1.964558 -0.064640
-1.982973 -0.082461
-2.004308 -0.075378
-2.023871 -0.069244
-2.018756 -0.090153
-2.035945 -0.082773
-2.032368 -0.102270
-2.047430 -0.093437
-2.057909 -0.103019
-2.045891 -0.110088
-2.064401 -0.113442
-2.073107 -0.121809
-1.883124 -0.048789
-1.875856 -0.085753
-1.840646 -0.097056
-1.865870 -0.126667
-1.898295 -0.119717
-1.856472 -0.167881
-1.891459 -0.155130
-1.916154 -0.183435
-1.931223 -0.097575
-1.925549 -0.124042
-1.953730 -0.115641
-1.921458 -0.151565
-1.949657 -0.142395
-1.945789 -0.171414
-2.013964 -0.182635
-1.911704 -0.062759
-1.937144 -0.071512
-2.000142 -0.098444
-1.978424 -0.106745
-2.016874 -0.112333
-2.034304 -0.123724
-2.048326 -0.137164
-2.053480 -0.121616
-2.064346 -0.130801
-2.063721 -0.146359
-1.997141 -0.121459
-2.015329 -0.133815
-2.031701 -0.145334
-2.048368 -0.155918
-2.065966 -0.163628
-1.906138 -0.089948
-1.958735 -0.089926
-1.974769 -0.131668
-1.971747 -0.158208
-1.994668 -0.145392
-2.013460 -0.157304
-2.031839 -0.167765
-2.050697 -0.176196
2.991119 2.668965
-1.623385 -1.522506
-1.807743 -1.564602
-0.839333 -2.017218
2.527614 -0.377707
2.385619 -0.381470
2.448287 -0.429054
2.364263 -0.468308
2.361537 -0.561838
2.277767 -0.602262
2.292948 -0.518582
2.220727 -0.550320
2.104856 -0.600894
-1.231758 -3.308774
-4.661520 -1.998610
4.351280 -1.068636
1.551490 -1.974411
1.415237 -2.162274
1.259890 -2.386814
3.545083 2.356767
2.940238 2.375154
2.696311 2.192640
2.456357 2.026479
-1.440702 -0.698598
-1.545374 -0.763726
-1.558956 -0.880424
-1.622273 -0.699600
-1.627106 -0.605255
-1.706640 -0.632856
-1.704134 -0.715510
-1.780970 -0.588163
-1.784561 -0.670375
-1.670982 -0.936642
-1.563798 -1.014659
-1.662236 -0.810617
-1.773448 -0.769066
-1.860343 -0.809262
-1.767785 -0.871063
-1.786340 -0.989973
-1.853888 -0.711778
-1.957650 -0.835468
-1.876503 -0.911624
-1.906187 -1.026974
-1.814432 -1.123764
-1.949738 -1.154722
-1.564101 0.683391
-1.710326 0.726200
-1.656052 0.634297
-1.615011 0.543426
-1.661928 0.466426
-1.768607 0.641488
-1.721107 0.541565
-1.806885 0.556293
-1.969752 0.493525
-1.752956 0.450239
-1.823940 0.482059
-1.770939 0.364427
-1.900928 0.448410
-1.833668 0.405752
-1.840598 0.333320
-1.899518 0.306008
-1.950035 0.291360
-1.903509 0.371616
-1.963196 0.346968
-1.989055 -0.403798
-2.017510 -0.492806
-1.879373 -0.282573
-1.917885 -0.302981
-1.884070 -0.195422
-1.913574 -0.219789
-1.943468 -0.203175
-1.944192 -0.238289
-1.914003 -0.259721
-1.948575 -0.276545
-1.983497 -0.288463
-1.956861 -0.317402
-1.926019 -0.349733
-1.970009 -0.360334
-1.996168 -0.326356
-2.014457 -0.365920
-1.970091 -0.187030
-1.970770 -0.218264
-1.974894 -0.252162
-2.005462 -0.261829
-2.018686 -0.295348
-2.034789 -0.328852
-1.993113 -0.171447
-1.994116 -0.199729
-1.997867 -0.229793
-2.034763 -0.191541
-2.018214 -0.209773
-2.043087 -0.216479
-2.024908 -0.237710
-2.051460 -0.242072
-2.035548 -0.267460
-2.054705 -0.296643
-2.071780 -0.324708
-2.055729 -0.363418
-2.089144 -0.394355
-2.043458 -0.405880
-2.059412 -0.454184
-2.011803 -0.442789
-2.093925 -0.434311
-2.081796 -0.501043
-2.125198 -0.465522
-2.143566 -0.514561
-2.037281 -0.548228
-1.988199 -0.594410
-2.102486 -0.561960
-2.064368 -0.266827
-2.098010 -0.309287
-2.092162 -0.352567
-2.126685 -0.370575
-2.139466 -0.415576
-2.055551 -0.197972
-2.067354 -0.222010
-2.078990 -0.246696
-2.069998 -0.182386
-2.075134 -0.203208
-2.094399 -0.208169
-2.090219 -0.227220
-2.099711 -0.258593
-2.084672 -0.283520
-2.116900 -0.283419
-2.138118 -0.306177
-2.119250 -0.331473
-2.157916 -0.337518
-2.202674 -0.369131
-2.164852 -0.373847
-2.187470 -0.410638
-2.181121 -0.461704
-2.227238 -0.429078
-2.247848 -0.485464
-2.201554 -0.515427
-2.171036 -0.573408
-2.236482 -0.562499
-2.213528 -0.637310
-2.056794 -0.615352
-2.130048 -0.627389
-2.077117 -0.689671
-2.154766 -0.695968
-2.162088 -0.776406
-2.294292 -0.533966
-2.287799 -0.606581
-2.230252 -0.725105
-2.244085 -0.819191
-2.315081 -0.760804
-2.291098 -0.678296
-2.387648 -0.724588
-2.359680 -0.835474
-4.465693 -0.096096
-1.026562 -0.637068
-1.084421 -0.774872
-1.190659 -0.654469
-1.221310 -0.779962
-1.332576 -0.742955
-1.163337 -1.079559
-1.318960 -0.875849
-1.441309 -0.819064
-1.306274 -1.012969
-3.027544 2.505089
-2.667465 -1.094668
-2.781842 -1.219122
-2.941612 -1.181515
-2.907929 -1.378344
-3.104515 -1.489264
-3.137990 -1.718027
1.852619 -2.339813
1.374456 1.381355
1.349225 1.192393
1.190663 1.294356
1.187422 1.100146
4.020854 -1.506259
-2.173684 2.383506
-2.506654 2.255923
1.919764 2.506678
-4.398726 0.773800
4.669917 2.042518
-0.498997 -0.883619
-0.667396 -0.921536
-0.848840 -1.097194
-1.004128 -1.063720
-1.040755 0.784683
-1.187090 0.737955
-1.062549 0.629356
-1.202033 0.573957
-1.093601 0.487543
-1.229087 0.422017
-1.309452 0.659193
-1.323599 0.525687
-2.154470 0.784848
-2.266358 0.826544
-2.241152 0.703867
-2.338106 0.741891
-2.138930 0.672659
-2.210971 0.599549
-2.188942 0.514240
-2.298879 0.621173
-2.383326 0.568719
-2.380960 0.660403
-2.468860 0.681078
-2.451293 0.494034
-2.480093 0.585876
-2.576627 0.605437
-2.556682 0.502344
-2.575287 0.412678
2.220059 -2.035656
1.968799 -2.091782
-4.280949 1.723789
3.777968 -0.811986
3.336883 -1.951630
3.050177 -1.976920
2.951307 -2.232890
-3.158642 -2.296045
2.856294 -2.819900
2.540096 -3.002642
-4.105366 0.221909
-4.208603 -0.005295
3.975240 -0.703270
3.569988 -0.925817
-1.953044 0.197837
-1.986816 0.170143
-1.998573 0.132812
-2.036000 0.124611
-2.071004 0.113791
-2.105269 0.068707
-2.131365 0.055250
-1.974364 0.103318
-2.011680 0.096650
-2.045382 0.089189
-2.023077 0.063740
-2.054240 0.058453
-2.077037 0.080393
-2.081925 0.050137
-2.107227 0.039691
-2.130688 0.028421
-2.155882 0.039776
-2.177905 0.021320
-2.152730 0.015260
-2.171387 -0.003011
-2.011066 0.038289
-2.036969 0.035451
-2.062302 0.030441
-2.044178 0.010209
-2.067447 0.006129
-2.052800 -0.012157
-2.040993 -0.030686
-2.073507 -0.015574
-2.061143 -0.031769
-2.079873 -0.034505
-2.097524 -0.038694
-2.086429 0.023429
-2.088410 0.000414
-2.106928 -0.006594
-2.109152 0.013899
-2.129671 0.004997
-2.147829 -0.005380
-2.092597 -0.020641
-2.110936 -0.026431
-2.123507 -0.012285
-2.126426 -0.033706
-2.137685 -0.020903
-2.178425 -0.027263
-2.194138 -0.007815
-2.144328 -0.038730
-2.158098 -0.023229
-2.163011 -0.042845
-2.182881 -0.050684
-2.199862 -0.032655
-2.130400 -0.050451
-2.147310 -0.056293
-2.180645 -0.071524
-2.199810 -0.071830
-2.069108 -0.048676
-2.086104 -0.050780
-2.102100 -0.054787
-2.113820 -0.044666
-2.076484 -0.063236
-2.091640 -0.064934
-2.106325 -0.068677
-2.096193 -0.077112
-2.082901 -0.076016
-2.088299 -0.087171
-2.099870 -0.087674
-2.093807 -0.096034
-2.101116 -0.100800
-2.108950 -0.081015
-2.117678 -0.060373
-2.132646 -0.066162
-2.120382 -0.075246
-2.136080 -0.080824
-2.147990 -0.072351
-2.114701 -0.089778
-2.105825 -0.093876
-2.104824 -0.109076
-2.124910 -0.087268
-2.112222 -0.101198
-2.123302 -0.099984
-2.117043 -0.111073
-2.125213 -0.118150
-2.132089 -0.107975
-2.139136 -0.120101
-2.146518 -0.106116
-2.154253 -0.121003
-2.164397 -0.060844
-2.162368 -0.077066
-2.136523 -0.094982
-2.151527 -0.090077
-2.191533 -0.089779
-2.171659 -0.090525
-2.162454 -0.105248
-2.182043 -0.106757
-2.171238 -0.121562
-2.178668 -0.138491
-2.191946 -0.124918
-2.204118 -0.106880
-2.203652 -0.054587
-2.215102 -0.086624
-2.224258 -0.041523
-2.224897 -0.065458
-2.242069 -0.083371
-2.228999 -0.106367
-2.239003 -0.130437
-2.215236 -0.126809
-2.201735 -0.143678
-2.223583 -0.152461
-2.234636 -0.175710
-2.251013 -0.156107
-2.270446 -0.173109
-2.256613 -0.107658
-2.265483 -0.133853
-2.287207 -0.148078
-2.305081 -0.175262
-2.270588 -0.082924
-2.289841 -0.113820
-2.318372 -0.138943
-2.342053 -0.168891
-2.242450 -0.024114
-2.251581 -0.054770
-2.302644 -0.084668
-2.699552 0.012038
-2.785053 -0.015098
-2.940274 0.078455
-2.883760 -0.023036
-2.859666 -0.105568
-2.708122 -0.228818
-2.791689 -0.273859
-2.860084 -0.201128
-2.762510 -0.369519
-2.859818 -0.338934
-3.016235 -0.242673
-3.838365 0.229275
-3.783384 -0.010155
-3.968824 0.029444
-3.609618 -0.081925
-3.802850 -0.194459
-4.012320 -0.188862
2.425514 2.309858
-0.276678 -2.031796
-4.417076 2.385911
4.668550 0.936398
4.681149 0.616998
0.598310 -0.458792
0.310023 -0.673480
0.131458 -0.829049
1.587750 -2.933848
-3.285405 -1.370306
-3.495086 -1.378599
-0.673182 2.720660
-0.861165 -0.602539
-0.918537 -0.762958
-0.840400 -0.922644
-1.010040 -0.917284
-1.167247 -0.922433
-2.040102 0.536606
-2.037122 0.446991
-2.099778 0.404509
-2.144529 0.350622
-2.211322 0.331402
-1.969161 0.413828
-2.028107 0.369313
-2.169938 0.290060
-2.080602 0.342762
-2.008298 0.304232
-2.058931 0.294613
-2.030961 0.249178
-2.083395 0.244721
-2.114320 0.294003
-2.110447 0.208227
-2.137342 0.246035
-2.226006 0.274191
-2.159120 0.439635
-2.192400 0.389978
-2.261193 0.379165
-2.273772 0.314747
-2.280151 0.255199
-2.331981 0.229888
-2.334556 0.175937
-2.154061 0.197481
-2.186701 0.235688
-2.236187 0.220953
-2.128407 0.163760
-2.198180 0.187172
-2.209229 0.145289
-2.243679 0.173539
-2.285508 0.200999
-2.286572 0.152550
-2.380376 0.230079
-2.390701 0.176708
-2.247330 0.129738
-2.282451 0.105829
-2.320302 0.122488
-2.291742 0.070565
-2.326355 0.083712
-2.301999 0.037935
-2.322908 0.004457
-2.410546 0.121408
-2.361482 0.130931
-2.369870 0.084660
-2.339184 0.045634
-2.420963 0.069278
-2.384622 0.038925
-2.469497 0.045569
0.469818 0.894024
0.262150 0.914397
0.099307 0.718040
-0.023675 0.500788
-0.538967 0.803983
-0.702215 0.929599
-0.733908 0.726030
-0.902090 0.675510
-0.777710 0.526151
-0.946288 0.505832
4.121504 0.277282
3.696679 0.295125
4.405305 -0.142058
2.651328 2.846393
-4.307334 -2.112910
2.692455 3.231400
3.987456 1.946092
3.660528 2.010828
1.912641 -0.079737
1.905078 -0.089360
2.067533 0.018821
2.037259 0.007174
2.011621 -0.003728
1.961589 -0.040826
1.951469 -0.073739
2.093591 -0.003950
2.060096 -0.013682
2.029919 -0.022937
2.004496 -0.034020
1.983695 -0.043366
1.979668 -0.061650
1.962430 -0.058175
1.940209 -0.085547
1.935753 -0.071475
1.925930 -0.082141
1.917036 -0.091477
1.908957 -0.099544
1.929666 -0.095189
1.920028 -0.103537
1.910946 -0.110455
1.901965 -0.107827
1.891740 -0.107675
1.885264 -0.117264
2.012106 0.025738
1.988207 0.012047
1.969957 -0.003160
1.991979 -0.015165
1.975043 -0.025711
1.945046 -0.043785
1.946122 -0.058503
2.011268 0.057501
1.984748 0.040426
1.961960 0.023196
1.948961 0.004256
1.954374 -0.020081
1.938848 -0.029136
1.926876 -0.042476
1.930942 -0.057100
1.921084 -0.068976
1.899971 -0.078574
1.893622 -0.088812
1.898373 -0.098325
1.933930 -0.010549
1.920189 -0.025474
1.909414 -0.039966
1.915529 -0.055038
1.907066 -0.067365
1.893126 -0.067160
1.887672 -0.098151
1.878476 -0.130180
1.957028 0.052023
1.947115 0.084037
1.929160 0.060190
1.936759 0.031877
1.910974 0.036988
1.929007 0.011637
1.908722 0.013893
1.888476 0.022066
1.913525 -0.006668
1.892006 -0.003504
1.871839 0.007689
1.871404 -0.010435
1.901500 -0.023000
1.883385 -0.024636
1.900318 -0.054154
1.892611 -0.039910
1.884838 -0.055038
1.875589 -0.042022
1.878785 -0.068766
1.887260 -0.079121
1.881160 -0.090570
1.872422 -0.097451
1.879968 -0.105607
1.864719 -0.106384
1.873134 -0.115346
1.864249 -0.123833
2.052736 -0.042787
2.025045 -0.049380
1.987284 -0.080200
1.968055 -0.076732
1.943233 -0.100180
2.045194 -0.069868
2.021795 -0.073134
2.001268 -0.060836
2.006926 -0.087439
1.990311 -0.101190
2.010590 -0.109833
1.991185 -0.122030
1.974110 -0.113295
1.972339 -0.094493
1.955501 -0.089681
1.958113 -0.106081
1.931618 -0.108910
1.944720 -0.115513
1.931543 -0.123036
1.920387 -0.116972
1.898129 -0.117324
1.908178 -0.120787
1.892055 -0.126898
1.891819 -0.139817
1.917301 -0.131228
1.906735 -0.143991
1.903248 -0.131107
1.879226 -0.146980
1.865213 -0.139598
1.865339 -0.157516
1.850893 -0.131053
1.874530 -0.081676
1.868680 -0.058179
1.863837 -0.073367
1.864185 -0.088769
1.853670 -0.097189
1.853045 -0.113865
1.930647 -0.136670
1.921477 -0.147264
1.910115 -0.159822
1.894822 -0.155236
1.880305 -0.164102
1.959161 -0.123519
1.944685 -0.131663
1.974633 -0.133289
1.974394 -0.154038
1.957263 -0.160548
1.957878 -0.142066
1.940201 -0.149110
1.941671 -0.166271
1.942013 -0.181921
1.926120 -0.162817
1.907507 -0.174763
1.923507 -0.179010
1.907533 -0.193558
1.893187 -0.172063
1.888189 -0.187502
1.872229 -0.200804
1.870229 -0.178242
1.833089 -0.181227
1.852745 -0.191191
1.892474 -0.210059
1.874284 -0.226281
1.854767 -0.215755
1.863763 -0.247115
1.839416 -0.234167
1.815295 -0.251084
1.833454 -0.205501
1.813314 -0.220729
1.788346 -0.235367
1.786975 -0.267503
1.850132 -0.149022
1.837691 -0.120406
1.817644 -0.145968
1.852276 -0.011258
1.863970 -0.028335
1.844399 -0.031593
1.858355 -0.045740
1.841804 -0.049670
1.851813 -0.063334
1.827015 -0.054553
1.849988 -0.081565
1.835973 -0.069733
1.819109 -0.075991
1.801104 -0.085575
1.839961 -0.102768
1.835084 -0.088238
1.818636 -0.094367
1.824713 -0.108668
1.819049 -0.125656
1.799692 -0.131876
1.803161 -0.109065
1.782475 -0.095727
1.780946 -0.119699
1.758612 -0.132267
1.799222 -0.154203
1.779347 -0.146334
1.759171 -0.163031
1.766188 -0.188018
1.741860 -0.197379
1.834927 -0.138386
1.833705 -0.158993
1.851212 -0.169518
1.814382 -0.169104
1.788724 -0.174840
1.811437 -0.192448
1.789239 -0.204534
1.763261 -0.218626
1.730996 -0.229212
0.150046 -1.676247
0.057015 -1.967395
-2.037983 3.423567
-0.234821 0.471578
-0.415879 0.275657
-0.632492 0.364705
-0.565013 0.165423
-1.328580 -0.630598
-1.365504 -0.513824
-1.535736 -0.650175
1.397119 -1.575684
1.240615 -1.720211
-2.245293 -4.076230
3.512065 0.385625
3.454259 0.232474
3.621283 0.112566
3.443012 0.063538
3.322601 0.418772
3.285891 0.241510
3.291122 0.084506
3.122890 0.208354
3.021598 0.052913
3.278580 -0.069812
3.153473 0.076079
3.116409 -0.069101
2.971526 -0.084113
0.220781 -1.044850
0.226878 -1.288233
0.007714 -1.147151
-0.226889 -1.220753
-1.253508 -1.511145
-1.285436 -1.709206
-1.520236 -1.859731
1.159435 -4.506086
-0.521461 -0.457736
-0.676641 -0.347667
-0.829739 -0.429064
-0.346474 -0.567507
-0.692783 -0.546521
-0.316128 -0.767973
-0.541239 -0.682158
-0.730135 -0.743914
1.589627 -0.918956
1.545700 -4.047853
4.333076 1.807502
-1.071205 -1.219196
-1.218944 -1.310588
-1.366168 -1.354302
-1.443219 -1.481119
-1.468188 -1.663377
-4.108206 -0.427293
-4.297697 -0.563680
-4.470152 -0.747381
3.263053 0.590635
3.158175 0.370453
3.107730 0.504297
2.963751 0.443668
3.010723 0.321896
2.981257 0.172112
2.851910 0.140600
2.837035 0.381220
2.722126 0.327460
2.881861 0.273888
2.783921 0.027872
2.766802 0.234530
2.729154 0.121182
2.672976 0.023831
2.662347 0.202275
2.619135 0.280850
2.564213 0.179357
2.521427 0.099317
2.520377 0.249193
2.464243 0.171133
2.438849 0.087046
2.405701 0.016607
2.620404 0.105640
2.616307 -0.060023
2.558655 -0.135284
2.571926 0.023037
2.483999 0.020674
2.524667 -0.053336
2.443310 -0.048211
2.475688 -0.120459
2.400889 -0.108345
-0.117408 0.030326
0.070810 -0.136038
-0.327721 -0.123279
-0.138993 -0.488239
-0.132118 -0.232645
-0.332369 -0.347900
-4.173637 2.716160
0.842769 -1.287611
0.880347 -1.488040
0.739231 -1.632495
0.497419 -1.621499
1.560280 0.294272
1.559603 0.221104
1.502973 0.184962
1.435236 0.216879
1.362444 0.228922
1.440531 0.153605
1.370038 0.142942
1.297429 0.094093
1.207956 0.129871
1.308625 0.010378
1.127220 0.060845
1.224593 0.038851
1.153880 -0.030014
1.090237 -0.111410
1.758338 2.894954
2.331200 3.443200
-2.283113 0.524546
-2.363882 0.487026
-2.400523 0.412141
-2.490942 0.418410
-2.537942 0.336545
-2.598050 0.270574
-2.641803 0.195390
-2.635929 0.347665
-2.691611 0.274094
-2.728419 0.192436
-2.678837 0.117844
-2.741965 0.073242
-2.783145 0.145436
-2.837897 0.068513
-3.150852 -3.860385
2.863587 -2.477873
2.576807 -2.657328
3.411425 -3.246960
0.875909 -1.789506
0.352639 -1.854105
-3.834515 -3.250250
-3.280005 2.297718
-2.220274 1.642863
-2.413161 1.494822
2.264519 -2.793205
1.660810 2.609681
2.060559 1.037279
1.910848 1.052740
0.233963 0.261965
0.121445 0.079112
-3.878185 -2.872195
2.859837 -3.218581
4.370975 0.756818
-4.448794 0.497201
-2.993331 2.171608
-3.193012 1.972945
-3.481568 2.039571
-3.363496 1.748664
-3.646967 1.770681
-3.600819 2.373169
-1.578564 1.907556
-1.756963 -2.196194
-1.760829 -2.476873
-1.992172 -2.306780
-2.035535 -2.591978
-0.768097 2.324342
2.100539 0.903612
1.973274 0.922087
1.843341 0.920274
4.129417 0.004297
3.910028 -0.143998
-3.160079 1.277550
-2.661205 1.214025
-2.730472 1.043913
-2.773093 0.886910
3.537215 3.543228
2.073334 -3.538733
-2.563197 0.711272
-2.670138 0.545222
-2.662109 0.443081
-2.738544 0.363335
-2.797685 0.267015
-2.850993 0.384092
-2.913660 0.287686
-2.864343 0.178414
-2.971806 0.188414
-0.823768 2.007328
-1.074756 2.192413
-1.110098 1.903680
-4.403155 0.202540
-3.197793 -4.425225
1.426915 -3.281038
0.714778 3.626606
-1.986866 -0.935457
-2.028448 -1.047606
-2.228964 -1.161086
-2.317292 -1.270069
-1.927211 -0.668605
-1.932215 -0.745978
-2.011080 -0.750670
-2.057619 -0.846951
-2.096508 -0.948802
-2.091802 -0.768452
-2.157903 -0.862842
-2.211317 -0.948457
-2.152889 -1.052866
-2.277240 -1.043141
-2.373688 -1.127299
-2.288480 -0.893175
-2.419600 -0.908297
-2.341995 -0.972826
-2.444792 -1.016136
-2.522431 -1.119472
-2.463875 -1.256356
-2.617334 -1.238292
1.719656 0.239060
1.665794 0.215050
1.614972 0.189770
1.560389 0.154004
1.500627 0.116018
1.433962 0.088540
1.708713 0.185895
1.666600 0.153997
1.612448 0.137303
1.717232 0.137749
1.650460 0.104790
1.599176 0.091966
1.553746 0.098784
1.734099 0.092588
1.694460 0.104680
1.717532 0.058079
1.682653 0.067292
1.637943 0.060898
1.591591 0.045676
1.541844 0.052153
1.510602 -0.001768
1.489429 0.054572
1.460841 -0.034905
1.437450 0.018110
1.371463 0.058132
1.380959 -0.018567
1.326893 -0.069569
1.246493 -0.046535
1.669511 0.030644
1.657790 -0.004943
1.626153 0.017658
1.604569 -0.013885
1.567308 0.006429
1.600238 -0.057025
1.556364 -0.038036
1.511655 -0.064149
1.464425 -0.101495
1.522831 -0.120073
1.484285 -0.160638
1.412198 -0.070223
1.421923 -0.147963
1.389497 -0.206312
1.371772 -0.115893
1.272134 -0.127732
1.187951 -0.115878
1.333657 -0.167815
1.330262 -0.249593
1.257437 -0.209162
1.260777 -0.298251
1.179779 -0.189216
1.174786 -0.274005
1.087828 -0.213432
1.085750 -0.326886
1.186420 -0.367438
1.099316 -0.438547
-1.739706 3.690251
-2.989195 -0.029436
-2.949612 -0.140536
-3.065165 -0.135019
-3.147312 -0.241024
-3.110067 -0.025590
-3.199993 -0.117632
-3.303379 -0.229490
-3.495902 -0.439772
-1.661320 2.477258
-1.906997 2.278055
-2.061972 2.057877
1.833903 1.736268
-4.773111 2.209441
0.161479 2.135919
-4.221437 -2.622560
3.817903 -1.040226
3.564501 -1.157745
0.835327 -1.102690
0.671238 -1.420887
0.641294 -1.199418
0.508430 -0.963023
0.431624 -1.131384
0.467253 -1.354867
2.315829 1.421554
2.161420 1.300574
2.789544 -4.549032
4.057734 1.610499
-0.161527 -3.978057
2.035861 -2.568449
-2.774718 -3.086122
4.143940 -3.445451
-3.191739 -2.984916
0.236316 -3.216875
1.645557 -1.019219
1.445848 -1.133157
1.334134 -1.236009
1.197761 -1.320620
3.943994 4.461976
0.722929 -4.054414
-0.505364 -3.613042
-1.386800 0.914009
-0.492737 1.058513
-0.728845 1.110966
-0.881678 0.878740
-0.067287 3.456627
0.311408 0.686291
0.196494 0.486880
-1.054318 1.260026
-1.133167 1.081323
-1.220058 0.889914
-1.292939 -1.172724
-1.440371 -1.244265
-1.572497 -1.340622
3.891474 2.315715
0.781644 3.204602
0.444391 2.958123
-4.469473 -0.403207
-0.135862 2.328857
4.565129 2.441479
-4.704779 0.329345
1.638273 4.559193
-3.204272 -0.364899
-2.918318 -0.261910
-2.961941 -0.359273
-3.073035 -0.356117
-2.831278 -0.431343
-2.934290 -0.453544
-3.050877 -0.471039
-3.174031 -0.489083
-3.294479 -0.529494
-3.237653 -0.662092
-3.341347 -0.393861
-3.421406 -0.584322
-3.387619 -0.728392
-3.556616 -0.773673
1.216868 1.783906
1.086473 1.624056
1.018225 1.420270
1.308811 -1.941989
1.135573 -2.132070
0.955089 -2.347424
0.666213 -2.285434
3.874899 1.411110
3.541488 0.972379
4.289749 -1.722511
-2.377652 -3.661018
1.137125 -0.539567
1.081923 -0.637452
1.192809 -0.746053
1.083679 -0.756875
0.965452 -0.678683
0.955866 -0.822598
0.821951 -0.742573
0.658214 -0.826246
-1.495856 -2.632513
-1.482310 -3.008715
1.649323 -1.312297
1.533815 -1.438530
-1.222775 -4.108964
-0.207348 0.263957
-0.354906 0.083166
-0.525621 -0.038785
-0.511415 -0.244068
-4.560544 -2.390146
-0.769927 3.153071
3.571187 -0.477298
3.574495 -0.697955
3.394282 -0.600219
3.374716 -0.804023
3.175437 -0.876654
3.358433 -1.013813
3.167613 -1.094991
0.718203 0.414128
0.535658 0.352147
0.941292 0.299747
0.805815 0.283001
0.652439 0.272739
0.573882 0.138980
0.441071 0.218970
0.345333 0.082805
-0.671064 -1.108693
-0.695884 -1.307646
-0.892842 -1.274809
-1.053018 -1.419379
1.108734 0.158169
1.127945 0.443196
1.040449 0.351668
0.994431 0.193946
0.880036 0.164980
1.016978 0.084673
1.046540 -0.018152
0.949782 -0.049717
0.916127 0.055500
0.804764 0.022517
0.844292 -0.088177
0.990515 -0.146670
0.882360 -0.194692
0.757448 -0.243310
4.234142 -2.935907
-4.448691 4.465825
-3.335745 -3.497203
2.753913 3.648547
-3.500022 3.045780
-3.772483 -4.520043
2.766768 4.103845
-4.628452 -2.829444
-0.158740 2.008658
2.220550 0.862103
2.144347 0.782070
2.029017 0.802276
2.081474 0.692605
1.967535 0.711577
1.860453 0.703552
2.015691 0.626725
1.917810 0.619963
1.972358 0.546410
1.887304 0.531424
2.281853 0.770802
2.319379 0.660928
2.201349 0.691277
2.132172 0.607935
2.234397 0.590763
2.166309 0.525078
2.064369 0.560056
2.101021 0.491115
2.021896 0.481821
2.159018 0.431418
1.941592 0.467812
2.073946 0.419919
2.109769 0.358180
1.996809 0.412088
2.039804 0.357144
1.927432 0.395642
1.864108 0.448162
1.868304 0.380093
1.972434 0.347973
2.072175 0.299997
2.012403 0.300647
2.030342 0.252727
2.056153 0.206131
2.011528 0.205207
2.008259 0.164532
1.968527 0.144160
2.003346 0.128233
2.011360 0.092076
1.980691 0.072244
1.962942 0.288829
1.975110 0.238619
1.968727 0.187255
1.929098 0.206855
1.974085 0.105545
1.932274 0.160089
1.903018 0.131602
1.938266 0.118607
1.911000 0.093266
1.903207 0.063950
1.875087 0.107160
1.877866 0.075918
1.882938 0.046530
1.850166 0.185198
1.893652 0.174910
1.826333 0.153050
1.865667 0.143932
1.838312 0.115521
1.809634 0.375908
1.923479 0.256768
1.876604 0.272639
1.883164 0.221670
1.788929 0.160636
1.800298 0.120756
1.760432 0.124919
1.775627 0.089317
1.912080 0.323065
1.849871 0.322461
1.791094 0.311324
1.826240 0.269798
1.778952 0.250630
1.758040 0.205839
1.837284 0.228987
1.803567 0.200030
1.750839 0.165611
-1.154744 4.466232
-2.237628 0.450655
-2.313457 0.431797
-2.330626 0.357272
-2.392334 0.339431
-2.459798 0.344344
-2.332791 0.289252
-2.390851 0.282632
-2.452637 0.279511
-2.436967 0.222385
-2.516161 0.266679
-2.495400 0.205729
-2.564309 0.199298
-2.594677 0.125951
3.742667 1.701020
3.430183 1.726190
3.582250 1.451239
3.319733 1.440200
-2.452383 0.160953
-2.521872 0.141229
-2.519275 0.082455
-2.572008 0.063607
-2.638530 0.050086
-2.465323 0.104403
-2.579372 -0.004853
-2.521966 0.019801
-2.360162 0.007959
-2.389485 -0.014868
-2.428909 -0.037388
-2.472128 -0.067281
-2.422083 -0.084455
-2.424206 0.014609
-2.472924 -0.011187
-2.523844 -0.042056
-2.517670 -0.104742
-2.459821 -0.118918
-2.408463 -0.128316
-2.410862 -0.209552
-2.438279 -0.166386
-2.466945 -0.210057
-2.497005 -0.159422
-2.526170 -0.209153
-2.566262 -0.152029
-2.499109 -0.261958
-2.581168 -0.226111
-2.636785 -0.034932
-2.704900 -0.067269
-2.575534 -0.077810
-2.633295 -0.111921
-2.781019 -0.101043
-2.702713 -0.146424
-2.635816 -0.185829
-2.639296 -0.264880
-2.702618 -0.312036
-2.778454 -0.182492
-0.645189 -2.899252
-2.448294 3.565713
-3.619899 1.281992
-3.465430 1.076499
-3.698513 1.064097
-3.597261 0.878692
-1.356822 1.785110
-1.381197 1.542149
-1.567689 1.659357
-1.573866 1.430890
1.934363 2.182879
1.987196 1.927261
1.761981 -1.655702
1.670469 -1.812921
1.581933 -1.617877
1.453947 -1.772417
4.058571 -1.203278
-2.351436 3.156680
-1.679146 -1.716067
-1.759468 -1.930058
2.692796 1.662032
2.676860 1.431319
2.493640 1.333770
2.481128 1.152650
1.500833 0.436039
1.567224 0.373126
1.496602 0.341098
1.498293 0.258666
1.423901 0.385015
1.427552 0.294335
1.468246 0.561130
1.383354 0.611374
1.419965 0.485729
1.337692 0.422143
1.320535 0.528601
1.236625 0.448494
1.254847 0.354547
1.349739 0.324479
1.276374 0.268482
1.287197 0.179814
1.165279 0.335080
1.084310 0.258301
1.193476 0.231540
-4.686659 -1.609657
0.488533 -0.000840
0.428751 -0.163675
0.272619 -0.071892
0.257831 -0.264581
0.064093 -0.368094
3.221437 -2.257546
3.147711 -2.598983
1.517378 1.267994
1.495659 1.097774
-3.178746 -2.614418
4.146504 -0.562704
3.901099 -2.144468
2.133033 -1.129245
2.061831 -1.248960
1.974929 -1.372457
1.812095 -1.355978
1.888934 -1.523521
1.706292 -1.477973
1.655356 -4.490537
-0.775145 -3.286010
1.331970 4.223085
0.133827 1.460806
-0.054393 1.257897
-0.224463 1.056735
3.366159 2.052712
3.174040 1.887401
3.143137 1.623033
2.924769 1.780715
2.893167 1.534906
3.070325 1.383240
2.847683 1.315711
1.085814 3.863284
-1.699371 2.810331
-1.984390 2.610928
2.322490 3.023595
-1.089168 -2.138920
-1.206705 -2.431140
-1.506406 -2.338774
-0.143627 0.731930
-0.381098 0.646935
-0.447748 0.440244
-4.153434 0.678440
-0.609820 -2.537091
-1.420847 3.011172
2.659114 2.513317
-2.483379 0.944780
-2.435236 0.778632
-2.531500 0.824479
-2.663890 0.791710
-2.678795 0.664501
-2.784198 0.599977
-2.791363 0.738048
-2.911660 0.665607
-2.768322 0.474240
-2.883339 0.523471
-3.024094 0.572818
-3.099215 0.452319
-1.026193 -3.005545
-2.836796 1.175175
-2.892517 0.997563
-2.914825 0.827079
1.544575 -0.821896
1.524417 -1.028632
1.387608 -1.003228
-4.171572 -3.554706
2.406387 -3.781032
-3.496142 -3.159741
2.482401 -3.378105
3.369201 3.005436
3.312049 2.633204
3.206842 2.295702
4.118365 0.574088
3.899548 0.406259
0.070086 2.980835
0.285290 -2.190119
4.646024 1.266146
-4.061965 1.474906
-4.157887 1.207237
-4.405470 1.074821
-3.861031 0.888737
-3.936106 0.658770
-3.295572 0.706685
-3.486975 0.705985
-3.568754 0.521838
-3.772421 0.469839
-1.909924 1.066981
-2.052465 0.860622
-2.827553 -3.595275
-4.386562 -1.758661
-2.924925 -2.154964
-2.281023 2.767438
-2.603122 2.896112
-1.652910 4.519667
-1.679996 4.097377
-1.170153 3.239859
4.662457 -1.242296
-2.740359 -0.829956
-2.844393 -0.916102
-2.816876 -1.063045
-2.965170 -1.009057
-3.088183 -1.291173
-3.587503 -0.605444
-3.745723 -0.798484
-3.953500 -0.824707
2.238476 4.461968
3.712876 3.163356
3.734210 2.721503
-2.962057 0.432486
-3.164610 0.328551
-3.018415 0.330221
-3.072325 0.225893
-3.191277 0.177097
-3.065324 0.092624
-3.206678 0.040631
-3.333750 0.110774
-3.319181 -0.051628
-3.473331 0.031826
-3.449339 -0.136951
-0.726288 4.019697
1.590492 3.314955
-3.668496 -1.213854
-3.755769 -1.457647
-3.922983 -1.262505
1.288895 -1.103299
1.162892 -1.162512
-0.454071 2.398685
-3.392313 -2.113705
0.628298 -3.232884
4.039135 3.521293
0.968885 4.526484
1.910116 0.810186
1.794561 0.796129
1.175345 3.406473
1.133035 3.011988
1.379190 2.696065
-0.279864 -2.721750
3.031252 -1.513922
2.916374 -1.725218
2.806477 -1.929905
2.530208 -2.054945
2.733614 -2.140959
2.608032 -2.353159
-0.338434 -4.474140
-1.884729 -1.755080
3.680766 -3.572305
3.651746 -1.891976
3.544061 -2.178380
-1.047411 2.864048
-0.321592 1.786757
-0.331721 1.298167
-1.446974 -3.718678
-3.519360 -2.783555
-0.743941 0.201657
-0.814955 0.362458
-0.966151 0.365999
-0.907968 0.221519
-1.012516 0.109115
-1.114747 0.022837
-0.984014 -0.032192
-1.197105 -0.052872
-1.252092 -0.134680
-2.052937 1.149362
-2.194124 1.063259
-2.386866 1.022335
-2.056948 1.000602
-2.166514 0.914178
-2.287359 0.961182
-2.381015 0.872297
1.410446 -2.645837
-1.239628 3.995161
2.344722 2.640417
2.156874 2.398550
-2.660576 -2.673365
-2.914549 -2.805714
0.718376 4.122779
-0.516379 3.538984
1.762816 1.038638
1.716208 0.896847
1.683853 0.767709
1.659719 0.651030
1.593827 0.857294
1.480931 0.800749
1.577852 0.727758
1.473548 0.677383
1.561925 0.614958
1.546777 0.516693
2.532532 0.738507
2.677441 0.725699
2.435945 0.629420
2.575901 0.623079
2.500630 0.532768
2.327554 0.552958
2.709066 0.588068
2.609289 0.502867
2.509848 0.431418
2.620287 0.390719
2.531864 0.336087
2.451612 0.335381
2.437654 0.258813
2.380856 0.200842
2.410326 0.508525
2.326283 0.445351
2.244578 0.490452
2.414670 0.417342
2.239174 0.407159
2.373432 0.341862
2.310220 0.361305
2.358792 0.273386
2.287893 0.279843
2.236150 0.229581
2.309875 0.206522
2.255300 0.168069
2.185695 0.181573
2.212602 0.132311
2.166980 0.124990
2.162945 0.079171
2.121809 0.060820
2.131520 0.155509
2.121431 0.106580
2.085309 0.132297
2.090799 0.081026
2.064332 0.100707
2.072652 0.053971
2.040162 0.039637
2.243949 0.330905
2.176674 0.353036
2.134925 0.290140
2.203557 0.285045
2.092664 0.244074
2.167322 0.238179
2.127431 0.207827
2.089727 0.179197
2.046972 0.158224
2.037363 0.120754
2.042772 0.074963
1.966632 -0.493622
1.900693 -0.537704
1.863505 -0.485776
1.833627 -0.535557
1.857530 -0.595125
1.823838 -0.665275
1.787794 -0.598014
1.752959 -0.692176
1.691558 -0.732454
1.655240 -0.828456
4.029086 1.180573
3.711307 1.186400
3.809879 0.943399
3.868345 0.682467
3.613910 0.754099
3.681267 0.527139
3.460557 0.585839
-4.390999 3.071744
4.156467 -0.272442
3.946100 -0.409413
3.734775 -0.315704
3.776631 -0.564364
-0.329364 -3.169402
2.129515 1.492371
0.803227 2.807224
0.802487 2.430379
0.444450 2.290570
-2.111128 -2.902611
3.359991 4.423641
-1.744836 1.532833
-1.742307 1.324954
-1.903809 1.416892
-1.906316 1.233341
-2.059245 1.325807
-2.196996 1.234414
0.002258 0.959470
-0.323570 0.870656
2.194062 -4.524732
1.449604 1.874251
1.386675 1.629074
-3.946979 3.094413
4.348708 -0.758570
4.079511 -0.911817
3.960296 -4.468463
-3.101414 -0.608706
-3.111694 -0.764639
-3.255324 -0.837074
-3.269424 -1.018359
-3.422398 -0.921679
-3.448292 -1.145176
-3.608454 -0.985669
-3.824873 -1.027914
3.140054 -3.475611
-3.341292 2.684344
3.796256 3.986217
2.805902 4.515120
3.327164 -3.799536
-0.368075 3.083416
-1.748037 -4.108304
-1.532890 -4.540370
-2.991376 2.856935
-3.936149 4.446790
-3.252326 3.529839
4.595045 -1.917599
-3.533932 -4.049646
-1.099890 -1.886347
-1.324025 -1.920099
-1.324517 -2.141738
-1.554052 -2.072144
-0.937875 -4.527078
2.255776 -1.751803
2.075803 -1.872828
-3.960334 3.978004
-3.453109 -2.434339
-2.323113 -0.207291
-2.364938 -0.201225
-2.362973 -0.233903
-2.391093 -0.253760
-2.440562 -0.257078
-2.459448 -0.311563
-2.517011 -0.326526
-2.561166 -0.361471
-2.602548 -0.414306
-2.643218 -0.475704
-2.673555 -0.543693
-2.761151 -0.597459
-2.756185 -0.708837
-2.861908 -0.778330
-2.557218 -0.279454
-2.605763 -0.319367
-2.655020 -0.367388
-2.704049 -0.425382
-2.753627 -0.491622
-2.853313 -0.536726
-2.968378 -0.573798
-2.864851 -0.652239
-2.983199 -0.705029
-2.979937 -0.851350
-3.113343 -0.930733
-3.104061 -1.104548
-3.268512 -1.199802
4.134723 -2.498415
-4.378538 -4.487130
3.006577 2.997917
-3.474271 -0.283464
-3.633381 -0.250147
-3.671132 -0.415073
-3.770531 -0.605162
-3.970512 -0.599565
-4.154891 -0.728555
-3.522660 3.916189
-4.030345 -4.039656
-3.129756 -1.987499
1.728582 -2.620039
2.330746 3.929889
1.932446 1.536066
1.733169 1.525486
-3.048646 0.748182
-3.155085 0.649494
-3.205717 0.529276
-3.371185 0.553120
-3.279445 0.411471
-3.446552 0.382040
-3.632312 0.320316
-3.315252 0.264743
-3.476381 0.207471
-3.642025 0.122045
3.210077 3.912477
-0.932458 -2.649186
-1.237145 -2.777194
3.578081 -4.102820
2.023694 -0.513785
1.967732 -0.548128
1.924976 -0.597408
1.897656 -0.655870
1.806422 -0.748291
2.114586 -0.473532
2.088541 -0.527536
2.037871 -0.577283
1.984448 -0.615649
2.045960 -0.662011
1.963466 -0.678082
1.997942 -0.746041
1.899100 -0.735000
1.854984 -0.814454
1.786379 -0.873730
1.743892 -0.800716
1.704407 -0.925460
1.801692 -0.987044
1.730945 -1.079852
-1.350994 2.346090
-1.348225 2.053428
-2.255849 -2.386188
-2.336254 -2.676021
-2.513358 -2.923588
-3.253192 1.497497
0.845641 -2.919547
3.344768 -4.489976
-2.198819 4.451802
-2.723747 2.059068
-2.673280 1.801488
-2.850488 1.630083
0.946445 2.145583
0.682624 2.114289
0.422611 1.922237
1.227767 -2.946596
4.582610 2.865911
1.854770 4.085539
0.668315 0.815612
0.663071 0.633162
0.592241 0.494799
0.505347 0.712174
0.440652 0.547644
0.371446 0.403402
-2.027040 1.798863
4.264643 -2.100848
0.261821 -0.461611
0.088593 -0.604515
-0.113343 -0.718690
-2.960762 1.294566
-3.033723 1.114089
-3.054658 0.933070
-3.194558 0.844724
-2.308299 -3.134044
-2.561498 -3.335727
2.799779 -3.676607
-2.938573 -1.824326
-2.831043 -1.971441
-4.523623 1.975156
-0.905866 1.726641
-1.158800 1.643703
-0.984458 1.480620
-1.208730 1.413244
-4.694326 -1.269886
-1.299303 1.035726
-2.627819 1.576061
-2.784390 1.395883
-4.711424 0.040756
-4.726729 -0.271536
-1.865110 -3.122010
1.494969 -1.273924
1.364291 -1.394777
1.214944 -1.515199
1.030849 -1.640915
-3.404016 4.452614
1.236191 1.500453
-0.226227 3.965530
-4.606645 -3.374749
2.005332 -4.024794
2.242665 1.862558
2.067922 1.701415
2.051674 2.774849
-4.706974 -0.592124
1.513725 3.741273
0.986778 -0.269171
0.988367 -0.397349
0.874645 -0.463481
1.001676 -0.532313
0.874452 -0.327858
0.743720 -0.387508
0.736370 -0.536665
0.861773 -0.598841
0.693834 -0.667801
0.561583 -0.621877
-2.119915 3.926024
2.695371 -1.032150
2.582399 -1.173248
2.513529 -1.331417
2.601750 -1.502665
2.422488 -1.476960
2.252485 -1.543407
-1.099985 0.368486
-1.055127 0.240411
-1.151125 0.144797
-1.249094 0.058220
-1.186606 0.277429
-1.263161 0.185035
-1.347364 0.120181
-1.306399 -0.047751
-1.363515 0.025440
-1.406298 -0.066748
-1.353862 -0.146034
-1.438054 0.049048
-1.468384 -0.020194
-1.432359 0.124385
-1.518570 0.044896
-1.547183 -0.030685
-1.498707 -0.095828
-1.394602 -0.236490
-1.447884 -0.158757
-1.487379 -0.238353
1.012614 -1.273593
1.048767 -1.432797
1.077026 -1.886835
0.853264 -2.055571
0.639788 -1.861599
0.532183 -2.083972
2.326232 1.233397
2.332769 1.064482
2.177251 1.137793
2.208841 0.990097
0.378947 -3.621573
-4.657757 1.643896
-4.686691 1.274586
-1.776700 1.760296
-1.934546 1.619707
-2.074002 1.520131
2.989703 -4.064147
3.451055 1.209287
3.214984 1.205379
3.315794 0.998543
3.162708 0.841183
3.361801 0.778611
3.104479 1.008451
2.930766 0.962505
3.126589 0.682398
2.972123 0.609066
2.799308 0.828548
2.976273 0.791095
2.830124 0.678938
2.839296 0.526847
2.724518 0.453717
4.292602 1.409980
-3.170069 3.170862
-1.763926 1.147839
-1.777609 0.984002
-1.847030 0.866584
-1.939994 0.934432
-2.049669 0.739629
1.226582 -3.656381
-2.560263 -1.400476
-2.717672 -1.369740
-2.757202 -1.523576
-2.732892 -1.730102
0.801693 -3.643626
-3.663874 3.454912
3.972507 -1.826000
-1.037633 2.517919
2.181087 -3.141694
-1.615296 2.179353
-1.825359 1.995160
-0.694241 -4.061775
0.256355 3.887082
2.656335 1.216428
2.995685 1.169772
2.808115 1.121388
2.611514 1.038164
2.749920 0.976506
2.625638 0.870568
2.469407 0.991172
2.486846 0.864425
2.345012 0.900610
2.401514 0.757695
1.965942 3.180283
1.461274 3.000596
1.098259 2.641617
-4.077425 -1.027389
-4.189267 -1.247321
-4.384141 -1.451485
-1.410541 3.546217
1.941729 3.612696
-1.685479 -0.042254
-1.680603 -0.148230
-1.707967 -0.096300
-1.660850 -0.205143
-1.718229 -0.197263
-1.746302 -0.296022
-1.760075 -0.099275
-1.804990 -0.101773
-1.736306 -0.145787
-1.785156 -0.143412
-1.769660 -0.189527
-1.756952 -0.240347
-1.792366 -0.331077
-1.828611 -0.138088
-1.805125 -0.226210
-1.815735 -0.180120
-1.847497 -0.210857
-1.880130 -0.237542
-1.841723 -0.256953
-1.797306 -0.276563
-1.839227 -0.306706
-1.882236 -0.331081
-1.790178 -0.389529
-1.840173 -0.360421
-1.889134 -0.383233
-1.940217 -0.400010
-1.961936 -0.456570
-1.843240 -0.418595
-1.805700 -0.463239
-1.859889 -0.482945
-1.840596 -0.540588
-1.856980 -0.619344
-1.916882 -0.493306
-1.903424 -0.549499
-1.930127 -0.601760
-1.997924 -0.667790
-1.902167 -0.437161
-1.968617 -0.529405
-1.976281 0.246567
-2.007033 0.207252
-2.028827 0.166048
-2.063544 0.151715
-2.104143 0.101822
-2.131992 0.086218
-2.183855 0.048709
-2.207253 0.038815
-2.200564 0.014414
-2.056395 0.202403
-2.089459 0.177401
-2.100333 0.137063
-2.137267 0.123329
-2.161628 0.098996
-2.166869 0.152212
-2.182128 0.118898
-2.158930 0.067773
-2.189960 0.078820
-2.221053 0.065907
-2.235939 0.033360
-2.214176 0.103874
-2.248689 0.090663
-2.259174 0.060243
-2.269282 0.030578
-2.224136 0.007525
-2.218071 -0.015009
-2.252080 0.002041
-2.286544 0.001920
-2.305682 -0.027864
-2.270658 -0.027409
-2.284284 -0.055688
-2.346683 -0.032464
-2.384061 -0.057269
-2.319299 -0.059131
-2.328767 -0.104876
-2.347459 -0.076580
-2.377185 -0.099977
-2.357713 -0.131351
-2.386732 -0.164657
2.330130 -2.483138
-2.251570 1.877760
-2.440763 1.717111
1.070964 -2.641190
-1.440709 0.501521
-1.359721 0.411262
-1.474491 0.395422
-1.542933 0.343597
-1.298826 0.309459
-1.412745 0.313932
-1.489233 0.275852
-1.578090 0.259288
-1.626951 0.211270
-1.366442 0.221960
-1.446841 0.201788
-1.531439 0.191905
-1.507745 0.121340
-1.694109 0.185551
-1.593587 0.158180
-1.652740 0.134819
-1.710898 0.120901
-1.577038 0.096759
-1.641641 0.078009
-1.700072 0.066092
-1.663082 0.014490
-1.725147 0.005716
-1.741665 -0.050989
3.152812 -2.989293
4.338248 1.076596
4.084533 0.874363
3.781662 -1.315639
3.728880 -1.602210
4.384852 0.446482
1.713661 1.969721
4.535717 3.381909
-0.473463 -1.303092
-0.582734 -1.529137
-0.688674 -1.722079
-0.884736 -1.764311
4.746331 -2.224763
4.478649 -2.435481
1.758106 0.681096
1.638379 0.549004
1.588442 0.451185
-0.957321 3.595925
-1.441957 -0.947807
-1.437963 -1.090054
-1.572974 -1.164890
-1.686771 -1.074542
-1.706760 -1.228419
-1.744469 -1.388936
-1.856202 -1.268304
-1.915840 -1.423881
-1.096980 -0.116849
-1.181080 -0.200712
-1.211825 -0.319477
-1.192388 -0.434757
-1.297794 -0.421024
-1.251547 -0.537713
4.693783 0.002293
4.638118 1.615326
-4.654757 2.750311
1.482530 0.944844
1.343442 1.024931
1.130818 0.956941
1.107598 0.819730
1.370369 0.866653
1.366110 0.736267
1.251312 0.918186
1.242323 0.784394
1.273927 0.648811
1.146996 0.678337
1.002857 0.698080
1.197470 0.553474
1.069443 0.565353
0.994385 0.455722
0.924842 0.574843
0.875028 0.417799
-2.882309 3.637646
-0.050416 -3.513264
2.370679 -0.045832
2.333513 -0.099642
2.256621 -0.183948
2.385739 0.137824
2.362681 0.073518
2.336414 0.009938
2.305571 -0.045879
2.247094 -0.046676
2.272908 -0.093666
2.239607 -0.134759
2.206441 -0.172577
2.171634 -0.206687
2.357042 -0.159694
2.295652 -0.146087
2.269912 -0.235471
2.218011 -0.220084
2.182132 -0.254311
2.317901 0.134354
2.300717 0.062116
2.261137 0.104487
2.244706 0.046167
2.275627 0.002698
2.208465 0.083439
2.194103 0.036542
2.220213 -0.004242
2.151224 0.035444
2.130512 0.004801
2.102491 0.032038
2.170747 -0.005887
2.194318 -0.047890
2.153011 -0.041443
2.218580 -0.089203
2.171006 -0.087368
2.190723 -0.127979
2.163095 -0.163843
2.139868 -0.237606
2.145545 -0.284101
2.148041 -0.123135
2.126582 -0.157879
2.121367 -0.029062
2.084440 -0.035896
2.138604 -0.072308
2.109137 -0.059508
2.074602 -0.065872
2.123317 -0.099212
2.096293 -0.087461
2.082414 -0.110687
2.061319 -0.091612
2.053302 -0.118450
2.107335 -0.127950
2.073518 -0.140144
2.129197 -0.194445
2.095587 -0.160936
2.092202 -0.190030
2.102669 -0.225571
2.070691 -0.212422
2.063368 -0.171892
2.048327 -0.195549
2.042278 -0.228248
2.069870 -0.248035
2.105718 -0.265296
2.069292 -0.285200
2.066306 -0.327574
2.191138 -0.306818
2.148385 -0.333657
2.106329 -0.309302
2.147763 -0.385084
2.103394 -0.358330
2.033895 -0.263643
2.004732 -0.292749
2.034439 -0.300553
2.023703 -0.336557
2.057817 -0.371784
2.096771 -0.414017
2.041166 -0.416005
2.060734 -0.465926
1.990563 -0.321693
2.045356 -0.147917
2.028422 -0.174522
2.013538 -0.235486
2.032664 -0.096902
2.029506 -0.124689
2.008014 -0.133246
2.020432 -0.149901
1.991719 -0.145194
2.002080 -0.162387
2.001328 -0.186552
1.981597 -0.171489
1.976092 -0.195640
2.021013 -0.204847
1.993809 -0.212419
1.985027 -0.236864
1.964769 -0.221496
1.967387 -0.255208
1.961699 -0.178032
1.952714 -0.199937
1.938007 -0.218767
1.944461 -0.240792
1.998063 -0.264013
1.941783 -0.266917
1.968639 -0.288201
1.976591 -0.355330
1.952345 -0.322074
1.931596 -0.294196
1.913007 -0.323617
1.876874 -0.318299
1.932841 -0.356260
1.889995 -0.356930
1.958670 -0.390102
1.917001 -0.396792
1.896292 -0.439715
2.010731 -0.373780
2.005290 -0.457513
1.992243 -0.411392
1.949477 -0.439204
1.919027 -0.486649
0.352607 1.624892
0.086055 1.787167
-0.147470 1.560228
3.140354 3.388543
1.609667 1.705414
1.536074 1.477545
-2.572096 4.035052
-2.087749 -1.166994
-2.161363 -1.292709
-2.256453 -1.416040
-2.218658 -1.566201
-2.406687 -1.414192
-2.401227 -1.571555
-2.583378 -1.559732
-4.478212 3.948797
0.286283 -4.018867
1.812502 0.086815
1.791657 0.057476
1.846645 0.083045
1.824311 0.056917
1.806948 0.030067
1.776074 0.027135
1.756332 -0.000350
1.724334 -0.004417
1.711465 -0.037168
1.704301 -0.069968
1.674826 -0.088065
1.646561 -0.115530
1.621012 -0.147774
1.590597 -0.183240
1.854642 0.054160
1.835669 0.030664
1.806631 0.005596
1.784825 -0.000625
1.770169 -0.026346
1.743026 -0.030249
1.734593 -0.059307
1.704870 -0.104348
1.679899 -0.126796
1.662634 -0.156967
1.756472 0.058154
1.740209 0.027481
1.702886 0.023757
1.689176 -0.011201
1.675529 -0.047604
1.639977 -0.033905
1.640757 -0.073866
1.607432 -0.102794
1.574836 -0.136158
1.562245 -0.087485
1.540140 -0.173258
1.559469 -0.224479
1.505474 -0.217700
1.447825 -0.210394
1.863053 0.029359
1.850411 0.008282
1.828415 0.007295
1.832715 -0.013194
1.812602 -0.015890
1.794622 -0.024024
1.785717 -0.048273
1.762510 -0.053942
1.824310 -0.035078
1.806541 -0.042419
1.810926 -0.060676
1.794035 -0.067413
1.776034 -0.075400
1.754397 -0.081207
1.730332 -0.088745
1.759668 -0.104382
1.734740 -0.116046
1.734984 -0.145660
1.708914 -0.137346
1.698284 -0.165129
1.730289 -0.171690
1.675317 -0.195979
1.635627 -0.190305
1.710325 -0.199312
1.695127 -0.233115
1.654280 -0.231837
1.631553 -0.272468
1.609203 -0.228995
1.580756 -0.273230
1.678396 -0.269877
1.606501 -0.319521
1.550296 -0.324091
1.484942 -0.325232
1.524802 -0.272234
1.463227 -0.268153
1.404235 -0.276851
1.426968 -0.345293
1.517116 -0.377979
1.455760 -0.413871
1.372864 -0.405204
1.346316 -0.328218
1.282603 -0.387510
1.757534 -0.250525
1.721393 -0.266498
1.753333 -0.285150
1.740229 -0.315668
1.705999 -0.304205
1.659043 -0.311503
1.639837 -0.358348
1.581454 -0.376284
1.692290 -0.346566
1.680131 -0.393349
1.633818 -0.411926
1.581157 -0.436334
1.524993 -0.438848
1.404268 -0.482237
1.486791 -0.495183
1.437082 -0.562338
1.312616 -0.473367
1.212621 -0.460387
1.346793 -0.559627
1.249532 -0.554986
1.191011 -0.645950
-1.633040 0.922042
-1.735664 0.839529
-1.835793 0.739673
-1.871719 0.630278
-1.894208 0.533967
-1.946582 0.799782
-1.951488 0.689746
-1.963725 0.587341
-2.045086 0.633804
-2.121353 0.573977
-2.105261 0.487239
-0.677604 4.492423
-4.159336 2.064849
-3.951566 1.772382
-4.384744 1.411712
0.405906 -2.459123
0.434576 -2.841769
2.515759 -4.158090
-2.667744 -4.511685
-2.514703 -1.748416
-2.636456 -1.946236
-1.777150 -2.792964
4.494963 -3.882183
1.142767 -4.064291
2.498842 -0.201642
2.425844 -0.177915
2.376856 -0.224759
2.435067 -0.258871
2.334427 -0.263773
2.375379 -0.308565
2.314190 -0.336772
2.313490 -0.205291
2.287047 -0.285095
2.230021 -0.271670
2.245063 -0.326052
2.197478 -0.364411
2.158194 -0.433559
2.325474 -0.399565
2.260277 -0.382066
2.280709 -0.447523
2.211028 -0.422141
2.223206 -0.483249
2.167311 -0.491359
2.152272 -0.548206
-0.188434 4.437884
-2.779269 3.239527
0.698073 -4.508215
-3.036446 -3.293514
-1.677396 3.236778
1.730010 0.576478
1.823880 0.603563
1.807353 0.514602
1.790410 0.434824
1.730864 0.493376
1.718470 0.414534
1.690233 0.342198
1.752273 0.359412
1.735035 0.294360
1.659926 0.474480
1.643649 0.394660
1.624389 0.322206
1.674571 0.277030
1.616359 0.253019
-2.119432 -4.522835
-2.931305 -1.601665
-2.417053 2.509152
-2.693140 2.610424
-2.756979 2.340338
1.809200 -3.236274
-2.227543 1.422095
-2.362615 1.308274
-2.321136 1.144777
-2.579686 1.391237
-2.498305 1.257588
-2.466259 1.131065
-2.574448 1.065602
-2.628221 0.925469
4.262502 2.188797
1.662334 -3.641173
0.726722 -2.596648
-3.698198 -3.644259
0.357586 3.368829
1.638964 -0.467378
1.568670 -0.504803
1.521486 -0.570792
1.473407 -0.644287
1.387612 -0.644730
1.396582 -0.728599
1.294118 -0.656964
1.305844 -0.761594
1.345385 -0.875371
1.215725 -0.857900
1.249412 -0.976191
1.127983 -1.017153
0.998649 -1.123612
1.473797 2.127236
2.384982 -2.208826
2.126764 -2.288383
-4.247144 -3.070052
-2.716792 -4.043844
-0.965625 -0.178779
-0.957163 -0.331898
-1.081263 -0.258719
-0.977896 -0.487411
-1.085125 -0.389105
-1.117228 -0.532107
-3.067495 4.045978
-0.701834 0.025632
-0.864164 0.070981
-0.679779 -0.157321
-0.837387 -0.087914
-0.824057 -0.254183
-1.640731 -3.375855
-4.537373 -3.939470
3.175099 -0.210779
3.210607 -0.355546
3.072038 -0.368445
3.085081 -0.534013
2.951883 -0.452757
2.832256 -0.515250
4.164599 2.608187
-1.365356 2.661544
-1.343891 0.782286
-1.460271 0.732594
-1.421598 0.623858
-1.525254 0.586217
-0.007064 -2.290562
-0.299268 -2.380029
1.020614 1.192813
0.994086 1.009681
0.819823 0.915937
0.965628 0.846414
0.833192 0.720486
0.786837 0.546683
4.455507 4.436059
3.519328 -1.412705
3.333980 -1.242978
3.268981 -1.479815
3.171002 -1.722959
3.443014 -1.678165
-4.694804 0.942184
-0.986241 -3.675405
4.636756 -2.786927
3.870384 0.118652
3.675325 -0.083314
4.133395 3.036289
-1.990268 2.999412
-4.601397 3.414005
0.209704 -4.477410
-0.241467 2.702056
1.098054 -0.883370
0.969351 -0.972778
0.816157 -0.912819
0.670127 -1.018520
-3.867347 -0.388080
4.687814 0.307081
4.392516 0.150059
4.008237 -3.935629
0.334672 4.451148
4.402343 3.925174
-3.781282 1.495239
-3.895689 1.198020
-4.111404 0.934843
-3.747616 2.715477
-4.071602 -2.300177
1.410692 2.392299
1.153512 2.343224
1.230360 2.060725
4.479270 -4.408412
-4.118142 3.527292
4.581781 -3.323105
-3.706492 0.688587
-3.982708 0.429395
4.646443 -1.573685
4.330704 -1.387989
3.815767 -3.138741
