5.000000 5.000000
0.000000 5.000000
2.500000 5.000000
3.750000 5.000000
4.375000 5.000000
3.125000 5.000000
1.250000 5.000000
1.875000 5.000000
0.625000 5.000000
-2.500000 5.000000
-1.250000 5.000000
-0.625000 5.000000
-1.875000 5.000000
-3.750000 5.000000
-3.125000 5.000000
-4.375000 5.000000
5.000000 -5.000000
5.000000 0.000000
5.000000 -2.500000
5.000000 -3.750000
5.000000 -4.375000
5.000000 -3.125000
5.000000 -1.250000
5.000000 -1.875000
5.000000 -1.562500
5.000000 -0.625000
5.000000 -0.937500
5.000000 -0.312500
5.000000 2.500000
5.000000 1.250000
5.000000 0.625000
5.000000 0.312500
5.000000 0.937500
5.000000 1.875000
5.000000 1.562500
5.000000 3.750000
5.000000 3.125000
5.000000 4.375000
-5.000000 -5.000000
0.000000 -5.000000
-2.500000 -5.000000
-3.750000 -5.000000
-4.375000 -5.000000
-3.125000 -5.000000
-1.250000 -5.000000
-1.875000 -5.000000
-0.625000 -5.000000
2.500000 -5.000000
1.250000 -5.000000
0.625000 -5.000000
1.875000 -5.000000
3.750000 -5.000000
3.125000 -5.000000
4.375000 -5.000000
-5.000000 5.000000
-5.000000 0.000000
-5.000000 2.500000
-5.000000 3.750000
-5.000000 4.375000
-5.000000 3.125000
-5.000000 1.250000
-5.000000 1.875000
-5.000000 1.562500
-5.000000 0.625000
-5.000000 0.937500
-5.000000 0.312500
-5.000000 -2.500000
-5.000000 -1.250000
-5.000000 -0.625000
-5.000000 -0.312500
-5.000000 -0.937500
-5.000000 -1.875000
-5.000000 -1.562500
-5.000000 -2.187500
-5.000000 -3.750000
-5.000000 -3.125000
-5.000000 -4.375000
3.816013 -1.367303
3.553097 -1.351181
3.625526 -1.601302
3.688566 -1.880459
3.441962 -2.068770
3.390629 -1.789331
3.157079 -1.980787
-0.391030 0.471383
-0.583229 0.343774
-0.738812 0.260632
-0.909271 0.204003
-0.800811 0.122962
-0.882372 0.016133
4.748194 2.111501
2.769088 2.503293
-1.124092 1.392266
-1.316195 1.400678
-1.145408 1.216420
-1.316934 1.222552
-3.738544 2.571254
-1.461277 1.061308
-1.555312 0.951947
-1.497949 0.826345
-1.697824 0.961867
-1.633182 0.831793
-1.762817 0.839249
2.411981 1.093635
2.464044 0.946983
2.304664 0.974212
2.397140 0.838261
2.267279 0.835143
2.172633 0.770497
0.781596 1.125243
0.798248 0.948778
0.698470 0.800935
2.248970 -0.527308
2.192752 -0.522577
2.149783 -0.467756
2.131320 -0.539610
2.113859 -0.611846
2.038666 -0.619957
2.084126 -0.688447
2.001692 -0.690852
-4.351557 1.334295
-4.674426 1.206996
-1.585474 -0.094286
-1.529739 -0.043608
-1.514125 -0.124510
-1.575256 -0.164420
-1.643722 -0.065061
-1.689383 -0.085481
-1.646542 -0.133246
-1.629771 -0.195637
-1.711106 -0.132316
-1.714569 -0.042268
-1.744788 -0.084558
-1.766662 -0.128575
-1.740398 -0.173696
-1.690236 -0.188080
-1.763390 -0.212448
-1.670233 -0.250983
-1.723275 -0.235598
-1.698523 -0.302873
-1.747048 -0.280322
-1.803914 -0.291586
-1.764565 -0.332383
-1.821597 -0.338266
-4.299516 1.676383
-2.527427 1.614692
-2.427688 1.414333
-2.594107 1.359805
-2.484225 1.221815
-2.660311 1.184218
-2.694317 1.500514
-2.788540 1.318428
-2.834927 1.128952
-2.974414 1.258824
-3.004041 1.055263
-2.863545 0.951345
4.068690 0.567546
-0.569191 -0.646169
-0.520113 -0.889504
-0.714011 -0.985182
-2.926458 2.235481
-0.158521 -1.277049
-0.220467 -1.566251
-0.407658 -1.356076
-0.637812 -1.372568
-0.517241 -1.631644
-1.869141 -0.902477
1.956278 3.164062
1.642020 1.834067
1.516009 1.634500
3.366036 -1.547002
3.146783 -1.508372
2.933029 -1.619253
3.137315 -1.733442
2.889991 -1.863301
2.726927 -2.070404
-4.553865 -3.380883
4.408583 -0.458594
-2.020207 -0.293763
-2.031048 -0.358361
-2.113759 -0.499609
-1.990766 -0.216199
-2.009213 -0.240004
-2.056732 -0.283683
-2.042691 -0.320845
-2.074046 -0.311442
-2.074029 -0.349792
-2.060083 -0.385083
-2.092979 -0.401700
-2.105737 -0.328589
-2.113273 -0.367569
-2.134963 -0.411105
-2.101330 -0.448908
-2.151987 -0.458086
-2.168952 -0.509017
-2.159924 -0.375928
-2.182689 -0.418995
-2.207204 -0.468128
-2.234271 -0.518129
-2.233042 -0.422713
-2.268783 -0.469848
-2.303720 -0.514466
-2.229949 -0.603867
-2.272364 -0.561659
-2.317587 -0.602970
-2.359962 -0.550405
-2.395282 -0.610649
4.689813 -0.638549
4.385203 -0.773400
2.616938 -3.356930
2.618040 -1.848685
2.475399 -2.062429
2.302463 -2.257044
1.047938 -2.910836
-3.340867 0.850184
-3.432207 0.567132
-3.563730 0.462309
-3.172146 0.961133
2.803611 -0.651033
2.756503 -0.774649
2.610727 -0.769508
2.523595 -0.862567
2.479460 -0.992067
-0.779982 -1.769487
-1.456173 -0.066821
2.919970 1.015962
2.870852 0.854681
2.802019 1.090562
2.732696 0.951606
2.595849 0.877307
-4.688741 -1.265597
2.270280 2.186817
-3.219057 0.353052
-3.322027 0.238066
-3.422749 0.118254
-3.508496 -0.022305
-2.286425 -2.972837
-2.269105 -3.328454
-1.294975 -1.879317
-1.394292 -2.094303
-2.961174 -0.065420
-3.075877 -0.132956
-3.161319 -0.223619
-3.252193 -0.150327
-3.396444 -0.179634
-3.571648 -0.178172
-3.283004 -0.314278
-3.365413 -0.465255
-3.457579 -0.327154
-3.460491 -0.618048
0.361653 2.771329
-3.695715 -0.011282
-4.004484 -0.200372
0.810615 0.092649
0.662301 0.031427
0.776424 -0.059249
0.632087 -0.136743
0.539261 -0.283071
0.500555 -0.002904
0.434142 -0.155772
0.380401 -0.331834
1.094383 0.933658
0.890739 0.793443
-1.910862 -1.776524
-2.114412 -1.895982
-2.173852 -2.119990
1.999326 -0.152575
1.983280 -0.165468
2.004103 -0.177642
1.972931 -0.183987
1.954538 -0.190881
1.993201 -0.220115
1.988201 -0.195717
1.966724 -0.211878
1.973606 -0.240131
1.947817 -0.234870
1.955397 -0.264114
1.927490 -0.256128
1.934359 -0.287768
1.903895 -0.274689
1.905744 -0.306379
1.965921 -0.296954
1.961044 -0.328450
1.932327 -0.320536
1.917376 -0.348934
1.883870 -0.330058
1.851094 -0.350192
1.991388 -0.334689
1.952900 -0.362875
1.924482 -0.394503
1.886184 -0.371983
1.962273 -0.167308
1.944500 -0.171813
1.932785 -0.189394
1.941023 -0.210669
1.917810 -0.205744
1.922356 -0.229158
1.898674 -0.220384
1.900824 -0.246006
1.875980 -0.261860
1.876303 -0.292764
1.849172 -0.311370
1.978810 -0.111228
1.985839 -0.140242
1.971759 -0.127602
1.969386 -0.148221
1.950402 -0.152243
1.925669 -0.170705
1.951280 -0.097779
1.958303 -0.113964
1.955614 -0.133646
1.941497 -0.108360
1.942875 -0.122945
1.929111 -0.115473
1.928339 -0.128604
1.939758 -0.139110
1.924645 -0.141767
1.932419 -0.155604
1.914878 -0.152467
1.909772 -0.167336
1.898140 -0.156540
1.912233 -0.184960
1.879372 -0.189647
1.897165 -0.197481
1.877320 -0.209595
1.876554 -0.234190
1.847104 -0.275915
1.817753 -0.330562
1.893013 -0.175219
1.856158 -0.218473
1.832896 -0.228429
1.851221 -0.246554
1.913875 -0.135289
1.902586 -0.141669
1.882347 -0.159099
1.916339 -0.110904
1.916221 -0.098851
1.906981 -0.104425
1.905286 -0.115812
1.915997 -0.122979
1.902092 -0.127991
1.897180 -0.107604
1.893326 -0.118242
1.888934 -0.130443
1.888927 -0.143282
1.875222 -0.143660
1.864908 -0.157711
1.871690 -0.174052
1.852156 -0.171291
1.836409 -0.184178
1.858170 -0.193123
1.835753 -0.204926
1.810242 -0.225011
1.819190 -0.255710
1.788314 -0.274046
1.818044 -0.291707
1.785462 -0.311661
1.784384 -0.354076
1.849719 -0.393138
1.796376 -0.409415
1.888175 -0.418232
1.838728 -0.433218
1.801973 -0.464463
1.815611 -0.374217
1.749487 -0.334605
1.754922 -0.384207
1.754376 -0.438267
1.759912 -0.499452
1.707212 -0.468596
1.705864 -0.534690
1.760795 -0.570082
1.708754 -0.409497
1.652105 -0.497766
1.875509 -0.130490
1.860713 -0.142531
1.846631 -0.151819
1.832468 -0.162848
1.813816 -0.200227
1.787652 -0.208898
1.757787 -0.256064
1.753377 -0.292751
1.714204 -0.311258
1.711038 -0.358126
1.892258 -0.089611
1.886174 -0.098105
1.877736 -0.093618
1.874012 -0.105199
1.895684 -0.098940
1.886357 -0.107769
1.880732 -0.118191
1.867449 -0.116841
1.858614 -0.105145
1.851641 -0.118401
1.861960 -0.129366
1.845875 -0.134308
1.827904 -0.140975
1.812685 -0.157384
1.815853 -0.177691
1.793116 -0.181428
1.842180 -0.105217
1.834944 -0.121414
1.817321 -0.121881
1.805295 -0.137646
1.791466 -0.156228
1.771263 -0.166372
1.787399 -0.240920
1.764317 -0.191368
1.733074 -0.196646
1.760206 -0.221279
1.730546 -0.234407
1.721869 -0.270858
1.679969 -0.283626
1.670375 -0.327733
1.663838 -0.377451
1.611559 -0.395080
1.657368 -0.434327
1.556348 -0.414723
1.598477 -0.458310
1.542400 -0.492218
1.644963 -0.570641
1.592140 -0.529089
1.508888 -0.547255
1.632525 -0.647983
1.567446 -0.596995
1.483908 -0.629209
-1.326919 0.515684
-1.433791 0.504284
-1.367751 0.404186
-1.364871 0.217057
-1.480930 0.401534
-1.419607 0.307147
-1.483959 0.245633
-1.439802 0.175794
-1.528694 0.167873
-1.499079 0.094259
-1.579061 0.102410
-1.622867 0.043422
-1.547601 0.031409
-1.599018 -0.020936
-1.667963 -0.009659
-3.744227 1.041334
-3.928878 0.938292
-4.151201 0.821808
-3.716392 0.807196
-3.919967 0.682523
-4.134130 0.527520
4.696918 0.026063
-0.896507 -1.036763
-1.041152 -0.939022
-1.093336 -1.094267
-0.960309 -1.192173
-1.117137 -1.278086
-1.257256 -1.154015
1.398536 0.344320
1.317793 0.315321
1.321462 0.224963
1.231703 0.266468
1.244054 0.165980
1.168759 0.101696
1.064428 0.137105
0.985616 0.060487
0.895181 0.003395
3.155063 0.310631
-1.695718 1.423935
-1.655763 1.259355
-1.807343 1.230781
-1.779968 1.093875
-1.836055 0.955309
-1.888141 0.834483
-4.375124 -1.408795
2.004214 0.127858
1.971510 0.109462
1.947991 0.086107
1.916575 0.089894
1.928251 0.061230
1.900391 0.116891
1.882191 0.089691
1.898235 0.063313
1.827376 0.109924
1.868903 0.060205
1.910277 0.038860
1.884830 0.036740
1.898638 0.014350
1.858870 0.032880
1.875588 0.012687
1.891195 -0.006637
1.881433 -0.023855
1.894251 -0.033205
1.868180 -0.008293
1.861413 -0.027785
1.874680 -0.040254
1.842157 -0.035673
1.870494 -0.055472
1.840542 -0.055990
1.857018 -0.046257
1.855501 -0.063690
1.857990 -0.079167
1.849492 -0.091339
1.841505 -0.075116
1.832418 -0.089574
1.824753 -0.105247
1.851625 0.008213
1.846074 -0.014391
1.824966 -0.024011
1.823976 -0.046428
1.824746 -0.067812
1.816986 -0.083641
1.808773 -0.099739
1.800841 -0.075855
1.779296 -0.075804
1.850705 0.086047
1.818432 0.075867
1.787257 0.063414
1.756269 0.081926
1.724105 0.054038
1.810786 0.043837
1.757757 0.048974
1.781679 0.029530
1.718085 0.013940
1.682432 0.000288
1.750006 0.019564
1.734042 -0.013557
1.703647 -0.058077
1.805274 -0.011373
1.782273 0.002358
1.804462 -0.036401
1.806248 -0.058931
1.783226 -0.024887
1.759966 -0.035190
1.783929 -0.051948
1.758002 -0.062510
1.759362 -0.091137
1.733386 -0.044615
1.732530 -0.075649
1.733045 -0.105346
1.839970 0.054170
1.832755 0.025873
1.828065 0.000006
1.807145 0.015222
1.759168 -0.007154
2.032023 -0.366467
2.026494 -0.331203
1.991333 -0.369797
1.966866 -0.408690
1.991055 -0.453283
1.965330 -0.620101
1.934584 -0.556833
1.893743 -0.610814
1.921385 -0.683694
2.391216 -1.851813
2.229249 -2.011626
2.028842 -2.063688
-2.840833 -1.974266
1.549164 3.242997
1.342074 2.908218
1.427100 -0.566422
1.383586 -0.648231
1.356802 -0.743080
1.331178 -0.846569
1.134449 -0.951601
3.036595 -1.118115
4.498702 2.405943
-2.626909 2.884766
4.239730 -1.699135
4.619785 -1.699076
4.010286 -1.970644
-0.351246 -3.214032
3.723608 -0.293000
3.638457 -0.473747
3.445767 -0.571095
3.402728 -0.759696
3.204252 -0.798015
1.288247 0.719165
1.259822 0.601463
1.141855 0.679876
1.143949 0.559789
1.036294 0.523432
0.847127 0.386909
2.420386 -0.787122
2.394278 -0.900975
2.354768 -1.028412
2.273705 -0.932935
2.315861 -1.164530
2.227740 -1.053127
2.100564 -1.061527
2.034412 -1.173047
-2.915784 1.490990
-3.136816 1.380765
-3.163524 1.163229
-3.347168 1.279895
-3.350635 1.057110
-3.531703 0.935250
-3.510112 0.720670
-3.682245 0.593832
3.019833 2.797154
1.194816 0.818828
0.322920 -0.655716
0.137634 -0.671141
0.140310 -0.897317
0.089665 -1.168473
1.499590 -3.443822
-2.800495 -0.671882
-2.912155 -0.687719
-2.935873 -0.812604
-3.083730 -0.850313
-3.134679 -0.987243
-3.184550 -1.135300
-1.409650 -1.157927
-1.446435 -1.296092
-1.498090 -1.443944
1.791024 -0.093401
1.778304 -0.107864
1.757670 -0.119440
1.735368 -0.135966
1.798492 -0.116538
1.781638 -0.133839
1.761025 -0.145785
1.741816 -0.168086
1.706646 -0.123783
1.714790 -0.156954
1.697325 -0.181459
1.669805 -0.211328
1.655845 -0.175435
1.627692 -0.209715
1.650524 -0.248962
1.579831 -0.205541
1.603410 -0.251207
1.579168 -0.299137
1.551048 -0.251944
1.514092 -0.307681
1.444561 -0.347540
1.441468 -0.419407
1.372534 -0.391447
1.301902 -0.441577
1.265857 -0.525897
1.193867 -0.593414
1.154443 -0.704067
0.953310 -0.846683
-3.583000 -0.745817
-3.686498 -0.948074
-3.801268 -0.768676
2.924520 0.426879
2.881089 0.282335
2.809618 0.156938
2.796160 0.389416
2.759274 0.262513
2.644548 0.246842
2.703357 0.154113
2.919768 0.165624
2.815967 0.053291
2.597875 1.811640
-2.970860 -3.274683
-3.126465 -3.658393
-2.757314 0.432635
-2.806969 0.343782
-0.782720 -2.583307
-1.257512 -2.342040
4.745074 -2.102215
-0.145961 1.155739
-0.201691 0.828530
-0.332110 1.017575
-0.489368 0.876684
-0.718209 0.826644
-0.382579 0.690432
-0.586843 0.676233
-0.573039 0.514033
-0.748227 0.455080
-2.173324 4.494375
0.388584 2.093841
0.107082 2.126368
2.894583 -1.234599
2.733959 -1.306114
-1.969602 0.939688
-2.008065 0.826471
-2.125321 0.863426
-2.252905 0.850769
-2.322165 0.963471
-2.375791 0.837058
-2.195989 0.973817
-2.303765 0.733288
-2.358712 0.650201
-2.457318 0.946700
-2.505350 0.816989
-2.426101 0.728184
-2.540843 0.693076
-2.458509 0.619156
-3.344705 -1.085682
-3.404789 -1.286547
-3.556524 -1.123743
-3.626789 -1.342829
-3.799404 -1.160614
-3.868197 -1.391851
-1.575783 0.709235
-1.547452 0.596255
-1.658012 0.619574
-1.702515 0.726833
-1.767428 0.633888
-1.872734 0.636889
-1.822443 0.549086
-1.725464 0.538291
-1.627669 0.513862
-1.692124 0.446067
-1.782993 0.465333
-1.756422 0.384491
-1.837266 0.402541
-1.871155 0.472359
-1.914665 0.546559
-1.953410 0.468456
-1.914761 0.401668
-1.985100 0.398755
-1.814628 0.335764
-1.882899 0.341925
-1.845870 0.283901
-1.904506 0.283158
-1.951217 0.332836
-1.954730 0.268540
-1.997681 0.236281
-2.006900 0.290477
-2.048658 0.256321
-2.078353 0.215931
2.713628 0.782306
2.600159 0.699467
2.520315 0.787257
2.438299 0.707913
2.502963 0.624669
2.508668 0.503356
2.414904 0.560461
-1.374933 0.018833
2.096767 -1.303580
1.966342 -1.363031
1.998443 -1.497246
1.862066 -1.556286
1.941605 -1.711862
1.740072 -1.718500
1.755762 -1.930684
-3.699924 0.337900
-3.813789 0.177538
-3.905759 -0.008686
-3.850731 0.463757
-3.974261 0.300679
-4.066909 0.095556
1.633205 0.240015
1.599024 0.194898
1.545611 0.172507
1.491836 0.084039
1.385831 0.000086
1.255309 -0.046202
1.104323 -0.094806
1.025214 -0.167775
-2.241055 -2.369300
4.558884 1.816960
4.226106 1.696508
-4.354771 -1.758571
-2.138733 -0.840424
-2.239998 -0.871229
-2.272473 -0.976362
-2.385584 -0.981192
-2.430569 -0.843115
-2.489125 -0.936873
-2.465182 -1.069732
-2.322090 -1.100431
-2.431242 -1.200409
-2.577612 -1.163658
-2.550649 -1.309520
-2.671911 -1.437351
-0.660092 1.727446
-0.846898 1.535554
-1.527448 -2.305190
-1.732611 -2.169337
-2.350019 -1.965424
-2.443377 -2.195471
4.132585 -0.580713
4.117473 -0.882203
3.931062 -0.734125
3.792663 -0.894584
3.696765 -1.128891
-1.053866 -0.473246
-1.031831 -0.617130
-1.159980 -0.690711
-1.001305 0.102011
-1.025260 -0.034902
-1.094388 -0.123433
-1.216368 -0.159785
-1.341687 -0.171351
2.159021 -0.294598
2.162199 -0.349777
2.117184 -0.322185
2.070638 -0.339596
2.155845 -0.405444
2.111721 -0.371665
2.103878 -0.429289
2.088904 -0.489210
2.066383 -0.393432
2.016078 -0.409022
2.049238 -0.446327
2.026762 -0.499971
2.065834 -0.552914
1.999341 -0.557904
-1.328619 0.117558
-1.418508 0.099653
-1.463176 0.014194
-3.533205 -4.509598
-2.214475 3.623614
-1.750106 -2.465211
2.444413 0.127876
2.439188 0.060119
2.388665 -0.006230
2.370241 -0.087991
2.350747 -0.151709
2.380206 0.196079
2.380960 0.130476
2.373684 0.066716
2.326114 -0.038699
2.313032 -0.093654
2.295892 -0.137991
2.247287 -0.164148
2.202355 -0.176049
2.236584 -0.218670
2.184585 -0.217299
2.197602 -0.260492
2.151059 -0.243773
2.119266 -0.275232
3.370186 3.099367
3.390585 2.735764
2.856827 4.495214
3.760587 -3.391847
3.703187 1.070426
3.284987 1.197506
3.073483 1.115255
0.781714 -3.189911
2.904643 1.235352
2.691054 1.172814
2.590439 1.040895
0.727786 1.707528
0.861996 1.501542
0.797233 1.308180
0.626107 1.466838
1.655982 -3.083253
1.288720 -3.137557
3.341382 -3.335377
2.195388 -4.564530
2.825801 -0.892724
2.730120 -1.007156
2.667555 -0.875676
2.597532 -1.003256
2.593257 -1.143701
-3.543310 -0.485970
-3.695126 -0.568424
-1.868309 -3.441799
2.593438 -3.775825
2.300971 3.392856
1.987509 0.301616
1.937678 0.269469
2.042393 0.209293
2.012971 0.167720
1.983176 0.245632
2.009531 0.213889
1.975304 0.190934
1.940455 0.217744
1.935748 0.169149
1.970638 0.148013
1.935828 0.124425
1.898690 0.194278
1.937740 0.324484
1.888481 0.298294
1.893872 0.242274
1.853852 0.212627
1.862639 0.168765
1.813685 0.181790
1.846128 0.266363
1.809592 0.230508
1.770223 0.211943
1.729512 0.192155
1.727238 0.141907
1.834467 0.145416
1.798071 0.136978
1.768156 0.164436
1.791769 0.098264
1.760412 0.119912
1.721300 0.096949
1.899524 0.150646
1.865161 0.123079
-4.098370 -1.216791
-0.962328 -2.319934
-2.702933 2.508682
1.689896 -1.519721
1.542786 -1.630898
2.841388 1.713609
0.465244 2.388513
-0.045086 -2.071684
4.674286 1.516507
-1.846510 2.244018
1.359375 -4.183525
-1.452643 -2.599018
0.192372 -2.733208
-0.190525 -2.807839
-0.892287 2.950874
2.240480 0.282701
2.133127 0.238109
2.382736 0.270916
2.310536 0.258830
2.253444 0.215112
2.192083 0.233454
2.318455 0.194700
2.263770 0.151442
2.206228 0.172246
2.211479 0.116283
2.152535 0.184793
2.162588 0.131658
2.116178 0.143763
2.100066 0.188895
2.059136 0.173005
2.040107 0.132965
2.079165 0.135025
2.080906 0.098777
2.006087 0.094412
2.122806 0.097027
2.095516 0.059823
2.058728 0.065428
2.042159 0.099418
2.023747 0.067731
1.979715 0.074564
2.034754 0.039227
2.134517 0.049988
2.102731 0.020730
2.067174 0.030394
2.038346 0.007917
2.072799 -0.002866
2.024489 -0.016506
2.049381 -0.023961
2.049217 -0.053497
2.024493 -0.042097
2.021918 -0.067741
1.995239 -0.072328
1.987034 -0.093428
1.967519 -0.096467
2.008714 0.026794
2.005602 -0.000616
2.001787 -0.027475
2.000961 -0.051168
1.979478 -0.057866
1.975028 -0.078494
1.962639 -0.065250
1.956452 -0.081436
1.942758 -0.072431
1.940982 -0.086939
1.934864 -0.097204
1.926305 -0.104109
1.981697 -0.013590
1.980283 -0.036988
1.949802 -0.062241
1.929582 -0.078473
1.924698 -0.090435
2.000281 0.055156
1.980247 0.038719
1.957652 0.054050
1.936653 0.034786
1.919929 0.017188
1.982554 0.011701
1.960830 -0.024637
1.960743 -0.045899
1.942953 -0.050980
1.927364 -0.043838
1.931266 -0.061749
1.919044 -0.069282
1.916077 -0.081289
1.906115 -0.076573
1.911414 -0.090352
1.901934 -0.086494
1.903525 -0.096259
1.942720 -0.033452
1.916249 -0.054728
1.906713 -0.065558
1.900742 -0.051655
1.894499 -0.064353
1.894432 -0.077029
1.883204 -0.057792
1.882300 -0.071091
1.883646 -0.083506
1.869889 -0.069313
1.871889 -0.082014
1.864716 -0.093251
1.958868 0.023414
1.960448 -0.002027
1.939155 0.007914
1.939862 -0.013642
1.916858 -0.004624
1.923513 -0.025554
1.904560 -0.020466
1.910007 -0.038879
1.888264 -0.045902
-1.970647 -2.271515
-2.007684 -2.536625
-2.311397 0.500690
-2.389962 0.458998
-2.416370 0.388551
-2.478356 0.341970
-2.555522 0.383577
-2.536842 0.295861
-2.527906 0.222876
-2.650651 0.424308
-2.616439 0.325366
4.681856 -1.298395
-1.695041 -0.670702
-1.729002 -0.761776
-1.840103 -0.809020
-4.216210 0.265647
-4.425898 0.116387
-4.716649 -0.015933
-3.289565 3.182806
-3.301408 2.834812
-3.397235 2.549099
-1.335004 -2.903023
2.364409 1.708076
2.180595 1.554841
2.037689 1.401894
-1.041780 -1.839996
-0.852406 -2.035332
-1.129373 -2.084605
4.697955 -0.306191
-0.124180 -0.089027
-1.986080 3.201425
2.155649 -2.521195
2.008254 -2.783178
-4.576257 3.415547
2.818024 1.971977
-3.660857 2.952736
0.508700 -2.587698
0.512011 -2.173398
1.707485 2.877251
-0.772024 -1.212725
-0.922267 -1.384653
-0.765458 -1.530300
-0.985133 -1.611670
-1.139650 -1.464429
-1.221575 -1.670639
1.031360 -2.319512
0.713465 -2.397629
3.539644 3.610137
-1.208647 0.562116
-1.239430 0.421442
-1.298512 0.310972
-1.249910 0.206646
4.455778 -4.474862
-3.362928 4.442185
3.342026 0.618572
-1.492049 -1.824798
-1.662808 -1.739206
-1.753689 -1.896469
1.749463 0.254076
1.706774 0.231499
1.665569 0.205949
1.595031 0.135788
1.544835 0.111183
1.550424 0.054024
1.691864 0.168954
1.643015 0.159155
1.684279 0.122459
1.640680 0.107151
1.595588 0.080510
1.500225 0.024550
1.452000 -0.017632
1.437595 0.048079
1.336067 -0.057778
1.682445 0.076321
1.640945 0.062226
1.604209 0.026717
1.600041 -0.024453
1.556355 0.002088
1.510125 -0.030559
1.472705 -0.079401
1.688825 0.038777
1.652915 0.027266
1.640633 -0.010323
1.525835 -0.081364
1.706175 -0.024314
1.672374 -0.036882
1.671033 -0.074156
1.635521 -0.053144
1.637017 -0.095266
1.596840 -0.075680
1.561888 -0.107180
1.560426 -0.049445
1.510968 -0.133479
1.409089 -0.069188
1.441028 -0.131615
1.365244 -0.125062
1.286208 -0.124928
1.400298 -0.180100
1.323258 -0.195150
1.236722 -0.201654
1.703663 -0.091024
1.673630 -0.111039
1.681304 -0.147497
1.643795 -0.136659
1.612037 -0.167850
1.603478 -0.123555
1.563915 -0.156456
1.476614 -0.176875
1.526609 -0.195997
1.497785 -0.245045
1.447658 -0.218116
1.446735 -0.283480
1.384425 -0.245971
1.311744 -0.269682
1.236027 -0.280726
1.152184 -0.289838
1.101744 -0.388023
1.198734 -0.117899
1.138201 -0.197135
1.051518 -0.277300
0.974740 -0.366906
1.969567 -1.061454
1.870587 -1.140142
1.941950 -1.241052
1.814076 -1.260129
1.824399 -1.396343
1.674183 -1.349836
1.524948 -1.436594
2.054036 2.003155
1.886986 1.812456
1.750586 1.628232
1.095161 3.238291
0.984445 2.852823
2.233154 -3.503367
-3.641061 3.465092
-0.956406 -4.011272
-4.594983 1.868273
0.938524 3.609147
-1.898559 0.233274
-1.946966 0.216468
-1.989448 0.187617
-2.025780 0.159780
-2.034361 0.204222
-2.067438 0.170896
-2.100577 0.140006
-2.056625 0.133108
-1.947786 0.166184
-1.987314 0.142720
-1.985131 0.102451
-2.021131 0.118786
-2.050850 0.093886
-2.080254 0.110222
-2.015779 0.083643
-2.014965 0.050363
-2.040941 0.065312
-2.043054 0.035379
-2.035274 0.010941
-2.044971 -0.009120
-2.082307 0.078658
-2.064784 0.056731
-2.071479 0.030649
-2.057982 0.010795
-2.066916 -0.011320
-2.080296 0.006244
-2.087487 -0.015489
-2.110396 0.100730
-2.091969 0.049781
-2.095811 0.024238
-2.137302 0.123250
-2.140317 0.085947
-2.168266 0.104931
-2.113817 0.068512
-2.141603 0.053791
-2.167054 0.040064
-2.118174 0.039797
-2.142168 0.023660
-2.116953 0.015883
-2.128732 0.001383
-2.149196 -0.002217
-2.168912 0.069277
-2.200467 0.052609
-2.189889 0.025463
-2.167697 0.012845
-2.169566 -0.010750
-2.183370 -0.024319
-2.216861 0.022524
-2.194748 -0.000932
-2.206880 -0.025389
-2.233104 -0.032563
-2.225216 -0.005205
-2.256421 -0.013970
-2.260101 -0.044006
-2.285525 -0.060437
-1.075304 2.620882
0.815992 0.238873
0.687246 0.186545
-2.611344 -3.141512
3.037421 0.188415
3.062816 0.059117
2.936930 0.048622
2.878620 -0.061768
2.916804 -0.182437
2.754887 -0.042906
2.682172 -0.123867
2.792331 -0.151103
2.706038 -0.226632
2.623611 -0.289523
3.160201 3.967757
0.206505 -2.105663
3.463520 1.030099
3.247654 0.975646
-4.576945 -2.381919
-1.622461 -3.032797
-1.478710 1.216818
-1.625510 1.102051
-4.282205 -2.126742
1.959248 0.650650
1.767173 0.619528
1.836415 0.560793
1.752825 0.527368
1.924364 0.573963
1.889936 0.494619
1.814885 0.471500
1.868334 0.418641
1.835829 0.327001
1.806115 0.389947
1.778252 0.327642
1.793068 0.276900
1.734102 0.371406
1.727939 0.301663
1.678710 0.273759
1.743939 0.442792
1.598845 0.449698
1.671231 0.411378
1.604214 0.369359
1.677570 0.584012
1.591900 0.642747
1.593217 0.540046
1.516018 0.484056
1.435371 0.428373
1.673888 0.492365
1.529295 0.398352
1.472044 0.344951
2.308545 -0.822967
-1.564067 -0.546275
-1.590478 -0.638806
-1.620272 -0.737398
-1.651314 -0.840408
-1.759939 -0.864779
-1.676660 -0.955333
-1.776477 -0.985408
2.604942 -1.477012
-2.749017 0.529541
-2.861563 0.501313
-2.885030 0.393179
-2.952047 0.291411
-2.854314 0.260346
-3.078665 0.314387
-3.169359 0.209235
1.735369 -0.986229
1.634758 -1.059839
1.589014 -1.161551
1.628298 -0.940947
1.527361 -0.888587
1.523399 -1.006979
1.475247 -1.105196
1.438065 -1.218966
1.545753 -1.283883
1.373315 -1.348670
-2.153078 1.927856
-1.940182 1.747396
-2.134784 1.719992
-1.909597 1.556839
-2.091420 1.535937
-2.306103 1.577921
-2.226730 1.395527
-0.308169 2.552195
-0.045949 2.851488
-0.081482 -0.749795
-0.094492 -1.009976
1.221281 -1.398933
1.054224 -1.450295
0.990948 -1.657195
1.017589 -1.291726
0.868009 -1.475406
0.765574 -1.687735
-2.202415 -1.360723
-2.305719 -1.455204
-2.277420 -1.759567
-2.488609 -1.792641
-3.604586 2.256658
-0.900789 2.315356
2.361894 0.635357
2.287223 0.588768
2.332555 0.506223
2.242842 0.496062
2.419265 0.454406
2.338785 0.417564
2.267031 0.415108
2.189688 0.425362
2.400561 0.355290
2.308417 0.334569
2.222999 0.349643
2.165523 0.296196
2.150589 0.362530
2.099934 0.343966
2.059367 0.390597
2.098711 0.286726
2.044166 0.321305
2.077612 0.232916
2.034998 0.264270
-0.108471 1.843459
-0.380201 1.639117
1.264938 4.063297
2.825472 -0.523449
2.702027 -0.570495
2.671919 -0.685785
2.626256 -0.393271
2.536062 -0.434446
2.613271 -0.502799
2.514602 -0.532013
2.477578 -0.619498
2.584439 -0.619525
2.518744 -0.720457
2.414889 -0.680102
2.663776 2.197087
2.330704 3.016141
-0.349625 -0.122687
-0.474531 -0.285834
-0.612020 -0.442362
-1.125434 3.301750
-0.227578 -0.326492
-0.417620 -0.480337
0.683957 3.089083
3.952634 -2.889304
0.547822 -0.794795
0.354514 -0.839969
0.309586 -1.069159
-2.000157 -1.362076
-2.097940 -1.464511
-2.204628 -1.574887
4.218728 -2.681680
4.166053 3.074388
3.791789 2.821339
2.517507 -0.161956
2.460044 -0.215781
2.394934 -0.262331
2.607357 -0.191731
2.536467 -0.248800
2.464470 -0.295891
2.391748 -0.331452
2.325012 -0.361838
2.542184 -0.339372
2.463373 -0.378066
2.450396 -0.466584
2.390045 -0.404790
2.323246 -0.432877
2.371535 -0.480925
2.323785 -0.531227
2.264086 -0.398042
2.271688 -0.468205
2.214446 -0.361929
2.205014 -0.412669
2.210699 -0.461532
0.357112 -3.923891
-2.032497 0.456114
-2.057443 0.385954
-2.014824 0.343191
-2.118637 0.365633
-2.070419 0.314332
-2.101779 0.262124
-2.133054 0.305350
-2.158325 0.249209
-2.187006 0.288256
-2.201649 0.222361
-2.227831 0.259508
-2.266555 0.230607
-2.194439 0.174106
-2.224512 0.149319
-2.268200 0.150663
-2.240443 0.192272
-2.296903 0.190861
-2.286891 0.109632
-2.317171 0.147525
-2.331668 0.102075
-2.365796 0.138458
-2.302876 0.068578
-2.314477 0.029050
-2.379926 0.092486
-2.347185 0.059228
-2.357009 0.019001
-2.358611 -0.020429
-2.399705 0.048027
-2.449966 0.017398
-0.347023 -2.179435
-1.141747 -0.237496
-1.220059 -0.311707
-1.185826 -0.424346
-1.165534 -0.553301
-1.282424 -0.497391
3.129506 -0.960938
2.886624 -1.047521
4.634419 1.104567
4.387167 0.811881
0.430376 -3.012478
-1.070319 2.053242
-1.925162 -0.431500
-1.960877 -0.476827
-2.006498 -0.521118
-2.071846 -0.538183
-2.038792 -0.579505
-2.089970 -0.614791
-2.127136 -0.560711
-2.165962 -0.621054
-2.193027 -0.557977
-2.117408 -0.674781
-2.128683 -0.751699
-2.213823 -0.778846
-2.265775 -0.651012
-2.346559 -0.680194
-2.198227 -0.690349
-2.281277 -0.725522
-2.312495 -0.800404
-2.385115 -0.758355
-2.348161 -0.885814
-4.032959 -4.458772
-2.085041 2.458743
-0.602054 1.439752
-0.743901 1.238683
3.628024 -0.710429
3.332021 -0.948332
3.565531 0.624267
3.653235 0.405916
1.513741 2.063635
1.394424 1.825915
1.261885 1.613030
0.253788 0.827845
0.222839 0.561693
-1.367407 2.050171
1.375715 -0.317203
1.293742 -0.355309
1.205264 -0.372492
1.214758 -0.451641
1.139998 -0.494624
1.078718 -0.596246
1.022694 -0.480825
0.948779 -0.588925
0.879296 -0.709309
0.886613 -0.469156
0.797378 -0.595217
0.692231 -0.715725
0.793515 -0.815980
0.676582 -0.916736
0.509094 -0.995661
0.933334 0.287776
0.694449 0.340839
-2.129920 2.176490
-2.362120 1.791409
-2.385062 2.047937
-2.637155 2.171321
-2.588703 1.872241
-2.829057 1.964526
-2.771944 1.696400
1.863508 3.578418
-1.311874 1.056382
-1.390607 0.911377
-1.915775 -0.778053
-1.960515 -0.848988
-3.501188 3.930649
-1.823032 0.732400
-1.940154 0.728374
-1.968314 0.620830
-2.030256 0.692045
-2.063454 0.599902
-2.132956 0.667745
-2.154133 0.577605
-2.165740 0.490293
-2.003550 0.534008
-2.088127 0.515507
-2.106465 0.437524
-2.174772 0.414445
-2.231835 0.542726
-2.240462 0.458681
-2.180802 0.348255
-2.240742 0.386520
-2.313668 0.420191
-2.236130 0.319850
-2.294476 0.346669
-2.343130 0.299110
-2.357526 0.367037
-2.283221 0.283162
-2.324133 0.239120
-2.409974 0.312893
-2.385525 0.250234
-2.356341 0.190845
-2.417351 0.202194
-2.408531 0.153646
-2.474134 0.188457
-2.460668 0.138733
-2.421247 0.104650
-2.450156 0.070175
-2.503996 0.045037
-2.460743 0.260194
-2.535349 0.156566
-2.498717 0.104386
-4.125772 1.953965
-2.896147 -2.893608
1.848428 1.434934
1.738667 1.298861
1.640754 1.459969
1.554133 1.294333
1.643660 1.150906
-1.092910 1.586440
-1.323963 1.594283
-1.534976 1.583812
-1.500321 1.394321
1.371153 -1.529666
1.192973 -1.600523
1.359207 -1.735838
1.151124 -1.821337
2.996661 3.122081
-3.601144 -1.552929
-3.825745 -1.640925
-4.044904 -1.856363
0.058157 -3.140053
-0.095614 4.079349
-1.571767 -4.561024
-2.435439 -0.677788
-2.485931 -0.747484
-2.538676 -0.826195
-2.608576 -0.902819
-2.700678 -0.836174
-2.592321 -1.026748
-2.717998 -0.972792
-2.612675 -0.766161
-2.806561 -0.778701
-2.829233 -0.903682
-2.853788 -1.049462
-2.718672 -1.114688
-2.865917 -1.208908
-2.971865 -0.958140
-3.015039 -1.123756
2.322301 0.133763
2.314402 0.080574
2.324915 0.019982
2.267691 -0.065521
2.254008 -0.112470
2.208618 -0.129862
2.261791 0.096321
2.267763 0.040957
2.216561 0.062758
2.271593 -0.012703
2.215343 -0.083218
2.171842 -0.101650
2.166975 -0.143682
2.221715 0.011830
2.176372 0.032796
2.169103 0.081565
2.222181 -0.036879
2.179499 -0.013540
2.139954 0.006067
2.106672 -0.017027
2.177539 -0.057952
2.141501 -0.035738
2.107984 -0.053934
2.139258 -0.076964
2.077387 -0.036844
2.077007 -0.068596
2.105010 -0.089083
2.072549 -0.098972
2.132087 -0.118285
2.131873 -0.161463
2.159878 -0.186006
2.131713 -0.205717
2.105447 -0.145257
2.103704 -0.183650
2.109931 -0.232763
2.094333 -0.119699
2.080708 -0.158025
2.049033 -0.080612
2.046758 -0.109663
2.027563 -0.092895
2.020620 -0.114301
2.007942 -0.088337
2.001886 -0.107487
1.993674 -0.123989
2.066503 -0.131456
2.036837 -0.134563
2.010957 -0.134082
2.022413 -0.157109
2.050392 -0.158689
2.032336 -0.181831
2.065558 -0.186453
2.045202 -0.207448
2.014848 -0.205754
2.085920 -0.211121
2.085134 -0.255759
2.080863 -0.295351
2.042292 -0.299572
2.028895 -0.234440
2.002534 -0.243475
1.985502 -0.269617
2.063298 -0.230327
2.051475 -0.263749
2.018924 -0.269978
2.000875 -0.300870
-0.095924 -4.044242
-4.044728 -3.502787
-1.763706 2.541682
-3.398651 -3.302293
-1.278248 -0.620113
-1.288102 -0.747272
-1.415056 -0.788965
-1.170686 -0.835865
-1.312556 -0.879235
-1.207227 -0.985678
-1.354405 -1.019687
-1.445312 -0.912355
-1.502820 -1.041193
3.888351 -4.019154
1.876579 -4.252168
-4.654046 1.534846
3.808693 4.015285
-3.010828 0.871421
3.143224 3.469994
0.052657 1.293850
0.380873 0.317887
0.208575 0.343073
-0.022729 0.167759
-0.255214 0.097805
1.104569 -2.064673
0.248438 3.172001
-2.708476 -1.268753
-2.849794 -1.385281
-3.032203 -1.308072
-3.221389 -1.287075
-2.989831 -1.521079
-3.190160 -1.469001
-3.391528 -1.489080
-3.334583 -1.688960
0.686331 -1.288201
0.499279 -1.210275
0.471677 -1.430393
0.273348 -1.595345
0.037297 -1.770587
-0.064533 -2.421131
-4.488745 -3.899181
1.552604 -0.684360
1.459293 -0.718447
1.539056 -0.780220
1.439758 -0.823330
1.414947 -0.947663
1.274798 -0.956291
1.357266 -1.065903
1.195168 -1.082053
1.304815 -1.199904
1.169734 -1.251434
1.042104 -1.124855
0.856842 -1.296256
-4.692183 2.794422
0.182248 1.083117
-0.000626 0.951970
4.294333 2.094259
3.958668 1.945143
-2.228316 -0.242544
-2.254326 -0.264801
-2.283214 -0.289671
-2.313536 -0.317409
-2.275184 -0.335549
-2.340861 -0.349410
-2.355105 -0.400929
-2.304571 -0.374903
-2.322482 -0.443285
-2.392843 -0.447138
-2.421012 -0.395476
-2.458448 -0.454664
-2.353085 -0.485140
-2.418507 -0.514824
-2.446529 -0.338806
-2.509837 -0.326207
-2.579616 -0.305061
-2.556005 -0.377411
-2.486083 -0.390119
-2.529906 -0.448395
-2.608240 -0.438695
-2.582304 -0.510217
-2.453815 -0.577936
-2.499691 -0.635376
-2.499481 -0.521662
-2.651650 -0.544327
-2.555378 -0.584446
-2.558455 -0.694132
-2.626552 -0.634157
-2.696525 -0.707950
-0.772495 -3.244404
-0.771261 0.631540
-0.932204 0.505839
-0.894948 0.833604
-0.925824 0.678255
-1.072006 0.613781
-1.106086 0.462293
-0.876316 0.340228
-1.014873 0.365254
-1.034726 0.243465
-1.160725 0.311201
0.846079 -4.080088
-0.383069 -0.699250
-0.284205 -0.863929
-0.347588 -1.091162
-0.563621 -1.139975
-1.292908 2.932302
-0.463020 0.047672
-0.572280 -0.103956
-0.675134 -0.261339
-0.598913 0.158249
-0.685285 0.031242
-0.768670 -0.102218
1.432084 1.449063
1.379589 1.256196
1.278383 1.145364
1.114227 1.085957
-4.646046 -1.985270
2.109936 -1.619309
2.130493 -1.827475
-2.011160 2.780960
3.110506 2.474767
2.960462 2.215620
-0.069624 -3.589792
1.550026 -1.839031
1.341340 -1.971031
1.535032 0.994810
1.610932 0.884967
1.655718 0.782214
1.565756 0.745482
1.433840 0.923302
1.504355 0.831077
1.485668 0.683376
1.333824 0.856110
1.412235 0.759648
1.384808 0.626894
-1.872225 4.028018
-0.710919 -0.777610
-0.876627 -0.860652
-0.219542 3.266526
0.911734 -1.883545
0.818942 -2.124626
2.500188 2.029549
2.299853 1.918205
2.317838 0.733730
2.237804 0.679405
2.191999 0.580119
2.134861 0.663965
2.053766 0.737373
2.039010 0.643514
2.149279 0.497365
2.099034 0.568369
2.011683 0.562010
1.971184 0.496780
2.110511 0.425994
2.059155 0.484876
2.006774 0.429613
1.997185 0.362659
1.934499 0.432384
1.943207 0.378378
1.883871 0.361507
3.076886 1.596394
2.909029 1.453121
2.725190 1.336212
2.547664 1.381734
2.533651 1.208927
2.945783 -2.163655
2.842071 -2.404149
2.603782 -2.294241
2.451622 -2.517911
2.327169 -2.798963
1.992690 -3.079068
-1.027749 -4.488834
3.805877 0.604277
3.883676 0.356742
3.925937 0.101214
1.716818 -2.771052
1.380638 -2.814618
-2.385021 1.087852
-2.546847 1.063267
-2.707331 1.019553
-2.598469 0.915147
-2.738683 0.866795
-2.630118 0.775806
-2.752078 0.731234
-2.872953 0.781834
-2.653926 0.642211
-2.769416 0.620985
-2.878457 0.634389
0.276469 4.467350
1.595616 -2.308339
1.521544 -2.536585
-3.532607 -2.785820
4.393377 1.399544
-0.928932 1.355049
-0.971528 1.159535
-1.160529 1.056446
-0.829896 1.017565
-1.029361 0.964974
-1.068859 0.787445
-1.205283 0.712914
-1.331280 0.636884
-1.217432 0.887446
-1.341135 0.776312
-1.453029 0.714252
-1.445330 0.605021
-1.532626 0.491793
2.688180 -2.637460
2.623953 -2.957708
2.293618 -3.134643
-3.950902 1.730047
-4.057130 1.436088
4.364627 -2.040967
4.092625 -2.340222
2.679729 2.822933
-0.537321 -4.038579
-3.603190 -3.635138
2.412829 -0.557279
2.346846 -0.620782
2.266846 -0.588276
2.328071 -0.721631
2.231346 -0.750542
2.190390 -0.595353
2.254999 -0.663003
2.168409 -0.677225
2.199912 -0.846489
2.136763 -0.764253
2.044335 -0.769649
2.155846 -0.950534
2.094870 -0.856908
1.993495 -0.854715
2.039861 -0.955720
4.002375 2.317238
3.378645 2.326229
3.660492 2.141118
3.409817 1.959938
3.191792 2.095113
-4.209845 -0.051834
-4.238461 -0.308006
2.294997 -1.521053
2.481878 -1.638016
2.281352 -1.706385
3.239001 -2.949498
-1.190238 -3.234983
-1.529476 -3.340826
2.159451 2.472496
-3.571589 -4.051443
-0.944334 3.730790
-2.400403 -0.000678
-2.440201 -0.032687
-2.501054 -0.017709
-2.522143 -0.078764
-2.568827 -0.038171
-2.576548 -0.099244
-2.610359 -0.172316
-2.686834 -0.169301
-2.740693 -0.237966
-2.810634 -0.307601
-2.635448 -0.104730
-2.706862 -0.097533
-2.772588 -0.153352
-2.842451 -0.214282
-2.920201 -0.282906
-2.882400 -0.382225
-2.952469 -0.176687
-3.038207 -0.255860
-3.000189 -0.370168
-3.132097 -0.353098
-3.072005 -0.477710
-3.213764 -0.468412
-3.134015 -0.603095
1.672757 0.339192
1.616935 0.300416
1.545528 0.314279
1.481054 0.275229
1.570414 0.250723
1.523132 0.223087
1.461532 0.203012
1.398659 0.180187
1.488854 0.148743
1.428290 0.119432
1.368465 0.076040
1.403163 0.263573
1.337488 0.143849
1.280084 0.091036
1.311096 0.017038
1.221949 0.037881
1.166442 -0.025339
1.095624 0.027513
1.011226 -0.050777
-0.703448 4.125745
-2.436592 4.046800
0.276282 -1.317688
0.045688 -1.456546
-0.284611 -1.849361
-2.597641 -2.001719
-2.730050 -2.246574
-0.017416 -0.493310
-0.223665 -0.571823
-1.402829 -4.091729
-3.059734 -4.514014
2.404161 2.682205
4.360570 0.509678
-1.739179 -0.403073
-1.787018 -0.383967
-1.809828 -0.437356
-1.760516 -0.462142
-1.836826 -0.492499
-1.819357 -0.582213
-1.857433 -0.641777
-1.811247 -0.732787
-1.843908 -0.386995
-1.869736 -0.436945
-1.901635 -0.486783
-1.940811 -0.536303
-1.871610 -0.546753
-1.909159 -0.603283
-1.977414 -0.590672
-1.952024 -0.666072
-2.025387 -0.648679
-2.053277 -0.709314
-1.886544 -0.704888
-1.981007 -0.736652
-2.043769 -0.798476
-0.305625 1.353329
-0.484756 1.192057
-0.624157 1.030481
2.831364 -4.545865
-0.046380 -4.499979
-2.886077 3.202315
-2.971833 2.823648
-1.556028 3.240553
-3.871505 2.126170
-1.325506 4.064068
-0.701345 2.605539
-1.403267 -0.234843
-1.476615 -0.187410
-1.474698 -0.278127
-1.542010 -0.221903
-1.558825 -0.300936
-1.508418 -0.357748
-1.583100 -0.378811
-1.474471 -0.423420
-1.550045 -0.456667
-1.604856 -0.249837
-1.635831 -0.316136
-1.661666 -0.379146
-1.714988 -0.353878
-1.624572 -0.446881
-1.691895 -0.443340
-1.632321 -0.513583
-1.707319 -0.514376
-1.658691 -0.586696
-1.740775 -0.589141
-1.784839 -0.522614
-1.781970 -0.661680
-2.279416 2.970204
-2.978847 4.028392
3.443999 0.438403
3.059930 0.906374
3.013510 0.736025
2.971899 0.576678
2.851376 0.689362
2.719647 0.626853
2.827736 0.533619
2.705326 0.482939
2.608087 0.561590
2.595025 0.435022
2.493959 0.391613
0.024050 -0.274196
1.960653 2.258455
1.785226 2.046082
-1.601330 -1.564780
1.933220 -0.448270
1.965695 -0.501482
1.878187 -0.463312
1.909207 -0.501251
1.870713 -0.544039
1.825987 -0.595136
1.844293 -0.668100
1.843022 -0.492911
1.808072 -0.531484
1.771000 -0.643557
1.954216 -0.764472
1.895334 -0.839797
1.703556 -0.610321
1.783231 -0.724324
1.704681 -0.690463
1.627759 -0.736047
1.866956 -0.749194
1.822517 -0.912742
1.800367 -0.813750
1.710598 -0.779435
1.720892 -0.877565
1.625526 -0.833650
3.203721 0.774955
3.250929 0.454084
3.144354 0.605319
3.076445 0.452647
3.008052 0.310945
0.566936 0.472365
0.539473 0.308608
0.544528 0.160475
0.379043 0.152237
0.303403 -0.021374
-4.093730 2.764004
1.248126 1.384570
1.150069 1.249886
0.985875 1.289216
0.956256 1.116061
0.953743 0.954480
-1.484671 1.801249
-1.722463 1.792168
-1.729632 1.599388
-1.707517 -1.221366
-1.824463 -1.295372
-1.885554 -1.438769
-1.979921 -1.568170
-2.083509 -1.694214
4.580803 -2.885012
-1.278165 -0.233250
-1.344680 -0.291991
-1.414142 -0.349394
-1.303654 -0.380820
-1.384130 -0.451758
-1.472483 -0.512961
3.029350 -0.080451
2.814514 -0.267679
2.720587 -0.337780
-0.999377 -3.608705
-3.774457 -0.187606
-3.645907 -0.346816
-3.835430 -0.385238
-3.546543 1.686650
-3.774720 1.538895
-3.819809 1.258984
-2.364672 2.639876
-3.940053 4.005783
0.761371 -3.638773
0.210843 1.816314
0.634750 -1.912673
-1.966940 -0.959452
-2.056318 -0.898441
-2.070973 -1.011916
-2.160208 -0.941823
-2.187782 -1.056316
-2.080409 -1.137451
-2.108155 -1.271894
-2.204336 -1.179082
3.072144 1.866842
0.988361 -4.548422
-0.478093 2.924687
-3.158026 0.780804
-3.299030 0.677451
0.385931 -3.432034
1.006840 -0.985390
0.847618 -0.976758
0.879374 -1.136069
0.697205 -1.102487
-4.426138 0.421971
2.121545 1.762520
1.968916 1.597596
2.463123 -1.122947
2.429007 -1.260178
2.435121 -1.424238
2.177475 -1.183238
2.271960 -1.324673
2.146636 -1.439721
-1.707800 -2.753294
-1.984797 -2.805993
-2.458485 3.272316
-2.705717 0.340735
-2.665078 0.253068
-2.752605 0.254251
-2.594326 0.235942
-2.691448 0.176958
-2.798980 0.172783
-2.605425 0.166990
-2.647393 0.103586
-2.741291 0.104016
-2.567612 0.089677
-2.557223 0.019005
-2.619017 0.029526
-2.631401 -0.036738
-2.689369 0.039529
-2.700030 -0.028898
-2.775767 0.022387
-2.785626 -0.063449
-2.847851 0.086850
-2.871741 -0.009874
-2.864809 -0.115447
-2.912732 0.170651
-2.965912 0.064753
-1.432522 2.602049
4.525352 -2.430907
1.557887 -2.071284
1.329231 -2.248682
1.234689 -2.538802
-1.124115 -2.612789
3.409091 -4.407802
-4.343712 2.139591
-1.531943 0.324147
-1.573262 0.241327
-1.595848 0.406524
-1.681604 0.362425
-1.620069 0.311104
-1.655173 0.233272
-1.701175 0.288348
-1.757136 0.310074
-1.733738 0.224756
-1.789068 0.258988
-1.799211 0.197234
-1.754623 0.159354
-1.612895 0.170352
-1.651989 0.108183
-1.688597 0.169060
-1.777654 0.105383
-1.717191 0.109461
-1.687485 0.051509
-1.744753 0.058459
-1.815629 0.141089
-1.834600 0.088162
-1.828965 0.036041
-1.794840 0.059147
-1.728622 0.006064
-1.778956 0.014483
-1.772171 -0.037497
-1.849410 0.228400
-1.856882 0.176767
-1.866930 0.129258
-1.902032 0.184344
-1.907614 0.139324
-1.881992 0.089202
-1.917155 0.099321
-1.950570 0.122409
-1.951548 0.081218
-1.985313 0.066272
-1.870746 0.050626
-1.915877 0.057192
-1.955491 0.046340
-1.987807 0.034249
-2.014544 0.021851
-1.964812 0.014335
-1.993210 0.004368
-1.995888 -0.021675
-2.018783 -0.007114
-2.016950 -0.030667
-2.034784 -0.027086
-2.022939 -0.049677
-2.041652 -0.045067
-1.859161 0.009148
-1.897102 0.019906
-1.816511 -0.008484
-1.820175 -0.054031
-1.876921 -0.096804
-1.853018 -0.029842
-1.863156 -0.063592
-1.893384 -0.048372
-1.900508 -0.076598
-1.919191 -0.098095
-1.936617 -0.117029
-1.931894 0.021702
-1.916527 -0.011980
-1.944232 -0.008534
-1.971380 -0.015219
-1.948385 -0.035768
-1.975841 -0.042270
-2.000654 -0.044821
-1.987210 -0.062563
-2.009551 -0.064552
-1.886130 -0.018438
-1.922055 -0.041222
-1.929824 -0.067973
-1.956106 -0.061002
-1.973250 -0.077405
-1.998286 -0.083760
3.883859 1.616806
3.780051 1.334200
2.058196 2.793984
-2.285217 -2.654516
-2.581842 -2.775926
-2.087175 0.760904
-2.194654 0.753453
-2.232757 0.648164
-2.300601 0.591277
-2.385264 0.551060
-2.471624 0.517445
-2.481103 0.429979
-2.557217 0.579144
-2.563029 0.476639
-2.655102 0.527530
-1.381682 -0.561032
-1.393580 -0.673054
-1.486494 -0.609694
-1.509329 -0.710811
-1.536161 -0.818143
-1.568705 -0.932979
-1.633595 -1.062322
3.482036 -0.370803
3.297858 -0.448447
3.244724 -0.627628
3.074569 -0.633794
3.055671 -0.770618
3.120806 -0.494258
2.942773 -0.612338
2.907744 -0.755244
2.982938 -0.911530
4.272205 1.096902
3.625622 0.833341
3.406108 0.810188
3.003818 -3.594186
-0.682986 3.322078
-1.859386 1.385397
-2.029261 1.369787
-1.961415 1.215270
-1.927357 1.070660
-2.140756 1.236725
-2.073935 1.093800
-2.073550 0.972823
-2.317214 1.243827
-2.228102 1.098986
1.044259 0.792032
0.988148 0.650246
-2.765466 4.497192
0.615355 1.002787
0.496929 0.833054
0.608320 0.640468
0.415711 0.659226
0.405076 0.480694
-4.010142 3.181263
-4.105498 -1.538516
-3.286819 -0.614611
-3.374926 -0.768538
-3.270392 -0.916158
-3.472066 -0.927031
-1.232998 2.322700
2.047398 -2.280118
1.840049 -2.475051
3.960910 -4.490500
-4.063048 -0.441808
-4.217092 -0.607273
-4.050490 -0.748107
-4.191809 -0.936159
4.651567 -0.979205
4.319429 -1.105255
-4.405930 -1.101993
-2.794589 -1.582608
-2.930213 -1.747362
-3.108231 -1.920728
-1.568086 -1.179292
-1.615601 -1.334106
-1.720761 -1.431044
-1.802127 -1.611562
2.953254 -1.398924
2.783453 -1.460624
2.714321 -1.660802
2.274115 4.484907
-3.144485 -1.684439
-3.366936 -1.927040
-3.256140 -2.168090
-3.561775 -2.139593
-1.790177 -0.169378
-1.787703 -0.248679
-1.793277 -0.087565
-1.815581 -0.129722
-1.814118 -0.208712
-1.855363 -0.210414
-1.838466 -0.249938
-1.838404 -0.095276
-1.833987 -0.168582
-1.861090 -0.133776
-1.869270 -0.176365
-1.898972 -0.119504
-1.895434 -0.153529
-1.899792 -0.191396
-1.886239 -0.222178
-1.924393 -0.137686
-1.926087 -0.168830
-1.930795 -0.202434
-1.951369 -0.148452
-1.954073 -0.179921
-1.960606 -0.211423
-1.916414 -0.229754
-1.946459 -0.238159
-1.881002 -0.258008
-1.852833 -0.295334
-1.872250 -0.340682
-1.897746 -0.299981
-1.940196 -0.302092
-1.919161 -0.340890
-1.920858 -0.265291
-1.960222 -0.270205
-1.977986 -0.241604
-1.997021 -0.268635
-1.981241 -0.300159
-1.963165 -0.337053
-2.004400 -0.329409
-1.989508 -0.371100
-1.896337 -0.386113
-1.944871 -0.380934
-1.974880 -0.420473
-2.019280 -0.404192
-2.055872 -0.432185
-2.011309 -0.458111
-2.057693 -0.484240
2.479910 -4.221330
2.670720 3.188498
4.592829 2.844867
-1.907731 -4.211114
-2.154067 -4.582417
3.529659 0.026590
3.196935 -0.007055
3.724821 -0.057190
3.535128 -0.186202
3.358448 -0.083609
3.338006 -0.259223
3.186509 -0.160689
3.181824 -0.325618
-1.546436 2.297798
-1.645954 2.029170
-1.915422 1.976062
-3.726689 1.890047
3.415024 4.453932
0.431738 3.958206
-2.295336 -1.257040
-2.396810 -1.350457
-2.497196 -1.467215
-2.396138 -1.604144
-2.596433 -1.616980
-2.708310 -1.787824
-1.003687 4.493221
-2.630923 -4.453171
0.702432 2.654731
-4.305482 -2.650837
-1.938113 -3.109456
-0.360528 4.499517
4.105687 -3.624015
-0.557801 2.273256
-0.744657 -0.579682
-0.881283 -0.686964
-1.026817 -0.772577
-2.635764 -3.559723
-1.404254 3.646529
-0.848724 -0.249832
-0.947990 -0.367692
-0.540726 -3.623868
-0.426116 3.718705
-3.258088 -2.999221
4.578625 -3.417314
2.735523 -1.148355
2.579115 -1.296082
-4.204616 -3.065658
-4.645156 -2.854501
-4.526411 -4.409664
3.755559 -2.201188
3.385045 -2.660236
-2.826514 -2.539878
-3.162212 -2.676811
3.000231 -4.057037
4.108799 0.813736
3.854936 0.828421
-0.568227 -1.943948
1.699602 4.001159
0.188278 0.160340
0.095569 -0.043693
1.722750 4.492919
-1.871287 -1.025010
-1.740505 -1.096434
-1.848118 -1.148318
-1.969788 -1.086565
-1.962347 -1.227458
-4.686085 0.891161
2.472401 2.391077
1.894361 -3.426500
-1.389513 -3.668063
-4.478007 3.967619
-1.294883 -1.321885
-1.340819 -1.490503
-1.433718 -1.652669
-4.417239 -0.781357
-4.696425 -0.943009
3.473937 -2.374336
3.196410 -2.276984
3.096045 -2.533922
2.951290 -2.790410
-3.006796 0.704126
-2.988863 0.547239
-2.989957 0.417260
-3.132835 0.613410
-3.114009 0.460340
0.438276 -4.443230
-4.703915 0.280627
-3.157054 3.580380
0.035094 0.693445
-0.174532 0.569971
0.020951 0.418403
-0.202158 0.327878
-0.415682 0.257516
0.849249 4.018945
2.947906 -3.173919
4.161098 2.629133
0.791141 4.482559
2.605981 0.148368
2.679021 0.355816
2.570651 0.324861
2.471918 0.294568
2.543123 0.228406
2.453042 0.206511
2.519359 0.140086
2.518792 0.064593
2.471038 -0.006060
2.705974 0.060479
2.585037 -0.101350
2.607058 0.064266
2.648500 -0.027090
2.554704 -0.015692
2.499428 -0.083543
2.428712 -0.063549
1.172643 2.574909
0.916331 2.455260
0.730950 2.228920
0.622834 1.970275
-3.546861 -1.768201
-3.728843 -1.899644
-3.899992 -2.145833
-4.089773 -2.409019
2.432679 -0.135809
2.396372 -0.193301
2.340930 -0.223694
2.292337 -0.192221
2.287022 -0.249585
2.326057 -0.293047
2.268074 -0.327484
2.247244 -0.276507
2.206509 -0.311654
1.264889 4.512804
-3.029016 0.185508
-3.109735 0.086776
-3.256177 0.090345
-3.055519 -0.014727
-3.181028 -0.041290
-3.343159 -0.030539
4.678600 0.702047
-4.719500 -0.325607
-4.706518 -0.633190
-2.735924 -3.969092
-3.153834 -4.081861
1.508530 2.588685
-4.433512 2.526149
4.679003 0.361276
-2.221653 -3.715585
4.465597 -3.972838
-4.423229 4.483188
-1.794671 -3.807570
-2.392422 2.336232
3.971878 -1.101596
4.404807 -1.405223
4.101738 -1.376445
3.917533 -1.649511
4.049871 3.549645
0.568529 3.497454
2.371768 1.479824
2.369019 1.273740
2.253171 1.149492
2.221750 1.358673
2.121170 1.234648
2.046793 1.115868
-3.396166 -2.439978
-3.723132 -2.446356
-3.916240 -2.762762
0.570667 1.233866
0.406704 1.041772
4.079121 1.371485
3.970118 1.086944
1.082374 -3.385622
3.461880 -3.798589
-2.318039 -4.074280
-3.058193 2.513481
-3.258433 2.246653
-3.450161 1.990915
-1.132702 0.168816
-1.221918 0.090543
-1.123361 0.037034
-1.186922 -0.047112
-1.279857 0.008919
-1.295041 -0.093681
-1.374214 -0.061163
-1.416614 -0.137150
-3.744751 -3.139931
-0.655862 -2.260405
-4.084470 1.134287
-4.378523 1.018226
-4.402858 0.705734
0.087346 3.605823
0.232516 -0.215819
0.211121 -0.446658
1.222587 -3.761658
-0.431418 -2.519818
1.500920 0.582573
1.426221 0.518308
1.337989 0.517873
1.336077 0.418279
1.238305 0.480411
1.129892 0.433655
1.232980 0.371858
1.130031 0.319783
1.148723 0.206576
1.006620 0.390115
1.040377 0.249457
0.933661 0.158649
0.671312 -1.475108
0.521300 -1.674445
0.336365 -1.877443
2.632680 4.064003
1.374211 3.625875
-1.977021 -0.099471
-1.999732 -0.105820
-2.001956 -0.128453
-2.020181 -0.137909
-2.039673 -0.145533
-2.066551 -0.175909
-2.016967 -0.095669
-2.017835 -0.116544
-2.034701 -0.125617
-2.050953 -0.130527
-2.059354 -0.144535
-2.054733 -0.161026
-2.073273 -0.156768
-2.083349 -0.169455
-2.082183 -0.188777
-1.950354 -0.091315
-1.959771 -0.120546
-1.984025 -0.120923
-1.976915 -0.140444
-1.998667 -0.148572
-2.019561 -0.158377
-2.037053 -0.165236
-2.025120 -0.183424
-2.047626 -0.182110
-2.062641 -0.197782
-2.081743 -0.210929
-1.976918 -0.163934
-2.001508 -0.172173
-1.980942 -0.189890
-2.006656 -0.195174
-2.018804 -0.213964
-2.039634 -0.204044
-2.037091 -0.232647
-2.030725 -0.262332
-2.060047 -0.221952
-2.103235 -0.220580
-2.032578 -0.106452
-2.047522 -0.113703
-2.067623 -0.129853
-2.088535 -0.148211
-2.099847 -0.178420
-2.100817 -0.197833
-2.021868 -0.077118
-2.033419 -0.064319
-2.051298 -0.060828
-2.044004 -0.076886
-2.054369 -0.087696
-2.034670 -0.088446
-2.046993 -0.098007
-2.060938 -0.103174
-2.060940 -0.118442
-2.078694 -0.123335
-2.075123 -0.140974
-2.071600 -0.113127
-2.085868 -0.133094
-2.098917 -0.135451
-2.095730 -0.161011
-2.112401 -0.165001
-2.119122 -0.183716
-2.120608 -0.203493
-2.127129 -0.226099
-2.058910 -0.251063
-2.082498 -0.236510
-2.108004 -0.245909
-2.136866 -0.250434
-2.084934 -0.266104
-2.096596 -0.293222
-2.117848 -0.272400
-2.129797 -0.303680
-2.143067 -0.338747
-2.060145 -0.074864
-2.073783 -0.077139
-2.067191 -0.089849
-2.080343 -0.089400
-2.074979 -0.101041
-2.086755 -0.099985
-2.092321 -0.089892
-2.097250 -0.099677
-2.083783 -0.111566
-2.094313 -0.108839
-2.103349 -0.112569
-2.093298 -0.121303
-2.106553 -0.124664
-2.113881 -0.136694
-2.105433 -0.148928
-2.113707 -0.114912
-2.121072 -0.124800
-2.129547 -0.136464
-2.121767 -0.150574
-2.138958 -0.150088
-2.129963 -0.166768
-2.139391 -0.185143
-2.160606 -0.184405
-2.140629 -0.204669
-2.152961 -0.227202
-2.161360 -0.204615
-2.182171 -0.207450
-2.177761 -0.230027
-2.165705 -0.253849
-2.205004 -0.222838
-2.197174 -0.251619
-2.183678 -0.280165
-2.149643 -0.278632
-2.165811 -0.309209
-2.219343 -0.275814
-2.244919 -0.303375
-2.204602 -0.308874
-2.184841 -0.342384
-2.206689 -0.379528
-2.228576 -0.340738
-2.253870 -0.376892
-2.283524 -0.416062
0.466382 1.751877
0.427952 1.521749
0.338170 1.295561
-0.941207 1.792308
-1.218109 1.816188
-4.019237 -3.978899
1.573500 -4.602131
4.475743 4.434114
-0.787814 -0.403953
-0.907417 -0.520505
3.047921 -0.227385
3.046594 -0.370207
2.956915 -0.474011
2.928858 -0.318330
2.829390 -0.396621
2.719131 -0.453440
3.617707 -2.989014
-1.792262 3.595282
1.936773 -1.899150
1.810116 -2.162965
-4.401917 3.047570
-2.394543 -0.047296
-2.423151 -0.085440
-2.473456 -0.067841
-2.461769 -0.113032
-2.507183 -0.128144
-2.482638 -0.171235
-2.555071 -0.150717
-2.531989 -0.199837
-2.585888 -0.235383
-2.656612 -0.236698
-2.651096 -0.299533
-2.720243 -0.318048
-2.630450 -0.367382
-2.696917 -0.393681
-2.777918 -0.402269
-2.677278 -0.466908
-2.752102 -0.499047
-2.842752 -0.480846
-2.946164 -0.477609
-2.732920 -0.591384
-2.855125 -0.576071
-2.986672 -0.585150
-3.044441 -0.712023
-3.199064 -0.757218
0.099888 2.460324
-0.580273 -2.878845
-0.962684 -2.910696
-4.462595 -0.170889
-4.442310 -0.472657
-4.702294 0.584715
3.979874 4.474793
4.415672 3.930989
-2.693837 3.626915
2.084314 4.101054
-1.586688 -2.003925
-1.927137 -2.021388
-2.976300 -2.168490
-3.068453 -2.395318
-4.051104 2.372501
2.142153 -3.901397
1.706514 -3.807257
0.901966 0.517619
0.807345 0.651040
0.737363 0.503356
-2.527031 -2.460917
0.180343 1.553931
-0.091399 1.534568
-0.759876 2.017730
1.705520 -0.213020
1.692430 -0.245598
1.633192 -0.292045
1.619975 -0.340416
1.563324 -0.352677
1.503975 -0.375721
1.505457 -0.447844
1.452398 -0.495681
1.376966 -0.476489
1.349036 -0.550014
1.287755 -0.631243
1.263662 -0.721514
1.217201 -0.827717
1.020272 -0.710820
1.087614 -0.827654
-3.259799 0.511521
-3.378378 0.398480
-3.498276 0.283144
-3.607642 0.148904
-4.669524 -1.604344
-3.119845 1.988410
-2.986411 1.768470
-3.103177 1.601948
-3.276343 1.771647
-3.336708 1.518262
-3.563902 1.402038
-3.554267 1.166354
4.406286 0.182182
4.419601 -0.139335
4.137154 0.288241
4.165101 -0.001207
3.937856 -0.157219
4.166248 -0.291664
3.926663 -0.413320
3.807467 -0.581448
-0.536658 -4.498278
-0.211720 2.199644
-0.441616 1.947406
-0.929176 -0.123220
-1.008615 -0.228201
-1.087874 -0.344023
1.489429 1.127112
1.378282 1.039886
1.249778 0.971058
-4.111114 3.579749
-3.900033 4.465983
-1.596683 4.502153
2.160783 1.041617
2.025243 0.963738
2.167501 0.909865
2.072593 0.838767
1.964667 0.845715
1.954881 0.740184
1.856596 0.793001
1.870460 0.920416
1.738457 0.906763
1.864456 0.663316
1.776468 0.715984
1.750853 0.811224
1.682606 0.686635
-2.123969 0.216965
-2.107723 0.180125
-2.159992 0.195947
-2.140777 0.161995
-2.174070 0.142824
-2.196047 0.085718
-2.204073 0.118725
-2.243480 0.112073
-2.262601 0.075909
-2.225902 0.079967
-2.237158 0.047593
-2.274691 0.040323
-2.249059 0.016248
-2.284369 0.005769
-2.288289 -0.027793
-2.321519 -0.011177
-2.352434 -0.054510
2.273349 3.786341
1.929972 -0.942229
1.848222 -1.022019
1.749411 -1.107989
1.699937 -1.214480
1.931441 1.247440
1.917406 1.064512
1.795039 1.155587
1.783824 1.026247
1.657440 1.022033
0.906830 -0.121911
0.793181 -0.198654
0.691953 -0.300896
0.930697 -0.245638
0.838263 -0.337813
0.740319 -0.449706
0.575664 -0.431829
0.633025 -0.574047
0.427291 -0.488754
0.499604 -0.644340
4.551921 3.386759
-1.679179 2.887410
2.728364 1.543825
2.554380 1.589035
3.704793 0.176222
3.504004 0.235344
3.321867 0.281624
3.350204 0.098827
3.187594 0.158443
3.771325 -2.573120
3.650522 1.814903
3.563305 1.553367
3.516693 1.277287
3.319069 1.722019
3.310012 1.451330
3.100218 1.339683
0.936372 -2.605655
0.701834 -2.811861
2.734021 3.599012
0.278130 -2.381592
-3.912339 -0.584761
-3.936904 -0.973663
1.838073 2.547218
1.652643 2.303216
-2.101189 0.000433
-2.114092 -0.011574
-2.134123 -0.018338
-2.137426 -0.035744
-2.148101 -0.047145
-2.162994 -0.056384
-2.178931 -0.079151
-2.196240 -0.088291
-2.119050 -0.029963
-2.125528 -0.044874
-2.147646 -0.065392
-2.162765 -0.073317
-2.179957 -0.099248
-2.199156 -0.111064
-2.226344 -0.112308
-2.212969 -0.131329
-2.154305 -0.025492
-2.168675 -0.038860
-2.178672 -0.060224
-2.197464 -0.067673
-2.214534 -0.094003
-2.190357 -0.044945
-2.213392 -0.049771
-2.217798 -0.073546
-2.239300 -0.088579
-2.239084 -0.134641
-2.253569 -0.110376
-2.265784 -0.135822
-2.054790 -0.028458
-2.073881 -0.030834
-2.090277 -0.036937
-2.102130 -0.024965
-2.107171 -0.043486
-2.117795 -0.057523
-2.133441 -0.058333
-2.061111 -0.045837
-2.077687 -0.048908
-2.092496 -0.053275
-2.105187 -0.058842
-2.121074 -0.070861
-2.134776 -0.074967
-2.148827 -0.082123
-2.136411 -0.090140
-2.149405 -0.098201
-2.163846 -0.090756
-2.162543 -0.108667
-2.177400 -0.117068
-2.190048 -0.131113
-2.200500 -0.150112
-2.225318 -0.155066
-2.067843 -0.061878
-2.082073 -0.064896
-2.095132 -0.068267
-2.108255 -0.070861
-2.111750 -0.082363
-2.123886 -0.084753
-2.125506 -0.098035
-2.136474 -0.104801
-2.087005 -0.078557
-2.099513 -0.080528
-2.103561 -0.091473
-2.114232 -0.093814
-2.106093 -0.102799
-2.115932 -0.104978
-2.126428 -0.112138
-2.146133 -0.113862
-2.135737 -0.122191
-2.145808 -0.133807
-2.156386 -0.123918
-2.168418 -0.132187
-2.157262 -0.146852
-2.178135 -0.148194
-2.148396 -0.165989
-2.167134 -0.165076
-2.186638 -0.167898
-2.181840 -0.186084
-2.207392 -0.172490
-2.254552 -0.161958
-2.283632 -0.175258
-2.237779 -0.060210
-2.261541 -0.075212
-2.275103 -0.096714
-2.288420 -0.119560
-2.291276 -0.149346
-2.317141 -0.185009
-2.231826 -0.181631
-2.205705 -0.195275
-2.231546 -0.210654
-2.258677 -0.194785
-2.259141 -0.228572
-2.289765 -0.249013
-2.290136 -0.210692
-2.325672 -0.229175
-2.324063 -0.272140
-2.301666 -0.085037
-2.320598 -0.149046
-2.318067 -0.049707
-2.336589 -0.087443
-2.316371 -0.116072
-2.354901 -0.125738
-2.376621 -0.088136
-2.397720 -0.125089
-2.355086 -0.164845
-2.392021 -0.167257
-2.387864 -0.210686
-2.352436 -0.203023
-2.358915 -0.302222
-2.367595 -0.252537
-2.433261 -0.195167
-2.421305 -0.245433
-2.407168 -0.294208
-2.436792 -0.146263
-2.475855 -0.227248
-2.463664 -0.282841
-2.524116 -0.263549
-2.389751 -0.347741
3.551959 -0.925257
3.453847 -1.132292
3.235301 -1.126629
3.318134 -1.325024
3.110903 -1.293466
4.180061 -3.163781
1.332759 2.316119
1.251045 2.047839
1.050380 2.200322
0.911553 1.950472
1.148689 1.848650
0.996773 1.684913
1.072608 1.466855
-4.727137 2.236547
3.713078 3.212944
3.695971 2.489814
