5.000000 5.000000
0.000000 5.000000
2.500000 5.000000
3.750000 5.000000
4.375000 5.000000
3.125000 5.000000
1.250000 5.000000
1.875000 5.000000
0.625000 5.000000
-2.500000 5.000000
-1.250000 5.000000
-0.625000 5.000000
-1.875000 5.000000
-3.750000 5.000000
-3.125000 5.000000
-4.375000 5.000000
5.000000 -5.000000
5.000000 0.000000
5.000000 -2.500000
5.000000 -3.750000
5.000000 -4.375000
5.000000 -3.125000
5.000000 -1.250000
5.000000 -1.875000
5.000000 -1.562500
5.000000 -0.625000
5.000000 -0.937500
5.000000 -0.312500
5.000000 2.500000
5.000000 1.250000
5.000000 0.625000
5.000000 0.312500
5.000000 0.937500
5.000000 1.875000
5.000000 1.562500
5.000000 3.750000
5.000000 3.125000
5.000000 4.375000
-5.000000 -5.000000
0.000000 -5.000000
-2.500000 -5.000000
-3.750000 -5.000000
-4.375000 -5.000000
-3.125000 -5.000000
-1.250000 -5.000000
-1.875000 -5.000000
-0.625000 -5.000000
2.500000 -5.000000
1.250000 -5.000000
0.625000 -5.000000
1.875000 -5.000000
3.750000 -5.000000
3.125000 -5.000000
4.375000 -5.000000
-5.000000 5.000000
-5.000000 0.000000
-5.000000 2.500000
-5.000000 3.750000
-5.000000 4.375000
-5.000000 3.125000
-5.000000 1.250000
-5.000000 1.875000
-5.000000 1.562500
-5.000000 0.625000
-5.000000 0.937500
-5.000000 0.312500
-5.000000 -2.500000
-5.000000 -1.250000
-5.000000 -0.625000
-5.000000 -0.312500
-5.000000 -0.937500
-5.000000 -1.875000
-5.000000 -1.562500
-5.000000 -2.187500
-5.000000 -3.750000
-5.000000 -3.125000
-5.000000 -4.375000
1.160519 0.120632
1.079275 0.196131
0.947289 0.037295
0.741921 1.609084
0.707398 1.405682
0.613364 1.213804
-0.914572 0.192776
-1.047389 0.152718
-1.106825 0.032696
-1.233745 0.030922
-1.291586 -0.061851
-1.354293 -0.143824
-1.417139 -0.221233
-1.311759 -0.237504
-1.355117 -0.311784
-3.422069 2.148495
-3.663355 1.911164
-3.612064 0.758169
-3.684034 0.556903
-1.945072 -0.072828
-1.965174 -0.094345
-1.967437 -0.121826
-1.988421 -0.131771
-2.008271 -0.141281
-2.011523 -0.164178
-2.031226 -0.170132
-2.026627 -0.189042
-2.046556 -0.192612
-2.042494 -0.211926
-2.064444 -0.218769
-2.087068 -0.230124
-1.954014 -0.020031
-1.961134 -0.048046
-1.970748 -0.071640
-1.991769 -0.082267
-1.987272 -0.106727
-2.007747 -0.098792
-2.006835 -0.119074
-2.027127 -0.148951
-2.050215 -0.174838
-1.978341 -0.003174
-1.981384 -0.030484
-1.987158 -0.056047
-2.004300 -0.040650
-2.008224 -0.063709
-2.014246 -0.082504
-2.024359 -0.049808
-2.029155 -0.069752
-2.030524 -0.088716
-2.024591 -0.107058
-2.024379 -0.128314
-2.041971 -0.101684
-2.039177 -0.118967
-2.041737 -0.136624
-2.045426 -0.155056
-2.062782 -0.160167
-2.068949 -0.178753
-2.065610 -0.196338
-2.084864 -0.204203
-2.088028 -0.181976
-2.052730 -0.111843
-2.055453 -0.126464
-2.058705 -0.142068
-2.071090 -0.129237
-2.073523 -0.147324
-2.080346 -0.163724
-2.097594 -0.163891
-2.109484 -0.177174
-2.104158 -0.194308
-2.106040 -0.215897
-2.111983 -0.240654
-1.945797 -0.110001
-1.944399 -0.139036
-1.968550 -0.148587
-1.990769 -0.156437
-1.986199 -0.177407
-2.006489 -0.184298
-2.020806 -0.210106
-1.937592 -0.164516
-1.962720 -0.171598
-1.943497 -0.195511
-1.972771 -0.199621
-1.997811 -0.205599
-1.968673 -0.225188
-1.993610 -0.230260
-2.018124 -0.233608
-2.041869 -0.235244
-2.066327 -0.246350
-2.014623 -0.259060
-2.041414 -0.262218
-2.068696 -0.276692
-2.091723 -0.258480
-2.119396 -0.268685
-2.128295 -0.300697
-2.042925 -0.055011
-2.059856 -0.071476
-2.045677 -0.072214
-2.047049 -0.086689
-2.060587 -0.084847
-2.059452 -0.099337
-2.072151 -0.091772
-2.073447 -0.103921
-2.065956 -0.114895
-2.079060 -0.115386
-2.086052 -0.125177
-2.082710 -0.137145
-2.096101 -0.134624
-2.089878 -0.149490
-2.104998 -0.147173
-2.114343 -0.160056
-2.126150 -0.183361
-2.123254 -0.200373
-2.129557 -0.222440
-2.139248 -0.247493
-2.149208 -0.275241
-2.159526 -0.307676
-1.956057 -0.254481
-1.986481 -0.257080
-2.014932 -0.286735
-2.041781 -0.293589
-2.071676 -0.310942
-2.097362 -0.290233
-2.106253 -0.325946
-2.145995 -0.337602
-2.187340 -0.348460
-2.083653 -0.101700
-2.088727 -0.109367
-2.092982 -0.117818
-2.101764 -0.123594
-2.110210 -0.133002
-2.120365 -0.142735
-2.129176 -0.153018
-2.128754 -0.168081
-2.144575 -0.183940
-2.163193 -0.181310
-2.144492 -0.202705
-2.154043 -0.225641
-2.167255 -0.203198
-2.178843 -0.227402
-2.169367 -0.251087
-2.200361 -0.255327
-2.180367 -0.280270
-2.214248 -0.285844
-2.189359 -0.313551
-2.005738 -0.318089
-2.037716 -0.327270
-2.073706 -0.347438
-2.077370 -0.388161
-2.113844 -0.363967
-2.156008 -0.378472
-2.200798 -0.391611
-2.121110 -0.407950
-2.129806 -0.459019
-2.167228 -0.425270
-2.181034 -0.478179
-2.224405 -0.322423
-2.265822 -0.331178
-2.282012 -0.374314
-2.217358 -0.439112
-2.274781 -0.444731
-2.235386 -0.490700
-2.285244 -0.506434
-2.233117 -0.361183
-2.250391 -0.403494
-2.314970 -0.404950
-4.637208 1.857451
-3.223352 -1.758196
-3.469912 -1.780961
2.890283 0.667047
1.074150 -0.232650
1.003927 -0.309474
0.935377 -0.395201
0.966579 -0.197346
0.875174 -0.285734
0.767448 -0.337756
0.847297 -0.459367
0.694079 -0.467137
0.639585 -0.635687
0.452352 -0.667307
0.421137 0.347333
-2.564636 1.682394
-4.671764 0.869726
3.402753 2.526902
1.566638 -2.532177
-2.205150 -1.287209
-2.348953 -1.328551
-2.467346 -1.472233
-2.454247 -1.642442
-2.626076 -1.649092
-2.785678 -1.784846
1.365794 -1.587696
4.124496 0.187202
4.026798 -0.061514
3.901985 -0.297687
1.903522 0.793155
1.810678 0.717133
2.007754 0.725519
1.915440 0.678589
2.089647 0.648065
1.994419 0.615511
2.064093 0.551474
1.978231 0.518876
1.911129 0.571169
1.837894 0.626678
1.826533 0.543795
1.894872 0.477955
1.809198 0.469216
1.746482 0.513230
1.708675 0.449900
1.745076 0.617105
1.639342 0.640124
1.676242 0.548052
1.552453 0.475947
1.637318 0.472658
1.620753 0.401702
1.546800 0.404857
-3.674258 -1.590968
-3.995763 -1.625612
-2.984429 -2.172612
1.153430 1.062937
1.078532 0.899007
0.979454 1.032477
0.856971 0.952623
2.094459 -0.880204
2.017510 -0.955132
2.036304 -1.083470
1.920723 -1.031336
1.926552 -1.161018
3.805598 -2.828000
0.039467 1.866156
-1.320958 1.940194
-1.314388 1.692938
-1.550658 1.757200
2.600512 -0.750991
2.561235 -0.873485
2.656070 -0.972995
2.513970 -1.005478
2.378216 -1.019820
2.248829 -1.017731
2.301766 -1.146381
-2.911631 -1.246414
-3.114033 -1.314769
-4.449774 0.069682
-4.195987 0.184155
0.153544 0.723367
1.038590 -1.793038
0.966317 -2.060179
-2.323915 -3.701855
-1.462746 -2.884681
-2.610929 2.933846
1.445852 -3.076584
-0.001018 -0.011092
-2.336210 -1.990557
-2.245034 -2.233945
-2.489665 -2.389124
-1.179455 2.817780
1.728709 2.685653
1.890258 2.403646
1.552839 2.412929
-2.122032 -0.004035
-2.137668 -0.018020
-2.152321 -0.032119
-2.165460 -0.046971
-2.177015 -0.062604
-2.186193 -0.078255
-2.199107 -0.090812
-2.229012 -0.126798
-2.104873 -0.011360
-2.119610 -0.024511
-2.133795 -0.037191
-2.146582 -0.050546
-2.157705 -0.064892
-2.166973 -0.080408
-2.177919 -0.095353
-2.192097 -0.110540
-2.214074 -0.107198
-2.217930 -0.150603
-2.157270 -0.011333
-2.172986 -0.027167
-2.187108 -0.044576
-2.200894 -0.064692
-2.218863 -0.082851
-2.237625 -0.100782
-2.159955 0.012356
-2.178720 -0.004011
-2.195410 -0.021436
-2.209416 -0.041265
-2.225092 -0.060614
-2.245887 -0.073281
-2.264758 -0.097103
-2.254947 -0.123673
-2.273657 -0.147954
-2.087222 -0.018950
-2.102534 -0.030890
-2.101187 -0.048092
-2.116785 -0.042230
-2.129622 -0.054034
-2.056366 -0.039738
-2.070414 -0.028009
-2.086828 -0.038438
-2.087437 -0.056029
-2.100460 -0.063202
-2.114224 -0.057834
-2.125110 -0.068849
-2.140597 -0.066887
-2.149896 -0.080991
-2.158450 -0.097271
-2.111349 -0.071595
-2.119522 -0.081758
-2.133791 -0.080856
-2.141185 -0.093641
-2.155965 -0.115166
-2.172352 -0.112088
-2.165670 -0.129132
-2.184393 -0.129191
-2.205484 -0.129005
-2.244121 -0.149692
-2.260130 -0.174883
-2.058799 -0.056941
-2.072803 -0.047102
-2.073132 -0.063251
-2.085051 -0.069661
-2.095544 -0.073367
-2.095039 -0.085366
-2.104437 -0.079526
-2.110155 -0.087166
-2.114531 -0.095460
-2.126066 -0.092681
-2.102102 -0.092640
-2.106082 -0.100665
-2.119606 -0.104308
-2.132075 -0.104891
-2.145095 -0.107854
-2.136692 -0.119689
-2.148244 -0.128709
-2.155295 -0.143639
-2.174031 -0.146355
-2.194930 -0.149317
-2.073461 -0.078429
-2.085033 -0.081992
-2.082688 -0.091487
-2.092563 -0.095882
-2.097107 -0.104092
-2.101797 -0.112233
-2.110836 -0.108938
-2.112849 -0.119497
-2.123721 -0.114925
-2.123576 -0.128020
-2.135420 -0.136453
-2.142414 -0.149883
-2.144707 -0.166196
-2.160520 -0.161311
-2.180719 -0.166129
-2.185971 -0.187212
-2.204201 -0.173086
-2.230698 -0.174263
-2.215357 -0.197384
-2.244758 -0.200646
-2.202441 0.004926
-2.220107 -0.016200
-2.234406 -0.040245
-2.258944 -0.046000
-2.275928 -0.070897
-2.284903 -0.121126
-2.308360 -0.141292
-2.293100 -0.173014
-2.277512 -0.202674
-2.314703 -0.202320
-2.258610 -0.230797
-2.296504 -0.233032
-2.317928 -0.264827
-2.340945 -0.226864
-2.206074 0.035272
-2.229214 0.011716
-2.246935 -0.016367
-2.290951 -0.042374
-2.297427 -0.097092
-2.324855 -0.111949
-2.348204 -0.141553
-2.328564 -0.172625
-2.234629 0.040973
-2.264275 0.041779
-2.257351 0.011577
-2.276158 -0.015101
-2.301380 0.055334
-2.290701 0.018173
-2.310144 -0.011342
-2.326637 -0.043232
-2.308378 -0.070300
-2.362206 -0.055824
-2.336522 -0.081384
-2.367883 -0.102320
-2.387705 -0.146228
-2.410050 -0.106461
-2.408852 -0.187520
-2.362284 -0.187119
-2.461280 -0.194182
-2.385378 -0.229140
-2.362685 -0.269973
-2.411238 -0.276716
-2.439550 -0.324984
-2.434470 -0.231324
-2.468883 -0.267365
-2.494618 -0.321303
-2.553929 -0.340141
2.484710 -0.773605
2.437668 -0.895339
2.318279 -0.907130
2.127178 -0.995181
2.162976 -1.125815
0.739068 2.871502
3.607355 3.634851
3.737681 2.281934
3.722259 -1.849285
3.437789 -1.963008
3.157882 -2.011178
-1.742432 2.627555
-1.945404 2.382272
-2.008959 -4.066760
-1.991189 0.834667
-2.073100 0.759244
-2.143786 0.681679
-2.206859 0.605770
-2.111537 0.587957
-2.258362 0.530643
-2.306102 0.611651
-2.089388 0.500865
-2.170885 0.521816
-2.218552 0.456717
-2.253996 0.393585
-2.298290 0.457030
-2.439665 0.510762
-2.379425 0.444344
-2.460315 0.422038
-2.325988 0.385577
-2.399245 0.365870
-2.470330 0.339584
-2.144174 0.443828
-2.188843 0.385343
-2.274350 0.334487
-2.344671 0.319372
-2.209380 0.330709
-2.244365 0.278515
-2.298067 0.278999
-2.408660 0.290704
-2.407906 0.219294
-2.470665 0.265564
-2.540561 0.388655
-2.299151 0.228817
-2.250289 0.230573
-2.255832 0.187853
-2.297065 0.181706
-2.348491 0.197961
-2.354435 0.254785
-2.389594 0.161002
-2.411483 0.112094
-2.464177 0.201788
-2.447059 0.148610
-2.515184 0.158039
-2.485666 0.103169
-2.333686 0.146028
-2.359893 0.107878
-2.389696 0.066509
-2.443078 0.075801
-2.467986 0.033758
-2.514320 0.053935
-2.541677 0.302834
-2.532540 0.226981
-2.586179 0.175863
-2.559171 0.101771
-2.580522 0.034663
-2.627388 0.117474
-2.645167 0.054894
-2.610667 0.252625
-2.672472 0.187772
-2.711507 0.108520
-0.333933 2.378818
-2.767346 2.609348
-2.863721 2.308563
-3.239979 -2.015402
-3.222330 -2.290644
-0.428090 -3.213321
3.113434 -0.737366
2.947437 -0.691213
2.816494 -0.636646
2.814336 -0.486920
2.729340 -0.556995
2.993142 -0.851177
2.855664 -0.800085
2.751882 -0.731058
2.662946 -0.658879
2.691358 -0.832427
2.801103 -0.916794
4.116612 -0.753670
3.878424 -0.912331
0.808534 -3.317686
-1.688747 -0.658220
-1.726793 -0.749968
-1.742258 -0.900100
-3.576864 1.370842
-2.989567 0.036587
-3.089473 -0.033821
-2.796509 0.055562
-2.714133 0.016996
-2.783290 -0.039581
-2.878827 -0.010638
-2.964004 -0.076537
-2.854306 -0.107539
-2.923655 -0.184539
-3.041065 -0.161404
-3.169357 -0.132770
-2.987750 -0.277979
-3.110038 -0.267834
-3.278240 -0.067095
-3.237502 -0.244711
-3.351504 -0.182278
-3.349866 -0.351014
-3.409239 -0.482541
-2.336484 1.642366
0.423549 -2.648934
0.365377 -3.002103
-2.367882 0.914947
-2.430267 0.798939
-2.559897 0.781468
-2.593523 0.661864
-3.995562 -2.758223
0.480154 1.422582
0.363772 1.192437
3.869437 -3.767889
0.191914 -0.119748
0.022288 -0.253349
-0.004582 -0.495801
-1.748947 0.687453
-1.821945 0.607649
-1.724529 0.576726
-1.787791 0.503280
-1.875374 0.539543
-1.856567 0.708752
-1.961868 0.725174
-2.038571 0.654627
-1.934087 0.619050
-2.022963 0.561767
-1.869007 0.464268
-1.878275 0.387672
-1.949866 0.520759
-2.016008 0.472712
-2.074684 0.419151
-2.128422 0.373244
-1.939266 0.442935
-2.000368 0.400138
-2.049742 0.360168
-2.094212 0.329720
-2.100092 0.275616
-2.150953 0.310843
-2.193275 0.272848
-0.988114 -0.589094
-1.095955 -0.521656
-1.070460 -0.700405
3.868933 1.930918
3.215671 -1.539369
3.170814 -1.774886
2.917574 -1.950132
2.829863 -2.169072
2.705526 -2.373683
3.765582 -0.098971
3.649684 -0.291345
3.510358 -0.412346
-2.246949 2.395301
-2.553130 2.364701
-4.662457 1.181194
2.824455 0.531981
2.693446 0.515248
2.754187 0.405828
2.597229 0.293934
2.695836 0.297661
2.623117 0.194676
2.520395 0.144656
-3.926379 0.513392
-4.187997 0.468851
2.045655 0.466872
1.912817 0.397334
1.844658 0.409164
1.705132 0.306822
2.033644 0.393863
1.970664 0.438984
1.927210 0.329471
1.866550 0.346041
1.802610 0.350622
1.767447 0.290798
1.975132 0.365121
1.982948 0.298356
1.938922 0.271930
1.885141 0.290120
1.855097 0.245834
1.807327 0.242271
1.827838 0.294867
1.763777 0.232726
1.735046 0.194071
1.717710 0.249014
1.682834 0.203807
1.767543 0.413921
1.739106 0.353931
1.687307 0.385682
1.646979 0.328373
1.661643 0.260912
1.600832 0.272143
1.563701 0.217900
1.625870 0.211016
1.594358 0.160533
1.704806 0.155079
1.651402 0.158440
1.788032 0.188108
1.938846 0.220653
1.901470 0.240247
1.883252 0.202543
1.836606 0.200856
1.870929 0.165466
1.918231 0.184284
1.827073 0.160651
1.791670 0.141549
1.753078 0.150765
1.687669 0.114642
1.641749 0.113965
1.594532 0.111986
1.543233 0.108477
1.533556 0.164357
1.484592 0.129653
1.505225 0.058607
1.445217 0.086389
1.732466 0.113268
1.669171 0.074162
1.622346 0.069023
1.570480 0.060141
1.546135 0.016976
1.819928 0.120771
1.774229 0.107782
1.943567 0.153077
1.945398 0.121154
1.903526 0.146247
1.882230 0.116161
1.917827 0.113025
1.898013 0.086802
1.856131 0.133189
1.845791 0.101256
1.867309 0.084681
1.852772 0.057642
1.831491 0.076555
1.815960 0.055568
1.806479 0.093607
1.752590 0.075724
1.788152 0.068353
1.768644 0.041632
1.733354 0.043834
1.712417 0.076793
1.693938 0.040153
1.651971 0.033862
1.605516 0.024636
1.497559 -0.009137
1.636624 -0.006038
1.799107 0.034633
1.783695 0.011425
1.751875 0.014035
1.767707 -0.012605
1.737153 -0.014508
1.716912 0.011889
1.678293 0.002185
1.663040 -0.033370
1.703386 -0.019930
1.689987 -0.049413
1.643796 -0.063276
1.584674 -0.062614
1.615494 -0.037359
1.584221 -0.010500
1.545050 -0.038917
1.502049 -0.072311
1.455359 -0.107694
1.551655 -0.094611
1.517218 -0.133756
1.470652 -0.163415
1.445016 0.021088
1.382230 0.054502
1.445415 -0.045103
1.388990 -0.087935
1.330988 -0.140456
1.381952 -0.017697
1.315632 -0.063795
1.246588 -0.119882
-1.562945 2.039321
-1.833718 2.112283
-2.879932 1.397111
2.197666 1.017059
2.159487 0.873937
2.069317 0.967288
1.963655 0.895319
2.043402 0.827919
2.125737 0.750643
2.199046 0.667685
4.382503 0.984192
-3.337917 0.457589
-3.520955 0.381067
-1.656197 -0.158408
-1.704406 -0.197132
-1.705137 -0.253121
-1.714757 -0.144420
-1.758919 -0.169870
-1.755181 -0.223082
-1.751431 -0.277942
-1.800766 -0.201735
-1.841374 -0.226107
-1.800728 -0.251680
-1.837135 -0.312162
-1.794995 -0.299756
-1.672827 -0.297688
-1.731984 -0.324672
-1.787745 -0.346766
-1.843136 -0.360350
-1.804419 -0.404673
-1.861372 -0.412157
-1.843810 -0.270761
-1.880427 -0.324880
-1.900308 -0.369445
-1.913411 -0.415535
-1.887557 -0.466801
-1.881759 -0.245881
-1.883614 -0.285624
-1.919125 -0.289307
-1.923226 -0.325848
-1.949090 -0.363224
-1.956243 -0.404168
-1.909948 -0.219194
-1.940243 -0.223380
-1.920069 -0.254744
-1.951321 -0.285723
-1.984017 -0.286911
-1.963789 -0.320652
-1.992726 -0.351535
-1.997621 -0.389314
-2.034992 -0.364881
-1.994763 -0.435628
-1.944869 -0.461016
-1.975984 -0.534953
-1.989255 -0.485948
-2.035590 -0.520272
-2.038918 -0.411664
-2.082713 -0.436224
-2.039581 -0.463109
-2.087219 -0.491123
-2.092775 -0.550411
0.378857 0.157854
0.188709 0.098749
-0.900946 -0.487152
2.557714 -0.463048
2.439467 -0.507156
2.666592 -0.458114
2.610539 -0.559412
2.512921 -0.547421
2.528183 -0.654953
2.430012 -0.598460
2.412746 -0.692208
2.356212 -0.533829
2.380754 -0.453794
2.273318 -0.545669
2.336574 -0.618046
2.296408 -0.339636
2.195518 -0.371643
2.331362 -0.396923
2.305621 -0.466592
2.256860 -0.401466
2.240769 -0.478256
2.311076 -0.709641
2.201099 -0.566055
2.194419 -0.432196
2.137676 -0.457512
2.185034 -0.504179
2.125829 -0.521930
2.133104 -0.580470
2.074500 -0.598377
2.081371 -0.668579
2.249632 -0.632217
2.162275 -0.643958
2.372782 -0.797001
2.217415 -0.717850
2.129596 -0.722907
2.073701 -0.780896
2.267071 -0.806629
2.167659 -0.805902
2.203922 -0.904139
1.133349 2.953852
-0.253713 2.025651
-0.489035 1.803328
0.350508 2.749431
0.347581 1.993301
-4.107986 1.211071
3.908785 -2.417252
-1.393652 -0.584139
-1.492395 -0.604701
-1.519516 -0.706838
-1.592576 -0.636833
-1.625983 -0.734178
-1.660263 -0.840920
-1.787706 -0.818647
-1.548429 -0.810950
-1.664377 -0.981948
-1.851498 -0.906035
-1.792647 -1.004471
-1.916216 -0.998678
-4.335021 0.986884
-0.017607 3.022973
-1.995269 1.903887
-2.770214 1.803913
-2.955979 1.602879
-1.924903 -0.518134
-1.904034 -0.583093
-1.971633 -0.588173
-2.023442 -0.642844
-2.005648 -0.715549
-2.034981 -0.577544
-2.142167 -0.516928
-2.153803 -0.581023
-2.093441 -0.616786
-2.220766 -0.609944
-2.086529 -0.690614
-2.158542 -0.654112
-2.157090 -0.736636
-2.229761 -0.691884
-2.237436 -0.779219
-2.074807 -0.773432
-2.153068 -0.829015
1.574207 0.961200
1.507242 0.843370
1.453137 0.731057
1.579859 0.736920
1.526198 0.638332
1.484391 0.538187
1.413913 0.620287
1.303731 0.586401
1.198837 0.539421
1.279216 0.468097
1.192510 0.401204
2.766903 -1.077105
2.606738 -1.121501
2.541481 -1.276749
2.462834 -1.437535
-4.707743 -0.366926
2.589878 1.548918
-3.751849 -1.848861
-4.033276 -1.965982
-3.778442 -2.161848
2.055352 -1.774758
2.018622 -1.588699
1.872861 -1.829234
1.886906 -2.016367
1.672847 -1.860272
1.674851 -2.065431
1.763911 -2.300929
4.086378 -1.351742
-3.169606 -1.518963
-3.400413 -1.554176
1.010746 -2.651301
1.191434 1.606594
0.969612 1.562104
0.891464 1.360946
-0.211223 1.019428
-3.316302 2.888194
-3.097411 2.609185
-3.460909 2.500119
-3.708561 2.219555
1.405052 -0.154456
1.359881 -0.212710
1.677584 -0.080208
1.644405 -0.105945
1.611720 -0.088445
1.587998 -0.118242
1.566313 -0.151983
1.538260 -0.187816
1.492028 -0.209498
1.430853 -0.217145
1.403394 -0.280513
1.323382 -0.278935
1.287153 -0.352006
1.232441 -0.278095
1.250989 -0.431836
1.188985 -0.373458
1.136181 -0.463959
1.096525 -0.571723
0.948294 -0.561743
1.030202 -0.682235
0.892292 -0.697847
0.862425 -0.912639
0.537946 -0.491242
0.352189 -0.512424
0.314591 -0.784342
0.158382 -0.911171
0.210565 -0.627945
0.039750 -0.715542
-0.084229 -0.915957
-4.403759 0.675346
1.324797 0.708026
1.200155 0.666550
1.044891 0.387041
1.861425 -0.242604
1.856615 -0.270914
1.826492 -0.282400
1.794588 -0.290450
1.756597 -0.302677
1.754071 -0.343720
1.715014 -0.365091
1.910467 -0.270781
1.884594 -0.290991
1.854893 -0.302090
1.823772 -0.321464
1.786967 -0.324355
1.952535 -0.308757
1.918299 -0.301051
1.860706 -0.333594
1.798821 -0.358371
1.761832 -0.385441
1.923952 -0.336835
1.891179 -0.323139
1.887288 -0.364754
1.840132 -0.364008
1.857064 -0.404112
1.809179 -0.399819
1.769690 -0.433625
1.718241 -0.414604
1.674719 -0.335468
1.627132 -0.353798
1.669737 -0.388020
1.616379 -0.410518
1.723427 -0.468917
1.667628 -0.444897
1.668141 -0.508203
1.556484 -0.429004
1.609768 -0.476175
1.606375 -0.554119
1.544351 -0.499563
1.519070 -0.572450
1.590276 -0.315342
1.569441 -0.366304
1.507567 -0.375357
1.488851 -0.442690
1.465434 -0.513350
1.426635 -0.590826
1.485061 -0.656310
3.280708 3.930665
1.935264 2.979567
1.534938 2.987036
-1.009266 0.304965
-1.122177 0.250185
-1.196348 0.337615
-1.256455 0.446846
-1.315328 0.322981
-1.178714 0.134231
-1.249880 0.227672
-1.362625 0.214775
-1.298351 0.125500
-1.345439 0.032671
-1.404788 0.119906
-1.443163 0.033900
-1.394943 -0.051406
-1.528065 0.030973
-1.589504 0.055317
-1.485175 -0.044277
-1.449072 -0.125668
-1.508489 -0.178388
-1.563625 -0.036917
-1.628817 -0.053395
-1.680216 -0.096864
-1.539892 -0.106862
-1.611886 -0.107370
-1.589300 -0.169425
-1.643362 -0.226712
-4.713171 0.244440
-1.746904 -2.088563
-1.970228 -2.170893
-2.014663 -2.434732
-2.281444 -2.529700
-2.905787 2.038203
-3.147174 2.324718
-3.151778 2.057753
-4.060753 -0.238262
-1.899056 3.810937
-0.922284 3.494467
-1.466226 3.210227
-0.966566 0.042685
-1.038003 -0.080291
-1.121204 -0.185426
-1.172446 -0.071235
-1.241774 -0.162552
-1.212516 -0.282365
-1.282281 -0.381529
-1.394959 -0.405194
-1.343310 -0.489774
-3.995881 1.851909
-4.055777 1.499854
1.425506 2.126112
1.153857 2.054566
3.202034 0.370613
2.957317 0.274014
2.818623 0.291608
2.864298 0.170956
2.741317 0.190604
2.793426 0.074790
2.689008 0.096331
2.598444 0.101215
2.600473 0.018466
2.529899 -0.032751
4.427049 -3.950735
2.004129 -2.817641
1.678590 -2.838626
3.155572 0.861751
0.361282 -0.035865
-4.445928 -3.012259
-2.803017 0.440104
-3.069498 0.254400
1.012234 2.611955
-1.278996 1.144769
-1.332281 0.981442
-1.152220 0.994094
-1.231715 0.845067
-1.391721 0.841432
-1.314665 0.715345
-1.448526 0.717465
-1.537306 0.813831
-1.553921 0.679714
-1.410326 0.610275
-1.648085 0.638651
-1.513737 0.580139
-1.605575 0.550218
-1.681918 0.492042
-1.655780 0.762990
0.051449 -1.176346
4.078660 3.454424
-2.526860 1.165310
-2.595611 1.017658
-2.436561 1.042610
-2.507050 0.906277
-2.761010 0.998789
-2.655666 0.881144
-2.690910 0.745714
-2.801717 0.836776
2.325918 2.927703
2.086241 2.659440
-3.357792 3.234215
2.204705 1.660495
3.874578 0.887765
3.693544 0.702041
2.425097 -2.847322
-0.828051 -1.097376
-1.010106 -1.191265
-1.022221 -1.398027
-1.224877 -1.467654
-3.280686 -0.968088
-3.449503 -1.161421
-3.557435 -1.365670
-3.684400 -0.754303
-3.629583 -0.965133
-3.673799 -1.157431
-3.824585 -1.375362
-4.668064 2.246067
-1.189833 -3.591729
-4.710526 -0.066398
-1.973825 -3.317739
-2.708554 0.619047
-2.820190 0.559480
-2.821409 0.691670
-2.947761 0.613441
-2.922646 0.478064
1.147699 1.804999
0.927229 1.783777
2.966061 -1.726530
2.640456 -2.000802
2.739005 0.903836
-1.094266 3.966139
2.228227 1.176777
2.076891 1.120351
2.692398 2.822042
0.219098 0.313671
-0.003909 0.244593
-0.192632 0.108954
-4.707436 -0.668929
-1.741165 0.425899
-1.810979 0.411505
-1.938897 0.367541
-1.991962 0.328832
-1.932712 0.305948
-1.578577 0.454117
-1.659192 0.399397
-1.730986 0.350539
-1.804035 0.344711
-1.870443 0.325110
-1.820394 0.275278
-1.755748 0.286893
-1.772423 0.218239
-1.883416 0.261817
-1.841614 0.219629
-1.814428 0.168717
-1.868199 0.175214
-1.854326 0.127569
-1.900752 0.145169
-1.892517 0.099003
-1.937554 0.250953
-1.906728 0.204876
-1.991195 0.264827
-2.043176 0.298456
-2.010275 0.212031
-2.048114 0.247692
-1.962121 0.209181
-1.986097 0.168164
-1.939941 0.163645
-1.932482 0.114664
-1.926962 0.071646
-1.960464 0.050338
-1.970509 0.127519
-1.961954 0.086924
-1.989099 0.061344
-2.028349 0.167120
-2.010216 0.130552
-1.996503 0.096127
-2.002056 0.036674
-2.028431 0.017516
-1.975990 0.025807
-2.004456 0.009645
-2.003182 -0.015693
-2.022547 -0.027761
-2.039139 -0.034793
-2.018081 0.068820
-2.026958 0.043407
-2.029078 -0.007693
-2.050524 -0.018543
-2.047870 0.128410
-2.068082 0.158477
-2.056335 0.201027
-2.097023 0.227773
-2.148859 0.243865
-2.204856 0.225880
-2.131894 0.196325
-2.096035 0.182923
-2.110646 0.151877
-2.146082 0.155118
-2.172082 0.193271
-2.214663 0.179559
-2.185244 0.149599
-2.212018 0.129769
-2.244163 0.146382
-2.261355 0.109254
-2.195685 0.098750
-2.229656 0.099505
-2.233411 0.069539
-2.267590 0.074933
-2.032304 0.096757
-2.050402 0.064489
-2.080885 0.071899
-2.073936 0.043851
-2.096826 0.028284
-2.051222 0.031848
-2.072858 0.017200
-2.050719 0.005126
-2.070420 -0.006739
-2.091622 0.003354
-2.098982 0.054537
-2.112530 0.012684
-2.121506 0.041385
-2.131608 0.021988
-2.140222 0.003903
-2.101673 0.093830
-2.151703 0.032704
-2.086889 0.125609
-2.165073 0.116856
-2.202617 0.065706
-2.065697 0.097003
-2.125825 0.118527
-2.140392 0.090184
-2.118369 0.071437
-2.170018 0.078256
-2.145141 0.057723
-2.175235 0.047322
-2.181269 0.021904
-3.633052 1.149373
4.315642 -1.894235
-1.515694 4.065917
0.276983 -1.316286
0.098612 -1.503152
-0.148287 -1.399320
1.301993 3.310704
0.458838 -3.344520
-0.630873 -0.244422
-1.239857 -3.228976
4.635418 1.543273
-1.848326 2.974016
-0.397900 2.827428
-1.557740 -3.628624
-4.013361 3.907875
-4.733563 -2.747859
2.950058 3.547944
0.109871 1.173557
-3.771134 1.637124
0.231310 1.413713
0.001820 1.532752
-0.110580 1.286331
-0.826009 -1.308496
-0.836236 -1.537956
-1.122346 -1.844172
-2.651342 2.077254
2.078743 1.886412
2.013821 1.687254
4.544682 3.307726
-1.060070 -2.321981
-1.219183 -2.609518
0.937055 -3.714950
4.722956 2.225680
4.566795 1.907438
1.066282 -2.992890
-1.020619 1.373632
-1.210794 1.314032
-1.428434 1.301560
-1.629355 1.372124
-1.452725 1.106645
-1.590118 1.196275
-1.744955 1.210583
-1.497942 0.950895
-1.620890 1.043728
-1.754204 1.065454
-1.647245 0.900314
-1.766767 0.936081
-1.882612 0.941669
-1.770484 0.810212
-1.883468 0.825569
1.865877 -2.554377
-1.366337 -1.333012
-1.427852 -1.519722
-1.598904 -3.266825
-1.714651 1.574481
-1.949284 1.528422
-2.014421 1.353149
-1.820784 1.381140
-1.900739 1.211716
-1.887409 1.071122
-2.019328 1.062579
-2.053438 1.187686
-2.139419 1.010323
-2.191472 1.301244
-2.190412 1.139975
-2.290807 1.036595
-0.843948 -3.240855
2.184013 3.289620
-2.117610 -1.797046
-2.122613 -1.997315
-3.469849 -0.104248
-3.640844 -0.138945
-3.848157 -0.166275
-3.500098 -0.278501
-3.701648 -0.321040
-3.900145 -0.392582
-4.033740 -0.536071
-2.194659 -0.207151
-2.203609 -0.230957
-2.226544 -0.224476
-2.234092 -0.255993
-2.250572 -0.291838
-2.273916 -0.262844
-2.292732 -0.299013
-2.337243 -0.307768
-2.382151 -0.322533
-2.312245 -0.342921
-2.352296 -0.365734
-2.413574 -0.375394
-2.373904 -0.420368
-2.439071 -0.435780
-2.509365 -0.457408
-2.486661 -0.383880
-2.567559 -0.408857
-2.526121 -0.538938
-2.590099 -0.487015
-2.329944 -0.461287
-2.390476 -0.484939
-2.453188 -0.509493
-2.459069 -0.588086
-2.532429 -0.629095
-2.607600 -0.577487
-2.611308 -0.680041
-2.679647 -0.517378
-2.699689 -0.617409
-2.702426 -0.723200
3.068714 2.355317
2.471555 1.742224
2.487414 1.374743
2.367773 1.545154
2.287413 1.342827
-3.807272 1.388551
1.515195 3.686163
2.418106 -4.304693
3.407913 -4.530000
3.039720 1.754321
2.879688 1.574790
2.939419 1.367271
2.718060 1.402923
1.424793 -3.751956
2.230379 -3.885238
-3.862062 1.172562
-4.015488 0.950508
-2.159602 1.492315
-2.336642 1.409936
-2.348559 1.199216
2.164716 2.102222
1.938242 2.137469
1.852739 -3.664824
3.404221 -0.583266
3.301765 -0.736212
3.381631 -0.966224
3.226083 -0.878633
3.104401 -0.965750
3.059897 -1.143183
-2.077008 2.692921
-4.661329 1.518817
1.863578 -3.156484
2.981309 0.537264
3.046594 0.391713
2.894470 0.406753
4.151306 0.782632
-2.104003 1.691303
1.336585 -2.757447
0.723603 -2.642161
3.776981 -3.249490
-4.120870 3.424968
-1.829885 -2.978594
-2.286680 0.140400
-2.308279 0.098876
-2.342749 0.063755
-2.328805 0.023604
-2.372357 0.022884
-2.348229 -0.013051
-2.387384 -0.019749
-2.428133 -0.017441
-2.404554 -0.064479
-2.452409 -0.060535
-2.452940 -0.102180
-2.496634 -0.109016
-2.437009 -0.146911
-2.486644 -0.153422
-2.533640 -0.166711
-2.503188 -0.219178
-2.569722 -0.218964
-2.418905 0.025539
-2.474699 -0.011704
-2.507557 -0.058720
-2.526248 -0.000967
-2.571121 -0.041316
-2.552197 -0.106689
-2.621423 -0.089263
-2.599391 -0.156280
-2.642288 -0.216117
-2.533128 -0.273352
-2.602133 -0.281835
-2.629498 -0.352475
-2.681376 -0.285183
-2.717079 -0.362811
-2.750030 -0.449997
-2.654447 -0.429638
-2.674387 -0.144152
-2.724565 -0.209885
-2.771730 -0.285499
-2.816095 -0.370838
-2.855740 -0.466252
-2.779250 -0.550411
-2.888285 -0.569312
-2.808001 -0.669065
-2.934744 -0.660829
-2.897692 -0.776510
-2.978014 -0.496356
-3.039767 -0.607259
3.724854 0.500513
3.529286 0.465913
3.359504 0.364994
3.333787 0.535255
3.153863 0.533997
2.647636 0.773092
2.574479 0.652659
2.589810 0.532432
2.507596 0.785011
2.438787 0.675012
2.314556 0.678842
2.479682 0.562374
2.368220 0.578934
2.260157 0.581532
2.157710 0.572357
2.125928 0.485133
2.213617 0.495444
2.174908 0.415991
2.102652 0.405326
2.146884 0.336483
2.082409 0.338033
2.029737 0.327455
2.100625 0.279920
2.038949 0.271401
2.025543 0.217844
1.985152 0.239808
1.968780 0.190621
2.408698 0.477803
2.309100 0.493724
2.256724 0.418510
2.210745 0.349997
-1.998367 0.946363
-2.105725 0.882683
-2.185035 0.788723
-2.233271 0.906877
-2.305005 0.801661
-2.251205 0.698724
-2.362992 0.700998
-2.477803 0.688940
-2.407844 0.604170
-2.348767 0.526793
-2.510271 0.583323
-2.611786 0.549089
-2.530079 0.483019
-2.618046 0.443048
-2.710209 0.501406
-2.700895 0.392050
2.718969 1.706734
3.656941 -2.184729
3.566376 -2.552469
4.378744 -1.181580
2.093348 -2.440527
3.774890 1.149963
3.610859 0.914833
3.483905 1.109103
-3.448447 4.047742
2.756414 2.462246
-4.597879 -3.400308
2.673232 -2.678953
3.339345 -2.279307
3.246047 -2.603898
0.082304 3.459362
-1.744232 1.866909
-1.869416 1.708399
2.166013 1.475987
1.994757 1.500068
2.080306 1.299843
1.887576 1.347309
1.930542 1.184109
1.809589 1.064734
1.947527 1.031328
1.847677 0.923857
1.716728 0.949261
1.773214 0.824096
1.644277 0.838819
1.700847 0.726367
4.682650 -0.969046
-1.943672 -1.683255
-1.897163 -1.900247
-0.016066 2.595397
2.426734 2.585171
0.043920 -3.999560
0.714011 -2.955112
-3.640562 0.208912
-3.756710 0.024396
-3.857580 0.197600
-3.995271 0.020968
-2.521817 -4.105218
-3.724825 -2.507765
-4.107742 -3.108246
2.926226 -1.005736
2.716429 -1.245911
2.655686 -1.419686
-4.061829 -2.353814
-4.325916 -2.133497
-4.628225 -2.296562
-4.350280 -2.591517
2.572040 4.505363
-0.884816 -2.588546
4.190056 -3.041636
1.998563 3.671512
-2.756088 -2.021017
-2.525171 -2.127146
-2.754102 -2.307096
3.929811 -4.349333
-3.360414 -2.575492
-0.797845 -4.487057
-1.425256 0.297379
-1.373247 0.507943
-1.389508 0.402534
-1.481293 0.485166
-1.495130 0.378969
-1.465769 0.199072
-1.584284 0.352502
-1.519198 0.278680
-1.559750 0.191402
-1.500034 0.110775
-1.574081 0.114648
-1.602107 0.268841
-1.665733 0.311257
-1.642690 0.215221
-1.701793 0.253067
-1.636908 0.145132
-1.614105 0.004403
-1.648161 0.078119
-1.666784 0.017728
-1.680785 -0.037028
-1.701933 0.119761
-1.709775 0.057914
-1.770318 -0.025163
-1.706491 0.184169
-1.759997 0.151293
-1.806922 0.113620
-1.756020 0.092171
-1.800830 0.063780
-1.850729 0.078690
-1.891214 0.057123
-1.908121 0.021228
-1.932982 0.036619
-1.948928 0.011023
-1.760410 0.034708
-1.835968 0.039015
-1.870707 0.028151
-1.799789 0.010272
-1.843269 -0.003000
-1.859628 -0.038472
-1.884546 -0.007633
-1.899103 -0.038679
-1.922697 -0.009756
-1.932576 -0.042666
-1.913070 -0.068031
-1.928091 -0.093476
-1.815260 -0.035943
-1.835493 -0.072397
-1.877544 -0.069764
-1.897014 -0.098437
-1.919261 -0.123580
-1.725431 -0.001186
-1.731895 -0.057661
-1.739205 -0.104424
-1.785752 -0.075236
-1.776170 -0.125257
-1.819012 -0.111109
-1.860325 -0.103677
-1.808262 -0.156184
-1.848941 -0.141802
-1.885476 -0.130898
-1.911479 -0.152626
-1.842570 -0.182880
-1.879752 -0.167134
-1.877102 -0.204582
-1.912246 -0.186709
-0.432848 0.397600
-0.622534 0.303534
-0.808957 0.283915
-0.712642 0.161110
-0.816975 0.067441
1.275483 -0.202834
1.174944 -0.188133
1.140594 -0.289421
1.079807 -0.369841
1.019408 -0.464533
0.794354 -0.594319
0.763327 -0.765120
-2.818250 1.220790
-2.894378 1.080346
-2.929775 0.922848
-3.078735 1.036171
1.531636 -4.538507
0.281727 0.941370
0.023818 0.945115
-0.114611 0.713068
-3.560029 -0.436027
-3.541368 -0.618254
-3.740599 -0.535634
-3.893498 -0.682110
-4.052608 -0.843786
-3.839661 -0.924662
4.430245 2.411705
4.079415 2.500020
0.720895 0.831854
2.624265 -3.547119
1.208833 -3.375128
2.513638 -2.203754
-2.843923 -2.864799
-0.795521 -0.590165
-0.905636 -0.718060
1.028657 3.659726
0.931802 2.294912
2.155542 -3.438004
-0.202046 -0.136969
-0.194111 -0.368793
-0.407175 -0.246688
-0.552960 -0.413747
-0.744592 -0.406942
-3.676035 -3.561708
2.388543 2.038537
2.291021 1.836910
-3.913346 -1.126917
-4.108129 -1.336035
-4.300186 -1.771692
4.009160 -1.690660
3.982198 -2.045866
4.658615 1.189317
4.544405 4.357308
-3.922788 4.418082
1.685510 -1.684058
1.524112 -1.644160
1.476971 -1.819805
1.288194 -1.759876
1.213077 -1.950182
-2.398560 4.513345
3.603395 -0.589080
3.479440 -0.792485
3.234070 -1.107055
-0.018509 -3.116179
0.079492 -3.488551
-4.007051 2.182155
-4.319842 2.056154
-1.079953 2.455958
-1.409703 2.548888
2.607693 3.218505
4.420450 0.627017
3.936023 0.622689
-3.205577 1.192405
3.396891 -2.984350
2.855386 1.890341
0.697284 -2.094514
0.973127 -2.341630
0.708050 -2.355073
3.062543 4.478939
-3.327260 0.298862
-3.454227 0.190939
-3.561602 0.041130
-3.055065 1.813019
-3.222046 1.615002
4.347982 -0.539138
-1.719353 -1.107050
-1.789919 -1.235569
-1.884004 -1.365492
-1.993770 -1.493646
-1.860121 -1.112274
-1.943298 -1.222282
-2.046760 -1.332124
-2.165678 -1.439481
-2.311029 -1.461781
-2.283553 -1.612245
-0.081642 -1.745115
-0.158627 -2.083033
-0.323624 -3.596473
-3.657006 2.822996
-4.098370 2.869409
3.349398 2.200946
3.171543 1.994727
1.795989 -4.110645
1.574897 0.336024
1.493577 0.346922
1.528867 0.277655
1.451181 0.274306
1.351918 0.292457
1.397520 0.229329
1.343503 0.181805
1.492059 0.214331
1.442567 0.176214
1.396219 0.130798
1.320400 0.099478
1.255243 0.154138
1.311865 0.016583
1.236365 -0.029392
1.151204 0.019146
1.157037 -0.083461
1.238632 0.062521
1.058650 0.084398
1.056748 -0.026151
1.068245 -0.132596
0.953856 -0.082830
-2.203884 -0.538320
-2.264061 -0.559679
-2.321473 -0.584064
-2.287914 -0.641785
-2.339164 -0.524306
-2.394250 -0.566424
-2.372511 -0.647833
-2.316632 -0.721341
-2.412190 -0.747837
-2.409030 -0.848662
-2.465928 -0.935662
-2.449700 -0.664723
-2.521551 -0.727509
-2.622713 -0.797778
-2.509012 -0.825403
-2.586879 -0.919685
-2.665303 -1.045763
-2.788825 -1.008881
2.066133 4.517508
0.843817 0.518708
0.767285 0.376183
0.859895 0.250600
0.714836 0.226756
0.553664 0.197493
0.603505 0.365606
0.031734 2.210844
3.238909 -1.317050
3.017205 -1.520167
3.685754 0.284788
3.483884 0.235199
3.417424 0.051430
3.279587 0.198866
3.322448 -0.111387
3.239679 0.043574
3.153320 -0.087610
-1.233738 -2.084269
-1.342518 -2.322632
-2.868931 4.497957
1.363637 -1.262904
1.446425 -1.435835
4.177366 -0.268997
4.058663 -0.490749
-0.389161 -1.866999
-3.384095 -3.209938
3.053474 -3.712312
-2.378919 4.014688
-4.699290 0.556512
-2.434605 -2.755140
-1.173041 -0.613814
-1.290981 -0.604713
-1.309083 -0.715374
-1.197291 -0.733962
-1.326234 -0.834055
-1.409439 -0.688080
-1.440250 -0.796938
-1.434722 -0.920296
-1.553111 -0.913466
-1.434862 -1.055465
-1.549693 -1.028282
-1.598875 -1.124107
-4.685924 -0.953691
2.492516 -3.241734
1.513938 4.528165
-1.055528 -4.010344
3.549343 4.396694
2.343742 1.047828
2.291253 0.903727
-3.352557 1.850926
-3.503323 1.615096
-0.155528 0.429622
-0.284060 0.271721
-0.467984 0.175730
-0.373656 0.004604
-1.064992 -2.904948
0.922232 0.808312
0.788218 0.672301
0.601484 0.679346
0.682435 0.522004
4.163376 2.929786
-0.740018 1.015411
-0.950743 0.993365
-1.054996 0.835550
-1.167897 0.699189
-0.854965 0.803956
-1.012905 0.671180
-1.138269 0.548545
-1.272487 0.584750
1.771473 4.083213
1.225573 -4.130962
2.212193 -3.059304
2.282503 4.053101
0.314633 4.466444
0.386345 0.724055
0.493483 0.527682
0.290449 0.524005
0.065076 0.497023
-3.601341 -2.853862
2.059961 -1.229926
1.932506 -1.307722
1.775437 -1.362561
1.631090 -1.349886
2.086392 -1.405851
1.908595 -1.463419
1.860210 -1.652311
1.735983 -1.515486
1.585014 -1.490809
-2.674513 -2.604899
2.710456 2.172244
-0.576274 1.519176
-0.627745 1.252111
-0.864212 1.199300
-1.073546 1.162172
0.663352 2.512328
-2.618913 0.342526
-2.695027 0.284892
-2.776398 0.332949
-2.886616 0.361310
-2.829712 0.260105
-2.945773 0.265054
-2.752337 0.216749
-2.871172 0.177304
-2.788529 0.144552
-2.889374 0.086385
-2.984412 0.154337
-3.102460 0.112387
-2.322814 -0.817662
-2.240580 -0.883190
-2.340139 -0.939576
-2.419684 -1.047026
-2.536670 -1.039348
-2.587464 -1.164158
-2.782501 -1.149786
-2.472385 -1.300559
-2.582121 -1.324884
-2.695277 -1.250923
-2.784718 -1.367206
-2.964688 -1.441514
3.419549 -3.467603
3.734843 3.146872
1.380498 1.854176
1.407562 1.619005
4.666969 -1.330444
0.335142 2.365959
-4.149670 -3.518704
2.464955 2.275438
2.189187 2.352870
2.420972 -2.470957
2.229169 -2.661989
-0.242154 -4.484731
-1.735481 -4.504029
1.363041 0.831542
1.213966 0.801804
1.072815 0.741952
1.083820 0.599093
0.946078 0.646581
1.116745 0.468810
0.986627 0.504380
0.911969 0.383913
0.994518 0.277053
-0.230603 1.693280
-0.337118 1.469542
-2.996117 -3.201631
3.482160 0.685385
3.372455 0.888672
3.259356 0.703855
-1.413922 3.592161
-1.841600 3.346855
-0.377652 -0.471601
-0.437890 -0.653163
-0.614852 -0.586879
-0.719455 -0.756907
-0.539284 -0.818698
-0.676239 -0.967593
-0.859152 -0.891657
-2.637249 -0.017211
-2.698133 -0.066565
-2.758871 -0.127879
-2.817994 -0.200251
-2.874487 -0.283763
-2.929266 -0.381427
-3.053973 -0.388027
-3.119610 -0.508166
-3.198515 -0.384675
-3.261240 -0.517123
-3.178495 -3.592542
0.928755 4.518239
2.090752 -4.532332
4.440351 -4.505413
-2.632317 -1.464359
-2.805218 -1.562807
-2.993910 -1.663916
-2.997468 -1.903715
-3.491793 -2.021115
-3.492578 -2.285033
-4.628104 2.711983
4.703405 -0.287042
4.448632 -0.279248
-1.059613 -1.614610
-1.283140 -1.663546
-1.359509 -1.859012
-0.294270 -2.807043
-4.206644 -0.687661
-4.400212 -0.873730
-4.156943 -1.039399
4.644307 -1.708411
-0.711556 0.653597
-0.870370 0.595647
-0.992559 0.501920
-1.099194 0.408405
-2.310178 -1.793522
-2.545378 -1.860681
-1.530777 -4.029082
1.585442 0.556386
1.386099 0.511058
1.462447 0.435367
1.369201 0.415287
1.411865 0.344454
1.299715 0.360687
1.230153 0.305280
1.289381 0.241511
1.121214 0.309981
1.185521 0.219101
-2.074682 -2.733086
-2.206853 -3.010464
-0.542164 -2.527834
3.055065 -2.267320
2.954219 -2.515094
-0.388316 1.235031
-0.497548 1.022665
4.688981 0.419737
4.405318 0.284352
4.338607 -0.017323
-0.363359 0.817233
-0.624903 0.835561
-0.325508 0.566963
-0.507432 0.656251
-0.588978 0.494118
-0.767765 0.456807
-0.913475 0.393905
0.885766 2.015152
-0.739678 3.054180
-2.342751 -3.351875
-3.776908 -3.174996
-2.516914 1.490775
-2.491526 1.308573
-2.732017 1.549696
-2.668345 1.339691
-2.682021 1.150973
4.192230 -2.659032
3.636094 -1.291727
3.449065 -1.442189
2.139818 -0.001410
2.112131 -0.017793
2.103200 -0.053152
2.122757 0.026859
2.127670 0.069827
2.089886 0.047731
2.058517 0.024886
2.088817 0.007440
2.078646 -0.027711
2.047388 -0.038728
2.071056 -0.058417
2.062935 -0.085161
2.126842 -0.079569
2.091054 -0.087278
2.053901 -0.008417
2.041449 -0.066285
2.036365 -0.092647
2.033119 -0.118593
2.058681 -0.108929
2.115127 -0.112385
2.111810 -0.143683
2.083541 -0.120025
2.078965 -0.152760
2.070293 -0.183758
2.061046 -0.215233
2.055032 -0.135636
2.028601 -0.144115
2.013999 -0.102692
2.009936 -0.126738
2.004896 -0.150212
2.028317 0.007103
2.023840 -0.022834
2.019892 -0.050235
2.001561 0.021209
2.001529 -0.003819
1.978650 -0.003162
1.999466 -0.026395
1.978953 -0.024543
1.998357 -0.045903
2.016818 -0.076853
1.996715 -0.066514
1.977038 -0.063927
1.979389 -0.045184
1.960263 -0.034888
1.960707 -0.053623
1.960257 -0.070841
1.979570 -0.081366
1.963990 -0.085456
1.949218 -0.090843
1.996662 -0.089807
1.977277 -0.100509
1.997651 -0.174295
2.048709 -0.163268
2.021722 -0.170099
1.988319 -0.132976
1.993122 -0.111950
1.967733 -0.138070
1.983473 -0.153352
1.973296 -0.119388
1.960994 -0.101668
1.944225 -0.103991
1.958238 -0.116020
1.952094 -0.130676
1.949961 -0.148191
1.943363 -0.118551
1.932278 -0.124689
1.937061 -0.136893
1.921876 -0.134581
1.933762 -0.151555
1.920227 -0.148290
1.915827 -0.161835
2.039557 -0.191777
2.010774 -0.196615
1.982819 -0.198178
2.029870 -0.220823
2.020211 -0.250613
1.999970 -0.222804
2.053988 -0.248103
2.044683 -0.281280
2.007230 -0.281447
1.985514 -0.306148
1.972269 -0.224956
1.988703 -0.250771
1.958290 -0.249920
1.971917 -0.277297
1.940670 -0.276208
1.957352 -0.204832
1.977028 -0.173878
1.964264 -0.158926
1.947545 -0.167599
1.930611 -0.166425
1.926222 -0.182147
1.910408 -0.176690
1.894806 -0.188897
1.913636 -0.197820
1.894456 -0.211207
1.961516 -0.183130
1.942178 -0.186820
1.933235 -0.205095
1.944109 -0.226059
1.916489 -0.222045
1.886249 -0.232238
1.930114 -0.247972
1.905457 -0.242826
1.883600 -0.259873
0.689282 -4.128606
2.450890 -1.143680
2.370389 -1.286085
2.205791 -1.274511
2.274036 -1.431439
2.187195 -1.591838
3.466104 -3.986318
-3.503154 0.959314
-3.406499 0.785628
-3.483199 0.584313
4.278287 -2.270328
2.681891 -3.969223
-1.274664 -4.496842
-2.771214 -0.797123
-2.706383 -0.897425
-2.853333 -0.901647
-2.930254 -1.049688
-2.994572 -0.891498
-3.107608 -1.002075
-3.057051 -1.153706
-3.246500 -1.144167
-1.515175 -2.539735
-1.427274 4.520821
-1.921133 -3.658112
-3.016377 0.375969
-3.191947 0.218760
-3.291973 0.131713
-3.202418 0.034816
-3.385081 0.023139
-2.906539 4.068412
1.385904 -0.676608
1.620529 -0.139807
1.600391 -0.177678
1.580431 -0.218702
1.572756 -0.272833
1.531390 -0.246715
1.527742 -0.311626
1.475194 -0.268058
1.457686 -0.327058
1.434614 -0.388116
1.409336 -0.451040
1.381119 -0.519932
1.375058 -0.349532
1.342563 -0.423334
1.303075 -0.505050
1.321102 -0.594996
1.276952 -0.692240
1.211229 -0.511342
1.216252 -0.596888
1.156603 -0.692763
0.958521 -0.808979
-4.434938 -4.477093
-2.688971 3.652868
0.084228 -2.700104
1.944325 -0.045863
1.943813 -0.061578
1.946750 -0.077158
1.932642 -0.073346
1.923498 -0.084706
1.919661 -0.095211
1.928165 -0.058555
1.919291 -0.071652
1.906425 -0.070847
1.911805 -0.083159
1.909404 -0.093306
1.900774 -0.082454
1.899800 -0.092136
1.898983 -0.100743
1.899853 -0.110005
1.889914 -0.082463
1.889927 -0.092582
1.890170 -0.102285
1.890481 -0.111728
1.880567 -0.110637
1.874537 -0.120908
1.859906 -0.118167
1.866375 -0.132629
1.850265 -0.130646
1.918956 -0.106375
1.908476 -0.102942
1.899419 -0.120708
1.887614 -0.122157
1.935802 -0.087759
1.931093 -0.098373
1.930766 -0.110891
1.920250 -0.119755
1.909740 -0.114578
1.909568 -0.127863
1.896248 -0.132708
1.907348 -0.141937
1.891273 -0.145844
1.881739 -0.133716
1.874422 -0.146405
1.857603 -0.146622
1.866914 -0.162005
1.902668 -0.155808
1.884135 -0.159089
1.896109 -0.169294
1.879149 -0.176421
1.859902 -0.180172
1.852041 -0.200189
1.848327 -0.163126
1.838519 -0.181942
1.976962 0.019992
1.954862 0.006578
1.956801 -0.014729
1.940721 -0.027782
1.922277 -0.027281
1.928574 -0.044052
1.912808 -0.044759
1.913698 -0.058364
1.896016 -0.043446
1.899289 -0.057673
1.882658 -0.049445
1.885263 -0.061124
1.893943 -0.071192
1.880314 -0.073938
1.878676 -0.087069
1.867352 -0.093756
1.879577 -0.099288
1.868931 -0.107413
1.855658 -0.102943
1.844053 -0.113984
1.833200 -0.127374
1.870159 -0.062949
1.867481 -0.079102
1.854324 -0.087385
1.840776 -0.097105
1.825905 -0.108396
1.839738 -0.145431
1.828123 -0.162325
1.815419 -0.123134
1.820395 -0.142919
1.805615 -0.159839
1.790483 -0.178398
1.815807 -0.181061
1.934007 0.015753
1.932940 -0.007529
1.910915 -0.011742
1.904683 -0.030401
1.881467 -0.032926
1.868309 -0.045712
1.855220 -0.055868
1.854873 -0.071366
1.840065 -0.079245
1.824981 -0.089217
1.798809 -0.116921
1.799276 -0.138824
1.801921 -0.201245
1.776707 -0.207741
1.827133 -0.203479
1.875175 -0.196125
1.868968 -0.216972
1.844740 -0.223296
1.820322 -0.227402
1.832585 -0.250657
1.798285 -0.227255
1.771407 -0.237811
1.801381 -0.256647
1.765739 -0.268271
1.950981 0.032314
1.930511 0.082444
1.932049 0.049170
1.918460 0.030952
1.898637 0.039052
1.911779 0.009208
1.890659 0.019733
1.891607 -0.001217
1.892610 -0.020526
1.874614 -0.013195
1.862196 -0.027422
1.850357 -0.040995
1.839931 -0.060649
1.824867 -0.068781
1.809537 -0.077802
1.807149 -0.099077
1.869323 0.008379
1.853587 -0.007245
1.840575 -0.023606
1.833522 -0.044622
1.817066 -0.053253
1.797638 -0.061432
1.789092 -0.082199
1.782725 -0.103386
1.778847 -0.128222
1.756248 -0.138315
1.779898 -0.154996
1.768770 -0.185333
1.754895 -0.164404
1.740105 -0.187668
1.748956 -0.214138
1.909971 0.061016
1.881789 0.059253
1.870186 0.035117
1.851011 0.022268
1.838220 0.005977
1.825049 -0.009398
1.817778 -0.029193
1.799228 -0.041174
1.774216 -0.060710
1.764855 -0.085333
1.759117 -0.111231
1.729575 -0.152450
1.835827 0.039364
1.820635 0.021270
1.808071 0.003146
1.795983 -0.016640
1.779129 -0.037004
1.754144 -0.039296
1.745801 -0.065806
1.737809 -0.092844
1.733058 -0.121662
1.713590 -0.175607
1.712989 -0.211790
1.736857 -0.243413
1.718027 -0.319041
1.699718 -0.249006
1.724718 -0.043834
1.714132 -0.072392
1.708128 -0.101942
1.679324 -0.116224
1.705394 -0.134982
1.688051 -0.156830
1.660174 -0.143818
1.679675 -0.187747
1.672840 -0.219694
1.657644 -0.256509
1.645774 -0.177617
1.631816 -0.215485
1.614167 -0.258736
1.637644 -0.300251
1.726810 -0.278346
1.685375 -0.289754
-3.747382 0.943016
3.112866 0.230956
3.109585 0.080108
2.991528 0.137256
3.021765 -0.025980
2.911687 0.039846
2.867712 -0.060874
2.779649 -0.024743
2.955237 -0.137846
2.820373 -0.165862
2.687274 0.002728
2.719827 -0.107305
2.713334 -0.215471
2.798338 -0.287938
2.692183 -0.323825
2.626017 -0.163404
2.619482 -0.070901
2.541977 -0.117626
2.472244 -0.158669
2.463879 -0.240742
2.408131 -0.192513
2.363035 -0.229076
2.303308 -0.220746
2.455012 -0.326178
2.402711 -0.277790
2.366958 -0.333478
2.329756 -0.280968
2.272414 -0.278090
2.220762 -0.274109
2.238284 -0.331859
2.609024 -0.369025
2.617979 -0.261055
2.534771 -0.293730
2.541874 -0.205450
2.414184 -0.385224
2.516177 -0.376703
2.469945 -0.438636
-3.335375 1.392880
4.664244 -0.614355
-4.317551 1.685584
-4.435918 3.060078
1.249214 4.085204
-3.387324 -4.482596
-3.873456 2.533569
1.220536 -2.187961
3.061839 0.693380
2.857337 1.004090
2.948426 0.842682
2.799677 0.780376
2.719100 0.642191
4.586438 -2.956069
3.924577 3.980809
-3.924540 -4.457090
0.622297 2.175697
2.596704 1.223467
2.406466 1.203573
-1.294559 -0.985479
-1.186310 -1.281959
-1.323427 -1.159378
-1.483278 -1.203387
-3.001545 -2.525559
1.265363 -2.457311
0.529997 0.850461
0.566746 -0.802254
0.687491 -0.914984
0.775265 -1.072833
0.667089 -1.230783
0.435451 -0.923444
0.573101 -1.039163
0.460376 -1.186447
0.295348 -1.066665
-1.779221 -0.663403
-1.867441 -0.656049
-1.946605 -0.652882
-1.828981 -0.734852
-1.919775 -0.728017
-1.984290 -0.798485
-1.036774 -0.841192
-1.195520 -0.849410
-0.989673 -1.014160
-1.133351 -0.975608
-1.168261 -1.111741
1.817978 1.722958
1.812317 1.536589
1.699146 1.376737
1.763325 1.214500
1.587450 1.237000
1.657594 1.086656
1.496203 1.094993
1.408061 1.244933
1.420994 0.959178
1.327601 1.087474
1.257493 0.939418
-2.242991 3.518104
-0.675014 -1.973256
-0.954964 -2.046682
-2.951310 0.762764
-3.094234 0.670310
-3.055382 0.507951
-3.190691 0.543091
-3.169755 0.378649
0.868185 -1.246919
0.742538 -1.430108
0.568696 -1.628162
0.538305 -1.841892
0.411887 -2.083187
0.427216 -2.354707
0.134220 -2.348943
3.372757 2.914164
2.988636 3.086157
3.035997 -4.221378
3.532614 1.978591
3.319857 1.775124
3.636730 1.712653
3.433374 1.542913
3.153236 1.512844
-3.378223 4.513687
-4.488000 -3.949134
0.826443 1.166797
0.689820 1.016308
0.490948 1.016369
1.363732 2.670253
-2.577719 -3.029996
4.310377 1.341512
4.081944 1.082886
3.317384 3.344835
4.338404 -1.531634
0.236495 3.978992
3.051467 -1.324414
2.890276 -1.193579
2.852342 -1.379342
2.796201 -1.572134
2.782412 4.007831
-1.344934 2.238353
-4.403374 -1.189907
-4.358778 -1.490567
-4.687247 -1.253456
-4.658517 -1.560336
-4.633798 -1.894127
-3.103053 1.408790
-3.008512 1.225968
-2.565221 3.261818
-2.952214 3.275266
-2.955682 2.939112
-3.750832 0.371476
-4.005610 0.305410
0.526748 -1.401572
0.352096 -1.564664
0.256561 -1.787368
0.127523 -2.047580
-0.192498 -2.424280
3.600888 1.341421
3.340155 1.308040
3.239945 1.074384
3.131021 1.260576
2.972886 1.159973
3.051237 1.009100
-3.320692 -1.341241
4.663174 0.047994
-0.199369 -0.642548
-0.317638 -0.860904
-0.222136 -1.122673
-0.408784 -1.296851
-0.367869 -1.575051
-0.463062 -1.043502
-0.634114 -1.192603
-0.614774 -1.434933
-0.624026 -1.693383
-2.407802 2.675657
1.622865 1.556234
1.502635 1.408054
1.309853 1.418738
1.224618 1.234039
1.108345 1.395880
1.031835 1.208482
-1.540868 -1.373585
-1.625120 -1.545188
-1.742211 -1.716464
-1.515029 -1.719095
-1.638655 -1.898640
-0.528505 -0.088933
-0.678184 -2.881228
-2.706348 -3.349973
-2.750801 -3.689824
-1.512819 2.888945
3.761194 -0.473280
3.874029 -0.646717
3.690145 -0.775733
3.620450 -1.014768
3.433473 -1.184527
-3.782193 3.153934
-4.433227 -0.239882
1.238745 2.356637
3.046554 2.695112
1.436382 -2.013847
1.488458 -2.261112
2.025693 -0.314681
1.995403 -0.333705
1.962248 -0.343610
1.931124 -0.374918
1.902992 -0.408753
1.823012 -0.445635
1.783501 -0.485590
1.792519 -0.539788
1.732341 -0.526705
1.685335 -0.574692
1.570563 -0.631553
1.460652 -0.750651
1.352130 -0.778226
2.086135 -0.278061
2.067129 -0.316464
2.045371 -0.350619
2.010362 -0.361906
2.009272 -0.403156
1.974070 -0.380735
1.952039 -0.416993
1.924180 -0.453580
1.873938 -0.451177
1.899995 -0.501768
1.843097 -0.497999
1.843925 -0.553179
1.759283 -0.590303
1.721086 -0.646948
1.645054 -0.633420
1.704364 -0.714538
1.628568 -0.705115
1.554653 -0.717564
1.551711 -0.810180
1.439770 -0.855220
1.320026 -0.892458
1.419811 -0.979468
1.230404 -0.802091
1.291332 -1.018716
1.125564 -1.075545
1.100705 -0.810859
1.184237 -0.933877
1.033314 -0.941057
0.950922 -1.075243
-3.182615 -0.666333
-3.040234 -0.745646
-3.150452 -0.840314
-3.359453 -0.648734
-3.305744 -0.803515
-3.479546 -0.805138
-3.439927 -0.986706
4.273172 1.690999
3.999990 1.670947
3.995066 1.362945
3.766606 1.503082
-0.630750 2.532699
-0.810823 2.295275
-0.628472 3.901836
1.745386 3.320418
2.706847 -3.036260
-3.273756 0.966751
-3.090279 0.857122
-3.225264 0.767696
-3.307539 0.630944
-1.643459 -1.249824
-1.718761 -1.388219
-1.817438 -1.533697
-2.128473 -1.610014
3.856444 -1.172187
3.816165 -1.470724
3.630937 -1.615576
3.404330 -1.717171
-0.767211 -3.612126
3.746070 2.710623
2.377886 -1.607843
2.265731 -1.789823
2.117517 -1.984772
1.981757 -2.215814
4.611363 -3.424802
-0.803630 -0.224268
-0.910248 -0.334500
-0.971940 -0.201737
-1.070537 -0.299279
-1.023313 -0.422578
-1.158379 -0.395343
-1.228812 -0.494833
-0.567159 2.110945
1.408246 -1.122374
1.252439 -1.140494
1.196432 -1.265578
1.045211 -1.224760
1.281898 -1.416198
1.157536 -1.583321
1.093579 -1.404262
0.933123 -1.420641
0.957584 -1.600361
0.771349 -1.630625
0.801753 -1.840943
4.598425 2.776507
-4.435293 0.365896
3.530132 -0.123123
-0.521821 -4.032958
-1.943951 4.370830
0.471687 -3.759322
4.188522 2.079735
-0.283887 4.403703
-4.574280 3.491719
4.089328 4.471519
-2.250038 -4.528200
-3.025331 -4.063555
4.167942 0.473871
3.922527 0.359426
3.857243 0.121627
3.622893 0.071864
0.336419 -4.464943
2.788523 1.204734
2.677142 1.058188
2.772857 -4.575416
0.943582 -4.550642
1.860470 1.922795
1.698174 2.181918
1.636100 1.953335
1.611617 1.744671
0.858169 3.257047
-0.891783 4.436591
-2.814158 -4.528836
0.540488 3.590636
-0.601080 0.067089
-0.717001 -0.067091
-0.883929 -0.081873
2.603976 1.946217
-4.429879 4.483559
-2.243772 1.883730
-2.487107 1.875741
-2.218697 3.056180
4.579351 -2.569740
-0.875860 -1.783748
-1.638745 2.323200
-4.363728 1.339606
4.388789 -0.849082
4.119667 -1.041368
-4.226485 -0.083131
-3.499638 -3.995249
-1.888937 -0.812416
-1.956819 -0.892715
-0.861338 2.730185
-1.121882 3.149886
1.620604 -3.383265
-3.194823 -2.862246
2.950325 2.114594
2.015881 -0.722112
1.996809 -0.832736
1.922214 -0.915767
1.829460 -0.956941
1.803383 -1.091163
1.797240 -1.220682
2.010712 -0.637843
1.942721 -0.671025
1.932928 -0.750169
1.902033 -0.831338
1.817017 -0.853709
1.727263 -0.898441
1.729468 -0.997738
1.666935 -1.103357
1.670912 -1.226248
2.185464 -0.315114
2.142301 -0.396984
2.093043 -0.420080
2.079478 -0.477703
2.066161 -0.535775
2.173141 -0.266518
2.139421 -0.291797
2.144146 -0.344406
2.107077 -0.314938
2.094325 -0.362486
2.053179 -0.391895
2.040235 -0.442499
2.015215 -0.496912
1.987753 -0.442937
1.959645 -0.480320
2.009653 -0.564499
1.949947 -0.597484
1.954870 -0.531152
1.896278 -0.558326
1.882324 -0.621938
1.863018 -0.690128
1.841121 -0.765128
1.821395 -0.608740
1.792872 -0.667881
1.774257 -0.736786
1.736129 -0.807040
1.650388 -0.787113
1.636982 -0.879235
1.530366 -0.921862
1.627187 -0.982704
1.530483 -1.050723
1.539657 -1.182333
1.498292 -1.302476
4.666574 -2.137138
0.632311 1.868237
0.503785 1.647415
0.278361 1.689344
3.013010 -2.863752
0.957785 0.157607
0.822521 0.107662
0.678520 0.072352
0.832164 -0.026129
0.712822 -0.055985
0.585813 -0.123095
0.526825 0.020487
0.443591 -0.179581
0.282271 -0.262524
0.842663 -0.158860
0.724708 -0.203161
0.599936 -0.308891
0.427748 -0.356139
0.186681 -0.408381
4.683436 0.820200
-3.162992 3.652539
2.727660 -1.780139
2.583349 -1.602833
2.493365 -1.797698
2.370475 -1.994787
2.249230 -2.223425
-0.174451 3.854866
-4.218266 -0.396427
-4.444367 -0.557560
-4.284033 2.482439
-4.481506 3.974725
-1.080689 2.116713
-1.068987 1.819511
-3.852496 0.733584
-4.121951 0.722134
0.425265 3.150513
2.476878 3.623631
-3.408746 1.162748
4.450542 3.858166
2.520751 0.233830
2.361537 0.158542
2.438482 0.179312
2.448121 0.089857
2.385489 0.105043
2.519005 0.053812
2.452802 0.003228
2.464385 -0.078783
2.332153 0.078418
2.383425 0.030459
2.309113 0.021353
2.396249 -0.049246
2.404422 -0.124042
2.349000 -0.097685
2.338992 -0.163791
2.343016 -0.023577
2.255233 -0.075737
2.308873 -0.062648
2.290812 -0.119236
2.272296 -0.170627
2.248808 -0.223505
2.200649 -0.225616
2.275979 -0.023958
2.208899 -0.076665
2.232917 -0.126929
2.148656 -0.114515
2.187479 -0.115115
2.182022 -0.152190
2.219117 -0.177507
2.171007 -0.191170
2.155424 -0.230088
2.144654 -0.148976
2.135995 -0.182666
2.104371 -0.175442
2.123774 -0.215087
2.094159 -0.206702
2.121909 -0.256219
2.088165 -0.239748
2.271300 0.070731
2.213084 0.061303
2.200015 0.012835
2.167175 -0.003390
2.140712 -0.042444
2.248814 0.020578
2.223841 -0.028697
2.180920 -0.037686
2.165083 -0.077084
2.622090 0.405135
2.518432 0.342341
2.443036 0.278163
2.511471 0.448136
2.431425 0.377962
2.364354 0.317119
2.372183 0.233648
2.343395 0.404979
2.299766 0.267773
2.304405 0.198157
2.285417 0.341193
2.239807 0.227396
2.226412 0.286882
2.168303 0.271949
2.193076 0.150492
2.186803 0.209462
2.130454 0.222733
2.074829 0.226488
2.100942 0.137581
2.097915 0.180562
2.053430 0.174837
2.008406 0.179927
2.021656 0.137423
1.982096 0.148253
2.044791 0.099295
2.006091 0.103456
1.978990 0.116995
1.959109 0.092723
1.985919 0.076297
1.955784 0.062693
2.063592 0.133311
2.056327 0.062386
2.029147 0.038335
2.021335 0.071434
1.999986 0.048132
1.975129 0.044692
2.145821 0.163055
2.087860 0.092161
2.298724 0.129308
2.246396 0.168821
2.233505 0.112000
2.176421 0.097586
2.164074 0.043682
2.135405 0.113511
-2.057766 -0.866582
-1.994393 -1.092801
-2.031407 -0.972951
-2.138886 -0.932834
-2.228018 -0.997479
-2.316889 -1.068732
-2.086981 -1.189619
-2.116301 -1.052573
-2.208966 -1.135353
-2.330926 -1.193198
-2.453213 -1.167850
4.193386 -3.457620
2.506226 1.062373
2.582008 0.915869
2.433054 0.917358
2.371977 0.789655
2.244063 0.777667
3.405787 -0.264605
3.307546 -0.417305
3.208015 -0.260371
3.138009 -0.424724
3.215771 -0.578071
3.054701 -0.573242
3.064698 -0.187008
3.036248 -0.311769
2.981928 -0.436006
2.920266 -0.261706
2.878075 -0.382063
2.749462 -0.402514
2.908917 -0.546574
0.729040 4.050327
3.001436 -3.269847
-1.473705 -2.025340
-1.545952 -2.218737
-1.748345 -2.360361
-1.773401 -2.662410
-3.978430 -3.987179
-1.497834 -0.253203
-1.448388 -0.319855
-1.486091 -0.400825
-1.561549 -0.377600
-1.567082 -0.232011
-1.534927 -0.315811
-1.599665 -0.286168
-1.621797 -0.344604
-1.626827 -0.417726
-1.684177 -0.368274
-1.695610 -0.439769
-1.744719 -0.389826
-1.762682 -0.455757
-1.461677 -0.497798
-1.552730 -0.460135
-1.563499 -0.544670
-1.635038 -0.493329
-1.656456 -0.573022
-1.713811 -0.512350
-1.788443 -0.522908
-1.742523 -0.586968
-1.827085 -0.464640
-1.859138 -0.525524
-1.824536 -0.590206
-0.411655 3.362546
-2.111340 2.132480
-2.379802 2.121894
-0.828257 1.964728
-0.729033 1.744909
-0.904175 1.628814
-0.807530 1.433643
-1.111581 1.557769
-1.300332 1.469910
-1.498379 1.526642
-0.458915 -2.190878
-0.761519 -2.274020
-3.640358 3.588303
