5.000000 5.000000
0.000000 5.000000
2.500000 5.000000
3.750000 5.000000
4.375000 5.000000
3.125000 5.000000
1.250000 5.000000
1.875000 5.000000
0.625000 5.000000
-2.500000 5.000000
-1.250000 5.000000
-0.625000 5.000000
-1.875000 5.000000
-3.750000 5.000000
-3.125000 5.000000
-4.375000 5.000000
5.000000 -5.000000
5.000000 0.000000
5.000000 -2.500000
5.000000 -3.750000
5.000000 -4.375000
5.000000 -3.125000
5.000000 -1.250000
5.000000 -1.875000
5.000000 -1.562500
5.000000 -0.625000
5.000000 -0.937500
5.000000 -0.312500
5.000000 2.500000
5.000000 1.250000
5.000000 0.625000
5.000000 0.312500
5.000000 0.937500
5.000000 1.875000
5.000000 1.562500
5.000000 3.750000
5.000000 3.125000
5.000000 4.375000
-5.000000 -5.000000
0.000000 -5.000000
-2.500000 -5.000000
-3.750000 -5.000000
-4.375000 -5.000000
-3.125000 -5.000000
-1.250000 -5.000000
-1.875000 -5.000000
-0.625000 -5.000000
2.500000 -5.000000
1.250000 -5.000000
0.625000 -5.000000
1.875000 -5.000000
3.750000 -5.000000
3.125000 -5.000000
4.375000 -5.000000
-5.000000 5.000000
-5.000000 0.000000
-5.000000 2.500000
-5.000000 3.750000
-5.000000 4.375000
-5.000000 3.125000
-5.000000 1.250000
-5.000000 1.875000
-5.000000 1.562500
-5.000000 0.625000
-5.000000 0.937500
-5.000000 0.312500
-5.000000 -2.500000
-5.000000 -1.250000
-5.000000 -0.625000
-5.000000 -0.312500
-5.000000 -0.937500
-5.000000 -1.875000
-5.000000 -1.562500
-5.000000 -2.187500
-5.000000 -3.750000
-5.000000 -3.125000
-5.000000 -4.375000
-3.597561 0.986867
-3.638525 0.746046
-0.764360 1.178290
-3.784678 3.022157
1.869570 -0.896062
1.801690 -0.975775
1.662915 -0.977114
1.728714 -1.064659
1.558639 -1.242107
1.643691 -1.151765
1.576594 -1.055380
1.482899 -1.138306
1.458001 -1.330562
1.280318 -1.329601
-1.557126 3.173014
1.217174 -1.171619
2.427081 1.487459
1.245755 3.077057
-4.341482 1.507264
-4.338794 1.186962
-2.395887 2.218022
1.102835 1.144082
1.039204 0.976123
1.159293 0.846490
0.995419 0.815792
-0.279292 2.105928
-3.805979 -0.512104
-3.991100 -0.656235
-4.195186 -0.825405
-4.426818 -1.013746
-4.710414 -0.887189
-0.744568 -0.704843
1.106684 0.700153
0.960464 0.660279
1.073869 0.558628
1.176575 0.470497
0.944070 0.372782
1.061638 0.424082
1.166768 0.356909
1.168901 0.254609
1.062371 0.294020
0.959060 0.246360
0.824869 0.297764
1.087242 0.177198
0.992234 0.138304
0.858596 0.163829
0.767278 0.056343
-0.777622 -1.438329
-0.972686 -1.574287
1.522372 1.161597
1.403830 1.087150
1.278377 1.142262
1.334642 0.958821
1.206463 0.994958
-0.151906 0.909731
-0.205701 -1.413674
1.982311 0.757472
1.931766 0.673384
1.833351 0.694942
1.865638 0.592270
1.778217 0.604854
1.734653 0.527234
1.901388 0.509410
1.811883 0.507878
1.724833 0.445641
1.865148 0.449886
1.928776 0.358616
1.879993 0.319621
1.801121 0.420440
1.752402 0.369808
1.871088 0.385159
1.819004 0.347822
1.773944 0.306235
1.654094 0.511524
1.637136 0.434785
1.711907 0.313592
1.644635 0.313155
1.682097 0.375795
1.603606 0.370304
-2.084881 -0.216237
-2.092707 -0.237448
-2.107699 -0.219953
-2.124549 -0.236852
-1.987271 -0.194922
-2.011561 -0.192053
-2.020393 -0.212981
-2.042961 -0.221344
-2.065299 -0.220726
-2.070110 -0.242491
-2.109075 -0.254261
-2.134504 -0.269023
-2.131311 -0.301827
-2.161263 -0.287525
-2.147807 -0.220192
-2.146552 -0.246029
-2.115376 -0.116251
-2.117995 -0.129047
-2.121747 -0.145724
-2.133688 -0.159859
-2.143097 -0.195203
-2.170882 -0.230216
-2.169458 -0.259191
-2.188052 -0.311172
-1.998212 -0.219874
-2.018687 -0.240192
-2.047762 -0.247277
-2.025737 -0.266240
-2.054334 -0.276386
-2.080953 -0.265028
-2.075301 -0.297700
-2.105289 -0.282742
-2.057673 -0.322066
-2.086079 -0.343096
-2.102277 -0.315152
-2.124151 -0.343538
-2.153553 -0.325600
-2.145251 -0.373456
-2.181812 -0.401535
-2.218672 -0.334136
-2.104315 -0.095704
-2.110615 -0.104970
-2.109588 -0.074008
-2.108191 -0.085531
-2.115901 -0.094874
-2.122855 -0.105774
-2.127798 -0.118517
-2.130314 -0.132551
-2.139712 -0.116253
-2.143037 -0.129539
-2.156801 -0.138711
-2.140409 -0.145408
-2.156106 -0.158266
-2.162992 -0.181515
-2.145249 -0.174117
-2.166785 -0.204406
-2.193336 -0.213386
-2.195598 -0.242687
-2.195927 -0.276039
-2.173903 -0.146264
-2.177948 -0.166610
-2.186080 -0.189305
-2.215351 -0.194007
-2.220785 -0.224202
-2.222364 -0.256354
-2.224078 -0.295226
-2.247273 -0.271803
-2.119995 -0.082794
-2.128288 -0.092646
-2.135160 -0.103820
-2.149670 -0.104723
-2.155057 -0.120418
-2.171069 -0.126554
-2.133718 -0.078938
-2.142608 -0.090457
-2.168294 -0.078515
-2.158251 -0.091392
-2.176739 -0.094512
-2.165930 -0.108075
-2.184381 -0.112474
-2.190094 -0.131995
-2.195119 -0.152410
-2.196810 -0.096374
-2.205669 -0.116356
-2.212555 -0.137784
-2.219882 -0.161037
-2.202369 -0.173302
-2.237837 -0.175995
-2.244638 -0.205875
-2.252600 -0.238711
-2.267460 -0.184950
-2.279054 -0.214652
-2.287088 -0.250383
-2.270981 -0.280857
-2.298558 -0.292673
-2.256813 -0.314262
-2.179354 -0.352393
-2.215346 -0.376811
-2.218509 -0.432827
-2.253289 -0.465778
-2.255851 -0.356438
-2.295779 -0.332825
-2.296002 -0.381566
-2.340593 -0.358097
-2.340541 -0.412444
-2.250079 -0.403399
-2.288116 -0.433319
-2.329842 -0.469293
4.355869 -1.455518
-0.987869 1.154732
-1.185157 1.119120
-1.232023 0.941390
-1.357261 1.065625
-0.406378 1.426147
-0.509867 1.189504
3.717155 -2.299696
3.422915 -2.124164
3.405581 -2.448555
3.408989 -2.821474
-0.090980 -0.250358
-0.276516 -0.167460
-0.288426 -0.398294
-0.086714 -0.493257
-0.304022 -0.640496
2.940727 2.868000
0.892441 3.346620
-2.099622 2.258710
0.177489 -1.088395
2.556249 1.327348
2.470140 1.164588
2.359565 1.305924
2.381290 1.027673
-2.285920 0.942155
-2.398937 0.882354
-2.400513 0.743690
-2.559600 1.087561
-2.494489 0.810935
-2.573020 0.907709
-2.668605 1.004067
-2.726451 0.875383
-2.454756 0.470753
-2.516048 0.402830
-2.354558 0.364914
-2.383674 0.251342
-2.407087 0.315126
-2.483708 0.326910
-2.452247 0.260564
-2.527719 0.261623
-2.568141 0.331704
-2.658690 0.327664
-2.489205 0.201771
-2.560577 0.190802
-2.270231 0.216199
-2.261758 0.164666
-2.323116 0.235643
-2.361755 0.194249
-2.421999 0.202523
-2.308598 0.180841
-2.394839 0.149950
-2.295085 0.131828
-2.342423 0.142557
-2.422371 0.102230
-2.452785 0.150460
-2.514716 0.137923
-2.524551 0.072136
-2.579947 0.116734
-2.608413 0.253734
-2.694841 0.238507
-2.790157 0.217723
-2.650589 0.089840
-2.636321 0.172101
-2.718868 0.149373
-2.728745 0.062236
-2.818182 0.026211
4.120994 -2.658073
2.496839 1.703643
1.432465 2.460032
1.132569 2.360767
0.851367 2.234320
-0.442228 0.339167
-0.603387 0.218097
-0.772303 0.289634
-0.604428 0.030264
1.046633 -0.934468
0.906094 -1.053216
0.930971 -1.242043
0.783320 -1.390303
0.750639 -1.181852
0.576957 -1.322205
3.534210 1.272497
3.304862 1.329267
3.137061 1.187561
2.992478 1.029736
2.858200 0.899408
3.363968 1.093754
3.178261 0.966829
3.026623 0.833075
2.985426 0.681346
2.851851 0.740625
3.765290 -0.656031
3.830349 -0.867637
3.845247 -1.116618
0.126300 0.550552
-0.050353 0.394268
0.548562 0.230057
0.690005 -0.070742
0.527899 -0.074948
0.464658 -0.243149
0.778450 -0.458353
0.648730 -0.508955
0.409440 -0.787361
4.679384 0.609621
-2.896976 2.497734
-0.808071 -0.396608
-0.962189 -0.432481
-1.019822 -0.577645
-1.078915 -0.712821
-1.175096 -0.585004
-1.302275 -0.655447
-1.211792 -0.718063
-1.398230 -0.727150
-1.580662 -0.417409
-1.709195 -0.343502
-1.764396 -0.370199
-1.710545 -0.410569
-1.819693 -0.393297
-1.772637 -0.434374
-1.833489 -0.453971
-1.852802 -0.515310
-1.919516 -0.519471
-1.649836 -0.460541
-1.648946 -0.381379
-1.727093 -0.548153
-1.717699 -0.479731
-1.786169 -0.501825
-1.802259 -0.574616
-1.875582 -0.578703
-2.188765 -0.040539
-2.182366 -0.060917
-2.202725 -0.058345
-2.164083 -0.063748
-2.186365 -0.077790
-2.206305 -0.077283
-2.219653 -0.098081
-2.227946 -0.077426
-2.247984 -0.095167
-2.230601 -0.118779
-2.257046 -0.124066
-2.286875 -0.134243
-2.236786 -0.143922
-2.259665 -0.154713
-2.289181 -0.163825
-2.305122 -0.189875
-2.317093 -0.224519
-2.359102 -0.232887
-2.425693 -0.293201
-2.493293 -0.370336
-2.550490 -0.390007
-2.626693 -0.519549
-2.195754 -0.018947
-2.212973 -0.035954
-2.224933 -0.055205
-2.248613 -0.063061
-2.278719 -0.103734
-2.312282 -0.112828
-2.322215 -0.153041
-2.342838 -0.191500
-2.202949 0.006396
-2.220872 -0.012557
-2.242661 -0.033140
-2.271950 -0.075008
-2.300037 -0.077668
-2.330868 -0.082606
-2.346179 -0.122964
-2.363202 -0.089627
-2.389592 -0.121725
-2.365993 -0.158243
-2.414477 -0.159153
-2.387959 -0.197812
-2.408015 -0.242566
-2.439571 -0.202376
-2.463269 -0.252242
-2.485603 -0.308994
-2.525169 -0.260461
-2.556137 -0.322605
-2.618600 -0.376451
-2.671426 -0.440893
-2.326494 -0.264365
-2.338266 -0.309484
-2.373508 -0.277765
-2.384619 -0.328800
-2.390010 -0.385560
-2.436750 -0.350149
-2.444305 -0.416515
-2.390889 -0.448885
-2.449200 -0.494200
-2.504911 -0.443995
-2.585250 -0.451895
-2.533201 -0.513312
-2.571989 -0.590448
-2.672619 -0.596700
-2.214168 0.103894
-2.244017 0.078423
-2.312855 0.055492
-2.356757 0.059403
-2.218669 0.058512
-2.243127 0.040206
-2.275027 0.050844
-2.265965 0.016148
-2.298671 0.017256
-2.335529 0.019679
-2.334786 -0.015647
-2.376933 0.020086
-2.420071 0.010733
-2.371392 -0.015927
-2.412429 -0.032944
-2.454019 -0.064564
-2.226887 0.019122
-2.243643 -0.001820
-2.271552 -0.015931
-2.301683 -0.015509
-2.272520 -0.045542
-2.301348 -0.047152
-2.333400 -0.049607
-2.368896 -0.053084
-2.405817 -0.078888
-2.437451 -0.114453
-2.467464 -0.156302
-2.490718 -0.104091
-2.525791 -0.151087
-2.496887 -0.204840
-2.560549 -0.204637
-2.593832 -0.262439
-2.640337 -0.307481
-2.701506 -0.359769
-2.767554 -0.418690
-2.726937 -0.510922
-2.781802 -0.594524
-2.718792 -0.686409
-2.835985 -0.697099
4.318349 1.415278
-3.027178 3.662302
0.450289 -1.748361
0.212438 -1.666646
-3.455428 1.778212
-3.107857 1.495055
-3.295782 1.575883
-3.528460 1.496782
-2.834577 -0.493218
-2.896629 -0.602364
-2.921664 -0.760239
-3.005524 -0.854993
2.163785 -0.363898
2.151171 -0.414320
2.107354 -0.461614
2.076473 -0.517820
2.272671 -0.136581
2.292146 -0.085601
2.268179 -0.047567
2.239702 -0.101516
2.196962 -0.220551
2.206776 -0.263295
2.234993 -0.169811
2.194059 -0.182422
2.159056 -0.232551
2.164311 -0.272835
2.166527 -0.316608
2.124586 -0.274936
2.123854 -0.316291
2.118652 -0.359736
2.104563 -0.402300
2.058135 -0.423947
2.043292 -0.466867
2.015107 -0.507608
2.028520 -0.566103
1.970831 -0.481721
1.964273 -0.538669
1.970212 -0.604098
1.909896 -0.565855
1.905010 -0.640822
1.845544 -0.690040
1.866147 -0.777622
1.803581 -0.836498
2.065715 -0.376858
2.018879 -0.395147
1.999696 -0.440449
1.942091 -0.441454
1.913893 -0.496681
1.851274 -0.598405
2.225898 -0.057195
2.192126 -0.084846
2.177495 -0.045733
2.151783 -0.087554
2.167912 -0.118155
2.206784 -0.134215
2.162141 -0.156200
2.120166 -0.163634
2.153005 -0.194718
2.118690 -0.200956
2.122641 -0.236416
2.086905 -0.254232
2.084786 -0.293687
2.079086 -0.336039
2.045354 -0.307558
2.033438 -0.348857
1.990985 -0.358794
1.969347 -0.399608
1.920822 -0.396736
1.892413 -0.437219
2.086686 -0.217735
2.055565 -0.232287
2.052542 -0.269506
2.007624 -0.318885
1.969604 -0.324885
1.948018 -0.360295
2.134262 -0.129928
2.142499 -0.057998
2.113599 -0.065932
2.121073 -0.099201
2.075090 -0.116438
2.101053 -0.127912
2.085330 -0.152084
2.087486 -0.182861
2.060207 -0.138047
2.056564 -0.166481
2.058361 -0.197004
2.033048 -0.210720
2.009358 -0.224176
2.027056 -0.246483
1.995049 -0.252645
2.016738 -0.279678
1.969586 -0.267806
1.986420 -0.291246
1.952284 -0.292906
1.932992 -0.323133
1.898389 -0.316242
1.907501 -0.353053
1.880005 -0.382714
1.853596 -0.415074
1.862193 -0.476464
1.855125 -0.533356
1.823669 -0.448710
1.770225 -0.447473
1.805771 -0.499108
1.787658 -0.563544
1.803871 -0.639857
1.784977 -0.744035
1.748317 -0.507786
1.709584 -0.561521
1.736810 -0.619861
1.666617 -0.627665
1.747190 -0.687385
1.680697 -0.706203
1.710440 -0.791883
1.736121 -0.899169
1.611640 -0.768634
1.526873 -0.821703
1.633198 -0.865082
1.544742 -0.934726
1.444145 -1.013102
-1.908976 -1.230286
-2.000090 -1.364975
3.627833 2.110712
-4.027281 -2.059294
4.670263 0.937643
-0.132145 1.495202
-0.212243 1.190771
0.574984 2.400662
0.378099 2.158735
0.057240 2.154821
3.040822 2.221321
1.248958 -2.689003
3.809747 1.732769
3.683007 1.488621
3.442893 1.553649
1.847435 -0.112822
1.838609 -0.127723
1.828725 -0.143468
1.816115 -0.157433
1.806822 -0.178249
1.730062 -0.241023
1.974442 0.014486
1.958418 -0.005865
1.938752 -0.002484
1.933534 -0.020526
1.923122 -0.034909
1.910240 -0.043507
1.897296 -0.048444
1.898827 -0.061808
1.885279 -0.057522
1.873786 -0.065869
1.876260 -0.079317
1.865347 -0.088289
1.850427 -0.085000
1.840199 -0.097870
1.830435 -0.112620
1.819360 -0.129106
1.803909 -0.138624
1.791618 -0.159873
1.780353 -0.185380
1.950002 0.017812
1.917517 -0.004147
1.913230 -0.022704
1.898756 -0.031188
1.884023 -0.040492
1.871227 -0.050360
1.858149 -0.058318
1.861637 -0.074183
1.845431 -0.068894
1.833514 -0.081605
1.822296 -0.096383
1.811826 -0.113660
1.780204 -0.138081
1.764831 -0.159429
1.751862 -0.180590
1.726469 -0.179861
1.756167 -0.206888
1.727980 -0.210142
2.001146 0.008481
1.978867 -0.010187
1.952204 -0.024357
1.940016 -0.040875
1.924807 -0.050433
1.911456 -0.059069
1.998233 -0.017880
2.012765 -0.038022
1.989896 -0.038038
1.971490 -0.029222
1.957234 -0.044479
1.938307 -0.058331
1.925337 -0.064975
1.914985 -0.072660
1.902689 -0.072702
1.908716 -0.083543
1.896891 -0.082859
1.892148 -0.096022
1.883461 -0.101234
1.888425 -0.072477
1.887479 -0.086577
1.878151 -0.091839
1.870168 -0.101272
1.856082 -0.099641
1.862641 -0.113034
1.930596 -0.075150
1.921595 -0.084110
1.913026 -0.093820
1.901051 -0.092383
1.904892 -0.101073
1.896296 -0.104911
1.888387 -0.110435
1.883977 -0.122368
1.876422 -0.112236
1.870445 -0.125014
1.855315 -0.126797
1.864477 -0.139607
1.847687 -0.142599
1.858546 -0.156549
1.838549 -0.159782
1.828660 -0.178884
1.826460 -0.202670
1.804226 -0.199871
1.784237 -0.216003
1.915134 -0.105215
1.905061 -0.111936
1.895807 -0.118045
1.893501 -0.131089
1.879756 -0.135906
1.875115 -0.151307
1.851868 -0.174398
1.845706 -0.194301
1.974767 -0.051758
1.964015 -0.066954
1.952523 -0.059194
1.944303 -0.073590
1.957318 -0.080298
1.950449 -0.092286
1.936576 -0.087203
1.937754 -0.101138
1.925038 -0.096566
1.926600 -0.109693
1.928368 -0.123548
1.916045 -0.117592
1.905546 -0.124916
1.917051 -0.131443
1.904547 -0.139153
1.890705 -0.145662
1.917491 -0.146127
1.903133 -0.155179
1.898665 -0.171286
1.887021 -0.161784
1.872289 -0.169901
1.887024 -0.183547
1.866901 -0.189065
1.858814 -0.210676
1.840786 -0.222441
1.811986 -0.227217
1.788968 -0.246966
1.761042 -0.236146
1.750978 -0.266438
1.709270 -0.274681
1.696898 -0.232288
1.665784 -0.255161
1.669734 -0.299542
1.936204 0.040491
1.910991 0.033240
1.925638 0.016080
1.900145 0.011410
1.897884 -0.011026
1.878302 0.019801
1.879195 -0.002743
1.881556 -0.022335
1.860102 -0.017844
1.867952 -0.033855
1.854933 -0.041044
1.840775 -0.050776
1.827317 -0.063541
1.814513 -0.078527
1.793751 -0.077038
1.802412 -0.096476
1.793119 -0.118105
1.780602 -0.096172
1.768520 -0.115681
1.753942 -0.134924
1.734326 -0.151153
1.701128 -0.158962
1.695863 -0.194344
1.662079 -0.211270
1.624578 -0.229735
1.625960 -0.277169
2.070724 -0.031333
2.052486 -0.057336
2.039199 -0.034010
2.024582 -0.059010
1.998758 -0.060345
2.013250 -0.081256
1.992510 -0.084439
1.982748 -0.102275
1.980217 -0.070402
1.971688 -0.086387
2.003790 -0.103622
1.991546 -0.120876
1.971492 -0.117829
1.964160 -0.101302
1.951080 -0.108232
1.956505 -0.120384
1.960284 -0.135234
1.943587 -0.128710
1.946719 -0.145370
1.939363 -0.115263
1.930969 -0.138120
1.932169 -0.154412
1.948140 -0.163631
1.930842 -0.172705
1.916821 -0.161775
1.912549 -0.177126
1.924451 -0.192665
1.903726 -0.192554
1.901105 -0.210186
1.882219 -0.204245
1.874437 -0.225602
1.856953 -0.243531
1.830337 -0.247542
1.810760 -0.265122
1.780566 -0.279976
1.920842 -0.213829
1.897372 -0.229201
1.886089 -0.249508
1.841306 -0.276886
1.812465 -0.297447
1.783120 -0.319074
1.746362 -0.301565
1.710227 -0.320560
2.090154 -0.092387
2.064714 -0.082753
2.052675 -0.105062
2.039173 -0.125520
2.030893 -0.150315
2.009925 -0.155710
2.005444 -0.173767
1.985532 -0.177709
1.965091 -0.194699
2.037774 -0.081298
2.025958 -0.103777
2.014647 -0.127098
1.998364 -0.140957
1.977626 -0.136400
1.985114 -0.157315
1.965136 -0.153332
1.966081 -0.173467
1.946125 -0.183917
1.942475 -0.205136
1.940930 -0.230266
1.917473 -0.237543
2.030518 -0.179179
2.008231 -0.197537
1.985938 -0.198943
1.985053 -0.222320
1.962445 -0.216302
1.964913 -0.241848
1.939061 -0.259833
1.908734 -0.260305
1.922226 -0.288814
1.893240 -0.282527
1.868873 -0.268382
1.868729 -0.300314
1.842343 -0.313710
1.819978 -0.335730
1.791750 -0.361724
1.751207 -0.344251
1.714940 -0.367911
1.670909 -0.348817
1.674534 -0.401061
1.627447 -0.384575
1.626748 -0.328362
1.891779 0.038991
1.868212 0.045298
1.853902 0.023840
1.831340 0.020085
1.858698 0.003815
1.840116 -0.005816
1.818687 0.000296
1.819809 -0.021897
1.797936 -0.035065
1.771538 -0.041870
1.841333 -0.029083
1.822337 -0.042755
1.807377 -0.058002
1.785294 -0.057124
1.769192 -0.074152
1.752972 -0.058269
1.754110 -0.094107
1.735782 -0.077458
1.719030 -0.098236
1.739298 -0.115460
1.712133 -0.128332
1.686946 -0.101099
1.675536 -0.133609
1.636542 -0.141002
1.666006 -0.170420
1.627539 -0.183822
1.580848 -0.249662
1.581912 -0.302382
1.531936 -0.273726
1.536636 -0.332207
1.500663 -0.373487
1.580409 -0.362113
1.562723 -0.482782
1.480847 -0.307204
1.460124 -0.419790
1.549016 -0.406856
1.424016 -0.477036
1.511192 -0.455404
1.484298 -0.518170
-1.175783 -1.537521
-1.382834 -1.613380
-1.444895 -1.827862
1.166627 -3.310708
-3.831183 0.874941
-4.033820 0.733901
-3.587063 -2.507769
1.533464 2.796054
1.184705 2.704324
0.861882 2.573271
0.322621 -2.317441
-2.721084 -1.985422
-2.925452 -2.104915
-4.100060 0.995848
-4.324203 0.763679
-4.443384 0.967721
-2.288862 -0.500462
-2.325052 -0.548315
-2.372697 -0.510932
-2.411528 -0.560693
-2.425987 -0.642552
-2.484200 -0.575592
-2.511417 -0.661495
-2.609655 -0.676905
-2.539848 -0.754561
4.178335 0.203315
3.949068 0.333279
3.947310 0.063914
3.719106 -0.036355
3.684320 -0.255724
-1.411650 -2.298624
-1.566171 -2.573407
4.042770 -1.567311
2.794580 -2.740708
0.614352 -2.550113
0.489835 0.599724
0.326011 0.469559
0.166412 0.314913
-3.159813 -1.113732
-3.313153 -1.179994
-2.734433 0.728689
-2.839767 0.642158
-2.657963 0.509917
-2.782160 0.501383
-2.915089 0.433769
-2.712533 0.412963
-2.823205 0.398013
-2.756265 0.314562
-2.865643 0.297803
-2.853435 0.789723
-2.965169 0.687038
-3.006800 0.566613
-2.887322 0.538274
-3.033116 0.445575
-2.964353 0.328097
-2.896183 0.196460
-2.909368 0.096018
-3.008529 0.103814
-3.001452 -0.006376
-3.100442 0.313484
-2.998572 0.217959
-3.123618 0.164847
-1.947200 3.272787
-2.292972 -0.974327
-2.403815 -1.023855
-2.421341 -1.158400
-2.563778 -1.210450
-2.436077 -1.306201
-2.595257 -1.369625
-2.616261 -1.555554
-2.449423 -1.647758
-2.608528 -1.780415
-2.796136 -1.617623
-3.006734 -1.673542
-0.857609 -0.559126
1.310379 3.495091
-4.015948 1.606185
-0.715705 2.159244
1.644830 3.164118
1.352616 2.151649
1.093467 2.044784
0.858022 1.930484
4.009548 -1.995669
2.584898 -0.242076
2.520272 -0.302082
2.525116 -0.398549
2.449624 -0.548143
2.558168 0.010432
2.504733 -0.061071
2.425442 -0.055716
2.591233 -0.074135
2.536421 -0.145462
2.459917 -0.127765
2.446683 -0.192694
2.511094 -0.215610
2.456769 -0.348464
2.413935 -0.397031
2.454860 -0.454102
2.359993 -0.575213
2.328801 -0.654485
2.440478 -0.266007
2.371302 -0.247963
2.384032 -0.324243
2.325894 -0.364324
2.361496 -0.412552
2.309677 -0.449256
2.377395 -0.489135
2.294744 -0.523088
2.264268 -0.599890
2.215634 -0.664793
2.272002 -0.717735
2.216060 -0.780312
2.160552 -0.722137
2.158317 -0.841503
3.607473 3.488829
-3.379821 3.390249
-0.503380 1.946793
1.427651 0.274431
1.417554 0.191779
1.347508 0.154601
1.347252 0.239764
1.267289 0.195042
1.276123 0.109192
1.292288 0.032382
1.187772 0.167688
1.199349 0.088431
1.360722 -0.011686
1.347656 -0.082767
1.553973 -0.023639
1.498912 -0.028259
1.470194 -0.081371
1.428071 -0.031203
1.406563 -0.090687
1.353366 0.073640
1.218097 0.012457
1.112397 0.078132
1.139168 -0.011639
1.072008 -0.062769
1.282400 -0.046061
1.283758 -0.128195
1.201319 -0.082105
1.130829 -0.138188
-4.122316 -3.142292
-1.204767 -1.130942
-1.347272 -1.233042
-1.502988 -1.292915
-1.353714 -1.415081
-1.536993 -1.468089
-2.821838 1.876414
-2.958393 1.683121
-3.165979 1.781533
-4.209174 -2.751523
-0.398321 0.969654
-0.551202 0.776959
-0.761038 0.801279
-0.034269 -1.823312
-2.174260 1.763717
1.730742 -2.032281
1.574071 -2.233510
1.733935 -2.470363
1.437491 -2.445699
-2.781909 1.080865
-2.866672 0.949477
-2.969391 1.094242
-3.078721 0.967199
-3.311553 0.958683
-3.408591 1.110140
-2.738024 -0.019723
-2.818677 -0.067385
-2.889128 -0.184290
-2.978990 -0.206891
-2.810849 0.120177
-2.907323 0.000324
-2.903541 -0.094003
-2.998314 -0.106110
-3.106241 -0.105769
-3.080671 -0.218799
-3.204469 -0.216189
-3.175094 -0.350113
-0.471925 -3.122984
1.685274 0.036266
1.645109 0.012702
1.609246 -0.019881
1.582192 -0.065376
1.529813 -0.073780
1.505819 -0.126508
1.442057 -0.142338
1.357096 -0.241698
1.913428 0.087158
1.881150 0.097122
1.827790 0.073963
1.794710 0.070829
1.750535 0.030968
1.717514 0.016869
1.683754 -0.002707
1.652801 -0.029748
1.627325 -0.064268
1.889591 0.065508
1.859429 0.072705
1.841389 0.047278
1.813522 0.044818
1.782386 0.040506
1.775384 0.010648
1.746814 -0.000614
1.717528 -0.016938
1.802511 0.018823
1.797033 -0.009153
1.773151 -0.017284
1.746817 -0.029908
1.723980 -0.048767
1.690582 -0.039025
1.702918 -0.071365
1.667498 -0.067877
1.649637 -0.102174
1.607977 -0.105881
1.560947 -0.114214
1.593608 -0.151275
1.544708 -0.164931
1.584329 -0.199416
1.534765 -0.218169
1.488169 -0.182994
1.478836 -0.242952
1.423197 -0.205959
1.420407 -0.277523
1.364798 -0.159289
1.288585 -0.208254
1.359597 -0.323580
1.431151 -0.351039
1.296354 -0.378763
1.280911 -0.289858
1.210140 -0.179243
1.196030 -0.262231
1.205961 -0.357667
1.130233 -0.440453
1.381184 -0.407682
1.325502 -0.461994
1.279551 -0.542984
1.232072 -0.453801
1.175173 -0.548107
1.241882 -0.639991
1.063428 -0.537642
1.118796 -0.660437
0.989841 -0.649911
-0.984564 -1.774317
-3.777263 -3.088937
3.729465 -2.659161
0.676537 0.892182
0.658509 0.699887
-3.197316 -2.591456
2.280842 -1.479594
2.592353 -1.563290
2.400203 -1.623382
2.338261 -1.308017
2.198323 -1.677463
2.168645 -1.915611
2.110922 -1.484413
2.014217 -1.605379
1.998555 -1.784408
1.952660 -1.995948
2.114408 -2.169169
1.855872 -2.231329
-4.179488 3.405692
-1.257699 -2.572269
-4.484135 2.493906
-0.219258 0.025889
-0.395411 -1.301050
-0.525194 -1.515853
0.508181 0.405544
0.363118 0.263552
0.217652 0.091832
-0.759821 0.115163
-0.906561 0.184529
-0.763590 -0.057938
-0.909407 -0.129837
-1.043823 0.239016
-0.901562 0.027369
-1.033244 0.098519
-1.141430 0.023463
-1.029106 -0.045920
-1.046410 -0.186705
-0.927937 -0.281772
-1.062987 -0.321340
-1.148254 -0.104003
-1.176174 -0.232422
-1.178793 -0.352760
-1.100327 -0.460221
-1.223711 -0.459017
-1.305088 -0.537965
2.697958 2.303804
2.572712 1.925161
0.294628 0.922373
0.303748 0.691147
-0.967657 2.768774
3.425540 0.449283
3.259336 0.348531
3.097509 0.271880
3.087860 0.125710
2.943620 0.195715
2.853956 0.067035
2.733340 0.073424
2.981970 0.057817
3.062988 -0.047971
-1.047159 0.657949
-0.972659 0.504474
-1.123099 0.527999
-1.201325 0.416821
-1.069887 0.385065
-1.166646 0.285528
-1.162123 0.157150
-1.368849 0.543901
-1.272709 0.218757
-1.319188 0.129885
-1.262544 0.521530
-1.349980 0.422802
-1.454881 0.368536
-1.274954 0.337968
-1.370574 0.301204
-1.465763 0.265462
-1.548648 0.229133
-1.387782 0.201073
-1.478696 0.169977
-1.557993 0.145352
-1.413722 0.102722
-1.499716 0.080095
0.269834 1.878034
0.146279 1.599127
2.976281 -1.726870
3.655362 -0.471889
3.483785 -0.339000
3.302463 -0.456546
3.480345 -0.536723
3.340053 -0.659765
3.117881 -0.444667
3.193838 -0.785505
1.396355 -3.011363
-1.617126 -3.209377
-1.001572 2.072824
-0.276968 0.485065
-0.231536 0.250438
-2.684329 -2.228314
-2.643315 -2.496696
-0.640674 0.983738
-0.860799 0.982733
-0.954832 0.808878
1.867159 -0.340276
1.837785 -0.369772
1.805676 -0.404648
1.759452 -0.393350
1.720285 -0.416111
1.715331 -0.459582
1.659643 -0.446720
1.601740 -0.430802
1.681659 -0.506193
1.619305 -0.494832
1.632073 -0.556294
1.587533 -0.614573
1.551013 -0.546547
1.511846 -0.620835
1.597773 -0.683258
1.519632 -0.714993
1.441308 -0.577382
1.431020 -0.670586
1.375227 -0.527291
1.349061 -0.614613
1.332279 -0.713294
1.428170 -0.772479
1.320917 -0.824892
1.430877 -0.886484
1.317803 -0.946698
1.220779 -0.750226
1.196672 -0.879244
1.330221 -1.076117
1.102899 -0.785445
1.188334 -1.016628
1.062515 -1.111645
-2.989897 -0.669436
-3.094167 -0.737731
-3.173473 -0.881330
-3.259175 -0.753676
-3.387010 -0.849757
0.905974 -3.653188
-1.720688 -1.061394
-2.990503 3.227572
2.638149 2.631873
3.592140 -1.340726
-1.545295 -2.059346
-1.786850 -2.059639
-1.683854 -2.302341
-1.945897 -2.269129
-2.752449 1.597889
-2.699365 1.393891
-2.904008 1.442890
-2.850116 1.249472
-3.062008 1.279691
-3.307407 1.323644
-3.187397 1.114398
4.666348 -0.592928
2.638658 -1.378453
2.457947 -1.429342
2.368300 -1.833505
-0.596210 1.649984
2.566002 -1.979103
2.349079 -2.081775
-1.778498 1.009187
-1.791088 0.890643
-1.914135 0.895777
-1.977990 0.782805
-1.909539 1.042519
-2.015500 0.960533
-2.061708 0.859243
-1.860249 0.780334
-2.095922 0.752883
-2.020294 0.674276
-1.916757 0.681318
-1.960312 0.589431
-2.052988 0.580285
-1.996027 0.507639
-2.078631 0.497021
-2.122105 0.651455
-1.009276 -0.862319
-1.162968 -0.849464
-1.299845 -0.808855
-1.195562 -0.980639
-1.318808 -0.937307
-1.343700 -1.072909
3.685391 2.433233
2.960136 2.504398
-0.479167 2.374302
-0.432014 -3.534607
-3.639266 2.647250
-2.702870 -0.879668
-2.623190 -0.975958
-2.768040 -0.986966
-2.673360 -1.103882
-2.722745 -1.254224
-2.827480 -1.128510
-2.899900 -1.289463
-2.766827 -1.424669
2.989278 4.039378
1.377194 -1.204512
1.104402 -1.294269
1.559805 -1.456451
1.370335 -1.483888
1.176056 -1.477540
0.981778 -1.443249
1.268742 -1.662067
1.062025 -1.652140
0.941092 -1.845040
0.843866 -1.612316
0.695144 -1.803875
3.561074 -0.713515
3.610771 -0.915257
3.625572 -1.131554
3.383211 -1.284472
3.187348 -1.414432
-1.429035 -0.854004
-1.459856 -0.984454
-1.593671 -1.024458
-1.623129 -1.173012
-1.764833 -1.207064
-2.995984 -3.315735
-0.675794 1.397649
-0.921720 1.363042
-3.313208 -1.383046
-3.408262 -1.580846
-0.635667 -0.869389
1.906481 4.068180
-4.652838 1.304802
-4.700871 0.978526
0.999917 1.316252
0.782312 1.304065
0.914169 1.129145
0.712622 1.095923
-1.058974 -1.003715
3.108165 -2.588418
3.077343 -2.957233
1.119705 1.499361
0.893880 1.515201
0.634599 1.493348
4.693769 2.188422
1.682490 1.745018
-2.296795 3.226561
-1.713879 1.669299
-1.685574 1.469371
-1.837039 1.333253
-2.017032 1.372385
1.715009 3.632354
-2.585401 0.043789
-2.651318 0.008690
-2.671079 -0.058744
-2.283281 0.088744
-2.326143 0.096542
-2.373260 0.101545
-2.409003 0.058256
-2.470163 0.093670
-2.463907 0.042493
-2.521180 0.011432
-2.579127 -0.025503
-2.612325 -0.079199
-2.661780 -0.136034
-2.736617 -0.106428
-2.720127 -0.191406
-2.808315 -0.156970
-2.788276 -0.238420
-2.864763 -0.272358
-2.951924 -0.307445
-3.066586 -0.319495
-2.465314 -0.013423
-2.511368 -0.047563
-2.550169 -0.092148
-2.591143 -0.146291
-2.635275 -0.207564
-2.687778 -0.260160
-2.748870 -0.303193
-2.818754 -0.348737
-2.893055 -0.401714
-3.013397 -0.415984
-2.952026 -0.507138
-3.115668 -0.468545
-3.042722 -0.570087
-1.518501 1.677593
-1.504720 1.491360
4.022520 -2.331896
-3.717623 -3.534146
1.582682 -2.732674
-2.879904 -2.700909
-3.128481 -2.944235
-4.430303 4.454552
-1.580609 2.135164
-1.761025 -2.845969
4.421735 0.377189
4.154201 0.497887
3.386575 -0.856034
3.410113 -1.071522
3.210825 -0.977797
3.198901 -1.181561
3.029543 -1.076821
3.011559 -1.279807
2.981089 -1.505066
2.823701 -1.338657
0.244866 -1.970188
3.497782 -0.115466
3.210203 -0.309139
-4.726004 2.165345
0.926076 -2.613991
-4.494959 3.931653
0.025180 4.021913
4.366223 1.061777
4.361166 0.715104
3.242937 0.176210
-1.883450 1.523325
-0.779750 -1.941855
3.857590 -1.744743
3.697729 -1.984475
-0.791157 1.862091
-1.260438 1.957601
-1.191985 -4.009737
2.688501 3.667287
-3.223540 0.255327
-3.329462 0.168336
-3.604271 -0.001563
-3.230251 0.080115
-3.378137 0.008913
-3.111403 0.019914
-3.234568 -0.065039
-3.345018 -0.168910
-3.485054 -0.104021
-3.642004 -0.192901
-3.478520 -0.286961
-3.629027 -0.396793
4.704301 0.291092
4.698365 -0.005825
4.427436 0.055306
0.331942 -3.153002
-1.474037 0.599923
-1.461283 0.476808
-1.563802 0.520638
-1.643393 0.453540
-1.549865 0.416643
-1.736332 0.479200
-1.628636 0.361560
-1.696697 0.310169
-1.621563 0.275208
-1.544750 0.320356
-1.687474 0.232673
-1.621809 0.193616
-1.743558 0.192868
-1.684499 0.158589
-1.687676 0.085736
-1.737368 0.126663
-1.783351 0.097155
-1.822967 0.071304
-1.712377 0.392276
-1.795095 0.413071
-1.771561 0.335844
-1.754812 0.262109
-1.791588 0.155908
-1.831951 0.121443
-0.289143 -1.658619
3.167117 -0.602073
3.003947 -0.560058
3.038659 -0.892454
2.861434 -0.516543
2.884709 -0.657235
3.030705 -0.718208
2.763479 -0.735489
2.891662 -0.811675
2.878503 -0.977781
2.751413 -0.884677
2.614150 -0.940063
2.854166 -1.152886
2.716787 -1.043742
2.544368 -1.087187
2.676333 -1.203538
2.506959 -1.253286
-0.144998 2.464287
2.130183 -2.974981
-3.497021 3.901700
-2.510358 3.983521
-2.629127 3.517597
1.844757 1.098730
1.733032 1.025923
1.578039 0.889094
1.528751 0.765796
1.481587 0.980367
1.437900 0.850983
1.300000 0.833488
1.393677 0.725515
1.247135 0.716070
1.198964 0.591956
2.277215 1.634677
-0.283128 -1.992894
-2.121534 -1.501181
-2.016364 -1.671026
-2.963957 2.842808
3.495477 3.946330
-1.403443 -0.603492
-1.496294 -0.660842
-1.516460 -0.774400
-1.628755 -0.807071
-1.558102 -0.895937
-1.689574 -0.923001
-1.795980 -0.871365
-1.851176 -1.095213
-3.836051 2.309021
4.314815 2.062302
-1.055220 1.784301
-1.301263 1.691084
-1.712746 3.615343
-1.420416 -2.882843
-2.609491 2.369273
4.603663 -1.851427
4.410312 -0.247666
4.129095 -0.369475
3.174436 1.507458
2.912291 1.222298
3.025776 1.374830
2.863199 1.493648
2.756704 1.316083
2.810582 1.082576
2.654231 1.152330
-4.211021 2.225524
-1.494489 1.894247
-1.692912 -4.455431
3.385332 -4.519754
-2.566041 2.010510
3.254103 2.669061
0.752256 -3.257222
-4.666289 -1.533189
4.569968 -3.407954
4.498580 -3.924821
4.092699 -3.412877
3.924304 4.443868
2.235130 -2.647290
1.914791 -2.717296
-1.121903 3.122919
2.692835 0.964080
2.475324 0.752917
2.715618 0.802857
2.577095 0.854113
2.600400 0.708746
2.387025 0.661950
2.498333 0.625058
2.507179 0.508747
2.409261 0.544419
2.309305 0.585903
2.320679 0.485170
2.478054 0.418543
2.399401 0.446236
2.204143 0.603662
2.357215 0.378865
2.281262 0.417206
2.436262 0.332810
2.416288 0.242738
2.277869 0.337137
2.350045 0.295577
2.335879 0.219663
2.274231 0.264010
2.317617 0.151008
2.217894 0.027948
2.238096 0.075260
2.183916 0.060201
2.169420 0.010445
2.123351 0.006804
2.145010 -0.023329
2.107028 -0.031185
2.083166 -0.059001
2.266290 0.195468
2.253634 0.132330
2.198269 0.112062
2.156958 0.145431
2.149928 0.093574
2.139583 0.045947
2.086124 -0.000647
2.204563 0.371940
2.210901 0.233679
2.158555 0.202654
2.207490 0.170128
2.112235 0.173023
2.066543 0.179900
2.112716 0.122642
2.108404 0.076431
2.098105 0.035764
2.061866 0.025600
2.052796 -0.006875
2.032327 0.014454
2.022619 -0.011997
2.072889 0.141491
2.073578 0.100415
2.070775 0.061931
2.037918 0.084707
2.038973 0.049810
2.015190 0.034586
2.007154 0.065833
1.988840 0.037487
2.207319 0.301293
2.151401 0.265445
2.240057 0.518454
2.076648 0.464822
2.208431 0.449814
2.137502 0.415818
2.068409 0.385789
2.135057 0.335031
2.067565 0.327528
2.019567 0.311043
2.089825 0.277158
2.037631 0.261549
2.106259 0.224645
2.059766 0.219187
2.012405 0.211414
2.026990 0.168085
1.977360 0.170271
2.037565 0.124533
2.003367 0.099401
1.977382 0.066199
1.961795 0.041712
2.000995 0.135459
1.968553 0.127880
1.939415 0.106514
1.972029 0.094631
1.944952 0.070814
1.916405 0.058279
2.851516 -0.162170
2.911102 -0.284199
2.827781 -0.389334
2.911731 -0.052996
2.781325 -0.043714
2.738690 -0.167859
2.787894 -0.272203
2.678303 -0.258363
2.709604 -0.363119
2.660590 0.000024
2.684961 -0.089019
2.625203 -0.166233
2.606304 -0.337244
2.623334 -0.437610
2.734252 -0.476340
2.755883 -0.598544
2.538318 -0.499875
-3.367624 2.980882
-0.835230 2.450345
-2.107415 -2.770807
-1.820928 0.283866
-1.804234 0.216790
-1.847818 0.174110
-1.887203 0.297066
-1.952694 0.299647
-2.021219 0.272939
-1.919538 0.246592
-1.861269 0.236364
-1.893762 0.193813
-1.943571 0.199558
-1.976012 0.245455
-1.915984 0.154516
-1.880596 0.133365
-1.961262 0.155453
-2.003303 0.147449
-1.990121 0.192729
-2.026380 0.224676
-2.076571 0.253563
-2.065620 0.203020
-2.103490 0.211348
-2.032217 0.176471
-2.073104 0.162280
-2.107458 0.172325
-2.042876 0.135574
-2.079507 0.124780
-2.111540 0.108250
-2.113507 0.140357
-2.148455 0.148010
-2.144350 0.112663
-2.175008 0.102696
-2.196814 0.074407
-2.138662 0.083266
-2.165082 0.075589
-2.177633 0.048996
-2.203855 0.036195
-2.112930 0.079320
-2.144524 0.054511
-2.128055 0.030891
-2.154870 0.029828
-2.179816 0.020933
-2.178495 -0.004150
-2.016504 0.109280
-1.935937 0.118159
-1.977690 0.116729
-1.954826 0.085624
-1.993202 0.083241
-1.865551 0.086598
-1.849805 0.042123
-1.892701 0.052810
-1.906801 0.096394
-1.929326 0.065473
-1.950340 0.039110
-1.979758 0.024965
-1.972096 0.057689
-2.002791 0.051311
-2.011586 0.024776
-2.000266 0.004534
-2.021093 -0.007659
-2.042197 -0.008829
-2.040594 -0.027357
-2.055152 -0.040294
-2.051171 0.098430
-2.081952 0.088888
-2.090716 0.060129
-2.076283 0.041143
-2.101010 0.030460
-2.117654 0.053499
-2.138228 0.009823
-2.158930 0.005040
-2.171856 -0.025177
-2.096412 0.004445
-2.116156 0.009254
-2.117098 -0.010605
-2.134901 -0.008085
-2.136933 -0.025752
-2.154209 -0.014312
-2.152276 -0.035672
-2.168123 -0.045961
-2.032598 0.044275
-2.033666 0.014017
-2.058080 0.005116
-2.078044 0.017792
-2.061774 -0.019727
-2.077647 -0.004593
-2.083530 -0.021526
-2.072943 -0.036759
-2.083248 -0.050862
-2.098243 -0.063965
-2.091064 -0.036461
-2.120658 -0.027998
-2.104340 -0.030167
-2.098911 -0.049844
-2.110554 -0.060509
-2.113590 -0.044126
-2.124125 -0.055508
-2.122459 -0.069748
-2.133728 -0.043816
-2.149311 -0.054374
-2.136639 -0.063630
-2.149737 -0.074763
-2.026946 0.074625
-2.058259 0.063401
-2.054565 0.030356
-2.099670 -0.014231
-2.942957 -2.395519
4.652946 1.307119
4.266669 -1.777594
-2.182965 3.638616
4.730334 -2.225490
4.463189 -4.442905
0.328644 -2.712867
-0.126501 -3.189847
-3.860993 -2.705562
-0.317210 3.155267
4.050553 -3.884458
-2.527051 1.541136
-3.397290 -3.222569
-1.572713 0.070434
-1.577813 0.004561
-1.640976 -0.023623
-1.641704 -0.089037
-1.697002 -0.118967
-1.750762 -0.143167
-1.704907 -0.177586
-1.767058 -0.195492
-1.628795 0.116892
-1.638976 0.043698
-1.696147 0.012069
-1.693614 -0.056489
-1.741435 -0.035241
-1.743138 -0.089215
-1.814781 -0.191823
-1.722641 -0.225303
-1.764743 -0.254586
-1.809853 -0.233729
-1.811177 -0.283964
-1.739450 0.063523
-1.749276 0.013632
-1.789014 -0.013517
-1.791581 0.039987
-1.827222 0.010464
-1.826969 -0.038670
-1.862951 -0.048141
-1.790528 -0.109026
-1.785998 -0.061599
-1.827048 -0.081796
-1.860843 -0.079175
-1.801130 -0.152649
-1.836362 -0.122817
-1.870625 -0.105661
-1.875344 -0.137398
-1.847982 -0.166324
-1.853303 -0.209936
-1.889183 -0.197850
-1.850063 -0.258338
-1.857254 -0.307130
-1.884219 -0.238388
-1.891081 -0.280328
-1.768070 -0.313507
-1.815145 -0.337567
-1.863229 -0.356151
-1.906311 -0.325565
-1.931341 -0.288587
-1.884964 -0.168580
-1.905393 -0.129663
-1.913573 -0.159743
-1.923951 -0.189251
-1.957972 -0.192663
-1.914699 -0.222061
-1.942864 -0.219247
-1.971875 -0.221434
-1.922157 -0.254449
-1.953980 -0.249857
-1.989175 -0.249860
-1.967102 -0.281182
-2.001194 -0.278344
-2.030981 -0.299881
-1.906725 -0.374957
-1.872311 -0.411429
-1.896002 -0.464582
-1.943636 -0.361538
-1.926866 -0.418082
-1.959300 -0.463017
-1.980148 -0.526781
-2.014003 -0.481884
-2.042720 -0.527689
-1.953911 -0.320289
-1.993436 -0.312071
-1.984365 -0.352328
-2.023120 -0.338386
-2.055513 -0.364099
-2.015325 -0.382286
-2.054514 -0.406963
-1.969703 -0.400010
-2.008988 -0.430580
-2.056608 -0.458391
4.170867 1.735343
-3.999604 -4.461796
-2.612814 0.777547
-2.509889 0.680864
-2.632458 0.659642
-2.580878 0.580596
-2.548962 0.488346
-2.611185 0.413527
-2.725811 0.596911
-4.213121 -0.255835
-0.309024 -3.972691
4.581593 3.379294
-3.699914 -1.678592
-4.003404 -1.732582
2.580647 -2.233217
2.313903 -2.350756
2.032112 -2.433627
2.779943 -1.535805
2.775671 -1.725766
2.575434 -1.754389
-0.625325 -1.264732
-0.746267 -1.673370
-1.208605 -1.771656
-1.297046 -2.030876
1.902032 2.839935
1.748867 2.513784
-0.939154 -2.536894
0.484327 3.576613
-0.610717 -2.468195
3.555373 -3.144459
4.346321 -0.806959
4.376976 -1.124677
4.096089 -1.257881
-3.045104 -4.063971
2.764540 -1.928594
2.829595 -2.152365
2.835169 -2.420705
2.540277 -2.535947
0.866478 2.939341
-3.370362 4.458191
-1.804565 -1.669128
-1.899868 -1.849605
-4.027484 3.869872
0.000120 0.151306
-0.023104 -0.060573
2.446128 4.079180
4.678611 -1.223936
3.663198 -3.523919
-3.257977 -3.637240
-4.159721 -3.529237
1.832294 -1.338749
1.739247 -1.474066
1.655040 -1.625401
1.469241 -1.641961
1.384322 -1.847010
1.173367 -1.875911
1.062698 -2.095974
0.899356 -2.324915
0.797994 -2.051812
0.633311 -2.283071
-3.473419 -2.815735
0.943432 0.511412
0.657375 0.518464
0.808548 0.444183
0.675261 0.350166
0.712553 0.195826
0.610375 0.071293
3.309787 3.104273
4.020314 2.318795
1.615701 0.252158
1.553263 0.234951
1.678248 0.259334
1.598281 0.188819
1.540734 0.167696
1.571948 0.306902
1.545939 0.406525
1.512329 0.350211
1.500102 0.283264
1.486563 0.213651
1.478175 0.144493
1.415428 0.114363
1.791133 0.252489
1.737979 0.257277
1.963990 0.316625
1.979758 0.261432
1.926885 0.236420
1.924159 0.287183
1.878681 0.257669
1.832205 0.284698
1.967155 0.213632
1.887770 0.206679
1.931563 0.187599
1.898473 0.160963
1.937073 0.146501
1.906428 0.122043
1.859113 0.173117
1.839115 0.222886
1.790005 0.208733
1.748684 0.209250
1.702483 0.209772
1.651669 0.203930
1.576537 0.124830
1.820512 0.176926
1.829318 0.138482
1.869452 0.132528
1.846565 0.103565
1.810855 0.103117
1.745739 0.167866
1.706575 0.123926
1.706389 0.165469
1.665065 0.159488
1.783138 0.167006
1.789894 0.133837
1.772943 0.098475
1.748673 0.130031
1.733698 0.091227
1.759290 0.064280
1.722854 0.053058
1.693943 0.079506
1.662935 0.111556
1.654209 0.062016
1.621716 0.144506
1.617803 0.091336
1.526412 0.100191
1.571355 0.067539
1.614994 0.040870
1.580315 0.016144
1.526717 0.032076
1.470243 0.016865
1.473217 0.075999
1.413529 0.039472
4.106590 0.857976
3.982928 0.649246
-3.469896 2.321662
-4.717209 -0.572984
2.539560 1.010880
2.440153 0.888592
2.304158 0.905879
2.349749 0.781671
2.272437 0.688951
2.176381 0.914209
2.091306 0.814741
2.222599 0.798958
2.161030 0.704376
2.060130 0.702720
2.109837 0.608253
2.144738 0.514904
2.015454 0.625974
2.048963 0.538278
1.953176 0.574201
2.013349 0.436684
1.997835 0.370415
1.982797 0.498678
1.938028 0.428158
-4.587560 3.401056
-2.255584 2.867051
-2.316179 2.511817
-1.091615 2.328557
3.405187 -1.530129
3.195162 -1.669973
2.221627 1.417824
2.291129 1.160275
2.163006 1.236042
1.960458 1.023270
2.225647 1.033740
2.106328 1.086443
2.072175 0.953393
1.969832 0.878963
1.883327 0.794118
3.807596 3.096183
-1.390177 2.851108
3.018636 1.916320
1.348238 1.454855
1.204483 1.310273
0.514248 2.756949
0.219430 2.487104
-1.871029 -2.543880
-2.364023 -2.605337
2.092393 -0.901228
2.043835 -0.999640
2.073261 -1.219196
1.988848 -1.106687
1.919357 -1.221839
1.852765 -1.097904
1.763954 -1.205297
1.665995 -1.323248
-3.797421 -0.045075
-3.815673 -0.279580
-1.248562 -4.465078
3.758169 0.202465
3.559430 0.106278
3.371853 0.049290
3.287340 -0.106941
0.637556 -4.051353
-0.969236 3.922218
2.465825 2.137685
2.303720 1.899059
2.218358 -3.719269
2.472867 -4.098499
-1.876886 0.018282
-1.920023 0.027326
-1.902794 0.003216
-1.926368 -0.014757
-1.952357 -0.029577
-1.924318 -0.046778
-1.952221 -0.060057
-1.975628 -0.077340
-1.997451 -0.088134
-1.860543 -0.010792
-1.893996 -0.028967
-1.894924 -0.066343
-1.926641 -0.077869
-1.953469 -0.090057
-1.978165 -0.101835
-2.000491 -0.110291
-1.900024 -0.098431
-1.930598 -0.108381
-1.958204 -0.117868
-1.983511 -0.125963
-2.006543 -0.132006
-1.947628 0.006317
-1.976076 -0.053419
-1.974344 -0.005608
-1.999276 -0.019678
-1.977176 -0.031480
-1.999281 -0.043078
-2.017393 -0.054788
-1.997233 -0.065761
-2.016840 -0.096629
-2.020416 -0.116600
-2.027111 -0.136214
-1.991575 -0.149123
-2.015991 -0.152858
-2.044708 -0.136432
-2.020481 -0.031529
-2.036179 -0.046880
-2.015971 -0.076131
-2.033519 -0.066446
-2.050493 -0.058692
-2.067317 -0.053672
-2.075418 -0.065703
-2.087044 -0.063382
-2.032780 -0.085370
-2.047913 -0.076533
-2.062217 -0.070058
-2.074888 -0.079029
-2.087248 -0.075416
-2.098286 -0.075660
-2.086037 -0.086813
-2.097365 -0.086128
-2.093593 -0.096324
-2.034323 -0.103345
-2.048302 -0.093188
-2.061537 -0.085157
-2.073404 -0.092362
-2.050208 -0.109082
-2.062472 -0.100027
-2.064332 -0.114087
-2.038221 -0.120611
-2.054910 -0.124709
-2.056318 -0.145375
-2.060139 -0.161534
-1.936986 -0.137475
-1.945927 -0.165573
-1.965488 -0.144267
-1.975192 -0.169605
-2.001208 -0.171025
-2.025876 -0.172717
-2.039266 -0.155121
-2.065500 -0.133557
-2.072762 -0.147739
-2.075334 -0.107073
-2.072318 -0.122549
-2.082964 -0.118029
-2.081511 -0.133782
-2.088232 -0.106790
-2.083026 -0.097777
-2.099354 -0.104961
-2.094675 -0.115273
-2.104451 -0.114315
-2.105070 -0.125190
-2.093517 -0.125996
-2.108396 -0.137266
-2.088347 -0.149698
-2.095626 -0.137816
-2.104974 -0.150515
-2.078943 -0.163910
-2.067784 -0.179438
-2.047396 -0.176278
-2.035580 -0.194827
-2.057144 -0.198927
-2.077644 -0.197489
-2.088246 -0.180585
-2.097154 -0.164456
-2.107641 -0.179449
-2.115872 -0.162594
-2.127206 -0.177951
-2.119545 -0.195759
-2.127650 -0.213106
-2.099841 -0.198927
2.392484 -3.227425
3.947870 3.965225
-1.905696 -3.571803
-2.054548 -4.040297
-3.984730 -3.992322
-4.471210 1.990718
2.779859 -4.500031
-4.071125 2.627473
3.071352 -4.119727
-2.629175 3.061870
0.616241 -1.554160
3.223319 -3.256917
-1.517389 0.995424
-1.535930 0.854630
-1.618986 0.750428
-1.650453 0.999633
-1.664260 0.877751
-1.741214 0.769980
-1.701022 0.657729
-1.593774 0.626966
-1.809699 0.673990
-1.865491 0.586417
-1.911407 0.506436
-1.669001 0.550503
-1.768338 0.573362
-1.825712 0.496178
-1.875099 0.424884
-1.949836 0.435306
-1.846041 0.352435
-1.919696 0.358986
-1.982096 0.374043
-2.003344 0.320845
3.567574 -4.017113
-2.711278 -4.544618
-2.225433 0.529060
-2.142168 0.559001
-2.025699 0.435123
-2.098417 0.422198
-2.156682 0.475634
-2.049185 0.369504
-2.112598 0.354486
-2.065694 0.309654
-2.121890 0.293770
-2.134750 0.242508
-2.143954 0.190790
-2.172124 0.333439
-2.166284 0.400515
-2.229287 0.372059
-2.301480 0.489945
-2.228887 0.446010
-2.294973 0.408870
-2.228321 0.306559
-2.177480 0.274703
-2.181314 0.221052
-2.226462 0.247786
-2.184202 0.173538
-2.183722 0.133162
-2.224264 0.194951
-2.220824 0.147126
-2.252526 0.118540
-2.287108 0.337218
-2.278622 0.273416
-2.338636 0.296567
-2.384697 0.530882
-2.370057 0.442427
-2.430933 0.387660
2.470834 -2.865850
-4.451969 -0.404743
3.583479 2.766038
-4.648611 -1.862768
-2.603553 2.701267
3.952647 -4.422357
0.080714 3.204984
-1.475362 2.436341
-1.657395 2.694316
0.624470 2.054452
0.755475 1.709427
-2.099534 -0.382916
-2.137287 -0.417317
-2.175108 -0.454245
-2.214560 -0.495296
-2.254267 -0.546496
-2.290873 -0.614235
-2.359858 -0.606609
-2.093407 -0.430889
-2.121852 -0.467824
-2.154704 -0.506896
-2.190368 -0.548725
-2.084336 -0.497897
-2.074234 -0.576941
-2.115442 -0.540569
-2.148633 -0.588920
-2.219982 -0.607784
-2.253505 -0.679543
-2.344062 -0.691297
-2.365808 -0.792501
-2.099098 -0.631524
-2.170949 -0.659005
-2.190813 -0.734744
-2.277088 -0.762354
-2.198040 -0.824516
-2.286625 -0.863016
-2.385413 -0.902525
-2.438312 -0.728865
-2.465860 -0.829274
-2.496637 -0.943180
-2.577750 -0.859451
-2.529669 -1.069771
-3.947078 0.147366
0.562820 -1.102385
0.372759 -1.223162
0.153509 -1.349740
0.374918 -1.474504
0.002097 -1.532967
-1.604613 -3.970304
-0.858656 1.596522
-1.141879 1.316360
-1.101005 1.536801
-1.318343 1.461790
-1.337332 1.255803
-1.506340 1.319517
-1.502095 1.151756
-1.644555 1.133932
-4.717119 -0.263714
0.019463 -3.534087
-1.159932 -3.598609
-1.829817 -1.359453
-1.919717 -1.511374
-4.638951 -2.223575
-2.838031 -1.820630
-3.035906 -1.913107
-3.149538 -2.219371
-3.354419 -2.358924
-1.938254 1.733383
1.842553 0.928316
1.703632 0.904898
1.653579 0.787563
1.774128 0.802604
1.725953 0.696546
1.615407 0.681777
1.681450 0.602721
1.510485 0.655138
1.586097 0.578459
1.566849 0.481707
1.420751 0.614636
1.494318 0.542024
1.470551 0.444294
1.393871 0.516192
1.440768 0.358289
1.370092 0.421889
1.352393 0.328366
1.260879 0.287942
1.317573 0.612693
1.287717 0.499828
1.270017 0.392198
3.470368 -1.800181
3.223611 -1.925920
2.995878 -1.947744
3.120025 -2.235602
0.048928 3.595979
2.390617 -0.185747
2.320418 -0.296317
2.267694 -0.333987
2.268979 -0.398880
2.242445 -0.467523
2.214886 -0.533318
2.174403 -0.597763
2.120254 -0.658379
2.102285 -0.776002
2.349217 -0.071028
2.391115 -0.124083
2.329274 -0.131918
2.336062 -0.184899
2.284192 -0.184313
2.244064 -0.221159
2.304782 -0.236872
2.259955 -0.275475
2.212628 -0.310759
2.214031 -0.362245
2.205716 -0.415926
2.173570 -0.471740
2.141204 -0.526899
2.098656 -0.583434
2.043435 -0.633565
1.980917 -0.675737
2.057774 -0.712743
1.919061 -0.720714
1.988602 -0.760815
2.037539 -0.824785
1.980869 -0.904394
1.930655 -0.822984
1.921096 -0.997734
1.910810 -1.480788
1.829343 -1.649332
1.786940 -1.833088
1.604895 -1.801661
1.531943 -1.995500
1.323919 -2.120769
1.178125 -2.368709
1.781767 1.984028
1.627166 2.217679
1.532235 1.945008
1.477182 1.696208
1.276960 1.641173
4.019341 2.705097
-2.805362 2.169810
-3.034607 1.995568
4.579088 1.727994
0.168570 -4.006300
-4.695037 -1.207474
-0.921612 -0.714831
-0.835496 -0.876978
-2.972891 4.069500
3.370877 0.882371
3.198774 0.758851
3.379498 0.667495
3.258791 0.535012
3.122467 0.617075
3.113087 0.435229
2.982358 0.515663
2.847800 0.584007
2.723849 0.648574
2.611111 0.573089
2.720234 0.502409
2.601894 0.449780
2.541996 0.348491
2.971837 0.352788
2.855695 0.441171
2.647733 0.359374
2.505545 0.257231
2.565701 0.172526
2.474099 0.172834
2.439627 0.099179
2.391676 0.165616
2.403849 0.038414
2.363825 0.098685
2.297023 0.088768
2.377049 -0.014602
2.336143 0.037806
2.311821 -0.020114
2.276886 0.032029
2.250998 -0.007750
2.204882 -0.018220
2.844787 0.298017
2.745672 0.386399
2.799897 0.176588
2.722022 0.268996
2.617224 0.087237
2.607873 0.260395
2.674955 0.170518
2.519833 0.090627
2.468367 0.014286
0.861141 0.946076
0.828328 0.770207
0.809620 0.602272
-3.511480 -4.481656
-1.228659 2.582773
-0.273335 4.483969
-3.640072 2.023494
-3.735016 1.713117
-4.485753 -4.475594
2.066666 1.548159
2.034524 1.357859
1.886867 1.410432
1.988083 1.190828
1.846433 1.254339
-4.644562 -2.648422
-3.615079 -0.601621
-3.580822 -0.829574
-3.778118 -0.750065
-3.957205 -0.920241
-4.163392 -1.117086
4.680868 -2.805024
4.659741 -0.896707
-3.495423 -1.042864
-3.481000 -1.276244
-3.682035 -1.221611
-3.584915 -1.461156
-3.840950 -1.448728
-2.769519 -3.025259
-3.229758 -1.747262
-3.256760 -2.003582
-3.486020 -2.119722
-3.480849 -1.824040
-3.750936 -1.955932
-3.727000 -2.261761
-3.986380 -2.381308
2.100386 1.750034
1.893474 1.764459
1.883133 1.576433
4.447536 4.445307
-3.103745 -4.501141
-4.600080 -3.459525
-1.273916 3.534219
0.484169 3.150946
-4.519890 -3.052507
-1.441464 4.015420
-0.418189 0.124263
-0.442748 -0.069211
-0.617261 -0.159175
-0.778206 -0.229245
-2.561392 -4.110236
2.282242 2.733000
2.065598 2.492887
1.910102 2.232344
1.023287 -2.957278
-2.088720 1.560905
-2.202646 1.393321
-2.305110 1.574209
-2.384053 1.387638
-2.531548 1.314637
-2.662879 1.200441
1.027308 0.034281
0.906051 0.044016
0.835095 -0.068878
0.961176 -0.067193
0.912088 -0.182910
0.778405 -0.194620
0.742396 -0.334470
0.627905 -0.216810
0.603299 -0.373172
0.456203 -0.411986
0.502862 -0.564516
0.340089 -0.624663
0.295277 -0.441621
0.133045 -0.579142
0.193113 -0.819826
1.343352 -3.679889
-4.301419 -2.382923
0.516407 -2.026333
0.643257 -4.508037
-3.521738 -4.019719
0.092019 0.797349
-0.099315 0.646391
1.784476 -3.702444
3.002072 1.660659
-0.232720 2.794040
4.165100 -0.086684
3.916681 -0.188846
-3.838926 0.603705
-3.975914 0.413060
-4.182415 0.278461
-4.437194 0.177966
-1.255967 -0.138794
-1.294665 -0.237964
-1.269188 -0.333928
-1.327382 -0.420159
-1.408561 -0.492814
-1.429416 -0.391804
-1.500880 -0.453905
-1.494423 -0.551949
-1.577312 -0.504591
-1.655386 -0.544015
-1.579563 -0.598583
-1.594917 -0.699508
-1.666186 -0.629940
-1.691265 -0.717840
-1.731237 -0.805132
3.235371 -3.659993
-0.760111 -4.007384
-1.134890 -2.278810
-2.149137 0.964350
-2.184963 0.841665
-2.203814 0.725652
-2.217154 0.621660
-2.297249 0.803233
-2.303768 0.684200
-2.305769 0.581671
-2.399304 0.632083
-2.478444 0.566883
-1.784832 2.384214
-1.849044 2.126184
-3.249988 2.603874
-0.483837 -0.483729
-0.542720 -0.675936
-0.461396 -0.275834
-0.638917 -0.347721
-0.680467 -0.528619
0.130850 2.838550
-0.066090 1.839873
-0.325891 1.721640
-1.593613 -1.653779
-1.675557 -1.850353
-1.483237 -1.130434
-1.664163 -1.332608
-1.724923 -1.498808
0.003564 -2.165693
-3.727641 -0.991616
-3.915725 -1.184388
-1.886109 2.933700
-2.008329 2.596515
-0.390916 3.548735
3.919864 2.009239
-0.525211 -1.815447
2.774204 -3.828700
-4.311064 -2.011005
1.589587 -3.342749
0.062204 1.052098
-0.314459 -4.458160
4.286897 3.023201
-2.298308 -1.562588
-2.215630 -1.702017
-2.375998 -1.811902
-2.275706 -1.985893
-2.488463 -2.031770
-1.057982 0.967414
-1.131132 0.799043
-1.214813 0.650482
-1.356773 0.658919
-4.444681 -0.109577
0.464286 -3.591543
-3.073240 -0.991358
-3.287472 -0.988232
4.397170 2.489162
1.699108 1.551396
1.717828 1.376853
1.689033 1.185086
1.601516 1.034697
1.521065 1.506452
1.558294 1.334404
1.395364 1.277745
-4.190591 0.020796
-0.295984 -2.343769
0.431542 0.087291
0.348671 -0.076582
0.150161 -0.112445
0.293859 -0.259637
0.102697 -0.335306
3.985468 1.459297
3.793571 1.221399
-1.241951 0.079091
-1.251104 -0.033447
-1.353104 -0.148349
-1.440351 -0.142011
-1.401946 -0.227510
-1.459738 -0.297810
-1.367717 -0.317591
-1.516323 -0.362321
-1.343850 0.028590
-1.350885 -0.063643
-1.434636 -0.065532
-1.492953 -0.213067
-1.434475 0.012420
-1.512182 0.002344
-1.509923 -0.067206
-1.518504 -0.136636
-1.577574 -0.060841
-1.583891 -0.125165
-1.643557 -0.153686
-1.652455 -0.212324
-1.577313 -0.197704
-1.683656 -0.257449
-1.540897 -0.275855
-1.590691 -0.335682
-1.611704 -0.262136
-1.656826 -0.309829
-1.723132 -0.289424
2.386847 2.420848
2.194237 2.188854
2.039569 1.977453
2.764368 1.747778
2.645011 1.522516
0.342868 4.500852
2.513019 -3.532387
-0.691027 3.076803
-2.122497 -1.861532
-2.203532 -2.176008
-2.416387 -2.293175
2.024643 -3.347959
-3.192845 0.865541
-3.280812 0.721214
-3.436918 0.841820
-3.457949 0.641017
-3.632325 0.521331
1.387096 4.000479
2.785377 2.046110
-3.789264 1.411535
-3.579328 1.245819
-4.061237 1.300047
-1.510119 -3.570976
-4.156916 0.541272
-4.416266 0.470038
-1.775844 4.511798
2.168493 4.518541
-0.331494 0.726674
-0.487786 0.558698
-0.685869 0.610706
-0.632875 0.413676
-0.872366 0.642503
-0.809464 0.467309
-0.927799 0.343696
4.652608 -1.537348
3.830563 -1.385957
3.661552 -1.605994
-3.125184 2.278676
-4.646881 1.683568
-4.254099 1.813051
4.686841 -0.299350
3.796526 0.483998
3.770004 0.743133
3.586301 0.580364
3.610157 0.344626
3.417933 0.245589
2.636872 -0.547796
2.535011 -0.607986
2.650628 -0.662891
2.550537 -0.710829
2.462050 -0.747222
2.432652 -0.649112
2.642968 -0.795117
2.529267 -0.836561
2.363819 -0.744923
2.296338 -0.825838
-3.322186 2.035085
2.190984 3.668353
-0.809345 3.475639
-2.800723 4.513326
2.772581 4.508952
-0.334158 -2.733426
3.157149 3.565598
-1.320728 2.195665
-0.051318 -0.724379
-0.014522 -0.963354
-0.066723 -1.209709
-0.230780 -0.888712
-0.271915 -1.099908
1.106592 -0.233196
1.106196 -0.334209
1.025822 -0.167014
0.996444 -0.288562
0.873439 -0.304138
1.014954 -0.411016
0.894887 -0.412941
0.942280 -0.526555
0.835339 -0.573280
0.709864 -0.637890
0.568613 -0.709310
0.859365 -0.712581
0.986637 -0.783816
0.879763 -0.884905
0.725543 -0.808168
0.735396 -0.990522
0.567814 -0.902421
0.374693 -0.987910
0.659453 -2.889594
-2.218987 -3.350235
3.187822 0.014952
3.344100 -0.250456
3.147360 -0.168199
2.988127 -0.169498
3.053428 -0.299060
2.962729 -0.416179
-3.914508 4.384556
3.345425 2.362942
2.436255 3.335109
0.546576 1.265859
0.307399 1.156696
0.506749 1.027749
0.488685 0.807672
0.526054 4.028517
-4.660690 0.674007
-4.705722 0.353491
-4.713990 0.042003
3.889560 -3.019984
1.564937 4.494762
-1.950095 4.046691
2.174431 3.063730
-0.842216 4.430793
-2.200069 -4.519177
4.333190 -2.150714
-2.289305 4.462621
-1.971724 -3.114968
-0.798484 -3.581892
-1.951744 -0.804365
-2.003474 -0.894282
-1.905182 -0.646046
-1.945427 -0.583176
-2.013315 -0.588524
-1.971901 -0.654048
-1.956190 -0.725409
-2.032512 -0.722858
-2.036927 -0.798948
-2.039027 -0.652501
-2.106167 -0.705445
-2.117487 -0.781002
-2.104250 -0.872933
-2.190290 -0.926372
-2.074585 -0.978333
-2.188150 -1.037349
-2.079973 -1.087056
-2.297812 -1.100686
-2.180446 -1.171149
-2.297365 -1.243482
-2.289321 -1.398856
-2.451148 -1.466291
-3.825070 1.129944
-4.489626 -3.969096
-0.904546 -1.039504
-1.043524 -1.177237
-1.001453 -1.373341
-1.187062 -1.319424
-1.738897 -0.617929
-1.765266 -0.684283
-1.828630 -0.646941
-1.877542 -0.716161
-1.797773 -0.751145
-1.864744 -0.802555
-1.817030 -0.977640
-1.900114 -0.897786
-1.951781 -0.998089
-1.973432 -1.109001
-2.050996 -1.221199
-2.155936 -1.323979
4.452755 -2.506871
1.622928 -4.527025
-3.323371 -0.330833
-3.444385 -0.477366
-3.167321 -0.610856
-3.263255 -0.473642
-3.323429 -0.612446
-3.454168 -0.682995
4.464489 3.921475
-2.020402 -2.039869
-2.149493 -2.442313
1.775688 -3.028972
1.287661 1.872387
1.044066 1.739721
-2.340832 -3.009183
-0.711702 -2.815304
-1.068601 -2.868726
-0.849494 -3.202480
-1.229356 -3.221436
-0.844762 -2.229617
-1.047136 -2.009901
-3.969831 1.958674
1.519240 -4.086306
0.948428 3.815749
2.205122 -4.546330
1.104096 -4.513068
1.089014 -4.081451
2.874376 -3.403358
-1.285530 0.787000
-1.390525 0.905939
-1.426945 0.768314
-1.510917 0.706430
0.964174 4.410416
0.004522 -2.897736
-0.427775 -0.851214
-0.494608 -1.058154
-0.714732 -1.056727
-0.845804 -1.228176
-2.991554 0.850487
-3.100034 0.737819
-3.139065 0.593208
-3.296732 0.543144
-3.449767 0.453103
-3.162791 0.442898
-3.287817 0.372458
-3.413465 0.285022
-3.585990 0.313258
-3.780558 0.355552
-3.502394 0.130740
-3.714542 0.155184
-2.306566 1.229906
-1.663900 1.290434
-1.795241 1.158346
-1.957612 1.201784
-2.131338 1.229841
-2.064700 1.087209
-2.220555 1.087780
-2.367314 1.059705
-2.455723 1.181920
-2.471574 0.982036
-0.487821 3.971965
-2.650514 -0.773590
-2.772077 -0.788200
-2.851906 -0.870012
-2.918258 -0.995697
-2.992772 -1.146059
1.980688 -4.119750
4.370090 -0.533877
3.879660 -0.435500
4.054520 -0.659328
4.090835 -0.957362
-0.556231 -2.132922
-1.316175 4.473028
4.644894 2.793190
1.977031 3.315434
4.344791 -3.010775
-2.353654 -3.703785
2.406790 -0.855070
2.480644 -0.950513
2.327288 -0.940857
2.401198 -1.031547
2.227309 -0.904079
2.166852 -0.978790
2.265083 -1.051674
2.380713 -1.158257
2.128481 -1.094436
2.229291 -1.190441
2.175080 -1.334559
2.004862 -1.356620
-2.554940 -2.809921
0.012887 -2.518533
3.374986 4.453051
-4.214002 -0.539081
-4.445811 -0.706020
0.182690 -4.470497
-2.791771 -3.684474
-3.763120 3.430869
3.304838 2.039289
3.546957 1.817711
3.254605 1.757828
-2.275849 1.993643
-2.410614 1.774698
-2.630064 1.758646
-0.805420 -4.474361
-0.571213 2.715544
-3.995243 -0.128155
-4.006141 -0.393608
-3.109343 -1.303844
-2.959966 -1.465590
-3.164114 -1.520961
4.081312 3.494830
-1.743038 1.891459
-2.022744 1.959893
2.868173 3.249453
2.564191 2.974030
2.742533 -3.100034
-4.106565 -1.421140
-4.389770 -1.333773
-4.322404 -1.671921
-2.582302 -3.312197
0.548220 1.826371
0.435807 1.613810
0.344656 1.395392
0.077232 1.308813
-4.202721 2.999642
-4.591601 2.887713
4.076425 1.162529
3.851230 0.952909
3.602006 1.020145
3.563685 0.809599
