5.000000 5.000000
0.000000 5.000000
2.500000 5.000000
3.750000 5.000000
4.375000 5.000000
3.125000 5.000000
1.250000 5.000000
1.875000 5.000000
0.625000 5.000000
-2.500000 5.000000
-1.250000 5.000000
-0.625000 5.000000
-1.875000 5.000000
-3.750000 5.000000
-3.125000 5.000000
-4.375000 5.000000
5.000000 -5.000000
5.000000 0.000000
5.000000 -2.500000
5.000000 -3.750000
5.000000 -4.375000
5.000000 -3.125000
5.000000 -1.250000
5.000000 -1.875000
5.000000 -1.562500
5.000000 -0.625000
5.000000 -0.937500
5.000000 -0.312500
5.000000 2.500000
5.000000 1.250000
5.000000 0.625000
5.000000 0.312500
5.000000 0.937500
5.000000 1.875000
5.000000 1.562500
5.000000 3.750000
5.000000 3.125000
5.000000 4.375000
-5.000000 -5.000000
0.000000 -5.000000
-2.500000 -5.000000
-3.750000 -5.000000
-4.375000 -5.000000
-3.125000 -5.000000
-1.250000 -5.000000
-1.875000 -5.000000
-0.625000 -5.000000
2.500000 -5.000000
1.250000 -5.000000
0.625000 -5.000000
1.875000 -5.000000
3.750000 -5.000000
3.125000 -5.000000
4.375000 -5.000000
-5.000000 5.000000
-5.000000 0.000000
-5.000000 2.500000
-5.000000 3.750000
-5.000000 4.375000
-5.000000 3.125000
-5.000000 1.250000
-5.000000 1.875000
-5.000000 1.562500
-5.000000 0.625000
-5.000000 0.937500
-5.000000 0.312500
-5.000000 -2.500000
-5.000000 -1.250000
-5.000000 -0.625000
-5.000000 -0.312500
-5.000000 -0.937500
-5.000000 -1.875000
-5.000000 -1.562500
-5.000000 -2.187500
-5.000000 -3.750000
-5.000000 -3.125000
-5.000000 -4.375000
-2.554550 -0.318094
-2.643735 -0.424326
-2.623039 -0.153006
-2.656163 -0.218623
-2.686445 -0.292098
-2.709693 -0.374717
-2.749675 -0.442605
3.981533 1.980256
2.013451 -0.954821
1.932072 -0.882162
1.815282 -0.917816
1.913754 -0.983396
1.819343 -1.042921
1.714758 -1.118366
1.700763 -0.881430
1.711490 -0.989865
1.602996 -0.934227
1.597341 -1.054969
1.592482 -1.191407
1.467279 -1.113214
-1.179253 3.223804
3.559569 0.888487
-2.209594 1.878067
2.139513 0.506787
2.036896 0.399206
2.199665 0.442176
2.175616 0.359612
2.119364 0.424759
2.127935 0.309071
2.099065 0.360434
2.046935 0.331422
1.988210 0.342049
1.953544 0.294912
2.059477 0.478538
1.991090 0.456130
1.955447 0.400712
1.920387 0.347855
1.893372 0.295250
2.074391 0.285509
1.835871 0.287899
1.871703 0.245115
1.819551 0.236010
2.174374 0.273639
2.115587 0.246849
2.015350 0.276465
2.057851 0.231312
1.974493 0.246397
2.008081 0.210067
2.056085 0.180290
2.017945 0.163352
2.029298 0.124818
1.951609 0.206259
1.974768 0.170556
1.923122 0.248600
1.903189 0.203905
1.929643 0.166438
1.904737 0.140281
1.866338 0.131688
1.853655 0.201020
1.807595 0.188344
1.881612 0.168547
1.839350 0.159165
1.830421 0.119629
1.764797 0.169259
1.800018 0.144066
1.796220 0.103682
1.763221 0.124278
1.725140 0.144987
1.729371 0.100124
1.698651 0.071867
3.793434 1.334808
-0.315780 -0.774750
4.029984 -1.620700
3.613421 2.533583
-0.715160 2.326202
-0.943021 2.068404
4.720528 -2.097878
2.484305 0.323721
2.438183 0.242546
2.352058 0.241082
2.248582 0.150967
2.399745 0.173485
2.357659 0.108575
2.325284 0.171984
2.292350 0.112910
2.231185 0.103013
2.210654 0.059426
2.264307 0.056468
2.231648 0.009665
2.392711 0.318537
2.309845 0.318055
2.282850 0.252991
2.273540 0.194496
2.230134 0.304871
2.186088 0.117080
2.220244 0.227584
2.159985 0.211550
2.202649 0.169553
2.149262 0.158445
2.136461 0.109579
2.165756 0.070360
2.140805 0.030132
2.182729 0.021937
2.190447 -0.023585
2.153519 -0.012906
2.139047 -0.046242
2.103211 0.193186
2.103227 0.146405
2.118714 0.067519
2.100873 0.030512
2.119197 -0.005015
2.103794 -0.036822
2.091858 0.102241
2.076591 0.063166
2.063700 0.138698
2.052493 0.094438
2.005971 0.099639
2.044583 0.051231
2.026046 0.075793
2.011537 0.044591
2.084944 -0.003865
2.065924 0.025576
2.033049 0.019687
1.979818 0.037391
2.004299 0.016730
1.980047 0.008168
2.052209 -0.004866
2.021813 -0.009602
1.998324 -0.008769
1.993111 -0.028776
1.974319 -0.014841
1.973537 -0.037888
1.992096 -0.050854
1.973258 -0.059173
1.956985 -0.047686
1.939981 -0.071132
2.039986 -0.031039
2.070032 -0.032578
2.111054 -0.073152
2.080443 -0.063383
2.083137 -0.095146
2.054488 -0.083762
2.057328 -0.112719
2.057077 -0.142436
2.033696 -0.128078
2.031050 -0.155785
2.013184 -0.036507
2.008871 -0.064790
2.006831 -0.089875
1.989355 -0.073427
1.970164 -0.078165
1.955880 -0.065974
1.953592 -0.082021
1.938483 -0.083527
1.933126 -0.095357
1.920432 -0.095277
1.964833 -0.096069
1.947990 -0.096106
1.940479 -0.108407
1.927096 -0.106663
1.932212 -0.120107
1.916833 -0.128539
1.945205 -0.123115
1.941205 -0.136223
1.928617 -0.132021
1.911842 -0.140460
2.052931 -0.057189
2.031819 -0.101672
2.012250 -0.115034
2.029646 -0.055056
2.029251 -0.078055
1.982817 -0.092628
1.993277 -0.107190
1.991876 -0.126817
1.974167 -0.113704
1.956074 -0.110408
1.973860 -0.135447
1.959372 -0.126824
1.955048 -0.143863
1.951322 -0.164116
1.937572 -0.151900
-0.906725 -0.939644
-1.013390 -0.802626
-1.168454 -0.825289
-1.240144 -0.957317
-1.078141 -0.960015
-1.327152 -1.086216
0.291367 -1.346063
0.097462 -1.195003
0.023003 -1.458848
1.492353 0.283731
1.357714 0.320723
1.352024 0.225727
1.264849 0.179657
0.323422 1.991260
-1.316766 -0.825638
-1.446223 -0.822148
-1.387101 -0.946043
-1.477365 -1.060154
-1.521149 -0.933848
-1.623561 -0.981655
-1.694692 -1.208724
-1.722822 -1.064068
1.657230 1.985976
1.436101 1.968037
1.248245 1.870198
-3.004182 -0.805590
-3.154227 -1.039086
-3.147970 -0.868612
-3.287142 -0.759229
-3.313576 -0.932853
-3.321931 -1.126359
-1.220002 0.981756
-1.196084 0.703996
-1.290635 0.828887
-1.353123 0.691369
-1.164743 0.521253
-1.264191 0.591391
-1.424264 0.588358
-1.251521 0.419465
-1.377878 0.398566
-1.335645 0.509324
-1.456774 0.484161
-1.553671 0.487303
-1.485098 0.389171
-1.578678 0.395369
-1.618080 0.315154
0.069859 -1.758563
2.503508 -0.661871
2.502465 -0.784873
2.410017 -0.714851
2.312618 -0.751801
2.396877 -0.828085
2.495651 -0.908157
2.370609 -0.950004
2.290471 -0.855289
2.185057 -0.870453
2.305387 -1.051595
2.240250 -0.958522
2.146745 -1.005634
2.203700 -1.105662
0.503638 -1.409106
0.284926 -1.599833
2.020143 1.220121
1.972745 1.049856
1.925596 0.920125
1.185439 1.571686
1.067020 1.386559
0.977090 1.196004
0.771094 1.154822
0.543929 1.089511
1.551782 1.170086
-0.127037 2.772480
1.594925 -1.344664
1.602712 -1.519480
1.447476 -1.429203
1.452291 -1.257474
1.310858 -1.334333
1.264274 -1.499363
-4.209948 -0.288921
2.218477 -1.957778
2.001151 -1.886525
2.022624 -2.135620
0.210794 1.706391
0.154918 1.387803
-2.985364 1.513484
-3.169462 1.382763
-2.985816 1.287464
-3.366730 1.273070
-3.354055 1.083542
-3.586013 1.118537
-2.041173 2.632810
-2.261283 2.380402
-4.690911 -0.929083
-0.416116 3.006064
-1.837503 -0.502676
-1.873573 -0.567594
-1.903409 -0.505265
-1.942533 -0.559569
-1.920362 -0.628729
-1.966688 -0.500331
-2.007418 -0.544968
-1.991809 -0.610140
-1.980103 -0.683998
-2.053739 -0.729200
-1.522255 -2.807493
0.286251 -1.894498
-0.893627 0.626714
-0.991779 0.761694
-1.077817 0.635255
3.421430 1.074114
3.336752 0.848269
3.251683 -0.850593
3.070759 -1.120817
-3.833966 -0.708916
-4.073989 -0.741634
2.906283 -3.353075
2.852582 -1.876867
2.602820 -1.829686
-3.017021 0.673150
-3.173496 0.636958
-3.342573 0.579762
-3.335365 0.411022
-3.464172 0.327358
-1.003307 0.496304
-1.107497 0.390807
-1.199405 0.298391
-1.066219 0.253387
-1.067148 0.104668
-1.160904 0.177721
-1.276718 0.203763
-1.333537 0.111081
-1.163338 0.013981
-1.223421 -0.086812
-1.224568 0.100443
-1.281527 0.011523
-1.383079 0.024896
-1.338202 -0.070705
-1.403046 -0.143341
4.180766 0.297680
3.967460 0.324354
3.208622 1.037456
-4.562788 2.932055
-0.227406 -2.604752
-3.642063 -2.903895
-1.681215 -3.145442
2.285491 0.002626
2.267782 -0.041147
2.228255 -0.038181
2.216439 -0.076921
2.176217 -0.059985
2.144413 -0.087243
2.262564 -0.092672
2.222066 -0.125638
2.180878 -0.105230
2.146130 -0.128337
2.267362 -0.149267
2.221806 -0.175779
2.181922 -0.150350
2.143599 -0.169809
2.113554 -0.109748
2.113167 -0.147009
2.084406 -0.127929
2.082576 -0.161551
2.136941 -0.210957
2.178217 -0.195883
2.169894 -0.241670
2.126417 -0.252025
2.097924 -0.221800
2.086037 -0.259345
2.107010 -0.185087
2.071240 -0.196180
2.055061 -0.171912
2.033040 -0.182504
2.040181 -0.206152
2.062158 -0.230477
2.012897 -0.266761
2.048246 -0.264300
2.030842 -0.298455
1.994142 -0.297370
2.011937 -0.185202
2.028273 -0.236212
1.996813 -0.239083
1.979617 -0.266064
1.959602 -0.293553
2.011248 -0.139157
2.007900 -0.163827
1.990376 -0.191511
2.010611 -0.211025
1.948476 -0.262839
1.926986 -0.287454
1.936200 -0.321117
-1.744256 -0.929050
-1.838400 -1.007147
-1.857747 -0.896822
-1.949539 -0.970030
-1.939349 -1.093903
-1.957852 -1.228526
-2.052662 -1.032672
-2.054762 -1.155196
-2.151804 -1.229100
-2.269310 -1.260890
-1.859450 2.914381
0.600246 3.170225
4.366601 -2.143178
4.531945 -2.476000
-0.968286 -2.899501
-2.823454 1.377675
-2.917586 1.125921
-3.146072 1.150186
-3.225465 0.945940
-3.041524 0.977021
-2.958761 0.822182
-3.119993 0.802507
-3.298658 0.763801
1.972459 -0.328548
2.111742 -0.293320
2.069854 -0.296775
2.050372 -0.334965
2.010382 -0.333187
2.029414 -0.374189
1.987808 -0.369021
1.947573 -0.359513
1.961239 -0.403765
1.917952 -0.388918
1.922108 -0.434777
1.926393 -0.485176
1.990218 -0.148468
1.970206 -0.155539
1.986537 -0.170963
1.966641 -0.176158
1.947156 -0.188435
1.968795 -0.195459
1.981833 -0.216017
1.954406 -0.213707
1.930645 -0.210036
1.908360 -0.208319
1.966370 -0.238676
1.938936 -0.235246
1.913744 -0.231137
1.919623 -0.257567
1.896333 -0.278697
1.901617 -0.311519
1.908974 -0.348018
1.869575 -0.299140
1.872283 -0.335620
1.877089 -0.374285
1.840414 -0.365728
1.878840 -0.412220
1.835448 -0.416729
1.784961 -0.429598
1.873363 -0.458881
1.820042 -0.475793
1.753746 -0.472478
1.877033 -0.513627
1.828524 -0.542830
1.779885 -0.521568
1.753589 -0.573533
4.676442 -0.985455
4.387303 -0.825941
3.070944 -0.945261
2.894968 -0.995731
2.900224 -1.148807
2.734680 -1.144113
2.738047 -1.009582
2.609726 -0.989393
2.577550 -1.126429
2.471049 -1.235552
2.635318 -1.283874
-4.127145 2.802024
1.931900 0.060902
1.919666 0.034198
1.898997 0.016724
1.880788 0.003556
1.861866 -0.004453
1.893283 0.039491
1.875320 0.023472
1.857126 0.017304
1.840794 0.005187
1.843883 -0.017480
1.827389 -0.030691
1.831457 -0.052996
1.991434 0.068928
1.962131 0.065222
1.949348 0.039643
1.917747 0.007394
1.899766 -0.006880
1.879531 -0.016354
1.862339 -0.026171
1.959784 0.015978
1.937797 0.017510
1.937141 -0.003339
1.955667 -0.005122
1.955041 -0.026446
1.918241 -0.014086
1.936102 -0.021858
1.924306 -0.035065
1.909950 -0.028236
1.894565 -0.041331
1.895388 -0.025137
1.879150 -0.035502
1.846499 -0.038816
1.864550 -0.044725
1.850551 -0.057279
1.821200 -0.069900
1.822397 -0.007492
1.804397 -0.022933
1.813182 -0.045331
1.804120 -0.062047
1.789805 -0.042039
1.763496 -0.043102
1.779616 -0.064010
1.940640 -0.040132
1.941189 -0.056867
1.926433 -0.052124
1.910236 -0.044834
1.898040 -0.055424
1.889769 -0.067244
1.881462 -0.053546
1.875790 -0.069739
1.866422 -0.059951
1.858942 -0.073790
1.846840 -0.084275
1.839674 -0.070846
1.812761 -0.086354
1.795757 -0.079436
1.830852 -0.089888
1.871587 -0.083105
1.859724 -0.090599
1.846206 -0.099694
1.832995 -0.110050
1.816018 -0.105675
1.800518 -0.121637
1.775593 -0.089957
1.754694 -0.104246
1.756398 -0.073620
1.731588 -0.087247
1.731511 -0.119291
1.795983 -0.100864
1.777267 -0.115523
1.926758 -0.068154
1.913651 -0.059966
1.902913 -0.067652
1.885329 -0.079267
1.925196 -0.082472
1.913817 -0.074350
1.912096 -0.086120
1.899854 -0.078888
1.892575 -0.087869
1.881380 -0.091236
1.871222 -0.097820
1.848945 -0.115792
1.837573 -0.127887
1.819893 -0.125791
1.785092 -0.138027
1.757773 -0.135458
1.901974 -0.090151
1.899333 -0.099121
1.890623 -0.097317
1.882079 -0.103935
1.860321 -0.105875
1.909330 -0.097693
1.903875 -0.107913
1.892945 -0.107647
1.884882 -0.116283
1.872975 -0.111830
1.875661 -0.126468
1.863352 -0.120932
1.854447 -0.131541
1.866449 -0.138615
1.845380 -0.143482
1.827379 -0.144800
1.806348 -0.143996
1.840738 -0.161791
1.819136 -0.163913
1.796697 -0.164438
1.775891 -0.157782
1.779644 -0.186516
1.753628 -0.167729
1.703951 -0.101124
1.730417 -0.150621
1.750871 -0.196908
1.710116 -0.209753
1.703379 -0.134406
1.673630 -0.152950
1.726023 -0.183898
1.700540 -0.169314
1.680559 -0.195344
2.369943 2.430275
-0.646892 0.187226
-0.807314 0.273353
-0.799165 0.098059
-0.939998 0.180365
-1.432745 -1.931541
0.504731 -1.621780
3.826341 -2.757280
-1.299042 -3.045003
2.173610 0.832599
2.305653 0.892503
2.269239 0.756877
2.164140 0.711706
2.247210 0.638854
2.152866 0.602750
2.057120 0.917635
2.068019 0.778361
1.964508 0.820466
2.070968 0.664952
2.068027 0.562751
1.972562 0.706941
1.992853 0.609516
1.979842 0.530650
1.882081 0.755111
1.842458 0.659960
1.913779 0.628230
1.896781 0.549150
1.817126 0.572406
1.834131 0.478579
1.759003 0.521198
-4.004496 2.055313
-0.848260 -0.762475
-2.997371 -2.306807
-3.274193 -2.414555
-3.314540 -2.762184
-2.695753 -0.149542
-2.739643 -0.225804
-2.831394 -0.226674
-2.777137 -0.315482
-2.882394 -0.315734
-2.822574 -0.402796
-2.855911 -0.504094
-2.875786 -0.617029
-2.970373 -0.533937
-2.883189 -0.740716
-2.995684 -0.663254
-3.131039 -0.711042
-3.438856 0.909716
-3.647697 0.880191
-3.487475 0.709271
-3.684383 0.660468
-3.870264 0.779483
-3.754509 0.479830
-3.938065 0.577209
-3.837148 0.292112
-4.098424 0.171191
1.892443 -0.249612
1.839703 -0.320554
1.801236 -0.383137
1.726318 -0.425436
1.689519 -0.470123
1.933879 -0.171111
1.926538 -0.189983
1.908147 -0.190133
1.889508 -0.224142
1.924246 -0.144072
1.920557 -0.158357
1.914798 -0.173622
1.900341 -0.168117
1.892461 -0.183788
1.887805 -0.201803
1.870771 -0.187699
1.867914 -0.211639
1.867395 -0.237541
1.867956 -0.266510
1.845170 -0.222774
1.842505 -0.250869
1.815017 -0.263189
1.840508 -0.283354
1.809618 -0.298888
1.773255 -0.311622
1.806652 -0.338387
1.768795 -0.352087
1.754544 -0.388179
1.711666 -0.370941
1.673810 -0.411139
1.629177 -0.449719
1.637112 -0.502378
1.715282 -0.522485
1.663379 -0.549680
1.577981 -0.513009
1.602969 -0.576715
1.521001 -0.578015
1.693823 -0.599655
1.642755 -0.635843
1.570008 -0.653048
1.494031 -0.677321
1.603217 -0.725764
1.520791 -0.757096
1.401289 -0.697966
1.430774 -0.788105
1.390414 -0.896796
-1.006406 -3.299065
2.374262 1.953707
2.232084 1.750018
1.439847 -2.729884
1.250170 -2.990885
3.060218 2.257270
2.155529 1.371749
2.387176 1.168354
2.208979 1.204832
2.418169 1.005425
2.273892 1.052794
2.182463 0.953912
2.112415 1.074411
0.277527 2.251294
-1.923561 -3.434879
4.658706 1.303260
3.633335 -0.710760
3.433859 -0.747183
3.443818 -0.940652
3.250249 -1.042897
-4.382924 -1.419115
3.943629 1.082838
-3.541401 1.649548
-3.585727 1.378331
-3.791842 1.575234
-3.822765 1.285061
-1.136552 1.850805
-1.380215 1.874297
-1.323873 1.637435
0.877443 2.559703
0.568579 2.375898
0.625783 2.048404
-3.125439 2.397824
-0.913250 -4.055594
0.915814 1.010610
0.740946 0.962138
0.937986 0.856767
0.800292 0.809715
0.665732 0.735517
0.565893 0.529319
0.780603 -0.411740
0.741244 -0.555465
0.590174 -0.597611
0.523958 -0.784581
0.322201 -0.844848
-0.967399 -0.642920
-1.113570 -0.684637
-1.252438 -0.712351
2.372176 -1.757127
-3.510120 -2.188061
-3.090914 -1.642275
-3.185495 -1.848734
-2.321084 -3.320446
3.401311 0.346168
3.358514 0.163702
3.048123 0.070670
2.916110 0.040173
-0.607449 1.692422
-0.841785 1.527256
-1.068663 1.606216
-1.366064 3.579658
3.251762 2.006327
-4.334974 2.085891
-2.236038 -4.533754
0.135702 -2.583534
-4.448122 -0.463674
-4.699272 -0.630592
-1.637211 -2.552175
-1.963154 1.982440
-1.938774 1.776560
-0.493739 -0.628756
-3.385226 1.835110
-0.610064 1.421649
-1.814833 1.106969
-1.961723 1.037070
-1.932656 0.910316
-1.911359 0.804643
-2.094869 0.981788
-2.034509 0.887786
-2.018128 0.774128
-1.955950 0.597125
-1.935865 0.698871
-2.112459 0.714503
-2.029551 0.659179
-2.038167 0.559849
4.688694 0.628402
1.015610 3.289047
1.083712 -2.702217
-4.504257 3.991056
1.008991 -2.389000
0.761105 -2.605243
1.217133 2.698096
-0.638979 -2.736964
-2.228367 -2.432199
-3.190528 1.643587
-3.365962 1.508384
2.465085 -1.041894
2.383877 -1.139266
2.275897 -1.212958
2.158098 -1.267497
2.075413 -1.522724
2.149237 -1.749416
1.970583 -1.665784
0.436072 -0.305525
3.751476 -1.753544
3.524706 -1.605510
3.462421 -1.886934
-2.382233 2.101274
-1.320727 0.305552
-1.385283 0.206148
-1.431395 0.296430
-1.487574 0.203757
-1.526665 0.304428
-1.431600 0.116630
-1.515439 0.103272
-1.472547 0.029633
-1.555164 0.029249
-1.574614 0.239347
-1.658898 0.247267
-1.697780 0.183298
-1.564149 0.158908
-1.626445 0.184544
-1.732056 0.237236
-1.765416 0.172638
-1.598609 0.092034
-1.629065 0.024213
-1.695786 0.018008
-1.651629 0.130982
-1.671763 0.073661
-1.518433 -0.042154
-1.594744 -0.036094
-1.636893 -0.091398
-1.732737 0.067349
-1.717771 0.124209
-1.774466 0.113125
-1.823484 0.096165
-1.874171 0.039169
-1.831196 0.048178
-1.752480 0.014905
-1.785167 0.059074
-1.801859 0.010835
-1.846296 0.007186
-1.919812 0.014889
-1.886457 0.006640
-1.905034 -0.021705
-1.920498 -0.052115
-1.946945 0.001501
-1.964340 -0.021600
-2.001253 -0.042523
-2.023362 -0.041690
-1.934463 -0.023198
-1.950652 -0.048204
-1.966458 -0.070097
-1.977478 -0.044619
-1.990620 -0.065172
-1.824106 -0.030001
-1.866797 -0.027071
-1.848729 -0.063449
-1.887428 -0.056477
-1.908583 -0.083361
-1.939235 -0.076211
-1.724436 -0.032973
-1.777149 -0.031711
-1.804749 -0.071288
-1.663558 -0.033792
-1.700621 -0.083974
-1.739062 -0.128144
-1.756071 -0.078154
-1.789077 -0.117040
1.977273 3.421697
2.691034 -1.463608
2.510100 -1.409117
2.544308 -1.612813
2.348494 -1.332038
2.210829 -1.409579
2.371685 -1.520678
2.220757 -1.598303
2.851599 -0.294700
2.763058 -0.383898
2.794090 -0.498021
2.653913 -0.340672
2.667555 -0.435788
2.590466 -0.535325
2.575186 -0.448625
2.500609 -0.558355
2.602798 -0.627111
2.597426 -0.730823
2.205369 -0.278112
2.188761 -0.330342
2.156940 -0.287726
2.138322 -0.333356
2.092306 -0.334643
2.163112 -0.380461
2.112504 -0.378534
2.122008 -0.426957
2.063999 -0.422914
2.069847 -0.378696
2.011559 -0.414500
2.026265 -0.467707
2.087995 -0.475416
2.051199 -0.518953
2.005430 -0.551298
1.972436 -0.451230
1.981443 -0.505428
1.934358 -0.545032
1.971259 -0.591974
1.884427 -0.581107
1.932817 -0.632789
1.974868 -0.689600
1.901644 -0.715093
1.812739 -0.602828
1.871695 -0.652035
1.811248 -0.677149
1.743073 -0.646467
1.679260 -0.692199
1.838306 -0.746957
1.753629 -0.730374
1.775494 -0.818839
1.683932 -0.781882
-2.128175 -1.789495
-2.329910 -1.705380
-2.301251 -1.925720
-2.276005 -2.162742
2.100538 1.567256
1.974518 1.408796
1.842713 1.296737
-2.494175 -2.318724
-4.694561 0.284489
2.864287 2.834161
-1.590438 -1.103174
-1.436240 -1.203187
-1.563546 -1.241342
-1.565528 -1.380052
-1.724127 -1.365323
-1.896970 -1.373737
3.790236 -2.388367
-0.812078 -0.583877
-2.937117 -1.801812
-3.236237 -2.108982
1.692839 -0.237962
1.646047 -0.260370
1.660178 -0.224989
1.606703 -0.241773
1.736756 -0.223848
1.915029 -0.106839
1.909049 -0.117751
1.897201 -0.117852
1.889833 -0.128252
1.882161 -0.139927
1.857438 -0.153002
1.920825 -0.117472
1.903351 -0.128860
1.897078 -0.140808
1.906834 -0.153677
1.890357 -0.154171
1.874284 -0.153294
1.881892 -0.169452
1.864555 -0.167902
1.851425 -0.177579
1.831309 -0.182434
1.807634 -0.186083
1.798691 -0.210803
1.849127 -0.198337
1.825219 -0.205564
1.819512 -0.232128
1.791639 -0.240887
1.770866 -0.217615
1.759961 -0.248863
1.784635 -0.274113
1.751506 -0.283749
1.723549 -0.255813
1.720670 -0.295778
1.684566 -0.276303
1.736590 -0.331949
1.691880 -0.325103
1.649097 -0.308423
1.649634 -0.178432
1.625835 -0.207275
1.573758 -0.203822
1.603831 -0.289220
1.555835 -0.316052
1.607145 -0.341317
1.658778 -0.359773
1.615554 -0.395745
1.558536 -0.377720
1.569251 -0.444825
1.559874 -0.258326
1.506577 -0.281310
1.501715 -0.346011
1.504334 -0.415937
1.440184 -0.377321
1.510522 -0.490964
1.445517 -0.534553
1.440126 -0.454128
1.519048 -0.222471
1.459891 -0.237417
1.393477 -0.255407
1.446357 -0.304658
1.378208 -0.331181
1.318937 -0.275120
1.301363 -0.360417
1.369891 -0.413693
1.291439 -0.452888
1.284619 -0.550567
1.369732 -0.504177
1.435797 -0.611593
1.359111 -0.594259
1.209254 -0.616726
1.304806 -0.667583
2.006531 1.774344
1.898372 1.600459
1.218939 -2.190428
3.984529 0.751385
3.696559 0.658465
3.639684 0.444653
3.550040 0.240850
-1.777327 -0.168726
-1.830258 -0.257503
-1.825092 -0.143379
-1.834502 -0.102612
-1.861734 -0.171423
-1.801884 -0.219393
-1.821424 -0.182101
-1.886356 -0.212495
-1.849227 -0.212956
-1.909637 -0.240418
-1.862513 -0.291864
-1.872146 -0.249622
-1.900931 -0.316154
-1.904943 -0.276802
-1.939018 -0.275808
-1.938029 -0.315842
-1.899494 -0.358139
-1.864736 -0.130164
-1.873935 -0.092227
-1.899961 -0.116200
-1.895818 -0.183478
-1.940137 -0.241437
-1.976898 -0.331198
-1.943004 -0.359968
-1.911272 -0.404439
-1.961950 -0.406628
-1.989528 -0.369940
-1.895462 -0.150029
-1.930955 -0.105801
-1.958336 -0.096698
-1.926234 -0.136849
-1.925484 -0.169562
-1.952713 -0.184822
-1.925674 -0.205926
-1.959292 -0.216328
-1.953418 -0.124533
-1.977654 -0.113810
-1.975617 -0.139656
-1.951745 -0.153698
-1.976277 -0.166593
-1.980533 -0.194241
-1.988403 -0.222928
-1.971627 -0.252973
-1.971338 -0.291770
-2.006089 -0.307783
-2.000527 -0.175780
-2.006907 -0.201040
-2.003270 -0.248156
-2.001225 -0.275327
-1.982662 -0.088932
-1.997011 -0.127648
-2.004512 -0.082481
-2.018731 -0.096605
-1.999220 -0.104530
-2.015793 -0.117049
-2.016195 -0.138655
-1.997367 -0.151383
-2.018633 -0.160050
-2.023588 -0.183182
-2.037701 -0.167983
-2.033593 -0.204382
-2.047983 -0.185584
-2.057902 -0.206942
-2.018038 -0.224972
-2.044397 -0.227951
-2.030472 -0.252331
-2.057019 -0.253063
-2.082396 -0.250947
-2.031396 -0.279341
-2.060599 -0.278604
-2.073074 -0.305923
-2.040003 -0.310098
-2.060445 -0.341330
-2.019541 -0.344585
-2.097518 -0.331450
-2.088836 -0.274634
-2.104593 -0.295476
-2.130983 -0.315154
-2.127690 -0.354446
-2.088673 -0.371878
-2.123801 -0.395931
-1.990460 -0.449868
-2.042708 -0.378200
-2.071096 -0.409227
-2.105028 -0.432785
-2.143346 -0.455002
-2.166956 -0.372590
-2.161473 -0.415360
-2.197924 -0.449629
-2.012998 -0.404088
-2.041943 -0.438618
-2.028376 -0.492336
-2.078881 -0.469435
-2.075620 -0.530466
-1.827041 -1.130026
-1.826119 -1.245097
-2.062282 -1.322741
3.759820 0.269433
3.689385 0.054278
3.571787 -0.111652
3.417220 -0.181412
3.240419 -0.191219
4.118140 -0.423279
3.871290 -0.588309
-2.031686 -0.127214
-2.035921 -0.146754
-2.051371 -0.159947
-2.061707 -0.171489
-2.080504 -0.171897
-2.070513 -0.189345
-2.082114 -0.208678
-2.069885 -0.228597
-2.096154 -0.229949
-2.032880 -0.107621
-2.048510 -0.131943
-2.054887 -0.145879
-2.070650 -0.155347
-2.012460 -0.061593
-2.032225 -0.059320
-2.024543 -0.077573
-2.037065 -0.090442
-2.050183 -0.100452
-2.045332 -0.116947
-2.064983 -0.101940
-2.057922 -0.113620
-2.061527 -0.126548
-2.076499 -0.127686
-2.067252 -0.139176
-2.089909 -0.128746
-2.081783 -0.141740
-2.088522 -0.156263
-2.099096 -0.171470
-2.091560 -0.189322
-2.111909 -0.187397
-2.105009 -0.207881
-2.127074 -0.204263
-2.120775 -0.228279
-2.110811 -0.255859
-2.138674 -0.248588
-2.145627 -0.221180
-2.165252 -0.238223
-2.161838 -0.267732
-2.130949 -0.279016
-2.161749 -0.298747
-2.188854 -0.253636
-2.194559 -0.282629
-2.192171 -0.320732
-2.221997 -0.305709
-2.239179 -0.334962
-2.161588 -0.335730
-2.204814 -0.354591
-2.247022 -0.377701
-2.293656 -0.385984
-2.206727 -0.400380
-2.251639 -0.430789
-2.096318 -0.141849
-2.105267 -0.155304
-2.117317 -0.168766
-2.131582 -0.182391
-2.165265 -0.208695
-2.180354 -0.219581
-2.198491 -0.228720
-2.229664 -0.272108
-2.042863 -0.073606
-2.053360 -0.085397
-2.064750 -0.088768
-2.071312 -0.115143
-2.084631 -0.116893
-2.059893 -0.070771
-2.071290 -0.078699
-2.075254 -0.094677
-2.080602 -0.086016
-2.087172 -0.096888
-2.079152 -0.105698
-2.091182 -0.107012
-2.097198 -0.116718
-2.096952 -0.095031
-2.099196 -0.103371
-2.105255 -0.108845
-2.109969 -0.117622
-2.102598 -0.128600
-2.115415 -0.127400
-2.110631 -0.140637
-2.124856 -0.136824
-2.121658 -0.152150
-2.135430 -0.163505
-2.125863 -0.121318
-2.137441 -0.129992
-2.137516 -0.146216
-2.152923 -0.155180
-2.151651 -0.174834
-2.147684 -0.195855
-2.169307 -0.143506
-2.170533 -0.164223
-2.170313 -0.187060
-2.191170 -0.198272
-2.213648 -0.211120
-2.235876 -0.228927
-2.217165 -0.248354
-2.258392 -0.252175
-2.260949 -0.296757
-2.280470 -0.340055
-2.347731 -0.392286
-2.308605 -0.434297
-2.361310 -0.446803
-2.335227 -0.498758
-2.394084 -0.502922
-2.456555 -0.537873
-2.409158 -0.429452
-2.450429 -0.466538
-2.531616 -0.572220
-2.230417 -0.491963
-2.285997 -0.480650
-2.325238 -0.552188
-2.388106 -0.573511
-2.456306 -0.613230
-2.510668 -0.663015
-2.599025 -0.633723
-2.680275 -0.698043
-2.572337 -0.733128
-2.652772 -0.799315
-2.749262 -0.832480
-3.327989 -1.349154
-3.503820 -1.212267
3.699034 -2.070021
3.466612 -2.254345
-2.449449 3.284966
-0.711690 3.233262
-2.642580 2.930771
-0.951189 3.611332
-1.699005 -1.522905
-1.858876 -1.522464
-1.975013 -1.659352
-1.112557 -0.125422
-1.193451 -0.206797
-1.303139 -0.168531
-1.382865 -0.237376
-1.284877 -0.275447
-1.374707 -0.336358
-1.461376 -0.296659
-1.460564 -0.390229
-1.469948 -0.206673
-1.538649 -0.346120
-1.536774 -0.439334
-1.601194 -0.392816
-4.310549 1.706824
-4.657075 1.526927
-2.460434 -2.618321
1.407803 2.191649
1.007092 0.055892
0.881309 0.078796
0.793972 -0.030434
0.593933 -0.145395
0.931371 -0.042804
0.732393 -0.154940
0.867504 -0.157144
0.838157 -0.279798
0.713428 -0.283920
0.625658 -0.430538
0.579349 -0.288733
-3.017474 -3.746458
0.393493 0.170943
0.303048 -0.005475
0.270157 -0.211311
0.277880 -0.426315
-0.097153 0.287365
-0.067463 0.071483
2.867155 3.253565
0.510586 1.766868
0.417240 1.518385
-4.690121 -1.255425
-1.565416 -2.146697
-1.748708 -2.313612
0.583076 0.883651
0.494101 0.697292
4.369709 0.773887
-1.776211 2.161941
-2.130337 2.127406
-1.086646 2.326712
-1.265150 2.120978
-2.556258 2.351720
-2.642210 2.074611
-0.158274 -4.451980
-0.836688 0.452063
-0.957353 0.342773
-4.099541 -1.746010
-4.066504 1.467264
-4.356380 1.350032
-4.669597 1.205595
-4.683874 0.901351
-0.508927 3.577821
-1.798124 3.697321
-0.638544 1.991706
-0.869282 1.790879
-0.530116 -0.844458
-0.720897 -0.901831
-4.025972 -2.023522
-2.867051 -0.875630
-2.858870 -1.030562
-3.001588 -0.957244
-2.997875 -1.126194
-3.154308 -1.230332
-3.145952 -1.439793
-1.566291 -0.103611
-1.614916 -0.154639
-1.662075 -0.196545
-1.680096 -0.138113
-1.721863 -0.179350
-1.701550 -0.235429
-1.732994 -0.278312
-1.754752 -0.221695
-1.783420 -0.268420
-1.763177 -0.325706
-1.715026 -0.362288
-1.815967 -0.308341
-1.856242 -0.339343
-1.762619 -0.390295
-1.810234 -0.365278
-1.809685 -0.436079
-1.857401 -0.394001
-1.873489 -0.449213
-1.933612 -0.452940
4.359715 -0.192554
4.059601 -0.177152
3.237303 -1.258458
3.029552 -1.314018
3.118329 -1.501333
2.994034 -1.682448
2.896774 -1.486150
1.803466 -1.795953
1.613574 -1.708440
1.619633 -1.932372
-0.629177 2.721581
-0.965687 2.593874
-1.960776 4.100210
-3.701782 -1.082673
-3.918129 -1.209959
-4.149759 -1.222676
-4.094039 -1.484699
-1.558481 -1.719378
-1.673524 -1.906219
-1.832340 -2.074614
-3.847248 -1.738255
-2.033752 -1.478229
-2.201094 -1.401573
-2.164531 -1.591388
-2.329800 -1.520941
-2.030770 3.265246
-2.242991 2.942869
-2.463748 1.441350
-2.605417 1.277856
-2.423492 0.558266
-2.432076 0.472845
-2.434041 0.397287
-2.492098 0.350110
-2.518363 0.437171
-2.573498 0.377401
-2.555525 0.297589
-2.608410 0.245567
-2.601577 0.176476
0.193348 -2.188111
-0.109352 -2.317669
2.854800 1.780000
2.894638 1.543250
3.941031 1.593916
3.618027 1.562412
2.644656 1.912951
-1.840138 -2.813154
-2.055117 -3.069415
-1.675339 1.021137
-1.816956 0.960596
-1.393497 0.954144
-1.442666 0.812871
-1.583785 0.791865
-1.687863 0.883376
-1.708889 0.755813
-1.805722 0.835252
-1.820729 0.715245
-1.865484 0.630456
3.011333 0.976930
-3.367505 -3.579445
-1.503395 2.306984
-1.538310 2.036728
-1.718327 1.888354
-1.033816 1.346285
-1.141142 1.159935
-1.281455 1.278798
-1.339875 1.110360
-1.515090 1.072715
-1.548880 0.924065
4.300248 -1.839617
4.077104 -2.274177
-0.131347 -1.197797
-0.455552 -1.276169
2.196316 3.783790
-3.818043 -2.282530
1.687774 2.232292
2.711194 3.637666
-3.663586 3.459753
3.564247 2.087558
-3.926874 4.362781
-3.522834 -1.451153
-3.604800 -1.658848
1.545988 1.766555
1.355288 1.690502
-1.135495 -2.376243
1.454923 -3.454896
2.895540 -0.413528
2.691039 -0.527461
2.705471 -0.631033
2.824761 -0.743244
2.705591 -0.744331
2.625539 -0.858103
0.386400 0.905278
-4.732603 2.197670
0.993136 -1.060427
1.201604 -0.499431
1.106957 -0.555853
0.990940 -0.607865
1.081679 -0.804967
0.979749 -0.897239
0.836299 -0.987677
0.849115 -1.170285
0.673835 -1.085261
0.691074 -1.289813
4.347150 1.129769
-0.303186 0.405029
-0.482742 0.286138
-0.293500 0.172471
-0.478417 0.070591
3.480937 -2.573284
2.800955 4.501083
2.905774 -2.631543
2.610082 -2.573872
2.397102 -2.822240
1.916959 0.470636
1.881151 0.408237
1.855521 0.346054
1.793532 0.332092
1.779386 0.272558
1.809837 0.401456
1.743653 0.373995
1.731758 0.308814
1.725471 0.249198
1.769898 0.218643
1.675841 0.219326
1.630122 0.183936
1.723667 0.194551
1.681027 0.165074
1.642497 0.130755
1.689003 0.116116
1.656559 0.083373
1.607559 0.092277
1.589450 0.142240
1.626853 0.048689
1.603615 0.006289
1.558227 -0.001899
1.553098 0.095304
1.578182 0.047891
1.524612 0.042541
1.463272 0.034471
1.508427 -0.012882
1.454332 -0.023794
1.473457 -0.075444
-0.510239 4.490808
-2.981796 -1.312120
-2.942779 -1.503031
-1.843363 -0.641841
-1.898505 -0.707842
-1.969997 -0.766910
-1.878591 -0.796499
-1.958746 -0.861984
-2.291885 0.370868
-2.363052 0.384841
-2.412684 0.320136
-2.480639 0.276631
-2.532990 0.216878
-3.412863 -0.632243
-3.616109 -0.648184
-3.470649 -0.803637
-3.672660 -0.860544
-3.958876 -3.063941
-1.586845 4.492413
-2.743222 -2.187517
0.566466 2.765607
-0.315390 0.637302
-0.503969 0.504664
-0.701584 0.575774
-0.663206 0.381008
1.776890 1.459917
4.613011 -2.869009
-4.012750 1.775172
-3.719607 -1.963431
-3.755875 -3.419966
-1.738915 0.440219
-1.818993 0.409963
-1.672606 0.383181
-1.756644 0.360670
-1.703410 0.306703
-1.880029 0.375579
-1.777905 0.287489
-1.793894 0.223809
-1.846461 0.262892
-1.826764 0.331892
-1.891871 0.314580
-2.000581 0.359249
-1.909583 0.263817
-1.838122 0.199262
-1.820690 0.150129
-1.867458 0.118884
-1.890782 0.214871
-1.877508 0.163890
-1.914134 0.128959
-1.866586 0.075636
-1.904996 0.085810
-1.906803 0.045839
-1.936063 0.060081
-1.952180 0.031931
-1.976531 0.006523
-1.990318 -0.019622
-1.927098 0.175944
-1.956499 0.141705
-1.946704 0.096739
-1.947585 0.221405
-1.977905 0.185368
-2.055440 0.268848
-1.947868 0.322444
-2.007559 0.295649
-2.106932 0.300330
-1.961644 0.269595
-2.006106 0.233516
-2.058749 0.217797
-2.104110 0.245658
-2.154858 0.269804
-2.104078 0.197631
-2.106291 0.153961
-2.067745 0.171917
-2.024322 0.184727
-2.016278 0.110755
-1.999029 0.146773
-1.979691 0.109849
-1.995322 0.081374
-1.970458 0.064425
-1.985398 0.034287
-2.013062 0.026142
-2.034984 0.017861
-2.003195 0.003904
-2.014163 -0.021874
-2.025767 -0.002661
-2.037964 -0.023245
-2.043133 -0.042038
-2.050234 -0.057414
-2.058447 -0.020565
-2.058380 -0.037322
-2.075244 -0.036077
-2.008132 0.053707
-2.038927 0.142362
-2.075649 0.130884
-2.049853 0.104456
-2.081161 0.095392
-2.028975 0.076777
-2.058689 0.070852
-2.039778 0.044849
-2.070620 0.044108
-2.059154 0.020931
-2.071577 -0.000765
-2.049026 -0.001933
-2.092821 -0.018169
-2.076761 -0.020054
-2.088241 0.065420
-2.084338 0.022297
-2.091584 0.001027
-2.110204 -0.006825
-2.110085 -0.026296
-2.101915 0.044037
-2.125407 0.033532
-2.108581 0.017277
-2.141963 0.018193
-2.126905 0.004971
-2.128926 -0.016294
-2.149031 -0.004478
-2.109453 0.114405
-2.110146 0.080915
-2.128545 0.060506
-2.148076 0.219216
-2.197835 0.236560
-2.186476 0.189918
-2.235374 0.200510
-2.139432 0.132573
-2.139788 0.092809
-2.161530 0.069012
-2.180455 0.043136
-2.166603 0.110126
-2.185179 0.085677
-2.201731 0.062056
-2.212809 0.034243
-2.143029 0.174033
-2.175980 0.148195
-2.202499 0.119658
2.447377 -2.008628
1.571962 -4.529274
1.066265 1.764861
0.932556 1.578283
0.847396 1.363785
0.625674 1.313643
2.790256 2.164951
2.220863 2.200686
1.319568 -0.784350
1.277121 -0.893419
1.104056 -0.683154
1.213351 -0.739362
1.182609 -0.847711
1.117459 -0.958092
1.148620 -1.116917
1.602047 -0.825870
1.505967 -0.866296
1.490714 -0.981144
1.368522 -1.018737
1.246023 -1.007413
1.312655 -1.158912
1.018696 -1.236236
-3.907161 -0.951878
-4.156106 -0.972308
-4.415824 -1.085809
-1.035963 4.488086
-0.999879 4.026629
3.037084 -3.020030
2.506684 4.054898
3.153156 -2.376691
3.177647 -2.717638
3.872867 -1.097847
3.437127 -1.152614
3.671590 -1.185605
3.780534 -1.433198
3.514103 -1.359013
3.316242 -1.442547
-1.943698 -2.518321
-2.616498 -3.596080
-3.459591 -0.139314
-3.581475 -0.013764
-3.617962 -0.199920
-3.449389 -0.315615
-3.626123 -0.377838
-3.806319 -0.286732
1.855413 1.146278
1.828071 1.001728
1.705896 1.090811
1.708858 0.942269
1.598809 0.857749
1.580621 1.001667
1.482929 0.886080
-2.218069 3.654787
-1.078567 -0.539854
3.977975 3.097765
-3.698549 1.899621
3.670837 1.100230
-4.116256 3.254234
0.083790 0.349105
0.304223 0.328512
0.160365 0.151497
-1.425648 -3.410892
3.765372 -3.184567
-0.137050 1.340275
0.020476 1.110620
0.149156 0.895912
-0.115753 0.828988
3.179164 3.549672
2.975387 1.969272
3.236398 3.090381
-0.894595 0.884718
-1.121575 0.834736
-0.045395 2.347854
-0.384025 2.508037
-0.359494 2.161538
2.210777 4.475168
-0.136144 -3.731231
-1.525527 3.065325
0.718108 3.602411
0.837558 -2.982427
1.186020 0.427933
1.178232 0.317637
1.176767 0.213997
1.075285 0.252239
0.960417 0.297696
1.088999 0.141299
0.975393 0.172697
2.722014 -2.910825
2.571412 -3.210698
4.348545 1.498268
3.404222 -4.565047
2.951901 0.311540
2.835310 0.392531
2.823802 0.252718
2.726090 0.189675
2.729381 0.324468
2.656445 0.254016
2.809580 0.121955
2.718835 0.049559
2.660955 0.124205
2.586573 0.311882
2.592463 0.188882
2.565674 0.100607
2.528051 0.243247
2.489378 0.163095
2.426736 0.102663
2.490090 0.077853
2.620814 0.024993
2.456941 0.017261
2.390990 0.040697
2.410840 -0.033219
2.323609 0.051500
2.343746 -0.012420
2.311281 -0.060258
2.538706 0.007744
2.489920 -0.055962
2.431304 -0.104855
2.365934 -0.080158
-0.193408 -1.682623
-0.273808 -1.418960
-0.464234 -1.605084
-0.818618 1.293117
-0.936000 1.134018
-1.035212 0.980430
-0.091951 -1.994251
-0.391560 -2.191440
1.151225 2.085821
0.928848 1.956082
0.775061 1.770320
0.670951 1.534563
-0.313373 -2.901113
1.626777 1.374400
-0.793285 -1.094640
-0.685817 -1.265760
-2.113770 0.609511
-2.203547 0.906343
-2.125658 0.829715
-2.299231 0.822132
-2.197118 0.655826
-2.207257 0.766175
-2.272767 0.595265
-2.289161 0.700390
-2.362375 0.629768
-2.390504 0.735690
-2.466691 0.647895
-2.190589 0.557507
-2.184233 0.471386
-2.339830 0.530987
-2.260062 0.502922
-2.298910 0.441581
-2.362529 0.458702
1.564643 2.818003
2.550271 0.787011
2.475769 0.699716
2.352644 0.666241
2.320660 0.561265
2.224942 0.534868
2.704762 0.592620
2.643701 0.699926
2.611348 0.506170
2.648022 0.390100
2.541258 0.409034
2.555676 0.612506
2.493551 0.501967
2.437985 0.405673
2.430744 0.587150
2.385003 0.485792
2.287249 0.465146
2.343985 0.395453
2.255592 0.380056
1.405733 -2.018184
0.394742 -4.499674
3.123574 1.708263
0.461078 -2.787535
-1.192640 -4.507887
-2.867295 3.287306
-4.506127 -3.963674
-0.410327 1.262875
-0.497068 1.023919
-1.615350 -0.473414
-1.691864 -0.494571
-1.635866 -0.557952
-1.769377 -0.501510
-1.801619 -0.569683
-1.722083 -0.567637
-1.762249 -0.642136
-1.808241 -0.727599
3.093714 1.427581
3.055215 1.187238
-4.012350 0.373957
-4.295784 0.256271
-4.206002 -0.033848
-4.454397 -0.174082
1.473668 -3.876052
0.455974 -2.426876
0.947606 -4.553439
-3.169311 2.145096
-3.729950 2.249338
-2.205676 -3.718056
4.686405 -0.030501
4.675096 -0.335827
4.685313 -0.654046
3.622347 -3.618700
-2.375563 -1.046903
-2.572148 -1.151756
-2.482122 -1.055406
-2.604863 -1.014095
-2.718919 -1.097723
-2.842850 -1.201146
-2.802492 -1.388156
-0.601229 -1.453411
-0.683480 -1.751078
-0.883780 -1.940207
-1.001908 -2.150553
-2.502309 -1.834731
-2.517433 -2.053577
-2.738048 -2.475520
-2.159703 -2.734149
-4.089407 1.174935
-4.360301 1.020459
-4.401838 0.734806
-4.712787 0.599633
-4.199105 -0.532636
-4.383533 -0.767126
3.254989 -0.661874
3.093558 -0.766283
2.953930 -0.683782
2.934639 -0.840728
2.768358 -0.876394
4.624946 -1.712787
3.317330 -3.326560
-2.265286 0.161776
-2.332662 0.112271
-2.342783 0.065731
-2.385893 0.046045
-2.218436 0.157752
-2.286986 0.120884
-2.300845 0.079022
-2.243293 0.123181
-2.260699 0.086880
-2.271694 0.050277
-2.308577 0.038251
-2.346612 0.020941
-2.385539 -0.002303
-2.424532 -0.032520
-2.430100 0.019479
-2.475544 -0.012691
-2.465044 -0.064128
-2.518454 -0.057186
-2.723537 -2.805309
4.474622 3.924684
-3.003981 2.961924
4.185989 1.755997
-4.575980 -2.388495
-1.437712 4.019878
-2.050148 -0.819241
-2.055395 -0.581682
-2.108681 -0.608416
-2.053304 -0.652957
-2.130264 -0.680687
-2.130290 -0.769603
-2.049980 -0.920235
-2.139712 -0.867138
-2.199477 -0.717872
-2.215182 -0.809967
-2.317278 -0.833765
-2.152782 -0.972684
-2.244649 -0.905079
-2.364464 -0.935607
-2.168302 -1.095721
-2.263333 -1.010803
-2.282687 -1.135532
4.077866 3.516086
-2.406684 0.190993
-2.367607 0.150038
-2.423601 0.133535
-2.380776 0.097348
-2.429608 0.074380
3.533624 -4.062925
1.423503 1.510818
2.558281 3.089588
2.469713 2.747549
4.330857 -1.484136
3.993515 -1.969394
3.149840 -0.333138
3.047316 -0.449581
3.086637 -0.598854
2.932788 -0.542246
2.816239 -0.617598
3.812441 2.268222
1.225108 -4.196350
2.632768 -4.083615
2.761398 -4.570595
-2.669627 -4.034111
2.265535 -0.521533
2.326853 -0.654419
2.253571 -0.599610
2.184239 -0.553826
2.175209 -0.629178
2.238031 -0.686289
2.212961 -0.775396
2.144643 -0.707374
2.113895 -0.543607
2.112496 -0.614479
2.055041 -0.585879
2.018894 -0.637190
2.076394 -0.675198
2.038730 -0.741374
2.112874 -0.794125
2.102380 -0.911396
2.024988 -0.840503
1.950270 -0.779230
1.868212 -0.820770
4.195558 -3.018245
1.578473 0.752366
1.470370 0.746727
1.347241 0.700526
1.224112 0.667961
1.202060 0.544204
1.097389 0.624768
1.082206 0.493040
1.074569 0.369034
2.803617 0.004832
2.760170 -0.085082
2.677029 -0.047817
2.679533 -0.155468
2.581526 -0.173345
2.802551 -0.183658
2.732182 -0.266500
2.632796 -0.245510
2.563530 -0.280327
2.490247 -0.304665
2.567753 -0.364308
2.486509 -0.385269
2.490009 -0.467100
2.404303 -0.423120
2.333594 -0.482820
2.411609 -0.514475
2.414086 -0.610416
2.334871 -0.564863
4.115265 -0.980851
4.050481 -1.296837
-0.258118 -3.301621
-1.157657 -1.891681
-1.287873 -2.135594
-3.527121 0.503132
-3.911754 0.098253
-3.751045 2.614085
-0.333020 1.840783
-0.358891 1.537987
1.440513 1.047541
1.337636 0.143532
1.308258 0.010638
1.275400 0.088622
1.356565 0.072187
1.392844 0.007196
1.340019 -0.058708
1.255764 -0.057931
1.217378 0.021979
1.188694 0.114431
1.118607 0.038014
1.160254 -0.054815
1.297825 -0.130506
1.408945 -0.066719
1.443999 -0.126438
1.415300 -0.186852
1.343427 -0.197429
1.209601 -0.136680
1.109599 -0.142890
1.053159 -0.049306
0.996601 -0.148612
0.958035 -0.260844
2.050077 -1.051965
2.096591 -1.157197
1.987657 -1.211698
1.877447 -1.315313
1.748328 -1.418276
3.331160 1.515697
3.268519 1.262750
2.005618 2.353675
1.920001 2.099741
-2.477228 4.078375
-2.486110 -1.470307
-2.515736 -1.625449
-2.683269 -1.746668
-2.740508 -1.934998
-2.976921 -2.035267
4.660328 -1.332007
-0.434999 -4.046644
4.387263 -0.510249
-1.712026 -4.483208
-4.451593 0.104910
-0.516751 -2.452905
1.113238 -3.292312
0.740324 -3.418827
0.723087 -4.056628
4.639976 1.690510
1.042890 -3.717979
-4.546232 3.448200
-4.670028 -1.973965
0.849100 0.667557
0.708783 0.597074
0.689477 0.421144
0.519115 0.336397
0.698336 0.265710
0.580396 0.159576
-3.437640 -4.486393
2.392189 3.416292
2.178208 3.029124
-2.455185 1.847624
-2.551392 1.636638
-2.778117 1.602007
-2.654277 1.443443
3.395305 4.430082
-3.029958 -2.976732
-3.434971 2.109475
3.354910 2.333567
-3.576130 -2.524640
-3.909832 -2.641452
3.026555 4.018219
3.531637 3.893243
-0.368826 -0.973951
-0.576683 -1.066277
0.888119 4.037890
3.449943 -2.945406
-1.586268 2.703671
-1.326951 2.499691
-4.338681 -2.065210
-2.551235 0.606841
-2.662117 0.596848
-2.708780 0.496159
-2.821883 0.470240
-2.842931 0.356459
-2.952809 0.309867
-2.942306 0.434513
-3.065311 0.250315
-3.050834 0.120277
-3.178848 0.175775
-3.295257 0.089856
-3.154305 0.036300
-3.113679 -0.091222
-3.261142 -0.063496
-3.331982 -0.186420
-2.652480 0.322397
-2.681840 0.231211
-2.847001 0.139062
-2.674928 0.148336
-2.670761 0.064226
-2.752769 0.098571
-2.658117 -0.014310
-2.739594 0.010270
-2.718919 -0.072412
-2.831292 0.039451
-2.808559 -0.054747
-2.909640 -0.031328
-2.986706 -0.114116
1.815963 -2.308931
1.837215 -2.607778
1.703034 -2.850005
1.543333 -3.108905
2.251503 -3.088137
2.213596 -3.446706
1.423853 -1.610398
1.121825 -1.636692
1.437146 -1.814994
1.263800 -1.738917
0.987030 -1.816458
-4.680646 -1.593752
2.038245 -1.351218
1.912596 -1.475821
1.779328 -1.597087
1.779137 2.520848
1.661040 0.477873
1.612126 0.391286
1.568512 0.466390
1.472049 0.448449
1.532303 0.390722
1.546201 0.329353
1.454339 0.355784
1.423087 0.277289
3.932253 4.438776
-3.017972 4.034684
4.196347 2.236175
0.923285 2.914383
-4.145747 -3.554675
-0.644860 0.899761
-0.772237 0.759655
3.484297 0.041303
3.198712 0.107257
3.322776 -0.028049
3.152578 -0.050193
3.004961 -0.068596
2.877247 -0.085056
2.934648 -0.193719
3.079486 -0.192979
2.992760 -0.314703
0.196195 3.018059
-1.210260 1.442153
-1.473633 1.241514
-0.555033 4.038865
1.908205 4.074493
-2.414668 2.648147
-2.766877 2.606762
-2.858030 2.306376
1.766414 3.119198
1.490815 3.330564
1.302443 3.050354
2.868003 1.097454
2.841960 0.898642
2.708787 1.013316
2.694058 0.838019
2.569072 0.938895
2.448163 0.868159
2.385691 0.776630
3.501192 -0.346811
3.322055 -0.353706
3.219524 -0.491069
3.426435 -0.540568
2.104245 -2.716511
1.970079 -2.976543
-0.326398 -0.276486
-0.447240 -0.420190
0.413947 1.294733
0.277988 1.114467
-4.164824 -2.363089
3.616137 3.400321
-4.014685 -3.997352
-3.497504 -0.999758
-3.694468 -1.320357
-3.840933 -1.485397
3.668504 -0.255290
0.177580 -3.420536
1.434307 0.623464
1.401142 0.514831
1.379163 0.412794
1.318710 0.585484
1.295955 0.474889
1.278184 0.371520
1.270608 0.271751
-0.648217 -0.490775
-0.675402 -0.698447
-0.652572 1.169383
-0.786118 1.023000
0.846571 0.212751
0.740133 0.112587
0.645037 -0.007459
0.490429 0.018466
0.445553 -0.136339
2.197329 -4.469940
-2.119892 -0.496817
-2.174736 -0.503046
-2.136291 -0.554287
-2.205677 -0.557410
-2.258594 -0.599200
-2.269946 -0.538021
-2.325844 -0.619199
-2.400891 -0.660352
-2.175497 -0.617528
-2.225822 -0.655232
-2.289738 -0.677488
-2.276239 -0.750179
-2.351136 -0.706392
-2.373846 -0.765696
-2.426090 -0.842710
-2.488387 -0.937946
-2.458786 -0.733645
-2.528088 -0.822582
-2.613662 -0.894171
-2.731327 -0.950219
-4.351148 -3.137261
3.740780 1.836719
3.423623 1.780858
-3.187615 3.571559
4.097735 1.323112
-0.901888 2.947144
-1.245092 2.819336
-3.156966 -4.116679
4.360291 -1.154608
1.473559 2.480748
3.502469 0.693852
3.457885 0.511398
4.543455 3.374461
4.705040 2.196466
-3.539675 3.944528
-4.415844 4.495536
3.611138 2.915476
-4.278253 -2.724647
-4.677260 -2.836768
0.968030 0.570817
0.959405 0.429669
0.834067 0.502800
0.831636 0.353367
-2.683622 -3.172723
0.382241 3.978067
-0.652972 -3.596574
-0.982049 -1.118664
-1.162912 -1.108251
-0.878419 -1.307106
-1.084863 -1.280628
-1.015311 -1.478372
-1.270778 -1.246884
-1.218787 -1.426916
-1.407935 -1.366141
-1.376757 -1.542372
-2.802125 -4.507178
2.220701 -3.910347
4.452241 4.447570
-1.664321 -3.677634
0.265163 3.484329
2.817948 -1.309042
2.758978 -1.660698
4.120408 -0.693918
-2.696820 3.665683
1.597829 -2.480183
1.294863 -2.464545
-3.011250 -2.620849
1.189906 -1.925373
0.983755 -2.090685
0.743649 -2.272972
-4.723392 -0.018844
-4.480309 2.504693
-0.684814 -4.528140
-1.743770 2.484150
-1.979337 2.323085
-3.058439 -0.210994
-3.190996 -0.199924
-2.779552 -0.143317
-2.875751 -0.131910
-2.938306 -0.219642
-2.999027 -0.319797
-3.129359 -0.323800
-3.193074 -0.452485
-3.276829 -0.326093
-3.350313 -0.465844
-2.931843 -0.417614
-3.054552 -0.435145
-3.099691 -0.565851
-3.246742 -0.597449
0.176827 -4.029233
1.697220 1.243866
4.470542 -4.446578
-2.304582 -4.129398
-2.413122 -1.185660
-2.379490 -1.352501
-2.519506 -1.289140
-2.686521 -1.253371
-2.617655 -1.403360
-2.694398 -1.542705
-2.844409 -1.641796
-1.387247 -0.549084
-1.465026 -0.493321
-1.547439 -0.536787
-1.572907 -0.632361
-1.466706 -0.610532
-1.508973 -0.717462
-1.669970 -0.641035
-1.391897 -0.705647
-1.565431 -0.821812
-1.619366 -0.729973
-1.721558 -0.718622
-1.649004 -0.875351
-1.693126 -0.799909
-1.779197 -0.822605
-3.519511 -0.494360
-3.761214 -0.497167
0.293729 0.703423
0.071763 0.673480
0.393022 0.507481
0.185205 0.507577
-3.315907 3.152728
-3.729349 3.013824
-2.323610 1.618062
-3.012046 -3.348198
-4.720677 -0.323094
-2.257627 1.202517
-2.101116 1.127630
-2.229780 1.046583
-2.427324 1.254768
-2.557388 1.122756
-2.382094 1.096050
-2.332913 0.950729
-2.470820 0.980467
-2.608418 0.976339
-2.423217 0.850409
-2.552985 0.858018
-2.507324 0.748243
-2.600223 0.700993
-2.760663 1.226288
-2.728457 1.074778
-2.720335 0.911558
-2.654735 0.805522
-2.730957 0.703489
-2.866602 0.961624
-2.809144 0.812298
-2.872137 0.690581
-4.633723 -3.429699
0.460746 -0.470962
0.429965 -0.643549
-1.142373 -3.682933
4.103605 -3.487315
-0.646645 -3.137235
4.499867 -3.924419
-3.778846 -0.078873
-3.993399 -0.099221
-3.997008 -0.304224
0.077899 -2.971320
-3.841354 1.029230
-4.091806 0.901831
-4.151172 0.682685
-4.201707 0.472735
-4.454279 0.456391
1.925647 0.115892
1.889932 0.106433
1.857198 0.096302
1.824939 0.083833
1.989797 0.132808
1.970691 0.100070
1.951843 0.133325
1.942680 0.090472
1.911901 0.085002
1.904089 0.058445
1.880787 0.073353
1.870288 0.046970
1.849756 0.065135
1.845885 0.035572
1.822554 0.050739
1.797957 0.033548
1.795761 0.066958
1.769004 0.047238
1.764717 0.083566
1.735544 0.059892
1.708765 0.031640
1.823356 0.020420
1.799806 0.003288
1.774772 0.014693
1.754421 -0.005115
1.778021 -0.017703
1.743920 0.025152
1.722049 -0.001245
1.742018 -0.027662
1.735184 -0.055859
1.671679 0.040135
1.685193 -0.002523
1.710693 -0.032619
1.679037 -0.043710
1.644899 0.010728
1.648673 -0.022953
1.706216 -0.067056
1.674579 -0.081047
1.672418 -0.117285
1.609533 -0.031796
1.566823 -0.044612
1.521544 -0.060413
1.558220 -0.096899
1.509954 -0.121557
1.479519 -0.176283
1.642366 -0.060528
1.639043 -0.099195
1.638327 -0.139563
1.603802 -0.167451
1.602047 -0.075984
1.601791 -0.119841
1.565070 -0.144088
1.534595 -0.171716
-0.411791 -1.883902
-0.654435 -2.058857
3.867566 -0.833530
3.641505 -0.946358
1.682301 3.679245
-1.890272 -4.031064
-0.239246 1.067465
-0.374256 0.852029
-0.092587 0.533180
-0.548299 0.720491
-0.910440 -2.550989
-1.250386 -2.664753
-4.056102 3.790556
2.886401 1.310948
2.699203 1.411476
2.707443 1.203760
2.552713 1.103429
1.915153 2.791957
2.148468 2.611795
-2.785475 0.587418
-2.915421 0.562311
-3.051406 0.528147
-3.192754 0.477773
-3.067514 0.386091
-3.196987 0.320897
-3.329254 0.232513
-3.403721 0.000565
-3.630157 0.312540
-3.488522 0.151883
-3.696913 0.127080
-2.708492 1.828572
-2.950489 1.755161
-2.503990 0.529354
-2.596083 0.500843
-2.640958 0.419977
-2.736516 0.389935
-2.753080 0.291061
-2.850716 0.246015
-2.761753 0.190678
-2.949888 0.189645
-2.935092 0.075441
-3.024508 -0.001029
3.097112 -3.750410
4.136132 0.934486
3.789977 0.861294
-2.222250 0.089669
-2.236194 0.057899
-2.244850 0.025940
-2.277570 0.014641
-2.311185 -0.000825
-2.345590 -0.021411
-2.380640 -0.047744
-2.414961 -0.083745
-2.461823 -0.108671
-2.220794 0.005691
-2.249771 -0.005471
-2.279321 -0.019647
-2.309429 -0.037782
-2.339358 -0.060796
-2.423657 -0.136882
-2.151469 0.041987
-2.165690 0.018012
-2.192424 0.014846
-2.199831 -0.011849
-2.225219 -0.022445
-2.251206 -0.036008
-2.277767 -0.052459
-2.305177 -0.073178
-2.333204 -0.101038
-2.367682 -0.087141
-2.162277 -0.021086
-2.175283 -0.004450
-2.181970 -0.028366
-2.203692 -0.037484
-2.226254 -0.049552
-2.249226 -0.065397
-2.145004 -0.028640
-2.163014 -0.041234
-2.183899 -0.050219
-2.203929 -0.061702
-2.224199 -0.075052
-2.272732 -0.083075
-2.266680 -0.111709
-2.297483 -0.104898
-2.282927 -0.133720
-2.314812 -0.135054
-2.349340 -0.136132
-2.383550 -0.118997
-2.384641 -0.161845
-2.376708 -0.204718
-2.469501 -0.162353
-2.424722 -0.188069
-2.413871 -0.235411
-2.470939 -0.222799
-2.518443 -0.186937
-2.528237 -0.250948
-2.510898 -0.118328
-2.570822 -0.092896
-2.563348 -0.148113
-2.580802 -0.209956
-2.604646 -0.272735
-2.626636 -0.345376
3.867542 -0.352776
3.957843 -4.450119
1.822305 0.856956
1.777598 0.738336
1.704542 0.820303
1.670785 0.720627
1.744276 0.633107
1.695665 0.554810
1.640963 0.634891
1.544004 0.645961
1.600159 0.550353
1.503778 0.541825
3.151123 0.846611
3.131071 0.686249
2.960586 0.627420
2.960636 0.464071
2.971574 0.789133
2.807544 0.713416
2.835820 0.548031
2.732017 0.463178
1.347332 0.938894
1.366078 0.819328
1.210421 0.920024
1.072569 0.887864
1.244722 0.798726
1.117458 0.764658
0.983967 0.723100
-0.791938 -1.520865
-0.953412 -1.706839
-1.170696 -1.636456
-1.355275 -1.733285
1.181284 -1.277679
1.087886 -1.424624
0.884969 -1.370222
0.711860 -1.510410
0.928414 -1.575415
0.758070 -1.728296
0.536449 -1.832219
1.480418 1.332539
1.280525 1.377928
1.367337 1.201087
1.267295 1.068362
1.173527 1.213983
1.090308 1.043825
-2.910647 2.029049
-3.152241 1.899301
-2.020892 -2.249473
4.150963 0.571396
3.877714 0.524042
-4.459526 -4.484934
-1.494874 0.692453
-1.733642 0.642691
-1.619937 0.674255
-1.542577 0.582084
-1.647334 0.471802
-1.647723 0.569827
-1.729548 0.527780
-1.815872 0.488419
-1.799361 0.580181
-1.886637 0.536889
-1.899189 0.450485
-1.967212 0.506611
-1.938609 0.382689
-2.045765 0.475580
-1.984064 0.431411
-2.052340 0.399969
-2.056467 0.330395
-2.110155 0.364342
2.669308 1.637453
2.499227 1.486178
2.531296 1.286363
-0.817481 -0.074122
-0.865174 -0.217667
-0.936956 -0.325428
-0.937332 0.025132
-1.057818 -0.026635
-0.971927 -0.133781
-1.056370 -0.247746
-1.687556 3.336667
-0.107124 -0.173050
-0.134705 -0.412984
-0.295959 -0.545104
-2.120292 1.690346
-1.946776 1.562888
-1.957144 1.373138
-2.132827 1.484871
-1.957871 1.197258
-2.115783 1.294344
-2.287284 1.384927
4.420526 0.126688
4.151642 0.040959
-0.772329 -2.300499
-3.396516 -3.159960
4.557380 -3.388623
-1.413098 -4.037071
-1.753316 1.657524
2.114495 1.973072
2.583081 -0.077602
2.506230 -0.133632
2.438317 -0.178986
2.508736 -0.219157
2.432263 -0.255105
2.419192 -0.337331
2.373501 -0.146242
2.315131 -0.118792
2.373262 -0.213851
2.351072 -0.354219
2.365524 -0.283918
2.317775 -0.179405
2.265613 -0.205820
2.313527 -0.241876
2.216316 -0.226654
2.257610 -0.262984
2.302037 -0.305603
2.242719 -0.320762
2.326961 -0.416286
2.281581 -0.369149
2.221567 -0.380625
2.259580 -0.440053
2.186244 -0.431989
2.210168 -0.488209
2.147634 -0.486177
3.963582 3.961509
-4.372018 -1.740168
-2.126153 -0.035158
-2.140419 -0.045254
-2.152267 -0.054872
-2.167887 -0.061793
-2.184740 -0.072079
-2.201824 -0.085413
-2.220034 -0.098478
-2.243838 -0.093981
-2.243839 -0.121067
-2.256582 -0.146808
-2.285512 -0.161695
-2.315594 -0.166642
-2.344910 -0.175941
-2.331562 -0.213333
-2.365803 -0.247665
-2.093107 -0.036032
-2.082167 -0.050449
-2.098154 -0.051936
-2.110721 -0.043602
-2.125157 -0.052662
-2.137751 -0.062682
-2.151814 -0.072005
-2.166849 -0.080226
-2.182513 -0.092538
-2.197684 -0.109543
-2.220386 -0.118566
-2.112421 -0.060026
-2.124091 -0.069090
-2.137082 -0.078204
-2.149820 -0.088682
-2.163800 -0.096356
-2.176123 -0.110237
-2.204323 -0.134056
-2.065258 -0.052563
-2.074686 -0.064851
-2.088983 -0.063216
-2.101184 -0.066014
-2.111352 -0.075688
-2.123830 -0.082993
-2.144520 -0.102837
-2.157116 -0.109189
-2.085322 -0.074819
-2.091632 -0.086028
-2.097539 -0.076206
-2.103256 -0.086016
-2.113592 -0.088768
-2.121295 -0.096482
-2.134308 -0.092398
-2.107046 -0.096813
-2.113612 -0.103621
-2.119503 -0.111956
-2.129007 -0.105322
-2.137205 -0.114684
-2.149364 -0.120977
-2.152200 -0.137257
-2.165465 -0.125095
-2.184252 -0.128317
-2.188247 -0.150203
-2.190515 -0.173410
-2.228544 -0.142069
-2.210003 -0.158273
-2.213463 -0.183610
-2.235842 -0.167746
-2.238425 -0.197192
-2.263104 -0.180582
-2.265294 -0.214286
-2.296967 -0.195190
-2.294272 -0.232245
-2.325106 -0.256788
-2.346693 -0.293329
-2.398066 -0.285467
-2.436938 -0.329823
-2.449756 -0.271271
-2.492399 -0.296259
-2.290536 -0.270403
-2.305522 -0.304484
-2.330373 -0.345058
-2.377271 -0.331908
-2.393728 -0.376467
-2.451192 -0.391036
-2.500880 -0.357096
-2.504306 -0.426956
-2.565566 -0.392195
-2.519464 -0.496411
-2.580607 -0.466410
-2.606014 -0.536775
-2.678517 -0.492439
-2.684420 -0.590302
-2.769846 -0.533576
-2.778517 -0.633688
-2.779762 -0.737294
1.836557 1.879208
1.744661 1.701864
1.599437 1.557093
-1.542880 -1.543809
-1.760289 -1.695054
-1.905928 -1.852988
-2.076304 -2.007591
0.473372 -3.684971
1.853505 -3.273503
0.107234 -0.074632
0.084628 -0.305236
0.078943 -0.525667
0.531336 4.491821
-2.785694 4.508297
3.653582 -0.485764
1.374508 -0.127863
1.262751 -0.209963
1.235093 -0.297898
1.171553 -0.225420
1.069710 -0.242492
1.214876 -0.394476
1.141024 -0.324596
1.036233 -0.354623
1.118037 -0.434210
1.010880 -0.477752
0.918889 -0.386553
0.884846 -0.518170
0.850714 -0.660641
0.968562 -0.742094
0.697100 -0.720996
0.835379 -0.819224
0.677986 -0.896595
0.497646 -0.978220
0.493054 -1.193018
0.306736 -1.081965
0.876946 2.237817
1.630686 4.522514
-4.630939 1.847701
-0.013862 1.983554
-0.071005 1.637988
0.273235 -0.626214
0.107830 -0.759231
0.101437 -0.966993
-4.083451 2.401547
4.007339 2.641226
1.067533 4.510046
4.183879 -2.603697
1.814406 -4.136129
4.443033 2.498110
4.431127 1.969581
-0.749053 -0.294055
-0.804691 -0.414767
-0.945281 -0.483525
-3.969266 -0.506576
1.163546 2.378948
2.607476 -3.637133
-2.467091 0.208736
-2.474178 0.159242
-2.534646 0.143845
-2.601984 0.104884
-2.480063 0.101820
-2.480786 0.043516
-2.537977 0.073022
-2.597510 0.033759
-2.532268 0.006868
-2.585083 -0.032896
-2.638174 -0.087463
-3.368658 4.470977
3.511601 1.311223
2.690314 2.465694
2.516915 2.179656
-3.068580 2.669201
1.394721 4.071579
0.467279 -3.157672
4.422054 0.451881
4.701642 0.295307
-3.387537 2.768955
-3.330589 -1.612424
-3.445503 -1.879534
-1.172771 -0.323590
-1.278294 -0.385173
-1.376778 -0.439339
-1.061775 -0.392755
-1.178592 -0.452374
-1.288413 -0.500328
-1.206436 -0.584464
-1.324973 -0.618914
-2.195029 4.532247
-0.098635 -0.684615
-0.118722 -0.941261
-0.326875 -1.125790
-2.115145 0.517669
-2.113840 0.437351
-2.170300 0.394031
-2.234666 0.419075
-2.224161 0.350339
-2.271473 0.305890
-2.337595 0.317464
-2.162715 0.327651
-2.210577 0.289749
-2.252151 0.249195
-2.367350 0.261031
-2.309510 0.256917
-2.289131 0.205720
-2.315750 0.160352
-2.348814 0.206271
-2.418971 0.248948
0.242005 2.603094
-1.430186 -2.396519
3.270429 -1.698187
3.120076 -1.875728
3.274224 -2.068191
2.984924 -2.112623
2.819617 -2.337477
-0.156106 3.300889
1.831365 -2.021428
1.659856 -2.152827
1.476640 -2.249629
1.748146 0.450680
1.684870 0.410225
1.675233 0.343901
1.612337 0.313608
1.673120 0.279494
1.621060 0.243844
1.559898 0.261241
1.571858 0.198934
1.504154 0.213775
1.530331 0.150050
1.467496 0.149229
1.434346 0.211305
1.400001 0.149963
1.492830 0.092540
1.423254 0.085780
0.758644 -1.979355
0.496798 -2.111024
3.256808 2.685992
2.986724 2.508466
4.664766 0.956824
-0.294966 -0.047887
-0.491448 -0.144192
-0.650274 0.002414
-0.681155 -0.158500
-0.584008 -0.312734
-3.596487 -3.932274
3.294079 0.650500
3.254567 0.469318
3.105307 0.536053
3.228023 0.282687
3.094248 0.376025
3.074812 0.218301
2.934167 0.171132
-1.433834 -0.053876
-1.489485 -0.121440
-1.546566 -0.179168
-1.604261 -0.226544
-1.536871 -0.260145
-1.655604 -0.266945
-1.601712 -0.303692
-1.692528 -0.307632
-1.648161 -0.347593
-1.676251 -0.417199
-1.739208 -0.440858
4.716929 2.795821
-0.007126 4.415926
-0.102398 3.856861
2.701132 -2.072807
2.529805 -2.278188
2.269979 -2.208685
2.329129 -2.495872
2.065421 -2.406576
3.929885 0.092599
3.832345 -0.111440
2.458138 1.715679
2.300152 1.535593
2.344231 1.341098
1.947162 -1.089264
1.844565 -1.172509
1.728803 -1.260035
-2.402791 -2.952392
-3.422160 2.427668
1.847730 -3.666917
4.352543 2.971729
4.030403 -3.946024
3.078205 -4.229269
1.205046 3.641093
-1.540283 1.732594
-1.421628 1.435348
-1.577224 1.535106
-1.620348 1.346929
-1.652570 1.174748
-1.777029 1.454549
-1.799147 1.272188
-3.957656 -4.458938
