5.000000 5.000000
0.000000 5.000000
2.500000 5.000000
3.750000 5.000000
4.375000 5.000000
3.125000 5.000000
1.250000 5.000000
1.875000 5.000000
0.625000 5.000000
-2.500000 5.000000
-1.250000 5.000000
-0.625000 5.000000
-1.875000 5.000000
-3.750000 5.000000
-3.125000 5.000000
-4.375000 5.000000
5.000000 -5.000000
5.000000 0.000000
5.000000 -2.500000
5.000000 -3.750000
5.000000 -4.375000
5.000000 -3.125000
5.000000 -1.250000
5.000000 -1.875000
5.000000 -1.562500
5.000000 -0.625000
5.000000 -0.937500
5.000000 -0.312500
5.000000 2.500000
5.000000 1.250000
5.000000 0.625000
5.000000 0.312500
5.000000 0.937500
5.000000 1.875000
5.000000 1.562500
5.000000 3.750000
5.000000 3.125000
5.000000 4.375000
-5.000000 -5.000000
0.000000 -5.000000
-2.500000 -5.000000
-3.750000 -5.000000
-4.375000 -5.000000
-3.125000 -5.000000
-1.250000 -5.000000
-1.875000 -5.000000
-0.625000 -5.000000
2.500000 -5.000000
1.250000 -5.000000
0.625000 -5.000000
1.875000 -5.000000
3.750000 -5.000000
3.125000 -5.000000
4.375000 -5.000000
-5.000000 5.000000
-5.000000 0.000000
-5.000000 2.500000
-5.000000 3.750000
-5.000000 4.375000
-5.000000 3.125000
-5.000000 1.250000
-5.000000 1.875000
-5.000000 1.562500
-5.000000 0.625000
-5.000000 0.937500
-5.000000 0.312500
-5.000000 -2.500000
-5.000000 -1.250000
-5.000000 -0.625000
-5.000000 -0.312500
-5.000000 -0.937500
-5.000000 -1.875000
-5.000000 -1.562500
-5.000000 -2.187500
-5.000000 -3.750000
-5.000000 -3.125000
-5.000000 -4.375000
-0.847000 -2.663740
0.760794 1.812705
0.775023 1.522446
0.529829 1.445269
2.373506 -0.572251
2.259997 -0.713850
2.169164 -0.679178
2.179620 -0.768886
2.093554 -0.813154
2.337995 -0.662280
2.346400 -0.771979
2.267097 -0.823085
2.182589 -0.873083
2.092615 -0.917978
2.001653 -0.959274
1.999777 -0.847318
2.324621 -0.905104
2.230901 -0.958386
2.144555 -1.008064
2.056004 -1.056361
1.943039 -1.052028
1.827109 -1.109480
1.536789 -0.758979
1.381026 -0.864070
1.396562 -0.962682
1.261216 -0.880150
1.288917 -0.989032
1.053226 -1.155930
2.718305 -1.094378
2.690508 -1.300075
2.556324 -1.402978
2.582140 -1.607320
-2.033940 2.414898
-1.794082 0.733688
-1.783409 0.626196
-1.776086 0.524477
-1.862424 0.566863
-1.924483 0.510365
-1.890001 0.662240
-2.004049 0.684068
-1.962501 0.589306
-2.056879 0.588274
-2.015494 0.506755
-2.089664 0.441604
-1.958525 0.451744
-1.959932 0.382315
-2.024797 0.425825
-2.078189 0.377048
3.878510 0.650307
-3.800402 -1.549565
-1.489953 1.767314
4.423372 1.991136
2.819814 0.590225
2.717948 0.537546
2.626688 0.464734
2.646103 0.354139
2.538854 0.364378
2.477449 0.281088
1.454037 -0.463409
1.313237 -0.490027
1.338905 -0.586484
1.241267 -0.560818
1.163060 -0.646177
2.704085 1.591383
3.097782 -1.409984
3.012464 -1.808787
3.198812 0.858858
-2.267386 1.729269
-2.372370 1.557131
-2.571627 1.551657
2.312382 -0.080111
2.297337 -0.136462
2.253950 -0.156143
2.224773 -0.239605
2.257459 -0.102009
2.217273 -0.187776
2.207700 -0.134243
2.174611 -0.172910
2.180177 -0.267373
2.179400 -0.218783
2.140503 -0.243308
2.176248 -0.097538
2.136708 -0.101923
2.119611 -0.134420
2.160444 -0.134347
2.139172 -0.200732
2.133508 -0.163583
2.102846 -0.179436
2.225107 -0.295415
2.176700 -0.318408
2.162217 -0.373163
2.135171 -0.288595
2.089592 -0.307209
2.105389 -0.221023
2.075981 -0.204041
2.101860 -0.261472
2.054816 -0.338774
2.131033 -0.334837
2.115195 -0.402852
2.097131 -0.356818
2.062841 -0.388220
2.068578 -0.236776
2.066780 -0.272646
2.042736 -0.298596
2.013467 -0.324192
2.020038 -0.367833
2.023262 -0.417751
1.981523 -0.393482
2.072234 -0.441057
2.024890 -0.472321
1.977687 -0.442285
1.972470 -0.495895
-2.767781 0.679224
-2.794320 0.545662
-2.864983 0.440682
2.170604 0.178370
2.294888 0.169160
2.198126 0.127177
2.148366 0.129911
2.187840 0.082719
2.145865 0.087128
2.164498 0.041424
2.122625 0.048174
2.130093 0.005408
2.176142 -0.002246
2.150146 -0.030918
2.117806 -0.035692
2.114421 -0.070755
2.086358 -0.048117
2.081829 -0.080996
2.054281 -0.088736
2.092754 0.021457
2.091643 -0.013151
2.060448 -0.027709
2.058069 -0.059264
2.032209 -0.068259
2.029525 -0.093790
2.020636 -0.116690
2.007701 -0.101370
1.992170 -0.113015
2.106166 0.090544
2.061397 0.004531
2.034669 -0.041555
2.010236 -0.078385
1.990681 -0.090503
2.009045 -0.053379
1.984736 -0.053834
1.966624 -0.060407
1.956467 -0.075476
1.941694 -0.075700
1.942846 -0.088489
1.990560 -0.070283
1.974309 -0.099144
1.973543 -0.078982
1.958595 -0.107825
1.957853 -0.091109
1.944666 -0.102818
2.084602 0.056847
2.058092 0.038670
2.033587 -0.010147
2.014439 -0.026635
1.992635 -0.033881
-0.915398 0.973247
-1.030307 0.634573
-1.102865 0.918325
-1.144252 0.759167
-1.308754 0.705950
-1.196147 0.623582
-1.266809 0.518555
-1.357587 0.586733
-2.788866 -0.320540
-2.831605 -0.502555
-2.694564 -0.125599
-2.759592 -0.180402
-2.828585 -0.241073
-2.900886 -0.307215
-2.980589 -0.362549
-2.925259 -0.450795
-2.851966 -0.388253
-2.939584 -0.567857
-3.038708 -0.475213
-3.087791 -0.593996
0.459795 -2.926266
0.239596 -3.234181
1.156785 -2.866529
-2.903593 2.075709
0.305845 -0.457450
0.334044 -0.639930
0.149031 -0.649539
0.152690 -0.848890
-0.048544 -0.874569
-1.850410 0.472113
-1.899022 0.418504
-1.958151 0.318852
-2.016676 0.353754
-1.906350 0.281287
-1.962227 0.260911
-1.951344 0.179310
-2.016148 0.237884
-1.972789 0.213336
-1.985365 0.156737
-2.010711 0.192037
-2.022176 0.151055
-2.022205 0.118698
-2.068121 0.318927
-2.118966 0.309343
-2.143008 0.243233
-2.164546 0.207063
-2.187438 0.179034
-2.214763 0.151184
-2.011899 0.292728
-2.051837 0.183440
-2.090050 0.170145
-2.060214 0.266836
-2.061000 0.220253
-2.103444 0.263435
-2.102670 0.214438
-2.132509 0.184371
-2.159786 0.155367
-2.186311 0.129915
-3.747246 -2.142405
4.741286 -2.173381
1.252183 -1.424702
1.166299 -1.575101
-3.312146 -0.750739
3.644529 -0.799605
3.483316 -0.721537
3.375033 -0.864405
3.168650 -0.852186
3.105017 -1.042208
-0.960158 0.785789
-1.119780 0.501001
2.573320 0.268675
2.417664 0.217593
2.504655 0.196704
2.519506 0.107532
2.449805 0.053906
2.365054 0.159094
2.318435 0.104350
2.253353 0.118193
2.228877 0.070327
2.209644 0.030020
2.442787 0.139036
2.389469 0.091244
2.393475 0.007801
2.342486 -0.027244
2.349977 0.048489
2.278363 0.061710
2.310124 0.017845
2.254617 0.011740
2.283265 -0.033442
2.219995 -0.020841
2.246229 -0.054870
2.212795 -0.083620
2.188299 -0.049799
2.150714 -0.066949
1.614813 -0.805094
1.588541 -0.887744
1.492305 -0.856368
1.513582 -0.972198
1.433528 -1.072389
1.313469 -1.122353
1.187635 -1.212683
-4.658468 -1.968434
2.530777 0.876742
2.437167 1.114736
2.561264 1.008459
2.411397 0.954960
2.376567 0.829738
2.264885 0.769358
0.868810 -2.741478
1.940384 -0.773853
1.874361 -0.830464
1.920844 -0.902706
1.778776 -0.801648
1.804107 -0.895811
1.698980 -0.875575
1.864799 -0.981277
1.752151 -0.991436
1.636987 -0.985040
1.691043 -1.097638
1.727041 -1.213035
1.599225 -1.236489
-1.430978 -0.708381
-1.447908 -0.848462
-1.457246 -0.980318
-0.199154 3.252763
-3.496397 -1.454007
-3.682725 -1.372580
4.436994 -2.299778
4.693347 0.286283
0.397839 -1.471967
3.688572 -1.194340
3.581151 -1.433843
3.445317 -1.666160
-0.856029 1.420611
-1.087427 1.828984
-3.243353 1.682178
0.806963 -1.450146
0.633508 -1.594973
-1.169408 2.635679
-1.454619 2.556591
3.273361 -1.882195
3.115793 -2.379013
3.067064 -2.077820
2.814848 -1.966207
2.832454 -2.251491
2.568626 -2.389793
-4.657186 -2.829218
3.823414 2.539047
3.461368 2.040665
-4.661275 -1.594294
2.982891 -0.907696
3.025854 0.106592
2.905172 0.088319
2.896985 -0.025703
2.793171 -0.013388
2.704962 -0.076223
2.685807 -0.167085
2.607671 -0.113956
2.604957 -0.210274
2.520548 -0.237436
2.490027 -0.317183
-1.744423 -3.016402
-1.832747 -0.507683
-1.809340 -0.577630
-1.865762 -0.626038
-1.926357 -0.680202
-1.989335 -0.734371
-2.068850 -0.783157
-1.979975 -0.825717
-2.063751 -0.887123
-1.898217 -0.490767
-1.955766 -0.471330
-1.883306 -0.555410
-1.939805 -0.602737
-1.948790 -0.533931
-2.006412 -0.575272
-2.001171 -0.648457
-1.961079 -0.416283
-2.007456 -0.448994
-2.005080 -0.507912
-2.059863 -0.539783
-2.072449 -0.615620
-2.062634 -0.696307
-2.127174 -0.684400
-2.153119 -0.846387
-2.146550 -0.753329
-2.250348 -0.896721
-2.155879 -0.953123
-2.253334 -1.015869
-2.005942 -0.355981
-2.005723 -0.399771
-2.054659 -0.478412
-2.116611 -0.561631
-2.150023 -0.623760
-2.004005 -0.258904
-2.011092 -0.293227
-2.022893 -0.326966
-2.040173 -0.372708
-2.053204 -0.419314
-2.034200 -0.267965
-2.045486 -0.300707
-2.079324 -0.307676
-2.057850 -0.337747
-2.099027 -0.338610
-2.079557 -0.374245
-2.101783 -0.409281
-2.095729 -0.450777
-2.123365 -0.370062
-2.143921 -0.409528
-2.142437 -0.453757
-2.189221 -0.446842
-2.113049 -0.503554
-2.172388 -0.502916
-2.230975 -0.482463
-2.230541 -0.540502
-2.173145 -0.560145
-2.222734 -0.611114
-2.211235 -0.690503
-2.294838 -0.731090
-2.225578 -0.786657
-2.307184 -0.825612
-2.348121 -0.952681
-2.287830 -0.575719
-2.288903 -0.650417
-2.370231 -0.683095
-2.383970 -0.768559
-2.385358 -0.865583
-2.464498 -0.938757
-2.491601 -1.058631
-2.367539 -1.064345
2.058971 0.768496
2.074327 0.657489
1.993727 0.603913
1.926398 0.547177
1.367300 1.069302
1.277761 0.952079
1.427002 0.923877
1.352935 0.813188
1.203864 0.827652
1.281681 0.711418
-1.609472 1.992129
-0.970883 0.489999
-1.074093 0.354482
1.502334 1.335373
1.418410 1.190446
1.218034 1.126138
3.232188 1.227237
2.716068 1.006792
3.961339 -1.141019
4.687967 0.607279
2.084845 -1.165277
1.959369 -1.169792
1.867823 -1.262705
1.742796 -1.347692
1.598974 -1.381521
1.551474 -1.542738
-3.427173 1.228242
-2.812129 1.492919
-2.982872 1.379254
-3.169676 1.439298
-0.063950 0.297635
0.155797 0.188332
-0.014523 0.040470
-0.238682 0.096680
-0.178382 -0.132789
-3.299560 0.117207
-3.449073 0.039786
-3.602050 -0.070190
-3.302799 -0.036774
-3.434440 -0.133986
-3.563818 -0.257832
-3.690074 -0.405543
-0.766909 -2.333652
-3.809882 -0.585399
-1.729999 -0.585541
-1.779557 -0.657277
-1.843434 -0.699718
-1.805830 -0.768929
-1.901034 -0.767753
-1.879550 -0.858740
-1.860889 -0.959543
-1.966940 -0.928485
-1.949848 -1.045139
-2.057212 -1.003189
-2.041538 -1.135799
-2.153965 -1.080491
-2.267773 -1.150315
-2.151557 -1.223377
4.130563 -0.965146
3.922922 -0.782695
3.791498 -0.963946
1.690791 1.881351
2.271114 0.903856
2.158483 0.835939
2.164450 0.712247
2.170428 0.602437
2.086748 0.559110
2.017932 0.436188
1.667843 0.118324
1.637016 0.151689
1.607821 0.119508
1.635863 0.084406
1.576409 0.084689
1.556586 0.139914
1.519969 0.090824
1.491021 0.035817
1.605130 0.045997
1.579742 -0.001094
1.549544 0.039606
1.525664 -0.011408
1.467020 -0.023390
1.559502 -0.050596
1.545214 -0.103135
1.506556 -0.067475
1.426564 0.027753
1.401702 -0.038203
1.327194 -0.056839
1.448945 -0.086309
1.383434 -0.106692
1.368312 -0.176131
-1.547401 -2.735291
-1.880085 -2.703593
-2.095087 0.506389
-2.154820 0.568181
-2.171381 0.484282
-2.241469 0.454730
-2.289735 0.404497
-2.321940 0.487879
-2.361693 0.408336
-2.147861 0.420650
-2.204480 0.402390
-2.326144 0.343706
-2.436290 0.395497
-2.398771 0.332995
-2.132444 0.362050
-2.165223 0.288826
-2.183907 0.342513
-2.248116 0.358146
-2.224280 0.294661
-2.197049 0.241497
-2.280270 0.310032
-2.251664 0.248431
-2.301203 0.263597
-2.351598 0.284862
-2.421011 0.263021
-2.481311 0.247217
-2.368117 0.231308
-2.273065 0.205981
-2.318672 0.217904
-2.356299 0.175997
-2.223928 0.199999
-2.257295 0.162154
-2.304745 0.165876
-2.334864 0.127820
-2.414011 0.193120
-2.388578 0.134154
-2.414985 0.084975
-2.444388 0.134151
-2.475005 0.081777
-1.413195 0.494137
-1.539748 0.355381
-1.562216 0.266074
-1.628633 0.328967
-1.636058 0.250786
-1.624226 0.184454
-1.688486 0.183684
-4.638258 1.862419
-2.677125 0.600644
-2.678221 0.493951
-1.080267 -2.432858
-2.350244 1.975148
-0.270192 -1.275910
-0.504949 -1.370931
-0.824544 -1.672664
1.567194 -1.100162
1.458404 -1.206221
1.458820 -1.353898
1.319881 -1.287644
0.664690 -0.709181
0.684515 -0.885512
0.530941 -0.977868
0.657946 -0.538121
0.505529 -0.611325
0.509295 -0.795555
0.340428 -0.826629
0.362604 -1.020305
0.397327 -1.221739
-3.203105 -2.915669
-3.576740 -2.857096
3.961203 1.374191
3.650310 1.483857
3.485503 1.230157
0.732838 -4.505400
0.418703 -1.737165
-2.104714 -2.955647
-2.334435 -3.227304
-2.649339 -3.245111
-3.751713 -0.199317
-1.717423 2.455478
3.848222 -0.329531
-2.210451 0.104044
-2.241940 0.089019
-2.273519 0.082784
-2.295264 0.046438
-2.305677 0.011664
-2.332089 -0.018224
-2.363318 -0.046995
-2.426446 -0.116436
-2.242871 0.123063
-2.284258 0.122094
-2.313697 0.087691
-2.334889 0.053085
-2.342162 0.019247
-2.373796 -0.005927
-2.406783 -0.038717
-2.437447 -0.072351
-2.363293 0.087680
-2.384226 0.041641
-2.442107 0.039121
-2.417725 0.003999
-2.459505 -0.022033
-2.480768 -0.074178
-2.478778 -0.123475
-2.282444 -0.010525
-2.302375 -0.032519
-2.326091 -0.057886
-2.312876 -0.092824
-2.351249 -0.085770
-2.392202 -0.081754
-2.375408 -0.121306
-2.336921 -0.119455
-2.327450 -0.149181
-2.361522 -0.160090
-2.400352 -0.156876
-2.445832 -0.164489
-2.368520 -0.199912
-2.408784 -0.199687
-2.410156 -0.245483
-2.459488 -0.215942
-2.503069 -0.246637
-2.498358 -0.173449
-2.552639 -0.148958
-2.538854 -0.209792
-2.453143 -0.274115
-2.567937 -0.271575
3.110213 1.038960
3.076514 0.702667
2.902519 1.029555
3.001233 0.869934
2.905133 0.719420
2.820018 0.864484
2.743471 0.715631
-4.277348 -0.557070
-4.460445 -0.752765
1.680257 1.310057
1.578230 1.169499
1.509912 1.039524
1.190274 0.586333
1.075874 0.529587
0.971534 0.431702
0.822771 0.451460
0.879016 0.320848
0.715237 0.328071
-2.518692 -0.036049
-2.530839 -0.101159
-2.578015 -0.063917
-2.613621 -0.131558
-2.600608 -0.205042
-2.644762 -0.066706
-2.670542 -0.196923
-2.563040 -0.337554
-2.639911 -0.274542
-2.725929 -0.257811
-2.623902 -0.349062
-2.701104 -0.339658
-2.758738 -0.414733
2.495494 1.494276
2.469671 1.292110
2.311663 1.399763
2.300357 1.214603
2.138104 1.492449
2.147424 1.302192
-0.427871 1.381621
-2.853333 0.058395
-2.756372 0.083576
-2.778688 -0.001654
-2.862608 -0.043783
-2.952177 0.018745
-2.778600 -0.093891
-2.854325 -0.145761
-2.951555 -0.095530
-2.935821 -0.209128
-3.025389 -0.265776
0.449181 -2.019548
-0.386573 0.707043
-0.617999 0.671144
-1.514402 -0.766643
-1.605121 -0.798183
-1.558323 -0.891479
-1.695845 -0.821045
-1.691349 -0.646948
-1.627119 -0.709718
-1.726203 -0.734078
-1.785368 -0.851361
-1.665889 -0.917681
-1.764140 -0.943869
-1.831945 -1.066776
2.198650 0.232137
2.186891 0.354030
2.162002 0.285179
2.115332 0.174588
2.135297 0.225638
2.100261 0.272345
2.045834 0.258828
2.074748 0.215749
2.007718 0.233048
1.976058 0.195862
2.068331 0.166384
2.026460 0.190411
1.989911 0.154638
2.028892 0.143013
1.998143 0.113797
1.962611 0.122024
1.941309 0.091964
1.973585 0.085575
1.952704 0.059249
1.933571 0.037548
2.104478 0.128694
2.066666 0.123877
2.067575 0.086464
2.006172 0.076398
2.032736 0.101326
2.040007 0.063598
2.015084 0.043885
2.033367 0.022429
1.993680 0.025968
1.982358 0.052711
1.961758 0.028324
1.937896 0.012496
1.919152 -0.003468
1.957966 0.000226
1.938707 -0.011051
1.922143 -0.023898
1.908436 -0.037201
1.897007 -0.049480
2.011719 0.007988
1.998411 -0.009378
1.980149 0.006993
1.975963 -0.016778
1.971410 -0.038729
1.956280 -0.023467
1.954126 -0.044767
1.946503 -0.061869
1.929658 -0.073953
1.939161 -0.031438
1.937902 -0.048523
1.928986 -0.060252
1.924100 -0.042192
1.913680 -0.053516
1.916391 -0.068143
1.902807 -0.063180
1.893836 -0.072835
3.219963 -0.209677
3.284393 -0.363712
2.980571 -0.287611
3.119697 -0.334474
3.006429 -0.435561
-1.985032 1.739833
-2.096385 2.129693
-2.126461 1.887071
2.697327 0.032384
2.614003 -0.020674
1.192698 -4.473546
-3.208988 2.170655
-3.122357 1.895869
-1.508363 3.243649
2.487583 3.030823
1.876813 2.921742
2.569893 2.408797
0.598237 -3.326462
4.144323 -1.342785
3.856557 -1.414364
-0.221460 -3.187514
3.167485 1.648021
-3.097345 -1.695082
-3.048498 -1.893420
-2.988504 -2.122975
-4.665162 -1.255785
3.732492 -1.680306
3.568172 -1.932670
-2.496373 1.774319
-2.726186 1.675496
2.250692 -1.566920
2.409189 -1.702495
2.223842 -1.782258
2.015006 -1.821083
-4.600204 -3.375636
3.682813 0.498729
3.693288 0.260768
3.471815 0.586519
3.310327 0.518389
3.497721 0.377462
3.323370 0.377738
3.160568 0.231197
1.995983 0.290995
1.958219 0.242193
1.928484 0.200619
1.904714 0.242030
1.878992 0.199994
1.863154 0.160814
1.815294 0.110289
1.827524 0.192466
1.824892 0.146540
1.947901 0.160246
1.905642 0.162977
1.889182 0.127566
1.853269 0.123337
1.926018 0.126608
1.908459 0.095595
1.844459 0.092376
1.781302 0.120182
1.790911 0.156114
1.744215 0.129145
1.789038 0.081521
1.753725 0.088801
1.713049 0.101989
1.922619 0.065577
1.875742 0.094575
1.891594 0.068012
1.822020 0.073458
1.831237 0.045844
1.906033 0.042286
1.879343 0.043634
1.858035 0.065367
1.913889 0.018554
1.888543 0.021207
1.856094 0.038273
1.814898 0.022300
1.764703 0.051002
1.800174 0.049861
1.839543 0.018409
1.875355 -0.000016
1.865094 0.018112
1.897801 0.000435
1.904067 -0.019176
1.884867 -0.017086
1.891488 -0.034241
1.873959 -0.032945
1.863595 -0.017985
1.857086 -0.037074
1.850940 -0.001746
1.825693 -0.004033
1.842395 -0.022521
1.833909 -0.039493
1.818673 -0.025830
1.816199 -0.048632
1.774554 -0.009073
1.800489 -0.000155
1.798894 -0.022973
1.796730 -0.044909
1.807234 -0.066595
1.787978 -0.063702
1.787262 0.023536
1.734093 0.027140
1.725860 0.062496
1.696993 0.035071
1.682833 0.073612
1.653543 0.041508
1.711100 -0.000210
1.689457 -0.028768
1.627293 0.004877
1.671800 0.004354
1.762779 0.016530
1.744405 -0.007817
1.751644 -0.036045
1.723398 -0.033320
1.706851 -0.060058
1.776423 -0.034805
1.767514 -0.057744
1.738154 -0.065574
1.716273 -0.092064
1.685324 -0.084788
1.670198 -0.058841
1.658413 -0.101250
1.649212 -0.029728
1.635937 -0.071843
1.607348 -0.038843
1.592887 -0.084171
-4.009830 -2.355500
-1.850381 -3.681247
0.428699 -4.081509
-4.265859 -3.039887
-4.477362 2.532883
-0.233728 -2.736993
1.386022 0.372220
1.321658 0.305455
1.228987 0.257468
1.174931 0.179246
1.126372 0.090583
1.012078 0.085493
1.077204 -0.005342
0.958183 -0.029113
0.885633 -0.129526
1.039991 -0.105796
0.975281 -0.172342
0.929063 -0.271002
0.804496 -0.215072
0.860287 -0.344556
-0.589224 1.836947
3.687479 -2.232097
4.398955 0.421120
-0.291230 -0.523748
-0.468171 -0.659353
2.950329 -1.572562
2.739985 -1.493653
2.782459 -1.714775
2.596940 -1.837835
2.394202 -1.935170
3.534955 -0.993026
3.443060 -1.214476
3.300812 -1.035605
3.216270 -1.225896
3.329507 -1.429615
3.185682 -1.629805
4.098749 0.827903
-4.448501 4.451588
-1.163615 -1.952346
-1.273468 -2.201733
-3.680538 -2.487567
-0.956790 -0.449321
-0.951554 -0.609298
-1.077754 -0.541494
-1.208814 -0.590331
-1.100505 -0.688531
-1.237829 -0.708465
-1.349120 -0.780385
2.170909 -2.006032
2.094812 -2.260574
1.944648 -2.043385
1.838077 -2.281733
1.680235 -2.498224
1.423902 -2.679586
2.596029 -2.097908
2.354919 -2.184577
2.294059 -2.447235
2.264281 -2.706749
1.986686 -2.556350
-0.690005 -3.299630
-0.515944 -2.531687
1.273297 -0.667416
1.201704 -0.766513
1.078476 -0.744838
1.131989 -0.888616
1.169855 -1.038329
1.019378 -0.992900
0.895690 -1.113563
0.952850 -1.298197
2.919993 2.070751
2.943746 1.801790
0.859988 -0.942638
0.728240 -1.052698
0.579750 -1.149314
0.764434 -1.245493
0.595397 -1.363494
2.651320 0.620082
2.563152 0.563254
2.522324 0.454117
2.449363 0.537724
2.428309 0.439530
2.443831 0.361205
2.385347 0.297125
2.351236 0.491923
2.347629 0.384411
2.305627 0.302191
2.261531 0.367987
2.338280 0.229721
2.230445 0.294912
2.266419 0.233895
2.230555 0.176712
-0.088035 -1.743855
3.358429 -2.165945
4.355808 -1.566048
-2.206039 0.728801
-2.228246 0.632006
-2.319454 0.706528
-2.406368 0.653580
-2.477727 0.583753
-2.581430 0.553050
-2.242472 0.536915
-2.316746 0.593821
-2.394833 0.548621
-2.415399 0.470670
-2.493261 0.493093
-2.582638 0.451753
-2.503837 0.409571
-2.564934 0.355795
-2.756639 0.424171
-2.655375 0.390502
-2.631171 0.299360
-2.725725 0.322568
2.236453 -0.535500
2.395050 -0.485735
2.312412 -0.512902
2.288238 -0.591852
2.231654 -0.633127
2.252219 -0.462330
2.188100 -0.487846
2.186982 -0.577733
2.133869 -0.618557
2.123630 -0.467276
2.077071 -0.503812
2.139264 -0.533352
2.081830 -0.572158
2.069517 -0.652617
2.097869 -0.718377
2.023109 -0.534018
2.016012 -0.602273
1.997847 -0.681188
1.963741 -0.555932
1.948709 -0.622425
1.918743 -0.693956
2.021213 -0.750471
1.850829 -0.741681
-0.928583 0.338684
-1.014646 0.217926
-1.059758 0.074185
-1.097957 -0.053738
-4.086940 1.494999
1.245296 -0.266966
1.219256 -0.350737
1.209723 -0.159913
1.174227 -0.240864
1.128076 -0.311122
1.048632 -0.248776
1.017530 -0.359049
1.126587 -0.413818
1.139747 -0.527707
1.032378 -0.483103
0.919367 -0.429437
0.792947 -0.482566
1.047365 -0.610625
0.981006 -0.842645
0.923704 -0.558954
0.943479 -0.698011
0.801295 -0.630980
0.822981 -0.786080
1.682589 -4.509249
-3.538078 2.712875
-0.363097 -2.273489
-3.383108 3.102525
-3.551513 2.260431
1.289988 2.139418
0.997380 1.946155
0.985294 1.692739
-1.143194 -3.351311
0.279596 0.870802
0.095636 -2.863529
0.933284 3.253736
4.674078 0.940180
-3.947505 -2.751663
-1.002848 3.875160
0.938088 -3.522526
1.117089 -1.349561
1.009276 -1.501423
0.879668 -1.673302
-3.007949 -1.330810
-3.105086 -1.502484
-3.304606 -1.518425
-3.310272 -1.747415
-3.555937 -1.663434
-2.836053 2.634680
-2.976648 2.387697
-0.573406 3.055948
2.012738 0.515727
1.946121 0.471230
1.881915 0.457787
1.832588 0.401595
1.955792 0.402417
1.898543 0.395511
2.012330 0.361240
1.958463 0.340328
1.935074 0.287922
1.905113 0.340308
1.759763 0.411092
1.791362 0.346818
1.850753 0.341628
1.878348 0.287535
1.766540 0.289530
1.822960 0.289743
1.851289 0.239603
1.800173 0.240733
1.777627 0.199172
1.708405 0.284768
1.744853 0.236440
1.751659 0.164691
1.721351 0.191265
1.702660 0.147010
1.688682 0.231125
1.669049 0.180954
4.488957 3.949572
1.604255 3.692447
-0.839450 1.896496
-2.566846 2.484518
-2.714901 2.270993
2.206352 2.814715
1.962592 2.577146
1.745761 2.347152
1.575185 2.124377
4.525545 2.427655
3.162716 0.373510
3.021115 0.248352
2.896450 0.202523
2.787593 0.203397
2.675581 0.244002
1.303991 -3.672295
2.538724 -3.334213
-3.898687 -0.371944
-4.037473 -0.582734
2.206493 -4.521255
0.808881 0.202776
-0.013890 0.995501
-1.432086 4.048189
3.190774 1.922636
2.916461 1.586593
-2.802782 0.928376
-2.860610 0.785631
-3.013812 0.746904
-2.900296 0.644219
-2.934003 0.518652
-3.048926 0.593573
-3.042627 0.448533
-3.047677 0.318437
3.903551 0.109760
-4.336721 1.691542
4.166459 -0.665864
2.131058 -3.300050
1.089547 -3.195524
1.610298 4.516369
-2.485301 -1.309556
-2.427521 -1.173789
-2.574580 -1.170785
-2.734668 -1.182937
-2.643268 -1.323784
-2.818048 -1.335506
-2.716162 -1.489823
-2.537562 -1.479940
-2.721600 -1.653180
-2.907809 -1.504200
-2.897475 -1.685217
-0.574470 2.631300
-3.926922 -0.796801
-4.188305 -0.835655
3.521564 3.196152
4.407304 -0.836584
-3.813092 0.264322
-2.502154 -4.491540
-4.179835 2.388002
2.102246 -0.106220
2.090525 -0.144648
2.069539 -0.171116
2.048749 -0.196693
2.039908 -0.224014
2.032926 -0.259388
2.006208 -0.284553
1.980872 -0.349095
1.937124 -0.412568
2.073727 -0.114537
2.058369 -0.141904
2.039756 -0.165701
2.025105 -0.187378
2.016145 -0.209547
2.010073 -0.238558
1.991215 -0.256969
1.977251 -0.310247
2.045489 -0.115940
2.029978 -0.139096
2.015474 -0.157882
2.005930 -0.177325
1.989218 -0.219841
1.972897 -0.238687
1.969404 -0.277654
1.942512 -0.297272
1.944500 -0.331239
1.944668 -0.370073
1.911124 -0.365438
1.898007 -0.403946
1.882971 -0.445815
1.926740 -0.459491
1.916593 -0.511855
1.870173 -0.494832
1.812393 -0.509661
2.005544 -0.131084
1.996444 -0.150617
1.987039 -0.170154
1.976101 -0.189792
1.995140 -0.196510
1.947645 -0.229124
1.953271 -0.256661
1.930806 -0.271855
1.910764 -0.300589
1.983487 -0.132849
1.975399 -0.152456
1.964899 -0.170250
1.944862 -0.169272
1.953354 -0.188615
1.965348 -0.210330
1.939336 -0.205525
1.923705 -0.222340
1.925863 -0.245825
1.902035 -0.246833
1.904235 -0.272108
1.880525 -0.302692
1.911604 -0.331494
1.874050 -0.366638
1.849878 -0.405865
1.878357 -0.273661
1.849664 -0.291831
1.878532 -0.333073
1.846280 -0.326450
1.837267 -0.363948
1.799184 -0.371863
1.805144 -0.408618
1.830491 -0.455440
1.781477 -0.451175
1.761530 -0.494658
1.851633 -0.547951
1.820738 -0.593162
1.901199 -0.568043
1.879540 -0.627602
1.827690 -0.668503
1.708891 -0.514580
1.699884 -0.584286
1.767714 -0.555927
1.758178 -0.629894
1.762697 -0.711199
1.695036 -0.763104
1.685559 -0.665862
1.618723 -0.711239
-3.250376 -2.021363
-3.515262 -1.940761
2.153840 1.129838
2.007119 1.201806
2.027595 1.040994
1.888803 1.098128
1.790784 0.991514
1.702199 0.889094
0.655049 0.185699
0.516472 0.203458
4.302486 3.084546
4.200037 2.679196
-4.023575 -1.031406
-4.180833 -1.187620
3.067329 3.999484
-4.477861 -4.447281
1.492145 -4.043796
2.858415 1.383694
2.659329 1.362725
2.847066 -2.570535
2.561225 -2.693185
1.400074 -1.488934
1.324095 -1.632755
1.316459 -1.826418
2.494180 -4.095234
1.111547 3.670314
2.841773 2.745098
-1.629399 -1.157970
1.931428 -0.098873
1.922607 -0.108299
1.912044 -0.107106
1.917005 -0.119126
1.905865 -0.128346
1.918443 -0.132938
1.907513 -0.142789
1.894227 -0.136630
1.895250 -0.151956
1.881308 -0.144431
1.881272 -0.160995
1.865742 -0.170447
1.858004 -0.185958
1.929614 -0.086947
1.918274 -0.081613
1.918603 -0.095697
1.909330 -0.088185
1.906687 -0.097585
1.901860 -0.105853
1.904304 -0.116337
1.892884 -0.112072
1.893515 -0.123436
1.881431 -0.129702
1.867905 -0.136282
1.866663 -0.152313
1.850356 -0.160476
1.843986 -0.175519
1.829598 -0.189158
1.815554 -0.207231
1.793973 -0.254249
1.898289 -0.093969
1.893864 -0.101889
1.883324 -0.104376
1.881862 -0.116560
1.869171 -0.121564
1.852154 -0.142896
1.834440 -0.150501
1.827187 -0.167228
1.806923 -0.184514
1.784201 -0.193761
1.905969 -0.076328
1.899474 -0.085206
1.890179 -0.083074
1.887838 -0.093793
1.879686 -0.086791
1.874501 -0.096610
1.871083 -0.108367
1.867978 -0.084544
1.860956 -0.097359
1.857371 -0.111223
1.855145 -0.126984
1.843351 -0.116820
1.837908 -0.132378
1.830904 -0.109737
1.823366 -0.124945
1.817392 -0.142888
1.809788 -0.161579
1.793436 -0.145457
1.787039 -0.168029
1.762452 -0.176100
1.759064 -0.205276
1.791924 -0.214515
1.773730 -0.231358
1.727281 -0.203367
1.741205 -0.233435
1.760998 -0.262128
1.722689 -0.264280
1.746683 -0.295226
1.702736 -0.299123
1.680803 -0.262252
1.663355 -0.312609
1.627933 -0.337132
1.589680 -0.364752
1.569351 -0.422254
1.524765 -0.369354
1.512272 -0.437308
1.539111 -0.494771
1.484226 -0.529323
1.398243 -0.518858
1.381625 -0.677436
1.352739 3.324862
-4.631158 -2.367453
1.906283 4.066656
4.041480 1.106989
3.745557 1.188140
-3.350418 -2.576992
-1.860143 3.065114
3.109325 3.391344
-3.279107 2.479917
-4.379605 1.347589
1.444597 1.896576
1.395829 1.684388
1.211063 1.901425
1.196864 1.687709
-4.119464 2.780802
-4.670191 1.522521
2.288318 1.048552
2.155208 0.975735
2.044516 0.896436
1.969536 0.701630
1.947965 0.817395
1.863086 0.739498
1.890316 0.631592
0.206890 -4.520037
-4.686542 1.181861
-2.390447 -1.831528
-2.544940 -2.014088
4.046647 -1.663995
3.900304 -1.956121
0.948441 -3.997670
-3.700503 1.921297
3.535564 -4.046005
-3.868777 1.308215
-3.662327 1.144399
-4.129097 1.177725
-3.898935 1.027527
-1.389698 0.022373
-1.427980 -0.060259
-1.475174 -0.128934
-1.475045 0.038582
-1.492406 -0.030164
-1.551679 0.047747
-1.562235 -0.016851
-1.626730 -0.009189
-1.681521 -0.001299
-1.535232 -0.091110
-1.608164 -0.073943
-1.582093 -0.143979
-1.632495 -0.189522
-1.643861 -0.257356
-1.648772 -0.122338
-1.701091 -0.284859
-1.678084 -0.062648
-1.709451 -0.113677
-1.687371 -0.167322
-1.696508 -0.220136
-1.735180 -0.163884
-1.764175 -0.123726
-1.785748 -0.169872
-1.830940 -0.177011
-1.753937 -0.207046
-1.804503 -0.215386
-1.743442 -0.251136
-1.656054 -0.328221
-1.759827 -0.302142
-1.789031 -0.257610
-1.834694 -0.257215
-1.814170 -0.302805
-1.852441 -0.216059
-1.911105 -0.246489
-1.863342 -0.298150
-1.891805 -0.337577
-1.876480 -0.254545
-1.908601 -0.290347
-1.942668 -0.263281
-1.949218 -0.296326
-1.979462 -0.283040
-1.981126 -0.322256
-1.936437 -0.332571
-1.967072 -0.366756
-1.922650 -0.378926
-1.785614 -0.350932
-1.842023 -0.346248
-1.873292 -0.389403
-1.910807 -0.431997
-1.722250 -0.345175
-1.681815 -0.395521
-1.751955 -0.402167
-1.789243 -0.455383
-1.816842 -0.398639
-1.853985 -0.445806
2.087013 3.633768
-3.002955 -4.051621
3.572252 0.982281
3.338495 1.022300
3.413742 0.799693
3.260384 0.679540
-1.327208 -1.566217
-1.546010 -1.790296
-1.780327 -1.795051
4.686209 -0.029328
-3.954943 -0.139667
1.118843 0.966045
1.158061 0.693755
1.050791 0.807817
0.887248 0.743724
1.034498 0.659083
0.928464 0.569766
1.624186 -0.115337
1.583957 -0.131210
1.538604 -0.158667
1.491263 -0.197224
1.392361 -0.276389
1.691045 -0.116818
1.659316 -0.139630
1.624646 -0.158625
1.586185 -0.175539
1.762095 -0.080272
1.742723 -0.099170
1.722476 -0.125427
1.696629 -0.148220
1.640940 -0.193109
1.605232 -0.211598
1.551269 -0.211188
1.845629 -0.050150
1.831149 -0.060711
1.785123 -0.083805
1.878862 -0.047667
1.862011 -0.054064
1.847861 -0.067542
1.823155 -0.074829
1.887976 -0.061162
1.879587 -0.074382
1.874277 -0.061986
1.863508 -0.071285
1.853735 -0.084031
1.838678 -0.081236
1.844878 -0.098756
1.826159 -0.093195
1.806122 -0.087045
1.812797 -0.107220
1.792368 -0.105817
1.803004 -0.125710
1.779276 -0.126675
1.769085 -0.104273
1.752760 -0.125872
1.766475 -0.150220
1.737575 -0.150725
1.712549 -0.169615
1.738987 -0.178637
1.693971 -0.195076
1.670323 -0.173424
1.704570 -0.230654
1.665211 -0.222597
1.631188 -0.243482
1.645907 -0.277920
1.608730 -0.297619
1.583588 -0.256980
1.526649 -0.258533
1.561721 -0.313164
1.465826 -0.259674
1.502626 -0.314798
1.445485 -0.324042
1.456369 -0.387834
1.494148 -0.128763
1.438005 -0.152101
1.421736 -0.214757
1.336398 -0.233527
1.312703 -0.308401
1.380235 -0.354648
1.383071 -0.432626
1.302942 -0.396364
1.223235 -0.454001
-3.174642 0.705977
-3.187105 0.556857
-3.329128 0.546858
0.189581 -2.213208
-3.973891 -4.002266
0.759164 0.073419
0.717037 -0.103203
0.639364 0.025974
-2.998423 -0.694809
-3.040387 -0.846345
-3.146111 -0.733333
3.286978 -0.070412
3.609515 -0.191764
3.399968 -0.206524
-4.384414 3.039789
-0.609526 4.529607
-4.679118 2.234691
1.772546 3.305314
1.527329 2.987261
1.141885 2.968463
-0.481267 1.115943
-0.710193 1.038868
2.875139 -0.381483
2.761014 -0.453027
2.879909 -0.515095
2.761254 -0.579785
2.645284 -0.630479
2.532294 -0.662901
2.443395 -0.634480
2.497430 -0.766862
2.420398 -0.719238
-3.804533 1.611414
-0.149540 2.470279
-0.449096 2.350691
-0.690785 2.158571
-0.402506 -0.079593
-0.542316 -0.234190
-0.340535 -0.294790
-0.494137 -0.442018
-0.674791 -0.381215
-0.648030 -0.574245
-0.642026 -0.778517
-0.816330 -0.875386
4.648869 -2.683788
-3.452573 -4.495891
-1.408776 1.118904
-1.557462 1.026720
-1.689785 0.939326
-1.682509 0.805598
-1.806195 0.853924
-4.398328 -1.056766
-2.330838 -1.260445
-2.219584 -1.336452
-2.015674 -1.280819
-2.094416 -1.402103
-2.220724 -1.512214
-2.366626 -1.421385
-2.372271 -1.606472
-2.830285 0.335235
-2.944299 0.360418
-2.907781 0.246865
-3.023804 0.214920
-3.050349 0.092128
-3.173167 0.039126
-3.170129 -0.098936
-3.284281 -0.189284
2.305940 1.608864
-2.040531 -4.492955
-1.018635 2.112467
-0.166165 3.743517
2.658372 0.850230
2.479524 0.772712
2.590945 0.722854
2.481602 0.646280
2.369482 0.703769
2.357703 0.593732
2.256684 0.539499
2.277440 0.450208
2.262839 0.649965
2.168734 0.504277
2.205377 0.435198
2.089708 0.470282
2.138048 0.412196
2.118747 0.336993
2.072162 0.388556
2.055871 0.317345
-2.690952 0.235204
-2.790272 0.242963
-2.833315 0.155497
-2.936650 0.132016
-3.644158 3.456723
-0.308061 -1.561965
-0.375615 -1.880283
2.442343 -0.257074
2.535114 -0.063149
2.456816 -0.027999
2.526280 -0.152412
2.468730 -0.100152
2.417405 -0.130377
2.454618 -0.187401
2.383751 -0.191070
2.380110 -0.251905
2.404000 -0.327621
2.463488 -0.393699
2.393893 -0.408778
2.390925 -0.067595
2.354504 -0.126545
2.322211 -0.182060
2.269701 -0.205488
2.322652 -0.235904
2.273932 -0.266909
2.332834 -0.299011
2.324481 -0.439253
2.275524 -0.328666
2.219301 -0.353660
2.334908 -0.365134
2.271725 -0.393023
2.213097 -0.413118
2.165137 -0.431119
-0.348760 -4.507197
1.784723 0.671345
1.813849 0.582002
1.858228 0.525154
1.803820 0.470516
1.715905 0.600585
1.757179 0.523537
1.711662 0.466069
1.662429 0.530166
1.625961 0.452715
1.683564 0.397982
1.608649 0.377905
1.539750 0.425970
1.546097 0.339284
1.475427 0.354411
4.274384 1.646174
4.627355 1.291557
-2.779020 4.509038
-4.326807 -2.169845
3.162857 -0.500536
3.148748 -0.662475
-1.565502 3.671205
-0.223996 1.187410
3.149100 -2.719326
3.957177 -2.961431
-4.101661 3.364974
-0.227114 2.803238
-1.253231 1.025749
-1.276306 0.857002
-1.427741 0.798102
-1.412944 0.949179
-1.555322 0.876710
-1.563795 0.743888
-1.684373 0.686672
-1.688551 0.577077
-3.057724 -0.031645
-3.048443 -0.152434
-3.148882 -0.232886
-2.539743 -1.660344
-2.638461 -1.834833
-2.834196 -1.881483
-2.755635 -2.090100
0.173833 -1.596907
-4.308423 2.067322
3.631806 -3.212248
4.415594 -0.507290
-1.921087 -1.972472
-2.162184 -1.920012
-2.329525 -2.087344
-2.478887 0.323462
-2.548761 0.274919
-2.537013 0.196925
-2.470527 0.188094
-2.509974 0.133450
-2.538265 0.072878
-2.495311 0.022272
-2.560213 0.008850
-2.606877 0.216005
-2.736426 0.162154
-2.582665 0.133947
-2.608062 0.066006
-2.627297 -0.001885
-2.654631 0.153285
-2.671335 0.088237
-2.691669 0.020585
-2.710026 -0.048316
-2.422004 1.053927
-2.490510 0.920148
-2.559388 0.803041
-2.641762 0.929712
-2.710795 0.806655
-2.633501 0.704471
4.384423 0.730111
0.800722 4.037876
-3.789598 -1.828375
-4.048591 -1.990215
-0.399414 -3.632240
-2.786530 -0.592866
-2.866034 -0.657274
-2.905710 -0.786129
4.524340 3.444632
-3.245922 3.617220
-1.162176 -4.104622
-1.078400 4.427287
2.203535 4.485418
-3.445880 -2.247361
4.349558 1.043143
-2.053132 0.105526
-2.086015 0.089827
-2.057516 0.142342
-2.087820 0.125262
-2.116799 0.104730
-2.110950 0.072380
-2.134614 0.057206
-2.121068 0.143110
-2.149215 0.118040
-2.143350 0.082872
-2.150028 0.041225
-2.168705 0.061918
-2.201351 0.044365
-2.177203 0.033611
-2.034091 0.076447
-2.062248 0.073142
-2.056795 0.048253
-2.086430 0.053722
-2.113646 0.043009
-2.073565 0.027644
-2.098146 0.026102
-2.113058 0.009863
-2.129732 0.026001
-2.180053 0.006837
-2.047474 0.023526
-2.063047 0.005000
-2.086620 0.006183
-2.100698 -0.007417
-2.076728 -0.012224
-2.069725 -0.029487
-2.070297 -0.048939
-2.090618 -0.022671
-2.120939 -0.012119
-2.136296 0.002634
-2.155473 0.016892
-2.158738 -0.006324
-2.179961 -0.017700
-2.174567 0.094846
-2.198498 0.073011
-2.227923 0.063472
-2.231671 0.031092
-2.202993 -0.009644
-2.204330 0.016958
-2.230355 0.001967
-2.198577 -0.035590
-2.108489 -0.026892
-2.140763 -0.019136
-2.159795 -0.028076
-2.126300 -0.032200
-2.143270 -0.039484
-2.159594 -0.048237
-2.176131 -0.057411
-2.178073 -0.039285
-2.083391 -0.037125
-2.099094 -0.040594
-2.114852 -0.044971
-2.130139 -0.051048
-2.088437 -0.052409
-2.104178 -0.056279
-2.132267 -0.068237
-2.132968 -0.083917
-2.145228 -0.058686
-2.080000 -0.063535
-2.094811 -0.066319
-2.108177 -0.070952
-2.118496 -0.061575
-2.146399 -0.076111
-2.160974 -0.067553
-2.162075 -0.085200
-2.179279 -0.076458
-2.178404 -0.097704
-2.087013 -0.076152
-2.099046 -0.079425
-2.110427 -0.084501
-2.120654 -0.076853
-2.121294 -0.091018
-2.132333 -0.098832
-2.145737 -0.092006
-2.158538 -0.101316
-2.144461 -0.108064
-2.168101 -0.112843
-2.184800 -0.119117
-2.194327 -0.059385
-2.195717 -0.086283
-2.217476 -0.051275
-2.210061 -0.072807
-2.219399 -0.093547
-2.246356 -0.099270
-2.200456 -0.107114
-2.223223 -0.116623
-2.245138 -0.130298
-2.268343 -0.118859
-2.270032 -0.147760
-2.243037 -0.046718
-2.223752 -0.026151
-2.258557 0.050889
-2.264058 0.016605
-2.251869 -0.017087
-2.270994 -0.041710
-2.291961 -0.065452
-2.234089 -0.073053
-2.260610 -0.071398
-2.279684 -0.094657
-2.298672 -0.126564
-2.297535 -0.164473
1.008524 1.480893
0.904581 1.294347
0.695324 1.272762
0.037528 1.276972
-3.036682 1.202402
-3.212127 1.249455
-3.478355 1.000540
-3.814261 2.526273
-3.219641 -3.636456
-1.316548 1.988809
-0.575821 4.034338
-1.442086 1.524447
-1.598742 1.379261
-1.741658 1.252846
4.376293 -0.188854
4.159964 -0.372576
-3.149013 -2.329425
2.467758 3.976154
-1.276850 1.684725
-1.061591 1.567024
-1.248317 1.435927
-1.243658 1.217676
-1.417469 1.309960
4.137470 2.282010
3.773684 2.164989
0.495516 -2.324477
0.294485 3.925982
-0.172840 1.472457
0.226991 1.903614
-0.060273 1.835920
0.107170 0.782633
0.189812 0.401292
0.017342 0.545742
-0.223602 0.510084
-0.323967 0.303778
0.496427 1.966097
0.541268 1.686534
0.307680 1.657524
2.151390 3.204389
4.650827 2.848208
4.556672 -3.487003
4.063577 -3.916053
4.433719 -4.492369
0.268128 -0.264421
0.049984 -0.202808
0.109891 -0.433829
-0.116194 -0.370918
3.151423 -3.826391
1.880984 -0.179733
1.863240 -0.211579
1.846160 -0.200984
1.835142 -0.218361
1.829518 -0.243213
1.808542 -0.233077
1.973647 -0.117519
1.958967 -0.123781
1.965325 -0.137220
1.955347 -0.152404
1.946688 -0.135450
1.938154 -0.151765
1.926649 -0.165472
1.931591 -0.185132
1.913346 -0.178202
1.944463 -0.119274
1.933176 -0.111828
1.930007 -0.123813
1.932260 -0.137012
1.921784 -0.148458
1.910135 -0.159397
1.896552 -0.169179
1.897319 -0.187773
1.914645 -0.200575
1.890555 -0.204634
1.873723 -0.195618
1.902758 -0.224002
1.880556 -0.223779
1.855161 -0.232490
1.878038 -0.246680
1.851641 -0.260614
1.820393 -0.270238
1.816618 -0.303104
1.786705 -0.288339
1.775046 -0.323572
1.732417 -0.333125
1.689793 -0.346154
1.807298 -0.335099
1.763999 -0.362959
1.718951 -0.380021
1.687627 -0.411474
1.655975 -0.372032
1.627989 -0.414480
1.755515 -0.407540
1.724046 -0.449520
1.665632 -0.466528
1.602201 -0.477370
1.524163 -0.593392
1.646609 -0.533187
1.578544 -0.551914
1.627071 -0.609530
1.570087 -0.655158
1.435423 -0.599581
1.485778 -0.677841
1.433547 -0.764868
1.320360 -0.768328
-3.430147 -3.239351
-3.681617 -3.597602
-0.836955 -2.003159
-1.000259 -2.156716
-3.972188 -4.468007
1.097414 -1.751172
0.919746 -1.926583
0.724118 -2.120294
-1.979852 -3.312819
-2.114069 1.609315
-2.218007 1.477479
-2.297691 1.333406
-2.346313 1.189492
-2.459013 1.377006
-2.490278 1.217242
-2.569660 1.061754
-2.652803 1.381099
-2.643801 1.215425
-2.735063 1.074917
2.840640 3.647333
3.167897 2.578172
0.285721 1.384685
-1.992282 -2.417855
-2.198076 -2.644838
-0.848187 1.664394
4.212895 -2.639782
2.925073 -3.346216
-2.240274 3.186250
3.162933 2.964480
-0.572580 -2.917871
-0.967432 -3.003790
-0.811193 -0.506092
-0.802738 -0.685266
-0.957079 -0.771008
-1.099958 -0.833569
-0.990211 -0.948655
-1.033091 -1.121602
-1.224313 -0.834498
-1.172860 -0.989677
-1.204265 -1.166291
-3.499575 0.782683
-3.688895 0.898432
-3.687857 0.667334
-3.664409 0.457138
-3.872628 0.511321
-4.052273 0.349146
-2.080927 -2.154774
-3.005410 1.610082
-2.550533 -2.276445
-2.822268 -2.362798
-3.019853 -2.620744
4.688015 -0.337859
1.743796 -2.801355
1.460854 -3.001204
-4.577180 3.431811
0.493662 0.051138
0.380684 -0.100131
0.334701 0.099385
0.193046 -0.043924
-3.371977 -0.919274
-3.778877 -0.992159
-3.566941 -0.953207
-3.610250 -1.171348
-3.858878 -1.219941
-1.571371 1.194347
-1.708621 1.088838
-1.919383 1.300864
-1.866502 1.137227
-2.027360 1.173042
-1.828721 0.989587
-1.907849 0.768495
-1.974609 1.024797
-2.067655 0.914058
-1.931237 0.894258
-2.015433 0.805625
-2.094357 0.746813
-2.123247 0.655138
3.013348 -1.218964
2.819708 -1.193476
2.885264 -1.367493
3.438524 -2.484881
1.810472 -1.842880
1.714085 -2.050736
1.578973 -1.889867
1.421520 -2.034484
1.568465 -2.216861
1.257405 -2.221626
1.160038 -1.989759
0.994996 -2.203787
4.679316 -1.020631
-0.336847 1.687010
-0.628094 -4.073871
0.581281 3.079602
-2.466973 -2.877306
-2.833845 -2.929966
-3.026078 -3.267617
-2.476406 -0.819169
-2.575835 -0.863695
-2.685961 -0.924119
-2.575303 -0.982754
-2.659682 -1.061904
-2.800267 -1.025317
-2.893238 -1.182269
-2.954673 -1.045991
-3.076168 -1.167636
-3.241094 -1.090071
-3.412493 -1.096519
-3.222973 -1.303856
-3.412679 -1.280617
0.172794 -1.897777
-4.688862 0.837836
-1.311726 -0.544879
-1.338610 -0.643757
-1.537283 -0.665516
-0.259691 -1.011667
-0.461454 -0.886559
-0.473246 -1.123975
-0.654359 -0.990963
-0.845271 -1.071577
-0.684049 -1.211989
-0.738073 -1.441851
-0.138192 0.747866
1.958865 1.576526
1.979102 1.380459
1.345040 0.150454
1.386278 0.085962
1.353798 0.016204
1.306383 0.079001
1.271347 0.002678
1.299399 0.218495
1.255555 0.151038
1.218145 0.077689
1.180460 -0.003345
1.145733 -0.088351
1.276083 -0.198061
1.307998 -0.133763
1.243600 -0.080926
1.108448 -0.179675
-1.327467 -0.921581
-1.331831 -1.065905
-1.485938 -1.119531
-1.373185 -1.224751
-1.529700 -1.278515
-3.814897 3.011424
-4.512631 0.249960
-4.734538 0.096946
-4.701870 -0.236168
3.817166 -0.111045
3.675307 -0.396460
3.529130 -0.559079
2.050611 2.276305
1.855883 2.078793
0.228591 3.396522
-0.559122 -1.622873
-0.976526 -1.828545
-1.220510 2.310289
-1.505654 2.234623
0.646162 -0.243884
0.746995 -0.357625
0.608915 -0.401990
0.553288 -0.116026
0.464580 -0.278359
0.463702 -0.453064
-0.361540 2.030687
-1.189814 3.507658
-1.454644 0.665271
-1.495895 0.559463
-1.584525 0.627471
-1.517620 0.451616
-1.692876 0.477173
-1.600758 0.518129
-1.613944 0.419150
-1.772893 0.432338
-1.698602 0.388394
-1.702922 0.311040
-1.836105 0.382836
-1.772168 0.347531
-1.837397 0.303279
-1.897039 0.344885
-1.918529 0.219391
0.174579 2.532540
-4.667959 0.490294
4.768281 2.097108
1.345504 4.085984
-2.754917 -3.620184
-1.701765 0.244155
-1.757483 0.201574
-1.766914 0.275050
-1.813538 0.237183
-1.819123 0.183925
-1.779597 0.141852
-1.865934 0.241665
-1.827775 0.134491
-1.825549 0.091661
-1.868205 0.138942
-1.868116 0.092277
-1.867208 0.189462
-1.909235 0.163465
-1.945852 0.135685
-1.982859 0.117574
-1.907079 0.113595
-1.867998 0.051588
-1.908212 0.067199
-1.943204 0.095689
-1.975792 0.079801
-2.008197 0.091842
-2.003989 0.060933
-2.029814 0.045564
-1.946108 0.059491
-1.974804 0.045472
-2.001312 0.032057
-2.022508 0.017071
-2.039274 -0.000510
-2.055295 -0.016040
-1.895831 0.024456
-1.924029 -0.000118
-1.931053 0.031760
-1.959187 0.022281
-1.951695 -0.002779
-1.984422 0.012729
-2.005213 0.001762
-2.017480 -0.035117
-2.021650 -0.012515
-2.037724 -0.025682
-2.053894 -0.037721
-2.052090 -0.055373
-2.065314 -0.064671
-2.075259 -0.076630
-2.078602 -0.087752
-1.974490 -0.034906
-1.976043 -0.009709
-1.997870 -0.021363
-2.035597 -0.046088
-2.035023 -0.064948
-2.050291 -0.072232
-2.063398 -0.079105
-2.067379 -0.090831
-2.071553 -0.101576
-2.081751 -0.097939
3.471829 -0.371821
3.338365 -0.532371
3.300532 -0.689552
3.018008 -0.026706
2.937857 -0.150226
2.855875 -0.252029
2.808995 -0.129106
2.749532 -0.222748
2.760213 -0.337721
2.669718 -0.283253
2.581017 -0.305521
2.651303 -0.393928
2.547272 -0.386368
2.658187 -0.511755
2.563055 -0.469195
2.478441 -0.467240
2.553546 -0.563437
2.466736 -0.549525
-3.494153 0.577860
-3.465670 0.394146
-1.211965 -0.360039
-1.246680 -0.254185
-1.325880 -0.336830
-1.293066 -0.446149
-1.387055 -0.420036
-1.469222 -0.408974
-1.402945 -0.512500
-1.438866 -0.600017
-1.487289 -0.492916
-1.591020 -0.515706
-1.526537 -0.566477
-1.620323 -0.602443
-4.040761 3.838501
-2.186829 1.190300
-2.120972 1.045883
-2.271558 1.054083
-2.209665 0.933651
-2.349849 0.926121
-2.407516 0.799611
-2.153080 0.830052
-2.279538 0.819012
-2.480355 0.715916
-2.550391 0.650921
-1.392767 -2.463458
3.530743 -2.831673
2.500901 3.449924
3.137241 0.530654
2.972628 0.564238
3.012676 0.403495
2.885967 0.326605
2.864062 0.456757
2.749826 0.425990
2.770486 0.315274
0.228488 1.098908
-2.554589 -4.040872
1.781597 -3.611650
1.011544 4.509435
-1.061297 1.321544
-0.664147 1.281669
-0.880960 1.185866
-1.076043 1.106108
-3.940851 4.396055
-1.663853 0.116519
-1.727795 0.139525
-1.729077 0.085448
-1.779893 0.093308
-1.678270 0.053725
-1.828212 0.050961
-1.856417 0.008430
-1.732358 0.029467
-1.780298 0.047801
-1.728842 -0.029190
-1.745794 -0.074592
-1.771294 -0.005412
-1.811258 0.011239
-1.862044 -0.036013
-1.891802 -0.013996
-1.923005 -0.032464
-1.896269 -0.051663
-1.786060 -0.045783
-1.796497 -0.091132
-1.823809 -0.024108
-1.830379 -0.064097
-1.868962 -0.075491
-1.840720 -0.103738
-1.812524 -0.134538
-1.854742 -0.142515
-1.872304 -0.179358
-1.879056 -0.112006
-1.892256 -0.146146
-1.926412 -0.148053
-1.908533 -0.177213
-1.894037 -0.213767
-1.927145 -0.204596
-1.938379 -0.230430
-1.971736 -0.252532
-1.903679 -0.086181
-1.927998 -0.064231
-1.948862 -0.027326
-1.952218 -0.052005
-1.977091 -0.061159
-1.997096 -0.046397
-2.017158 -0.056663
-1.956028 -0.078069
-1.981165 -0.085537
-1.999228 -0.069766
-2.003485 -0.091423
-2.019112 -0.077051
-2.010134 -0.111455
-2.036708 -0.083124
-2.023408 -0.096114
-2.029988 -0.113469
-2.041328 -0.099795
-2.052343 -0.088411
-2.057996 -0.102179
-2.074878 -0.111594
-2.047763 -0.114474
-2.057006 -0.127630
-2.063099 -0.114646
-2.073461 -0.124993
-2.067701 -0.138714
-2.082892 -0.134775
-1.962888 -0.103684
-1.987940 -0.108358
-2.019194 -0.129676
-2.039010 -0.128970
-2.050011 -0.142307
-2.062553 -0.154020
-2.079437 -0.149717
-1.972692 -0.127954
-1.997289 -0.129571
-2.009009 -0.148903
-2.030294 -0.145829
-2.043437 -0.159157
-2.058135 -0.170983
-2.076044 -0.165957
-2.022789 -0.166233
-2.035219 -0.204600
-2.041965 -0.178974
-2.052747 -0.194348
-2.068819 -0.184481
-1.913414 -0.118618
-1.942054 -0.174084
-1.958049 -0.150378
-1.974536 -0.175239
-1.956612 -0.198212
-1.965100 -0.224386
-2.000076 -0.171381
-1.985094 -0.201314
-1.995259 -0.228599
-2.005207 -0.192532
-2.015427 -0.213296
-2.046835 -0.222220
-2.025915 -0.237292
-2.054887 -0.246162
-1.934527 -0.095745
-1.944720 -0.124218
-1.985097 -0.150679
-2.024318 -0.186953
1.208250 1.489166
1.304512 1.303264
1.113270 1.292136
1.024950 1.116034
0.944657 0.933095
4.278625 -1.949063
3.825806 0.917856
3.640232 0.740449
0.176109 -1.058656
-0.035784 -1.140224
-0.051367 -1.433056
3.432571 1.719857
3.354830 1.452151
-4.178181 -0.071886
-4.462469 -0.037524
-0.833489 0.623928
-0.820270 0.437694
4.129586 0.542576
4.139191 0.259476
4.457340 4.457070
-0.298009 0.939298
-0.545670 0.880388
-0.766059 0.821605
1.415714 2.387149
-0.899024 -3.694123
2.544276 2.703594
2.272507 2.485001
-2.267332 -2.343888
-2.471923 -2.533619
-2.710819 -2.627105
-1.207687 0.400603
-1.335495 0.421733
-1.436384 0.379186
-1.298734 0.320434
-1.176727 0.276084
-1.276975 0.219702
-1.387484 0.293076
-1.374181 0.203552
-1.423719 0.114503
-1.478488 0.280557
-1.467550 0.199855
-1.550804 0.193384
-1.510327 0.118826
-1.589518 0.118209
-1.619800 0.051963
3.458810 3.633270
3.930187 -4.434099
3.485417 0.179087
3.312941 0.238990
3.160460 0.093321
3.311400 0.082511
3.149583 -0.042467
3.077067 -0.172743
1.409062 -2.402195
1.122797 -2.506606
4.505761 -3.982719
-0.120585 -2.069247
-1.666562 -4.092146
-3.242652 -0.336939
-3.394690 -0.302027
-3.500786 -0.437004
-3.602750 -0.594691
-3.699795 -0.779043
-1.575131 -3.352534
0.060056 1.581344
1.978663 -4.054891
2.755664 -4.567706
3.287466 -3.481031
-3.523026 1.675117
-3.380347 1.456219
-3.618725 1.402682
-2.132239 -4.033961
-0.659913 0.483353
-0.457130 0.499857
-0.540008 0.310206
-0.726465 0.299778
-0.849178 0.223269
2.262454 -3.683844
-2.907657 1.796866
-3.031512 4.057800
-0.085346 -2.439493
2.409703 -3.005039
2.045435 -2.928528
1.777235 -3.180909
-4.070377 -1.664588
-4.351879 -1.791190
-4.129889 -0.337787
-2.321128 3.615180
4.089744 -3.416174
-4.691068 2.811989
3.093193 1.415105
2.996742 1.212670
2.789167 1.188260
2.608591 1.168300
0.788729 2.434569
-2.064797 -0.209596
-2.075144 -0.227866
-2.082115 -0.253229
-2.101157 -0.233511
-2.109042 -0.255926
-2.128862 -0.277299
-2.150510 -0.298780
-2.180906 -0.321939
-2.204014 -0.353605
-2.064880 -0.275860
-2.096180 -0.280713
-2.115727 -0.307098
-2.140877 -0.333641
-2.166458 -0.365243
-2.184977 -0.403478
-2.221933 -0.388657
-2.234674 -0.429747
-2.282250 -0.448950
-2.287180 -0.506888
-2.344754 -0.533955
-2.392295 -0.490283
-2.416463 -0.555219
-2.357325 -0.605362
-2.438700 -0.631530
-2.497869 -0.571084
-2.528540 -0.654603
-2.461746 -0.718298
-2.624131 -0.674436
-2.724438 -0.674259
-2.560668 -0.753147
-2.674852 -0.787750
-2.790944 -0.744825
-2.791956 -0.868361
-2.918090 -0.920690
-3.087440 -0.993001
-3.206333 -0.892084
-0.622832 1.560341
-0.923092 -4.530883
-1.919381 3.467061
3.673700 -3.634568
2.614105 -0.753006
2.551574 -0.880667
2.594327 -1.178605
2.419486 -0.845063
2.434969 -0.968968
2.441826 -1.116356
2.467266 -1.276649
2.409728 -1.493233
2.316451 -1.041581
2.203116 -1.108397
2.321240 -1.194191
2.328073 -1.358881
2.177818 -1.422847
2.186819 -1.263310
2.027372 -1.312570
2.033769 -1.485155
2.087852 -1.635549
1.890050 -1.628937
-1.812809 2.190907
-1.884332 1.944165
-0.063313 -0.622197
-0.266323 -0.760410
1.729265 0.344830
1.662848 0.331894
1.597819 0.302722
1.647340 0.271199
1.576407 0.248300
1.630700 0.219198
1.594192 0.181369
1.532122 0.202214
1.511017 0.275934
1.424033 0.291389
1.381626 0.225732
1.462208 0.218126
1.421974 0.154643
1.492302 0.149772
1.456512 0.091148
-1.672329 -1.992330
-1.819458 -2.201400
-4.026295 1.833763
3.349509 4.491042
-0.111127 4.356002
-3.910972 2.162836
-1.383493 -3.711698
4.046412 1.934252
3.709452 1.820837
4.421197 -3.048995
-4.486512 -3.928205
-2.272198 2.576288
-2.341523 2.274511
-2.952639 -4.495544
-1.960072 3.981426
4.139317 -0.013544
4.027677 -0.193704
2.769652 4.460488
0.644716 3.564321
4.695210 -0.669741
0.508685 -3.694029
0.558649 -2.645746
-4.353429 -0.256231
-4.489892 -0.429928
-4.718565 -0.589244
-2.197890 4.485860
-2.549927 2.106031
-2.681316 1.925220
-3.787874 0.026573
2.742210 -3.713872
1.921884 0.949032
1.829681 0.858100
1.746249 0.773259
1.567324 0.906474
1.621014 0.791837
1.671642 0.691095
1.610989 0.608607
1.570618 0.519346
1.487322 0.798248
1.550140 0.698503
1.505113 0.603639
1.482744 0.507305
1.450362 0.433977
1.417470 0.687060
1.311875 0.610059
1.405616 0.564748
1.373622 0.475879
-3.105654 -0.360684
-3.176812 -0.474474
-3.330230 -0.460444
-3.243165 -0.604276
-3.414438 -0.602232
-3.495903 -0.765658
1.848274 1.265665
1.739592 1.142734
1.652291 1.021384
4.648484 -1.395922
1.642050 2.644095
1.317204 2.703334
1.107135 2.503621
2.809708 -2.956472
4.630455 1.647008
0.187599 -1.305659
-1.728196 1.782360
-1.641421 1.580865
-1.853803 1.617555
-1.788044 1.430704
-1.987366 1.479337
-2.102252 1.340468
-1.495245 -4.537537
2.796973 0.092697
2.594239 0.170939
2.691207 0.136863
2.605286 0.074531
2.527556 0.020780
-1.591386 -1.018260
-1.715924 -1.045888
-1.770232 -1.180822
-1.913408 -1.173999
-3.371468 4.487664
-4.707715 -0.927752
1.422288 -3.336959
-4.246568 0.171888
-0.638631 3.523799
-0.960052 3.232366
-0.885744 2.822617
3.480950 2.385300
-4.488595 3.937395
-0.796948 -0.049287
-0.888665 -0.182712
-0.722542 -0.202293
-0.838313 -0.336241
-0.986523 -0.300785
-1.121826 -0.273415
-1.087838 -0.399325
-1.189706 -0.476932
-1.200297 -2.727317
-1.363679 -3.034111
0.161484 2.928245
-3.479735 -4.046861
4.365852 -1.171285
-4.401577 1.018982
0.781181 -3.043754
0.430285 4.465863
0.779021 0.601593
0.660517 0.492429
0.551089 0.368437
0.688477 0.719884
0.556486 0.608596
0.414249 0.490131
0.363064 0.288627
-0.888872 -1.276283
-0.963619 -1.499863
-1.174015 -1.493004
-1.108862 -1.677872
-1.307601 -1.762622
0.874138 2.786118
3.952866 3.453781
3.469556 -0.026959
-1.132206 0.178188
-1.228230 0.134256
-1.176359 0.044054
-1.223289 -0.063688
-1.328294 0.112532
-1.284691 0.026155
-1.333571 -0.063364
-1.286856 -0.156304
-1.387519 -0.146478
-1.356732 -0.240914
-1.526024 -0.184008
-1.447359 -0.217858
-1.432130 -0.317704
-1.579980 -0.227983
-1.513033 -0.269530
-1.527074 -0.351556
-1.588073 -0.302500
-1.554674 -0.440326
-1.606465 -0.379628
-1.639780 -0.454112
-1.676031 -0.532362
-1.715841 -0.461274
-1.760098 -0.518106
0.833693 1.091884
0.767221 0.892271
0.638738 1.051490
0.465497 1.207741
0.565120 0.843067
0.439096 0.986568
0.418392 0.726691
0.252960 0.614902
-0.459983 0.117765
-0.614164 -0.039681
-0.648366 0.143748
-0.780247 0.087714
-0.924526 0.091132
-0.954638 -0.042346
-1.034695 -0.167990
-1.167985 -0.162391
-3.995927 0.106200
-0.657677 -1.847803
-0.581853 -2.120162
-4.303906 -2.591423
-3.173428 0.429160
-3.313899 0.402644
-3.159069 0.307865
-3.154242 0.179314
-3.290345 0.268313
-3.440333 0.218289
-3.614130 0.281562
-3.615723 0.115863
3.213367 -3.071812
1.886798 -1.424975
1.734067 -1.510826
1.687680 -1.689000
1.488423 -1.715779
2.981319 -4.186823
0.805798 -2.420392
0.512057 2.678934
0.484406 2.296544
4.042793 3.888391
-2.316263 -3.610097
-1.646308 4.490937
2.710232 1.847872
2.498482 1.718510
3.357348 -4.504313
1.793476 1.666642
1.589394 1.680301
1.795569 1.457644
1.607560 1.498197
1.404044 1.497136
4.051786 -2.269480
3.902664 0.380827
3.660314 0.041686
1.049591 2.215399
0.759289 2.112755
-4.018242 -1.387094
-4.345007 -1.432120
-3.055350 3.277094
-0.073012 -4.031467
-1.419488 -1.983647
-1.547957 -2.215849
-1.697596 -2.456101
3.873868 2.967370
3.503058 2.767447
-3.403519 1.943596
3.010472 -0.584357
3.007522 -0.748134
2.876694 -0.658754
2.743593 -0.711562
2.705095 -0.843540
2.853341 -0.807382
2.810614 -0.960107
2.918887 -1.065401
2.660337 -0.968692
2.553672 -1.033268
-2.614208 3.261267
-2.512867 2.852932
-2.869555 2.978309
-1.076928 -1.311758
-1.257841 -1.342480
-1.411977 -1.409936
-1.491367 -1.604550
-1.243684 2.979852
-1.563736 2.836022
-1.872537 2.693307
-2.149000 2.839564
-2.493243 4.052392
3.176402 2.234940
3.947061 -0.512882
3.737551 -0.611945
2.338558 2.180590
2.126673 2.005642
2.101552 1.711057
1.943092 1.838025
0.087312 -3.596488
0.675247 -1.841817
2.805121 3.138113
3.594634 4.031644
-3.556756 3.978660
-2.825192 1.254094
-2.906700 1.070313
-2.969079 0.905309
-3.098353 1.031713
-3.144461 0.864950
-3.268508 1.062094
-3.308239 0.878666
-3.328192 0.704987
-2.780104 3.651285
4.618177 -1.803113
-3.847128 -3.165990
0.232942 -2.561400
-2.203390 -0.130977
-2.223770 -0.142522
-2.242218 -0.160500
-2.268258 -0.179627
-2.297142 -0.201156
-2.329837 -0.186047
-2.331051 -0.226485
-2.369622 -0.240332
-2.401805 -0.296436
-2.449564 -0.331510
-2.168835 -0.130584
-2.185518 -0.140485
-2.193320 -0.156825
-2.209026 -0.154988
-2.218979 -0.173480
-2.240533 -0.191505
-2.264938 -0.213314
-2.292814 -0.238186
-2.089693 -0.087217
-2.100900 -0.090870
-2.110802 -0.096876
-2.119742 -0.104407
-2.130252 -0.112981
-2.140384 -0.123644
-2.154353 -0.120319
-2.091955 -0.097290
-2.101679 -0.101059
-2.107554 -0.109253
-2.117654 -0.117220
-2.126829 -0.127953
-2.137521 -0.138763
-2.152447 -0.137641
-2.168699 -0.149482
-2.176689 -0.165621
-2.195061 -0.180506
-2.213077 -0.200673
-2.233898 -0.222517
-2.085277 -0.107461
-2.094708 -0.107212
-2.096727 -0.116424
-2.106123 -0.121303
-2.114335 -0.131198
-2.122404 -0.144975
-2.136899 -0.154005
-2.152183 -0.154617
-2.157720 -0.170545
-2.171376 -0.187620
-2.186864 -0.206740
-2.203923 -0.228917
-2.257242 -0.247802
-2.323095 -0.266982
-2.283062 -0.276638
-2.359613 -0.276646
-2.312769 -0.309074
-2.352689 -0.319455
-2.394490 -0.353439
-2.505949 -0.305718
-2.505448 -0.371587
-2.574655 -0.417764
-2.441614 -0.390486
-2.497337 -0.436892
-2.626667 -0.497266
-2.664738 -0.421315
-2.084947 -0.118510
-2.091419 -0.127115
-2.100557 -0.131863
-2.107426 -0.143291
-2.108622 -0.156326
-2.122787 -0.164495
-2.138963 -0.171661
-2.147842 -0.189527
-2.161383 -0.209322
-2.175011 -0.233057
-2.190909 -0.257349
-2.209378 -0.286155
-2.223411 -0.254031
-2.244762 -0.283169
-2.267852 -0.315260
-2.297692 -0.351810
-2.341097 -0.364616
-2.093831 -0.144099
-2.093351 -0.160103
-2.107156 -0.173632
-2.124277 -0.186471
-2.088529 -0.178592
-2.102279 -0.192145
-2.080939 -0.198482
-2.093891 -0.213359
-2.136851 -0.207984
-2.114789 -0.207703
-2.122377 -0.227861
-2.149002 -0.231167
-2.132575 -0.249671
-2.158751 -0.261706
-2.179564 -0.287479
-2.222773 -0.317555
-2.248869 -0.352327
-2.272547 -0.393502
-2.319678 -0.408322
-2.340220 -0.463674
-2.377757 -0.412956
-2.426696 -0.447507
-2.466285 -0.501877
-2.544175 -0.498204
-2.583767 -0.579284
-2.723814 -0.501157
-2.676387 -0.583355
3.945882 4.438805
3.811842 -2.571520
-4.146641 -3.516746
2.650289 2.135537
2.458197 1.958195
2.269778 1.840095
3.950672 1.628715
4.275978 1.356004
0.199396 2.186798
-0.083691 2.161486
4.401855 0.117255
-4.140740 0.881623
-3.900241 0.763664
-4.110904 0.609420
-4.395843 0.708841
-4.321530 0.440547
1.285717 0.512605
1.189115 0.462605
1.096659 0.395078
1.012501 0.303014
1.295193 0.406515
1.212045 0.352631
1.128071 0.280673
1.066097 0.187799
0.945455 0.197062
0.891044 0.081913
0.820586 -0.034900
-1.586541 -1.447338
-1.680567 -1.618791
-1.689759 -1.306913
-1.853725 -1.306937
-1.768899 -1.454823
-1.872613 -1.610546
-1.940576 -1.439242
-2.056325 -1.578267
-2.205055 -1.709757
-2.000473 -1.767895
-3.154927 2.791075
-0.875859 2.427476
2.867349 2.394521
