5.000000 5.000000
0.000000 5.000000
2.500000 5.000000
3.750000 5.000000
4.375000 5.000000
3.125000 5.000000
1.250000 5.000000
1.875000 5.000000
0.625000 5.000000
-2.500000 5.000000
-1.250000 5.000000
-0.625000 5.000000
-1.875000 5.000000
-3.750000 5.000000
-3.125000 5.000000
-4.375000 5.000000
5.000000 -5.000000
5.000000 0.000000
5.000000 -2.500000
5.000000 -3.750000
5.000000 -4.375000
5.000000 -3.125000
5.000000 -1.250000
5.000000 -1.875000
5.000000 -1.562500
5.000000 -0.625000
5.000000 -0.937500
5.000000 -0.312500
5.000000 2.500000
5.000000 1.250000
5.000000 0.625000
5.000000 0.312500
5.000000 0.937500
5.000000 1.875000
5.000000 1.562500
5.000000 3.750000
5.000000 3.125000
5.000000 4.375000
-5.000000 -5.000000
0.000000 -5.000000
-2.500000 -5.000000
-3.750000 -5.000000
-4.375000 -5.000000
-3.125000 -5.000000
-1.250000 -5.000000
-1.875000 -5.000000
-0.625000 -5.000000
2.500000 -5.000000
1.250000 -5.000000
0.625000 -5.000000
1.875000 -5.000000
3.750000 -5.000000
3.125000 -5.000000
4.375000 -5.000000
-5.000000 5.000000
-5.000000 0.000000
-5.000000 2.500000
-5.000000 3.750000
-5.000000 4.375000
-5.000000 3.125000
-5.000000 1.250000
-5.000000 1.875000
-5.000000 1.562500
-5.000000 0.625000
-5.000000 0.937500
-5.000000 0.312500
-5.000000 -2.500000
-5.000000 -1.250000
-5.000000 -0.625000
-5.000000 -0.312500
-5.000000 -0.937500
-5.000000 -1.875000
-5.000000 -1.562500
-5.000000 -2.187500
-5.000000 -3.750000
-5.000000 -3.125000
-5.000000 -4.375000
3.422617 -1.442970
1.544714 1.168298
1.549389 0.999286
1.419433 1.062200
1.388163 0.934382
1.254944 0.946531
1.294085 1.769047
3.264570 -2.637134
3.388148 -3.066537
2.087903 1.594466
1.854086 1.570233
1.975119 1.418106
1.777632 1.387534
1.594608 1.322338
3.677676 -0.744120
3.465256 -0.803194
3.399409 -1.013445
-1.038815 2.481423
-0.090077 -0.963277
-0.187186 -1.200065
1.868505 -0.147449
1.825226 -0.171865
1.793847 -0.232951
1.742195 -0.278627
1.939475 -0.047316
1.929812 -0.059738
1.922485 -0.044266
1.914820 -0.057620
1.920560 -0.070699
1.908688 -0.075475
1.919966 -0.082930
1.908213 -0.087178
1.898876 -0.088254
1.897292 -0.097036
1.905673 -0.063913
1.894696 -0.066849
1.897818 -0.077823
1.888530 -0.086054
1.888060 -0.095577
1.906506 -0.098052
1.896132 -0.105596
1.885187 -0.105628
1.876942 -0.084743
1.876880 -0.095912
1.873684 -0.108669
1.891512 -0.114442
1.869622 -0.121715
1.869426 -0.134524
1.864275 -0.097815
1.859732 -0.112420
1.856151 -0.128494
1.853766 -0.143860
1.844434 -0.118054
1.839244 -0.135121
1.839458 -0.154937
1.906736 -0.044893
1.895576 -0.053069
1.882357 -0.060797
1.884709 -0.074526
1.871334 -0.070770
1.864539 -0.084670
1.850006 -0.087584
1.850174 -0.101580
1.835722 -0.103774
1.827339 -0.117742
1.822825 -0.134308
1.821489 -0.151464
1.803535 -0.163417
1.807754 -0.187580
1.802620 -0.140133
1.783638 -0.177349
1.787499 -0.204656
1.760425 -0.193221
1.763928 -0.223675
1.736511 -0.243213
1.941320 -0.094699
1.934201 -0.074688
1.930977 -0.086592
1.927353 -0.098966
1.924440 -0.111947
1.913762 -0.118957
1.905618 -0.130367
1.917374 -0.093896
1.915384 -0.105327
1.905039 -0.108466
1.901618 -0.118113
1.892903 -0.126650
1.881378 -0.119734
1.895232 -0.140438
1.881709 -0.133267
1.882860 -0.147247
1.936022 -0.109344
1.927577 -0.123357
1.918678 -0.133780
1.908529 -0.145543
1.895144 -0.158079
1.876613 -0.162159
1.857930 -0.161177
1.885184 -0.176877
1.865810 -0.178472
1.845591 -0.176261
1.854627 -0.197355
1.831630 -0.194170
1.841344 -0.217354
1.814505 -0.212730
1.824105 -0.238459
1.804542 -0.261210
1.769838 -0.256325
1.783165 -0.285558
1.759004 -0.306654
1.738548 -0.331876
1.711787 -0.301452
1.696548 -0.344917
1.914071 -0.026443
1.897532 -0.032719
1.885815 -0.042728
1.868474 -0.036960
1.873893 -0.051558
1.855376 -0.044398
1.862650 -0.058585
1.855290 -0.072253
1.838682 -0.073588
1.834062 -0.089507
1.816881 -0.099894
1.808340 -0.119959
1.844767 -0.056938
1.825531 -0.060114
1.819758 -0.078909
1.800661 -0.085070
1.795226 -0.105560
1.784541 -0.124106
1.782552 -0.150519
1.779450 -0.093806
1.763829 -0.109370
1.761798 -0.135888
1.760011 -0.164145
1.736475 -0.148410
1.733153 -0.178358
1.705687 -0.160301
1.701984 -0.193112
1.733288 -0.209935
1.669697 -0.192332
1.701991 -0.227612
1.704956 -0.263724
1.649160 -0.352661
1.670575 -0.268726
1.668408 -0.229817
1.631138 -0.256779
1.671304 -0.306293
1.628663 -0.303963
1.550213 -0.318726
1.599163 -0.344408
1.560037 -0.383310
1.622884 -0.404269
1.570922 -0.446339
1.500242 -0.356496
1.508518 -0.426149
1.531095 -0.499730
1.461834 -0.560646
2.516013 1.473092
2.414490 1.296260
2.330905 1.465700
2.169143 1.425625
2.074518 1.262954
2.244990 1.267239
1.992640 1.128354
2.064700 1.009510
1.924588 0.994674
2.000692 0.882147
-1.253351 0.674263
-1.276242 0.541343
-1.155801 0.530198
-1.301670 0.417108
-1.386588 0.611411
-1.398494 0.492623
-1.417452 0.381061
-1.182073 0.420155
-1.339959 0.300814
-1.503978 0.452021
-1.596059 0.408273
-1.445212 0.278441
-1.378902 0.198805
-1.517546 0.348609
-1.477072 0.186695
-1.564690 0.172516
-1.605027 0.315227
-1.676678 0.365663
-1.693166 0.205599
-1.770486 0.093145
-1.803856 0.066312
-1.538435 0.255418
-1.620838 0.231202
-1.642875 0.156459
-1.665524 0.092017
-1.683416 0.034890
-1.713819 0.135013
-1.729874 0.071084
-1.773684 0.033923
-1.814125 0.007207
-1.848382 -0.024975
-0.986974 -1.177760
-1.159725 -1.244083
-1.248933 -1.416809
-3.279774 -1.293506
1.800081 -1.793870
1.828264 -2.006038
1.621584 -2.158647
-2.254086 -0.393811
-2.284479 -0.430962
-2.271378 -0.287887
-2.275222 -0.326492
-2.286500 -0.367980
-2.325917 -0.405263
-2.366680 -0.520003
-2.422455 -0.559854
-2.519006 -0.677936
-2.140370 -0.056842
-2.152652 -0.069795
-2.165778 -0.083563
-2.184986 -0.080683
-2.177116 -0.098393
-2.186551 -0.114660
-2.207087 -0.116913
-2.213046 -0.137974
-2.228155 -0.152871
-2.246480 -0.170249
-2.243194 -0.202726
-2.271548 -0.189309
-2.265611 -0.223072
-2.289460 -0.246664
-2.304935 -0.277115
-2.314651 -0.313737
-2.327099 -0.353692
-2.374120 -0.374625
-2.379323 -0.434443
-2.412575 -0.479865
-2.299867 -0.212005
-2.328677 -0.240725
-2.349545 -0.277113
-2.364504 -0.321524
-2.416224 -0.334308
-2.469949 -0.355646
-2.426821 -0.396431
-2.461394 -0.439303
-2.478344 -0.509763
-2.534954 -0.457427
-2.558962 -0.527303
-2.499078 -0.587851
-2.584569 -0.606378
-2.595699 -0.427849
-2.626801 -0.498509
-2.658157 -0.576303
-2.618255 -0.690913
-2.663741 -0.778614
-2.550509 -0.777409
-2.717961 -0.869509
0.710626 0.949210
3.921533 0.580250
-0.962205 -2.655881
-2.486280 0.291859
-2.554167 0.262129
-2.627965 0.228803
-2.696833 0.170983
-2.778423 0.111171
-2.423584 0.259853
-2.481609 0.214176
-2.553805 0.188187
-2.623605 0.154045
-2.635754 0.087966
-2.408385 0.203463
-2.442226 0.155996
-2.501843 0.142167
-2.563993 0.114506
-2.573170 0.045088
-2.643286 0.022813
-2.716861 0.019662
-2.705321 0.094192
-2.797923 0.028197
-2.758818 -0.062325
-2.852720 -0.035206
-2.846667 -0.132229
-2.864652 0.095972
-2.943898 -0.085548
-2.942071 -0.193387
-3.618868 0.831627
-3.444452 0.904537
-3.461959 0.720097
-3.605158 0.589118
-3.756341 0.708886
-3.735371 0.443065
-3.892860 0.570817
-4.003580 0.398409
0.776419 2.278819
0.829282 1.994564
-2.165540 -1.401272
-2.238893 -1.567737
-2.430309 -1.576068
-2.347296 -1.748786
-2.563138 -1.732362
-2.488023 -1.942186
-1.721471 1.314795
-1.723369 1.152795
-0.344068 -2.238450
-0.834038 2.227394
0.374677 1.437075
0.265946 -1.343232
0.386410 0.355972
0.260077 0.200720
4.358421 2.039923
-3.898884 -0.807400
3.369494 2.334736
3.028181 2.313174
2.817712 2.135019
2.393529 0.170253
2.337619 0.124892
2.288689 0.083118
2.326916 0.197153
2.259506 0.218848
2.201580 0.198626
2.275272 0.151600
2.219352 0.152782
2.175106 0.134279
2.236289 0.102363
2.236931 0.046718
2.249021 -0.008888
2.183209 0.050018
2.200466 0.006503
2.208720 -0.040048
2.194163 0.090245
2.154259 0.175593
2.118356 0.136612
2.149189 0.094493
2.137640 0.053092
2.108149 0.088805
2.075248 0.115211
2.037168 0.126024
2.068934 0.079017
2.095652 0.049680
2.058131 0.047506
2.026462 0.048625
2.036805 0.084432
2.006848 0.105786
1.978157 0.095150
2.003214 0.071519
1.938864 0.028380
1.965001 0.035382
1.958237 0.010287
1.935085 0.005130
1.931361 -0.014869
2.042619 0.018340
2.012477 0.018508
1.994068 0.041624
1.984014 0.015004
1.974451 -0.008546
1.951309 -0.012220
1.948215 -0.031097
1.931968 -0.031107
2.154183 0.013193
2.113706 0.015865
2.165586 -0.026453
2.171387 -0.066358
2.170263 -0.105267
2.136758 -0.093360
2.132559 -0.124161
2.125984 -0.020492
2.076498 0.017052
2.090172 -0.015140
2.057082 -0.010552
2.026972 -0.007683
1.999672 -0.006868
2.067567 -0.040486
2.038442 -0.034355
2.011911 -0.030536
1.987971 -0.028999
1.996922 -0.050423
1.966712 -0.029530
1.975610 -0.048625
1.956839 -0.048379
1.962542 -0.065949
1.945660 -0.063444
1.948775 -0.079998
2.020529 -0.054835
2.003578 -0.072013
1.981925 -0.067423
1.968162 -0.082719
1.956786 -0.093819
2.074070 -0.071181
2.045909 -0.061870
2.025256 -0.080222
1.988426 -0.085771
1.977050 -0.097830
2.005795 -0.095905
2.134097 -0.057685
2.102064 -0.119078
2.076460 -0.133966
2.099458 -0.049135
2.104704 -0.084872
2.075792 -0.101926
2.049607 -0.089598
2.051056 -0.117902
2.027524 -0.105658
2.027982 -0.131842
2.007959 -0.120436
-0.606735 -0.612476
-0.666219 -0.803149
-0.791414 -0.910312
1.072073 2.447550
-1.779960 -0.197656
-1.777542 -0.243893
-1.784681 -0.296983
-1.834415 -0.317150
-1.849651 -0.371661
-1.726952 0.006692
-1.773944 -0.069481
-1.799522 -0.160995
-1.822701 -0.215376
-1.881326 -0.334923
-1.897314 -0.387575
-1.873325 -0.431675
-1.771636 -0.018711
-1.811512 -0.041972
-1.817314 -0.087438
-1.849795 -0.062330
-1.785133 -0.117855
-1.830726 -0.130449
-1.857285 -0.097899
-1.867473 -0.130655
-1.896944 -0.120670
-1.903264 -0.149755
-1.835828 -0.172859
-1.864828 -0.201156
-1.871194 -0.161499
-1.899312 -0.185252
-1.930382 -0.202824
-1.899014 -0.221705
-1.863066 -0.241843
-1.824969 -0.265394
-1.869235 -0.286574
-1.902354 -0.260381
-1.911116 -0.302640
-1.926083 -0.348617
-1.927351 -0.442885
-1.983839 -0.442352
-1.945526 -0.396318
-1.951666 -0.497800
-2.003369 -0.495672
-1.933165 -0.236671
-1.939352 -0.273701
-1.974755 -0.282391
-1.950726 -0.313373
-1.988955 -0.315380
-1.970666 -0.353682
-2.008798 -0.342730
-2.026515 -0.371058
-1.991072 -0.391619
-2.031020 -0.415826
-2.080640 -0.427527
-2.041966 -0.461812
-2.053210 -0.518926
-1.921894 -0.555518
-1.993609 -0.556462
-1.951438 -0.622801
-2.018010 -0.622418
-2.065100 -0.578536
-2.112249 -0.530799
-2.130064 -0.592836
-2.080992 -0.654739
-2.151284 -0.659597
-2.170607 -0.731107
3.295289 3.046421
3.164510 2.658923
-1.166831 2.195515
1.465837 0.770180
1.330808 0.814683
1.232087 0.709813
1.365017 0.691544
1.283234 0.594395
1.480054 0.646482
1.470320 0.533234
1.422315 0.446903
1.392853 0.581463
1.346885 0.496812
1.316619 0.402439
1.395027 0.356392
1.354560 0.289667
1.199236 0.375560
1.279250 0.319985
1.193192 0.262960
-1.960986 -0.214356
-1.965263 -0.247678
-1.988065 -0.224815
-1.996137 -0.257744
-2.011630 -0.290312
-2.027005 -0.261709
-2.047352 -0.288014
-2.033034 -0.318412
-2.074712 -0.313399
-2.091827 -0.352496
-2.054482 -0.345309
-2.066905 -0.385326
-2.111673 -0.390595
-2.134231 -0.355010
-2.158786 -0.388953
-2.130515 -0.432831
-2.180108 -0.435623
-2.206688 -0.487109
-2.095224 -0.475912
-2.150132 -0.482731
-2.173147 -0.538715
-2.237964 -0.541030
-2.273733 -0.600740
-2.207212 -0.392771
-2.231592 -0.438996
-2.330322 -0.469420
-2.267795 -0.485120
-2.305298 -0.537173
-2.303553 -0.669686
-2.353485 -0.599513
-2.434867 -0.640771
3.745840 0.753092
3.698474 0.492198
-2.003651 -0.696220
-2.108888 -0.826518
-2.091908 -0.733372
-2.198206 -0.805549
-1.821483 -0.682452
-1.906852 -0.688435
-1.848720 -0.774836
-1.941470 -0.756713
-2.021692 -0.788096
-1.932958 -0.843641
-1.944177 -0.953646
-2.023678 -0.886665
-2.097860 -0.944961
-2.185863 -0.896251
-2.183422 -1.014752
-2.276169 -0.932891
-3.692893 -1.912539
1.331666 2.307432
1.330875 2.033853
1.064349 2.146180
-2.955128 -2.613543
-3.221749 -2.737657
4.166319 1.777290
3.609755 1.176556
3.365129 1.128158
3.539061 0.910642
3.314342 0.933434
3.134889 1.046657
3.144365 0.833075
4.399190 0.169354
-0.727675 0.076512
0.420050 1.705728
0.108262 1.567469
-3.050217 -0.132139
-3.049700 -0.255851
-3.151150 -0.043723
-3.172135 -0.182849
-3.162915 -0.327496
-3.407765 -0.541815
4.234983 -2.732521
0.588347 1.288210
-1.558946 1.629245
-1.413022 1.462528
-1.199701 1.482552
-1.317276 1.288279
-1.608713 1.453072
-1.525290 1.282621
-1.581671 1.134263
-1.032407 -1.385072
0.942274 -1.479219
0.852100 -1.686340
1.079695 -1.628645
1.000005 -1.852468
0.734509 -1.911220
2.180086 -0.644087
2.128266 -0.796181
2.230688 -0.575244
2.156275 -0.568365
2.085054 -0.553158
2.102931 -0.625571
2.034665 -0.606259
1.975795 -0.599014
2.113797 -0.705769
2.033389 -0.676067
1.963554 -0.661478
2.035917 -0.758631
1.953282 -0.729534
1.955917 -0.816006
2.046283 -0.857727
1.953340 -0.916239
-2.104205 -2.599663
1.615728 -1.686682
1.432750 -1.714087
1.416674 -1.912075
1.474981 -1.523912
1.285921 -1.565219
1.229243 -1.776761
1.185324 -2.005926
3.536266 -2.660874
-0.325920 -1.438959
2.131349 -1.653433
3.948570 1.571520
0.702946 -0.255967
0.547706 -0.286944
0.488474 -0.455726
0.295350 -0.494687
0.086157 -0.537418
-1.987622 -3.234702
1.397223 -2.128275
1.157835 -2.269815
0.896238 -2.398314
1.539656 2.862614
4.459028 -4.462173
0.508334 3.209269
1.483618 -0.961948
1.411254 -1.115784
1.318305 -1.203580
1.180085 -1.254481
1.148322 -1.429765
1.005175 -1.294178
0.167962 -0.920394
0.321089 -1.082608
0.084902 -1.156513
3.416836 -2.279494
3.129168 -2.415405
-1.602222 -2.022947
-1.691733 -2.308184
-1.958284 -2.346265
-1.805021 -2.607508
-0.503401 0.370115
0.259450 0.796896
0.038069 0.786900
-0.011923 0.526309
-2.736963 -1.879439
-2.668083 -2.097328
0.113620 -1.916931
-0.216355 -1.945183
-0.017173 -1.403444
-0.118467 -1.668107
-0.623800 -4.093761
2.993079 -3.207433
3.064645 -4.024921
4.480867 -3.940596
3.689123 -3.437142
0.466924 2.790969
4.412532 -0.136618
0.807800 -3.968120
-1.251598 1.915889
-1.331142 1.676106
-3.263950 -0.904353
-3.383143 -1.045239
-3.244532 -1.115865
-3.453255 -1.230601
-3.522414 -1.437377
-0.352632 -0.996383
-0.438604 -1.219906
3.808738 1.001016
-0.637934 2.555468
4.153452 0.553214
3.532799 3.912678
-0.589816 0.975525
4.626136 -2.873641
0.444603 0.164930
0.340946 0.017261
2.283362 -0.156844
2.252442 -0.063737
2.210047 -0.087236
2.247008 -0.117985
2.201968 -0.133533
2.185728 -0.175618
2.159026 -0.142982
2.141931 -0.177462
2.115202 -0.151740
2.103414 -0.186782
2.233263 -0.169422
2.211990 -0.215095
2.167670 -0.215204
2.129348 -0.216011
2.122584 -0.253520
2.211614 -0.256514
2.165488 -0.253995
2.144417 -0.295720
2.101392 -0.291734
2.076190 -0.324294
2.191118 -0.298616
2.169468 -0.344035
2.120421 -0.335992
2.086848 -0.369232
3.559975 3.426552
1.957112 -3.588121
-1.217513 1.124090
-1.414551 1.120849
-1.306409 0.974964
-1.468460 0.970071
-1.136130 0.952967
-1.237054 0.814304
-1.386408 0.844094
-1.376578 0.731433
-2.283265 -3.496550
-3.958687 -0.578310
-4.156517 -0.774867
-4.422785 -0.715644
3.210872 1.791448
3.185279 2.071106
2.836597 2.546413
0.428371 -0.639523
0.246497 -0.709216
0.008407 -0.746694
-0.157018 -0.572885
-0.250244 -0.779118
2.469549 -1.703685
2.267859 -1.789457
2.034036 -1.855716
-0.367700 -2.534200
4.395410 2.502827
2.996872 0.728735
2.861886 0.659036
2.878943 0.520080
3.012979 0.550710
2.742836 0.575294
2.759519 0.442434
2.653785 0.373997
2.640644 0.492840
2.546335 0.418824
2.554349 0.317849
2.469531 0.298107
2.397571 0.241598
-2.796279 1.121538
-2.813731 0.954071
-1.347027 -1.264771
-1.507538 -1.223880
-1.465189 -1.412934
-1.617732 -1.311507
-1.671724 -1.464314
4.215393 2.967522
3.757351 3.021042
4.372752 1.099909
4.349407 0.793693
-4.720716 0.322777
-4.724809 0.012992
1.380387 -0.210401
1.308125 -0.241370
1.308185 -0.321495
1.236029 -0.297260
1.218566 -0.397817
1.145536 -0.324893
1.116894 -0.424256
-0.864594 -1.542843
-0.959359 -1.765576
-0.623124 1.221699
4.125995 -0.849366
3.860153 -0.926223
-1.207852 2.920324
-1.315965 2.613970
4.253975 1.419238
3.906302 0.115705
3.927901 -0.138834
3.711000 -0.017133
3.724748 -0.262393
1.798635 3.621256
1.123245 1.594408
1.033553 1.377358
-0.877005 -0.401519
-0.983520 -0.477526
-1.109793 -0.548904
-1.256109 -0.557503
-1.207949 -0.653914
-1.328284 -0.701623
0.852210 2.989336
-3.808740 -1.032485
-3.680205 -1.245822
-4.062455 -1.010376
-4.187441 -1.238348
2.464633 -0.123665
2.402740 -0.115448
2.339836 -0.136914
2.388374 -0.181674
2.322899 -0.197734
2.450385 -0.190992
2.368042 -0.245566
2.329650 -0.303148
2.262183 -0.214983
2.303587 -0.254431
2.254815 -0.273917
2.229087 -0.320905
2.213269 -0.366723
2.138738 -0.386822
2.863473 -2.581166
2.368919 -2.930303
2.187202 -3.250503
-0.201109 0.678936
-0.288542 0.456715
1.782796 -2.741942
1.582588 -2.978661
1.383519 -3.243772
3.974423 -3.999776
4.173860 -3.119970
-1.015896 3.231354
-3.378998 2.051071
-3.695221 2.027530
-3.782151 1.719297
-1.789265 3.557727
-0.865851 -0.045985
-0.979034 -0.154387
-0.843512 -0.212174
-0.961572 -0.304407
-1.078232 -0.391194
-1.188801 -0.321763
-1.204077 -0.445345
-0.928510 -2.307661
-0.475636 -0.798657
-0.592115 -1.009912
-0.796988 -1.106144
3.028645 4.052230
2.044233 -2.092006
2.619637 -3.979621
-0.024729 -2.229877
3.828238 -1.734809
-3.392637 -4.454855
-3.046314 2.551200
0.876419 1.554619
0.815896 1.339080
-1.413456 2.351373
3.795401 -3.027807
-0.381263 1.114573
-0.392195 0.844613
-0.597427 0.740683
-2.583577 2.937936
-2.690707 2.627633
3.097372 -1.197970
-3.314023 1.508279
-3.565472 1.519244
-3.430601 1.293228
-3.662432 1.256715
-3.497084 1.075853
-3.901126 1.143724
1.863814 -0.856327
1.852792 -0.965274
1.880473 -0.673946
1.874595 -0.764387
1.777681 -0.794528
1.770223 -0.894442
1.744696 -1.009536
1.675142 -0.938851
1.607810 -1.017556
1.513882 -1.076505
1.686180 -1.115511
1.569818 -1.173939
1.463523 -1.246813
2.028940 2.500854
1.657024 -3.922085
-0.757456 -0.322634
-1.838413 3.119179
-4.598112 2.852606
3.535352 -1.707403
-0.312223 -4.525995
-1.884610 -4.238862
-1.785713 -1.335749
-1.844085 -0.888606
-1.838702 -1.008485
-1.941954 -1.083343
-1.834238 -1.145837
-1.888026 -1.258792
-1.997694 -1.356099
-1.872018 -1.476541
-2.049609 -1.534207
-2.395301 0.708595
-2.526537 0.961510
-2.574862 0.833415
-2.456951 0.803946
-2.517670 0.709370
-2.457157 0.615125
-2.564890 0.607186
-2.668791 0.593054
-2.636109 0.708992
3.191197 -0.343905
3.227406 -0.165779
3.092209 -0.226884
2.996347 -0.299218
2.867330 -0.269275
3.048157 -0.424733
3.181974 -0.521771
2.960778 -0.717196
1.501734 1.658632
0.940306 -2.100262
0.686094 -2.195452
0.706595 -2.598934
-1.577932 2.868690
1.915338 0.245784
1.898478 0.207832
1.858030 0.190611
1.822477 0.166459
1.791043 0.139757
1.893541 0.165230
1.858600 0.146040
1.827985 0.123845
1.801229 0.100568
1.765413 0.109076
1.766659 0.068875
1.721495 0.050052
1.923914 0.141605
1.890453 0.125043
1.859639 0.106281
1.831171 0.084896
1.788350 0.075473
1.788056 0.041037
1.755829 0.043060
1.734967 0.017088
1.698998 0.018064
1.718819 -0.011979
1.682851 -0.016176
1.862000 0.241685
1.818809 0.214992
1.781626 0.185212
1.750176 0.153589
1.725501 0.119830
1.739796 0.081305
1.700539 0.085044
1.678574 0.051072
1.657903 0.015354
1.682983 0.125823
1.655702 0.089383
1.632118 0.051752
1.612867 0.009022
1.643189 -0.023165
1.598189 -0.033886
1.594388 -0.075306
1.921263 0.105660
1.890372 0.090181
1.862883 0.072752
1.840093 0.052348
1.811331 0.060461
1.768172 0.014794
1.751459 -0.009938
1.708042 -0.042668
1.971684 0.063396
1.947044 0.084675
1.917761 0.073041
1.891150 0.059238
1.867887 0.043247
1.819105 0.029981
1.942716 0.054806
1.916388 0.044340
1.915342 0.018759
1.893070 0.031847
1.872684 0.017588
1.847486 0.025381
1.830268 0.006443
1.811488 -0.004405
1.797626 0.014292
1.782833 -0.008929
1.769430 -0.030946
1.760798 -0.056515
1.739708 -0.037460
1.701071 -0.073572
1.672997 -0.052275
1.636121 -0.062165
1.667765 -0.091333
1.625164 -0.099871
1.603670 -0.134535
1.562144 -0.002676
1.546027 -0.056038
1.569105 -0.104929
1.555535 -0.150119
1.482933 -0.064968
1.518847 -0.108223
1.459628 -0.122376
1.503275 -0.164342
1.894896 0.007515
1.877097 -0.005218
1.855333 0.001747
1.839501 -0.013740
1.822926 -0.023658
1.798719 -0.025891
1.787668 -0.047012
1.914286 -0.004337
1.897071 -0.014091
1.881166 -0.024764
1.861479 -0.019809
1.846774 -0.031332
1.833346 -0.041643
1.812159 -0.043879
1.804366 -0.063959
1.781633 -0.070693
1.756841 -0.083599
1.731671 -0.067009
1.732759 -0.095012
1.739710 -0.118615
1.706432 -0.101102
1.683635 -0.125031
1.713463 -0.130042
1.675502 -0.157599
1.648468 -0.129075
1.636058 -0.167008
1.630810 -0.209887
1.593771 -0.181294
1.546574 -0.201258
1.589185 -0.230857
1.588089 -0.282998
1.495033 -0.224287
1.444996 -0.185111
1.439351 -0.252567
1.542843 -0.257134
1.495158 -0.289189
1.439760 -0.323765
1.377515 -0.362248
1.376869 -0.284207
1.301344 -0.393579
-1.473708 -0.315546
-1.493407 -0.406332
-1.553760 -0.339053
-1.577087 -0.420176
-1.651535 -0.431186
-1.701112 -0.508653
-1.529944 -0.492393
-1.622643 -0.496985
-1.574425 -0.571732
-1.652519 -0.580934
-1.725836 -0.582099
-1.649161 -0.660679
-1.731973 -0.657661
-1.776649 -0.524096
-1.800169 -0.601196
-1.772359 -0.459505
-1.832462 -0.478173
-1.892831 -0.492567
-1.849913 -0.544482
-1.875773 -0.614901
1.441985 -0.399349
1.371440 -0.444657
1.286130 -0.478703
1.195516 -0.512104
1.454774 -0.476026
1.386770 -0.518960
1.313417 -0.554365
1.384706 -0.608215
1.253507 -0.608619
1.325330 -0.687354
1.213149 -0.718902
1.087322 -0.740483
1.014529 -0.859532
1.868713 -1.459818
1.247764 3.133013
-4.394199 1.111570
-4.681103 0.943491
-3.134143 3.626801
-2.210128 1.245766
-2.284142 1.099271
-2.396642 1.032470
-2.291787 0.941719
-2.412318 0.895454
3.954087 2.619255
3.543570 2.667795
-1.560336 -4.559687
3.532511 -0.370885
3.507523 -0.586057
3.318082 -0.649251
-4.060052 0.722885
-4.635347 -2.278154
-0.876989 1.259032
-1.016070 1.100276
0.842245 -0.847154
0.763526 -1.013714
0.544137 -1.016623
0.674088 -1.183369
0.464738 -1.231863
-2.938172 -2.927377
2.861140 -1.733592
-4.086171 -1.521860
4.680358 -0.955753
4.656530 -1.304343
-0.070739 -0.355694
1.651694 -1.272205
1.542599 -1.364720
1.343833 -1.374704
3.190874 -1.409295
3.043066 -1.585862
-3.973503 3.975998
-0.551483 -3.229939
2.166061 -4.587990
1.798726 2.654648
3.030055 -0.584415
2.918752 -0.521249
2.799444 -0.744949
2.900672 -0.389354
2.767154 -0.359697
2.807942 -0.469464
2.852847 -0.622496
2.703029 -0.655574
2.688035 -0.449887
2.751890 -0.558583
2.630157 -0.550061
2.580702 -0.658423
2.653891 -0.766357
2.525719 -0.764974
2.737707 -0.878356
2.589405 -0.880092
2.657604 -1.006696
2.562279 -1.134076
1.347033 3.545314
0.126112 0.036445
4.674511 0.966644
4.151564 0.007651
-1.628254 -0.359471
-1.519558 -0.038133
-1.551129 0.034818
-1.584915 -0.159752
-1.593987 -0.026294
-1.628076 -0.078996
-1.593842 0.099423
-1.624105 0.033688
-1.667842 -0.025049
-1.725568 -0.048717
-1.685248 -0.088967
-1.639419 -0.136711
-1.700721 -0.148061
-1.737266 -0.104586
-1.751416 -0.156848
-1.724899 -0.208811
-1.605486 -0.218157
-1.661799 -0.190486
-1.672329 -0.248645
-1.680972 -0.311864
-1.696578 -0.377157
-1.713329 -0.446787
-1.730514 -0.271173
-1.741712 -0.332637
-1.797748 -0.354002
-1.758210 -0.395594
-1.818192 -0.414197
-1.298599 -0.367347
-1.328749 -0.472239
-1.440030 -0.791922
-1.402504 -0.390912
-1.432564 -0.489551
-1.480143 -0.580386
-1.367919 -0.588072
-1.453044 -0.680732
-1.561313 -0.659200
-1.536259 -0.879304
-1.557580 -0.759375
-1.659837 -0.745175
-1.748673 -0.739547
-1.651403 -0.846490
-1.755569 -0.827354
-1.594457 -1.118247
-1.624631 -0.973113
-1.738904 -0.935259
-1.722926 -1.061881
-1.710923 -1.203226
3.555105 -3.910689
-0.268987 3.219930
-3.447818 -0.193262
-3.610151 -0.291850
-3.795612 -0.193741
-3.778610 -0.416947
-3.737872 -0.632002
0.723333 0.297365
0.854969 0.383856
0.871211 0.238271
0.786738 0.134813
1.118010 0.188728
1.049524 0.091225
0.926808 0.110295
0.850534 0.002705
0.703176 0.006895
0.639601 0.146250
0.534981 0.022802
0.616739 -0.126619
-4.446606 -0.419665
-1.588842 0.998633
-1.722630 1.013555
-1.798196 0.907647
-1.865867 0.801559
-1.652866 0.879384
-1.743204 0.783226
-1.818366 0.691381
-1.925901 0.703595
-1.885818 0.607302
-1.984701 0.804417
-2.030132 0.699676
-1.983932 0.615912
-2.123631 0.691694
-2.089382 0.602203
-2.169398 0.546953
-1.943456 0.529979
-2.024611 0.540463
-2.161021 0.462623
-2.193037 0.636732
-2.260467 0.578281
-2.319206 0.514042
-2.367784 0.449820
-2.007695 0.461056
-2.092619 0.505809
-2.087871 0.430274
-2.152487 0.391177
-2.093345 0.359529
-2.146586 0.325945
-2.193359 0.288932
-2.145309 0.267733
-2.206382 0.347646
-2.237193 0.490251
-2.222607 0.412173
-2.274209 0.351876
-2.243254 0.295315
-2.249130 0.242089
-2.300554 0.287325
-2.294506 0.428730
-2.399769 0.385426
-2.477585 0.369478
-2.336043 0.368932
-2.354705 0.312718
-2.360996 0.253035
-2.414575 0.320433
-2.410934 0.527551
-2.509839 0.522613
-2.617159 0.504178
-2.635519 0.405123
-2.453637 0.449050
-2.543232 0.432785
-2.555918 0.344811
-2.635092 0.311794
-2.725588 0.358850
-2.810417 0.287902
-2.713367 0.260431
-2.727288 0.470578
-2.829134 0.396967
-2.920287 0.310833
-3.003883 0.218812
-2.783752 0.190367
-2.883005 0.197387
-2.973874 0.116349
-2.929776 0.022597
-3.033369 -0.008771
-4.071679 -1.907409
-4.311326 -2.105687
-2.192069 -4.562068
-3.405717 2.851631
-1.083900 0.783907
-0.924741 0.732072
-0.990436 0.605410
-1.123185 0.651289
-1.035207 0.475035
-2.034923 -1.018524
-2.097923 -1.104043
-2.224298 -1.142257
-2.366452 -1.161531
-2.157675 3.318769
-2.493276 3.291887
-0.594951 -3.643007
-4.579111 2.437948
0.107714 -2.887280
-3.478419 -3.933756
-0.119009 0.335604
-0.125486 0.070933
-1.201367 -0.782560
-1.221018 -0.931111
-1.254785 -1.117667
-1.322445 -0.837176
-1.415675 -0.923001
-1.327383 -1.000790
-1.416959 -1.110170
-1.502173 -1.017049
-4.380361 4.455266
4.100554 1.089693
4.041319 0.825474
0.369243 1.177446
0.152804 1.281287
-0.128578 1.276820
0.080685 1.042774
-0.166201 0.962990
3.894438 -2.668043
2.138619 -2.308454
-2.222114 2.956407
-2.308706 2.604501
-2.519902 2.343459
-1.954565 1.612460
-1.945305 2.749057
-3.191525 0.352532
1.868889 2.247392
-2.699926 -0.650906
-2.755915 -0.727917
-2.817366 -0.811996
-2.834062 -0.938478
-2.963393 -1.026393
-2.773615 -0.595431
-2.845024 -0.664283
-2.916294 -0.765637
-2.961597 -0.885007
-3.047882 -0.748966
-3.097076 -0.879441
-3.108476 -1.029729
-3.088090 -1.215188
4.084404 -3.550564
-1.852382 -3.628089
1.751727 -1.370183
1.654125 -1.483831
-2.935781 -1.544937
-3.112300 -1.419953
-3.136121 -1.640157
-3.368847 -1.704531
2.829100 -3.593147
1.969051 -0.136550
1.962778 -0.155413
1.935519 -0.183045
1.989943 -0.109075
1.975147 -0.119197
1.965345 -0.106478
1.949546 -0.108272
1.951204 -0.137926
1.957760 -0.122286
1.941704 -0.122704
1.934421 -0.136699
1.942548 -0.152278
1.950149 -0.170125
1.924470 -0.148699
1.930510 -0.164916
1.918289 -0.179470
1.915067 -0.196414
1.912840 -0.161104
1.902341 -0.175103
1.897154 -0.193164
1.889055 -0.213241
1.910214 -0.214476
1.898878 -0.233240
1.879904 -0.242446
1.876086 -0.196126
1.867484 -0.219326
1.852692 -0.241789
1.867620 -0.267882
1.836176 -0.266198
1.816054 -0.293090
1.827174 -0.326800
1.791380 -0.323595
1.811077 -0.369003
1.773816 -0.399824
1.771720 -0.354173
1.731204 -0.376698
1.727289 -0.425683
1.681796 -0.393427
1.674014 -0.446857
1.619694 -0.470479
1.601045 -0.530855
-1.631913 -2.904359
1.165189 0.837615
1.088271 0.705350
1.030902 0.567301
0.886066 0.532674
0.995877 0.433791
3.311361 0.343367
3.154345 0.270278
3.003611 0.247122
2.956056 0.129387
3.100416 0.106348
2.975328 -0.003612
2.859584 -0.065491
-1.670329 2.546938
3.677861 -1.459926
3.259312 -3.534395
0.015059 -0.142488
-0.214451 -0.162454
4.103342 2.245975
3.715994 2.293913
3.502215 1.985168
2.624019 1.975985
2.441716 1.842362
0.254812 -3.618159
0.691375 1.765819
0.630243 1.517401
-4.720788 -0.291801
-2.308287 -1.043527
-2.439226 -1.048673
-2.519110 -1.163194
-3.294612 -0.082237
-3.299388 -0.256472
-3.437896 -0.365101
-0.200874 3.706359
4.161089 -0.277475
3.929444 -0.401383
3.908179 -0.664781
3.712512 -0.504228
-3.852777 1.430551
-4.127061 1.291357
-4.135442 0.983081
-2.593965 -0.027104
-2.666918 -0.046709
-2.685066 -0.114427
-2.750186 -0.150877
-2.700648 -0.208275
-2.756567 -0.269676
-2.803777 -0.209598
-2.726010 -0.350553
-2.683287 -0.428042
-2.721748 -0.511547
-2.828046 -0.335221
-2.782807 -0.423290
-2.821761 -0.508770
-2.899164 -0.556923
-2.903499 -0.427834
0.896331 -4.469850
-0.303342 -0.382447
-0.395797 -0.588830
-1.543399 -1.599478
-1.752449 -1.629308
-1.641025 -1.784267
-1.928273 -1.688038
-1.809607 -1.865121
-2.133189 -1.725709
-1.853759 -2.094963
-2.017153 -1.903542
-2.243691 -1.929791
-1.414514 4.038375
-2.388579 1.230259
-2.577378 1.264443
-2.500136 1.112435
-2.649587 1.105458
-2.663948 0.965862
1.376754 1.234259
1.160162 1.207577
1.270594 1.086414
1.097281 1.010849
1.006904 0.844488
4.699318 -0.303581
4.413926 -0.444762
4.153698 -0.564362
-0.281052 2.789244
-3.584661 -0.486396
-2.217450 3.696850
-3.572247 2.344887
1.864520 -2.259301
1.674014 -2.448065
1.969108 -2.521758
1.453800 -2.676401
-4.194848 0.541518
-4.446763 0.463787
-3.923323 2.306504
-4.105726 -2.384431
3.640858 -2.006353
-3.696583 1.005987
-3.885054 0.876764
4.454281 4.428640
-2.371090 1.800256
-2.150837 1.713837
-2.275295 1.385879
1.721696 1.216276
-2.266292 -0.742070
-2.285765 -0.838650
-2.379173 -0.942247
-2.487787 -0.930709
-3.733239 3.122625
-2.870921 1.466462
-2.950756 1.268842
-3.087095 1.447866
-3.217026 1.297961
-3.294276 1.089019
0.363765 -3.205361
1.162233 0.585280
1.236658 0.483225
1.117845 0.457127
1.092225 0.319430
0.971690 0.316354
1.008916 0.206447
-4.710806 -2.777293
0.274379 -2.533010
1.909741 -1.310401
0.741036 -3.068403
2.042521 -0.352426
2.043439 -0.394651
1.997237 -0.397928
1.973566 -0.442670
1.919640 -0.442521
1.882698 -0.486696
1.839538 -0.529745
1.787530 -0.572578
1.727351 -0.617007
1.656037 -0.670967
2.032591 -0.443519
1.995804 -0.490426
1.938742 -0.490469
2.019316 -0.546014
1.960518 -0.543964
1.901773 -0.544058
1.852851 -0.594721
1.915042 -0.606574
1.802644 -0.642287
1.807644 -0.718554
1.739735 -0.690644
1.695900 -0.750422
1.681013 -0.837156
1.598454 -0.611729
1.566121 -0.680661
1.598580 -0.772772
1.583713 -0.888488
1.502412 -0.740191
1.492911 -0.839043
1.382436 -0.889021
-2.027704 -0.113681
-2.026564 -0.132091
-2.041867 -0.140147
-2.060565 -0.170649
-1.837200 0.046391
-1.858337 0.009191
-1.894633 0.001453
-1.880746 -0.030028
-1.912896 -0.030947
-1.910137 -0.058119
-1.937305 -0.062731
-1.918977 0.029054
-1.930367 -0.004394
-1.960210 -0.012123
-1.942127 -0.036580
-1.961028 -0.065814
-1.948319 -0.092124
-1.969973 -0.108600
-1.976626 -0.086101
-1.993563 -0.103855
-1.985597 -0.124160
-2.008255 -0.123427
-1.994107 -0.144994
-2.015261 -0.147469
-2.023585 -0.169120
-2.033784 -0.152753
-2.043960 -0.168172
-2.038223 -0.187900
-2.058406 -0.188408
-2.078692 -0.197538
-1.969123 -0.041127
-1.985118 -0.063594
-2.000692 -0.082645
-2.013279 -0.100469
-2.042678 -0.122486
-2.056287 -0.134048
-2.055267 -0.152384
-1.953236 0.019087
-1.982868 0.009611
-1.986177 -0.017894
-2.008796 -0.023501
-1.995088 -0.042230
-2.006983 -0.062211
-2.022429 -0.080427
-2.030901 -0.096882
-2.018988 -0.041757
-2.024786 -0.061427
-2.042477 -0.086382
-2.046189 -0.104812
-2.057324 -0.118096
-2.069839 -0.128317
-2.069756 -0.143348
-2.074001 -0.159662
-2.078322 -0.177424
-2.009567 0.001305
-2.026732 -0.014827
-2.038530 -0.050115
-2.040388 -0.002760
-2.053760 -0.019696
-2.036364 -0.030259
-2.053818 -0.040249
-2.039904 -0.069729
-2.055471 -0.075712
-2.057370 -0.091234
-2.062121 -0.104544
-2.075802 -0.105868
-2.071103 -0.115533
-2.082171 -0.121049
-2.082871 -0.134389
-2.084589 -0.148517
-2.097703 -0.147935
-2.093385 -0.164560
-2.096531 -0.184877
-2.099412 -0.207063
-1.881950 -0.061694
-1.888727 -0.091865
-1.917353 -0.086283
-1.924243 -0.112947
-1.951860 -0.122711
-1.969300 -0.139092
-1.952936 -0.156130
-1.978114 -0.165630
-2.001593 -0.168473
-2.014922 -0.188935
-2.035914 -0.209367
-2.057693 -0.208693
-2.080604 -0.220160
-2.101971 -0.232660
-2.125565 -0.244224
-2.054066 -0.059004
-2.069268 -0.081134
-2.071539 -0.094170
-2.093053 -0.122659
-2.095140 -0.134849
-2.110196 -0.155859
-2.111925 -0.173062
-2.116197 -0.193512
-2.120812 -0.217261
-2.068515 -0.066500
-2.063576 0.000223
-2.075455 -0.014724
-2.069905 -0.032375
-2.083501 -0.043140
-2.068535 -0.050340
-2.081441 -0.073318
-2.082071 -0.059028
-2.094222 -0.067050
-2.104966 -0.075091
-2.092905 -0.079840
-2.081824 -0.086222
-2.083954 -0.098196
-2.094092 -0.102813
-2.085964 -0.110576
-2.104320 -0.125573
-2.109422 -0.139031
-2.126898 -0.160691
-2.131263 -0.179474
-2.137340 -0.201438
-2.160650 -0.208366
-2.092498 -0.091395
-2.101216 -0.096547
-2.105613 -0.105543
-2.096812 -0.113135
-2.107097 -0.115621
-2.102895 -0.086610
-2.111058 -0.095545
-2.116979 -0.105784
-2.117280 -0.116362
-2.115825 -0.127743
-2.126483 -0.132335
-2.127970 -0.118859
-2.122449 -0.144791
-2.138897 -0.145635
-2.144825 -0.164299
-2.114267 -0.084298
-2.122482 -0.094516
-2.129651 -0.105828
-2.140927 -0.115855
-2.139237 -0.129370
-2.153077 -0.132307
-2.157157 -0.149283
-2.164707 -0.168256
-2.151727 -0.185016
-2.174188 -0.189589
-2.144542 -0.226409
-2.152473 -0.253858
-1.931200 -0.139917
-1.928924 -0.171236
-1.958040 -0.184944
-1.987546 -0.193700
-2.012480 -0.210482
-2.014069 -0.235016
-2.037606 -0.232744
-2.059933 -0.230896
-2.054893 -0.257501
-2.080425 -0.247327
-2.103617 -0.261638
-2.130598 -0.274106
-2.138591 -0.306742
-2.077557 -0.277981
-2.105065 -0.293180
-2.112806 -0.325182
-2.158824 -0.333101
-2.186712 -0.213256
-2.202259 -0.240823
-2.100706 -0.015088
-2.088052 -0.025645
-2.098936 -0.036803
-2.096285 -0.052766
-2.111365 -0.047086
-2.107878 -0.061906
-2.117867 -0.071691
-2.122733 -0.057912
-2.126675 -0.081991
-2.132130 -0.068633
-2.140393 -0.078099
-2.135469 -0.092356
-2.150428 -0.088171
-2.144639 -0.102800
-2.159824 -0.101638
-2.154425 -0.117517
-2.169865 -0.116644
-2.169783 -0.132741
-2.176709 -0.150730
-2.186481 -0.170251
-2.189277 -0.132519
-2.197855 -0.151393
-2.211155 -0.167092
-2.198765 -0.190277
-2.214213 -0.212289
-2.224238 -0.184961
-2.234062 -0.233979
-2.171666 -0.234294
-2.183258 -0.263149
-2.257238 -0.259129
-2.224743 -0.265970
-2.161124 -0.283626
-2.186347 -0.355125
-2.177227 -0.307645
-2.201451 -0.286173
-2.237638 -0.301930
-2.206235 -0.323774
-2.236175 -0.350653
-0.528257 -1.959838
-4.689661 -0.905534
2.863437 -4.516448
-1.749778 1.725811
-0.636821 3.490042
2.950552 1.921955
-0.321391 1.998354
-0.436384 1.768783
2.607413 -2.372559
2.539723 -2.664567
2.330384 -2.476617
2.172360 -2.683665
4.598591 -1.706630
-0.067882 2.172808
-4.526463 -4.020880
1.933158 2.940329
-3.785156 -1.476378
-3.889738 -1.726938
-3.427071 -1.933235
-3.554287 -2.187638
-3.740828 -2.443041
0.140022 3.440051
-1.403475 3.641788
2.384855 -3.604807
2.654997 -1.624057
2.658259 -1.847434
-4.193714 2.593292
-2.618066 -1.299790
-2.752659 -1.429139
-3.990586 -0.094478
-3.986208 -0.338288
-4.210949 -0.247168
-4.194548 -0.512354
0.183583 0.401465
2.793033 4.516463
3.898244 1.975051
3.896782 1.280994
-1.385486 -3.584132
1.999230 -2.935796
1.798270 -3.220675
1.535113 -3.538453
3.309116 -1.215499
0.855436 -0.644829
0.790896 -0.366263
0.660955 -0.421728
0.760647 -0.541880
0.732410 -0.717365
0.661319 -0.877609
0.608633 -0.591259
0.548351 -0.766829
0.399234 -0.868194
-0.983039 4.043461
3.529289 0.652492
3.341026 0.742419
3.164960 0.640592
3.336109 0.539948
3.165864 0.454635
3.018193 0.389753
-4.601191 -3.308072
2.085523 -0.159453
2.052005 -0.146586
2.061570 -0.170716
2.038396 -0.180377
1.996400 -0.219417
1.973083 -0.233314
1.965649 -0.261993
1.951577 -0.292273
2.029616 -0.156710
2.011810 -0.173573
2.017483 -0.200358
1.973600 -0.204459
1.945695 -0.241578
1.932743 -0.267128
1.917602 -0.294244
1.866958 -0.324669
2.072121 -0.196280
2.046535 -0.206648
2.058227 -0.234127
2.023854 -0.229707
1.999077 -0.252742
1.985108 -0.286800
1.938066 -0.325668
2.091660 -0.222777
2.081592 -0.257625
2.036919 -0.258617
2.017775 -0.283911
2.059166 -0.284130
2.037515 -0.314021
2.004224 -0.320289
1.972225 -0.321676
2.005823 -0.355801
1.902903 -0.326321
2.005764 -0.146966
1.989572 -0.131374
1.981777 -0.150712
1.990046 -0.167012
1.971128 -0.176537
1.992677 -0.190795
1.954309 -0.191790
1.952232 -0.216203
1.933371 -0.201890
1.928104 -0.222951
1.917421 -0.244306
1.899445 -0.265131
1.884744 -0.294464
1.849892 -0.295550
1.847789 -0.355387
1.966732 -0.358758
1.925174 -0.362084
1.948274 -0.400273
1.900897 -0.399637
1.885462 -0.360370
1.854847 -0.392847
1.818094 -0.419267
1.775794 -0.451307
-0.654279 3.009135
1.144806 -0.622006
1.075933 -0.528668
1.020515 -0.639663
0.941879 -0.556534
0.937738 -0.736868
2.185430 -1.302340
2.175388 -1.469975
2.898306 -0.867340
2.821399 -1.012717
1.282386 -4.088434
3.979000 -2.020713
2.357296 2.454976
-1.218224 -2.474246
-1.511676 -2.562274
-1.279056 -2.804502
-3.295990 3.219406
-0.636076 -2.231346
-3.365471 -2.449435
-3.579577 -2.746728
-3.969392 -2.748672
-3.754188 -3.104975
-1.875631 4.027668
2.253476 3.665752
2.115595 3.253188
-1.437509 3.249177
-2.157646 -3.921243
0.486591 -2.812218
4.737468 -2.099345
2.284907 1.987007
2.165678 1.800208
-4.376023 -1.022763
3.536873 -0.154334
3.366273 -0.261902
3.347369 -0.452526
0.398889 0.538827
-2.195917 0.239861
-2.221393 0.194171
-2.265608 0.189708
-2.304454 0.226900
-2.310103 0.170505
-2.331733 0.134518
-2.179972 0.194603
-2.274861 0.142841
-2.296666 0.111501
-2.323267 0.082129
-2.361814 0.100004
-2.354567 0.051010
-2.389511 0.017114
-2.438824 -0.002309
-2.482781 -0.086216
-2.351070 0.194853
-2.379016 0.151432
-2.397709 0.065039
-2.412164 0.109131
-2.460865 0.093941
-2.439250 0.048856
-2.513652 0.072694
-2.486246 0.027913
-2.485740 -0.031173
-2.534333 0.000349
-2.539459 -0.063335
-2.602257 -0.098283
-2.189972 0.154217
-2.173281 0.121277
-2.211143 0.115562
-2.233779 0.148939
-2.251219 0.103078
-2.282260 0.072396
-2.312106 0.042262
-2.340843 0.011191
-2.362368 -0.023304
-2.400040 -0.028806
-2.184861 0.088448
-2.218392 0.078674
-2.248029 0.060031
-2.275129 0.034055
-2.300593 0.005593
-2.322310 -0.025425
-2.345582 -0.057582
-2.388105 -0.069242
-2.437796 -0.055590
-2.470721 -0.138600
-2.530007 -0.123039
-2.127059 0.110597
-2.152133 0.095593
-2.124041 0.075522
-2.157425 0.066688
-2.189307 0.057857
-2.217866 0.043819
-2.242810 0.023905
-2.265893 -0.000087
-2.286294 -0.027471
-2.137151 0.045480
-2.165112 0.039877
-2.191725 0.028504
-2.214140 0.012083
-2.235218 -0.007277
-2.254667 -0.030066
-2.271388 -0.057224
-2.303807 -0.057350
-2.319721 -0.085556
-2.353164 -0.096416
-2.387875 -0.112423
-2.430837 -0.103315
-2.147439 0.019395
-2.169482 0.014761
-2.188342 0.000590
-2.207510 -0.015382
-2.225572 -0.033896
-2.242059 -0.055257
-2.282182 -0.088843
-2.369130 -0.143781
-2.454539 -0.186349
-2.511772 -0.184395
-2.575402 -0.164122
-2.640374 -0.163863
-2.558490 -0.223190
-2.136662 -0.000016
-2.162226 -0.006484
-2.182232 -0.022600
-2.215620 -0.057312
-2.230301 -0.078159
-2.253772 -0.080945
-2.305808 -0.111761
-2.121168 -0.011608
-2.112938 -0.029547
-2.130608 -0.026023
-2.145591 -0.018398
-2.162236 -0.030718
-2.127376 -0.043109
-2.144559 -0.038983
-2.158104 -0.051749
-2.177470 -0.045416
-2.199592 -0.039158
-2.171404 -0.065582
-2.192284 -0.061162
-2.206917 -0.078891
-2.198162 -0.097608
-2.223459 -0.099139
-2.230281 -0.123153
-2.250543 -0.106294
-2.249709 -0.138360
-2.275625 -0.122944
-2.273972 -0.156377
-2.303021 -0.177734
-2.303858 -0.143778
-2.336553 -0.125539
-2.336011 -0.163952
-2.337438 -0.202600
-2.415078 -0.152220
-2.374350 -0.184511
-2.413020 -0.202415
-2.374451 -0.233865
-2.398608 -0.282402
-2.427809 -0.243686
-2.476916 -0.230661
-2.518500 -0.262428
-2.459003 -0.290898
-2.517290 -0.321041
-2.508565 -0.397056
-2.584797 -0.293234
-2.561035 -0.365909
-2.636480 -0.356384
-2.622315 -0.228984
-2.669281 -0.285730
4.131414 0.291825
3.936203 4.405463
-1.521807 0.833754
-1.496984 0.699055
-1.600141 0.624767
-1.498271 0.567343
-1.594473 0.511062
-1.621017 0.745952
-1.709434 0.665005
-1.787038 0.588677
-1.688819 0.557029
-1.678912 0.457069
-1.765452 0.494007
-1.832204 0.436105
-1.886820 0.382647
-1.746789 0.325138
-1.681484 0.282032
-1.752621 0.406311
-1.815494 0.358023
-1.854682 0.518121
-1.916222 0.454684
-1.960936 0.396828
-2.031807 0.388394
-1.868592 0.312380
-1.807330 0.284952
-1.860041 0.248235
-1.748330 0.251251
-1.755983 0.186107
-1.772409 0.132856
-1.807443 0.217712
-1.860019 0.189241
-1.815332 0.158548
-1.823974 0.106411
-1.865226 0.134776
-1.863147 0.081745
-1.880990 0.040328
-1.899168 0.107862
-1.907833 0.067050
-1.945201 0.053180
-1.977502 0.041006
-1.904434 0.161996
-1.930712 0.131422
-1.938832 0.090493
-1.973985 0.075207
-2.004780 0.061262
-2.005236 0.030004
-2.028591 0.018235
-2.050441 0.018275
-1.930402 0.331618
-1.991238 0.337747
-2.045467 0.320734
-2.095552 0.295055
-1.970637 0.283376
-2.015963 0.277985
-2.058669 0.258516
-2.063999 0.209212
-2.102933 0.238687
-2.145432 0.218088
-2.108121 0.189840
-2.108383 0.143965
-2.146410 0.169789
-2.146603 0.136065
-1.916285 0.269921
-1.907480 0.216047
-1.963552 0.151010
-1.970746 0.112665
-2.004085 0.096997
-2.033618 0.077885
-2.032001 0.045916
-2.060714 0.063821
-2.056380 0.038766
-2.082922 0.044773
-2.098507 0.023559
-2.074898 0.020343
-2.087817 0.000753
-2.110332 0.004089
-1.943685 0.185419
-1.963663 0.231634
-2.014086 0.228831
-1.990963 0.184253
-2.030444 0.184356
-2.003518 0.139252
-2.039068 0.150443
-2.073890 0.167037
-2.071608 0.127979
-2.035886 0.113307
-2.064994 0.093381
-2.097340 0.103169
-2.091589 0.071815
-2.110273 0.047533
-2.123454 0.022075
-3.452659 0.224882
-3.131037 0.211117
-3.081018 0.092257
-3.279865 0.220418
-3.213114 0.075839
-3.363725 0.083155
-3.450721 -0.036323
-4.710378 -0.596930
2.648476 2.339047
-4.398132 -1.392220
-3.778973 2.687164
1.630829 1.514698
1.452893 1.405450
1.341917 1.553220
1.241735 1.383292
-2.437882 -1.286756
-2.518223 -1.418010
-2.617304 -1.536850
-1.026429 3.632450
1.665318 3.226891
2.648862 -1.434102
3.808312 -1.206973
3.946980 -4.459627
3.192065 1.516254
2.965605 1.645440
-2.818048 -4.559787
4.027205 3.434060
2.844656 2.912752
2.551606 2.687681
-1.074536 -1.987795
-1.166813 -2.199217
-1.435765 -2.257201
-3.804462 4.490791
1.023982 4.458783
-1.658561 -3.256950
1.419296 2.565300
-4.401396 -2.532187
-1.262021 -4.211939
0.998569 -0.436807
-2.934796 4.058477
1.894628 1.256011
1.832811 1.105337
1.678511 1.065575
1.656865 0.915689
1.784090 0.967208
1.874830 0.874097
1.885384 0.781206
1.755309 0.836030
1.678805 0.760860
1.492598 0.890014
1.589491 0.824735
1.585680 0.704280
1.800554 0.738402
1.726082 0.677923
1.846371 0.658071
1.779578 0.608901
1.725862 0.542829
1.661184 0.619629
1.566465 0.604155
1.559107 0.525097
1.686099 0.457246
1.641733 0.530005
1.606739 0.448269
1.517908 0.448396
4.638556 1.331205
2.725975 3.694959
2.463493 -1.283349
2.328581 -1.386309
3.625864 -0.987700
3.544294 -1.218893
3.083450 -2.841793
2.740132 -2.918364
2.584136 -3.249313
2.981552 -1.365030
2.834620 -1.513068
-4.087915 1.614786
-4.381852 1.457093
-4.683219 1.277560
-4.674528 -1.561227
-3.100580 1.168386
-2.954021 1.060990
-2.976724 0.887232
-3.124671 0.979783
-3.286528 0.882877
-3.130808 0.797153
3.130485 -2.114878
2.870870 -2.260229
3.153521 3.567495
0.109831 2.982161
1.407568 -2.384829
1.209605 -2.923200
-3.915095 -4.470779
1.772012 1.974077
1.710596 1.730849
1.531274 1.890467
-3.977212 -4.029116
0.524923 -2.385460
1.843367 -4.319880
0.987402 3.877564
-2.710678 4.521946
-0.955130 -3.022819
-2.417967 4.092341
-2.713700 0.828188
-2.855578 0.795003
-2.873844 0.645913
-2.754744 0.698583
-2.763973 0.577847
-2.856745 0.510207
-2.955309 0.430077
-2.992859 0.721005
-2.984388 0.565967
-3.092245 0.470285
-3.050769 0.334409
-1.532939 4.492213
-2.488117 -4.217732
-2.676587 -3.309647
-4.496119 3.898138
-0.925326 2.783432
-3.453618 4.023403
-0.431969 -0.205860
-0.518131 -0.406870
-0.257991 2.420564
-0.511896 2.206350
-0.049244 -2.540532
3.139825 -0.698382
3.071848 -0.857660
2.997517 -1.018335
-2.694369 -0.991284
-2.806682 -1.083416
-2.935825 -1.171106
-3.425252 -3.440637
3.503809 0.422275
3.461462 0.235269
3.673454 0.234243
0.793410 2.621614
3.158783 1.262347
2.744653 1.512917
2.975279 1.398586
2.938585 1.143992
2.805091 1.301567
2.794341 0.987030
4.128417 -2.346227
-3.930029 -1.259109
-2.834428 2.348921
2.726934 -1.150466
4.363429 -1.443417
4.175830 -1.710291
3.276294 -1.654670
3.353150 -1.938688
4.365188 -1.086083
4.057632 -1.118388
-0.327435 0.223600
-0.361890 0.005118
3.892197 0.352542
1.484031 -4.536751
0.970850 1.171834
0.906409 0.988222
0.936305 0.685668
0.831943 0.813713
2.166193 2.232657
2.021590 2.007982
1.935431 1.775137
1.827681 -1.087785
1.791524 -1.216928
4.154624 -1.331011
3.956255 -1.464150
1.152524 -0.131501
1.079700 -0.216136
1.216696 0.156485
1.153298 0.080205
0.984302 -0.007120
1.040836 -0.112650
0.914932 -0.113324
0.973629 -0.221249
0.774529 -0.119469
0.847373 -0.233735
1.047090 -0.321544
0.924901 -0.339186
0.864142 -0.465681
-0.662622 -2.517372
-2.123596 4.508614
1.116060 1.899688
0.962160 1.769506
-4.302408 -2.898562
-1.588803 -3.951433
-4.018781 1.946997
-4.358009 1.823387
-4.669905 1.639985
-0.660435 0.264738
1.867799 -0.436670
1.827500 -0.471784
1.780743 -0.508603
1.725485 -0.481610
1.726264 -0.545463
1.669404 -0.511355
1.663521 -0.581593
1.141435 -2.574552
0.915131 -2.801299
2.509657 -0.994651
2.418591 -1.113065
2.457947 -0.869404
2.377889 -0.972310
2.284911 -1.067975
2.313501 -1.216698
2.176951 -1.153254
3.511297 0.059670
3.367740 -0.058718
3.297036 0.142525
3.214292 0.001438
3.087231 -0.074852
2.956655 -0.156206
-3.163563 -1.887918
2.973186 0.929714
2.837608 0.817870
2.672848 0.861465
2.571556 0.750132
2.716490 0.716705
2.615550 0.621320
2.489049 0.650560
2.530377 0.534840
2.420388 0.565092
2.448779 0.466448
2.360128 0.646403
2.356416 0.497254
2.300177 0.558511
2.209445 0.534733
2.120893 0.516390
2.027711 0.421152
1.962783 0.387412
2.455689 0.377026
2.379771 0.324031
2.320832 0.269901
2.362283 0.409325
2.272608 0.454729
2.295863 0.355342
2.226872 0.385209
2.178697 0.448971
2.098073 0.431967
2.083767 0.361253
2.025785 0.360518
2.025634 0.305384
1.970726 0.326403
1.934494 0.287280
2.147576 0.370061
2.080648 0.305096
1.982448 0.265794
1.954619 0.224921
2.256581 0.294309
2.199722 0.259120
2.200893 0.325041
2.139070 0.297012
2.147471 0.231201
2.094223 0.247505
2.105858 0.191000
2.070307 0.157702
2.040422 0.255459
2.056618 0.205389
2.023958 0.169443
2.006740 0.217869
1.993078 0.138008
1.980427 0.183243
1.933070 0.185876
1.957711 0.153637
1.956760 0.118339
-0.921622 -4.512271
1.158615 2.761509
2.754888 -0.018263
2.655465 -0.064475
2.541326 -0.088380
2.530950 -0.172078
2.818563 -0.164097
2.733687 -0.118868
2.680872 -0.192287
2.611436 -0.135256
2.749429 -0.249812
2.600568 -0.235394
2.509807 -0.249823
2.431291 -0.256330
2.664170 -0.315163
2.609674 -0.401025
2.472404 -0.323885
2.392857 -0.319353
2.337582 -0.373801
2.424724 -0.389375
2.376434 -0.439889
2.303650 -0.443394
2.280270 -0.329615
2.263578 -0.387758
2.560954 -0.321206
2.558662 -0.480159
2.509098 -0.402635
2.451993 -0.483077
2.355465 -0.510019
2.271066 -0.509556
2.231275 -0.444919
2.188872 -0.409977
2.194767 -0.500401
2.148899 -0.448073
2.127887 -0.507735
2.090981 -0.417719
2.090223 -0.467525
2.053393 -0.499858
2.315931 -0.582585
2.479768 4.093464
2.145463 -3.991950
4.353168 -2.030888
-2.200083 -0.599255
-2.227020 -0.667276
-2.371267 -0.685438
-2.353302 -0.764236
-2.380753 -0.849689
-2.445143 -0.741014
-2.469243 -0.834616
-2.594454 -0.886837
-0.100919 -3.264817
-3.536169 -0.679474
-3.353123 -0.720726
-3.461323 -0.866547
-3.582516 -1.040546
-3.670706 -0.840357
3.719495 1.746289
3.442826 1.649244
1.953897 4.066075
-3.837031 0.270190
-4.005349 0.139163
-4.221508 0.013410
-2.765936 -1.653125
-2.947381 -1.786566
-4.284925 2.188157
-4.683264 2.055094
-0.643782 -2.842909
3.092323 -1.835638
0.579073 -1.386968
0.428023 -1.528287
0.172213 -1.610165
0.107095 2.561034
-1.715862 2.251779
-1.986949 2.428007
-1.971549 2.124018
-0.865146 0.519714
0.501267 3.696696
-0.422681 -1.693669
-2.703422 2.097425
-2.875612 1.881294
-3.020693 1.665111
-3.000142 2.133391
-3.152269 1.919683
-3.261639 1.707341
-3.486882 1.784580
-4.458531 -0.130220
2.569620 0.064759
2.481228 0.077996
2.477770 0.222997
2.461775 0.155320
2.406077 0.096371
2.421431 0.021629
2.499942 0.003907
2.473168 -0.055083
2.350366 0.056203
2.354342 -0.007840
2.294811 0.023120
2.411825 -0.047697
2.349782 -0.073105
2.299474 -0.036892
2.295454 -0.097458
2.456993 2.158931
0.404209 -4.009727
-1.469357 2.086783
2.468795 -4.346645
-0.440380 0.602779
-0.635841 0.518664
-1.109959 -1.580289
-1.340313 -1.592373
-1.440727 -1.797576
-1.212295 -1.783304
-1.342744 -2.004425
-3.325215 -1.489755
-3.594203 -1.665849
-0.220394 1.582166
-0.419116 1.383142
-0.564570 1.581652
2.615235 -1.282583
0.481230 0.910294
0.436668 0.724015
0.216291 0.599764
-4.556932 3.355372
3.659442 1.451070
3.400563 1.366352
0.906173 3.413833
3.992569 3.888746
-0.786995 -0.684045
-0.921541 -0.791211
-0.950399 -0.614849
-1.072105 -0.705038
-1.075168 -0.869266
-0.953715 -0.984864
-1.119212 -1.046264
-3.614160 3.565160
-4.155368 3.010193
-4.673441 -1.218225
1.238207 -0.193351
1.163519 -0.236023
0.731897 0.475577
0.570654 0.425870
0.558608 0.268235
0.053563 0.239306
0.290429 4.534292
4.682179 2.201235
0.523033 2.035673
0.219448 1.897597
-4.374580 0.778621
-4.695875 0.637201
0.697136 -3.520609
-1.985974 -2.903403
-2.991634 -4.085117
-3.361202 2.565628
-3.124198 0.626906
-3.241837 0.511872
-3.284507 0.695409
-3.408417 0.543342
-3.350347 0.372842
-3.531269 0.398525
2.513597 -0.568067
2.412824 -0.576164
2.362508 -0.663314
2.265895 -0.656647
2.203227 -0.729703
2.229028 -0.826908
2.146083 -0.900558
2.051934 -0.968607
1.946057 -1.032888
-4.327307 -1.723465
-4.644129 -1.903170
-1.035518 -3.861183
4.570928 -3.396958
-0.725013 -0.112543
-0.622520 -0.245925
-0.685090 -0.454574
-0.812741 -0.529246
-0.974039 -3.413388
-0.087300 -4.069025
1.789283 0.391628
1.729620 0.332544
1.678751 0.312762
1.647771 0.255153
1.548064 0.195741
1.492753 0.154935
1.441242 0.096766
1.902350 0.416461
1.851494 0.371066
1.788329 0.336280
1.766746 0.287081
1.715897 0.261194
1.683945 0.215241
1.615120 0.203845
1.595852 0.151729
1.547975 0.136618
1.556873 0.090534
1.500697 0.093963
1.470727 0.037847
1.817288 0.529923
1.762700 0.463084
1.723452 0.390941
1.653723 0.378550
1.611942 0.315620
1.580029 0.255083
1.536790 0.312508
1.509128 0.246098
1.462795 0.209030
1.419346 0.157558
1.367724 0.105144
1.324559 0.043695
1.907529 0.343529
1.879384 0.290703
1.836656 0.316654
1.817853 0.268619
1.771907 0.235244
1.734543 0.202638
1.703102 0.164006
1.655614 0.177302
1.640993 0.136218
1.605942 0.097399
1.583923 0.046656
1.529850 0.040808
1.506943 -0.012628
1.441378 -0.017361
1.402301 0.039516
1.414048 -0.075767
1.367218 -0.021474
1.337257 -0.087925
1.392608 -0.140052
1.318850 -0.162326
1.570769 0.379104
1.483521 0.374539
1.457909 0.299639
1.414097 0.249480
1.365851 0.197976
1.286133 0.227335
1.311180 0.144596
1.265694 0.083821
1.217926 0.030489
1.283531 -0.023514
1.253437 -0.107464
1.191421 -0.044750
1.103838 -0.015765
3.422756 -4.437883
-2.529766 1.625811
-2.318280 1.575293
-2.460202 1.416293
-2.657029 1.456145
-2.754769 1.287229
2.711678 1.140121
2.602626 1.001221
2.426605 0.999509
2.507537 0.874040
2.426972 0.756909
2.354750 0.869377
2.297365 0.743458
2.244006 0.638274
2.259058 0.983492
2.138052 0.923512
2.223819 0.837013
2.174086 0.719001
1.989463 0.766414
2.098407 0.801333
2.059921 0.685289
2.142819 0.612847
1.923735 0.693091
2.052772 0.581363
2.039678 0.494563
1.964487 0.460194
1.973322 0.631637
1.888197 0.584375
1.968205 0.541378
1.895094 0.496522
1.836456 0.445928
-2.107725 -2.127798
-2.367388 -2.142079
-2.238165 -2.364257
-2.440815 -2.521296
-2.334380 -2.772872
-2.534300 -2.297518
-2.682414 -2.614463
-2.635727 -2.917326
-2.657676 3.655226
-2.879797 3.252406
-3.007704 2.879930
-1.138578 0.221369
-1.223167 0.311992
-1.202067 0.110735
-1.268465 0.206532
-1.320153 0.109259
-1.271509 0.013621
-1.226421 -0.083661
-1.376180 0.021422
-1.344024 -0.074773
-1.299462 -0.156205
-1.421990 0.108708
-1.469158 0.030463
-1.512850 0.105964
-1.437019 -0.051944
-1.497754 -0.117994
-1.567444 -0.098605
-1.420535 -0.139232
-1.370819 -0.203925
-1.384488 -0.296072
-1.458585 -0.224406
-1.523498 -0.181858
-1.541542 -0.256102
-1.613794 -0.288111
-0.828003 -2.010264
0.611930 4.193016
-0.942278 4.493041
2.939251 3.254625
2.875816 -1.983970
2.635426 -2.099557
2.376383 -2.191514
4.528864 -2.432505
-0.064456 1.839319
-0.202114 -3.664865
-2.233309 2.261449
-2.185278 1.968409
-2.433853 2.055933
-2.611487 1.851663
-2.763455 1.659483
2.888522 0.392752
2.766475 0.315344
2.650363 0.263543
2.883483 0.272784
2.739480 0.207518
2.841903 0.174346
2.852230 0.052230
2.742966 0.097533
2.658574 0.037548
2.577859 -0.023709
2.558527 0.224133
2.639020 0.147748
2.540500 0.143371
-0.634735 -1.242346
-0.827419 -1.324976
-0.752857 0.401733
-0.925918 0.368676
-1.081829 0.343692
1.540412 -0.574191
1.498434 -0.636169
1.432753 -0.678664
1.400286 -0.774259
1.290611 -0.807244
1.361452 -1.016317
1.163645 -0.842160
1.255948 -0.936475
1.230749 -1.084152
1.113073 -0.976439
1.063012 -1.124156
0.479866 2.414129
0.222993 2.205042
-3.043004 -3.222538
-2.945276 -2.068652
-2.788233 -2.339025
-3.067255 -2.364236
-3.242371 -2.147374
4.695219 0.010130
2.905383 -1.173027
2.793237 -1.316793
4.470387 3.900461
0.321692 -4.484818
-2.131523 1.126821
-1.870351 1.230769
-1.869258 1.058472
-1.930422 0.920143
-2.000063 1.178202
-2.019185 1.027594
-2.066035 0.902367
-2.166570 0.992360
-2.100513 0.790601
-2.211006 0.748050
-2.195805 0.861743
-2.318205 0.803393
-2.289575 0.681169
-2.354832 0.604967
-0.728502 1.429525
-0.805864 1.695113
-0.966379 1.481644
-1.101002 1.290305
2.191069 4.524375
-3.890934 -2.129111
2.613739 1.309913
2.516190 1.145538
2.336185 1.127213
2.165699 1.108481
-0.556061 3.981835
-3.260302 4.505285
4.577507 1.715969
-0.289388 -2.880300
2.445674 -1.935971
2.228091 -2.007899
4.696252 0.320506
2.051123 -1.227647
2.041203 -1.371731
-0.828625 0.232740
-0.911202 0.098034
-0.991742 0.228579
-1.066559 0.109141
-1.012725 -0.015494
-1.147480 0.004821
-1.106991 -0.114898
-1.084429 -0.248575
-1.196105 -0.198028
-1.286717 -0.261937
-3.213467 2.280250
4.523633 3.370769
-1.517027 1.843309
4.653735 2.815405
-0.606063 -1.473012
0.486301 -2.013323
0.284422 -2.190190
-0.769890 0.847281
-0.773382 0.642785
2.484980 -1.477009
2.317651 -1.578590
2.742901 1.774544
2.547107 1.660899
2.314637 1.647213
1.158782 -3.653367
-3.646770 0.240957
-3.565369 0.081341
-3.779316 0.044641
-3.619593 -0.099041
-1.775707 1.516442
-1.923980 1.393654
-2.118947 1.485090
-2.072579 1.310002
0.444627 -0.137747
0.364694 -0.308276
0.242180 -0.146401
0.156618 -0.329804
3.393579 4.451407
3.753043 -2.325173
-4.424291 -4.513107
-4.087801 3.481305
-2.327763 -3.108172
0.766899 1.137649
0.559060 1.072537
0.292965 0.987397
-0.701069 -1.736182
-3.831404 -3.569263
-2.568840 -1.025269
-2.663061 -1.138025
-2.780147 -1.248404
-2.930922 -1.346510
1.657383 2.429764
1.578111 2.165823
2.566947 3.333410
2.441955 3.013879
2.197616 2.770355
4.695220 -0.624175
4.400674 -0.759880
-0.336016 4.422092
1.039777 -3.258289
-2.866744 -0.249908
-2.941649 -0.315883
-3.033792 -0.385592
-3.007701 -0.508806
-3.283331 -0.420854
-3.141025 -0.470690
-2.973310 -0.642321
-3.104668 -0.611469
-3.249459 -0.582369
-3.194387 -0.741892
1.448056 4.014407
4.407686 0.467116
0.088563 4.029888
-1.310143 -3.162641
-4.221427 0.278131
-4.461995 0.161653
-0.526995 0.143389
-0.564700 -0.048259
-1.734934 1.977726
-1.957731 1.852303
1.604737 4.501004
2.466788 -0.664375
2.408640 -0.759373
2.301546 -0.747280
2.338614 -0.851738
2.256731 -0.939038
2.162304 -1.019340
2.054193 -1.092504
1.930682 -1.163574
4.678159 0.643808
-0.667431 1.932157
-0.968655 1.949703
-1.081753 1.702496
0.769125 0.646997
0.637415 0.783040
0.594137 0.599480
-0.800409 1.056667
-0.954025 0.915597
-3.038882 -3.631408
2.002866 -1.515489
1.943047 -1.669634
1.785796 -1.588133
1.611542 -1.909907
-1.998505 -1.187124
-2.124388 -1.248905
-2.274714 -1.277544
-2.339850 -1.421210
-4.124168 -3.228336
0.944310 -0.993450
0.880454 -1.154186
0.805131 -1.329134
0.719248 -1.517780
0.597801 -1.703908
0.371399 -1.804979
-3.356405 -3.047359
3.263827 -0.840541
3.189251 -1.021478
-2.616108 -3.758894
-4.320150 -3.639736
