5.0000 5.0000 0.0000
0.0000 5.0000 0.0000
2.5000 5.0000 0.0000
3.7500 5.0000 0.0000
4.3750 5.0000 0.0000
4.6875 5.0000 0.0000
4.0625 5.0000 0.0000
3.1250 5.0000 0.0000
3.4375 5.0000 0.0000
2.8125 5.0000 0.0000
1.2500 5.0000 0.0000
1.8750 5.0000 0.0000
2.1875 5.0000 0.0000
1.5625 5.0000 0.0000
0.6250 5.0000 0.0000
0.9375 5.0000 0.0000
0.3125 5.0000 0.0000
-2.5000 5.0000 0.0000
-1.2500 5.0000 0.0000
-0.6250 5.0000 0.0000
-0.3125 5.0000 0.0000
-0.9375 5.0000 0.0000
-1.8750 5.0000 0.0000
-1.5625 5.0000 0.0000
-2.1875 5.0000 0.0000
-3.7500 5.0000 0.0000
-3.1250 5.0000 0.0000
-2.8125 5.0000 0.0000
-3.4375 5.0000 0.0000
-4.3750 5.0000 0.0000
-4.0625 5.0000 0.0000
-4.6875 5.0000 0.0000
5.0000 -5.0000 0.0000
5.0000 0.0000 0.0000
5.0000 -2.5000 0.0000
5.0000 -3.7500 0.0000
5.0000 -4.3750 0.0000
5.0000 -4.6875 0.0000
5.0000 -4.0625 0.0000
5.0000 -3.1250 0.0000
5.0000 -3.4375 0.0000
5.0000 -2.8125 0.0000
5.0000 -1.2500 0.0000
5.0000 -1.8750 0.0000
5.0000 -2.1875 0.0000
5.0000 -1.5625 0.0000
5.0000 -0.6250 0.0000
5.0000 -0.9375 0.0000
5.0000 -0.3125 0.0000
5.0000 2.5000 0.0000
5.0000 1.2500 0.0000
5.0000 0.6250 0.0000
5.0000 0.3125 0.0000
5.0000 0.9375 0.0000
5.0000 1.8750 0.0000
5.0000 1.5625 0.0000
5.0000 2.1875 0.0000
5.0000 3.7500 0.0000
5.0000 3.1250 0.0000
5.0000 2.8125 0.0000
5.0000 3.4375 0.0000
5.0000 4.3750 0.0000
5.0000 4.0625 0.0000
5.0000 4.6875 0.0000
-5.0000 -5.0000 0.0000
0.0000 -5.0000 0.0000
-2.5000 -5.0000 0.0000
-3.7500 -5.0000 0.0000
-4.3750 -5.0000 0.0000
-4.6875 -5.0000 0.0000
-4.0625 -5.0000 0.0000
-3.1250 -5.0000 0.0000
-3.4375 -5.0000 0.0000
-2.8125 -5.0000 0.0000
-1.2500 -5.0000 0.0000
-1.8750 -5.0000 0.0000
-2.1875 -5.0000 0.0000
-1.5625 -5.0000 0.0000
-0.6250 -5.0000 0.0000
-0.9375 -5.0000 0.0000
-0.3125 -5.0000 0.0000
2.5000 -5.0000 0.0000
1.2500 -5.0000 0.0000
0.6250 -5.0000 0.0000
0.3125 -5.0000 0.0000
0.9375 -5.0000 0.0000
1.8750 -5.0000 0.0000
1.5625 -5.0000 0.0000
2.1875 -5.0000 0.0000
3.7500 -5.0000 0.0000
3.1250 -5.0000 0.0000
2.8125 -5.0000 0.0000
3.4375 -5.0000 0.0000
4.3750 -5.0000 0.0000
4.0625 -5.0000 0.0000
4.6875 -5.0000 0.0000
-5.0000 5.0000 0.0000
-5.0000 0.0000 0.0000
-5.0000 2.5000 0.0000
-5.0000 3.7500 0.0000
-5.0000 4.3750 0.0000
-5.0000 4.6875 0.0000
-5.0000 4.0625 0.0000
-5.0000 3.1250 0.0000
-5.0000 3.4375 0.0000
-5.0000 2.8125 0.0000
-5.0000 1.2500 0.0000
-5.0000 1.8750 0.0000
-5.0000 2.1875 0.0000
-5.0000 1.5625 0.0000
-5.0000 0.6250 0.0000
-5.0000 0.9375 0.0000
-5.0000 0.3125 0.0000
-5.0000 -2.5000 0.0000
-5.0000 -1.2500 0.0000
-5.0000 -0.6250 0.0000
-5.0000 -0.3125 0.0000
-5.0000 -0.9375 0.0000
-5.0000 -1.8750 0.0000
-5.0000 -1.5625 0.0000
-5.0000 -2.1875 0.0000
-5.0000 -3.7500 0.0000
-5.0000 -3.1250 0.0000
-5.0000 -2.8125 0.0000
-5.0000 -3.4375 0.0000
-5.0000 -4.3750 0.0000
-5.0000 -4.0625 0.0000
-5.0000 -4.6875 0.0000
1.7562 -0.9431 0.0150
-2.9185 1.9054 0.0000
2.5974 -1.8301 0.0002
-4.3823 -2.7182 0.0000
-4.1099 -1.2855 0.0000
2.7165 -1.3302 0.0020
1.3347 1.8963 0.0001
-4.5183 -0.6164 0.0000
-4.7597 -0.4731 0.0000
-4.7446 -0.7850 0.0000
3.1178 3.7661 0.0000
-3.5651 3.4169 0.0000
3.2911 -4.7534 0.0000
-2.7089 2.7106 0.0000
4.4900 -1.5003 0.0000
1.0714 0.0766 0.0094
4.7635 -3.5979 0.0000
3.8363 4.2677 0.0000
3.8091 3.9808 0.0000
3.5642 4.1577 0.0000
3.3326 3.9733 0.0000
-0.1299 0.5037 0.0024
-0.2187 0.2386 0.0038
-0.3276 0.0385 0.0048
-0.5335 0.2177 0.0064
-1.4963 2.1419 0.0000
2.8684 2.6074 0.0000
2.6149 2.4916 0.0000
-1.6933 0.7448 0.0883
-1.7486 0.6596 0.1301
-1.7973 0.7512 0.1156
-1.8506 0.6690 0.1640
-1.8035 0.5856 0.1786
-1.8904 0.5816 0.2194
-1.8949 0.4963 0.2631
-1.9683 0.6028 0.2427
-1.9872 0.5135 0.3012
-1.9736 0.4257 0.3439
-2.0779 0.4877 0.3569
-2.0555 0.4145 0.3936
-2.1400 0.3765 0.4512
-2.0428 0.3325 0.4350
-2.1318 0.2825 0.5045
-2.2224 0.3120 0.5066
4.2190 1.0127 0.0000
-4.7579 -4.7551 0.0000
-3.3444 -3.8551 0.0000
-1.0327 2.3381 0.0000
-1.2784 2.2462 0.0000
-2.5484 3.7260 0.0000
-2.7941 3.7905 0.0000
-2.6711 3.4805 0.0000
3.2667 3.2315 0.0000
3.3231 2.9433 0.0000
-1.7633 -1.9212 0.0001
-1.9249 -2.1111 0.0000
-2.1066 -1.9464 0.0002
-2.2068 -2.2154 0.0000
-0.7677 2.7914 0.0000
-0.9835 2.6040 0.0000
-1.2798 2.5185 0.0000
0.7986 -2.2483 0.0000
0.6167 -2.3677 0.0000
0.3847 -2.2934 0.0000
0.1774 -0.8171 0.0004
-0.0914 -0.7487 0.0004
-1.5213 -2.0958 0.0000
4.2726 -0.1636 0.0000
-2.9379 2.2423 0.0000
0.7722 -2.8460 0.0000
0.6892 -3.1149 0.0000
0.5021 -3.3261 0.0000
-4.3654 -1.7561 0.0000
2.4788 -2.9039 0.0000
2.2236 -2.7651 0.0000
2.1993 -3.0453 0.0000
4.7600 -0.4659 0.0000
4.5097 -0.6171 0.0000
4.2924 -0.4527 0.0000
3.9341 -4.7646 0.0000
1.7422 3.8320 0.0000
-3.9773 3.1473 0.0000
-4.2592 3.1612 0.0000
-1.8224 0.0568 0.3599
-1.8306 -0.0244 0.3693
-1.9105 -0.0190 0.4361
-1.9146 -0.1047 0.4314
-2.0061 -0.0959 0.5043
-1.9683 -0.1930 0.4517
-2.0443 -0.2557 0.4778
-2.0302 -0.3516 0.4205
-2.1181 -0.3194 0.4805
-2.1171 -0.4031 0.4283
-2.0226 -0.4446 0.3620
-2.1045 -0.4873 0.3680
-2.0279 -0.5449 0.3024
-2.1229 -0.5784 0.3112
-2.2040 -0.4050 0.4461
-2.1886 -0.4933 0.3828
-2.2207 -0.5921 0.3149
-2.2702 -0.5113 0.3705
-2.3254 -0.5854 0.3091
1.4691 -4.5195 0.0000
3.5787 -1.2626 0.0000
3.7555 -1.5186 0.0000
3.4885 -1.5164 0.0000
3.2371 -1.4644 0.0000
3.3460 -1.7557 0.0000
3.0097 -2.4884 0.0000
2.7295 -2.4219 0.0000
2.5072 -2.6244 0.0000
2.6041 -0.5918 0.0520
2.6327 -0.4447 0.0636
2.5112 -0.4383 0.0985
2.4800 -0.5287 0.0896
1.5755 -4.7641 0.0000
3.5579 -0.4770 0.0000
3.6625 -0.7571 0.0000
2.1473 3.4000 0.0000
2.5945 1.7135 0.0005
2.3125 1.6325 0.0012
2.2449 1.3392 0.0056
2.7993 -2.7221 0.0000
2.8320 3.8628 0.0000
2.6635 3.6525 0.0000
-4.2099 -4.3935 0.0000
-4.4484 -4.5498 0.0000
-4.4999 -4.7762 0.0000
4.0091 -0.0393 0.0000
-1.5266 1.1309 0.0112
-4.4763 0.8687 0.0000
-4.7546 0.7512 0.0000
2.1914 0.7015 0.0750
2.1245 0.6026 0.0944
2.0152 0.5743 0.0891
1.8983 0.5699 0.0722
2.1832 0.5326 0.1144
2.1008 0.4998 0.1164
2.0147 0.4743 0.1106
1.9294 0.4618 0.0978
1.8074 0.4523 0.0750
-2.0546 1.2685 0.0246
-2.3508 1.0224 0.0820
2.6660 4.7565 0.0000
2.8061 4.4816 0.0000
4.5277 -4.4988 0.0000
-1.6150 1.6684 0.0007
-1.5796 1.3911 0.0034
-3.3379 -0.4139 0.0002
-4.4688 3.4210 0.0000
-4.5163 3.1431 0.0000
-0.1953 -2.5157 0.0000
0.8816 -3.2960 0.0000
0.3388 2.7529 0.0000
0.0702 2.7167 0.0000
0.2226 2.4882 0.0000
0.0780 2.2446 0.0000
-0.9397 2.0673 0.0000
-1.1033 1.7821 0.0000
4.2540 3.3250 0.0000
4.2579 3.0241 0.0000
4.0159 2.8770 0.0000
2.7456 3.1166 0.0000
2.5314 3.0053 0.0000
-1.6015 -1.0969 0.0164
-0.3674 2.5097 0.0000
1.1639 -0.5522 0.0072
1.9674 -0.1440 0.1510
1.9003 -0.2162 0.1267
1.8307 -0.2914 0.1007
1.9405 -0.0483 0.1495
1.8720 -0.1201 0.1274
1.8050 -0.1910 0.1044
1.7126 -0.2472 0.0774
2.0341 1.5813 0.0015
1.7492 1.6060 0.0009
-3.4592 -3.0439 0.0000
-3.4101 -3.3431 0.0000
-4.4809 -1.2500 0.0000
-4.7489 -1.4077 0.0000
0.4814 -4.7622 0.0000
0.3194 -4.5185 0.0000
0.0426 -4.5339 0.0000
0.1881 -4.7683 0.0000
-0.0967 -4.7737 0.0000
-1.8474 2.5552 0.0000
-2.0387 2.3102 0.0000
-2.1766 2.5601 0.0000
0.6192 3.6995 0.0000
3.1100 2.7590 0.0000
-1.2022 -3.4340 0.0000
-1.3794 -3.6343 0.0000
-1.5928 -3.5617 0.0000
-1.7487 -3.7568 0.0000
-1.4603 -3.8690 0.0000
-1.6821 -4.0210 0.0000
3.7909 2.7097 0.0000
-4.4848 2.8969 0.0000
-4.5148 2.6676 0.0000
-4.7534 2.6627 0.0000
-4.7356 2.3717 0.0000
1.2849 3.2217 0.0000
0.9896 2.8193 0.0000
1.1175 2.6112 0.0000
0.8120 2.5943 0.0000
0.9164 0.7336 0.0026
0.7640 0.4823 0.0027
0.8657 -1.4909 0.0001
-2.8788 -2.1754 0.0000
-4.7564 3.8987 0.0000
-3.3746 -1.1421 0.0000
2.6792 -4.7560 0.0000
2.3785 -4.7535 0.0000
4.0167 2.5754 0.0000
0.9100 3.6936 0.0000
4.2794 1.8104 0.0000
-1.1181 -1.1569 0.0017
2.2683 -4.4975 0.0000
0.5151 1.2104 0.0003
-0.6430 -1.5433 0.0000
4.2920 4.2219 0.0000
4.0537 4.1012 0.0000
3.9868 3.7831 0.0000
4.2620 3.9135 0.0000
4.2484 3.6214 0.0000
3.9951 3.4846 0.0000
-1.8860 1.7307 0.0010
0.0321 0.7124 0.0013
0.6890 3.1931 0.0000
0.5058 3.0379 0.0000
0.2566 2.9841 0.0000
-4.3055 -2.0963 0.0000
-4.5183 -2.2295 0.0000
3.9027 -3.0887 0.0000
0.8847 -0.5143 0.0033
-4.2408 4.7548 0.0000
3.1489 -1.9765 0.0000
3.4592 1.1237 0.0000
3.2238 0.9579 0.0002
-4.7486 2.9589 0.0000
3.3672 4.5009 0.0000
3.3082 4.2540 0.0000
1.9784 1.3376 0.0044
1.7941 1.1133 0.0083
1.7427 -3.6713 0.0000
1.5191 -3.8653 0.0000
1.2956 -4.0333 0.0000
1.0707 -4.2082 0.0000
-1.7113 0.5546 0.1503
-1.8067 0.5021 0.2139
-1.7229 0.4525 0.1893
-1.8048 0.4160 0.2477
-1.8825 0.4063 0.2991
-1.7605 0.3444 0.2467
-1.8545 0.3198 0.3177
-1.9522 0.3350 0.3779
-1.9635 0.2522 0.4230
-1.7864 0.2406 0.2963
-1.8820 0.2381 0.3678
-1.8498 0.1511 0.3673
-1.9436 0.1604 0.4398
-2.0430 0.2470 0.4783
-2.0286 0.1630 0.5015
-1.9970 0.0726 0.4999
-2.1201 0.1892 0.5439
-2.0924 0.0975 0.5582
-2.1541 0.0287 0.5954
-0.9915 3.9340 0.0000
-0.8334 0.2273 0.0141
-1.0740 0.1459 0.0343
-0.9416 -0.0242 0.0216
-1.1473 -0.0663 0.0455
-1.2435 -0.2069 0.0590
-1.3052 -0.0214 0.0814
-1.4070 -0.0978 0.1124
-1.3312 -0.1123 0.0870
-1.3754 -0.2037 0.0955
-1.3667 -0.3047 0.0830
-1.4567 -0.1754 0.1268
-1.4621 -0.2656 0.1200
-1.4711 -0.3556 0.1109
-2.2405 0.9930 0.0975
-3.6876 3.1482 0.0000
-1.6857 1.9452 0.0001
-0.6910 -4.0650 0.0000
-3.3094 -0.6720 0.0002
-3.4743 -0.8733 0.0000
3.8500 2.3873 0.0000
3.6158 2.5182 0.0000
3.6113 2.2209 0.0000
3.3841 2.0451 0.0000
-0.2282 2.7846 0.0000
-0.5121 2.7498 0.0000
-1.2702 3.9557 0.0000
-1.4820 3.7142 0.0000
-1.7348 3.8827 0.0000
-1.8127 3.6389 0.0000
-1.5316 4.0078 0.0000
1.0432 -0.2893 0.0076
0.4965 -3.6206 0.0000
-0.6909 0.0020 0.0104
2.8161 4.1677 0.0000
-1.9444 -3.5879 0.0000
-2.5640 4.0001 0.0000
-2.8450 4.0721 0.0000
-3.0366 3.8808 0.0000
-1.9944 3.0752 0.0000
1.5576 -0.3359 0.0427
1.3160 -0.3316 0.0185
3.1199 -2.7568 0.0000
4.7680 4.2053 0.0000
1.1406 -3.2521 0.0000
2.9798 0.8205 0.0029
-0.6137 -1.0204 0.0004
-4.2513 -1.0597 0.0000
-0.5316 1.7353 0.0000
-0.5353 1.4660 0.0001
-0.7866 1.2746 0.0004
2.9359 -2.1994 0.0000
2.6658 -2.1218 0.0000
4.7593 -3.0253 0.0000
4.7499 -3.3040 0.0000
4.7598 3.9006 0.0000
4.5193 4.0495 0.0000
4.5081 3.7539 0.0000
3.6375 1.9217 0.0000
3.4297 1.7355 0.0000
3.4319 1.4362 0.0000
3.2158 1.2638 0.0001
3.5982 3.8677 0.0000
3.4029 3.6868 0.0000
-2.7792 3.2409 0.0000
-2.8785 3.0144 0.0000
-3.5706 -1.3865 0.0000
2.4632 3.7931 0.0000
2.4185 3.5072 0.0000
2.3352 2.4066 0.0000
4.5023 -4.7491 0.0000
1.4260 -0.5535 0.0178
-2.0494 -4.7498 0.0000
-3.0633 -4.3769 0.0000
-3.2971 -4.5558 0.0000
-3.2992 -4.7851 0.0000
3.5932 4.7294 0.0000
3.2797 4.7656 0.0000
0.8106 2.9534 0.0000
0.6112 2.8040 0.0000
0.5194 2.5260 0.0000
0.6901 2.2925 0.0000
0.3856 2.2624 0.0000
2.0093 3.9248 0.0000
1.9475 3.6353 0.0000
3.4693 0.8220 0.0000
3.2138 0.6505 0.0005
-1.1601 -2.0391 0.0000
-1.2645 -2.2420 0.0000
0.4074 -1.8054 0.0000
-3.7244 -1.6221 0.0000
-3.5826 4.7687 0.0000
-3.7421 4.5360 0.0000
-2.4748 -2.9072 0.0000
-2.5737 -3.1455 0.0000
1.2447 -2.9866 0.0000
0.9724 -3.0212 0.0000
2.9632 3.2875 0.0000
3.0644 3.0455 0.0000
-2.6032 1.5494 0.0026
-2.5956 1.3118 0.0112
-2.4369 1.1543 0.0403
-2.8550 1.3435 0.0021
1.2883 3.9930 0.0000
4.6587 -2.8466 0.0000
4.4901 -3.1566 0.0000
2.9786 -1.4043 0.0003
-2.1069 -3.7696 0.0000
-2.2580 -3.9954 0.0000
-0.4751 -4.7875 0.0000
3.9516 1.1409 0.0000
3.7128 0.9832 0.0000
2.7928 -1.6207 0.0003
2.4074 -0.6082 0.0864
2.4848 -0.7102 0.0555
2.3209 -0.7426 0.0659
2.4236 -0.9012 0.0332
2.2050 -0.8722 0.0438
2.0431 -1.0106 0.0221
-3.1412 4.1418 0.0000
4.1874 4.7302 0.0000
3.9107 4.7714 0.0000
3.8454 4.5469 0.0000
0.5389 2.0296 0.0000
0.3884 1.7708 0.0000
0.0914 1.7459 0.0000
-1.4740 3.2265 0.0000
-2.2868 3.0294 0.0000
2.0558 -4.0032 0.0000
1.7754 -3.9590 0.0000
1.8661 -4.2216 0.0000
1.6943 -4.4453 0.0000
-4.4274 1.6624 0.0000
0.5701 -3.9670 0.0000
0.3240 -4.2833 0.0000
1.3445 -2.7294 0.0000
-2.1487 1.7979 0.0010
-2.3693 1.5994 0.0035
-3.9541 0.8164 0.0000
-4.0353 0.5838 0.0000
-3.8119 0.4519 0.0000
-4.0825 0.3217 0.0000
-2.9626 4.7603 0.0000
-4.6262 -2.8124 0.0000
-4.7480 -3.0217 0.0000
-4.7507 -3.3019 0.0000
-0.5676 -1.2817 0.0001
-0.8523 -1.3028 0.0002
-0.4543 -2.6443 0.0000
-0.4661 -2.9367 0.0000
-4.3040 -2.4229 0.0000
-4.5648 -2.5144 0.0000
1.8221 2.0773 0.0001
3.6816 1.5774 0.0000
3.6909 1.2826 0.0000
0.2735 -2.8264 0.0000
0.0494 -2.9807 0.0000
4.7445 2.4009 0.0000
-1.2561 2.7989 0.0000
-1.5445 2.6824 0.0000
-0.7501 -4.6973 0.0000
2.2842 -1.0989 0.0171
2.0944 -1.2738 0.0072
-3.9391 2.3572 0.0000
-3.9710 2.1071 0.0000
-4.2072 1.8936 0.0000
0.3678 -3.8035 0.0000
0.1417 -3.7528 0.0000
0.3208 -4.0511 0.0000
0.0854 -4.0161 0.0000
-0.1874 -4.1316 0.0000
4.7552 0.4634 0.0000
4.5106 0.2955 0.0000
2.4335 -3.4515 0.0000
2.2243 -3.6545 0.0000
1.9627 -3.4919 0.0000
1.9997 -3.7697 0.0000
3.1159 2.4725 0.0000
2.8542 2.3087 0.0000
2.9049 2.0396 0.0000
-2.4662 -3.8569 0.0000
-2.4167 -4.2262 0.0000
-2.7364 -4.2977 0.0000
4.7589 0.1544 0.0000
4.5174 -0.0059 0.0000
0.7731 1.2844 0.0004
0.8585 -4.4201 0.0000
0.5873 -4.5055 0.0000
-1.6212 3.4460 0.0000
-1.8953 3.3557 0.0000
-2.1854 3.2920 0.0000
4.0285 -4.4900 0.0000
3.7550 -4.4253 0.0000
-1.7203 -2.2590 0.0000
-1.9670 -2.3921 0.0000
-4.7543 -4.1936 0.0000
1.7959 0.1454 0.1069
1.7094 0.1079 0.0862
1.7628 0.0267 0.1018
1.6986 -0.0248 0.0851
1.7681 -0.1028 0.1004
1.5730 0.0443 0.0573
1.6359 -0.1404 0.0674
1.4557 -0.1416 0.0369
-1.4446 -1.5386 0.0005
-1.5510 -1.7821 0.0001
0.2668 1.2490 0.0002
0.1701 0.9826 0.0005
0.4787 0.4957 0.0022
2.4941 0.1666 0.1396
2.4018 0.1273 0.1703
2.2949 -0.0142 0.1944
2.4810 0.0668 0.1507
2.3875 0.0322 0.1788
2.4637 -0.0282 0.1577
2.3805 -0.0603 0.1796
2.3045 -0.1060 0.1896
2.2004 -0.0310 0.1965
2.2221 -0.1141 0.1929
2.1286 -0.0968 0.1872
2.0622 -0.1665 0.1702
2.1595 -0.1898 0.1817
2.0942 -0.2576 0.1639
1.9969 -0.2399 0.1476
-2.6475 -1.3998 0.0057
-2.7807 -1.6207 0.0007
-2.9530 -1.8257 0.0001
-1.4741 -2.6958 0.0000
1.3875 -1.4523 0.0005
1.1547 -1.6079 0.0001
0.9183 -1.7284 0.0000
-3.4482 4.5267 0.0000
-3.2788 4.3639 0.0000
-1.8586 4.0999 0.0000
-3.9221 1.8317 0.0000
-4.1457 1.6163 0.0000
3.0564 4.3044 0.0000
3.0689 4.0394 0.0000
-0.1491 -1.2945 0.0001
-0.3435 -1.4898 0.0000
0.2536 -2.0556 0.0000
1.2188 2.1694 0.0000
-1.5434 -0.2232 0.1593
-1.5468 -0.3191 0.1467
-1.5791 -0.3928 0.1465
-1.6223 -0.2773 0.1900
-1.6546 -0.3659 0.1872
-1.5962 -0.4806 0.1335
-1.6813 -0.4458 0.1786
-1.6840 -0.5364 0.1529
-1.7621 -0.3887 0.2385
-1.7697 -0.4899 0.2063
-1.7660 -0.5891 0.1681
-1.6731 -0.6299 0.1209
-1.7588 -0.6870 0.1309
-1.8499 -0.6407 0.1801
-1.8536 -0.4461 0.2684
-1.8555 -0.5437 0.2252
-1.9446 -0.5928 0.2405
-1.8455 -0.7412 0.1377
-1.9342 -0.6854 0.1895
-2.0074 -0.7347 0.1865
-1.9332 -0.7857 0.1434
-1.9865 -0.8671 0.1209
-2.0453 -0.8088 0.1578
-2.0467 -0.9318 0.1048
-4.2642 0.6554 0.0000
-4.3190 0.4084 0.0000
-3.9472 -2.4234 0.0000
-4.1128 -2.6110 0.0000
1.3484 4.5045 0.0000
1.5083 -1.0193 0.0051
1.3114 -1.1807 0.0013
1.0925 -1.3475 0.0003
1.4443 -3.2206 0.0000
3.7536 -1.0217 0.0000
-2.8213 2.4740 0.0000
-2.9550 2.7906 0.0000
-3.0405 2.5610 0.0000
-3.1843 2.3485 0.0000
-4.2866 -1.4382 0.0000
0.8394 4.4727 0.0000
0.4145 4.2235 0.0000
-2.3659 -0.4960 0.3573
-2.5345 -0.5745 0.2223
-2.4273 -0.5681 0.2844
-2.4822 -0.6534 0.2102
-2.5899 -0.6553 0.1553
-2.6456 -0.7459 0.0988
-0.0831 2.4962 0.0000
-0.2155 2.2419 0.0000
2.0498 4.7822 0.0000
1.8150 4.6974 0.0000
1.5612 4.7815 0.0000
4.4315 -2.9042 0.0000
4.2365 -2.6965 0.0000
4.1839 -2.9845 0.0000
3.9952 -2.7924 0.0000
-3.5738 -4.7757 0.0000
-3.8737 -4.7518 0.0000
2.6801 -3.4857 0.0000
2.4964 -3.7269 0.0000
1.7944 -0.6991 0.0394
-3.6874 -3.2054 0.0000
-4.0459 -3.5766 0.0000
-3.2767 4.7450 0.0000
4.0124 0.2604 0.0000
3.7682 0.0962 0.0000
-3.0951 -2.0446 0.0000
1.3703 2.7240 0.0000
1.9474 4.4575 0.0000
2.0670 4.2127 0.0000
1.7386 4.3397 0.0000
1.8073 4.1165 0.0000
4.2580 2.7255 0.0000
4.2469 2.4287 0.0000
-0.0666 1.9864 0.0000
-0.2211 1.7259 0.0000
-1.4703 -2.9927 0.0000
-1.7212 -3.1251 0.0000
-1.7780 -3.3999 0.0000
-3.0164 -2.9023 0.0000
-3.2700 -2.8435 0.0000
-3.2012 -3.1237 0.0000
-0.2022 -2.8103 0.0000
-0.2229 -3.1006 0.0000
-3.1206 1.4621 0.0001
-2.8420 1.1217 0.0072
-2.9493 0.9451 0.0064
-3.1879 0.8728 0.0005
3.4687 -0.9832 0.0000
3.3059 -1.2210 0.0000
3.4170 -3.2847 0.0000
3.5022 -3.5526 0.0000
2.3538 4.7582 0.0000
2.1637 4.5763 0.0000
2.2877 4.3815 0.0000
-1.7223 3.1396 0.0000
-1.4901 2.9580 0.0000
4.5275 -0.9112 0.0000
4.5112 -1.2106 0.0000
2.2942 1.0511 0.0209
2.1567 0.8674 0.0426
2.0326 0.7147 0.0623
4.4907 -1.7989 0.0000
0.6838 -1.8040 0.0000
0.5664 -2.0659 0.0000
-2.3839 -0.6590 0.2454
-2.4395 -0.7456 0.1792
-2.4684 -0.8377 0.1282
-2.5366 -0.7314 0.1494
-2.5396 -0.8068 0.1185
-2.6080 -0.8436 0.0843
-2.5307 -0.9404 0.0772
-2.6351 -1.1229 0.0256
-2.8504 -1.2781 0.0037
0.9715 -2.4127 0.0000
0.7896 -2.5861 0.0000
0.5302 -2.5937 0.0000
0.5391 -2.8181 0.0000
2.5233 0.4553 0.0907
2.5734 0.5754 0.0605
2.4342 0.5129 0.0997
2.3503 0.4569 0.1252
2.9105 3.5623 0.0000
2.6607 3.3584 0.0000
-4.7352 -1.7306 0.0000
-0.3411 -1.1280 0.0001
-0.1376 4.7694 0.0000
-0.1853 4.5376 0.0000
-0.4273 4.7199 0.0000
2.9202 -3.2519 0.0000
3.1502 -3.2577 0.0000
3.2101 -3.5117 0.0000
3.0457 -3.7676 0.0000
2.9379 -3.5041 0.0000
2.7712 -3.7562 0.0000
-0.0461 -1.0256 0.0002
-1.9702 -2.6843 0.0000
-2.2231 -2.8143 0.0000
-1.9858 -2.9726 0.0000
-2.1322 1.0356 0.0792
-2.1774 0.9287 0.1219
-2.2414 0.8673 0.1518
-2.6106 0.5175 0.1968
-2.6849 0.5824 0.1269
-2.7139 0.5038 0.1299
-2.7659 0.4297 0.1122
-2.6662 0.4271 0.1853
-2.8111 0.3424 0.0971
-2.8940 0.2458 0.0602
-2.7236 0.3427 0.1601
-2.7594 0.2563 0.1461
-2.7693 0.1719 0.1480
-2.8568 0.1191 0.0873
-2.9413 0.0090 0.0463
-2.9210 0.4335 0.0371
-3.1187 -0.1856 0.0069
-3.4641 -0.2110 0.0000
4.7560 3.5978 0.0000
4.7547 3.2949 0.0000
2.0834 -4.7469 0.0000
1.8026 -4.7138 0.0000
1.8409 -1.1554 0.0078
1.6121 -1.2796 0.0023
-1.9087 0.0670 0.4302
-1.9890 -0.0167 0.4994
-2.0700 0.0053 0.5558
-2.1004 -0.0708 0.5681
-2.0689 -0.1641 0.5285
-2.1672 -0.1400 0.5789
-2.1972 -0.0461 0.6049
-2.2610 -0.1192 0.5924
-2.2341 -0.2166 0.5583
-2.1392 -0.2297 0.5353
-2.2029 -0.3067 0.5090
-2.3093 -0.2698 0.5198
-2.2810 -0.3418 0.4847
-2.3906 -0.2826 0.4750
-2.2966 -0.4325 0.4216
-2.3646 -0.3719 0.4385
-2.4601 -0.3535 0.3898
-2.4222 -0.4385 0.3669
-3.7213 -2.2599 0.0000
-3.9274 -2.0884 0.0000
-4.1196 -2.2552 0.0000
2.1432 1.8643 0.0003
1.8939 1.8326 0.0003
-2.4349 -2.3482 0.0000
4.5057 2.8612 0.0000
1.9293 -0.3103 0.1219
1.8672 -0.3945 0.0951
2.9801 1.1031 0.0012
4.7532 -1.3733 0.0000
1.9340 0.9063 0.0268
1.6713 0.8528 0.0163
-2.3764 2.7827 0.0000
-2.4948 2.5625 0.0000
0.8295 1.5553 0.0001
2.4284 -4.2322 0.0000
2.1578 -4.2409 0.0000
-4.7613 -2.0432 0.0000
-0.9712 -2.6525 0.0000
1.5005 -3.5645 0.0000
1.2774 -3.4564 0.0000
1.2606 -3.7383 0.0000
-2.7938 4.5370 0.0000
-2.9553 4.3277 0.0000
4.0122 3.1826 0.0000
3.7826 3.0225 0.0000
3.5714 2.8388 0.0000
2.7427 0.9634 0.0089
2.5306 0.9672 0.0204
-0.9267 4.7122 0.0000
-2.3009 3.9914 0.0000
-2.0290 3.8689 0.0000
-2.2934 3.7515 0.0000
-1.5377 -4.4484 0.0000
-1.7601 -4.7575 0.0000
3.8391 -3.9317 0.0000
3.5985 -3.8338 0.0000
2.5027 4.5407 0.0000
2.5683 4.2827 0.0000
2.3353 4.1124 0.0000
0.8815 2.1099 0.0000
-2.6658 -4.7630 0.0000
-1.9505 -3.9793 0.0000
-2.0967 -4.2370 0.0000
4.5152 1.4160 0.0000
0.2353 2.0074 0.0000
4.4900 -2.6076 0.0000
-1.2174 3.1306 0.0000
1.0914 3.4441 0.0000
0.8095 3.4366 0.0000
0.9900 3.1650 0.0000
3.6008 4.4249 0.0000
4.4547 1.1850 0.0000
2.0275 -0.3366 0.1389
1.9552 -0.4019 0.1127
1.8393 -0.5200 0.0704
3.7263 3.6303 0.0000
0.4314 -1.3052 0.0001
0.1327 -1.2864 0.0001
4.5177 1.9632 0.0000
4.5218 1.6820 0.0000
-2.3053 0.2444 0.5333
-2.2113 0.2172 0.5565
-2.2797 0.1459 0.5809
-2.3389 0.0674 0.5786
-2.3753 0.1601 0.5351
-2.4351 0.0865 0.5076
-2.4851 0.0034 0.4666
-2.3935 -0.0101 0.5497
-2.5405 -0.0748 0.4022
-2.4487 -0.0929 0.4954
-2.6053 -0.1431 0.3191
-2.5810 -0.2372 0.3246
-2.6521 -0.3081 0.2330
-2.7356 -0.2753 0.1639
0.3093 0.2417 0.0022
0.3377 -0.0163 0.0017
0.4685 -0.2474 0.0017
0.1243 -0.1865 0.0014
1.0016 2.3498 0.0000
4.5045 3.4589 0.0000
4.5054 3.1603 0.0000
2.5858 2.2136 0.0000
2.6636 1.9786 0.0001
2.4005 1.9179 0.0002
0.7492 0.9875 0.0012
0.6227 0.7372 0.0019
-4.4886 -3.7778 0.0000
4.0009 0.5584 0.0000
-1.3407 1.6052 0.0004
-1.7401 0.8519 0.0724
-1.8554 0.8531 0.0978
-1.9404 0.8461 0.1201
-2.1267 0.8519 0.1525
-2.1878 0.7989 0.1856
-2.2730 0.7717 0.2014
0.3270 0.7395 0.0015
0.2055 0.5072 0.0023
-2.3471 4.7534 0.0000
-2.6497 4.7663 0.0000
2.3184 -1.7409 0.0006
0.1592 4.1951 0.0000
0.2546 3.9124 0.0000
0.0018 3.9779 0.0000
0.0187 3.6950 0.0000
-0.2354 3.8959 0.0000
-0.2821 3.6190 0.0000
-2.4957 4.5175 0.0000
-2.6645 4.2815 0.0000
1.1140 0.9052 0.0028
4.2787 1.5230 0.0000
1.3176 -4.7335 0.0000
3.3706 2.6449 0.0000
3.3704 2.3510 0.0000
-0.9606 -4.1779 0.0000
-1.0011 -4.4838 0.0000
-1.2222 -4.2773 0.0000
-1.2817 -4.5181 0.0000
-4.7386 1.0285 0.0000
-2.6096 -3.6042 0.0000
-3.5056 -2.7189 0.0000
-3.6837 -2.9061 0.0000
4.2928 -3.7504 0.0000
4.1325 -3.9776 0.0000
-4.4791 3.9775 0.0000
0.5879 -1.5535 0.0000
-0.8020 1.5483 0.0001
-1.0577 1.5282 0.0002
-1.3124 1.3403 0.0016
2.3956 -2.0220 0.0001
2.1896 -2.1939 0.0000
2.4584 -2.3191 0.0000
2.2303 -2.4836 0.0000
-3.9520 -1.0431 0.0000
3.1584 -4.0277 0.0000
3.0161 -4.2743 0.0000
2.8531 -4.5143 0.0000
2.3239 2.1462 0.0001
-2.1598 -0.6672 0.2588
-2.2198 -0.7332 0.2214
-2.2758 -0.6686 0.2610
-2.3348 -0.7377 0.2099
-2.2715 -0.8016 0.1804
-2.3725 -0.8234 0.1568
-2.4094 -0.9187 0.1083
-2.4448 -1.0665 0.0570
-4.0671 -0.7845 0.0000
-2.7168 -2.4460 0.0000
-2.9559 -2.6646 0.0000
-3.8203 -1.2967 0.0000
-2.5262 -0.4175 0.3054
-2.4832 -0.4968 0.2952
-2.5862 -0.4917 0.2252
-2.6369 -0.5710 0.1597
-2.6948 -0.6551 0.1020
-3.9038 -2.7660 0.0000
-3.9365 -3.0607 0.0000
-3.2880 -1.4328 0.0000
-4.1853 1.3742 0.0000
0.0239 4.4476 0.0000
-0.3809 4.3935 0.0000
-0.1582 4.2117 0.0000
-0.4413 4.0874 0.0000
-0.8425 4.1842 0.0000
-0.7070 3.9401 0.0000
0.7619 4.7379 0.0000
0.5709 4.4856 0.0000
0.2939 4.4836 0.0000
0.4497 0.9733 0.0008
4.0234 -0.3184 0.0000
3.7371 -0.2212 0.0000
3.8275 -0.5300 0.0000
4.2647 2.0972 0.0000
2.1787 0.4331 0.1378
2.1545 0.3421 0.1559
2.0823 0.4021 0.1359
2.0497 0.3010 0.1501
2.0531 0.2020 0.1651
1.9484 0.2952 0.1305
1.9646 0.2108 0.1452
1.8689 0.2325 0.1190
1.9818 0.1193 0.1573
1.9190 0.0441 0.1442
1.8884 0.1439 0.1318
1.8311 0.0673 0.1197
1.8395 -0.0286 0.1223
-3.7339 -2.5717 0.0000
4.1899 1.3006 0.0000
-1.2461 -4.7650 0.0000
-1.4981 -4.7260 0.0000
-3.4472 0.7829 0.0000
-3.7211 0.6893 0.0000
4.5086 4.7300 0.0000
4.3617 4.5114 0.0000
4.0862 4.4353 0.0000
-1.3839 -1.2684 0.0027
2.5875 3.9953 0.0000
2.2414 3.9075 0.0000
2.2007 3.6670 0.0000
-4.0101 -3.8999 0.0000
-4.2459 -3.7722 0.0000
-4.2557 -4.0716 0.0000
1.0427 0.4331 0.0060
0.8589 0.2123 0.0044
-4.4807 1.9354 0.0000
4.7514 -1.9049 0.0000
-4.5050 4.7327 0.0000
-4.7622 4.7624 0.0000
-3.8808 4.7764 0.0000
3.1570 1.5827 0.0000
2.9774 1.3873 0.0004
0.5331 1.4685 0.0001
0.2719 1.5058 0.0000
-0.0150 1.4819 0.0000
-3.5080 -4.0774 0.0000
-4.4981 -3.2811 0.0000
-4.5264 -3.5459 0.0000
-4.7616 -3.5914 0.0000
2.9862 -4.7583 0.0000
2.3725 -0.5169 0.1115
2.5137 -0.2670 0.1235
2.4096 -0.2594 0.1542
2.4626 -0.3493 0.1268
2.3679 -0.3504 0.1473
2.4152 -0.4348 0.1220
2.2745 -0.3563 0.1563
2.3128 -0.4374 0.1363
2.2874 -0.5343 0.1155
2.3117 -0.6174 0.0942
2.2208 -0.4666 0.1329
2.2048 -0.5701 0.1077
2.2136 -0.6704 0.0841
-4.2216 -0.5011 0.0000
-4.3310 -0.7799 0.0000
-1.7239 -2.8400 0.0000
4.5039 0.5981 0.0000
4.2442 0.7233 0.0000
-1.5517 2.4148 0.0000
-1.7689 2.2440 0.0000
-1.9507 2.0195 0.0001
-3.9893 2.8961 0.0000
-3.9983 2.6432 0.0000
-1.3746 4.2376 0.0000
-2.1033 1.5235 0.0059
-2.3238 1.3537 0.0166
-0.1513 -0.1063 0.0030
-0.4909 -0.0939 0.0062
-0.6190 -0.3050 0.0067
-0.8308 -0.4943 0.0085
-1.1075 -0.5870 0.0177
-1.3932 -0.4312 0.0744
-1.5037 -0.4442 0.1071
-1.4874 -0.5494 0.0812
-1.5978 -0.5746 0.1106
-1.3511 -0.7538 0.0269
-1.5664 -0.8644 0.0404
-4.0188 3.6624 0.0000
0.1172 -1.7896 0.0000
1.4621 0.2397 0.0340
1.2070 0.2353 0.0134
0.6908 4.2116 0.0000
0.4959 3.9634 0.0000
4.4991 2.5634 0.0000
2.7292 0.4762 0.0379
2.5190 0.2567 0.1216
0.2786 -1.5453 0.0000
-0.0235 -1.5372 0.0000
-0.0090 -3.2909 0.0000
-0.2785 -3.3949 0.0000
-2.7407 -3.3536 0.0000
0.0859 -2.3372 0.0000
0.2988 -2.5465 0.0000
0.0436 -2.6599 0.0000
-3.4184 2.1729 0.0000
-2.0889 3.5679 0.0000
-2.3803 3.4903 0.0000
-2.4926 3.2314 0.0000
-2.6039 2.9607 0.0000
-0.5027 3.7990 0.0000
-0.5778 3.5564 0.0000
-0.7747 3.3818 0.0000
4.2633 0.1285 0.0000
-3.9064 -1.8088 0.0000
-4.1358 -1.6394 0.0000
-4.1540 -1.9241 0.0000
-3.6556 -1.0873 0.0000
-3.9481 4.3896 0.0000
-4.1164 4.1630 0.0000
-2.5397 -4.5048 0.0000
-2.8282 -4.5407 0.0000
-3.0109 -4.7283 0.0000
-2.3321 2.3297 0.0000
-2.6252 2.3362 0.0000
-2.7763 -3.8306 0.0000
-2.6206 -4.0571 0.0000
-3.0604 -3.8411 0.0000
-2.9230 -4.0948 0.0000
-3.2077 -4.1101 0.0000
-0.5199 1.2153 0.0003
-0.6901 0.9826 0.0014
-4.1718 -2.9082 0.0000
-4.4459 -3.0228 0.0000
-1.9860 -3.2435 0.0000
-2.1510 -3.4309 0.0000
-2.3147 -3.6430 0.0000
-0.0630 -3.5715 0.0000
-0.1387 -3.8521 0.0000
-0.3487 -3.6791 0.0000
-0.4235 -3.9517 0.0000
3.5763 -4.7673 0.0000
1.5492 4.0398 0.0000
3.0334 0.3478 0.0049
2.8002 0.2954 0.0330
2.6349 0.2830 0.0797
2.6100 0.1796 0.0969
2.5610 0.1034 0.1200
1.2056 -0.1042 0.0153
0.8942 -0.0733 0.0055
-3.6748 1.2332 0.0000
-3.6900 0.9621 0.0000
-2.0175 -4.5018 0.0000
-2.3461 -4.7423 0.0000
-3.2191 -3.6004 0.0000
-0.4888 -3.2217 0.0000
-0.7382 -3.3686 0.0000
4.2418 -1.3221 0.0000
4.2381 -1.6318 0.0000
4.0250 -1.4623 0.0000
3.9439 -1.7482 0.0000
4.2154 -1.9081 0.0000
3.9523 -2.0134 0.0000
3.7257 -2.2940 0.0000
1.0085 -3.5707 0.0000
3.2718 -0.4442 0.0003
3.0210 -0.3658 0.0050
2.7796 -0.3573 0.0338
2.8173 -0.5965 0.0164
-0.2885 1.4687 0.0000
-3.9521 1.0855 0.0000
1.0756 1.9627 0.0000
0.9559 1.7568 0.0000
0.7530 1.9051 0.0000
2.3847 3.2194 0.0000
2.2710 2.9222 0.0000
1.9702 2.8596 0.0000
1.8666 2.5856 0.0000
3.1904 3.4913 0.0000
-4.2457 4.4570 0.0000
-4.5133 4.4751 0.0000
-4.7635 4.5024 0.0000
1.3576 0.0558 0.0266
2.4847 1.1918 0.0090
2.0676 1.1049 0.0148
3.1342 2.1857 0.0000
3.1567 1.8791 0.0000
2.8987 1.7477 0.0001
2.7809 1.5162 0.0007
2.5150 1.4438 0.0025
-3.8966 -0.5537 0.0000
-2.3044 -0.8925 0.1323
-2.3333 -0.9863 0.0918
-2.3967 -1.2828 0.0220
-3.2620 2.6541 0.0000
-3.4486 2.4541 0.0000
-3.6841 2.2944 0.0000
-3.6890 2.0302 0.0000
-0.4537 2.9997 0.0000
-0.6828 2.5196 0.0000
-0.7798 2.2890 0.0000
-2.6455 1.0596 0.0313
-2.9644 0.6814 0.0139
-1.2221 -2.8280 0.0000
-1.2260 -3.1311 0.0000
-1.4737 -3.3061 0.0000
-0.3645 -0.8374 0.0004
-4.5199 -1.9264 0.0000
-3.1428 2.0544 0.0000
-3.3980 1.9004 0.0000
-3.6360 -3.8205 0.0000
1.3794 3.4924 0.0000
2.8792 -4.0186 0.0000
2.7199 -4.2603 0.0000
2.5543 -4.5017 0.0000
4.0363 1.9360 0.0000
3.8255 1.7699 0.0000
4.0483 1.6427 0.0000
3.9340 1.4322 0.0000
-4.7522 3.2805 0.0000
-1.8539 -1.1539 0.0277
-1.9278 -1.4129 0.0076
-1.6613 -1.3435 0.0051
-1.7349 -1.6057 0.0012
-1.9797 -1.7109 0.0010
1.3923 0.8827 0.0061
1.2089 0.6607 0.0064
-0.8650 -1.0256 0.0010
1.7375 -0.3896 0.0688
1.6507 -0.5410 0.0394
-1.0179 -4.7477 0.0000
-0.7069 4.7640 0.0000
-4.5133 -4.0234 0.0000
-0.9030 -3.5745 0.0000
-1.1465 -3.7276 0.0000
-0.9196 -3.8857 0.0000
-1.2105 -3.9927 0.0000
3.5208 0.2570 0.0000
3.2688 0.1083 0.0004
-2.6550 1.8131 0.0003
-2.8717 1.6158 0.0003
0.7453 -0.2778 0.0031
0.5812 -0.4935 0.0015
0.2688 -0.3684 0.0011
0.3677 -0.6025 0.0008
-0.5654 0.7218 0.0026
-0.8611 0.7396 0.0055
-0.6790 0.4702 0.0064
-0.9215 0.4759 0.0133
-1.0755 0.3474 0.0283
-1.2502 0.2624 0.0575
-0.9222 -1.5799 0.0000
-1.0304 -1.8151 0.0000
2.9488 0.5553 0.0073
2.7354 0.7158 0.0206
-3.6056 0.2554 0.0000
-3.5811 0.0211 0.0000
4.7631 -0.1543 0.0000
4.5262 -0.3069 0.0000
3.4897 3.4266 0.0000
2.9596 4.7579 0.0000
3.9414 -4.2040 0.0000
4.4775 2.2671 0.0000
1.5787 2.5023 0.0000
1.3150 2.4198 0.0000
1.3214 4.7455 0.0000
1.0528 4.7403 0.0000
-0.5005 2.2610 0.0000
-0.6496 2.0160 0.0000
-0.8442 1.8083 0.0000
0.0059 1.2324 0.0002
1.9900 0.3803 0.1251
1.8931 0.3744 0.1056
1.8405 0.3133 0.1022
1.7743 0.2267 0.0952
1.6447 0.2225 0.0652
0.6204 1.7100 0.0000
-4.5327 0.5804 0.0000
-4.7642 0.4440 0.0000
-2.2074 -2.5192 0.0000
2.1095 -1.9258 0.0002
1.8855 -2.0814 0.0000
-4.2358 2.9158 0.0000
-4.2565 2.6709 0.0000
0.3451 3.6550 0.0000
0.1803 3.4568 0.0000
0.7710 3.9499 0.0000
2.1034 -0.7425 0.0637
2.1074 -0.6077 0.0929
1.9535 -0.8302 0.0377
-4.7248 -4.4912 0.0000
4.2578 0.4273 0.0000
-4.5238 -0.9532 0.0000
-4.7536 -1.1042 0.0000
-2.9137 -3.5716 0.0000
3.3193 -3.7737 0.0000
3.4306 -4.0248 0.0000
3.3206 -4.2720 0.0000
1.0456 -4.7485 0.0000
0.7808 -4.7233 0.0000
4.7528 2.6914 0.0000
-1.7235 -2.5497 0.0000
-2.7094 -0.9139 0.0426
-2.8984 -1.0150 0.0086
-3.1088 -1.1982 0.0005
-2.3974 -2.0056 0.0001
-2.5952 -2.1589 0.0000
-3.4467 2.9642 0.0000
-3.7427 2.8746 0.0000
-3.5043 2.7246 0.0000
-3.7380 2.5819 0.0000
-3.0731 -0.5406 0.0072
-3.1421 -0.8871 0.0012
-1.8370 0.9838 0.0586
-1.9657 0.9331 0.0940
-2.0326 0.8521 0.1375
-2.0739 0.9423 0.1069
-0.4559 -2.3349 0.0000
-0.7358 -2.2827 0.0000
-0.7152 -2.5272 0.0000
1.6132 1.8821 0.0001
1.4769 1.6237 0.0005
1.3009 1.3952 0.0009
1.0426 1.3924 0.0005
2.7285 1.2313 0.0033
4.2242 -3.2278 0.0000
3.9778 -3.3906 0.0000
1.6658 3.5535 0.0000
2.9925 0.1088 0.0085
2.7437 0.1155 0.0537
2.6212 0.0491 0.0986
2.5494 -0.0024 0.1272
2.7014 -0.0347 0.0690
2.5917 -0.0796 0.1095
2.5015 -0.1022 0.1425
2.6975 -0.1765 0.0661
2.5664 -0.1806 0.1137
2.4676 -0.1911 0.1469
2.6256 -0.2834 0.0833
2.5576 -0.3528 0.0980
-2.9195 -3.1879 0.0000
-2.2604 -3.1259 0.0000
-2.4322 -3.3774 0.0000
4.7498 -4.2079 0.0000
4.5117 -4.2525 0.0000
-1.7178 4.7807 0.0000
-1.8987 4.6196 0.0000
-2.0609 4.7686 0.0000
-2.1870 4.4923 0.0000
-0.6246 4.2589 0.0000
0.8057 -0.9539 0.0007
0.5860 -1.0610 0.0003
4.4959 -3.4423 0.0000
4.5294 -3.7156 0.0000
1.5376 1.1089 0.0043
1.2659 1.1466 0.0020
3.9784 0.8505 0.0000
3.7378 0.6920 0.0000
2.0497 -1.6240 0.0011
1.8555 -1.7815 0.0003
1.6275 -1.9218 0.0001
-4.0382 4.6276 0.0000
-3.0163 3.3432 0.0000
-3.1176 3.1186 0.0000
-3.1980 2.8878 0.0000
1.9725 -2.3280 0.0000
1.7436 -2.4364 0.0000
1.5700 -0.7626 0.0163
1.3066 -0.8124 0.0055
-2.1148 4.1900 0.0000
-2.3863 4.2584 0.0000
3.1611 -4.5145 0.0000
-3.6129 4.3142 0.0000
-3.8009 4.1669 0.0000
2.4279 -1.2945 0.0060
2.2418 -1.4613 0.0030
-3.6435 1.7537 0.0000
-3.6283 1.4813 0.0000
-3.8772 1.5603 0.0000
-3.9338 1.3320 0.0000
1.4832 3.0031 0.0000
1.1935 2.9497 0.0000
-4.2230 3.9095 0.0000
3.6366 -4.1766 0.0000
3.4788 -4.4967 0.0000
-1.1472 -1.4397 0.0003
-1.2346 -1.6932 0.0001
-1.3556 -1.9066 0.0000
1.1787 1.6501 0.0002
-1.5257 -0.6789 0.0658
-1.6522 -0.7245 0.0878
-1.7359 -0.7965 0.0896
-1.7567 -0.9504 0.0538
-1.8224 -0.8318 0.0993
-1.8881 -0.8575 0.1050
-1.9102 -0.9563 0.0767
-2.0146 -1.0449 0.0640
-2.1447 -1.0456 0.0735
4.7632 -0.7692 0.0000
3.3698 -0.7118 0.0000
3.0829 -0.6462 0.0017
2.9144 -0.8614 0.0039
2.6644 -0.8283 0.0198
-3.4406 4.1562 0.0000
-3.6167 3.9459 0.0000
-3.9219 3.9212 0.0000
4.7624 -4.7587 0.0000
3.0654 -1.6939 0.0000
2.8701 -1.9105 0.0000
4.7571 1.6452 0.0000
0.0424 0.3366 0.0028
0.0382 0.0798 0.0026
-4.7522 3.5780 0.0000
4.7293 1.0904 0.0000
-0.7232 3.0248 0.0000
-1.0114 2.9063 0.0000
-0.5501 -3.5105 0.0000
-0.6579 -3.7548 0.0000
-4.5156 -1.5640 0.0000
-3.7104 -4.2896 0.0000
-3.6101 -4.5394 0.0000
-3.9976 -4.2035 0.0000
-3.9336 -4.4896 0.0000
-4.1875 -4.7138 0.0000
-4.2815 0.1225 0.0000
-4.2669 -0.1903 0.0000
-4.5011 -0.3342 0.0000
4.7523 1.3757 0.0000
-3.0009 -1.4896 0.0003
0.0672 -4.2786 0.0000
-0.2090 -4.4153 0.0000
-0.5001 -4.5153 0.0000
-0.2654 -4.6666 0.0000
1.8568 0.7198 0.0429
1.7075 0.5856 0.0412
1.7372 0.3507 0.0736
1.5850 0.4201 0.0400
2.3489 0.8324 0.0469
2.5310 0.7642 0.0413
2.3205 0.6910 0.0750
2.4306 0.6376 0.0752
2.3398 0.5582 0.1032
2.2461 0.5952 0.0997
2.2637 0.4930 0.1239
4.7499 0.7750 0.0000
-4.5265 3.7223 0.0000
1.0040 -0.7790 0.0023
0.7028 -0.7213 0.0012
-3.1393 1.7523 0.0000
-3.3793 1.6152 0.0000
-3.0015 -2.3948 0.0000
-3.2242 -2.5812 0.0000
2.5940 -3.9959 0.0000
2.3046 -3.9482 0.0000
-1.6429 4.2466 0.0000
4.7547 2.9918 0.0000
-1.1645 4.7430 0.0000
-1.1485 4.4861 0.0000
-1.3830 4.4772 0.0000
-3.4954 -3.6113 0.0000
2.8609 2.8998 0.0000
2.6378 2.7845 0.0000
2.4080 2.6905 0.0000
-0.4579 -4.2408 0.0000
-0.7359 -4.3699 0.0000
1.2312 4.2330 0.0000
-1.0426 1.2828 0.0008
-0.9579 1.0209 0.0023
-1.2466 1.0846 0.0049
-1.1549 0.8393 0.0098
-1.4213 0.8971 0.0211
-1.8862 0.7645 0.1374
-1.9863 0.7647 0.1664
-1.9390 0.6832 0.1903
-2.0382 0.6807 0.2247
-2.0570 0.5822 0.2890
-2.1460 0.5529 0.3338
-2.0807 0.7674 0.1879
-2.1483 0.7267 0.2226
2.6851 -3.2344 0.0000
2.4460 -3.1814 0.0000
2.1950 -3.3403 0.0000
1.0266 -3.8930 0.0000
0.8197 -4.0915 0.0000
0.5824 -4.2481 0.0000
-3.3999 -4.3230 0.0000
4.7611 -4.4933 0.0000
3.4955 0.5400 0.0000
3.2603 0.3806 0.0004
-0.9288 3.1629 0.0000
-0.5859 3.2314 0.0000
-0.3444 -0.3009 0.0031
-0.5289 -0.5499 0.0024
-2.2679 -4.4782 0.0000
-3.9556 -3.3480 0.0000
-4.2024 -3.2104 0.0000
-4.2777 -3.4811 0.0000
-4.7856 -2.6524 0.0000
-0.2568 1.2224 0.0002
-0.4046 0.9650 0.0008
-1.8426 1.4531 0.0054
-1.7950 1.1946 0.0203
-0.9037 -2.0748 0.0000
0.0843 -0.5512 0.0007
-0.0697 -0.3733 0.0011
-0.2556 -0.5619 0.0009
3.1765 -0.9355 0.0003
3.0479 -1.1721 0.0004
3.6471 -1.7862 0.0000
3.7106 -2.0442 0.0000
3.4398 -2.0304 0.0000
3.4760 -2.2952 0.0000
3.3030 -2.5302 0.0000
4.2211 -4.7452 0.0000
3.7545 -4.6475 0.0000
1.3830 -2.0313 0.0000
1.1447 -1.8946 0.0000
1.1284 -2.1874 0.0000
0.8821 -2.0209 0.0000
2.4132 -0.1305 0.1678
2.3507 -0.1837 0.1760
2.2551 -0.1982 0.1837
2.3090 -0.2718 0.1692
2.2006 -0.2827 0.1706
2.1174 -0.3435 0.1522
2.2001 -0.3829 0.1511
2.1221 -0.4299 0.1349
2.0421 -0.4314 0.1234
1.9551 -0.4922 0.0961
2.1346 -0.5098 0.1181
2.0478 -0.5242 0.1047
1.9704 -0.6297 0.0722
-3.5816 -0.5790 0.0000
-3.7670 -0.8144 0.0000
1.6016 4.5375 0.0000
1.4907 4.2672 0.0000
-1.2542 0.4591 0.0423
-1.3783 0.3437 0.0788
-1.4986 0.3218 0.1199
-1.4290 0.2533 0.1046
-1.3575 0.1887 0.0886
-1.2539 0.0931 0.0669
-1.4571 0.1604 0.1246
-1.5253 0.2316 0.1447
-1.5548 0.1385 0.1704
-1.5944 0.3059 0.1641
-1.6177 0.2099 0.1943
-1.7036 0.1952 0.2497
-1.5753 0.0480 0.1882
-1.6563 0.1097 0.2318
-1.7612 0.1342 0.3016
-1.7370 0.0457 0.2936
-3.1479 3.6590 0.0000
-2.9102 3.5672 0.0000
-3.2607 3.4329 0.0000
-3.3675 3.1997 0.0000
-1.7802 2.8539 0.0000
-2.0676 2.8047 0.0000
1.7524 1.3701 0.0026
1.5348 1.3487 0.0018
2.0764 3.1313 0.0000
1.7770 3.0673 0.0000
-1.9961 1.0772 0.0563
-2.2278 1.1422 0.0518
-3.3222 -1.9291 0.0000
-3.4558 -2.1494 0.0000
3.7607 0.3994 0.0000
-4.7093 4.2072 0.0000
-3.6911 -0.3325 0.0000
3.5142 -0.0165 0.0000
3.4129 -0.2306 0.0001
3.1687 -0.1349 0.0014
2.8884 -0.1176 0.0201
1.9714 -2.6188 0.0000
1.7047 -2.7402 0.0000
1.5184 -2.9158 0.0000
-4.4820 -4.2881 0.0000
4.7344 -3.9204 0.0000
4.4461 -4.0005 0.0000
1.4905 0.6458 0.0171
1.3400 0.4426 0.0160
-4.5157 -0.0318 0.0000
-4.7560 -0.1721 0.0000
-3.1683 -1.7042 0.0000
-4.7506 2.0641 0.0000
-3.1078 4.5317 0.0000
-0.1055 3.4100 0.0000
-4.7104 1.5246 0.0000
2.0763 2.1091 0.0001
-3.4588 -1.6774 0.0000
-3.6447 -1.9347 0.0000
-0.0288 -2.0338 0.0000
-0.1830 -2.2562 0.0000
1.9398 -2.9059 0.0000
1.9501 -3.2043 0.0000
1.7114 -3.0758 0.0000
1.6932 -3.3693 0.0000
-1.3595 -1.0001 0.0107
4.7617 -1.0768 0.0000
0.4778 -0.8304 0.0005
0.2855 -1.0573 0.0002
2.9733 -2.9955 0.0000
2.7115 -2.9857 0.0000
2.8273 -1.0876 0.0031
2.5742 -1.0765 0.0112
2.5221 -1.5494 0.0013
-2.1232 0.6494 0.2655
-2.2215 0.6977 0.2466
-2.2086 0.6187 0.2975
-2.3015 0.6805 0.2533
-2.2922 0.5943 0.3109
-2.3826 0.6423 0.2588
-2.4457 0.5724 0.2745
-2.1678 0.4607 0.4018
-2.2431 0.4063 0.4459
-2.2375 0.5219 0.3653
-2.3014 0.4701 0.3948
-2.3543 0.5382 0.3342
-2.4178 0.4795 0.3442
-2.4682 0.4017 0.3568
-2.3616 0.4152 0.4121
-2.3136 0.3389 0.4780
-2.4062 0.3340 0.4365
-2.5109 0.4985 0.2758
-2.5700 0.4261 0.2645
-2.5330 0.3424 0.3318
-2.6264 0.3404 0.2461
-2.3948 0.2468 0.4881
-2.4815 0.1832 0.4406
-2.4790 0.2806 0.4069
-2.5722 0.2540 0.3264
-2.6690 0.2539 0.2281
-2.5869 0.1697 0.3329
-2.6788 0.1698 0.2336
-3.8656 0.1748 0.0000
-4.0567 -0.0063 0.0000
-3.7909 -0.0888 0.0000
-3.9976 -0.2940 0.0000
4.4896 0.8965 0.0000
-3.2242 -2.2700 0.0000
-3.4758 -2.4322 0.0000
-0.8929 4.4518 0.0000
-1.1121 4.2178 0.0000
-4.7524 -3.8802 0.0000
-4.1997 2.4065 0.0000
-4.2392 2.1622 0.0000
-4.4598 2.4382 0.0000
-4.4922 2.1936 0.0000
-1.4674 -4.1835 0.0000
-1.7976 -4.2608 0.0000
-1.7828 -4.5271 0.0000
4.0286 -3.6943 0.0000
3.7752 -3.6128 0.0000
0.7267 -3.4812 0.0000
0.7561 -3.7697 0.0000
-0.8291 -0.2188 0.0138
-1.0469 -0.2962 0.0249
-1.2319 -0.3955 0.0434
-1.3403 -0.5691 0.0449
0.4500 4.7472 0.0000
0.1373 4.7286 0.0000
3.7017 -3.3221 0.0000
-0.5972 -2.0519 0.0000
-1.0020 -2.3515 0.0000
2.3122 0.0863 0.1899
2.2250 0.0507 0.1966
2.0696 0.1029 0.1774
2.1494 0.0722 0.1912
2.1090 -0.0015 0.1876
2.0160 0.0243 0.1692
2.0358 -0.0712 0.1720
4.0741 2.2515 0.0000
3.8523 2.0941 0.0000
-1.1063 0.6106 0.0177
-1.3479 0.6753 0.0343
-1.5607 0.7432 0.0584
-1.6521 0.6445 0.1026
-1.4168 0.5016 0.0673
-1.4683 0.4082 0.0954
-1.5192 0.6013 0.0753
-1.6143 0.5646 0.1109
-1.5389 0.4882 0.1032
-1.6318 0.4771 0.1400
-1.5645 0.3990 0.1312
-1.6645 0.3791 0.1817
-1.6893 0.2839 0.2206
3.2088 -2.2542 0.0000
-2.3028 0.9248 0.1229
-2.3972 0.9169 0.1151
-2.4300 0.8351 0.1432
-2.4826 0.9810 0.0771
-2.3416 0.8340 0.1611
-2.3703 0.7414 0.2046
-2.4508 0.7528 0.1757
-2.4677 0.6710 0.2104
-2.5033 0.8727 0.1084
-2.5187 0.7820 0.1385
-2.6015 0.8928 0.0738
-2.7573 0.8483 0.0402
-2.5866 0.7947 0.1080
-2.6499 0.7580 0.0942
-2.5361 0.5959 0.2123
-2.5535 0.6980 0.1582
-2.6147 0.6195 0.1563
-2.6434 0.6851 0.1187
-2.7496 0.6703 0.0733
-2.8092 0.5509 0.0681
-3.0957 -3.3721 0.0000
1.5711 -4.1770 0.0000
1.3403 -4.3191 0.0000
1.1352 -4.5009 0.0000
1.7887 2.3186 0.0000
1.5192 2.1773 0.0000
-2.2159 2.0731 0.0001
-2.4174 1.8513 0.0005
-1.4296 4.7413 0.0000
-1.6352 4.5094 0.0000
-1.9082 4.3786 0.0000
1.8780 -1.4373 0.0022
1.6538 -1.5947 0.0005
1.4030 -1.7429 0.0001
-0.1162 0.9647 0.0006
-0.2733 0.7254 0.0015
-0.4060 0.4690 0.0035
-4.2002 0.8953 0.0000
0.5767 0.2454 0.0023
0.6233 -0.0046 0.0027
1.4672 3.7647 0.0000
1.1902 3.7156 0.0000
-2.4883 2.0940 0.0001
-2.7420 2.0874 0.0000
-1.2304 -2.5344 0.0000
-1.4840 -2.4023 0.0000
-3.3160 3.9094 0.0000
-3.4478 3.6736 0.0000
-3.7337 3.6764 0.0000
-3.8547 3.4084 0.0000
-0.7508 -1.8164 0.0000
-0.7189 -2.8030 0.0000
-0.9773 -2.9567 0.0000
-2.6235 -0.4030 0.2296
-2.7155 -0.3791 0.1599
-2.7807 -0.4451 0.1014
-2.8588 -0.5428 0.0507
-2.6891 -0.4807 0.1536
-2.7386 -0.5679 0.1009
-2.8450 -0.7465 0.0332
0.5231 3.4272 0.0000
0.3533 3.2566 0.0000
1.1386 -1.0103 0.0015
0.9386 -1.1538 0.0004
0.7230 -1.2826 0.0001
-0.6451 4.5150 0.0000
0.0692 3.2015 0.0000
-0.0035 2.9478 0.0000
-0.2227 3.1234 0.0000
-1.1759 2.0321 0.0000
-1.3972 1.8855 0.0001
-1.0522 3.4209 0.0000
-1.3267 3.4510 0.0000
3.7278 -2.8150 0.0000
3.5809 -3.0528 0.0000
-3.1251 1.1709 0.0003
-3.3813 1.3334 0.0000
-3.4133 1.0644 0.0000
2.1453 2.6375 0.0000
2.0594 2.3581 0.0000
-4.5381 0.2671 0.0000
-4.7665 0.1323 0.0000
4.7659 -2.6500 0.0000
4.7275 -2.1316 0.0000
4.7259 -2.3803 0.0000
-2.7092 -2.7457 0.0000
-2.7683 -2.9851 0.0000
-3.3367 0.2940 0.0002
-3.0853 0.1622 0.0101
-3.3268 0.0321 0.0003
-0.6548 -0.7661 0.0016
-0.8904 -0.7560 0.0047
-1.1255 -0.8710 0.0074
4.2496 -3.4939 0.0000
3.9718 -2.2696 0.0000
3.8984 -2.5477 0.0000
3.5998 -2.5566 0.0000
3.4286 -2.7924 0.0000
3.2662 -3.0219 0.0000
-4.7303 1.7791 0.0000
4.7803 4.7831 0.0000
-2.1864 0.1221 0.5882
-2.2454 0.0488 0.6071
-2.2973 -0.0275 0.5998
-2.3577 -0.1022 0.5627
-2.3268 -0.1885 0.5514
-2.4149 -0.1900 0.4986
-2.5107 -0.1683 0.4177
-2.4855 -0.2610 0.4115
-2.5568 -0.3290 0.3176
-4.2122 1.1333 0.0000
-4.4633 1.1357 0.0000
-0.3851 3.3479 0.0000
-2.4639 -2.6248 0.0000
-3.9444 -1.5030 0.0000
4.2642 -0.7785 0.0000
4.2858 -1.0359 0.0000
4.0837 -0.5940 0.0000
3.9687 -0.8394 0.0000
4.0529 -1.0997 0.0000
3.8697 -1.2622 0.0000
-2.5302 0.0947 0.4099
-2.5789 0.0145 0.3611
-2.6341 -0.0499 0.2960
-2.6977 -0.1069 0.2223
-2.6732 -0.2094 0.2341
-2.7515 -0.1742 0.1638
-2.8074 -0.2364 0.1127
-2.8999 -0.1812 0.0614
-2.6342 0.0832 0.2929
-2.6916 0.0094 0.2331
-2.7360 0.0868 0.1849
-2.8051 0.0346 0.1263
-2.7593 -0.0420 0.1652
-2.8557 -0.0549 0.0901
-2.8034 -0.1210 0.1247
-2.7923 -0.3360 0.1112
-2.9072 -0.3564 0.0485
-4.2921 3.6534 0.0000
-4.1499 3.4062 0.0000
3.7575 3.3256 0.0000
3.5330 3.1387 0.0000
1.0911 4.4870 0.0000
-3.2142 0.5648 0.0009
-3.5073 0.5132 0.0000
4.7444 -1.6514 0.0000
-0.1825 -1.7694 0.0000
-0.4668 -1.7730 0.0000
2.4352 0.4068 0.1208
2.6029 0.3892 0.0783
2.5108 0.3455 0.1118
2.4241 0.3095 0.1411
2.4128 0.2214 0.1573
2.3225 0.2778 0.1654
2.3452 0.3633 0.1460
2.2640 0.3988 0.1458
2.2372 0.3214 0.1629
2.2276 0.2332 0.1786
2.3186 0.1837 0.1800
2.2323 0.1393 0.1906
2.1379 0.2571 0.1698
2.1462 0.1646 0.1833
0.9668 4.2085 0.0000
1.0324 3.9598 0.0000
-4.3931 4.2136 0.0000
-0.3625 1.9866 0.0000
1.6541 -2.2039 0.0000
1.4213 -2.2872 0.0000
1.5148 -2.5404 0.0000
1.2270 -2.4792 0.0000
1.0523 -2.7266 0.0000
1.6701 2.7882 0.0000
-0.7302 -3.0849 0.0000
-0.9772 -3.2589 0.0000
0.9868 1.1118 0.0013
-3.7857 -4.0241 0.0000
1.9826 -4.4801 0.0000
-2.1088 -1.2344 0.0291
-2.1874 -1.4784 0.0074
-2.4553 -1.5425 0.0043
-2.2759 -1.7410 0.0012
-2.5697 -1.7821 0.0006
-2.7452 -1.9485 0.0001
4.7318 4.5169 0.0000
4.5403 4.3439 0.0000
-3.7126 -3.4799 0.0000
-3.8436 -3.6979 0.0000
-2.0431 -0.6446 0.2468
-2.0999 -0.7329 0.2085
-2.1606 -0.7894 0.1849
-2.1062 -0.8578 0.1438
-2.2065 -0.8699 0.1455
-2.1393 -0.9425 0.1097
-2.2343 -0.9665 0.1033
-2.2777 -1.1152 0.0554
-0.3259 -2.0297 0.0000
-1.3808 0.0846 0.1022
-1.4044 -0.0051 0.1127
-1.4777 0.0722 0.1394
-1.5003 -0.0131 0.1518
-1.5800 -0.0517 0.1918
-1.6574 0.0051 0.2391
-1.7443 -0.0438 0.3001
-1.6555 -0.0931 0.2350
-1.7287 -0.1363 0.2803
-1.4744 -0.0823 0.1393
-1.5407 -0.1266 0.1675
-1.6198 -0.1690 0.2057
-1.6937 -0.2153 0.2434
-1.8214 -0.1129 0.3542
-1.7861 -0.2091 0.3082
-1.8754 -0.1937 0.3802
-1.7146 -0.3003 0.2371
-1.7948 -0.2903 0.2917
-1.8798 -0.2721 0.3582
-1.9551 -0.2918 0.4038
-1.8580 -0.3561 0.3100
-1.9401 -0.3891 0.3472
-1.9404 -0.4928 0.2925
-0.8449 3.6733 0.0000
-1.1613 3.6910 0.0000
4.2371 -4.2427 0.0000
4.2975 -4.4964 0.0000
1.8664 3.3451 0.0000
1.5771 3.2781 0.0000
4.4796 -2.0755 0.0000
4.4516 -2.3524 0.0000
4.2194 -2.1797 0.0000
4.1794 -2.4654 0.0000
-4.7740 -2.3424 0.0000
4.7438 2.1337 0.0000
4.7696 1.8842 0.0000
-4.4396 1.3980 0.0000
-4.7280 1.2869 0.0000
0.4320 -3.0420 0.0000
0.2362 -3.1889 0.0000
0.2364 -3.4872 0.0000
3.1077 4.5390 0.0000
