5.0000 5.0000 0.0000
0.0000 5.0000 0.0000
2.5000 5.0000 0.0000
3.7500 5.0000 0.0000
4.3750 5.0000 0.0000
4.6875 5.0000 0.0000
4.0625 5.0000 0.0000
3.1250 5.0000 0.0000
3.4375 5.0000 0.0000
2.8125 5.0000 0.0000
1.2500 5.0000 0.0000
1.8750 5.0000 0.0000
2.1875 5.0000 0.0000
1.5625 5.0000 0.0000
0.6250 5.0000 0.0000
0.9375 5.0000 0.0000
0.3125 5.0000 0.0000
-2.5000 5.0000 0.0000
-1.2500 5.0000 0.0000
-0.6250 5.0000 0.0000
-0.3125 5.0000 0.0000
-0.9375 5.0000 0.0000
-1.8750 5.0000 0.0000
-1.5625 5.0000 0.0000
-2.1875 5.0000 0.0000
-3.7500 5.0000 0.0000
-3.1250 5.0000 0.0000
-2.8125 5.0000 0.0000
-3.4375 5.0000 0.0000
-4.3750 5.0000 0.0000
-4.0625 5.0000 0.0000
-4.6875 5.0000 0.0000
5.0000 -5.0000 0.0000
5.0000 0.0000 0.0000
5.0000 -2.5000 0.0000
5.0000 -3.7500 0.0000
5.0000 -4.3750 0.0000
5.0000 -4.6875 0.0000
5.0000 -4.0625 0.0000
5.0000 -3.1250 0.0000
5.0000 -3.4375 0.0000
5.0000 -2.8125 0.0000
5.0000 -1.2500 0.0000
5.0000 -1.8750 0.0000
5.0000 -2.1875 0.0000
5.0000 -1.5625 0.0000
5.0000 -0.6250 0.0000
5.0000 -0.9375 0.0000
5.0000 -0.3125 0.0000
5.0000 2.5000 0.0000
5.0000 1.2500 0.0000
5.0000 0.6250 0.0000
5.0000 0.3125 0.0000
5.0000 0.9375 0.0000
5.0000 1.8750 0.0000
5.0000 1.5625 0.0000
5.0000 2.1875 0.0000
5.0000 3.7500 0.0000
5.0000 3.1250 0.0000
5.0000 2.8125 0.0000
5.0000 3.4375 0.0000
5.0000 4.3750 0.0000
5.0000 4.0625 0.0000
5.0000 4.6875 0.0000
-5.0000 -5.0000 0.0000
0.0000 -5.0000 0.0000
-2.5000 -5.0000 0.0000
-3.7500 -5.0000 0.0000
-4.3750 -5.0000 0.0000
-4.6875 -5.0000 0.0000
-4.0625 -5.0000 0.0000
-3.1250 -5.0000 0.0000
-3.4375 -5.0000 0.0000
-2.8125 -5.0000 0.0000
-1.2500 -5.0000 0.0000
-1.8750 -5.0000 0.0000
-2.1875 -5.0000 0.0000
-1.5625 -5.0000 0.0000
-0.6250 -5.0000 0.0000
-0.9375 -5.0000 0.0000
-0.3125 -5.0000 0.0000
2.5000 -5.0000 0.0000
1.2500 -5.0000 0.0000
0.6250 -5.0000 0.0000
0.3125 -5.0000 0.0000
0.9375 -5.0000 0.0000
1.8750 -5.0000 0.0000
1.5625 -5.0000 0.0000
2.1875 -5.0000 0.0000
3.7500 -5.0000 0.0000
3.1250 -5.0000 0.0000
2.8125 -5.0000 0.0000
3.4375 -5.0000 0.0000
4.3750 -5.0000 0.0000
4.0625 -5.0000 0.0000
4.6875 -5.0000 0.0000
-5.0000 5.0000 0.0000
-5.0000 0.0000 0.0000
-5.0000 2.5000 0.0000
-5.0000 3.7500 0.0000
-5.0000 4.3750 0.0000
-5.0000 4.6875 0.0000
-5.0000 4.0625 0.0000
-5.0000 3.1250 0.0000
-5.0000 3.4375 0.0000
-5.0000 2.8125 0.0000
-5.0000 1.2500 0.0000
-5.0000 1.8750 0.0000
-5.0000 2.1875 0.0000
-5.0000 1.5625 0.0000
-5.0000 0.6250 0.0000
-5.0000 0.9375 0.0000
-5.0000 0.3125 0.0000
-5.0000 -2.5000 0.0000
-5.0000 -1.2500 0.0000
-5.0000 -0.6250 0.0000
-5.0000 -0.3125 0.0000
-5.0000 -0.9375 0.0000
-5.0000 -1.8750 0.0000
-5.0000 -1.5625 0.0000
-5.0000 -2.1875 0.0000
-5.0000 -3.7500 0.0000
-5.0000 -3.1250 0.0000
-5.0000 -2.8125 0.0000
-5.0000 -3.4375 0.0000
-5.0000 -4.3750 0.0000
-5.0000 -4.0625 0.0000
-5.0000 -4.6875 0.0000
-4.7344 0.2437 0.0000
-3.8293 2.8661 0.0000
-3.8562 2.5741 0.0000
1.8079 4.4947 0.0000
-0.2702 -2.8859 0.0000
-1.2477 -4.4868 0.0000
-1.4112 -4.7480 0.0000
-1.3683 -0.0829 0.0993
0.9180 4.0498 0.0000
4.7385 3.9776 0.0000
4.7410 3.7409 0.0000
-1.6109 3.7587 0.0000
1.5239 1.1681 0.0033
-0.3973 -2.1334 0.0000
-0.6290 -2.1426 0.0000
-3.4196 -0.8953 0.0000
1.7599 2.1844 0.0000
1.5533 1.9730 0.0001
1.7593 3.9945 0.0000
3.6095 2.7984 0.0000
3.6948 2.5430 0.0000
-0.8712 -2.1642 0.0000
-4.6010 2.5440 0.0000
4.7649 1.0953 0.0000
-0.0080 -4.5225 0.0000
3.5206 -4.0057 0.0000
3.4699 -4.2847 0.0000
-1.7231 1.9869 0.0001
1.5905 -4.5218 0.0000
3.0057 1.0139 0.0014
2.1850 -1.2042 0.0110
4.2451 3.5443 0.0000
3.9990 3.4016 0.0000
-3.5303 -2.1330 0.0000
-3.6903 -2.4221 0.0000
-3.9783 -2.4232 0.0000
-3.8491 -2.6841 0.0000
-2.6059 -0.0898 0.3231
-2.6400 -0.1817 0.2718
-2.7267 -0.1851 0.1841
-2.8023 -0.1854 0.1207
-2.8970 -0.2331 0.0603
-2.6608 -0.2776 0.2304
-2.7401 -0.2593 0.1618
-2.7910 -0.3031 0.1163
-2.7080 -0.3536 0.1706
-2.8383 -0.3758 0.0785
-3.1482 -0.7122 0.0019
2.2824 3.7379 0.0000
2.0179 3.6235 0.0000
-3.4571 -1.4892 0.0000
-3.4825 -1.7800 0.0000
-3.7205 -1.9001 0.0000
-3.8259 -2.1709 0.0000
-1.0845 -1.5553 0.0001
4.2124 4.1172 0.0000
3.9287 4.0030 0.0000
4.0012 3.7155 0.0000
0.6454 -2.9438 0.0000
0.7659 -3.2227 0.0000
0.4725 -3.1562 0.0000
-3.9286 -3.1930 0.0000
-3.9860 -3.4383 0.0000
-4.2025 -3.6604 0.0000
-4.2901 -3.9458 0.0000
-3.2473 1.4006 0.0000
-3.4625 1.2036 0.0000
-4.7507 -3.6022 0.0000
2.7029 -0.0629 0.0694
2.5677 -0.1098 0.1201
2.5899 -0.0155 0.1137
2.4958 -0.0360 0.1497
2.4980 -0.1666 0.1422
2.5617 -0.2241 0.1141
2.3853 -0.0347 0.1827
2.4528 -0.1051 0.1615
2.3730 -0.1283 0.1806
2.4779 -0.2640 0.1381
2.4109 -0.2080 0.1639
2.4204 -0.3211 0.1451
2.3103 -0.1960 0.1835
2.3842 -0.4029 0.1371
2.3527 -0.2790 0.1656
2.3057 -0.3516 0.1581
2.2849 -0.4385 0.1407
2.2505 -0.2747 0.1756
2.1564 -0.2662 0.1733
2.2040 -0.3704 0.1566
0.6951 -3.7218 0.0000
0.2447 -3.9909 0.0000
0.3393 -3.4068 0.0000
-4.4963 0.6980 0.0000
-3.5163 1.5023 0.0000
-1.9925 2.0009 0.0002
1.9560 -2.3505 0.0000
-1.7217 -1.2797 0.0094
-1.9625 -1.3950 0.0090
-2.0326 -1.6712 0.0016
-3.8787 2.2837 0.0000
3.5515 3.5955 0.0000
-4.2457 -0.6039 0.0000
2.6075 3.9052 0.0000
2.3457 3.9663 0.0000
2.8985 -2.0374 0.0000
0.2879 -2.3421 0.0000
0.2676 -2.5968 0.0000
0.0723 -2.7574 0.0000
-2.1422 -4.0122 0.0000
-2.2675 -4.2952 0.0000
2.6089 0.4437 0.0718
2.3948 0.3955 0.1340
2.5009 0.3545 0.1159
2.4167 0.3178 0.1444
2.4886 0.2566 0.1342
2.3993 0.2243 0.1634
2.3800 0.1370 0.1779
-4.4903 4.7172 0.0000
-4.7553 4.7692 0.0000
-4.7694 4.5175 0.0000
-4.7469 -1.6599 0.0000
2.4858 2.3997 0.0000
2.2404 2.2657 0.0000
2.0191 2.0922 0.0001
4.7589 0.7833 0.0000
4.5228 0.9548 0.0000
4.3150 0.8094 0.0000
-0.4937 0.3327 0.0050
-1.9466 0.4097 0.3361
-2.1038 0.3723 0.4396
-2.0093 0.3500 0.4052
-2.0561 0.2783 0.4695
-2.1550 0.2905 0.5054
-2.1025 0.2039 0.5277
-2.2121 0.2185 0.5531
-2.2739 0.1559 0.5753
-2.1684 0.1407 0.5755
-2.2262 0.0885 0.5975
-2.2383 -0.0052 0.6065
-2.3078 0.0566 0.5894
-2.3276 -0.0397 0.5832
-2.3940 0.0366 0.5438
-2.4165 -0.0600 0.5239
-2.5095 -0.0724 0.4332
-1.9354 -2.0562 0.0001
-2.4378 4.3200 0.0000
-2.7138 3.9128 0.0000
-1.6005 -4.0256 0.0000
-1.8584 -3.9820 0.0000
1.4179 -4.7665 0.0000
-3.5558 3.2867 0.0000
1.0696 -1.0330 0.0011
0.9000 -1.3172 0.0002
-2.9836 3.8120 0.0000
-3.2218 3.6910 0.0000
-3.4128 3.5125 0.0000
2.4523 0.6786 0.0662
2.4972 0.5436 0.0834
2.4822 0.4379 0.1064
1.1008 -2.7610 0.0000
0.9306 -2.9909 0.0000
3.8771 2.0187 0.0000
-2.8659 -2.9980 0.0000
-3.6799 0.9994 0.0000
-3.8036 0.7661 0.0000
3.1594 1.8438 0.0000
3.0060 1.5932 0.0001
-4.0733 -2.8961 0.0000
-3.4794 3.7850 0.0000
-2.3549 -3.8070 0.0000
-2.6644 -1.2602 0.0117
-2.9767 -1.4562 0.0005
1.9753 2.3887 0.0000
-4.4558 -0.3709 0.0000
-4.2936 1.5212 0.0000
-4.5520 1.5323 0.0000
1.7259 -4.7593 0.0000
-2.9609 -4.7225 0.0000
0.1427 -3.5461 0.0000
0.0581 -3.7907 0.0000
-4.2398 0.1477 0.0000
1.4339 -2.2620 0.0000
-1.8988 -3.4669 0.0000
-2.0566 -3.7402 0.0000
0.1478 -2.1272 0.0000
-0.1302 -2.1477 0.0000
-0.2999 -2.3877 0.0000
-0.5933 -2.3921 0.0000
3.1713 2.9343 0.0000
3.1101 2.6530 0.0000
1.1970 1.0551 0.0023
-2.2384 1.4758 0.0085
-2.2314 1.2567 0.0297
2.4981 2.6625 0.0000
0.1292 -0.1681 0.0014
-0.0508 -0.3803 0.0011
1.2193 -2.0423 0.0000
1.1722 -2.3301 0.0000
-3.1122 2.6321 0.0000
-3.5057 -4.5262 0.0000
-3.7390 -4.7669 0.0000
3.4081 -1.8925 0.0000
3.5154 -4.7752 0.0000
-3.8135 4.1793 0.0000
-4.1020 4.1974 0.0000
-0.9165 -1.3457 0.0002
-1.2298 -1.3046 0.0010
-1.3083 -1.6207 0.0002
-2.6425 2.2011 0.0000
-2.7987 1.9615 0.0000
2.6375 -2.0879 0.0000
2.4033 -2.1245 0.0000
1.5036 3.0147 0.0000
-4.2979 3.2439 0.0000
-4.5338 3.1307 0.0000
-4.7734 2.9845 0.0000
3.7931 -0.4132 0.0000
3.4956 -0.4516 0.0000
-2.8102 2.4382 0.0000
-3.0685 2.3982 0.0000
-3.2765 2.2771 0.0000
2.3027 -4.2323 0.0000
2.1552 -4.4947 0.0000
3.1748 0.7827 0.0005
1.8214 0.0302 0.1200
1.7612 -0.0409 0.1028
1.6719 -0.0956 0.0787
1.6309 -0.2433 0.0621
-2.0313 4.7529 0.0000
-2.2164 4.5292 0.0000
1.3794 -1.4885 0.0004
1.1319 -1.7946 0.0000
0.1751 2.0440 0.0000
-2.6494 -3.9574 0.0000
-1.7825 -2.8679 0.0000
-2.9389 2.1749 0.0000
-3.1534 2.0549 0.0000
1.0776 2.5768 0.0000
1.2041 2.3166 0.0000
0.9256 2.3025 0.0000
1.6662 0.1688 0.0744
2.8687 1.3641 0.0009
2.7938 1.1340 0.0036
-3.7359 1.2965 0.0000
-3.9530 1.1062 0.0000
-4.0271 0.8682 0.0000
2.7658 2.1162 0.0000
2.8799 1.8545 0.0001
2.5954 1.8639 0.0002
0.6218 4.5121 0.0000
0.4451 4.3131 0.0000
-0.0117 4.5405 0.0000
-0.1667 4.3060 0.0000
-4.1180 2.4608 0.0000
2.6979 -3.3799 0.0000
2.4190 -3.4164 0.0000
2.1404 -3.4421 0.0000
2.0295 -3.7114 0.0000
-0.7871 -1.6281 0.0000
4.3558 2.1077 0.0000
4.1948 4.7720 0.0000
4.7740 4.7690 0.0000
3.5131 -2.8096 0.0000
0.5221 -4.4993 0.0000
0.2619 -4.5025 0.0000
0.2769 -4.7477 0.0000
0.0460 -4.7576 0.0000
2.5005 4.1995 0.0000
2.2047 4.2023 0.0000
2.0391 3.9252 0.0000
4.7415 -4.1946 0.0000
0.7396 3.3245 0.0000
-3.4193 -2.4262 0.0000
-3.5713 -2.7019 0.0000
0.7775 4.7572 0.0000
0.7714 4.2754 0.0000
2.0524 3.0027 0.0000
1.7719 2.9386 0.0000
2.9685 -1.7678 0.0000
2.6705 -1.8275 0.0002
2.3500 -1.3680 0.0047
2.2196 -1.6002 0.0014
-4.2220 1.2104 0.0000
-4.2662 0.9656 0.0000
-4.5040 0.9702 0.0000
0.0721 3.2167 0.0000
-4.4822 -3.1583 0.0000
-4.7422 -3.3016 0.0000
-0.2199 3.1185 0.0000
-2.7540 1.6928 0.0004
-0.9479 4.4982 0.0000
-0.8854 4.0189 0.0000
-2.0054 1.4740 0.0070
-2.0251 1.2185 0.0302
-2.1351 1.0735 0.0678
-2.2208 0.9855 0.1003
-2.2392 0.9107 0.1312
-0.7517 -1.1117 0.0004
-1.7006 4.3492 0.0000
4.7787 -3.8722 0.0000
4.5921 -3.9630 0.0000
4.7528 -1.0995 0.0000
-3.3858 0.9198 0.0000
-3.5478 0.7044 0.0000
-4.7469 -1.3794 0.0000
1.6060 -1.6060 0.0004
1.3779 -1.7541 0.0001
-1.7250 0.3280 0.2300
-1.6106 0.5746 0.1075
-1.6971 0.5258 0.1537
-1.7045 0.4246 0.1890
-1.7813 0.4821 0.2087
-1.7952 0.3879 0.2526
-1.8194 0.2890 0.3042
-1.8811 0.3545 0.3210
-1.9433 0.3029 0.3861
-1.8904 0.2360 0.3741
-1.9859 0.2264 0.4481
-1.6286 0.3642 0.1675
-1.6494 0.2745 0.1993
-1.5723 0.2269 0.1674
-1.6631 0.1816 0.2257
-1.7465 0.1317 0.2905
-1.7449 0.2318 0.2691
-1.8259 0.1788 0.3412
-1.9194 0.1370 0.4252
-2.0225 0.1510 0.4994
-2.0937 0.1036 0.5554
-1.8319 0.0804 0.3638
-1.7443 0.0355 0.2988
-1.9070 0.0240 0.4304
-1.8211 -0.0238 0.3599
-1.8951 -0.0779 0.4167
-1.9886 0.0675 0.4923
-1.9876 -0.0335 0.4949
-2.0642 0.0232 0.5492
-2.1521 0.0311 0.5917
-2.0785 -0.0598 0.5545
-2.0644 -0.1380 0.5300
-2.1611 -0.0624 0.5912
-2.1537 -0.1490 0.5684
-2.2504 -0.0961 0.5952
-2.2426 -0.1797 0.5700
-2.4759 0.2878 0.4046
-2.5092 0.1972 0.4069
-2.5696 0.2820 0.3183
-2.6591 0.2645 0.2339
-2.6012 0.1893 0.3113
-2.6701 0.1504 0.2442
-2.6364 0.0750 0.2896
-2.5725 0.0041 0.3664
-2.6653 -0.0140 0.2603
-2.7297 0.0368 0.1924
-2.7353 0.1000 0.1838
-2.8251 0.0795 0.1095
-2.7689 -0.0253 0.1562
-2.7068 -0.0974 0.2124
-2.7992 -0.1056 0.1284
-3.6758 3.5808 0.0000
1.6593 -2.4560 0.0000
3.5855 -3.7381 0.0000
3.2894 -3.8408 0.0000
3.0168 -3.8765 0.0000
3.2570 -4.1185 0.0000
3.0259 -4.1303 0.0000
2.7795 -4.1460 0.0000
-1.5415 -3.7839 0.0000
0.7955 -2.3962 0.0000
0.5565 -2.5733 0.0000
0.4499 -2.8028 0.0000
4.7376 1.7240 0.0000
-0.5106 1.6632 0.0000
4.7368 -3.5841 0.0000
4.4928 -3.7099 0.0000
3.4404 -3.0789 0.0000
3.2653 -3.3221 0.0000
3.3972 -3.5699 0.0000
3.1270 -3.5954 0.0000
-3.7077 -1.3253 0.0000
1.4947 0.1309 0.0425
1.2934 0.0626 0.0213
4.7472 4.2359 0.0000
4.7511 2.0461 0.0000
4.5246 1.9052 0.0000
-3.7029 0.4735 0.0000
-1.5357 -4.5006 0.0000
-1.7893 -4.5332 0.0000
-1.7146 -4.7612 0.0000
-2.0172 -4.7588 0.0000
-1.6730 -1.0287 0.0288
-1.4813 -1.4995 0.0009
-1.7313 -1.5588 0.0015
2.7853 -1.5456 0.0005
2.5062 -1.5957 0.0010
2.8547 -3.6265 0.0000
2.5797 -3.6681 0.0000
2.3088 -3.7021 0.0000
4.0687 -0.3617 0.0000
1.0781 4.2603 0.0000
-2.4730 -4.5185 0.0000
-2.6520 -4.7529 0.0000
3.0214 4.7364 0.0000
-1.3204 -2.6443 0.0000
-1.5947 -2.6322 0.0000
-1.4989 -2.9257 0.0000
-1.7630 -3.1930 0.0000
2.0853 4.4738 0.0000
1.0961 0.2432 0.0093
0.8227 0.1634 0.0043
-1.0285 -2.6396 0.0000
-1.1775 -2.8817 0.0000
1.2890 1.7885 0.0001
1.1290 1.5379 0.0003
1.0502 3.3286 0.0000
3.1841 -4.4237 0.0000
2.8311 3.6594 0.0000
3.0262 3.4300 0.0000
2.7427 3.3939 0.0000
2.5344 3.6224 0.0000
3.4206 -2.1748 0.0000
3.2979 -2.3636 0.0000
3.2312 -2.6121 0.0000
0.5975 -0.0273 0.0025
-2.1602 -2.4922 0.0000
-2.1508 0.6423 0.2744
-2.1976 0.5548 0.3394
-2.1152 0.5474 0.3290
-2.1981 0.4665 0.4010
-2.2825 0.5148 0.3656
-2.3764 0.4591 0.3756
-2.2797 0.4205 0.4311
-2.3344 0.3594 0.4563
-2.3823 0.2928 0.4712
2.4364 -4.5016 0.0000
0.4057 0.4859 0.0022
0.2205 0.2904 0.0025
0.0184 0.0989 0.0029
1.6095 2.7312 0.0000
1.3948 2.5310 0.0000
0.0696 1.1826 0.0002
-0.0964 1.9828 0.0000
-0.1979 1.7074 0.0000
4.7390 2.6700 0.0000
3.3564 0.5726 0.0001
3.2824 0.3353 0.0003
0.6677 0.9066 0.0014
0.4179 0.7883 0.0014
-3.3373 2.8121 0.0000
-3.5970 2.6903 0.0000
-0.7023 1.1410 0.0006
2.2982 1.2757 0.0074
3.6694 -2.3284 0.0000
3.4841 -2.5368 0.0000
1.9758 4.7452 0.0000
-0.7805 -0.5999 0.0053
-0.8818 -0.8539 0.0029
-0.1805 -1.6302 0.0000
0.4540 3.8373 0.0000
4.5271 -1.5603 0.0000
-4.2268 -1.3878 0.0000
4.3958 -4.0319 0.0000
4.2178 -4.2176 0.0000
-0.6493 1.9392 0.0000
-0.7922 1.7383 0.0000
-1.0183 1.7492 0.0000
-2.1405 -0.4222 0.4187
-2.1571 -0.5209 0.3547
-2.2448 -0.5571 0.3362
-2.1733 -0.6164 0.2913
-2.2738 -0.6471 0.2725
-2.1994 -0.7064 0.2347
-2.2998 -0.7377 0.2126
-2.3762 -0.6723 0.2374
-2.3964 -0.7643 0.1801
-2.2229 -0.7974 0.1819
-2.3179 -0.8345 0.1575
-2.3449 -0.9260 0.1131
-2.4143 -0.8572 0.1315
-2.4526 -0.9422 0.0915
0.5119 0.2291 0.0023
0.3147 0.0265 0.0019
-3.9846 -4.7226 0.0000
1.4373 -0.6940 0.0130
1.3827 -0.9835 0.0039
2.2826 1.9940 0.0002
2.0817 1.8047 0.0005
-0.8936 -3.3865 0.0000
-2.2227 -1.4597 0.0085
3.9689 -2.4416 0.0000
3.7463 -2.6198 0.0000
3.7602 -2.9095 0.0000
1.8199 0.7064 0.0412
1.5911 0.7190 0.0197
1.3765 0.6450 0.0121
0.0947 -0.6425 0.0006
-0.0516 -0.8871 0.0003
2.2546 0.5739 0.1071
2.1615 0.5548 0.1105
2.1266 0.4709 0.1283
2.0458 0.5022 0.1117
2.1000 0.3834 0.1449
2.0237 0.4140 0.1273
1.9925 0.3376 0.1360
1.9321 0.2692 0.1330
4.4874 3.9977 0.0000
4.2262 3.8501 0.0000
2.3300 0.2981 0.1639
2.2494 0.3165 0.1667
2.2209 0.2317 0.1821
2.3016 0.2046 0.1826
2.1942 0.1481 0.1923
2.1184 0.2097 0.1778
2.1156 0.0936 0.1890
2.0138 0.2254 0.1574
2.0508 0.1454 0.1737
1.9423 0.1641 0.1471
1.3874 4.7575 0.0000
2.0185 0.7214 0.0605
1.9621 0.5822 0.0814
1.9473 0.4613 0.1036
1.8431 0.5242 0.0714
1.9136 0.3751 0.1124
1.8345 0.4170 0.0874
1.7272 0.3722 0.0699
1.7548 0.2466 0.0903
1.5852 0.3064 0.0487
4.7541 -0.1622 0.0000
3.0365 4.1300 0.0000
2.5943 1.3298 0.0036
2.5266 1.0846 0.0131
-4.4897 1.2534 0.0000
-4.7670 1.3932 0.0000
1.3552 4.2509 0.0000
-1.3920 2.4516 0.0000
-1.5075 2.1941 0.0000
4.2786 -0.5107 0.0000
4.0021 -0.6522 0.0000
-3.6917 -0.7802 0.0000
-3.6947 -1.0436 0.0000
-0.4404 -2.6425 0.0000
-0.1801 -1.1347 0.0001
-1.7657 -0.3855 0.2406
-1.7041 -0.1364 0.2624
-1.7337 -0.2165 0.2687
-1.7638 -0.3032 0.2661
-1.8322 -0.4442 0.2558
-1.8060 -0.1340 0.3372
-1.8310 -0.2386 0.3318
-1.9003 -0.1750 0.4021
-1.9244 -0.2713 0.3881
-1.8569 -0.3441 0.3125
-1.9564 -0.3589 0.3699
-1.9183 -0.4315 0.3105
-1.9842 -0.5491 0.2794
-1.8997 -0.5165 0.2578
-1.8964 -0.6089 0.2110
-2.0267 -0.2989 0.4427
-2.0482 -0.3906 0.4036
-1.9904 -0.4594 0.3343
-2.0708 -0.4900 0.3510
-2.0783 -0.5838 0.2927
-1.9999 -0.6451 0.2306
-2.0986 -0.6762 0.2397
1.5152 4.5063 0.0000
-0.8028 -3.7450 0.0000
-1.0742 -3.8819 0.0000
1.2110 3.6083 0.0000
-0.1531 0.9667 0.0006
-4.2967 -4.2275 0.0000
-4.5284 -4.3834 0.0000
-4.7589 -4.5166 0.0000
-4.7795 -4.7853 0.0000
2.9044 0.7268 0.0071
2.8143 0.4848 0.0233
-1.9255 -0.6961 0.1800
-1.9452 -0.7757 0.1492
-2.0249 -0.7388 0.1870
-2.0504 -0.8261 0.1489
-2.1248 -0.7662 0.1917
-1.9744 -0.8562 0.1216
-2.0702 -0.9148 0.1129
-2.1472 -0.8574 0.1467
-2.1643 -0.9542 0.1054
-2.2398 -0.8902 0.1348
-2.2684 -0.9656 0.1023
-3.2426 4.2623 0.0000
-3.2538 3.9828 0.0000
-3.5258 4.2794 0.0000
-1.3861 4.7649 0.0000
-2.7664 -1.9996 0.0000
-2.9868 -2.1669 0.0000
-0.8455 0.6857 0.0061
-2.2020 -2.1945 0.0000
0.3173 3.0603 0.0000
0.2787 2.7847 0.0000
-0.0076 2.6915 0.0000
-2.7776 3.3409 0.0000
1.7560 -0.1680 0.0954
1.7772 -0.2747 0.0912
1.5194 -0.4747 0.0300
-4.7531 1.1013 0.0000
-2.0608 3.0696 0.0000
0.4076 -1.0770 0.0002
1.2259 -3.5242 0.0000
0.9958 -3.7430 0.0000
1.0950 -4.0125 0.0000
2.3061 1.0044 0.0257
2.3064 0.7943 0.0566
2.3105 0.6550 0.0854
2.1352 0.8624 0.0432
2.1784 0.6772 0.0819
2.0806 0.5936 0.0948
-4.7319 2.3127 0.0000
-3.3691 2.5138 0.0000
-3.6189 2.3918 0.0000
2.0271 -0.7723 0.0536
1.8476 -0.7149 0.0443
4.5045 -0.0307 0.0000
3.3914 3.3903 0.0000
3.1957 3.1949 0.0000
1.9372 2.6932 0.0000
1.7048 2.4762 0.0000
4.1897 1.9281 0.0000
0.8211 1.5170 0.0001
0.7701 1.2171 0.0005
-2.4997 1.5838 0.0030
-3.1389 4.5385 0.0000
-2.9461 4.3569 0.0000
-2.9785 4.0874 0.0000
4.4916 -4.2756 0.0000
4.2251 -4.4799 0.0000
0.4281 -2.0454 0.0000
2.5751 -0.8655 0.0261
-4.0171 1.4029 0.0000
1.7520 -3.7196 0.0000
1.8958 -3.9744 0.0000
1.6142 -3.9765 0.0000
1.3800 -4.0436 0.0000
4.7361 -2.0458 0.0000
4.5047 -2.2312 0.0000
4.2446 -2.5726 0.0000
4.0019 -2.7480 0.0000
-2.2369 3.5282 0.0000
-2.5070 3.4575 0.0000
2.6494 3.1221 0.0000
2.4733 3.3169 0.0000
2.2801 3.1522 0.0000
2.4275 2.9625 0.0000
-1.1098 4.2174 0.0000
-1.1017 3.8964 0.0000
-1.3627 4.0076 0.0000
-1.3177 3.7438 0.0000
1.2110 -1.2524 0.0007
1.1206 -1.5241 0.0001
0.8665 -1.6349 0.0000
0.6147 -1.8190 0.0000
-1.5332 -1.8095 0.0001
-1.8200 -1.8284 0.0003
-1.6675 -2.0841 0.0000
-1.6838 -2.3390 0.0000
-1.9425 -2.3054 0.0000
-1.1197 -2.1165 0.0000
-4.3396 -2.8929 0.0000
3.4719 3.1146 0.0000
3.3849 2.8835 0.0000
3.3914 2.6101 0.0000
-4.0453 -0.0564 0.0000
-1.7187 -4.2685 0.0000
-1.9931 -4.2450 0.0000
-1.9722 -4.4768 0.0000
-2.1874 -4.5399 0.0000
-2.3402 -4.7686 0.0000
-2.2284 -3.5161 0.0000
-2.5117 -3.6259 0.0000
0.1172 -1.6160 0.0000
0.2528 -1.8630 0.0000
-0.0339 -1.8804 0.0000
-4.0011 2.0404 0.0000
3.7215 -3.1663 0.0000
3.5550 -3.3608 0.0000
-4.4876 0.1913 0.0000
-4.7794 0.0166 0.0000
-3.9840 0.5567 0.0000
-4.2182 0.4098 0.0000
-0.4742 4.2965 0.0000
-0.7868 4.2751 0.0000
-0.6023 4.0517 0.0000
-0.7325 3.7961 0.0000
-4.1378 -0.3416 0.0000
-0.3096 1.4636 0.0000
-0.5369 1.3445 0.0001
1.7418 3.7408 0.0000
3.3867 3.7640 0.0000
3.2205 3.5739 0.0000
0.2940 4.0747 0.0000
0.1461 3.8375 0.0000
0.4695 1.6218 0.0000
-1.6960 4.7721 0.0000
-1.0469 0.5542 0.0169
-1.0482 0.3088 0.0272
-1.2294 0.4271 0.0416
0.8157 -3.9807 0.0000
0.6608 -4.2337 0.0000
-0.1550 0.2800 0.0034
-0.3342 0.1198 0.0046
0.5004 2.0163 0.0000
0.3389 1.8191 0.0000
2.2812 0.1122 0.1946
2.2063 0.0526 0.1996
2.3557 0.0533 0.1883
2.2884 0.0015 0.1986
2.2110 -0.0461 0.2000
2.1321 -0.0043 0.1942
2.0789 -0.0779 0.1835
2.2840 -0.0988 0.1956
2.2184 -0.1775 0.1899
2.1646 -0.1059 0.1939
2.1198 -0.1781 0.1815
2.0452 -0.1918 0.1667
2.0061 -0.1211 0.1649
1.9530 -0.2015 0.1440
-1.4793 -1.0887 0.0110
-1.4948 -1.2917 0.0037
1.8429 0.3080 0.1056
1.8548 0.2062 0.1204
1.8685 0.1045 0.1312
1.7808 0.1374 0.1054
1.7408 0.0569 0.0976
1.6381 0.0291 0.0724
1.4920 -0.0837 0.0439
0.4967 -0.5084 0.0013
4.2325 1.0953 0.0000
3.8993 1.0856 0.0000
4.0415 0.8586 0.0000
3.9056 0.5970 0.0000
3.7516 0.8323 0.0000
3.6204 0.5610 0.0000
4.5528 4.4924 0.0000
4.4869 4.2586 0.0000
-4.4126 2.3672 0.0000
0.3178 -1.3728 0.0000
-0.4806 -1.6299 0.0000
2.7068 -4.4903 0.0000
2.6322 -4.7530 0.0000
2.3241 -4.7543 0.0000
2.3758 0.5716 0.0983
2.3146 0.4988 0.1219
2.3996 0.4801 0.1151
2.2259 0.4798 0.1305
2.1970 0.3940 0.1502
2.9556 -2.8184 0.0000
2.8248 -3.0975 0.0000
2.6488 -2.8633 0.0000
2.5349 -3.1353 0.0000
2.2513 -3.1646 0.0000
-1.3004 0.0957 0.0780
-1.3834 0.0127 0.1050
-1.2609 0.2368 0.0613
-1.3911 0.2011 0.0978
-1.3664 0.3350 0.0769
-1.4505 0.2842 0.1081
-1.5413 0.3115 0.1385
-1.4890 0.2127 0.1319
-1.4957 0.1321 0.1432
-1.5778 0.1396 0.1823
-1.4094 0.1106 0.1106
-1.4502 -0.1495 0.1257
-1.4844 0.0409 0.1435
-1.5752 0.0536 0.1879
-1.5573 -0.0340 0.1797
-1.6625 0.0862 0.2379
-1.6297 -0.0982 0.2182
-1.6550 -0.0109 0.2374
-1.7348 -0.0587 0.2915
-1.4651 -0.0546 0.1358
-1.5427 -0.1286 0.1680
-1.6250 -0.2014 0.2038
-2.6916 -2.8120 0.0000
-2.6601 -3.1716 0.0000
-2.1975 0.3771 0.4614
-2.2601 0.3081 0.5053
-2.3171 0.2350 0.5311
-2.3572 0.1327 0.5511
-2.4533 0.1159 0.4825
-2.4139 0.2064 0.4889
-2.4837 0.0229 0.4642
-2.5513 0.1053 0.3826
3.5940 1.0726 0.0000
3.4674 0.8213 0.0000
-1.1425 0.8280 0.0095
3.9681 -4.7364 0.0000
-0.1740 -4.2994 0.0000
-0.2897 -4.5577 0.0000
-0.1986 -4.7805 0.0000
-2.8390 4.6201 0.0000
0.7309 -0.3613 0.0027
3.2332 -4.7363 0.0000
-2.6576 1.1336 0.0209
-2.8712 1.1061 0.0061
-2.7330 0.8912 0.0394
-2.9673 0.9236 0.0058
-3.1446 0.8078 0.0012
-3.0033 1.5583 0.0001
4.7577 -1.4021 0.0000
-2.7305 1.3970 0.0035
-2.9790 1.2885 0.0009
-3.1792 1.1079 0.0002
0.7751 -4.5012 0.0000
0.8050 -4.7504 0.0000
0.5276 -4.7472 0.0000
2.2235 2.8073 0.0000
2.2190 2.5418 0.0000
3.1739 -2.0084 0.0000
3.9953 0.1057 0.0000
-4.5422 4.0606 0.0000
-4.7636 3.9017 0.0000
0.9682 1.7768 0.0000
0.6697 1.7663 0.0000
1.0521 -0.0172 0.0093
0.8141 -0.1240 0.0042
1.8534 -3.4627 0.0000
1.5430 -3.4922 0.0000
1.4860 -3.7385 0.0000
1.2701 -3.7967 0.0000
0.6400 2.2863 0.0000
0.0834 1.7500 0.0000
4.3511 1.7369 0.0000
-4.7416 2.0052 0.0000
-1.4125 -0.5340 0.0635
-1.4795 -0.4436 0.0985
-1.5402 -0.5503 0.0966
-1.6320 -0.6325 0.1055
-1.5120 -0.6630 0.0649
-1.6361 -0.7240 0.0826
-1.6500 -0.8301 0.0604
1.4950 -1.9766 0.0000
3.1953 0.1245 0.0011
3.2353 -0.5339 0.0004
3.0391 -0.0657 0.0057
2.8221 -0.2185 0.0309
3.0242 -0.3496 0.0051
2.9638 -0.6211 0.0052
1.4530 3.7837 0.0000
1.7911 3.4545 0.0000
1.5162 3.5299 0.0000
-0.8773 -2.3976 0.0000
-1.1571 -2.3746 0.0000
2.7815 4.2074 0.0000
2.6358 4.4651 0.0000
4.2535 -3.8473 0.0000
-4.3134 -0.1217 0.0000
-4.5338 -0.0493 0.0000
3.2457 -2.8427 0.0000
3.1163 -3.0826 0.0000
2.9785 -3.3475 0.0000
-4.5935 -2.8643 0.0000
-4.7700 -3.0081 0.0000
0.3765 -0.7123 0.0007
0.2239 -0.8982 0.0003
0.1176 -1.1457 0.0001
4.7522 3.2462 0.0000
4.7595 2.9559 0.0000
-2.6596 4.7847 0.0000
-4.2425 -3.3685 0.0000
-4.4897 -3.4735 0.0000
4.5340 3.0289 0.0000
4.4718 2.7800 0.0000
4.4947 2.5010 0.0000
4.5465 2.2317 0.0000
2.8774 3.9379 0.0000
-3.5509 -0.3338 0.0000
-3.7284 -0.5392 0.0000
3.5681 1.5550 0.0000
3.4230 1.3080 0.0000
3.2804 1.5618 0.0000
3.1214 1.2922 0.0002
4.2704 -1.4402 0.0000
4.0413 -1.6164 0.0000
4.1079 -1.9442 0.0000
3.9194 -2.1515 0.0000
-1.9604 3.6532 0.0000
-2.2214 3.7777 0.0000
3.4806 4.4676 0.0000
3.3722 4.2233 0.0000
3.1399 4.3275 0.0000
3.0774 3.7759 0.0000
-4.2000 2.1979 0.0000
-4.2060 -0.8520 0.0000
-4.4732 -0.9425 0.0000
-0.5867 -2.8907 0.0000
-1.5300 4.5434 0.0000
3.0745 0.4944 0.0028
2.9625 0.2417 0.0104
-2.4047 -4.0654 0.0000
-2.5782 -4.2613 0.0000
-2.3341 -1.7249 0.0013
-2.6073 -1.7616 0.0006
4.0379 -0.9844 0.0000
3.8181 -1.1620 0.0000
3.5666 -1.2782 0.0000
-3.7048 2.0593 0.0000
-3.7961 1.5793 0.0000
4.4966 -2.8027 0.0000
4.2464 -2.8745 0.0000
4.0094 -3.0718 0.0000
-0.1480 3.8230 0.0000
-0.4441 3.8174 0.0000
-0.2951 3.5801 0.0000
1.5039 4.0198 0.0000
1.2133 3.9673 0.0000
1.0294 -4.5057 0.0000
-2.4609 1.3148 0.0168
-2.4343 1.1111 0.0494
-2.2837 1.0916 0.0645
-2.3227 0.9787 0.0995
-2.4143 0.9695 0.0920
-2.5398 0.9710 0.0678
-2.3219 0.8910 0.1357
-2.4148 0.8789 0.1267
-2.4428 0.7888 0.1598
-2.5064 0.8533 0.1137
-2.5976 0.8700 0.0806
-2.5971 0.7909 0.1044
-2.6748 0.7417 0.0876
-2.7015 0.6476 0.0994
-2.8552 0.7001 0.0331
4.7715 -1.7150 0.0000
3.0687 -1.4808 0.0001
-4.7420 -1.0878 0.0000
3.8855 4.7648 0.0000
3.5868 4.7365 0.0000
3.3131 4.7694 0.0000
0.9750 -0.5490 0.0040
0.7044 -0.6584 0.0014
-2.7630 -4.4848 0.0000
-1.7791 -0.8657 0.0781
-1.8939 -0.8660 0.1018
-1.8623 -0.9714 0.0641
-1.9165 -1.1426 0.0335
-1.0197 -1.8037 0.0000
-1.2480 -1.8733 0.0000
-1.4025 -2.1139 0.0000
-1.4260 -2.3708 0.0000
3.6607 -2.0322 0.0000
4.7616 -2.9588 0.0000
4.5297 -3.0899 0.0000
4.4875 3.7362 0.0000
4.7452 3.5073 0.0000
4.5020 3.4838 0.0000
4.4909 3.2586 0.0000
-0.8948 0.9542 0.0026
-2.3898 -2.6917 0.0000
-2.4862 3.7350 0.0000
-2.7531 3.6278 0.0000
-3.0181 3.5124 0.0000
-0.4943 -4.7396 0.0000
4.5008 -2.5033 0.0000
-1.4216 -0.2440 0.1073
-1.4769 -0.3086 0.1196
-1.5208 -0.2208 0.1489
-1.5801 -0.2966 0.1650
-1.5983 -0.3863 0.1554
-1.6718 -0.2949 0.2127
-1.6833 -0.3811 0.1970
2.9216 -4.3832 0.0000
-4.2495 0.6880 0.0000
-4.4684 0.4354 0.0000
-3.4264 -3.2147 0.0000
-3.4564 -3.4863 0.0000
-3.7136 -3.4796 0.0000
-3.8770 -3.7053 0.0000
4.4965 -1.2586 0.0000
4.2646 -0.7944 0.0000
4.3036 -1.0820 0.0000
4.5836 -0.3526 0.0000
4.3743 -0.2737 0.0000
0.9278 4.5126 0.0000
-0.6465 2.4616 0.0000
0.8992 -1.9167 0.0000
0.6998 -2.1088 0.0000
0.7818 2.5563 0.0000
0.3550 2.2752 0.0000
3.8137 -0.8640 0.0000
3.6047 -0.9831 0.0000
3.3477 -1.0490 0.0000
3.0669 -1.1038 0.0005
1.8849 -2.6573 0.0000
2.3556 -2.8906 0.0000
2.0741 -2.9114 0.0000
1.7983 -2.9521 0.0000
1.9706 -3.1924 0.0000
1.6835 -3.2361 0.0000
1.5208 -3.0192 0.0000
1.3748 -3.2681 0.0000
2.3638 -0.4961 0.1200
2.3423 -0.5916 0.1000
2.3114 -0.6876 0.0799
2.1922 -0.7672 0.0640
2.1446 -0.9663 0.0304
-2.0042 1.7323 0.0013
-2.2559 1.7209 0.0017
-4.5139 -4.7082 0.0000
-3.0361 1.8359 0.0000
-3.2821 1.6971 0.0000
3.7981 3.5608 0.0000
3.6982 3.3058 0.0000
0.0364 2.9569 0.0000
-4.2883 3.9501 0.0000
-3.8511 3.3725 0.0000
2.8910 -1.2695 0.0010
2.6086 -1.3147 0.0035
-3.2995 0.1003 0.0005
-3.6197 0.2024 0.0000
-4.2171 -1.1165 0.0000
-0.0949 0.6721 0.0014
-0.3291 -1.8863 0.0000
-0.6213 -1.8809 0.0000
-1.7231 -0.6723 0.1228
-1.7610 -0.7517 0.1084
-1.8410 -0.7026 0.1500
-1.8581 -0.7907 0.1208
-2.1931 4.2274 0.0000
-2.4173 4.0214 0.0000
1.6771 0.5296 0.0437
1.4942 0.4744 0.0266
1.3478 0.3149 0.0208
-0.4307 -3.1086 0.0000
-0.7371 -3.1487 0.0000
0.6133 3.0588 0.0000
3.2563 -1.3176 0.0000
3.4438 -4.5422 0.0000
0.1519 4.7702 0.0000
-0.1640 4.7690 0.0000
-1.2800 1.3157 0.0016
-1.5697 1.1993 0.0095
-1.7509 1.5161 0.0029
-1.7962 1.2935 0.0122
-1.8205 1.0764 0.0380
-2.0089 1.0208 0.0720
-2.0592 0.9207 0.1129
-0.1741 -0.1048 0.0030
-0.4798 -0.1173 0.0058
-0.3364 -0.3595 0.0024
-0.6306 -0.3578 0.0061
4.7398 -4.4880 0.0000
4.4797 -4.5181 0.0000
-0.6567 -4.5125 0.0000
-0.8003 -4.7552 0.0000
-0.2931 0.4912 0.0027
4.7823 -0.4900 0.0000
4.5186 -0.6268 0.0000
1.7131 -1.8494 0.0001
4.5213 0.6393 0.0000
4.3687 0.4476 0.0000
3.2939 1.0519 0.0001
1.2578 -0.4684 0.0122
1.1804 -0.7563 0.0044
-4.7925 2.6728 0.0000
3.7189 3.8314 0.0000
3.5297 3.9836 0.0000
4.7574 -2.3526 0.0000
-3.8428 -0.2859 0.0000
-3.9777 -0.5918 0.0000
3.7130 1.7951 0.0000
-0.7925 0.3875 0.0102
-0.6335 0.1205 0.0083
-0.7680 -0.1142 0.0118
-0.8925 0.1227 0.0179
-1.0340 -0.0920 0.0290
-4.0082 4.4584 0.0000
-4.3603 4.2368 0.0000
1.2050 -4.2702 0.0000
0.9297 -4.2454 0.0000
0.5160 -2.3141 0.0000
2.7054 1.6102 0.0006
2.4465 1.5327 0.0018
2.1726 1.5416 0.0020
-1.9983 -3.0456 0.0000
-2.0901 -3.2780 0.0000
-0.8652 -1.9332 0.0000
-1.4481 3.5034 0.0000
-1.7932 3.1640 0.0000
-1.3551 1.0290 0.0096
-1.6087 0.7062 0.0764
-1.4432 0.8020 0.0324
-1.4883 0.6197 0.0648
-1.5306 0.4979 0.0982
-1.6213 0.4694 0.1378
-2.8946 -1.7250 0.0002
-3.0545 -1.9251 0.0000
-3.2988 -1.9615 0.0000
-3.2310 -2.2173 0.0000
1.6977 -2.1773 0.0000
-0.4586 -4.3682 0.0000
-0.8181 -4.2973 0.0000
-0.9679 -4.5077 0.0000
-1.1075 -4.7536 0.0000
-4.2321 1.9021 0.0000
-3.5271 4.0459 0.0000
-3.7531 3.8713 0.0000
1.5734 3.2478 0.0000
2.5009 2.1221 0.0000
2.3722 1.7633 0.0006
4.1851 -0.1098 0.0000
3.8865 -0.1482 0.0000
-0.9390 2.0325 0.0000
-0.4703 -1.1255 0.0002
-0.6243 -1.3772 0.0001
1.3511 -2.5478 0.0000
-4.4999 -3.7628 0.0000
-4.7583 -3.9045 0.0000
-4.5327 -4.0722 0.0000
-4.7657 -4.2163 0.0000
-0.0162 1.4584 0.0000
-0.2104 1.2369 0.0002
0.2005 2.5196 0.0000
0.0620 2.2922 0.0000
-0.1845 2.2098 0.0000
-3.0803 -2.8382 0.0000
-3.1488 -3.1123 0.0000
-2.9332 -3.2838 0.0000
-3.1945 -3.3963 0.0000
-3.2451 -3.6874 0.0000
0.5292 3.5222 0.0000
0.3123 3.6188 0.0000
0.4438 3.2969 0.0000
0.2132 3.3913 0.0000
4.5504 -1.8584 0.0000
-0.4925 3.0007 0.0000
-0.7899 2.9222 0.0000
0.9028 -0.8157 0.0016
0.5701 -0.8778 0.0006
4.2390 3.2481 0.0000
3.9756 3.1247 0.0000
4.2855 2.9952 0.0000
4.0779 2.8911 0.0000
3.8846 2.7646 0.0000
0.2372 1.5233 0.0000
1.1798 0.5082 0.0080
0.9344 0.4580 0.0044
0.6974 0.4039 0.0026
-0.9067 -0.3350 0.0145
-1.0365 -0.5395 0.0151
-1.0687 -0.7343 0.0097
-1.2380 -0.4526 0.0394
-1.2910 -0.6699 0.0283
-1.4616 -0.8354 0.0307
-1.1944 -0.8803 0.0091
-1.2990 -1.0382 0.0068
1.3050 -4.5248 0.0000
1.1025 -4.7556 0.0000
1.9374 -1.1641 0.0097
1.7425 -1.3738 0.0022
1.4927 -1.2626 0.0017
-0.3344 -3.4266 0.0000
-4.5053 -1.8344 0.0000
-4.7650 -1.9144 0.0000
-4.7041 -2.1251 0.0000
-3.9512 -0.8628 0.0000
-3.9657 -1.1465 0.0000
-1.2850 0.6349 0.0300
-1.4057 0.4838 0.0665
-1.4698 0.3832 0.0994
-1.5487 0.4107 0.1222
-2.5325 0.7566 0.1423
-2.5897 0.6910 0.1422
-2.6205 0.6083 0.1556
-2.6490 0.5249 0.1659
-2.7304 0.5590 0.1055
-3.1489 0.3328 0.0037
2.3493 -0.8628 0.0439
2.4220 -1.0848 0.0164
-4.0816 2.7686 0.0000
-3.9774 -1.4204 0.0000
1.2627 -0.1843 0.0182
1.0267 -0.2940 0.0072
-0.5782 2.7302 0.0000
-0.8635 2.6349 0.0000
-1.0851 2.8136 0.0000
0.3126 1.0102 0.0005
0.1010 0.8809 0.0008
4.7605 -4.7539 0.0000
0.9916 3.7869 0.0000
0.8974 3.5521 0.0000
2.8150 -2.3172 0.0000
3.0082 -2.5365 0.0000
2.7362 -2.5977 0.0000
-0.5573 -3.3306 0.0000
-0.6867 -3.5331 0.0000
-0.3711 1.9276 0.0000
1.8160 1.8910 0.0002
1.5993 1.6979 0.0004
-0.0329 -3.0075 0.0000
-0.2050 -3.2055 0.0000
1.0840 4.7583 0.0000
-1.7317 3.4740 0.0000
-2.0034 3.3608 0.0000
-2.2353 -0.2845 0.5195
-2.3094 -0.2349 0.5335
-2.4007 -0.3253 0.4425
-1.9795 -0.1194 0.4767
-1.9950 -0.2095 0.4615
-2.0888 -0.2292 0.5100
-2.1760 -0.2423 0.5357
-2.1290 -0.3244 0.4772
-2.2234 -0.3666 0.4690
-2.3151 -0.3228 0.4842
-2.3324 -0.4111 0.4229
-2.4383 -0.4156 0.3677
-2.3434 -0.1410 0.5560
-2.3941 -0.2369 0.4904
-2.4436 -0.1520 0.4825
-2.5406 -0.1621 0.3838
-2.4816 -0.2443 0.4177
-2.5698 -0.2495 0.3295
-2.4929 -0.3306 0.3712
-2.5865 -0.3337 0.2851
-2.5380 -0.4201 0.2920
-3.2806 -2.6730 0.0000
-3.3659 -2.9339 0.0000
-0.2548 -3.8181 0.0000
-0.3334 -0.8729 0.0004
-0.6120 -0.8581 0.0008
-2.2815 3.2591 0.0000
-2.5531 3.1661 0.0000
4.5146 1.5515 0.0000
4.3017 1.3867 0.0000
-3.3738 1.9530 0.0000
-3.5838 1.7946 0.0000
3.9992 1.7961 0.0000
3.8630 1.5542 0.0000
-2.3525 2.1676 0.0000
4.1278 -1.2491 0.0000
3.9335 -1.3711 0.0000
3.7365 -1.5195 0.0000
3.5904 -1.7416 0.0000
-0.1422 -3.5785 0.0000
-0.4628 -3.6432 0.0000
-0.3245 4.5354 0.0000
-0.6376 4.5226 0.0000
0.4700 4.7586 0.0000
0.3005 4.5403 0.0000
-4.4743 1.7953 0.0000
-4.7603 1.7115 0.0000
1.2247 4.5105 0.0000
0.4523 -0.2345 0.0016
0.2407 -0.4247 0.0010
-0.4238 1.0782 0.0005
-0.6259 0.8670 0.0018
4.5194 4.7700 0.0000
4.7624 4.5127 0.0000
-3.0438 0.5627 0.0085
-3.3167 0.6094 0.0002
-3.4189 0.3876 0.0000
-2.9981 4.7815 0.0000
3.9938 2.5032 0.0000
3.7975 2.2853 0.0000
3.5072 2.3309 0.0000
3.3219 2.0915 0.0000
-4.2341 -4.7588 0.0000
0.0143 -2.4181 0.0000
-0.1492 -2.6436 0.0000
2.0356 -1.4243 0.0033
1.8885 -1.6440 0.0007
-4.0885 1.6930 0.0000
-3.2418 3.3677 0.0000
-3.3140 3.1143 0.0000
-2.4938 -0.5061 0.2807
-2.2316 -0.4573 0.4071
-2.3104 -0.4976 0.3701
-2.3433 -0.5830 0.3035
-2.3988 -0.5010 0.3372
-2.4394 -0.5960 0.2599
-2.5330 -0.5953 0.2109
-2.5776 -0.6795 0.1502
-2.5989 -0.5051 0.2081
-2.6345 -0.4038 0.2180
-2.6921 -0.4623 0.1552
-2.7615 -0.4228 0.1170
-2.7031 -0.5432 0.1257
-2.8223 -0.5250 0.0671
-2.6284 -0.6005 0.1523
-2.7185 -0.6350 0.0939
-0.7628 1.4886 0.0001
-0.9021 1.2675 0.0005
-1.0461 1.4772 0.0003
-1.0971 1.1216 0.0023
0.9713 -2.1767 0.0000
1.0259 -2.5181 0.0000
0.7994 -2.7112 0.0000
3.8095 0.3345 0.0000
3.5243 0.2943 0.0000
3.7060 0.0720 0.0000
3.4183 0.0322 0.0001
3.5944 -0.1922 0.0000
3.2862 -0.2193 0.0003
-4.3007 2.9509 0.0000
-4.5512 2.8304 0.0000
1.4979 2.2717 0.0000
1.6102 -2.7303 0.0000
-1.3048 3.0085 0.0000
4.7403 0.4647 0.0000
-2.2277 1.9624 0.0003
-2.5137 1.8960 0.0003
-0.3255 -1.3814 0.0000
-2.8451 -4.1852 0.0000
-3.0332 -4.4359 0.0000
-3.2653 -4.4971 0.0000
-3.2396 -4.7448 0.0000
-3.5049 -4.7565 0.0000
4.7472 -3.2786 0.0000
2.2707 3.4715 0.0000
2.0587 3.3166 0.0000
1.8205 3.1792 0.0000
-4.3346 2.6501 0.0000
-1.2868 -3.1150 0.0000
-1.5009 -3.2361 0.0000
-1.5753 -3.4932 0.0000
-1.7792 -3.7212 0.0000
-3.6273 -2.9756 0.0000
-3.6851 -3.2346 0.0000
0.1957 0.6370 0.0017
0.0299 0.4353 0.0025
2.3602 4.4599 0.0000
2.2458 4.7325 0.0000
-0.7350 -2.6460 0.0000
-0.8831 -2.8952 0.0000
2.0223 -4.7490 0.0000
-2.3124 -3.1815 0.0000
-2.4568 -3.3537 0.0000
4.0411 4.5479 0.0000
3.7614 4.4934 0.0000
3.9655 4.2800 0.0000
3.6838 4.2028 0.0000
-2.2402 -2.9453 0.0000
1.8102 1.1526 0.0073
1.9218 0.9112 0.0261
-1.5182 -0.3755 0.1246
-1.5610 -0.4702 0.1216
-1.6509 -0.4708 0.1572
-1.6281 -0.5485 0.1270
-1.7160 -0.5697 0.1539
-1.7368 -0.4753 0.1946
-1.8107 -0.5389 0.2053
-1.8001 -0.6294 0.1647
-2.6611 -0.7060 0.1017
-2.8573 -0.6993 0.0339
-2.9454 -0.9082 0.0084
-2.6568 -2.2379 0.0000
-2.6431 -2.5364 0.0000
-2.3292 4.7872 0.0000
-2.4942 4.6050 0.0000
2.8854 -0.8973 0.0044
2.7115 -1.0630 0.0069
-0.9554 3.6872 0.0000
-1.1539 3.5484 0.0000
-1.2523 3.2811 0.0000
-1.5264 3.2335 0.0000
2.3041 0.4016 0.1454
2.1561 0.3031 0.1667
2.0640 0.2981 0.1560
3.9647 -4.2332 0.0000
3.9715 -4.4805 0.0000
-3.8723 1.8362 0.0000
-1.3211 -3.9780 0.0000
-1.4096 -4.2460 0.0000
4.3476 4.5919 0.0000
4.2426 4.3828 0.0000
4.2197 2.6691 0.0000
4.2604 2.3783 0.0000
4.0707 2.1863 0.0000
-2.1038 3.9778 0.0000
1.6725 1.4012 0.0019
1.4151 1.5083 0.0007
1.7329 -4.2281 0.0000
1.4848 -4.2834 0.0000
4.1535 1.5906 0.0000
4.0303 1.3237 0.0000
3.7263 1.3150 0.0000
1.3089 1.2841 0.0014
1.0240 1.2809 0.0008
4.7667 2.3663 0.0000
-4.4857 -1.2370 0.0000
-4.4918 -1.5293 0.0000
2.9200 3.1485 0.0000
2.9283 2.8888 0.0000
2.6855 2.8711 0.0000
2.7931 2.6163 0.0000
2.7163 2.3597 0.0000
0.9095 3.0832 0.0000
-4.1102 3.3978 0.0000
-4.0511 3.0916 0.0000
2.0623 -0.2708 0.1589
2.0212 -0.3602 0.1355
1.9745 -0.2808 0.1388
1.9321 -0.3673 0.1152
1.8829 -0.2818 0.1163
1.8344 -0.3751 0.0920
1.6926 -0.3985 0.0604
1.8337 -0.5000 0.0735
1.6898 -0.6012 0.0389
1.6431 -0.8347 0.0165
-3.1800 -1.0359 0.0004
-3.4455 -1.1883 0.0000
-1.8663 -2.5749 0.0000
-2.0681 -2.7564 0.0000
-3.1227 -2.4717 0.0000
4.7617 -0.7883 0.0000
4.5239 -0.9329 0.0000
0.6254 -1.5015 0.0000
0.3998 -1.6563 0.0000
4.1584 -3.3506 0.0000
3.9088 -3.3712 0.0000
3.7251 -3.5457 0.0000
-1.1278 0.1025 0.0430
-1.2459 -0.0425 0.0663
-1.1275 -0.2834 0.0344
-1.3587 -0.1748 0.0922
-1.2505 -0.1798 0.0625
-1.3253 -0.2967 0.0722
-1.4023 -0.3795 0.0843
-2.1544 -1.9208 0.0003
-2.4488 -2.0261 0.0001
-0.8448 -4.0238 0.0000
-1.1036 -4.2048 0.0000
3.7306 -4.7181 0.0000
2.7218 0.8909 0.0133
2.6439 0.6495 0.0397
2.4952 0.8488 0.0353
-2.5051 -2.9851 0.0000
-1.8248 2.2473 0.0000
-2.1071 2.2669 0.0000
3.2336 4.5404 0.0000
-4.2404 -1.6581 0.0000
-4.2387 -1.9153 0.0000
2.1815 -3.9700 0.0000
2.0205 -4.2332 0.0000
1.8637 -4.4886 0.0000
-3.4932 2.1728 0.0000
-1.0893 4.7534 0.0000
4.1775 0.6116 0.0000
4.0916 0.3603 0.0000
-3.5638 2.9837 0.0000
-3.7951 3.1358 0.0000
-0.5750 3.5604 0.0000
-0.7911 3.4862 0.0000
-0.7207 3.2141 0.0000
-0.9864 3.3501 0.0000
-1.0174 3.0878 0.0000
0.8012 2.8092 0.0000
0.5407 2.8026 0.0000
0.4924 2.5435 0.0000
1.1408 0.7785 0.0041
0.8924 0.7016 0.0026
0.9251 0.9913 0.0016
0.6431 0.6310 0.0022
2.0708 -1.8186 0.0003
1.8921 -2.0202 0.0001
0.5994 -3.4573 0.0000
0.3845 -3.7094 0.0000
-1.0278 -3.6029 0.0000
-1.3011 -3.6717 0.0000
0.5913 4.0933 0.0000
-1.2801 1.6363 0.0002
-1.5190 1.4583 0.0018
-0.0589 -4.0376 0.0000
-0.3470 -4.0839 0.0000
-0.5660 -3.8828 0.0000
-0.6062 -4.1640 0.0000
2.7467 -3.9062 0.0000
2.4767 -3.9702 0.0000
2.5756 -4.2452 0.0000
0.7320 3.8667 0.0000
0.6772 3.6424 0.0000
1.6807 0.9327 0.0126
1.4087 0.9202 0.0056
-1.8414 4.5803 0.0000
0.7709 -1.0396 0.0005
0.6033 -1.2368 0.0001
-0.4786 4.7645 0.0000
-0.7892 4.7561 0.0000
-2.7247 -3.4503 0.0000
-2.9821 -3.5855 0.0000
-2.7472 -3.7294 0.0000
-2.9824 -3.8971 0.0000
-3.1116 -4.1680 0.0000
-3.3358 -4.2563 0.0000
4.5027 -4.7558 0.0000
4.2299 -4.7401 0.0000
2.3720 -1.8610 0.0003
-3.5453 -0.0695 0.0000
-3.7904 -0.0150 0.0000
-1.9961 4.4137 0.0000
-1.9011 4.1689 0.0000
2.4939 4.7340 0.0000
1.9883 1.3480 0.0043
2.0814 1.1002 0.0155
3.8542 -1.8279 0.0000
-1.5803 2.9540 0.0000
-1.8552 2.8638 0.0000
-4.7273 -0.2367 0.0000
-4.7393 -0.5053 0.0000
4.2947 -3.1287 0.0000
0.1401 4.3090 0.0000
-0.0091 4.0718 0.0000
-0.3067 4.0635 0.0000
1.6866 4.7526 0.0000
-2.1136 2.7753 0.0000
-2.2230 2.4988 0.0000
-2.4558 2.3981 0.0000
-0.3622 0.7772 0.0015
-0.5793 0.5870 0.0038
-2.6995 0.4440 0.1538
-2.7738 0.3873 0.1135
-2.8252 0.4990 0.0676
-2.9052 0.3455 0.0484
-2.7219 0.3283 0.1633
-2.7887 0.2746 0.1201
-2.7226 0.2161 0.1826
-2.7782 0.1595 0.1408
-2.8512 0.1986 0.0856
-2.9902 0.1250 0.0283
-3.0847 -0.1212 0.0108
-3.3050 -0.1963 0.0005
2.7315 0.2995 0.0506
2.5895 0.3036 0.0949
2.6606 0.1787 0.0804
2.5664 0.2101 0.1128
2.4794 0.1522 0.1488
2.6540 0.0627 0.0875
2.5711 0.1201 0.1177
2.5328 0.0524 0.1353
2.4454 0.0552 0.1657
2.9194 4.4667 0.0000
-1.6451 2.6843 0.0000
-1.9249 2.5427 0.0000
-3.7319 -1.6170 0.0000
-3.9923 -1.6820 0.0000
-1.0325 -1.0822 0.0017
-0.0199 -1.3811 0.0000
4.7632 0.1403 0.0000
0.5654 1.4085 0.0001
0.3136 1.2995 0.0001
-4.4780 2.0941 0.0000
3.0856 -2.2676 0.0000
-4.4954 -0.6680 0.0000
-4.7480 -0.7980 0.0000
4.2215 -3.5894 0.0000
3.9678 -3.6736 0.0000
4.0469 -3.9763 0.0000
3.7950 -3.9022 0.0000
3.7400 -4.1803 0.0000
-2.4151 -2.3690 0.0000
-1.3730 2.7231 0.0000
-1.6466 2.4433 0.0000
3.6016 2.0617 0.0000
3.4350 1.8173 0.0000
-3.8533 -2.9474 0.0000
-4.1749 -3.1299 0.0000
-1.2368 4.5006 0.0000
-0.1352 2.4875 0.0000
-0.4091 2.4115 0.0000
0.5379 1.1157 0.0005
4.7580 1.4065 0.0000
4.5183 1.2383 0.0000
-4.7558 0.8024 0.0000
-4.7374 0.5065 0.0000
-4.5084 3.7581 0.0000
-4.4731 3.4531 0.0000
-4.7465 3.5949 0.0000
-4.7505 3.2981 0.0000
4.2986 -1.7330 0.0000
4.3682 -2.0229 0.0000
4.2117 -2.2689 0.0000
3.7113 -4.4629 0.0000
-3.9406 0.2509 0.0000
-4.0219 3.9200 0.0000
-4.2391 3.6517 0.0000
1.8777 1.6055 0.0011
-3.9518 3.6455 0.0000
1.3250 3.3270 0.0000
1.2250 3.0788 0.0000
1.3203 2.7939 0.0000
1.0543 2.8418 0.0000
-2.6802 4.4408 0.0000
-2.6930 4.1758 0.0000
0.2679 -2.9489 0.0000
0.1713 -3.2025 0.0000
-0.0152 -3.3466 0.0000
2.9436 -4.6993 0.0000
-3.2831 -3.9489 0.0000
-3.5272 -4.0447 0.0000
-3.5911 -4.2888 0.0000
-3.7697 -4.5117 0.0000
2.1458 -2.1010 0.0001
0.5298 -3.9701 0.0000
0.3905 -4.2375 0.0000
0.1123 -4.2581 0.0000
-2.0779 0.8245 0.1580
-2.1614 0.7742 0.1964
-2.2046 0.7071 0.2392
-2.2603 0.6214 0.2945
-2.1338 0.9576 0.1069
-2.1596 0.8730 0.1455
-2.2475 0.8138 0.1785
-2.2878 0.7252 0.2264
-2.3477 0.6484 0.2633
-2.3564 0.5590 0.3182
-2.3462 0.8040 0.1747
-2.3855 0.7197 0.2115
-2.4713 0.6960 0.1946
-2.4316 0.6195 0.2522
-2.5245 0.6252 0.2036
-2.4509 0.5347 0.2916
-2.4327 0.3758 0.3941
-2.5475 0.5358 0.2313
-2.5922 0.4487 0.2356
-2.4882 0.4528 0.3134
-2.5345 0.3692 0.3172
-2.6377 0.3635 0.2270
-1.7980 0.9066 0.0703
-1.9219 0.9364 0.0846
-1.9905 0.8682 0.1218
-1.8975 0.8261 0.1167
-1.8025 0.8062 0.0993
-1.6137 0.9500 0.0343
-1.6883 0.8080 0.0719
-1.7308 0.7135 0.1076
-1.7001 0.6244 0.1244
-1.8009 0.6501 0.1526
-1.8193 0.7351 0.1277
-1.8846 0.6461 0.1868
-1.9002 0.7360 0.1530
-1.9920 0.7759 0.1621
-2.0837 0.7202 0.2138
-1.9826 0.6844 0.2044
-1.9612 0.5930 0.2447
-2.0561 0.6256 0.2616
-2.0336 0.5325 0.3101
-1.7841 0.5685 0.1768
-1.8678 0.5538 0.2217
-1.8644 0.4571 0.2646
-1.9484 0.5003 0.2889
-2.0340 0.4444 0.3641
-2.1196 0.4628 0.3868
-0.1962 -0.6237 0.0007
-0.4851 -0.6075 0.0016
1.8892 -0.9286 0.0236
1.6767 -1.0833 0.0070
-1.4148 4.2775 0.0000
-3.5569 -3.7573 0.0000
-3.7752 -3.9771 0.0000
-3.8303 -4.2247 0.0000
-4.0378 -3.9315 0.0000
-4.0698 -4.1793 0.0000
-4.0373 -4.4520 0.0000
-4.2784 -4.5034 0.0000
1.4559 -0.2941 0.0327
-1.9792 -0.9492 0.0879
-2.0658 -1.0401 0.0688
-2.1496 -1.2196 0.0321
-2.2214 -1.0642 0.0689
-2.3607 -1.0571 0.0670
-2.3840 -1.2433 0.0272
-2.4836 -1.4849 0.0056
-2.7380 -1.4994 0.0021
1.3585 -2.8128 0.0000
1.2154 -3.0359 0.0000
1.0672 -3.2678 0.0000
0.8970 -3.4897 0.0000
-1.0269 -3.1471 0.0000
-1.2329 -3.3908 0.0000
-0.4362 2.1651 0.0000
-0.6842 2.1994 0.0000
-2.4802 -0.6977 0.1868
-2.4854 -0.8060 0.1354
-2.5700 -0.7697 0.1198
-2.6954 -0.8123 0.0635
-2.5597 -0.8897 0.0844
-2.5354 -1.0717 0.0450
-2.7328 -0.9976 0.0275
-2.9268 -1.1940 0.0031
3.7367 3.0151 0.0000
-3.0303 3.2110 0.0000
-2.8158 3.0387 0.0000
-3.0791 2.9260 0.0000
-4.1216 -2.1703 0.0000
-4.1525 -2.6541 0.0000
-4.2707 -2.3957 0.0000
-4.5391 -2.3758 0.0000
-4.7723 -2.3822 0.0000
-4.4590 -2.6215 0.0000
-4.7513 -2.6561 0.0000
3.6900 -0.6578 0.0000
3.4434 -0.7561 0.0000
3.1633 -0.8231 0.0005
-1.8585 3.8820 0.0000
1.9306 4.2196 0.0000
1.6475 4.2596 0.0000
-2.8783 -2.3755 0.0000
-2.9171 -2.6586 0.0000
-1.4581 1.9472 0.0001
-1.5191 1.7246 0.0003
-1.7627 1.7488 0.0006
3.2310 3.9846 0.0000
4.7522 -2.6565 0.0000
2.7661 -0.4608 0.0314
2.7186 -0.7070 0.0227
2.6477 -0.1869 0.0848
2.6486 -0.3181 0.0740
2.5411 -0.3188 0.1104
2.5793 -0.4347 0.0819
2.5747 -0.5802 0.0614
2.4830 -0.3807 0.1187
2.4641 -0.4754 0.1059
2.4331 -0.5742 0.0918
2.4639 -0.7051 0.0609
2.7479 4.7329 0.0000
-3.2956 4.7691 0.0000
-3.4231 4.5201 0.0000
-3.5976 4.7514 0.0000
-3.7250 4.4831 0.0000
2.0457 0.0273 0.1788
1.9910 0.0919 0.1641
1.9287 0.0440 0.1497
1.9788 -0.0325 0.1627
1.8776 -0.0292 0.1353
1.8199 -0.1000 0.1165
1.9146 -0.1141 0.1418
1.8553 -0.1934 0.1192
-0.9283 2.3361 0.0000
-1.1348 2.5260 0.0000
-1.2085 2.2127 0.0000
-1.2253 1.9313 0.0000
0.0145 3.5799 0.0000
-0.1406 3.3683 0.0000
-0.4505 3.3128 0.0000
2.5452 -2.3686 0.0000
2.2569 -2.3747 0.0000
2.4470 -2.6267 0.0000
2.1595 -2.6332 0.0000
1.3173 2.0670 0.0000
1.0666 2.0391 0.0000
0.7893 2.0308 0.0000
-3.2076 -1.3359 0.0001
-3.2010 -1.6582 0.0000
-3.9804 -1.9228 0.0000
-4.4302 -2.1220 0.0000
4.5409 0.2744 0.0000
4.2865 0.1515 0.0000
3.4276 -1.5307 0.0000
3.2390 -1.6951 0.0000
-3.8951 4.7379 0.0000
-4.1884 4.7461 0.0000
-4.2754 4.4891 0.0000
-4.5448 4.4234 0.0000
-4.7469 4.2207 0.0000
-2.8528 0.0029 0.0921
-2.9069 -0.0782 0.0610
-3.0076 -0.4207 0.0182
-3.2567 -0.4369 0.0008
-3.4454 -0.6187 0.0000
-2.3300 2.9808 0.0000
-2.6005 2.8753 0.0000
-2.3794 2.7073 0.0000
-2.6051 2.5852 0.0000
-2.8582 2.7275 0.0000
3.2310 2.3672 0.0000
2.9678 2.3873 0.0000
3.0361 2.1204 0.0000
-0.2386 2.8506 0.0000
-0.3505 2.6538 0.0000
-1.6330 4.0643 0.0000
4.4660 -3.3985 0.0000
2.1963 -0.4748 0.1326
2.1615 -0.5532 0.1118
2.2693 -0.5338 0.1186
2.2348 -0.6140 0.0994
2.1461 -0.6509 0.0876
2.1100 -0.3537 0.1517
2.1156 -0.4428 0.1335
2.0826 -0.5289 0.1099
2.0297 -0.4371 0.1220
1.9348 -0.4500 0.1014
1.9949 -0.5178 0.0994
1.9251 -0.5925 0.0738
2.0433 -0.6288 0.0831
