5.0000 5.0000 0.0000
0.0000 5.0000 0.0000
2.5000 5.0000 0.0000
3.7500 5.0000 0.0000
4.3750 5.0000 0.0000
4.6875 5.0000 0.0000
4.0625 5.0000 0.0000
3.1250 5.0000 0.0000
3.4375 5.0000 0.0000
2.8125 5.0000 0.0000
1.2500 5.0000 0.0000
1.8750 5.0000 0.0000
2.1875 5.0000 0.0000
1.5625 5.0000 0.0000
0.6250 5.0000 0.0000
0.9375 5.0000 0.0000
0.3125 5.0000 0.0000
-2.5000 5.0000 0.0000
-1.2500 5.0000 0.0000
-0.6250 5.0000 0.0000
-0.3125 5.0000 0.0000
-0.9375 5.0000 0.0000
-1.8750 5.0000 0.0000
-1.5625 5.0000 0.0000
-2.1875 5.0000 0.0000
-3.7500 5.0000 0.0000
-3.1250 5.0000 0.0000
-2.8125 5.0000 0.0000
-3.4375 5.0000 0.0000
-4.3750 5.0000 0.0000
-4.0625 5.0000 0.0000
-4.6875 5.0000 0.0000
5.0000 -5.0000 0.0000
5.0000 0.0000 0.0000
5.0000 -2.5000 0.0000
5.0000 -3.7500 0.0000
5.0000 -4.3750 0.0000
5.0000 -4.6875 0.0000
5.0000 -4.0625 0.0000
5.0000 -3.1250 0.0000
5.0000 -3.4375 0.0000
5.0000 -2.8125 0.0000
5.0000 -1.2500 0.0000
5.0000 -1.8750 0.0000
5.0000 -2.1875 0.0000
5.0000 -1.5625 0.0000
5.0000 -0.6250 0.0000
5.0000 -0.9375 0.0000
5.0000 -0.3125 0.0000
5.0000 2.5000 0.0000
5.0000 1.2500 0.0000
5.0000 0.6250 0.0000
5.0000 0.3125 0.0000
5.0000 0.9375 0.0000
5.0000 1.8750 0.0000
5.0000 1.5625 0.0000
5.0000 2.1875 0.0000
5.0000 3.7500 0.0000
5.0000 3.1250 0.0000
5.0000 2.8125 0.0000
5.0000 3.4375 0.0000
5.0000 4.3750 0.0000
5.0000 4.0625 0.0000
5.0000 4.6875 0.0000
-5.0000 -5.0000 0.0000
0.0000 -5.0000 0.0000
-2.5000 -5.0000 0.0000
-3.7500 -5.0000 0.0000
-4.3750 -5.0000 0.0000
-4.6875 -5.0000 0.0000
-4.0625 -5.0000 0.0000
-3.1250 -5.0000 0.0000
-3.4375 -5.0000 0.0000
-2.8125 -5.0000 0.0000
-1.2500 -5.0000 0.0000
-1.8750 -5.0000 0.0000
-2.1875 -5.0000 0.0000
-1.5625 -5.0000 0.0000
-0.6250 -5.0000 0.0000
-0.9375 -5.0000 0.0000
-0.3125 -5.0000 0.0000
2.5000 -5.0000 0.0000
1.2500 -5.0000 0.0000
0.6250 -5.0000 0.0000
0.3125 -5.0000 0.0000
0.9375 -5.0000 0.0000
1.8750 -5.0000 0.0000
1.5625 -5.0000 0.0000
2.1875 -5.0000 0.0000
3.7500 -5.0000 0.0000
3.1250 -5.0000 0.0000
2.8125 -5.0000 0.0000
3.4375 -5.0000 0.0000
4.3750 -5.0000 0.0000
4.0625 -5.0000 0.0000
4.6875 -5.0000 0.0000
-5.0000 5.0000 0.0000
-5.0000 0.0000 0.0000
-5.0000 2.5000 0.0000
-5.0000 3.7500 0.0000
-5.0000 4.3750 0.0000
-5.0000 4.6875 0.0000
-5.0000 4.0625 0.0000
-5.0000 3.1250 0.0000
-5.0000 3.4375 0.0000
-5.0000 2.8125 0.0000
-5.0000 1.2500 0.0000
-5.0000 1.8750 0.0000
-5.0000 2.1875 0.0000
-5.0000 1.5625 0.0000
-5.0000 0.6250 0.0000
-5.0000 0.9375 0.0000
-5.0000 0.3125 0.0000
-5.0000 -2.5000 0.0000
-5.0000 -1.2500 0.0000
-5.0000 -0.6250 0.0000
-5.0000 -0.3125 0.0000
-5.0000 -0.9375 0.0000
-5.0000 -1.8750 0.0000
-5.0000 -1.5625 0.0000
-5.0000 -2.1875 0.0000
-5.0000 -3.7500 0.0000
-5.0000 -3.1250 0.0000
-5.0000 -2.8125 0.0000
-5.0000 -3.4375 0.0000
-5.0000 -4.3750 0.0000
-5.0000 -4.0625 0.0000
-5.0000 -4.6875 0.0000
-1.8217 -0.1580 0.3411
-1.8302 -0.2564 0.3224
-1.9166 -0.2016 0.4029
-1.9201 -0.2902 0.3739
-2.0023 -0.2588 0.4422
-2.0279 -0.3418 0.4172
-2.1112 -0.3221 0.4675
-2.1287 -0.4076 0.4214
-2.1950 -0.4857 0.3818
2.3959 3.9756 0.0000
-0.1631 -3.7634 0.0000
-2.1178 3.5579 0.0000
-0.4251 -3.7546 0.0000
-1.3860 -4.0977 0.0000
-1.6629 -4.3589 0.0000
1.1086 1.1477 0.0013
-0.2286 0.7379 0.0013
-0.5183 0.6917 0.0025
-0.7039 0.4368 0.0070
-0.4370 4.7681 0.0000
-0.6044 4.6243 0.0000
-0.0101 -0.0197 0.0026
-0.1674 -0.2619 0.0021
-2.1324 -2.9519 0.0000
-2.7958 4.0443 0.0000
-2.8496 3.8191 0.0000
-3.0472 3.7396 0.0000
-3.2198 3.5200 0.0000
-0.3005 -0.4902 0.0014
2.3527 2.7187 0.0000
-0.6781 -3.8664 0.0000
-0.8900 -4.0341 0.0000
-1.0982 -4.2447 0.0000
0.3343 -3.1405 0.0000
4.7520 0.8128 0.0000
4.7409 0.5188 0.0000
4.4591 0.4210 0.0000
3.9920 2.8227 0.0000
4.7446 3.2038 0.0000
1.8659 4.5240 0.0000
-3.2206 4.7538 0.0000
1.2285 -4.5188 0.0000
0.9852 -4.7618 0.0000
-2.2180 -3.2249 0.0000
-3.7578 -2.1595 0.0000
3.4369 -4.0450 0.0000
2.2510 -1.1817 0.0128
2.0282 -1.2305 0.0086
1.8300 -1.4245 0.0022
4.5106 4.3503 0.0000
4.2547 4.1820 0.0000
-1.9351 -3.6913 0.0000
-2.1713 -3.7290 0.0000
-2.4075 -3.8272 0.0000
-2.6388 -3.9313 0.0000
-2.8002 3.2246 0.0000
-1.1256 0.6191 0.0183
-0.9436 0.5033 0.0133
-1.2170 0.4194 0.0400
3.9033 2.0579 0.0000
3.7328 1.7973 0.0000
-2.7548 -3.4252 0.0000
1.6244 1.6855 0.0005
1.3762 1.6265 0.0003
-1.9848 4.2994 0.0000
-2.1728 4.0878 0.0000
-2.0777 3.8070 0.0000
1.2359 1.8136 0.0001
1.0720 1.6013 0.0002
1.2403 1.3922 0.0007
-3.4491 -3.2154 0.0000
-3.3905 -3.4959 0.0000
-3.6167 -3.5591 0.0000
-3.5113 -3.7992 0.0000
2.2405 3.7066 0.0000
4.2099 4.7501 0.0000
4.0255 4.5064 0.0000
-1.7442 -1.5568 0.0016
-4.7397 2.8011 0.0000
-4.7276 2.5609 0.0000
1.8475 -2.2533 0.0000
0.5394 2.9440 0.0000
-0.9242 -0.9837 0.0017
-0.9230 -1.2427 0.0004
-4.5014 -4.5031 0.0000
-4.4891 -4.7489 0.0000
-4.7550 -4.7713 0.0000
2.9405 1.7701 0.0001
1.7241 -4.2581 0.0000
1.3650 -4.2891 0.0000
1.5592 -4.4802 0.0000
-0.8928 3.9845 0.0000
-1.0456 3.7668 0.0000
-2.6590 -4.7667 0.0000
4.5393 -3.4839 0.0000
4.4287 -3.8769 0.0000
2.1629 4.5119 0.0000
-4.3451 -2.9447 0.0000
-3.9499 2.6740 0.0000
2.9731 3.2012 0.0000
2.8854 2.9474 0.0000
2.5681 2.9688 0.0000
2.6757 2.7336 0.0000
-4.2437 1.6282 0.0000
-4.1983 1.2630 0.0000
-4.3794 1.4035 0.0000
1.6568 -0.1339 0.0770
1.6164 -0.2782 0.0597
1.4496 -0.1898 0.0373
1.4608 -0.4084 0.0292
1.2961 -0.5716 0.0115
1.6721 -0.4665 0.0524
1.5478 -0.6426 0.0230
1.1202 -0.7660 0.0036
0.9150 -0.9476 0.0010
1.2010 -1.0350 0.0018
0.7404 -1.1401 0.0003
-1.5896 2.8626 0.0000
-1.7623 2.6947 0.0000
-1.7196 2.4261 0.0000
-2.0070 2.6479 0.0000
-1.9781 2.4096 0.0000
0.5661 -2.3932 0.0000
4.7430 -4.5217 0.0000
1.8339 4.0563 0.0000
-2.6249 1.8312 0.0003
-0.9301 3.1614 0.0000
-1.2041 3.1488 0.0000
-1.3144 2.8664 0.0000
-1.4493 2.5867 0.0000
1.1337 -2.4455 0.0000
-1.6661 -3.1058 0.0000
-1.7443 -3.3818 0.0000
-4.7565 -2.9591 0.0000
-0.2677 3.5789 0.0000
-2.5693 3.9244 0.0000
-2.6578 3.6860 0.0000
-2.8952 3.5040 0.0000
3.4915 4.5341 0.0000
-1.5989 4.5012 0.0000
-0.9500 -1.5101 0.0001
-0.9796 -1.7786 0.0000
3.1508 -2.1789 0.0000
4.7702 4.7777 0.0000
4.4989 4.6952 0.0000
4.7462 4.5073 0.0000
-2.1924 -2.1922 0.0000
4.5101 3.3997 0.0000
4.4910 -2.8575 0.0000
1.4120 4.7583 0.0000
1.2386 4.5804 0.0000
1.2681 3.3930 0.0000
4.1810 -2.0554 0.0000
0.7595 4.2950 0.0000
0.4826 4.2550 0.0000
-1.9605 0.6925 0.1892
-2.0275 0.6120 0.2554
-2.1022 0.5401 0.3246
-2.2026 0.5081 0.3667
-2.1391 0.4366 0.4035
-2.2323 0.4229 0.4266
-2.3233 0.4026 0.4267
-2.3971 0.3536 0.4235
-3.4673 2.0750 0.0000
2.7803 4.2368 0.0000
0.0151 3.5351 0.0000
2.1745 2.4207 0.0000
-0.7010 -3.0418 0.0000
-0.6787 -3.3262 0.0000
-0.1969 -2.7501 0.0000
1.0455 -2.1736 0.0000
0.8494 -2.4102 0.0000
-0.5947 3.1590 0.0000
-0.7431 2.9725 0.0000
-1.9895 0.9766 0.0814
-2.1290 0.8442 0.1537
-2.2047 0.9042 0.1318
-2.2173 0.8077 0.1796
-1.9319 0.8708 0.1065
-2.0321 0.8718 0.1261
-1.9754 0.7857 0.1504
-2.0613 0.7836 0.1720
-2.0509 0.7029 0.2116
-2.1492 0.7407 0.2108
-2.2629 0.7454 0.2140
-2.2975 0.8569 0.1526
-2.3386 0.7809 0.1865
-2.3289 0.6749 0.2485
-2.4205 0.7275 0.1953
-2.4137 0.6369 0.2469
3.9173 4.7634 0.0000
3.7256 0.3205 0.0000
-0.0443 3.0323 0.0000
-0.3488 3.0543 0.0000
1.6974 -3.9103 0.0000
1.5276 -4.1040 0.0000
4.2515 1.7267 0.0000
-1.1550 -2.0603 0.0000
1.8217 3.0482 0.0000
1.8033 2.7552 0.0000
-2.1942 -0.3018 0.5012
-2.2099 -0.3868 0.4504
-2.2946 -0.3404 0.4735
-2.2865 -0.4364 0.4131
-2.2831 -0.5289 0.3498
-2.3659 -0.4889 0.3552
-2.3761 -0.3935 0.4112
-2.3934 -0.5617 0.2975
-2.4532 -0.4592 0.3288
-2.5439 -0.4894 0.2516
-2.4672 -0.5533 0.2673
2.4532 4.4859 0.0000
1.9970 4.2733 0.0000
4.7951 -3.5859 0.0000
4.6166 -3.7461 0.0000
3.1689 -3.6377 0.0000
0.7853 1.6158 0.0001
0.6298 1.3775 0.0002
0.9317 1.3677 0.0004
0.7970 1.1285 0.0008
0.4992 1.1348 0.0004
-1.0866 4.7707 0.0000
-1.3909 4.7249 0.0000
-4.4879 0.3166 0.0000
2.6118 -3.7448 0.0000
4.4933 3.0820 0.0000
-2.9339 -2.9508 0.0000
0.3944 1.9158 0.0000
0.1142 1.9701 0.0000
-4.6016 0.9275 0.0000
-4.7511 0.7521 0.0000
-4.7381 4.5226 0.0000
-4.5110 -4.0010 0.0000
-2.4283 -3.0075 0.0000
4.3967 -3.3017 0.0000
0.4904 -0.6706 0.0009
0.0588 -0.8713 0.0003
4.1887 -3.3995 0.0000
2.4412 3.2288 0.0000
2.2903 2.9997 0.0000
2.2373 3.3973 0.0000
2.0876 3.1952 0.0000
-4.4768 2.9268 0.0000
1.2131 4.1207 0.0000
3.4667 2.3368 0.0000
3.2028 2.2504 0.0000
2.5817 -4.7524 0.0000
2.4836 -4.5029 0.0000
2.3141 -4.7539 0.0000
2.0221 -4.7536 0.0000
-0.3012 -4.0138 0.0000
-0.4388 -4.2838 0.0000
-0.5656 -4.0590 0.0000
-0.7564 -4.2587 0.0000
1.2805 -1.3140 0.0007
1.0858 -1.5174 0.0001
1.1308 -1.7879 0.0000
4.4914 0.7000 0.0000
4.2165 0.5931 0.0000
4.1826 0.3194 0.0000
-3.7368 0.0233 0.0000
-4.0134 -0.0279 0.0000
-4.2819 -0.1216 0.0000
-4.3548 -0.4036 0.0000
0.5470 0.6179 0.0020
0.4773 0.3503 0.0023
0.2427 0.4165 0.0025
0.0075 0.2855 0.0029
-4.0667 -3.0042 0.0000
-3.0652 1.4073 0.0002
-3.3363 1.4890 0.0000
-1.8405 -0.7586 0.1273
-1.7697 -0.9031 0.0652
-1.8673 -0.8372 0.1054
-1.8946 -0.9500 0.0742
-2.1286 -1.2169 0.0319
4.2923 -0.1914 0.0000
0.6154 -4.0857 0.0000
-2.1766 -0.6773 0.2491
-2.2415 -0.7623 0.1997
-2.2722 -0.8645 0.1445
-2.2627 -0.6565 0.2645
-2.3270 -0.7106 0.2227
-2.3429 -0.8008 0.1695
-2.3658 -0.8943 0.1221
-2.2961 -0.9642 0.1006
-2.4195 -0.7355 0.1867
-2.4406 -0.8273 0.1367
-2.4581 -0.9226 0.0956
-2.5437 -0.8615 0.0959
-2.3870 -1.0145 0.0760
-2.5517 -1.0293 0.0501
-3.0924 4.0224 0.0000
-3.3853 4.0684 0.0000
-3.5853 3.9035 0.0000
-3.3092 3.8055 0.0000
-3.4990 3.5971 0.0000
-3.7677 3.6931 0.0000
-3.7210 3.4152 0.0000
-1.9923 3.2569 0.0000
-2.2294 3.0666 0.0000
-2.2328 2.7889 0.0000
-3.6169 0.5164 0.0000
-3.9482 0.2696 0.0000
-4.2351 0.1662 0.0000
-3.6569 -1.8888 0.0000
-3.9520 -1.9666 0.0000
-4.2538 -1.9352 0.0000
-4.1332 -2.1791 0.0000
-4.2553 -2.4022 0.0000
2.4736 -4.0003 0.0000
2.6344 -4.2438 0.0000
-2.2742 2.5262 0.0000
-2.4879 2.3247 0.0000
-2.4201 2.0327 0.0001
3.5910 -3.3394 0.0000
3.3074 -3.3669 0.0000
3.4621 1.8008 0.0000
3.1826 1.9044 0.0000
3.2063 1.6312 0.0000
2.9464 1.4892 0.0003
1.4875 3.6714 0.0000
1.2373 3.6526 0.0000
-0.8928 -2.0211 0.0000
-2.4444 -0.1396 0.4791
-2.6031 -0.1370 0.3160
-2.5241 -0.1914 0.3889
-2.4759 -0.2603 0.4111
-2.5437 -0.3077 0.3305
-2.6087 -0.2394 0.2883
-2.6394 -0.3313 0.2329
-2.5668 -0.4059 0.2706
-2.6516 -0.4279 0.1931
-2.7243 -0.2713 0.1708
-0.4175 -0.9758 0.0003
-0.4114 -1.2501 0.0001
-1.2673 1.5149 0.0005
-1.4255 1.2492 0.0041
-1.6708 1.0929 0.0222
-1.8364 0.9793 0.0582
-1.6832 0.8728 0.0557
-1.8321 0.8460 0.0923
-1.8900 0.7658 0.1349
-4.1670 -2.7512 0.0000
2.5304 0.0713 0.1415
2.4531 0.0004 0.1714
2.3739 -0.0451 0.1928
2.2755 -0.0253 0.2074
2.1813 0.0118 0.2070
2.3830 -0.1311 0.1859
2.2929 -0.1116 0.2020
2.1973 -0.0842 0.2057
2.1076 -0.0483 0.1973
2.2229 -0.1763 0.1981
2.3224 -0.2013 0.1891
2.3568 -0.2893 0.1701
2.2555 -0.2675 0.1841
2.1232 -0.1510 0.1927
2.1624 -0.2489 0.1841
2.0722 -0.2271 0.1744
2.0373 -0.1088 0.1801
2.0071 -0.1852 0.1657
1.9333 -0.1466 0.1503
2.0043 -0.2941 0.1496
2.2796 -0.3540 0.1661
2.1908 -0.3483 0.1673
2.0974 -0.3194 0.1631
2.1129 -0.4117 0.1460
2.0322 -0.4733 0.1199
1.9305 -0.2377 0.1397
1.8461 -0.1863 0.1224
1.8418 -0.2818 0.1108
1.7596 -0.3474 0.0828
2.0217 -0.3831 0.1370
1.9451 -0.4061 0.1164
1.9457 -0.4871 0.1010
1.9193 -0.3281 0.1238
1.8513 -0.3952 0.0971
4.7541 4.2101 0.0000
-3.5150 1.2752 0.0000
4.4855 2.7779 0.0000
-4.2800 1.9026 0.0000
4.0214 -0.2589 0.0000
3.9444 -0.5489 0.0000
-2.7002 -2.2502 0.0000
-2.7491 -2.5046 0.0000
-2.9048 -2.6774 0.0000
-3.1847 -2.7727 0.0000
0.7856 -0.0343 0.0042
-0.8038 0.1943 0.0127
-1.1089 -0.1037 0.0376
-2.1748 -4.2559 0.0000
-3.9967 3.5445 0.0000
-4.2439 3.3790 0.0000
-0.4218 3.3525 0.0000
3.6341 4.7701 0.0000
-2.8603 -1.6426 0.0004
-3.0113 -1.8609 0.0000
-3.0421 -2.1273 0.0000
-3.2767 -2.2712 0.0000
0.8504 -0.6583 0.0022
0.6683 -0.8320 0.0008
0.5255 -1.0296 0.0003
-3.6790 -3.0078 0.0000
-3.8920 -3.1499 0.0000
-2.3509 -1.1694 0.0405
0.9157 -1.9390 0.0000
-2.1765 0.3426 0.4728
-2.2692 0.3390 0.4787
-1.9723 0.3273 0.3876
-2.0364 0.2735 0.4534
-2.1216 0.2854 0.4896
-2.2366 0.2530 0.5296
-0.4226 -0.7110 0.0008
3.9949 0.7772 0.0000
3.9236 0.5097 0.0000
0.9813 0.9104 0.0020
0.8652 0.6740 0.0025
2.4949 1.1383 0.0117
-2.0176 -1.6634 0.0016
-2.0534 -1.9219 0.0002
-2.2960 -1.9043 0.0003
-2.4888 -2.0806 0.0001
1.7930 -3.1903 0.0000
1.7788 -2.5462 0.0000
-0.1588 -3.2750 0.0000
2.1467 -3.5371 0.0000
1.9669 -3.7657 0.0000
0.6568 -2.6581 0.0000
0.5172 -2.9037 0.0000
0.2573 -2.8924 0.0000
-2.0074 -3.4447 0.0000
-2.2706 -3.5078 0.0000
4.2751 -1.0119 0.0000
3.8460 -0.8244 0.0000
4.0079 -1.0580 0.0000
3.7160 -1.0951 0.0000
-2.2205 2.2408 0.0000
-2.1376 -0.7646 0.1926
-2.1809 -0.8478 0.1525
-2.2042 -0.9405 0.1115
-2.1186 -0.9357 0.1090
-2.0761 -1.0437 0.0684
-2.2207 -1.0518 0.0723
4.7495 2.3343 0.0000
-0.1857 -0.8116 0.0004
-4.4882 0.5988 0.0000
-4.7484 0.4613 0.0000
-4.7545 0.1677 0.0000
2.2993 0.6699 0.0855
2.1806 0.6784 0.0848
2.2016 0.5878 0.1074
2.1193 0.5662 0.1087
2.0643 0.5092 0.1166
1.9828 0.4704 0.1125
2.2808 0.5797 0.1084
2.2735 0.4977 0.1294
2.1903 0.4970 0.1302
2.1196 0.4476 0.1376
2.0413 0.4048 0.1368
2.0284 0.3121 0.1526
1.9445 0.2689 0.1410
1.7865 0.2673 0.1003
1.8640 0.2211 0.1260
1.8156 0.1555 0.1183
-3.5766 -1.2314 0.0000
-3.6588 -1.5099 0.0000
-1.4708 0.9680 0.0188
-1.5278 0.7425 0.0514
-1.6514 0.6402 0.1016
-1.2915 0.8030 0.0174
-1.3621 0.5922 0.0436
-1.5381 0.5912 0.0800
-1.3969 0.4105 0.0743
-1.4791 0.4899 0.0827
-1.5420 0.4206 0.1157
-1.5887 0.4901 0.1174
-1.6513 0.4360 0.1566
-3.3944 0.6920 0.0000
2.3930 1.6157 0.0014
2.4274 1.3874 0.0040
2.3163 0.9742 0.0304
2.0853 0.9898 0.0263
-0.3666 2.5467 0.0000
-0.6409 2.5011 0.0000
-0.7291 2.2004 0.0000
2.3968 -2.3122 0.0000
2.0270 4.7614 0.0000
-0.1352 1.0121 0.0005
2.7714 -0.7267 0.0164
2.6707 -0.9770 0.0121
4.7494 2.0298 0.0000
4.4789 -1.7792 0.0000
-1.5446 1.5156 0.0014
-1.8287 1.5751 0.0025
4.5342 -1.4733 0.0000
-2.6051 0.1589 0.3094
-2.6039 0.0636 0.3236
-2.6815 0.0150 0.2397
-2.7559 -0.0027 0.1660
-2.8447 -0.0080 0.0961
-2.6024 -0.0371 0.3272
-2.6877 -0.0839 0.2304
-2.7813 -0.0886 0.1418
-0.3980 1.7494 0.0000
-0.7074 1.6734 0.0000
-1.0065 1.6089 0.0001
-0.4275 -1.8012 0.0000
1.0670 -4.2631 0.0000
0.7844 -4.2709 0.0000
-0.1295 -1.1148 0.0001
4.4785 -1.2226 0.0000
4.1993 -1.2959 0.0000
4.3108 -1.5418 0.0000
4.2091 -1.8124 0.0000
3.9301 2.5481 0.0000
4.0107 3.9925 0.0000
4.0326 3.6945 0.0000
3.0366 -0.6691 0.0025
2.9556 -0.9299 0.0024
-2.3782 0.8976 0.1245
-2.3811 0.9940 0.0872
-2.4180 0.8189 0.1513
-2.4750 0.8912 0.1071
-2.5145 0.7941 0.1326
-2.5073 1.0026 0.0650
-2.6116 0.8868 0.0712
-2.6237 0.7798 0.0964
-2.5789 0.7087 0.1391
-2.6565 0.6746 0.1131
-3.2789 -4.7616 0.0000
-3.5920 -4.7640 0.0000
-3.0945 3.2768 0.0000
-2.9697 3.0020 0.0000
-3.2426 3.0447 0.0000
-2.6584 -2.8294 0.0000
-2.6983 -3.1216 0.0000
-0.7372 -0.2828 0.0094
-0.9984 -0.3039 0.0207
-0.8744 -0.5278 0.0091
3.4805 1.5366 0.0000
3.4911 1.2797 0.0000
3.2314 1.0751 0.0001
0.7685 3.7060 0.0000
-3.1171 1.6941 0.0000
-2.5487 -0.5849 0.2043
-2.6217 -0.5873 0.1595
-2.6736 -0.6216 0.1193
-2.6286 -0.5086 0.1833
-2.7056 -0.5298 0.1262
-2.7552 -0.6004 0.0838
-2.3170 -0.5993 0.2957
-2.3898 -0.6469 0.2461
-2.4788 -0.6525 0.2080
-2.5750 -0.6760 0.1513
-2.5115 -0.7542 0.1465
-2.6073 -0.7734 0.1031
-2.6582 -0.7008 0.1039
-2.7590 -0.7285 0.0586
-2.6924 -0.8745 0.0520
-0.7005 0.9242 0.0017
-0.8090 0.6987 0.0052
2.7293 -3.4693 0.0000
-0.4182 0.9619 0.0008
-3.6888 1.0680 0.0000
-3.9052 0.8689 0.0000
2.7531 0.1258 0.0540
2.7563 -0.0468 0.0545
2.6237 0.1127 0.1019
2.6273 0.0174 0.1033
2.5441 -0.0270 0.1377
2.4683 -0.1019 0.1636
2.5987 -0.5995 0.0561
2.5349 -0.7975 0.0393
2.3678 -0.8868 0.0411
-4.5210 4.7333 0.0000
3.2262 1.3506 0.0000
2.9679 1.2070 0.0009
0.6100 -4.4830 0.0000
-2.1213 0.6435 0.2637
-2.1900 0.5873 0.3116
-2.2197 0.6747 0.2569
-2.2796 0.5923 0.3086
-2.3681 0.5643 0.3072
-2.4546 0.5341 0.2865
-2.2964 0.4985 0.3695
-2.3913 0.4595 0.3636
-2.4776 0.4460 0.3204
0.0041 -4.0095 0.0000
3.4690 -0.4052 0.0000
3.1100 -0.4156 0.0020
2.8240 -0.4630 0.0223
-2.7765 -1.0717 0.0154
-2.8266 -1.3456 0.0029
2.7218 4.4826 0.0000
0.1525 4.7463 0.0000
-0.0009 4.4831 0.0000
3.3290 -0.6204 0.0001
2.5666 0.4878 0.0797
2.4581 0.4301 0.1179
-2.9383 4.7614 0.0000
-3.0944 4.5206 0.0000
-3.2341 4.2918 0.0000
-2.8215 0.8786 0.0232
-3.0467 0.3701 0.0119
4.7806 -4.7864 0.0000
4.5100 -4.7224 0.0000
-1.3952 -0.5406 0.0579
-1.4887 -0.4620 0.0966
-1.6233 -0.4783 0.1423
-2.4503 4.1389 0.0000
-2.6487 4.2736 0.0000
0.3574 4.0112 0.0000
0.2083 3.7524 0.0000
-1.2391 -1.7267 0.0001
-1.4033 -1.9528 0.0000
1.2902 -3.3034 0.0000
-2.9668 -0.0641 0.0360
-3.4981 -0.9554 0.0000
0.3332 -0.8907 0.0004
3.5034 4.2822 0.0000
-4.0055 2.3242 0.0000
-4.2225 2.1630 0.0000
4.5042 1.5809 0.0000
-2.5852 1.3313 0.0100
-2.6853 1.0938 0.0218
-0.6672 -1.0942 0.0003
-0.6779 -1.3847 0.0001
-3.2493 -4.2790 0.0000
-3.4504 -4.5227 0.0000
2.0633 0.6490 0.0838
1.9951 0.5734 0.0921
1.9046 0.4927 0.0930
1.9487 0.3770 0.1243
1.8633 0.4214 0.0972
1.8666 0.3229 0.1138
1.7629 0.3700 0.0820
-4.5037 3.7976 0.0000
3.7394 1.2921 0.0000
3.7368 1.0366 0.0000
3.7431 0.7823 0.0000
-3.0212 -3.5583 0.0000
-3.2606 -3.7210 0.0000
-3.1649 -4.5097 0.0000
2.2688 4.2435 0.0000
2.1163 3.9928 0.0000
-4.1822 2.5095 0.0000
-4.4315 2.3794 0.0000
-4.7252 2.3083 0.0000
0.3024 -2.3217 0.0000
0.5940 2.6510 0.0000
-1.6858 0.7279 0.0889
-1.7659 0.6654 0.1316
-1.7890 0.7564 0.1091
-1.8625 0.6773 0.1615
-1.8340 0.5883 0.1872
-1.6381 0.5579 0.1185
-1.7328 0.5903 0.1445
-1.7013 0.5081 0.1578
-1.7472 0.4298 0.2058
-1.7974 0.5080 0.2028
-1.8459 0.4256 0.2630
-1.9289 0.5985 0.2237
-1.8981 0.5011 0.2574
-1.8981 0.3671 0.3210
-1.9937 0.5249 0.2920
-2.0529 0.4583 0.3583
-1.9654 0.4268 0.3323
-2.0661 0.3665 0.4197
3.9368 0.2030 0.0000
3.8254 -0.0407 0.0000
-3.9668 2.0283 0.0000
-4.0444 1.8051 0.0000
1.5961 -2.3735 0.0000
1.4096 -2.5349 0.0000
-4.6790 -1.1893 0.0000
-1.7064 4.7641 0.0000
0.6115 -1.8820 0.0000
2.8751 -2.1904 0.0000
-0.9420 -3.4672 0.0000
-3.4141 -2.9119 0.0000
2.9449 -4.2429 0.0000
2.7689 -4.4944 0.0000
-2.1474 1.9507 0.0003
-2.3380 1.7450 0.0013
2.5686 -1.8249 0.0002
-1.6987 -3.6184 0.0000
-1.9048 -3.9504 0.0000
-2.1593 -3.9918 0.0000
-2.4924 4.5024 0.0000
-2.9543 -3.2421 0.0000
-2.9397 -2.3308 0.0000
-3.1090 -2.4931 0.0000
-3.3863 -2.5660 0.0000
3.2711 -2.4421 0.0000
1.0264 3.2519 0.0000
0.7688 3.1125 0.0000
0.8140 2.8344 0.0000
1.7025 4.2895 0.0000
1.5122 4.1289 0.0000
0.3231 -3.9800 0.0000
0.4414 -4.2634 0.0000
-2.0204 4.7688 0.0000
-0.0947 1.7547 0.0000
-0.2239 1.4982 0.0000
0.3197 1.3883 0.0001
0.1968 1.1288 0.0003
0.0807 0.8671 0.0007
3.3151 0.0800 0.0002
3.2774 -0.2525 0.0004
3.1424 -0.0713 0.0020
2.9364 -0.2144 0.0134
2.2540 0.8126 0.0566
2.0906 0.8103 0.0525
1.9307 0.7508 0.0493
1.8790 0.5986 0.0685
1.7480 0.5073 0.0602
1.5630 0.4964 0.0335
0.0574 3.9971 0.0000
-0.1085 3.8014 0.0000
2.3326 4.7521 0.0000
1.2248 -2.7155 0.0000
-3.5854 2.6417 0.0000
-3.7943 2.4804 0.0000
-1.0335 2.9051 0.0000
-1.1354 2.6370 0.0000
-1.2026 2.3652 0.0000
-1.4629 2.2837 0.0000
-1.2439 2.0736 0.0000
-1.1561 1.8393 0.0000
-1.3753 1.7509 0.0002
-1.4948 1.9873 0.0000
-1.6591 1.7779 0.0004
0.4561 4.7587 0.0000
0.6029 4.5225 0.0000
0.3077 4.5016 0.0000
-3.9318 4.7344 0.0000
-3.4224 4.5300 0.0000
-3.7759 4.4434 0.0000
-0.1790 -1.4106 0.0000
-0.4394 -1.5345 0.0000
-0.7096 -1.6737 0.0000
2.4587 0.5322 0.0969
2.3706 0.4766 0.1250
2.2917 0.4191 0.1476
2.2069 0.3992 0.1546
2.3754 0.3778 0.1464
2.2891 0.3271 0.1685
2.1212 0.3514 0.1594
2.2025 0.2973 0.1766
2.1863 0.2077 0.1913
2.1079 0.2584 0.1753
2.1062 0.1622 0.1885
2.0212 0.2117 0.1665
2.0292 0.1146 0.1781
2.0864 0.0500 0.1935
1.9347 0.1598 0.1509
1.9621 0.0588 0.1643
1.8681 0.0897 0.1368
2.0182 -0.0053 0.1796
1.9569 -0.0639 0.1622
1.7949 0.0496 0.1169
1.8941 0.0007 0.1459
1.8629 -0.0907 0.1342
1.8035 -0.0213 0.1194
1.7728 -0.1196 0.1072
1.7510 -0.2241 0.0937
3.8839 -2.7536 0.0000
2.5814 -1.2574 0.0051
2.5772 -1.5531 0.0012
1.9299 3.7839 0.0000
-2.7558 2.4065 0.0000
-3.0263 2.4801 0.0000
-2.9670 2.1911 0.0000
1.5064 3.4266 0.0000
1.5833 3.2158 0.0000
0.8392 2.5596 0.0000
2.9633 2.6623 0.0000
2.7335 2.4669 0.0000
-3.7570 1.3851 0.0000
-3.9297 1.1773 0.0000
4.2171 2.6198 0.0000
4.0379 2.3001 0.0000
-0.4308 -2.0824 0.0000
0.9785 -3.1875 0.0000
1.0717 -3.4819 0.0000
3.7593 3.2740 0.0000
-1.0186 0.3175 0.0238
-1.2137 0.2142 0.0527
-1.0493 0.0968 0.0316
-1.2521 0.0318 0.0665
-1.3708 -0.0404 0.0995
-1.2810 -0.1259 0.0713
-1.3886 -0.1479 0.1018
-1.4638 -0.0923 0.1325
-1.4725 -0.1915 0.1298
-1.5610 -0.2335 0.1641
-1.2194 -0.2825 0.0481
-1.3703 -0.2457 0.0887
-1.3603 -0.3851 0.0706
-1.4657 -0.2859 0.1168
-1.4789 -0.3766 0.1083
-1.5729 -0.4096 0.1380
-1.5572 -0.3180 0.1492
0.6736 0.8746 0.0015
0.3834 0.8905 0.0010
0.2863 0.6523 0.0018
-3.2398 1.1831 0.0001
3.2415 -0.8976 0.0002
-3.9938 -4.2475 0.0000
-4.2445 -4.2243 0.0000
1.5609 2.9435 0.0000
1.5565 2.6694 0.0000
1.3177 2.5209 0.0000
0.6127 -3.8304 0.0000
1.5516 -1.3746 0.0012
1.3552 -1.6124 0.0002
1.3082 2.8247 0.0000
1.0752 2.6747 0.0000
1.0659 2.3582 0.0000
0.0047 -4.5056 0.0000
-0.2972 -4.5174 0.0000
3.1338 -1.1736 0.0002
-2.6847 -0.1836 0.2222
-2.7577 -0.1593 0.1569
-2.7960 -0.2106 0.1213
-2.8459 -0.2749 0.0828
4.5680 -3.1287 0.0000
4.2880 -3.0630 0.0000
0.4715 3.2370 0.0000
0.2577 3.0064 0.0000
0.3476 2.7269 0.0000
0.0740 2.7692 0.0000
-3.7332 -4.5141 0.0000
-3.8990 -4.7582 0.0000
-4.2058 -4.7401 0.0000
-1.1874 -0.9733 0.0061
4.2778 4.4706 0.0000
4.0013 4.2644 0.0000
3.7531 4.2818 0.0000
3.7497 4.0474 0.0000
-0.1152 -3.5250 0.0000
2.3644 -0.5822 0.1044
2.3022 -0.5156 0.1268
2.2778 -0.6190 0.1020
2.1880 -0.6745 0.0880
2.1261 -0.8152 0.0549
2.2855 -0.4394 0.1465
2.2047 -0.4437 0.1462
2.2178 -0.5398 0.1226
2.1438 -0.5919 0.1058
2.1265 -0.5024 0.1262
2.0462 -0.5605 0.1025
2.0554 -0.6752 0.0781
1.9354 -0.6000 0.0773
1.9181 -0.7783 0.0448
1.8295 -0.4974 0.0765
1.7635 -0.6540 0.0439
1.9629 -0.9889 0.0226
1.7539 -1.1537 0.0066
1.6904 -0.8820 0.0168
1.3995 -0.8368 0.0075
1.4843 -1.0953 0.0036
-2.3145 -1.6548 0.0022
-2.5820 -1.7995 0.0005
-1.1504 -3.9350 0.0000
1.3029 0.4639 0.0144
-2.8434 -4.0516 0.0000
-2.9899 -3.8515 0.0000
-3.0110 -4.2075 0.0000
-1.4391 -0.9093 0.0208
-1.6537 -1.0363 0.0260
-4.0385 -3.3322 0.0000
-4.2376 -3.4989 0.0000
-0.4566 -2.8980 0.0000
-0.4364 -3.1848 0.0000
3.4504 3.0185 0.0000
4.4902 1.8843 0.0000
2.9874 2.0801 0.0000
2.7263 1.9385 0.0001
-4.2156 4.7574 0.0000
-4.7360 -3.5574 0.0000
-0.2394 0.2046 0.0038
-0.7063 -0.7905 0.0018
-1.4144 -1.1767 0.0052
-1.6725 -1.2831 0.0077
-1.8857 -1.1190 0.0343
-1.9209 -1.3647 0.0097
-2.1505 -1.4406 0.0090
1.3776 4.3596 0.0000
1.0825 4.3672 0.0000
-2.1511 -4.5112 0.0000
-2.3624 -4.7262 0.0000
3.6447 -1.9275 0.0000
3.4469 -2.2012 0.0000
-0.6681 -1.9252 0.0000
-0.6888 -2.2079 0.0000
-4.7274 -3.8135 0.0000
-4.7713 -4.0489 0.0000
-3.4294 3.2943 0.0000
3.5040 3.2668 0.0000
3.2842 3.5866 0.0000
3.2666 3.3278 0.0000
3.1959 3.0955 0.0000
-2.9330 -0.8226 0.0130
-3.2104 -0.8858 0.0005
-3.2965 -1.1710 0.0000
1.5760 -3.3811 0.0000
-1.0213 -0.7342 0.0084
-3.8178 -1.6973 0.0000
-4.0905 -1.7094 0.0000
-4.7919 -0.9918 0.0000
-3.6580 0.7815 0.0000
-3.8910 0.5533 0.0000
1.2543 -1.9968 0.0000
3.6067 0.1225 0.0000
3.5180 -0.1269 0.0000
-0.7162 -2.4761 0.0000
-0.9728 -2.6061 0.0000
-4.2000 -1.3786 0.0000
-4.3298 -1.6376 0.0000
-4.6052 -1.6274 0.0000
-4.7930 -1.7535 0.0000
3.7717 3.7974 0.0000
3.7817 3.5383 0.0000
3.5259 3.7647 0.0000
3.5403 3.5094 0.0000
2.9032 4.7627 0.0000
2.6315 4.7401 0.0000
-3.5217 4.2879 0.0000
-3.7177 4.1515 0.0000
-3.8763 3.9442 0.0000
-4.0499 3.8089 0.0000
-4.2379 3.9764 0.0000
-4.2686 3.6629 0.0000
1.2801 0.9188 0.0042
3.4532 -3.6060 0.0000
2.6685 1.6359 0.0006
2.6948 1.3450 0.0024
0.7597 0.4545 0.0027
0.7157 0.2291 0.0030
0.3659 -3.6789 0.0000
0.1083 -3.7533 0.0000
3.7107 3.0189 0.0000
3.7325 2.7864 0.0000
2.1155 -1.8429 0.0003
1.9686 -2.0257 0.0001
2.4735 -2.8463 0.0000
-2.7320 -0.3652 0.1465
-2.7253 -0.4541 0.1320
-2.8284 -0.3846 0.0810
-2.7891 -0.4790 0.0887
-2.8974 -0.5627 0.0355
-3.1317 -0.6085 0.0031
-3.4127 -0.6763 0.0000
0.8742 2.1124 0.0000
0.6766 1.8761 0.0000
1.9819 1.9807 0.0001
1.9185 1.6969 0.0007
3.8917 -1.3297 0.0000
3.6035 -1.3745 0.0000
0.4101 -3.3831 0.0000
-3.4584 4.7966 0.0000
-3.6715 4.7133 0.0000
-1.6436 -4.1055 0.0000
-1.9227 -4.2319 0.0000
-2.7930 4.5179 0.0000
-2.9463 4.2774 0.0000
-2.6384 4.7568 0.0000
2.1256 1.4771 0.0027
2.2286 1.2081 0.0109
2.0356 -4.2720 0.0000
-4.2138 0.4564 0.0000
-4.7626 -3.2700 0.0000
3.7585 2.3089 0.0000
3.6213 2.0637 0.0000
3.3607 2.0682 0.0000
-3.6962 -3.3154 0.0000
-3.9011 -3.5141 0.0000
-4.1044 -3.7195 0.0000
-3.8104 -3.7712 0.0000
-3.9875 -3.9983 0.0000
4.0250 3.3947 0.0000
1.3151 3.1245 0.0000
1.0557 2.9738 0.0000
4.7300 -1.9263 0.0000
3.7430 -3.5890 0.0000
-3.6119 -0.4648 0.0000
-3.7012 -0.7445 0.0000
-3.7858 -1.0196 0.0000
3.1365 -3.1597 0.0000
2.8434 -3.1947 0.0000
0.8612 -3.6889 0.0000
0.9060 -3.9886 0.0000
4.3204 -3.6292 0.0000
4.1577 -3.8733 0.0000
3.8866 -3.8533 0.0000
4.0277 -4.1349 0.0000
3.8466 -4.3140 0.0000
3.7154 -4.5398 0.0000
-2.3302 3.8576 0.0000
-2.3865 3.6226 0.0000
-2.5932 3.4176 0.0000
4.5036 4.0388 0.0000
1.7187 4.7640 0.0000
1.5660 4.5236 0.0000
3.6164 2.5463 0.0000
1.0564 -0.0633 0.0097
0.8899 -0.2942 0.0049
3.0495 -1.4357 0.0001
2.8677 -1.6825 0.0001
-0.9721 -2.2988 0.0000
-1.1987 -2.4412 0.0000
-1.4581 -2.5460 0.0000
0.2956 3.4937 0.0000
0.1459 3.2628 0.0000
-0.1498 3.2969 0.0000
-1.7530 0.2634 0.2620
-1.8495 0.2063 0.3466
-1.8306 0.1168 0.3523
-1.8798 0.0482 0.4007
-1.7898 0.3529 0.2574
-1.8509 0.2996 0.3170
-1.9248 0.2568 0.3857
-1.9247 0.1362 0.4229
-1.9802 0.2034 0.4454
-2.0264 0.1172 0.5032
-1.9797 0.0423 0.4810
-2.0819 0.0309 0.5512
-2.0127 -0.0576 0.5047
-1.9204 -0.0251 0.4359
-1.9260 -0.1148 0.4309
-2.0131 -0.1588 0.4852
-2.1008 -0.0567 0.5593
-2.1828 -0.1168 0.5779
-2.0998 -0.1420 0.5414
-2.0884 -0.2386 0.5001
-2.1762 -0.2130 0.5429
1.3421 3.9001 0.0000
-2.2281 -2.4880 0.0000
-2.4510 -2.3616 0.0000
-2.5363 -2.6011 0.0000
-1.8805 -4.5130 0.0000
2.4586 -0.5523 0.0957
2.4198 -0.6781 0.0754
2.2950 -0.7504 0.0701
2.1933 -0.9822 0.0304
-4.5380 -2.4586 0.0000
-4.7504 -2.6393 0.0000
-1.5302 -2.8310 0.0000
-1.8484 1.9152 0.0002
-2.0184 1.7193 0.0015
2.9918 2.3863 0.0000
2.7412 2.2322 0.0000
-0.1515 -4.7576 0.0000
-0.4624 -4.7567 0.0000
-0.4415 -2.3539 0.0000
-0.4545 -2.6217 0.0000
-0.1844 -2.4847 0.0000
-1.8622 4.5289 0.0000
-0.6116 1.1882 0.0004
-0.9053 1.1014 0.0013
-1.0143 0.8427 0.0059
-1.6206 -2.0649 0.0000
-1.7754 -1.8486 0.0002
-1.8889 -2.1385 0.0000
-0.0686 -0.5758 0.0007
1.9571 -2.7298 0.0000
2.0365 -3.0074 0.0000
4.5379 -2.3525 0.0000
4.4178 -2.5912 0.0000
-4.5176 -1.8829 0.0000
-4.4592 -2.1736 0.0000
-4.7445 -2.0365 0.0000
-4.7562 -2.3236 0.0000
-2.3348 4.7401 0.0000
-2.1542 4.5342 0.0000
-2.2994 4.3409 0.0000
3.6007 -3.8305 0.0000
3.7268 -4.0788 0.0000
-3.8531 -1.2886 0.0000
-3.9816 -1.4802 0.0000
-4.4960 -4.2498 0.0000
-4.7429 -4.2731 0.0000
-4.7486 -4.5224 0.0000
4.1132 -2.5569 0.0000
4.1909 -2.8192 0.0000
-2.3324 0.2865 0.4924
-2.4181 0.2548 0.4598
-2.4993 0.2879 0.3787
-2.3246 0.1908 0.5402
-2.4277 0.1597 0.4877
-2.5180 0.1089 0.4136
0.4874 3.7746 0.0000
0.5385 3.5258 0.0000
0.9431 4.1290 0.0000
0.6835 3.9989 0.0000
1.4204 -3.8394 0.0000
1.2203 -4.0372 0.0000
4.4158 0.1399 0.0000
4.1472 0.0217 0.0000
2.6401 -0.0879 0.0968
2.6238 -0.1846 0.0984
2.5634 -0.1096 0.1274
2.5237 -0.1884 0.1372
2.4242 -0.2127 0.1669
2.4894 -0.2730 0.1392
2.7406 -0.2208 0.0541
2.6763 -0.3221 0.0678
2.5816 -0.2725 0.1066
2.4333 -0.3317 0.1462
2.3638 -0.3952 0.1481
-4.4396 -3.7089 0.0000
-1.3806 -2.2451 0.0000
-1.6669 -2.3421 0.0000
-1.7429 -2.6190 0.0000
1.8624 -3.4794 0.0000
4.2729 3.5509 0.0000
-1.9565 -2.4070 0.0000
-2.0319 -2.6863 0.0000
0.4941 1.6359 0.0000
0.2129 1.6951 0.0000
0.0594 1.4819 0.0000
-0.0291 1.2487 0.0002
-4.0037 4.1843 0.0000
-4.2738 4.2591 0.0000
0.0675 -2.4617 0.0000
0.0510 -2.7193 0.0000
0.7488 2.3471 0.0000
0.5771 2.1375 0.0000
-0.1748 -2.2191 0.0000
3.1296 0.3013 0.0020
4.0782 -3.1851 0.0000
3.8797 -3.3359 0.0000
-0.1186 4.2059 0.0000
-0.3050 3.9718 0.0000
2.4136 2.3338 0.0000
2.2301 2.1052 0.0001
1.3557 -3.5740 0.0000
1.1310 -3.7706 0.0000
2.3141 -1.6803 0.0009
2.3271 -2.0016 0.0001
0.8322 -1.6805 0.0000
0.5651 -1.5931 0.0000
3.3671 4.7620 0.0000
-1.6406 -0.3470 0.1825
-1.6875 -0.4140 0.1884
-1.7167 -0.5036 0.1746
-1.7381 -0.5979 0.1518
-1.8440 -0.5985 0.1934
-1.7926 -0.6784 0.1425
-1.9460 -0.6031 0.2321
-1.8912 -0.6803 0.1750
-1.9883 -0.6890 0.2018
-1.9342 -0.7664 0.1497
-2.0394 -0.6060 0.2643
-2.0828 -0.6884 0.2270
-2.0323 -0.7771 0.1681
-2.0867 -0.8452 0.1446
-1.9662 -0.8504 0.1217
-2.0311 -0.8950 0.1151
-2.0000 -0.9686 0.0839
2.9781 0.9122 0.0024
2.7403 1.0511 0.0068
2.5420 0.8908 0.0277
2.7598 0.7736 0.0163
2.4119 0.7692 0.0563
2.5622 0.6566 0.0547
2.4085 0.6267 0.0852
2.3564 0.5563 0.1079
3.5343 -0.8610 0.0000
3.4252 -1.1347 0.0000
-0.6104 4.3799 0.0000
-0.6041 4.0671 0.0000
-4.2687 -0.8722 0.0000
-4.3695 -2.6346 0.0000
-4.5424 -2.7978 0.0000
1.6434 -1.6440 0.0004
1.4628 -1.8695 0.0001
3.7603 4.5186 0.0000
0.5857 -0.2183 0.0023
0.6831 -0.4798 0.0021
0.3821 -0.4078 0.0012
0.1989 -0.6264 0.0006
-2.6649 0.5909 0.1334
-2.7291 0.7353 0.0670
-2.7613 0.6075 0.0787
-2.8442 0.4793 0.0608
0.3159 -1.4749 0.0000
3.9976 1.8142 0.0000
3.9861 1.5580 0.0000
3.7329 1.5458 0.0000
3.5998 0.5413 0.0000
3.4251 0.3264 0.0000
-4.7414 3.0528 0.0000
3.0338 -4.7459 0.0000
2.8057 -4.7483 0.0000
-2.8254 1.6070 0.0005
-2.8115 1.3418 0.0028
2.1489 -2.2145 0.0000
2.0582 -2.4696 0.0000
-2.6949 2.1149 0.0000
-4.2554 -3.9669 0.0000
0.6342 -3.1903 0.0000
2.4446 -1.0670 0.0175
-1.5505 -0.5102 0.1074
-1.5447 -0.5777 0.0906
-1.6429 -0.5708 0.1248
-1.4988 -0.6931 0.0559
-1.6231 -0.6565 0.0951
-1.6973 -0.6903 0.1079
-1.6236 -0.8162 0.0575
-1.7547 -0.7795 0.0968
3.2905 0.5545 0.0002
0.4525 -4.7481 0.0000
3.6269 -2.8193 0.0000
4.7451 2.9284 0.0000
1.6467 3.8841 0.0000
4.7753 -3.9237 0.0000
4.7664 -4.2426 0.0000
-4.5372 4.3662 0.0000
-4.7662 4.2166 0.0000
2.0158 3.5188 0.0000
-3.7549 -2.5184 0.0000
-3.5132 3.0066 0.0000
-3.7254 2.8397 0.0000
2.5354 0.3726 0.1069
2.5603 0.2840 0.1113
2.4581 0.3300 0.1369
2.4771 0.2435 0.1449
2.4862 0.1515 0.1525
2.3947 0.1896 0.1754
2.3756 0.2800 0.1657
2.4222 0.0893 0.1779
2.2886 0.2267 0.1872
2.3494 0.0387 0.1976
2.3271 0.1310 0.1952
2.2339 0.1425 0.2010
2.2572 0.0618 0.2069
2.1595 0.1003 0.2012
2.7923 -2.6867 0.0000
-2.5189 -3.6033 0.0000
-2.7623 -3.7144 0.0000
-1.7066 2.1466 0.0000
-1.9571 2.1644 0.0000
-2.5014 0.7009 0.1776
-2.7181 0.5074 0.1236
-2.4946 0.6171 0.2209
-2.5817 0.6159 0.1733
-2.5457 0.5332 0.2308
-2.6340 0.5109 0.1788
-2.5585 0.4452 0.2606
-2.6490 0.4180 0.1979
-2.7292 0.4226 0.1358
-2.7618 0.3519 0.1264
-2.8714 0.3375 0.0628
2.3505 -1.3861 0.0044
2.1114 -1.4898 0.0026
2.2908 -3.2925 0.0000
0.1813 -1.1252 0.0001
0.0707 -1.3665 0.0000
-4.2627 -3.2096 0.0000
1.1613 2.0760 0.0000
0.9581 1.8535 0.0000
-2.3309 -2.7433 0.0000
-2.4351 -4.1229 0.0000
-2.4238 -4.4268 0.0000
-2.6611 -4.5391 0.0000
0.1443 -3.4739 0.0000
2.5921 -2.1177 0.0000
3.4801 -1.6651 0.0000
-1.3717 4.4155 0.0000
-1.6858 4.2520 0.0000
-1.8900 4.0377 0.0000
-0.8666 4.2414 0.0000
-1.1563 4.0078 0.0000
-1.8351 -2.8892 0.0000
-1.9401 -3.1641 0.0000
-3.7154 -4.0273 0.0000
-3.7458 -4.2683 0.0000
-4.0056 -4.4972 0.0000
-4.2623 -4.4762 0.0000
3.2938 -3.8529 0.0000
3.0713 -3.9681 0.0000
4.1942 -4.3847 0.0000
3.9973 -4.5196 0.0000
3.9393 -1.8117 0.0000
-0.7002 3.8098 0.0000
-0.8704 3.6100 0.0000
-1.0687 3.4194 0.0000
-3.2429 2.2676 0.0000
-3.1815 1.9847 0.0000
3.1635 4.7088 0.0000
2.9625 4.5118 0.0000
-4.1469 0.9878 0.0000
-4.1368 0.7018 0.0000
-4.4843 -1.3918 0.0000
-4.7774 -1.4330 0.0000
-3.9833 3.2611 0.0000
4.7627 0.0320 0.0000
4.5212 -0.0755 0.0000
0.1809 4.2486 0.0000
4.4954 2.1770 0.0000
3.9134 -2.0458 0.0000
3.7146 -2.2386 0.0000
-2.5145 3.1441 0.0000
-2.4707 2.8611 0.0000
-2.5434 2.6195 0.0000
-2.7192 2.9330 0.0000
-2.8152 2.6977 0.0000
2.5346 4.2218 0.0000
-4.0721 4.4790 0.0000
-4.3573 4.5295 0.0000
-0.5976 -0.5136 0.0038
3.4509 2.7585 0.0000
2.5306 3.7424 0.0000
2.5001 3.4938 0.0000
1.1513 0.6797 0.0054
-3.2061 -4.0035 0.0000
-3.4505 -4.0411 0.0000
-3.4983 -4.2800 0.0000
4.7587 3.6545 0.0000
4.7646 3.4426 0.0000
2.6246 -0.4300 0.0725
2.5327 -0.3602 0.1120
2.5194 -0.4776 0.0960
2.4570 -0.4226 0.1230
2.3901 -0.4845 0.1238
-2.5417 1.5668 0.0029
-3.8114 -0.2530 0.0000
-3.8976 -0.5383 0.0000
-3.9879 -0.8242 0.0000
-1.4134 4.1567 0.0000
-1.6199 3.9529 0.0000
-1.8213 3.7644 0.0000
-3.9276 -2.3115 0.0000
-4.0399 -2.5386 0.0000
1.3801 2.2450 0.0000
1.6785 2.1766 0.0000
1.4609 1.9531 0.0000
4.7547 -0.2290 0.0000
4.7417 -0.5108 0.0000
4.4547 -0.6680 0.0000
3.3858 -2.7103 0.0000
3.2527 -2.9149 0.0000
-2.1806 1.5479 0.0052
-2.3383 1.3971 0.0122
-2.4205 1.1672 0.0380
3.2433 4.4404 0.0000
3.0109 4.2599 0.0000
1.8912 -4.0484 0.0000
2.3322 -4.2544 0.0000
-0.3946 -3.4760 0.0000
3.3462 -1.9320 0.0000
4.7664 -1.3717 0.0000
4.7494 -1.6627 0.0000
1.5380 1.4046 0.0015
1.4075 1.1584 0.0027
-1.2463 3.6313 0.0000
-1.3768 3.3879 0.0000
-1.4778 3.1191 0.0000
-1.6686 3.3384 0.0000
-1.7576 3.0696 0.0000
-1.9644 2.9265 0.0000
-4.7514 3.3293 0.0000
-3.0267 -1.1096 0.0018
-3.0904 -1.3974 0.0002
-3.3786 -1.4479 0.0000
-3.1824 -1.6590 0.0000
-3.4690 -1.7274 0.0000
-1.1621 -1.2333 0.0012
-1.1954 -1.4732 0.0003
1.6507 -3.6531 0.0000
3.4399 -4.5311 0.0000
3.2891 -4.7475 0.0000
-1.1938 -3.6244 0.0000
-1.4119 -3.8296 0.0000
-1.6512 -3.8532 0.0000
-3.5894 -2.7188 0.0000
-3.8744 -2.7994 0.0000
4.2698 3.8659 0.0000
1.7249 -4.7472 0.0000
-2.3721 -1.3862 0.0125
-2.5958 -1.5240 0.0033
-2.7837 -1.9933 0.0000
3.7432 -0.3252 0.0000
3.6523 -0.6075 0.0000
1.0721 4.7579 0.0000
0.7642 4.7648 0.0000
0.9035 4.5287 0.0000
4.5013 2.4877 0.0000
0.9993 3.5435 0.0000
0.7616 3.3886 0.0000
4.7499 2.6382 0.0000
-4.4981 2.1192 0.0000
-4.5192 1.8533 0.0000
-4.7609 2.0198 0.0000
3.0951 -2.6805 0.0000
2.9615 -2.9300 0.0000
-0.4790 2.2623 0.0000
-0.6464 1.9552 0.0000
-0.9037 1.8977 0.0000
0.9377 -2.6706 0.0000
0.7898 -2.9380 0.0000
1.5970 -2.7087 0.0000
1.4160 -2.8625 0.0000
4.7562 1.1157 0.0000
0.1523 -4.7553 0.0000
0.5077 0.0531 0.0023
0.2455 0.1414 0.0020
0.2868 -0.1349 0.0016
0.0892 -0.3384 0.0011
-3.1896 -3.3614 0.0000
3.5351 -4.2965 0.0000
3.7563 -1.6144 0.0000
4.5065 1.2841 0.0000
4.5065 0.9910 0.0000
4.2514 0.8753 0.0000
-3.3551 0.3704 0.0001
-3.6637 0.2814 0.0000
-4.2299 3.0915 0.0000
-4.4897 3.2131 0.0000
-3.1587 0.1360 0.0041
-3.4413 0.0870 0.0000
-3.5240 -0.1882 0.0000
-3.7022 1.8896 0.0000
-3.3990 1.7933 0.0000
-3.5908 1.5975 0.0000
4.4996 -0.3752 0.0000
4.2258 -0.4788 0.0000
4.1606 -0.7696 0.0000
-4.5386 -0.9128 0.0000
-4.4661 2.6444 0.0000
3.9651 -2.9844 0.0000
4.0241 -3.5993 0.0000
-3.7283 3.1435 0.0000
-3.9729 2.9707 0.0000
-4.2143 2.7999 0.0000
-1.4893 0.3614 0.1085
-1.4558 0.2836 0.1090
-1.6015 0.3618 0.1526
-1.5523 0.2884 0.1458
-1.6968 0.3490 0.2038
-1.6520 0.2702 0.1989
-1.7559 0.1743 0.2855
-1.6756 0.1812 0.2306
-1.7495 0.0860 0.2949
-2.9035 1.8987 0.0000
4.7502 1.7273 0.0000
4.4801 -4.4029 0.0000
4.2195 -4.7101 0.0000
1.7073 0.7100 0.0306
1.4395 0.6974 0.0133
0.0704 -2.1808 0.0000
1.9652 1.2115 0.0080
1.8482 0.9448 0.0199
1.6968 1.1731 0.0055
1.5746 0.9276 0.0099
-2.2979 3.3417 0.0000
2.7772 -3.9895 0.0000
-2.0061 1.3894 0.0115
-2.1776 1.2301 0.0321
-2.2670 1.0720 0.0691
-2.1869 0.9957 0.0938
-2.2860 0.9501 0.1117
-0.7117 -2.7555 0.0000
1.8361 3.3238 0.0000
1.7360 3.5745 0.0000
3.0612 -1.9225 0.0000
2.0502 -3.2673 0.0000
-3.7402 2.1884 0.0000
-4.7546 3.6232 0.0000
2.6718 -2.4012 0.0000
2.5286 -2.6195 0.0000
2.2956 -2.5381 0.0000
2.2172 -2.7725 0.0000
2.3165 -3.0455 0.0000
-3.2821 -1.9438 0.0000
-3.4901 -2.0835 0.0000
-3.5656 -2.3599 0.0000
-0.5130 1.4645 0.0001
-0.8110 1.3916 0.0002
-1.0994 1.3113 0.0009
-1.2055 1.0536 0.0046
-3.8613 1.6655 0.0000
-4.0376 1.4665 0.0000
-0.1452 4.7442 0.0000
1.0289 0.4265 0.0062
-0.3246 1.2341 0.0002
0.4884 2.4236 0.0000
0.2163 2.4901 0.0000
0.0372 2.2538 0.0000
-2.0728 0.1959 0.5078
-2.1578 0.2153 0.5364
-2.2246 0.1499 0.5732
-2.2795 0.0961 0.5831
-2.3552 0.0988 0.5534
-2.4369 0.0581 0.5007
-2.3512 0.0040 0.5659
-2.3625 -0.0971 0.5494
-2.4386 -0.0396 0.5009
-2.5209 0.0115 0.4199
-2.5220 -0.0882 0.4128
-2.5818 -1.2500 0.0164
-2.4773 0.3680 0.3608
-2.5707 0.3552 0.2870
-2.5945 0.2584 0.2968
-2.6679 0.3246 0.2082
-2.5138 0.2011 0.3960
-2.6835 0.2133 0.2177
-2.6966 0.1067 0.2189
-2.7938 0.0783 0.1316
-2.7453 0.2688 0.1527
-2.8212 0.2449 0.0996
-2.7677 0.1701 0.1467
-2.9192 0.1524 0.0520
1.9373 2.2335 0.0000
1.7415 1.9303 0.0001
2.4517 1.8777 0.0003
2.1821 1.7899 0.0006
4.6940 0.2463 0.0000
0.3508 -2.6180 0.0000
0.0294 -2.9933 0.0000
-0.2024 -3.0150 0.0000
4.4578 -2.0628 0.0000
4.2795 -2.3195 0.0000
0.9291 -4.5154 0.0000
0.7322 -4.7449 0.0000
1.2467 -3.0534 0.0000
1.0573 -2.9115 0.0000
3.4846 1.0372 0.0000
3.4750 0.7959 0.0000
3.2170 0.8103 0.0003
0.0180 0.5860 0.0018
-0.2195 0.4662 0.0025
-2.4874 -3.3089 0.0000
-2.1250 0.1229 0.5574
-2.1794 0.0556 0.5887
-2.1839 -0.0339 0.5920
-2.2632 0.0222 0.5958
-2.2771 -0.0689 0.5886
-2.2576 -0.1518 0.5714
-2.3377 -0.1760 0.5400
-2.4110 -0.2125 0.4825
-2.2723 -0.2450 0.5308
-2.3586 -0.2790 0.4846
-2.4251 -0.3249 0.4211
-2.4849 -0.3801 0.3490
0.1567 -4.2471 0.0000
-0.1442 -4.2607 0.0000
4.0024 -2.2978 0.0000
3.8192 -2.5121 0.0000
3.5621 -2.5009 0.0000
4.7474 -2.1605 0.0000
3.3250 -1.4113 0.0000
4.2445 2.9352 0.0000
2.9637 0.0835 0.0117
1.0231 3.8601 0.0000
-1.3954 -4.3511 0.0000
-1.5440 -4.5824 0.0000
-1.7268 -4.7537 0.0000
3.0101 -3.4237 0.0000
2.9108 -3.7204 0.0000
-4.0843 -0.3217 0.0000
-4.1782 -0.6069 0.0000
-4.4846 -0.6268 0.0000
-4.7548 -0.7278 0.0000
4.2513 1.1541 0.0000
3.9875 1.0336 0.0000
1.7236 0.1977 0.0903
1.7394 0.0963 0.1002
1.6582 0.0427 0.0804
1.7167 -0.0318 0.0952
1.5506 -0.0478 0.0568
1.5956 0.1573 0.0626
1.4394 0.0810 0.0377
1.2923 -0.0546 0.0224
1.2134 -0.2985 0.0143
1.0364 -0.4964 0.0057
4.2570 3.2392 0.0000
3.9882 3.0948 0.0000
-4.5718 1.2604 0.0000
-4.7720 1.0997 0.0000
3.1871 -1.6769 0.0000
3.9025 -4.7681 0.0000
3.5907 -4.7743 0.0000
-1.5550 -0.1363 0.1716
-1.6388 -0.1766 0.2128
-1.6571 -0.2618 0.2094
-1.7429 -0.2308 0.2687
-1.7429 -0.3267 0.2437
-1.8431 -0.3485 0.2989
-1.8722 -0.4365 0.2793
-1.9457 -0.3670 0.3560
-1.7786 -0.4215 0.2332
-1.8092 -0.5143 0.2133
-1.9086 -0.5225 0.2571
-1.9652 -0.4473 0.3253
-2.0467 -0.4264 0.3780
-2.0136 -0.5245 0.3038
-2.1058 -0.5082 0.3478
-2.1232 -0.5924 0.2962
-2.2085 -0.5795 0.3171
-0.6113 -4.5109 0.0000
-0.7717 -4.7526 0.0000
-0.9201 -4.4976 0.0000
-1.0728 -4.7599 0.0000
-1.2133 -4.5280 0.0000
-1.3818 -4.7609 0.0000
0.8012 -3.3974 0.0000
0.6085 -3.5460 0.0000
1.4454 -4.7424 0.0000
1.1929 -4.7665 0.0000
-0.8317 2.7041 0.0000
-0.9215 2.4265 0.0000
-0.9885 2.1401 0.0000
2.9721 -2.4387 0.0000
-0.3282 -0.0309 0.0046
-0.4621 -0.2656 0.0047
-1.2407 -2.7589 0.0000
3.0227 3.7115 0.0000
3.0137 3.4447 0.0000
2.7848 3.7130 0.0000
2.7546 3.4663 0.0000
2.7143 3.2164 0.0000
2.4493 -3.5085 0.0000
2.3024 -3.7634 0.0000
2.1702 -4.0076 0.0000
0.3983 -1.2400 0.0001
-2.9656 1.1103 0.0026
-3.1320 0.8773 0.0010
-2.9346 0.6571 0.0193
-3.1703 0.5883 0.0016
-3.4226 0.9737 0.0000
-1.2090 -3.3339 0.0000
-2.8704 -0.1539 0.0768
-3.2302 -0.1292 0.0015
-3.0172 -0.3274 0.0184
-3.3143 -0.3988 0.0003
1.8179 1.4430 0.0022
-0.1834 -1.9498 0.0000
2.1796 -4.5078 0.0000
1.8704 -4.5048 0.0000
4.7696 -2.4168 0.0000
4.7173 -2.6687 0.0000
0.9576 0.1862 0.0066
4.7524 3.9199 0.0000
4.5147 3.7128 0.0000
-0.6726 -3.5951 0.0000
-0.9318 -3.7468 0.0000
2.5026 2.5089 0.0000
-3.1896 -3.0734 0.0000
0.0859 -1.6507 0.0000
-0.1705 -1.6716 0.0000
1.7477 -2.9084 0.0000
1.5287 -3.0975 0.0000
-0.2209 2.7942 0.0000
-0.5264 2.8045 0.0000
1.9314 -1.6888 0.0006
1.7629 -1.9027 0.0001
-1.7290 1.3220 0.0085
-1.9254 1.1576 0.0333
-2.0946 1.0702 0.0645
-2.1041 0.9386 0.1095
4.2508 1.4373 0.0000
3.9887 1.2954 0.0000
0.7460 -2.1530 0.0000
0.4745 -2.1151 0.0000
-1.1850 -3.0450 0.0000
-1.4047 -3.0640 0.0000
-1.4728 -3.3250 0.0000
-1.4561 -3.5678 0.0000
0.3047 2.1989 0.0000
4.2705 2.3437 0.0000
4.2143 2.0380 0.0000
-4.5113 0.0314 0.0000
-4.5390 -0.2586 0.0000
-4.7670 -0.1338 0.0000
-4.7292 -0.4466 0.0000
-1.4493 -1.4572 0.0010
-1.5235 -1.7267 0.0002
-3.0913 2.7664 0.0000
-3.3778 2.7990 0.0000
-3.2996 2.5446 0.0000
-3.5200 2.3627 0.0000
1.5958 -2.1037 0.0000
1.3446 -2.2401 0.0000
2.8103 -1.9475 0.0000
2.0549 2.9107 0.0000
2.0862 2.6713 0.0000
1.8619 2.4864 0.0000
1.6144 2.4254 0.0000
2.6785 -2.9535 0.0000
2.5567 -3.2087 0.0000
-1.3536 0.2879 0.0778
-1.4118 0.1904 0.1041
-1.5023 0.2035 0.1370
-1.5909 0.1974 0.1795
-1.3364 0.1415 0.0845
-1.3979 0.0643 0.1072
-1.4698 0.1161 0.1316
-1.5712 0.1163 0.1790
-1.4550 -0.0014 0.1302
-1.5186 0.0421 0.1571
-1.5478 -0.0464 0.1722
-1.6620 0.1000 0.2333
-1.8028 0.0118 0.3408
-1.6114 0.0204 0.2071
-1.6459 -0.0780 0.2266
-1.7187 -0.1520 0.2670
-1.7027 0.0051 0.2662
-1.7534 -0.0733 0.3007
-1.8454 -0.0655 0.3728
-4.5056 3.4997 0.0000
4.7686 -2.9634 0.0000
4.7548 -3.2918 0.0000
2.5217 2.1421 0.0000
-2.0379 -4.7619 0.0000
1.0003 -1.2300 0.0004
0.8346 -1.4279 0.0001
0.6139 -1.3518 0.0001
3.2506 4.1449 0.0000
2.9817 3.9848 0.0000
3.5090 4.0216 0.0000
3.2571 3.8699 0.0000
-4.4973 -3.4044 0.0000
3.7413 -3.0833 0.0000
3.4499 -3.0788 0.0000
-0.8020 4.7641 0.0000
-0.8780 4.5069 0.0000
-1.1265 4.5284 0.0000
-1.1209 4.2629 0.0000
4.5732 -4.0929 0.0000
4.3086 -4.1374 0.0000
-1.1678 -0.4984 0.0270
-1.2788 -0.7189 0.0225
2.9973 0.5951 0.0048
2.8609 0.3294 0.0222
2.7460 0.5430 0.0324
2.6613 0.3771 0.0670
2.6710 0.2385 0.0760
2.5678 0.1842 0.1192
-0.0750 2.5310 0.0000
-0.2282 2.2917 0.0000
-0.1636 2.0238 0.0000
-0.4038 2.0234 0.0000
-0.4425 3.7632 0.0000
-0.5881 3.5367 0.0000
-0.7640 3.3453 0.0000
3.2342 -4.2074 0.0000
3.2329 -4.4497 0.0000
3.0335 -4.5054 0.0000
0.3460 -1.7687 0.0000
0.2759 -1.9994 0.0000
0.0461 -1.9040 0.0000
0.3018 -4.5058 0.0000
-0.4389 0.4568 0.0035
-0.5111 0.2136 0.0057
-0.6174 -0.0306 0.0081
-0.8782 -0.0667 0.0169
4.7479 -0.7911 0.0000
4.7436 -1.0924 0.0000
4.5052 -0.9270 0.0000
2.8592 -1.1759 0.0019
2.8028 -1.4161 0.0009
0.0945 -3.2296 0.0000
2.7067 3.9765 0.0000
4.0457 -1.5574 0.0000
-4.5358 -3.1182 0.0000
3.1753 2.8445 0.0000
3.2583 2.5468 0.0000
-2.6814 -4.2555 0.0000
-2.9056 -4.4378 0.0000
-2.9562 -4.7308 0.0000
-0.3097 4.4947 0.0000
-0.3858 4.2333 0.0000
-1.3686 3.8577 0.0000
-1.5619 3.6303 0.0000
-1.8608 3.5212 0.0000
4.7551 1.4207 0.0000
-4.5261 1.5976 0.0000
-4.7705 1.7234 0.0000
-4.7548 1.4246 0.0000
-0.9595 -2.8911 0.0000
-0.9442 -3.1882 0.0000
-4.0781 -1.1185 0.0000
-4.3783 -1.1396 0.0000
-4.4038 1.0887 0.0000
-4.3709 0.8050 0.0000
-4.7872 4.7882 0.0000
-4.5096 4.0815 0.0000
-4.7578 3.9194 0.0000
1.6423 0.3228 0.0609
1.4497 0.2932 0.0322
1.2180 0.1970 0.0156
