5.0000 5.0000 0.0000
0.0000 5.0000 0.0000
2.5000 5.0000 0.0000
3.7500 5.0000 0.0000
4.3750 5.0000 0.0000
4.6875 5.0000 0.0000
4.0625 5.0000 0.0000
3.1250 5.0000 0.0000
3.4375 5.0000 0.0000
2.8125 5.0000 0.0000
1.2500 5.0000 0.0000
1.8750 5.0000 0.0000
2.1875 5.0000 0.0000
1.5625 5.0000 0.0000
0.6250 5.0000 0.0000
0.9375 5.0000 0.0000
0.3125 5.0000 0.0000
-2.5000 5.0000 0.0000
-1.2500 5.0000 0.0000
-0.6250 5.0000 0.0000
-0.3125 5.0000 0.0000
-0.9375 5.0000 0.0000
-1.8750 5.0000 0.0000
-1.5625 5.0000 0.0000
-2.1875 5.0000 0.0000
-3.7500 5.0000 0.0000
-3.1250 5.0000 0.0000
-2.8125 5.0000 0.0000
-3.4375 5.0000 0.0000
-4.3750 5.0000 0.0000
-4.0625 5.0000 0.0000
-4.6875 5.0000 0.0000
5.0000 -5.0000 0.0000
5.0000 0.0000 0.0000
5.0000 -2.5000 0.0000
5.0000 -3.7500 0.0000
5.0000 -4.3750 0.0000
5.0000 -4.6875 0.0000
5.0000 -4.0625 0.0000
5.0000 -3.1250 0.0000
5.0000 -3.4375 0.0000
5.0000 -2.8125 0.0000
5.0000 -1.2500 0.0000
5.0000 -1.8750 0.0000
5.0000 -2.1875 0.0000
5.0000 -1.5625 0.0000
5.0000 -0.6250 0.0000
5.0000 -0.9375 0.0000
5.0000 -0.3125 0.0000
5.0000 2.5000 0.0000
5.0000 1.2500 0.0000
5.0000 0.6250 0.0000
5.0000 0.3125 0.0000
5.0000 0.9375 0.0000
5.0000 1.8750 0.0000
5.0000 1.5625 0.0000
5.0000 2.1875 0.0000
5.0000 3.7500 0.0000
5.0000 3.1250 0.0000
5.0000 2.8125 0.0000
5.0000 3.4375 0.0000
5.0000 4.3750 0.0000
5.0000 4.0625 0.0000
5.0000 4.6875 0.0000
-5.0000 -5.0000 0.0000
0.0000 -5.0000 0.0000
-2.5000 -5.0000 0.0000
-3.7500 -5.0000 0.0000
-4.3750 -5.0000 0.0000
-4.6875 -5.0000 0.0000
-4.0625 -5.0000 0.0000
-3.1250 -5.0000 0.0000
-3.4375 -5.0000 0.0000
-2.8125 -5.0000 0.0000
-1.2500 -5.0000 0.0000
-1.8750 -5.0000 0.0000
-2.1875 -5.0000 0.0000
-1.5625 -5.0000 0.0000
-0.6250 -5.0000 0.0000
-0.9375 -5.0000 0.0000
-0.3125 -5.0000 0.0000
2.5000 -5.0000 0.0000
1.2500 -5.0000 0.0000
0.6250 -5.0000 0.0000
0.3125 -5.0000 0.0000
0.9375 -5.0000 0.0000
1.8750 -5.0000 0.0000
1.5625 -5.0000 0.0000
2.1875 -5.0000 0.0000
3.7500 -5.0000 0.0000
3.1250 -5.0000 0.0000
2.8125 -5.0000 0.0000
3.4375 -5.0000 0.0000
4.3750 -5.0000 0.0000
4.0625 -5.0000 0.0000
4.6875 -5.0000 0.0000
-5.0000 5.0000 0.0000
-5.0000 0.0000 0.0000
-5.0000 2.5000 0.0000
-5.0000 3.7500 0.0000
-5.0000 4.3750 0.0000
-5.0000 4.6875 0.0000
-5.0000 4.0625 0.0000
-5.0000 3.1250 0.0000
-5.0000 3.4375 0.0000
-5.0000 2.8125 0.0000
-5.0000 1.2500 0.0000
-5.0000 1.8750 0.0000
-5.0000 2.1875 0.0000
-5.0000 1.5625 0.0000
-5.0000 0.6250 0.0000
-5.0000 0.9375 0.0000
-5.0000 0.3125 0.0000
-5.0000 -2.5000 0.0000
-5.0000 -1.2500 0.0000
-5.0000 -0.6250 0.0000
-5.0000 -0.3125 0.0000
-5.0000 -0.9375 0.0000
-5.0000 -1.8750 0.0000
-5.0000 -1.5625 0.0000
-5.0000 -2.1875 0.0000
-5.0000 -3.7500 0.0000
-5.0000 -3.1250 0.0000
-5.0000 -2.8125 0.0000
-5.0000 -3.4375 0.0000
-5.0000 -4.3750 0.0000
-5.0000 -4.0625 0.0000
-5.0000 -4.6875 0.0000
-3.0431 -4.0589 0.0000
-3.2628 -4.2626 0.0000
-1.7196 -1.9447 0.0002
-1.0659 2.0597 0.0000
2.3102 -2.5626 0.0000
2.6807 -4.7577 0.0000
-2.9704 4.7815 0.0000
-3.1400 -0.5950 0.0043
-3.4353 -0.7864 0.0000
-3.5048 -1.0246 0.0000
-0.0155 0.6391 0.0037
-2.7007 3.4055 0.0000
2.5164 -0.5428 0.0237
2.4464 -0.7410 0.0239
2.0283 2.5345 0.0000
1.7412 2.4651 0.0000
-1.8584 -1.4452 0.0079
-1.8580 -1.7351 0.0013
3.4285 -0.3393 0.0001
3.1391 -0.2482 0.0044
2.9673 -0.3922 0.0107
3.9889 0.6162 0.0000
3.8983 0.3316 0.0000
-3.6420 4.2692 0.0000
-4.5178 -4.7676 0.0000
-0.0503 -4.1662 0.0000
-0.3252 -4.2421 0.0000
2.9686 3.7871 0.0000
2.2628 -1.5971 0.0036
-2.9188 3.2297 0.0000
-3.1640 3.0704 0.0000
3.7172 -2.8307 0.0000
2.5569 -4.1287 0.0000
0.9336 -4.5101 0.0000
1.4728 0.2688 0.0173
3.4284 2.9111 0.0000
3.1106 2.8162 0.0000
-2.0187 3.9162 0.0000
3.4769 -3.9989 0.0000
3.3510 -4.2549 0.0000
3.1961 -4.5086 0.0000
3.4493 4.2344 0.0000
3.1796 4.0419 0.0000
3.4489 3.9793 0.0000
3.2174 3.7839 0.0000
1.1160 -2.5682 0.0000
-1.4352 3.2918 0.0000
-1.7276 3.2955 0.0000
2.9729 -3.0019 0.0000
2.7136 -2.9157 0.0000
3.4839 -3.2775 0.0000
-1.1100 -3.4110 0.0000
3.7894 2.2508 0.0000
0.7254 -0.1276 0.0042
4.4721 0.4261 0.0000
-3.2720 4.7236 0.0000
-1.3086 -1.3242 0.0028
-1.5727 -1.3876 0.0051
-1.6391 -1.6414 0.0013
1.7162 -0.0873 0.0296
-4.7649 -0.1292 0.0000
-4.6958 -0.3625 0.0000
-4.7565 -0.6066 0.0000
-0.5489 1.8997 0.0000
1.2371 0.1489 0.0122
-0.5746 4.5150 0.0000
2.7346 -3.2480 0.0000
2.6001 -3.5616 0.0000
1.5608 -1.7407 0.0006
-0.3831 -0.4909 0.0041
-0.5018 -0.7377 0.0022
-0.6868 -0.9771 0.0014
-2.6480 -3.7646 0.0000
-2.9422 -3.8248 0.0000
0.6920 -3.9673 0.0000
0.4163 -3.9529 0.0000
1.1965 0.7462 0.0058
4.2799 -3.3601 0.0000
3.0957 4.5331 0.0000
2.9431 4.2930 0.0000
2.7872 4.5098 0.0000
2.6577 4.2179 0.0000
4.1094 3.0741 0.0000
-4.0017 1.2493 0.0000
-4.2753 1.1308 0.0000
-4.5170 0.9545 0.0000
2.9293 4.0480 0.0000
2.6985 3.8992 0.0000
2.3485 0.9763 0.0115
2.1249 0.7737 0.0148
1.9401 0.5710 0.0191
-2.8246 2.0685 0.0001
4.5171 -4.7523 0.0000
4.2190 -4.7550 0.0000
4.3024 1.0337 0.0000
0.0790 -0.8836 0.0007
1.4379 1.7102 0.0005
2.9227 -2.7151 0.0000
2.8014 1.1413 0.0050
2.5862 0.9444 0.0108
2.5571 0.7235 0.0132
2.3435 0.7397 0.0144
0.7735 -4.7543 0.0000
-1.5565 -0.3492 0.2846
-1.5914 -0.4295 0.2704
-1.6320 -0.2967 0.3680
-1.6625 -0.3851 0.3502
-1.6783 -0.4807 0.3039
-1.7713 -0.5025 0.3544
-1.5569 -0.5437 0.1833
-1.6929 -0.5915 0.2384
-1.7553 -0.4133 0.4046
-1.7992 -0.5841 0.3091
-1.7843 -0.6830 0.2247
-1.8528 -0.4756 0.4272
-1.8753 -0.5612 0.3709
-1.8845 -0.6474 0.3020
-1.9658 -0.6016 0.3754
-1.9888 -0.6914 0.3022
-1.8975 -0.7331 0.2366
-1.9637 -0.7912 0.2126
-2.0395 -0.7829 0.2355
-2.0853 -0.8651 0.1798
1.5265 -4.5840 0.0000
1.3852 -4.7821 0.0000
-1.0740 -3.6983 0.0000
-1.2871 -3.8985 0.0000
-1.3638 -4.1350 0.0000
-1.3345 -3.5941 0.0000
-1.5180 -3.8078 0.0000
0.4500 3.5293 0.0000
-0.3450 -1.5253 0.0001
-0.6350 -1.7453 0.0000
1.7179 4.7434 0.0000
1.5733 4.4754 0.0000
2.5546 -0.9377 0.0183
2.4354 -1.1452 0.0144
2.2595 -1.3481 0.0090
-3.9383 -1.6826 0.0000
-4.1612 -1.8421 0.0000
-4.4929 3.4763 0.0000
-4.4382 3.2012 0.0000
-4.7259 3.2714 0.0000
2.9507 4.7618 0.0000
2.6476 4.7562 0.0000
2.5000 4.4988 0.0000
-3.9220 4.3256 0.0000
-2.2855 3.7680 0.0000
2.6968 1.4143 0.0031
2.5261 1.1995 0.0077
0.0515 0.0822 0.0055
4.7630 2.0202 0.0000
3.5627 3.1102 0.0000
3.5052 3.4466 0.0000
3.3561 3.2464 0.0000
3.2071 3.0370 0.0000
1.3377 1.4467 0.0017
1.2301 1.2082 0.0037
4.7681 2.3275 0.0000
0.9292 -1.6310 0.0002
0.8285 -1.9088 0.0000
-0.7302 4.2142 0.0000
-3.6869 -3.5491 0.0000
0.9611 -2.7778 0.0000
2.7835 -3.7296 0.0000
2.7060 -3.9309 0.0000
0.2055 2.0682 0.0000
0.0732 1.8040 0.0000
1.4957 3.1908 0.0000
1.3486 2.9498 0.0000
3.4827 -2.9862 0.0000
2.4302 -2.8232 0.0000
2.1335 -2.8088 0.0000
0.2091 3.3467 0.0000
0.0397 3.1085 0.0000
-2.8973 2.9404 0.0000
-3.1452 2.7880 0.0000
3.6974 1.3817 0.0000
2.2712 -0.6238 0.0275
-2.7509 -2.0673 0.0001
-3.0436 -2.0456 0.0000
-2.9314 -2.2945 0.0000
-3.3321 -2.0374 0.0000
-3.2134 -2.2899 0.0000
-3.3705 -2.5420 0.0000
0.2716 -3.6863 0.0000
0.1505 -3.9351 0.0000
3.2005 -4.0014 0.0000
0.8731 1.6505 0.0002
0.7718 1.4189 0.0005
2.5443 -2.0558 0.0002
3.0682 -4.2563 0.0000
-2.3893 -0.6568 0.2607
-2.3882 -0.7457 0.2070
-2.4783 -0.7804 0.1486
-2.6133 -0.8346 0.0787
-2.5994 -0.9709 0.0534
-2.3328 -0.4525 0.4313
-2.3829 -0.5364 0.3405
-2.4433 -0.5948 0.2614
-2.4786 -0.6888 0.1904
-2.5363 -0.6027 0.1910
-2.5701 -0.6854 0.1399
-2.5628 -0.7652 0.1171
-2.6586 -0.7095 0.0907
-2.7275 -0.8051 0.0510
-2.7863 -0.9451 0.0249
-4.4898 1.7194 0.0000
-3.4241 2.9319 0.0000
4.7687 0.4672 0.0000
4.7140 0.1779 0.0000
0.4744 0.7978 0.0027
2.7993 -0.2380 0.0177
2.6309 -0.1042 0.0194
2.5667 -0.3226 0.0218
2.3394 -0.4103 0.0259
1.7221 -3.8977 0.0000
1.7682 -4.1842 0.0000
1.6699 -4.3915 0.0000
1.3997 -4.3144 0.0000
3.6667 -2.5379 0.0000
4.5311 4.0292 0.0000
-1.6041 -0.0186 0.3848
-1.6978 -0.0248 0.4570
-1.6503 -0.1074 0.4239
-1.7260 -0.1477 0.4815
-1.7828 -0.2245 0.5119
-1.6321 -0.1960 0.3987
-1.7053 -0.2401 0.4468
-1.7317 -0.3244 0.4356
-1.8118 -0.3050 0.5046
-1.8357 -0.3877 0.4771
-1.7824 0.0114 0.5130
-1.7695 -0.0742 0.5167
-1.8285 -0.1458 0.5595
-1.8610 -0.0629 0.5798
-1.8721 -0.2256 0.5749
-1.9300 -0.1381 0.6227
-1.9556 -0.2374 0.6178
-1.9080 -0.3163 0.5616
-1.9293 -0.4114 0.5161
-2.0247 -0.4359 0.5335
-2.0302 -0.2631 0.6341
-1.9956 -0.3392 0.5892
-2.0827 -0.3563 0.5954
-1.9513 -0.5040 0.4550
-2.0449 -0.5311 0.4593
-2.1652 -0.3658 0.5792
-2.1238 -0.4574 0.5240
-2.2397 -0.4255 0.5106
-2.2029 -0.5110 0.4638
-2.0603 -0.6273 0.3748
-2.1506 -0.6656 0.3416
-2.1350 -0.5675 0.4305
-2.2841 -0.5259 0.4147
-2.3259 -0.6034 0.3338
-2.2147 -0.7294 0.2780
-2.2297 -0.6148 0.3689
-2.3004 -0.6934 0.2801
3.3890 -2.4226 0.0000
3.3285 -2.1607 0.0000
2.1027 -2.3240 0.0000
0.4499 -0.2505 0.0023
2.0260 0.2864 0.0253
1.9263 0.0610 0.0300
-3.2837 1.0597 0.0002
0.4970 -2.6476 0.0000
-3.9988 -3.9570 0.0000
-4.0144 -4.2538 0.0000
-1.9951 0.4744 0.3468
-2.0504 0.5512 0.3025
-2.0499 0.4102 0.3940
-2.1015 0.4782 0.3477
-2.1912 0.4817 0.3320
-2.2390 0.4085 0.3637
-2.3405 0.4076 0.3184
-2.1457 0.3860 0.4039
-2.1891 0.3110 0.4441
-2.2737 0.3341 0.3950
-2.2571 0.2463 0.4573
-2.4326 0.3481 0.2910
-2.3533 0.3017 0.3674
-2.3439 0.2113 0.4212
-0.6642 2.6951 0.0000
-0.7411 2.4047 0.0000
-1.8366 4.1491 0.0000
-4.4868 1.4847 0.0000
-1.5507 1.4692 0.0052
-1.8570 1.1721 0.0467
-1.7137 1.1535 0.0376
-1.7396 1.0508 0.0591
-1.8454 1.0524 0.0708
4.3340 -2.2618 0.0000
-0.7691 -2.0161 0.0000
-2.3223 4.7612 0.0000
-2.4763 4.5335 0.0000
-3.4201 -1.3175 0.0000
3.8527 -0.6910 0.0000
3.5277 -0.5729 0.0000
3.6509 -0.8080 0.0000
3.3694 -0.8203 0.0001
-4.7630 -2.0206 0.0000
-4.7784 -2.3348 0.0000
1.4181 4.7487 0.0000
-0.1436 -4.4605 0.0000
-0.1644 -4.7326 0.0000
-2.3001 -0.7907 0.2115
-2.3915 -0.8404 0.1537
-2.5003 -0.8788 0.1023
-2.0833 -0.7209 0.2931
-2.1415 -0.7824 0.2434
-2.2116 -0.8362 0.1983
-2.1763 -0.9509 0.1300
-2.2991 -0.9006 0.1454
-2.4154 -0.9607 0.0953
-2.2939 -1.0480 0.0810
-2.4795 -1.1002 0.0472
-2.5536 -1.3095 0.0155
4.5518 -2.6775 0.0000
4.4830 -2.8830 0.0000
-2.5995 -3.1921 0.0000
-2.8954 -3.2796 0.0000
-0.3517 -1.7609 0.0000
4.7812 -4.7683 0.0000
0.1623 3.8942 0.0000
-0.0663 3.9477 0.0000
-0.1514 3.6934 0.0000
4.0041 3.7319 0.0000
3.7223 3.8489 0.0000
3.4865 3.7043 0.0000
1.2304 -4.5332 0.0000
4.2144 -3.8040 0.0000
-2.0891 3.6211 0.0000
-2.4790 3.5826 0.0000
0.2078 -1.3844 0.0001
0.5756 2.4041 0.0000
-0.6874 -4.5257 0.0000
-0.8061 -4.7673 0.0000
4.2977 -1.9825 0.0000
1.7879 0.3781 0.0228
-2.1092 -1.6156 0.0044
-1.4022 4.7614 0.0000
-1.5374 4.5153 0.0000
-2.8148 1.7496 0.0006
-2.9248 1.4594 0.0015
-2.3118 -2.7505 0.0000
-2.1185 -2.9315 0.0000
4.4605 -3.9870 0.0000
4.2410 -4.2942 0.0000
-1.0904 4.7723 0.0000
-3.9595 -2.0262 0.0000
3.4979 -1.6669 0.0000
-2.3294 2.6638 0.0000
-2.5718 2.5230 0.0000
-2.8307 2.3645 0.0000
0.2675 -2.4568 0.0000
0.0343 -2.5924 0.0000
0.5751 1.2402 0.0007
0.3109 1.3360 0.0004
-0.1375 -2.8003 0.0000
-0.3277 -2.9790 0.0000
1.5710 0.4768 0.0155
4.7245 -3.8948 0.0000
0.0881 -1.9802 0.0000
2.1828 0.0189 0.0247
1.9696 -0.2017 0.0316
4.0749 -4.5095 0.0000
3.9136 -4.7557 0.0000
3.6639 -0.2030 0.0000
-1.2620 1.5921 0.0010
-3.5503 0.8685 0.0000
-3.6913 0.5968 0.0000
-3.8965 0.4434 0.0000
-0.5552 -4.0024 0.0000
-0.8013 -4.0638 0.0000
-0.2881 -0.2298 0.0061
4.5004 -1.2235 0.0000
4.2397 -1.3724 0.0000
4.0096 -1.6020 0.0000
-0.4076 -3.2271 0.0000
-0.6706 -3.2913 0.0000
-0.8211 -3.5226 0.0000
3.0335 -1.9521 0.0000
2.8151 0.8936 0.0079
2.7708 0.6809 0.0113
-2.2918 -3.1155 0.0000
-2.3751 -3.3416 0.0000
0.2264 -2.7663 0.0000
0.0602 -2.9562 0.0000
-3.0714 1.9067 0.0000
-3.3438 1.7447 0.0000
0.1445 3.6318 0.0000
-0.0616 3.4063 0.0000
-0.2349 3.1678 0.0000
-1.5922 0.3141 0.2791
-1.6792 0.3372 0.3146
-1.7350 0.2577 0.3842
-1.8029 0.1837 0.4600
-1.8322 0.1036 0.5143
-1.9073 0.1261 0.5430
3.5020 -3.5506 0.0000
3.6383 -3.7672 0.0000
3.3276 -3.7481 0.0000
1.7023 0.1719 0.0262
1.4710 0.0073 0.0214
-2.4114 0.1570 0.3896
-2.3312 0.1107 0.4793
-2.3615 0.0091 0.4882
-2.4172 0.0723 0.4142
-2.4431 0.2545 0.3226
-2.4878 0.1808 0.3108
-2.5037 0.1007 0.3184
-2.4816 0.0137 0.3607
-2.4281 -0.0425 0.4291
-2.5337 -0.0584 0.3123
-2.5816 0.1339 0.2371
-2.5742 0.0291 0.2609
-2.6498 -0.0161 0.1942
-2.4755 -0.1266 0.3808
-2.6039 -0.0966 0.2394
-2.6954 -0.0907 0.1584
-2.5663 -0.1764 0.2761
-2.6264 -0.2626 0.2069
-2.6762 -0.1814 0.1708
-2.7213 -0.2671 0.1305
-0.1315 -1.0143 0.0004
-0.0019 -1.2238 0.0002
-4.5452 -0.0082 0.0000
-4.4250 -0.2646 0.0000
4.5020 1.5799 0.0000
0.7065 -1.2900 0.0005
0.6969 -1.5331 0.0001
0.6093 -1.7728 0.0000
0.9270 0.8596 0.0049
0.6647 0.9823 0.0020
0.7407 0.7015 0.0050
1.3632 4.2392 0.0000
1.1483 4.0146 0.0000
1.0800 4.2736 0.0000
-4.2284 -4.7390 0.0000
-1.3100 2.2286 0.0000
-1.5312 2.0385 0.0001
4.7690 -0.1517 0.0000
-4.7631 0.7995 0.0000
-2.4747 1.1654 0.0446
-2.5665 1.1365 0.0397
-2.6672 1.1099 0.0311
-2.4973 1.0527 0.0605
-2.5844 1.0192 0.0535
-2.6726 0.9872 0.0438
-2.6254 0.9126 0.0619
-2.7327 0.8835 0.0448
-2.7463 0.7740 0.0536
-2.8284 1.0164 0.0196
-2.8679 0.8117 0.0271
-3.0497 0.9178 0.0052
-3.2698 0.7717 0.0006
-3.1980 0.4347 0.0033
-3.3504 0.2297 0.0005
-1.6233 -4.0526 0.0000
-1.7924 -4.2774 0.0000
-2.0741 -4.2637 0.0000
-1.9732 -4.5199 0.0000
-2.0360 -4.7541 0.0000
-2.3289 -4.7461 0.0000
-2.2476 -4.4744 0.0000
-2.5119 -4.5198 0.0000
0.2756 4.4272 0.0000
2.3555 4.2631 0.0000
-0.1165 -3.1438 0.0000
1.8006 2.2284 0.0000
1.5594 2.2005 0.0000
1.5500 1.9635 0.0001
-1.3376 4.2837 0.0000
0.3624 4.1002 0.0000
-0.1769 4.7618 0.0000
-0.4621 4.7585 0.0000
2.1942 4.5195 0.0000
-2.6741 -0.3503 0.1545
-2.8085 -0.4638 0.0657
-2.7885 -0.2310 0.0931
-2.8401 -0.2932 0.0662
-2.7700 -0.3497 0.0938
-2.8563 -0.3893 0.0544
-2.9908 -0.4036 0.0217
-1.9244 -4.0083 0.0000
-4.6113 -2.5132 0.0000
-4.7537 -2.7067 0.0000
4.7689 1.1304 0.0000
-0.6195 0.1877 0.0189
-1.7925 1.3491 0.0192
-2.0086 1.3636 0.0254
-1.9739 1.2241 0.0445
-2.0799 1.1688 0.0587
-2.1260 1.2540 0.0430
-2.1836 1.1844 0.0559
-2.2412 1.1139 0.0695
-2.2205 1.3543 0.0277
-2.2625 1.2197 0.0474
-2.3759 1.2683 0.0352
-2.3346 1.1492 0.0575
-2.4128 1.1365 0.0545
-2.4047 1.0564 0.0706
-2.3773 1.4921 0.0122
-2.5386 1.2958 0.0237
2.5110 -3.0929 0.0000
2.2629 -3.0607 0.0000
1.2418 -0.1525 0.0140
0.9599 -0.2850 0.0072
1.1845 -0.4057 0.0113
0.8963 -0.5554 0.0049
0.9223 -0.8373 0.0032
-0.9471 1.5592 0.0004
-1.0972 1.3401 0.0024
4.7535 -4.1859 0.0000
-0.2635 1.4099 0.0003
-0.4745 1.1977 0.0011
-0.1276 2.8571 0.0000
-0.1823 2.5361 0.0000
2.8338 2.7242 0.0000
4.5121 -3.1580 0.0000
4.2552 -3.0440 0.0000
4.0352 -3.2050 0.0000
-4.4741 -1.4585 0.0000
-4.7144 -1.7039 0.0000
3.0961 -2.2401 0.0000
0.5080 4.5459 0.0000
3.7518 1.9583 0.0000
3.7240 1.6715 0.0000
1.1081 4.7618 0.0000
4.4120 3.1088 0.0000
4.7452 1.4177 0.0000
0.8131 2.9271 0.0000
0.5284 2.9247 0.0000
-0.7345 -0.0501 0.0237
2.7546 -1.8538 0.0004
2.8204 -2.1436 0.0000
4.5398 -3.4295 0.0000
3.6499 4.4159 0.0000
3.9685 2.8172 0.0000
3.8612 2.5410 0.0000
-3.7907 -3.2844 0.0000
-3.9905 -3.3967 0.0000
0.7335 -1.0420 0.0012
0.9622 -3.0236 0.0000
1.0044 -3.2679 0.0000
0.7885 -3.4243 0.0000
0.8462 -3.7088 0.0000
0.5547 -3.4560 0.0000
0.5592 -3.6973 0.0000
2.4789 3.6979 0.0000
-2.2343 1.0231 0.0921
-2.3174 1.0613 0.0773
-2.3399 0.9787 0.0951
-2.3705 0.8996 0.1117
-2.4634 0.8739 0.1015
-2.4406 0.9688 0.0844
-2.5354 0.9457 0.0735
-2.5542 0.8449 0.0881
-2.3868 0.8079 0.1347
-2.4775 0.7763 0.1218
-2.4812 0.6845 0.1451
-2.5713 0.7494 0.1021
-2.6488 0.8189 0.0704
-2.6608 0.7294 0.0804
-2.5698 0.6633 0.1202
-2.6556 0.6457 0.0947
-2.7447 0.6764 0.0644
-2.6918 0.5690 0.0938
-2.7606 0.5143 0.0767
-2.8343 0.6953 0.0412
-2.7786 0.5990 0.0630
-2.8680 0.5982 0.0405
-2.8487 0.5046 0.0511
-2.7923 0.4241 0.0740
-2.9509 0.4681 0.0294
0.5249 -4.2249 0.0000
0.2423 -4.2044 0.0000
0.0900 -4.4505 0.0000
0.0467 -0.2480 0.0027
-0.1144 -0.4333 0.0021
-4.2524 1.9665 0.0000
-0.3168 -3.9865 0.0000
-3.4805 -0.2232 0.0001
-3.6752 -0.4119 0.0000
-1.1919 -3.1368 0.0000
-3.9702 -1.1358 0.0000
-4.2220 -1.2878 0.0000
-2.5562 2.2378 0.0001
-2.5763 1.9536 0.0005
-2.3533 -1.4756 0.0098
-2.6029 -1.7962 0.0009
-0.4514 -2.7447 0.0000
3.3239 0.2407 0.0007
-4.3471 -2.3905 0.0000
-1.7130 3.9252 0.0000
-1.8179 3.6721 0.0000
-1.9139 3.4304 0.0000
-1.3276 -0.5072 0.0891
-1.4259 -0.6648 0.0771
-1.4476 -0.8891 0.0343
-1.6266 -0.7391 0.1179
-1.6544 -0.9596 0.0499
0.4653 -4.7474 0.0000
2.1038 1.0239 0.0108
1.8436 1.0782 0.0087
1.6355 0.9461 0.0082
2.0240 1.7567 0.0014
-2.6109 -1.5464 0.0040
-2.8576 -1.5769 0.0011
2.7809 -4.2434 0.0000
2.6753 -4.4801 0.0000
3.6531 2.7514 0.0000
3.5793 2.4618 0.0000
4.7565 -0.7693 0.0000
4.5100 -0.9022 0.0000
0.9909 -2.3673 0.0000
0.7791 -2.5484 0.0000
0.6816 -0.4118 0.0036
0.2276 -3.1372 0.0000
0.3015 -3.4330 0.0000
4.4756 1.2773 0.0000
2.9391 -0.6385 0.0098
2.8501 -0.8749 0.0101
-1.9216 -2.0908 0.0001
-1.9210 -2.3855 0.0000
-2.1572 -2.1894 0.0001
-2.1978 -2.4751 0.0000
-2.4022 -2.2626 0.0000
-2.4831 -2.5433 0.0000
-4.4068 -1.7203 0.0000
-4.4995 -1.9368 0.0000
-1.3250 1.2956 0.0067
-1.5497 1.2070 0.0199
-1.3199 1.0355 0.0213
-1.4666 0.8868 0.0557
-1.5152 0.7810 0.0868
-1.6993 0.9634 0.0742
3.9601 -3.4046 0.0000
3.7340 -3.4335 0.0000
-0.8180 1.3172 0.0012
2.3272 2.9711 0.0000
2.0777 2.8402 0.0000
1.8371 2.9869 0.0000
1.8215 2.7261 0.0000
-0.1132 -0.0786 0.0058
-0.5412 -1.2354 0.0003
-0.7952 -1.2382 0.0005
-1.0366 4.2835 0.0000
-1.1809 4.0432 0.0000
-1.8025 -0.8277 0.1378
-1.9516 -1.2097 0.0314
1.1642 -1.4697 0.0007
-4.1377 -2.6145 0.0000
-4.4002 -2.6639 0.0000
-4.5190 -2.8660 0.0000
-4.7608 0.5010 0.0000
0.5565 -2.0533 0.0000
0.2928 -2.1713 0.0000
-2.6482 -4.7663 0.0000
-2.9656 -4.7635 0.0000
-3.2770 -4.7639 0.0000
-0.8811 -4.2973 0.0000
-0.9803 -4.5314 0.0000
-1.1270 -4.7574 0.0000
-1.0530 -4.0021 0.0000
-1.1363 -4.2428 0.0000
-1.2502 -4.4773 0.0000
-1.4403 -4.7106 0.0000
-1.4979 -4.3635 0.0000
-1.7058 -4.5415 0.0000
-1.7443 -4.7759 0.0000
3.9809 -0.2186 0.0000
3.7558 -0.4452 0.0000
2.7349 3.6074 0.0000
-4.7668 -4.7439 0.0000
4.7208 -2.3607 0.0000
4.4548 -2.4834 0.0000
-3.6879 -0.6799 0.0000
-3.7456 -0.9332 0.0000
-3.9462 -0.6291 0.0000
-4.2390 -0.7303 0.0000
-3.9952 -0.8686 0.0000
-4.2453 -1.0132 0.0000
4.0186 4.5451 0.0000
3.8967 4.3266 0.0000
3.7151 4.1303 0.0000
4.0831 0.0897 0.0000
1.0340 2.1833 0.0000
4.2924 2.3157 0.0000
4.2626 2.0341 0.0000
-1.5393 3.7500 0.0000
-1.5825 3.5256 0.0000
4.5334 -0.0341 0.0000
2.0412 4.7712 0.0000
1.9022 4.5491 0.0000
1.3299 3.4566 0.0000
1.2083 3.2062 0.0000
-2.4964 -3.9851 0.0000
-2.7558 -4.0485 0.0000
-2.6403 -4.2857 0.0000
-2.8048 -4.5319 0.0000
-1.6113 -3.5209 0.0000
-1.7796 -3.7676 0.0000
0.3073 0.4979 0.0044
0.0892 0.4124 0.0045
1.2743 -1.2095 0.0027
-4.4248 4.5422 0.0000
-4.4792 4.2634 0.0000
-4.7730 4.2160 0.0000
4.1759 0.3741 0.0000
3.0768 2.5547 0.0000
3.7176 0.5745 0.0000
3.6193 0.2988 0.0000
-3.5857 3.9787 0.0000
-0.2144 -3.4322 0.0000
-1.7262 -3.2387 0.0000
-1.8910 -3.4916 0.0000
-3.9358 3.2784 0.0000
1.2741 4.5075 0.0000
2.2722 -0.8956 0.0227
2.1628 -1.1182 0.0159
2.0265 -1.3317 0.0083
4.7466 -2.9610 0.0000
1.9994 -1.5571 0.0035
3.2046 -2.8327 0.0000
-1.0024 -0.0768 0.0596
-1.0994 -0.3219 0.0587
-4.5262 2.9822 0.0000
-4.7592 2.9809 0.0000
-4.7543 2.7007 0.0000
4.7717 3.3085 0.0000
4.6420 3.1359 0.0000
-3.6979 -1.2397 0.0000
-3.7933 -0.1212 0.0000
0.2333 0.7354 0.0026
-4.0125 0.0819 0.0000
1.2790 2.6981 0.0000
1.0846 2.9469 0.0000
0.9865 2.6847 0.0000
0.8632 2.4231 0.0000
-0.0023 -2.2839 0.0000
-0.2190 -2.5236 0.0000
0.6933 -2.8661 0.0000
0.4277 -2.9428 0.0000
-4.7890 3.8830 0.0000
-1.7978 2.1556 0.0001
-1.7709 1.8914 0.0007
-2.0174 1.8403 0.0017
-2.0998 1.5646 0.0096
-4.4854 -0.5758 0.0000
-4.4999 -0.8698 0.0000
-4.7438 -0.8407 0.0000
-4.7555 -1.1013 0.0000
-4.2711 -2.0886 0.0000
-4.5415 -2.2092 0.0000
4.0951 0.8979 0.0000
4.2783 -1.0372 0.0000
4.0421 -1.1368 0.0000
3.9474 -1.3493 0.0000
0.9924 4.5187 0.0000
0.7530 4.4699 0.0000
-0.8355 -0.2875 0.0229
-0.9198 -0.5240 0.0171
-1.1531 -0.5612 0.0371
-1.2362 -0.7858 0.0230
2.7789 0.2865 0.0151
2.7388 0.0741 0.0173
2.4568 0.0625 0.0184
2.3959 -0.1612 0.0217
2.9217 -4.5029 0.0000
4.4156 0.8006 0.0000
4.2597 0.6412 0.0000
1.8745 -0.5242 0.0300
1.6088 -0.7328 0.0182
1.4560 -0.9709 0.0085
2.1913 -4.4931 0.0000
2.0380 -4.7497 0.0000
1.8773 -4.5212 0.0000
1.7222 -4.7527 0.0000
1.5169 1.2003 0.0056
1.3746 0.9666 0.0063
1.1171 1.0038 0.0051
-4.5868 0.3409 0.0000
-4.7599 0.1663 0.0000
3.4010 4.5211 0.0000
3.2056 4.2826 0.0000
-1.0541 3.7732 0.0000
4.3707 4.2096 0.0000
1.9341 -3.7346 0.0000
2.1889 -3.8351 0.0000
1.9882 -4.0158 0.0000
2.0147 -4.2908 0.0000
-0.4773 -2.0028 0.0000
-0.3115 -2.2583 0.0000
-0.6018 -2.2446 0.0000
-0.8741 -2.2975 0.0000
-1.1477 -2.3535 0.0000
-0.9626 -2.5916 0.0000
0.0706 2.6184 0.0000
0.0437 2.3150 0.0000
-0.2518 2.2556 0.0000
-4.7444 1.6936 0.0000
-4.2816 2.8940 0.0000
-4.5144 2.7188 0.0000
1.4509 -1.4594 0.0017
0.7485 2.1501 0.0000
-3.0819 2.2084 0.0000
-3.3217 2.0489 0.0000
4.2457 1.7606 0.0000
4.5498 4.7545 0.0000
4.3946 4.5675 0.0000
4.2157 4.4207 0.0000
-1.7544 2.5291 0.0000
-1.9623 2.3535 0.0000
-2.2695 2.3603 0.0000
-2.0690 2.0917 0.0003
-2.3247 2.0433 0.0005
-3.8703 -2.7855 0.0000
-3.9622 -3.0665 0.0000
-4.1955 -3.2172 0.0000
4.7565 1.7183 0.0000
1.0171 0.2997 0.0061
0.9964 0.0016 0.0077
0.7609 0.1534 0.0039
0.4922 0.0331 0.0029
0.0214 4.6720 0.0000
0.7891 4.7449 0.0000
0.6732 3.7217 0.0000
-4.2131 3.3908 0.0000
-4.5291 3.7617 0.0000
-1.3190 0.5079 0.1070
-1.4231 0.4947 0.1415
-1.4285 0.4052 0.1705
-1.5133 0.4854 0.1767
-1.6001 0.3933 0.2498
-1.3333 0.4117 0.1345
-1.5215 0.4034 0.2099
-1.4139 0.3020 0.1949
-1.4850 0.3342 0.2177
-1.4601 0.2229 0.2397
-1.5301 0.2845 0.2574
-1.5528 0.2055 0.2973
-1.4936 0.1330 0.2819
-1.6092 0.1411 0.3538
-1.5543 0.0663 0.3358
-1.6618 0.0624 0.4130
-1.6402 0.2385 0.3376
-1.7057 0.1621 0.4101
-1.7493 0.0848 0.4684
-2.7029 -1.1372 0.0190
-2.8385 -1.3297 0.0043
3.2667 0.7570 0.0005
3.4381 0.5229 0.0001
-0.9634 2.5933 0.0000
-1.0250 2.3264 0.0000
2.0692 3.1488 0.0000
1.7736 -0.3201 0.0306
1.6303 -0.5121 0.0239
1.5010 -0.2568 0.0227
1.3972 -0.4721 0.0166
-0.7739 4.4088 0.0000
-4.7307 2.4435 0.0000
-4.7565 2.2081 0.0000
-2.3551 4.3078 0.0000
-2.5735 4.1630 0.0000
3.7564 -3.1364 0.0000
-0.3044 -3.7093 0.0000
3.0416 2.2934 0.0000
3.0452 2.0407 0.0000
3.2170 -3.4612 0.0000
2.6566 0.4853 0.0145
-0.0629 2.0384 0.0000
-0.3056 1.9650 0.0000
-3.6826 2.8080 0.0000
-3.8785 2.6114 0.0000
1.9876 -3.0755 0.0000
1.7145 -3.0829 0.0000
1.8565 -3.3534 0.0000
1.5651 -3.3388 0.0000
1.7801 3.2386 0.0000
-0.6425 -3.0147 0.0000
-0.9117 -3.1929 0.0000
-0.7762 -0.7433 0.0060
-1.0117 -0.7773 0.0109
-0.9645 -1.0019 0.0041
-1.0533 -1.2727 0.0013
-0.1983 -0.7297 0.0009
-0.3954 -0.9865 0.0005
2.0206 1.2793 0.0074
1.7522 1.2784 0.0060
-1.2525 2.5046 0.0000
-0.7143 1.0812 0.0031
-0.6687 0.7025 0.0105
2.3478 4.7557 0.0000
4.0336 -0.8549 0.0000
3.8140 -1.0107 0.0000
3.7145 -1.2425 0.0000
3.4533 -1.3726 0.0000
-3.0720 -3.0329 0.0000
-3.2201 -3.2648 0.0000
-3.5181 -3.2799 0.0000
1.8124 4.3292 0.0000
-4.7639 1.1010 0.0000
4.4070 2.6257 0.0000
4.0456 2.3091 0.0000
0.4407 -0.5505 0.0019
0.3169 -0.7626 0.0012
-2.2490 3.4402 0.0000
-2.4463 3.2720 0.0000
-2.6469 3.0964 0.0000
3.3543 1.0236 0.0001
3.0570 0.9928 0.0020
3.0171 0.7143 0.0048
2.5493 0.2695 0.0165
2.2916 0.2650 0.0196
2.4362 -4.3493 0.0000
2.4496 -4.6207 0.0000
2.3187 -4.7889 0.0000
-3.4508 4.4943 0.0000
2.1875 -0.2353 0.0272
2.0829 -0.4512 0.0308
4.5782 0.9871 0.0000
4.7742 0.8060 0.0000
3.5353 2.1656 0.0000
3.2844 2.0762 0.0000
1.6611 -2.0265 0.0001
1.5323 -2.2829 0.0000
4.7095 -4.4904 0.0000
-0.5849 1.4179 0.0004
0.5208 0.3012 0.0045
4.3724 0.1665 0.0000
2.9825 -4.7514 0.0000
-2.0559 -1.8780 0.0007
-2.3542 -1.7288 0.0022
-2.2716 -1.9602 0.0004
-2.4986 -2.0313 0.0002
-4.3791 0.2093 0.0000
-0.2041 0.8266 0.0031
-0.3803 0.6522 0.0063
2.0990 -1.8239 0.0011
1.8258 -1.7788 0.0010
-1.7953 2.8008 0.0000
-2.1075 2.8869 0.0000
-2.0460 2.6098 0.0000
0.0571 -3.3465 0.0000
1.0031 -1.1202 0.0018
0.9454 -1.3481 0.0006
-3.3917 2.6482 0.0000
-3.6159 2.4949 0.0000
2.9031 -3.4947 0.0000
3.0475 -3.7461 0.0000
4.7690 -3.2766 0.0000
4.7500 3.5971 0.0000
-1.9562 0.0569 0.5952
-2.1185 0.0277 0.6271
-1.8696 0.0250 0.5656
-1.9503 -0.0418 0.6241
-2.0362 -0.0016 0.6381
-2.0329 -0.0899 0.6570
-2.0190 -0.1729 0.6537
-2.1238 -0.0776 0.6556
-2.2158 -0.1104 0.6256
-2.2965 -0.0541 0.5618
-2.3740 -0.1023 0.4939
-2.1021 -0.1724 0.6608
-2.1790 -0.1814 0.6414
-2.0967 -0.2641 0.6396
-2.1678 -0.2733 0.6230
-2.2968 -0.1560 0.5687
-2.2508 -0.2250 0.5949
-2.3270 -0.2657 0.5228
-2.2481 -0.3238 0.5629
-2.3299 -0.3628 0.4827
-2.3857 -0.1929 0.4787
-2.4739 -0.2205 0.3754
-2.4143 -0.2889 0.4277
-2.4118 -0.3807 0.3973
-2.4279 -0.4567 0.3467
-2.4869 -0.3428 0.3328
-2.5210 -0.4305 0.2692
2.7333 -1.0670 0.0103
2.6819 -1.2700 0.0071
2.4926 -1.4344 0.0060
-0.4890 -4.7630 0.0000
-3.9061 -2.5034 0.0000
-4.2091 -2.9069 0.0000
1.8545 -1.1984 0.0100
1.7395 -1.4737 0.0032
-3.8512 4.0532 0.0000
-4.0607 3.8634 0.0000
1.6255 4.1512 0.0000
-1.2146 -2.6478 0.0000
-1.3118 -2.9089 0.0000
-1.5183 -3.0593 0.0000
-1.4105 -3.3082 0.0000
-0.2824 -1.2677 0.0002
0.8410 4.2109 0.0000
0.5554 4.2751 0.0000
-0.8497 0.8778 0.0100
-1.0353 1.0924 0.0069
-0.9389 0.6300 0.0279
-1.1130 0.8330 0.0245
-1.3221 0.7856 0.0515
-1.3607 0.6231 0.0903
-1.1791 0.5932 0.0608
-2.1637 4.5125 0.0000
3.6326 1.0932 0.0000
3.8181 0.8627 0.0000
3.5432 0.8054 0.0000
-2.4766 -2.9444 0.0000
-2.6451 -2.7449 0.0000
-2.7813 -3.0001 0.0000
-2.9434 -2.7782 0.0000
1.2633 1.9491 0.0001
1.1544 1.6811 0.0003
-1.2309 4.5278 0.0000
-1.6240 4.2633 0.0000
2.3015 -3.5875 0.0000
-3.9660 -3.6591 0.0000
-4.2380 -3.7898 0.0000
3.4494 1.5922 0.0000
-2.9487 -0.7933 0.0140
-2.9800 -1.0695 0.0047
-3.4056 -4.5270 0.0000
-3.6008 -4.7227 0.0000
-3.9070 -4.7524 0.0000
-1.1129 -1.5545 0.0002
-1.3786 -1.6029 0.0006
-1.4933 -1.8791 0.0001
-3.0564 -0.1442 0.0167
-3.2069 -0.3199 0.0033
-3.4071 -0.5234 0.0001
-0.0049 4.4448 0.0000
-0.2813 4.5031 0.0000
2.9273 -4.0109 0.0000
-3.5842 4.7580 0.0000
-3.7073 3.4533 0.0000
-3.9892 3.5690 0.0000
1.0506 1.4063 0.0009
0.8958 1.1598 0.0019
4.2158 4.7550 0.0000
-1.9513 -0.8949 0.1398
-1.8463 -1.0238 0.0634
-2.0412 -1.0211 0.0900
-2.1532 -1.1465 0.0538
-2.1210 -1.3645 0.0177
-2.3296 -1.2423 0.0322
2.3741 -1.8585 0.0010
2.2347 -2.0795 0.0003
1.8911 1.5127 0.0036
1.6052 1.4836 0.0027
0.7707 0.4276 0.0045
4.7784 2.9519 0.0000
4.7397 2.6421 0.0000
4.5312 2.4449 0.0000
1.8340 -2.8181 0.0000
0.6422 -4.4953 0.0000
-0.2127 1.1064 0.0012
-0.4872 0.9181 0.0036
0.6417 3.9924 0.0000
0.4099 3.8062 0.0000
3.9133 4.7956 0.0000
3.7526 4.6174 0.0000
-3.5732 2.1912 0.0000
-3.7831 2.0093 0.0000
1.4476 -3.0746 0.0000
1.2712 -3.3007 0.0000
0.6494 -0.7342 0.0022
0.4671 -1.2579 0.0003
2.2322 3.5175 0.0000
1.9831 3.4226 0.0000
-3.0543 4.5176 0.0000
-3.2249 4.3713 0.0000
-3.3903 4.1793 0.0000
-2.0611 -3.7468 0.0000
-2.2993 -3.8296 0.0000
-2.1920 -4.0393 0.0000
-2.3847 -4.2233 0.0000
3.7826 -4.5007 0.0000
3.6091 -4.7555 0.0000
2.4396 -3.3366 0.0000
2.1677 -3.3079 0.0000
2.0377 -3.5416 0.0000
-2.0421 -3.2347 0.0000
-2.1699 -3.4953 0.0000
-3.9322 -1.4088 0.0000
-4.1872 -1.5540 0.0000
-0.0847 0.2644 0.0056
-0.2601 0.1013 0.0074
2.9133 0.4732 0.0102
2.2858 2.3802 0.0000
2.0378 2.2649 0.0000
4.5387 2.8452 0.0000
4.2556 2.8514 0.0000
4.1525 2.5732 0.0000
-4.1255 4.1523 0.0000
-4.3307 3.9911 0.0000
-4.2672 3.6779 0.0000
-3.7891 -2.2489 0.0000
-4.0820 -2.2994 0.0000
-2.7984 4.5890 0.0000
1.2008 3.7356 0.0000
0.9294 3.7089 0.0000
-3.1789 -3.7361 0.0000
-3.2680 -3.9710 0.0000
-3.4747 -3.7725 0.0000
-3.7380 -3.8529 0.0000
0.4685 3.2745 0.0000
2.4487 3.9962 0.0000
2.2353 3.7976 0.0000
-2.5593 0.2225 0.2366
-2.6609 0.1911 0.1649
-2.7432 0.1186 0.1192
-2.9068 0.0919 0.0498
-2.6552 0.0857 0.1819
-2.7264 0.0279 0.1341
-2.8213 0.0445 0.0819
-2.8848 -0.0127 0.0573
-2.9923 0.0112 0.0286
-2.7691 -0.0418 0.1092
-2.8435 -0.0811 0.0724
-2.9205 -0.1182 0.0450
-2.7728 -0.1448 0.1055
-2.8597 -0.1846 0.0634
-2.9415 -0.2615 0.0359
0.7451 3.4439 0.0000
0.6614 3.1644 0.0000
4.0766 -2.1667 0.0000
3.8760 -2.3563 0.0000
-0.9329 -1.7868 0.0000
-1.2155 -1.8407 0.0001
-1.0564 -2.0722 0.0000
-1.3565 -2.1204 0.0000
0.3578 -4.4815 0.0000
0.1454 -4.7264 0.0000
2.5855 2.8344 0.0000
2.3039 2.6763 0.0000
-1.9318 1.0737 0.0736
-1.9886 1.0074 0.0956
-2.0411 0.8089 0.1692
-2.1319 0.7915 0.1762
-1.9904 1.1234 0.0655
-2.0603 1.0679 0.0820
-2.0711 0.9680 0.1112
-2.1513 1.1056 0.0735
-2.1478 1.0226 0.0950
-2.1705 0.9394 0.1195
-2.0984 0.8807 0.1415
-2.2036 0.8528 0.1472
-2.2197 0.7598 0.1818
-2.2002 0.6723 0.2242
-2.2638 0.9381 0.1138
-2.2945 0.8507 0.1376
-2.3032 0.7600 0.1680
-2.2983 0.6698 0.2056
-2.3895 0.7092 0.1658
-2.4087 0.6107 0.1949
-2.2328 0.5863 0.2618
-2.1540 0.5602 0.2913
-2.2791 0.4979 0.2963
-2.3242 0.5848 0.2363
-2.3733 0.5080 0.2525
-2.4673 0.5182 0.2034
-4.0510 0.9629 0.0000
-4.2749 0.8150 0.0000
-4.1039 0.6213 0.0000
-4.1690 3.1070 0.0000
0.0038 1.5107 0.0001
0.0505 1.2442 0.0006
0.2631 0.2116 0.0052
0.2360 -0.0846 0.0029
3.2981 -4.7583 0.0000
2.1840 0.5127 0.0190
-0.7666 4.7447 0.0000
-0.9442 4.5445 0.0000
1.6086 3.4273 0.0000
-3.0848 -1.5514 0.0002
3.2603 -1.6598 0.0000
3.2681 -1.9047 0.0000
4.7540 -3.5980 0.0000
4.2683 -0.1247 0.0000
-2.7511 3.7110 0.0000
-2.9624 3.5310 0.0000
4.7603 -0.4627 0.0000
2.7398 -0.4800 0.0189
2.6815 -0.7216 0.0187
2.6193 1.6881 0.0013
2.4307 1.4792 0.0043
2.2732 1.2437 0.0083
0.1034 4.1838 0.0000
-0.1811 4.2192 0.0000
-0.3282 3.9666 0.0000
-3.9754 1.8277 0.0000
-3.9767 1.5407 0.0000
-4.2351 1.6936 0.0000
-4.2436 1.4147 0.0000
-3.6193 -2.0474 0.0000
3.4406 -2.6988 0.0000
1.4199 3.9513 0.0000
-3.1197 -1.3196 0.0005
0.2276 -0.4072 0.0016
0.0853 -0.6060 0.0011
-1.2937 1.9013 0.0001
-1.5320 1.7391 0.0010
-1.8182 1.6042 0.0052
3.3538 2.6549 0.0000
3.3051 2.3575 0.0000
4.1631 1.2412 0.0000
-3.0305 0.6392 0.0125
-3.4090 0.5694 0.0001
-3.5713 0.3571 0.0000
-3.7966 0.2106 0.0000
-4.7700 4.7599 0.0000
-4.7137 4.4964 0.0000
-4.0687 4.5318 0.0000
-4.2398 4.3610 0.0000
-3.7363 1.3750 0.0000
-3.5107 1.2047 0.0000
-3.7729 1.0650 0.0000
1.9823 -2.5673 0.0000
1.6818 -2.5605 0.0000
3.9134 3.2011 0.0000
3.7752 2.9915 0.0000
2.0689 4.2879 0.0000
0.4998 4.7691 0.0000
0.2304 4.7237 0.0000
3.7707 -1.7833 0.0000
3.5347 -1.9495 0.0000
-4.3512 0.4918 0.0000
-0.0904 -1.7602 0.0000
-0.1866 -2.0226 0.0000
1.4540 0.7114 0.0086
4.5027 3.7399 0.0000
4.5025 3.4197 0.0000
4.2307 3.3180 0.0000
3.8077 0.0485 0.0000
3.5250 0.0440 0.0000
3.7226 -1.5133 0.0000
-3.1783 3.3547 0.0000
-3.4215 3.2061 0.0000
-3.6705 3.1418 0.0000
-3.1124 2.5004 0.0000
-3.3483 2.3513 0.0000
-1.3221 3.0382 0.0000
3.2145 -0.5525 0.0016
3.1120 -0.8507 0.0023
-4.5210 0.6648 0.0000
-2.8718 0.3919 0.0512
-3.0028 0.3398 0.0233
-2.8983 0.3031 0.0475
-0.4815 -2.4886 0.0000
-0.7107 -2.5139 0.0000
-0.7294 -2.7635 0.0000
-0.9940 -2.8990 0.0000
4.7510 -1.0803 0.0000
4.7526 -1.3896 0.0000
4.5055 -1.5294 0.0000
0.4326 -1.5481 0.0001
0.3419 -1.8608 0.0000
-2.7587 1.2610 0.0119
-3.0171 1.1878 0.0026
-3.2360 1.3702 0.0001
4.0023 3.4407 0.0000
3.7624 3.5700 0.0000
3.7066 3.3085 0.0000
-1.6138 3.0438 0.0000
-1.9055 3.0778 0.0000
2.6193 -2.3481 0.0000
2.3833 -2.3109 0.0000
4.4538 -3.6801 0.0000
0.9981 0.5785 0.0051
-1.8685 0.7892 0.1595
-2.0112 0.6391 0.2499
3.4786 1.8686 0.0000
4.7472 4.5386 0.0000
4.5432 4.3792 0.0000
3.1568 -2.5332 0.0000
0.9133 3.9538 0.0000
4.2403 1.4982 0.0000
2.0714 -0.7142 0.0279
1.9926 -0.9604 0.0199
-4.2485 2.6055 0.0000
-4.4733 2.4536 0.0000
4.7629 3.8968 0.0000
-1.5809 1.0154 0.0478
-1.5962 0.8867 0.0767
-1.6890 0.8757 0.0961
-1.7790 0.8788 0.1111
-1.7904 0.8005 0.1406
-1.6125 0.7972 0.1035
-1.7022 0.7947 0.1241
-1.7643 0.7159 0.1680
-1.5803 0.7130 0.1211
-1.6709 0.7094 0.1464
-1.7195 0.6226 0.1952
-1.8060 0.6309 0.2166
-1.8491 0.5634 0.2629
-1.8543 0.7049 0.1934
-1.9124 0.6350 0.2391
-1.9497 0.5496 0.2934
-1.6784 -2.5032 0.0000
-1.6560 -2.8643 0.0000
-1.8673 -2.9932 0.0000
-4.5167 4.7697 0.0000
-0.4218 2.9632 0.0000
-0.6892 2.9852 0.0000
2.4254 0.4941 0.0159
4.0991 4.1912 0.0000
3.9539 3.9990 0.0000
-3.4966 -2.2902 0.0000
-3.6552 -2.5319 0.0000
-3.1962 -0.8452 0.0012
-3.2592 -1.0857 0.0003
-3.8292 2.3130 0.0000
-4.0302 2.1274 0.0000
1.6868 -3.6025 0.0000
1.4535 -3.8190 0.0000
1.3754 -3.5613 0.0000
1.0758 -3.5248 0.0000
1.1584 -3.7789 0.0000
1.2581 -4.0446 0.0000
-4.2668 -0.0059 0.0000
-4.1013 -0.1967 0.0000
-3.9187 -0.3844 0.0000
-4.2044 -0.4592 0.0000
1.8409 -0.7445 0.0244
1.7242 -0.9736 0.0143
-1.4810 4.0429 0.0000
-1.3275 3.8126 0.0000
-1.2749 3.5489 0.0000
1.9471 -2.0593 0.0002
1.8143 -2.3066 0.0000
-3.8754 0.7755 0.0000
-4.1276 0.3099 0.0000
0.3233 3.0640 0.0000
0.1872 2.8433 0.0000
-2.6388 -3.4612 0.0000
-2.8695 -3.5818 0.0000
-2.5362 -0.2704 0.2969
-2.5806 -0.3519 0.2344
-2.6249 -0.4345 0.1765
-2.7248 -0.4338 0.1086
-2.4885 -0.5199 0.2628
-2.5819 -0.5173 0.1877
-2.6788 -0.5166 0.1215
-2.7614 -0.5467 0.0753
-2.6344 -0.6043 0.1278
-2.7187 -0.6239 0.0818
-2.8992 -0.5700 0.0317
-2.7982 -0.6914 0.0461
0.3329 1.0449 0.0012
0.0486 0.9500 0.0017
-2.5041 0.5928 0.1628
-2.5892 0.5701 0.1331
-2.6385 0.4949 0.1268
-2.7010 0.4491 0.1066
-2.5457 0.4851 0.1740
-2.6081 0.3960 0.1619
-2.4328 0.4384 0.2524
-2.5123 0.4045 0.2171
-2.5279 0.3107 0.2363
-2.6259 0.2942 0.1717
-2.7038 0.3620 0.1168
-2.7982 0.3241 0.0794
-2.7186 0.2740 0.1197
-2.7608 0.2063 0.1040
-2.8367 0.2438 0.0694
-2.8365 0.1457 0.0732
-2.9263 0.1975 0.0427
-2.2714 1.7849 0.0026
-2.5122 1.7205 0.0028
-2.6504 1.5024 0.0062
2.3237 1.7819 0.0013
2.1706 1.5162 0.0044
1.5282 -4.0937 0.0000
1.0979 -4.2727 0.0000
3.9732 -3.9067 0.0000
3.7516 -4.0094 0.0000
3.6380 -4.2587 0.0000
3.4834 -4.5100 0.0000
-0.4625 4.2509 0.0000
-0.5999 3.9748 0.0000
-0.8956 4.0200 0.0000
-0.4633 3.7122 0.0000
-0.7662 3.7452 0.0000
-3.9132 2.9824 0.0000
-4.0463 2.7818 0.0000
4.5199 -0.3072 0.0000
4.2655 -0.4085 0.0000
4.0365 -0.5211 0.0000
-4.5039 -3.9468 0.0000
-4.7515 -3.8917 0.0000
-1.8089 0.9609 0.0906
-1.8779 0.8804 0.1261
-1.9072 0.9700 0.1000
-1.9904 0.9053 0.1289
-1.9560 0.8159 0.1604
-1.9502 0.7251 0.2000
-2.0386 0.7258 0.2068
-2.1186 0.7134 0.2123
-2.1082 0.6309 0.2554
-4.4569 -3.1302 0.0000
-4.7454 -3.0141 0.0000
-4.4908 -3.3924 0.0000
-4.7445 -3.2996 0.0000
-4.7495 -3.5958 0.0000
1.2721 0.4637 0.0088
3.0669 3.2668 0.0000
2.8774 3.0191 0.0000
2.5817 3.1202 0.0000
-3.5572 1.8846 0.0000
-3.7125 1.6792 0.0000
-3.1192 1.6276 0.0001
-3.4727 1.5189 0.0000
-3.5636 0.0515 0.0000
-2.2943 4.0399 0.0000
-2.5410 3.8825 0.0000
2.4625 -3.8410 0.0000
2.2624 -4.1285 0.0000
3.1772 1.7866 0.0000
2.8476 1.8688 0.0002
2.9172 1.6121 0.0005
1.3706 -0.7028 0.0118
1.1301 -0.6426 0.0075
1.1927 -0.9211 0.0050
-0.3458 3.4517 0.0000
-0.5303 3.2271 0.0000
-1.6407 -2.2083 0.0000
-1.4509 0.7079 0.0906
-1.4644 0.5804 0.1290
-1.5659 0.5626 0.1679
-1.5263 0.6499 0.1259
-1.6244 0.6301 0.1622
-1.6670 0.5415 0.2130
-1.6038 0.4766 0.2161
-1.6986 0.4408 0.2729
-1.7657 0.3589 0.3463
-1.7633 0.5320 0.2525
-1.8783 0.4858 0.3151
-1.8007 0.4504 0.3099
-1.8589 0.3782 0.3743
-1.9124 0.3090 0.4368
-1.8251 0.2811 0.4185
-1.8974 0.2130 0.4909
-2.9382 -4.2940 0.0000
-3.1118 -4.5181 0.0000
2.7917 2.1556 0.0000
2.5703 1.9669 0.0003
-0.5756 -1.4808 0.0001
-0.8378 -1.5057 0.0001
-4.7506 1.4096 0.0000
4.7684 -2.6574 0.0000
1.8285 1.9876 0.0002
1.7283 1.7335 0.0010
-4.2673 -4.3614 0.0000
-4.4481 -4.5318 0.0000
-4.7245 -4.4783 0.0000
4.7684 -2.0189 0.0000
4.5442 -2.1464 0.0000
0.7296 -3.1425 0.0000
0.5006 -3.2013 0.0000
-1.7147 4.7430 0.0000
-2.0122 4.7456 0.0000
-3.9055 4.7577 0.0000
-2.0775 3.2581 0.0000
-2.2572 3.1117 0.0000
-2.4167 2.9260 0.0000
-2.6384 2.7953 0.0000
-2.8707 2.6478 0.0000
-1.2273 -1.0383 0.0087
-1.4831 -1.1294 0.0134
-1.7235 -1.1989 0.0199
1.6036 2.9509 0.0000
1.5560 2.7046 0.0000
1.4524 2.4465 0.0000
1.1547 2.4447 0.0000
-0.7203 1.6402 0.0001
0.6780 1.8287 0.0000
0.5397 1.5627 0.0002
0.2517 1.5813 0.0001
-0.9066 2.8499 0.0000
-1.2032 2.7777 0.0000
1.9901 3.7500 0.0000
-1.3867 -0.0509 0.2318
-1.4709 -0.0985 0.2872
-1.5596 -0.1055 0.3532
-1.2352 -0.1230 0.1355
-1.3111 -0.3124 0.1350
-1.3812 -0.1723 0.2124
-1.4607 -0.2778 0.2400
-1.4800 -0.1871 0.2805
-1.5561 -0.1861 0.3399
-1.5479 -0.2650 0.3118
-1.4632 -0.4118 0.1886
4.5245 2.1579 0.0000
4.5102 1.8706 0.0000
4.0188 2.0441 0.0000
3.9962 1.7668 0.0000
-3.3466 -1.5610 0.0000
-3.4775 -1.7952 0.0000
-2.9039 4.2920 0.0000
-2.8068 4.0257 0.0000
-3.0183 3.8298 0.0000
-3.2315 3.6370 0.0000
-3.4481 3.4469 0.0000
0.4751 -0.9702 0.0009
0.2278 -1.0864 0.0005
-1.4150 -2.4117 0.0000
-1.4866 -2.6964 0.0000
-4.5174 1.2347 0.0000
3.9688 1.4780 0.0000
3.9174 1.1521 0.0000
1.3624 -1.9995 0.0001
1.0615 -2.0922 0.0000
-3.6539 -1.5454 0.0000
-3.7631 -1.8453 0.0000
-2.4099 -3.6289 0.0000
3.2428 -3.1333 0.0000
3.0114 -3.2612 0.0000
-0.4544 -0.0237 0.0100
-0.5598 -0.2674 0.0099
-0.6589 -0.5051 0.0084
4.5942 0.6537 0.0000
3.2423 3.5195 0.0000
2.9905 3.5302 0.0000
2.7915 3.3131 0.0000
2.8798 -2.4362 0.0000
2.6235 -2.6157 0.0000
2.7512 -1.5495 0.0019
2.5401 -1.7027 0.0018
3.8116 -2.0635 0.0000
3.6045 -2.2458 0.0000
-1.8566 4.4638 0.0000
-2.0808 4.2347 0.0000
2.9341 -1.3512 0.0017
3.5179 -1.0651 0.0000
3.2492 -1.1248 0.0002
2.9866 -1.1146 0.0029
2.1699 4.0360 0.0000
2.5223 3.4145 0.0000
2.3042 3.2541 0.0000
0.6937 2.6691 0.0000
0.4043 2.6882 0.0000
0.2780 2.4611 0.0000
-4.2445 -3.5024 0.0000
-4.4976 -3.6702 0.0000
-0.5030 -3.5003 0.0000
-0.5822 -3.7581 0.0000
-0.8301 -3.8105 0.0000
-4.2564 -4.0796 0.0000
-4.5144 -4.2334 0.0000
-4.7619 -4.1800 0.0000
0.0114 -3.6190 0.0000
-0.0763 -3.8658 0.0000
-0.5868 -4.2660 0.0000
-4.5004 -1.1656 0.0000
-4.7443 -1.3937 0.0000
-3.0828 0.1620 0.0137
-3.2683 -0.0339 0.0019
-1.4962 2.7917 0.0000
-1.4854 2.5576 0.0000
-1.5790 2.3181 0.0000
-0.4050 -4.5116 0.0000
3.3648 -0.1046 0.0004
3.1731 0.0300 0.0035
2.9324 -0.0666 0.0132
4.2732 -1.6876 0.0000
4.0395 -1.8802 0.0000
0.3794 2.2315 0.0000
0.5197 2.0527 0.0000
0.3752 1.8331 0.0000
0.1604 -1.6626 0.0000
1.5789 -1.2178 0.0056
-4.0816 2.4328 0.0000
-4.2737 2.2551 0.0000
-4.5161 2.1916 0.0000
-4.7578 3.5813 0.0000
-1.8204 -2.6955 0.0000
-2.0222 -2.6830 0.0000
1.9098 4.0415 0.0000
1.7034 3.8673 0.0000
1.7766 3.5931 0.0000
1.4915 3.6831 0.0000
4.2415 -2.7329 0.0000
3.9920 -2.9256 0.0000
3.1658 0.4712 0.0025
3.0072 0.2160 0.0091
0.5325 0.5600 0.0051
-2.6501 -2.3185 0.0000
-2.7996 -2.5365 0.0000
-3.0865 -2.5393 0.0000
-3.2357 -2.7893 0.0000
-3.5414 -2.7830 0.0000
-3.3790 -3.0285 0.0000
-3.6760 -3.0242 0.0000
-2.6337 4.7635 0.0000
-2.6756 4.3820 0.0000
0.7840 -2.2113 0.0000
0.5383 -2.3545 0.0000
0.9712 -3.9959 0.0000
0.8085 -4.2431 0.0000
4.2490 3.9199 0.0000
4.2575 3.6059 0.0000
1.0491 3.4613 0.0000
0.9292 3.2014 0.0000
4.7597 -1.6991 0.0000
4.5286 -1.8391 0.0000
-3.0950 -3.4970 0.0000
-3.3800 -3.5164 0.0000
4.7466 4.2115 0.0000
1.5346 -2.8209 0.0000
1.2518 -2.8063 0.0000
1.2008 -3.0359 0.0000
3.4244 1.3080 0.0000
3.1614 1.2199 0.0004
-4.2209 4.7454 0.0000
2.9534 1.3373 0.0013
1.2600 -2.2923 0.0000
1.3965 -2.5501 0.0000
1.0783 -4.7634 0.0000
-0.5367 2.1707 0.0000
-0.8050 2.1248 0.0000
-3.1005 4.1179 0.0000
-3.3020 3.9102 0.0000
4.5084 -0.6002 0.0000
4.2540 -0.7185 0.0000
-1.0148 0.4000 0.0556
-1.2032 0.3936 0.0993
-1.3450 0.3330 0.1581
-1.2749 0.2685 0.1447
-1.3683 0.2203 0.1943
-1.1225 0.2108 0.0967
-1.1635 0.0445 0.1159
-1.2830 0.1473 0.1656
-1.3237 0.0357 0.1942
-1.3964 0.1287 0.2263
-1.4438 0.0419 0.2664
-1.5089 -0.0194 0.3153
4.2004 -4.0665 0.0000
3.9450 -4.2313 0.0000
-0.2134 0.4756 0.0060
-0.3876 0.2946 0.0098
-0.5390 0.4681 0.0126
-0.7749 0.4119 0.0252
-0.9062 0.1618 0.0464
-1.9302 0.4237 0.3675
-1.9816 0.3588 0.4217
-1.9936 0.2601 0.4906
-2.0726 0.3178 0.4582
-2.1301 0.2584 0.4940
-2.0671 0.2047 0.5349
-1.9876 0.1626 0.5510
-2.0413 0.0947 0.5980
-2.1200 0.1356 0.5736
-2.1798 0.1959 0.5223
-2.2546 0.1507 0.5140
-2.1954 0.0857 0.5783
-2.2761 0.0442 0.5497
-2.2032 -0.0158 0.6149
-4.6006 4.0299 0.0000
-0.1923 1.7261 0.0000
-0.4459 1.6630 0.0001
-3.5152 3.7062 0.0000
-3.7864 3.7611 0.0000
1.2982 -1.6967 0.0003
1.1021 -1.8273 0.0001
4.1247 -3.5783 0.0000
3.8687 -3.6792 0.0000
4.5025 -4.2464 0.0000
4.3940 -4.5153 0.0000
-3.7486 4.5327 0.0000
3.1874 1.5006 0.0001
-0.3941 2.7220 0.0000
-0.4662 2.4549 0.0000
3.5655 4.7593 0.0000
3.2627 4.7644 0.0000
-0.7929 1.8786 0.0000
-1.0306 1.7978 0.0001
3.1843 -1.4025 0.0001
3.0016 -1.6639 0.0002
-0.6535 3.4808 0.0000
-0.8351 3.2322 0.0000
-0.9542 3.5083 0.0000
-1.1441 3.2937 0.0000
-1.0390 3.0461 0.0000
2.7982 2.4467 0.0000
2.5493 2.5542 0.0000
4.1511 -2.4592 0.0000
3.9437 -2.6460 0.0000
-3.5144 -4.0634 0.0000
-3.7731 -4.1531 0.0000
-3.5595 -4.3404 0.0000
-3.7855 -4.4763 0.0000
-4.0764 -4.5285 0.0000
-4.4987 1.9556 0.0000
-4.7480 1.9604 0.0000
1.8943 0.8423 0.0123
1.7122 0.6758 0.0136
1.3027 2.1982 0.0000
0.9670 1.9215 0.0000
-0.0811 -1.4948 0.0001
-2.8708 -1.8150 0.0002
-3.1642 -1.7947 0.0000
2.5485 2.2706 0.0000
2.3259 2.0969 0.0002
2.0922 2.0180 0.0003
