5.0000 5.0000 0.0000
0.0000 5.0000 0.0000
2.5000 5.0000 0.0000
3.7500 5.0000 0.0000
4.3750 5.0000 0.0000
4.6875 5.0000 0.0000
4.0625 5.0000 0.0000
3.1250 5.0000 0.0000
3.4375 5.0000 0.0000
2.8125 5.0000 0.0000
1.2500 5.0000 0.0000
1.8750 5.0000 0.0000
2.1875 5.0000 0.0000
1.5625 5.0000 0.0000
0.6250 5.0000 0.0000
0.9375 5.0000 0.0000
0.3125 5.0000 0.0000
-2.5000 5.0000 0.0000
-1.2500 5.0000 0.0000
-0.6250 5.0000 0.0000
-0.3125 5.0000 0.0000
-0.9375 5.0000 0.0000
-1.8750 5.0000 0.0000
-1.5625 5.0000 0.0000
-2.1875 5.0000 0.0000
-3.7500 5.0000 0.0000
-3.1250 5.0000 0.0000
-2.8125 5.0000 0.0000
-3.4375 5.0000 0.0000
-4.3750 5.0000 0.0000
-4.0625 5.0000 0.0000
-4.6875 5.0000 0.0000
5.0000 -5.0000 0.0000
5.0000 0.0000 0.0000
5.0000 -2.5000 0.0000
5.0000 -3.7500 0.0000
5.0000 -4.3750 0.0000
5.0000 -4.6875 0.0000
5.0000 -4.0625 0.0000
5.0000 -3.1250 0.0000
5.0000 -3.4375 0.0000
5.0000 -2.8125 0.0000
5.0000 -1.2500 0.0000
5.0000 -1.8750 0.0000
5.0000 -2.1875 0.0000
5.0000 -1.5625 0.0000
5.0000 -0.6250 0.0000
5.0000 -0.9375 0.0000
5.0000 -0.3125 0.0000
5.0000 2.5000 0.0000
5.0000 1.2500 0.0000
5.0000 0.6250 0.0000
5.0000 0.3125 0.0000
5.0000 0.9375 0.0000
5.0000 1.8750 0.0000
5.0000 1.5625 0.0000
5.0000 2.1875 0.0000
5.0000 3.7500 0.0000
5.0000 3.1250 0.0000
5.0000 2.8125 0.0000
5.0000 3.4375 0.0000
5.0000 4.3750 0.0000
5.0000 4.0625 0.0000
5.0000 4.6875 0.0000
-5.0000 -5.0000 0.0000
0.0000 -5.0000 0.0000
-2.5000 -5.0000 0.0000
-3.7500 -5.0000 0.0000
-4.3750 -5.0000 0.0000
-4.6875 -5.0000 0.0000
-4.0625 -5.0000 0.0000
-3.1250 -5.0000 0.0000
-3.4375 -5.0000 0.0000
-2.8125 -5.0000 0.0000
-1.2500 -5.0000 0.0000
-1.8750 -5.0000 0.0000
-2.1875 -5.0000 0.0000
-1.5625 -5.0000 0.0000
-0.6250 -5.0000 0.0000
-0.9375 -5.0000 0.0000
-0.3125 -5.0000 0.0000
2.5000 -5.0000 0.0000
1.2500 -5.0000 0.0000
0.6250 -5.0000 0.0000
0.3125 -5.0000 0.0000
0.9375 -5.0000 0.0000
1.8750 -5.0000 0.0000
1.5625 -5.0000 0.0000
2.1875 -5.0000 0.0000
3.7500 -5.0000 0.0000
3.1250 -5.0000 0.0000
2.8125 -5.0000 0.0000
3.4375 -5.0000 0.0000
4.3750 -5.0000 0.0000
4.0625 -5.0000 0.0000
4.6875 -5.0000 0.0000
-5.0000 5.0000 0.0000
-5.0000 0.0000 0.0000
-5.0000 2.5000 0.0000
-5.0000 3.7500 0.0000
-5.0000 4.3750 0.0000
-5.0000 4.6875 0.0000
-5.0000 4.0625 0.0000
-5.0000 3.1250 0.0000
-5.0000 3.4375 0.0000
-5.0000 2.8125 0.0000
-5.0000 1.2500 0.0000
-5.0000 1.8750 0.0000
-5.0000 2.1875 0.0000
-5.0000 1.5625 0.0000
-5.0000 0.6250 0.0000
-5.0000 0.9375 0.0000
-5.0000 0.3125 0.0000
-5.0000 -2.5000 0.0000
-5.0000 -1.2500 0.0000
-5.0000 -0.6250 0.0000
-5.0000 -0.3125 0.0000
-5.0000 -0.9375 0.0000
-5.0000 -1.8750 0.0000
-5.0000 -1.5625 0.0000
-5.0000 -2.1875 0.0000
-5.0000 -3.7500 0.0000
-5.0000 -3.1250 0.0000
-5.0000 -2.8125 0.0000
-5.0000 -3.4375 0.0000
-5.0000 -4.3750 0.0000
-5.0000 -4.0625 0.0000
-5.0000 -4.6875 0.0000
0.6508 3.4702 0.0000
-3.4370 -3.8408 0.0000
-3.7111 -3.9312 0.0000
4.5127 -4.3136 0.0000
-4.5055 2.5407 0.0000
-4.5040 2.2260 0.0000
-4.7473 2.4033 0.0000
-4.7833 2.1573 0.0000
-4.6782 1.9486 0.0000
4.7651 1.7335 0.0000
4.5166 1.8605 0.0000
4.5105 1.6042 0.0000
4.0349 2.5156 0.0000
3.7506 2.5617 0.0000
-1.8443 1.2098 0.0193
-2.0567 1.1479 0.0404
-2.1079 0.9827 0.0874
-2.1638 0.8982 0.1236
-2.2265 1.0795 0.0626
-2.2150 0.9654 0.0993
-2.2830 0.9164 0.1176
3.4794 -1.9265 0.0000
3.0587 -4.5077 0.0000
3.6223 3.5303 0.0000
3.4858 3.7524 0.0000
3.2834 3.5581 0.0000
1.4988 -4.5026 0.0000
-4.2228 4.2550 0.0000
-4.0746 4.0144 0.0000
-4.4896 3.7201 0.0000
3.4491 -2.4276 0.0000
-2.9864 -4.7393 0.0000
-2.6400 3.5132 0.0000
-3.1259 4.4940 0.0000
-1.2906 3.9972 0.0000
1.1214 -0.3012 0.0126
0.9792 -0.4808 0.0058
-0.1425 -2.0751 0.0000
-0.2611 -2.3267 0.0000
-0.5471 -2.3223 0.0000
-1.5093 0.8122 0.0356
-1.6896 0.6975 0.0908
-4.7815 -4.7817 0.0000
-1.1152 2.6028 0.0000
3.9327 -4.7391 0.0000
2.6426 -4.7590 0.0000
2.3370 -4.7700 0.0000
1.2618 1.7853 0.0001
3.0462 -0.8846 0.0014
-2.6888 -0.6664 0.0921
-2.4876 -0.6633 0.1840
-2.5775 -0.6848 0.1359
-2.6328 -0.7824 0.0844
3.5584 -2.6897 0.0000
3.2823 -2.6702 0.0000
3.0680 -2.8703 0.0000
-3.2737 -4.7823 0.0000
0.5222 4.5235 0.0000
-1.5665 2.9748 0.0000
-1.6530 2.7007 0.0000
2.5292 0.4726 0.1123
2.5533 0.3932 0.1199
2.4729 0.3795 0.1505
2.4782 0.2923 0.1666
2.3916 0.3464 0.1813
2.6427 0.3330 0.0950
2.5644 0.3097 0.1299
2.5679 0.2306 0.1396
2.4806 0.2005 0.1807
-0.4101 -2.0611 0.0000
-0.6678 -2.0269 0.0000
-0.7960 -2.2526 0.0000
-0.8783 -2.4941 0.0000
-2.9431 0.6785 0.0155
-3.2089 0.6479 0.0008
-3.0875 0.4504 0.0061
-4.1651 -3.7807 0.0000
-4.2891 -3.9973 0.0000
0.8518 -4.1077 0.0000
-2.9711 4.7417 0.0000
2.3777 -1.1946 0.0137
2.5418 -1.4316 0.0028
-0.5112 -3.2445 0.0000
3.7033 2.0586 0.0000
3.5175 1.8641 0.0000
3.6032 1.5681 0.0000
-3.4740 -1.2689 0.0000
3.7535 -4.5465 0.0000
3.5886 -4.7515 0.0000
4.3207 4.2458 0.0000
4.1169 4.1056 0.0000
-2.9097 2.1862 0.0000
4.5256 3.4433 0.0000
1.6636 -0.7459 0.0307
1.5220 -0.9529 0.0090
1.0662 -1.1664 0.0007
-2.6759 4.7633 0.0000
-2.8053 4.4768 0.0000
2.0067 -4.3775 0.0000
0.7481 -3.1830 0.0000
0.5937 -3.4062 0.0000
1.6685 1.0934 0.0081
-2.5102 -0.0767 0.3952
-2.6084 -0.0767 0.2940
-2.5688 -0.1580 0.3238
-2.6758 -0.1558 0.2176
-2.6134 -0.2403 0.2623
-2.4692 -0.1573 0.4186
-2.5139 -0.2363 0.3566
-2.5563 -0.3162 0.2925
-2.6594 -0.3326 0.1987
-2.6813 -0.4224 0.1590
-2.7667 -0.3826 0.1097
-2.7787 -0.1997 0.1252
-2.7041 -0.2451 0.1788
-2.7551 -0.3045 0.1296
-2.8375 -0.2733 0.0810
-2.7511 -0.4786 0.1022
-3.0348 -0.6565 0.0076
-3.3374 -0.7458 0.0001
1.9490 0.0961 0.1918
1.9143 -0.0048 0.1829
1.9636 -0.0866 0.1959
1.8564 0.0728 0.1623
1.8172 -0.0189 0.1496
1.8688 -0.0972 0.1636
1.7638 -0.1068 0.1283
1.9190 -0.1867 0.1715
1.8216 -0.1790 0.1408
1.7518 -0.2165 0.1152
1.6997 1.4056 0.0021
1.4477 1.2974 0.0020
1.3888 1.0211 0.0048
0.9892 3.8627 0.0000
-2.8646 3.4622 0.0000
-2.6447 3.2044 0.0000
-2.9297 3.1897 0.0000
-4.0305 4.5011 0.0000
2.4013 -4.0091 0.0000
2.2778 -4.2777 0.0000
2.4702 -4.5203 0.0000
-0.6645 -0.8824 0.0010
-1.4818 -4.5139 0.0000
-1.6914 -4.7180 0.0000
0.8715 3.3081 0.0000
-3.4301 1.6035 0.0000
-3.7050 1.5288 0.0000
-0.3692 -4.5250 0.0000
-1.8416 0.2860 0.2926
-1.7542 0.2318 0.2510
-1.8305 0.1858 0.3129
-1.9202 0.2221 0.3663
-1.9143 0.1332 0.3851
-1.7442 0.1212 0.2653
-1.8374 0.0955 0.3345
-1.8811 0.0221 0.3740
-1.9986 0.1338 0.4446
-1.9600 0.0532 0.4308
-2.0369 0.0121 0.4858
-2.0688 0.0981 0.4952
-1.9413 -0.0515 0.4184
-2.0279 -0.0841 0.4746
-2.1426 0.0299 0.5372
-2.1035 -0.0578 0.5194
-2.1372 -0.1417 0.5168
-2.1911 -0.0601 0.5469
-2.2097 -0.1714 0.5234
-2.2549 -0.1064 0.5413
-2.3397 -0.1384 0.5104
-2.2894 -0.2081 0.5041
-2.4025 -0.1939 0.4588
-2.3544 -0.2612 0.4591
0.1888 -3.1202 0.0000
0.0455 -3.3458 0.0000
-0.0596 -3.5568 0.0000
-1.5777 0.3460 0.1351
-1.5948 0.4411 0.1219
-1.6517 0.3489 0.1666
-1.7512 0.3399 0.2207
-1.6763 0.2784 0.1950
-0.3801 -2.5831 0.0000
-0.5375 -2.8350 0.0000
3.8432 4.2087 0.0000
3.6628 3.9885 0.0000
4.2800 -2.5464 0.0000
-0.3464 -3.9664 0.0000
-0.4097 -4.2491 0.0000
-0.6760 -4.3219 0.0000
-1.4941 0.4021 0.0959
-1.6221 0.5296 0.1114
-1.7073 0.5044 0.1501
-1.6811 0.4197 0.1625
-1.7729 0.4457 0.1988
-1.8331 0.3874 0.2520
2.1885 -2.2358 0.0000
2.0077 -2.4784 0.0000
1.0022 -3.6741 0.0000
0.9380 -3.8996 0.0000
0.2703 0.4403 0.0024
0.0020 0.3886 0.0025
-0.7730 0.3942 0.0086
-1.0201 0.3742 0.0198
-0.7260 -1.1693 0.0003
-2.3561 -1.3307 0.0157
-1.2518 -3.1452 0.0000
-0.4600 1.4949 0.0000
-0.6716 1.3725 0.0001
3.1449 2.6397 0.0000
2.9620 2.4048 0.0000
3.3930 4.0356 0.0000
3.0960 4.0520 0.0000
3.2152 3.8308 0.0000
3.0154 3.6883 0.0000
3.3414 -3.6516 0.0000
3.1350 -3.8145 0.0000
2.2873 0.7928 0.0739
2.2882 0.6721 0.1051
2.2063 0.6426 0.1152
2.1851 0.7304 0.0903
2.1240 0.6268 0.1158
2.0496 0.5832 0.1197
2.0013 0.5167 0.1296
1.9328 0.4685 0.1271
1.4680 3.8354 0.0000
2.8734 -2.3946 0.0000
3.0133 -2.6040 0.0000
2.7999 -2.7173 0.0000
-2.3887 -1.0129 0.0705
-2.4990 -1.1410 0.0331
-2.7308 -1.1935 0.0105
-2.8657 -1.4589 0.0011
-2.6015 -1.4032 0.0061
-3.0810 -1.5737 0.0001
-0.3304 4.4995 0.0000
-4.3683 0.1656 0.0000
-4.4986 -0.0366 0.0000
-4.7624 1.3682 0.0000
-1.0271 -1.2191 0.0007
-1.1134 -1.5008 0.0002
4.4662 -2.3381 0.0000
3.9385 -1.7225 0.0000
3.8147 -1.4577 0.0000
3.6502 -1.7054 0.0000
3.7737 -1.9622 0.0000
-3.2792 4.7490 0.0000
-1.2960 1.2510 0.0023
-1.3731 0.9926 0.0108
-1.8724 1.9417 0.0002
1.7370 2.9966 0.0000
1.5643 2.7856 0.0000
1.6513 2.5143 0.0000
1.3686 2.5751 0.0000
1.3759 2.3369 0.0000
-1.2560 -2.0733 0.0000
-1.3395 -2.3704 0.0000
-1.6106 -2.4626 0.0000
-2.6357 -3.5898 0.0000
-2.8481 -3.7277 0.0000
-3.7723 1.2480 0.0000
-3.8336 0.9295 0.0000
2.3227 4.7730 0.0000
2.2592 4.5046 0.0000
1.9906 4.4098 0.0000
3.9069 -2.2243 0.0000
-3.8879 -3.7242 0.0000
-4.5506 -2.8309 0.0000
-4.7695 -2.9799 0.0000
-4.5117 -3.1209 0.0000
-4.7641 -3.2811 0.0000
-2.8547 -3.3716 0.0000
-4.7407 0.1394 0.0000
-4.7533 -0.1677 0.0000
-3.8866 0.2339 0.0000
-4.1863 0.3814 0.0000
4.7581 -2.7024 0.0000
4.7321 -2.9749 0.0000
-1.9681 0.7361 0.1600
-2.0630 0.7640 0.1708
-2.1749 0.7798 0.1795
-2.1284 0.7043 0.2138
-2.2194 0.6917 0.2299
-2.0364 0.6689 0.2118
-2.1190 0.5299 0.3139
-2.1112 0.6163 0.2603
-2.1879 0.6135 0.2745
-2.2169 0.5358 0.3251
-2.8697 3.9690 0.0000
2.0932 3.3551 0.0000
2.2257 3.1221 0.0000
2.0275 2.9688 0.0000
1.8614 2.7170 0.0000
1.0530 4.1640 0.0000
0.7587 4.0455 0.0000
-3.2532 2.7361 0.0000
-3.5224 2.7226 0.0000
3.3752 -2.9475 0.0000
3.1543 -3.1450 0.0000
3.0188 -3.6002 0.0000
-1.9328 0.8852 0.0949
-1.9727 0.9937 0.0690
-2.0516 0.8982 0.1111
-2.0001 0.8271 0.1297
-2.1101 0.8347 0.1459
-1.8159 0.8777 0.0740
-1.8966 0.7919 0.1185
4.7576 2.3398 0.0000
-2.2621 0.4539 0.3765
-2.3638 0.3305 0.4221
-2.2815 0.6219 0.2691
-2.3174 0.5338 0.3178
-2.3598 0.4357 0.3650
-2.4078 0.5267 0.2925
-2.4610 0.4598 0.3011
-2.4421 0.3762 0.3552
-2.5262 0.3578 0.3022
-2.6188 0.3508 0.2276
-2.4580 0.2771 0.3889
-2.5606 0.2709 0.3035
-2.5256 0.1907 0.3590
-2.6111 0.1737 0.2783
-2.6525 0.2584 0.2216
-2.6785 0.0930 0.2213
-2.7084 0.1756 0.1849
-2.7737 0.1007 0.1362
-2.8794 0.0593 0.0686
-2.5854 0.0902 0.3169
-2.6447 0.0101 0.2591
-2.7026 -0.0627 0.1999
-2.7432 0.0158 0.1643
-2.7712 -0.1107 0.1377
-2.8203 -0.0324 0.1043
-2.9226 -0.1418 0.0474
-2.8167 -4.0140 0.0000
-2.7436 -4.2653 0.0000
-1.2396 1.5086 0.0004
2.5087 3.1614 0.0000
2.9047 -4.2553 0.0000
2.7673 -4.5068 0.0000
1.4919 -4.7403 0.0000
1.2744 -4.7668 0.0000
-3.7144 3.5095 0.0000
2.3188 -1.9805 0.0001
-1.0756 -3.5931 0.0000
-1.3498 -3.7292 0.0000
1.3716 -3.2912 0.0000
1.1595 -3.4705 0.0000
-3.4355 -1.5549 0.0000
1.1300 2.3047 0.0000
1.7333 -1.4802 0.0015
2.9460 -4.7570 0.0000
-0.8750 3.2848 0.0000
-1.1002 3.0984 0.0000
-1.0686 2.8324 0.0000
4.7824 4.7873 0.0000
4.7628 4.5190 0.0000
4.5397 4.3909 0.0000
2.1865 -4.5429 0.0000
-1.9705 2.7341 0.0000
-1.8415 2.4684 0.0000
-2.1443 2.5121 0.0000
-4.2424 -3.0613 0.0000
0.4641 -3.1455 0.0000
0.3013 -3.4107 0.0000
0.1858 -3.6798 0.0000
3.7211 1.3064 0.0000
3.5508 1.1125 0.0000
3.3693 0.9563 0.0000
-3.9891 -2.9598 0.0000
-2.2775 -2.0756 0.0001
-2.5584 -2.1324 0.0000
0.4581 -1.6686 0.0000
1.6326 2.2230 0.0000
1.5169 1.8789 0.0001
-2.4687 0.9536 0.0807
-2.3737 0.9139 0.1102
-2.4290 0.8420 0.1287
-2.4897 0.7720 0.1401
-2.5305 0.8539 0.0978
-2.6294 0.8104 0.0794
-2.6377 0.6824 0.1111
-2.7424 0.7443 0.0558
-0.6264 -0.6108 0.0028
3.4864 2.5400 0.0000
3.5858 2.2968 0.0000
-0.5022 4.2636 0.0000
-0.6554 4.0170 0.0000
-3.7660 -4.2187 0.0000
-4.0280 -4.2893 0.0000
-3.7976 -4.5031 0.0000
-4.0760 -4.5346 0.0000
1.9017 -4.1716 0.0000
1.6532 -4.2725 0.0000
2.0240 -2.9617 0.0000
-1.0868 1.0775 0.0025
-1.1844 0.8110 0.0113
3.2387 -4.3698 0.0000
1.7538 2.0035 0.0001
1.7486 1.7111 0.0005
1.4867 1.5921 0.0005
-3.5524 0.2340 0.0000
-3.6682 -0.0175 0.0000
-3.9436 -0.0857 0.0000
0.1537 -0.4651 0.0010
0.0324 -0.7183 0.0006
4.7483 3.9028 0.0000
4.4862 3.7429 0.0000
-3.2255 -1.1040 0.0002
-3.2172 -1.3898 0.0000
3.3782 -3.9379 0.0000
3.4323 -4.2046 0.0000
3.1487 -4.1192 0.0000
-3.2873 -4.5573 0.0000
-3.5780 -4.7259 0.0000
-3.8986 -4.7632 0.0000
0.1338 3.1266 0.0000
-0.1247 3.0699 0.0000
-0.3712 2.9761 0.0000
-0.3277 2.7040 0.0000
2.4577 4.1621 0.0000
-2.4972 -1.8701 0.0003
3.3796 2.0916 0.0000
3.1901 1.8703 0.0000
2.6922 2.9369 0.0000
-4.0166 1.9864 0.0000
-4.1592 1.7737 0.0000
-4.2830 1.5504 0.0000
-0.0598 2.5527 0.0000
-0.3262 2.4145 0.0000
-4.2642 -4.2493 0.0000
-4.3414 -4.5151 0.0000
-4.2138 -4.7704 0.0000
-4.5128 -4.7263 0.0000
3.5675 4.2677 0.0000
3.2732 4.2846 0.0000
-1.4007 4.7550 0.0000
1.0163 1.6815 0.0001
0.7540 1.6187 0.0000
-3.1618 -3.3656 0.0000
-1.6421 3.2590 0.0000
-1.8082 2.9363 0.0000
2.9826 4.2789 0.0000
-2.7516 -4.5403 0.0000
2.9523 2.8861 0.0000
2.8292 2.6548 0.0000
-3.7060 2.9603 0.0000
-3.9548 3.0293 0.0000
0.4707 0.2438 0.0024
0.3973 -0.0265 0.0022
-4.2255 -1.0877 0.0000
-4.5035 4.2421 0.0000
0.8345 2.3995 0.0000
4.0510 1.7198 0.0000
-0.1821 4.7463 0.0000
-0.4881 -1.3163 0.0001
-0.5858 -1.5585 0.0000
-3.1114 1.9777 0.0000
-3.4244 0.5088 0.0000
-3.7083 0.4525 0.0000
-3.6509 0.7228 0.0000
-3.9406 0.5959 0.0000
-1.5593 4.5075 0.0000
-1.5766 4.0661 0.0000
0.0036 -4.5421 0.0000
-0.1714 -4.7415 0.0000
-0.0977 0.1420 0.0031
-0.2148 -0.0900 0.0032
-0.3136 -0.2692 0.0029
1.1788 4.4219 0.0000
0.9439 4.5186 0.0000
0.8447 4.3088 0.0000
2.6613 -2.9066 0.0000
2.4996 -3.0764 0.0000
2.3124 -2.9417 0.0000
2.1964 -3.1817 0.0000
4.7398 1.4295 0.0000
4.4584 1.3520 0.0000
4.0880 0.2218 0.0000
-4.0209 -3.2453 0.0000
-4.2934 -3.3271 0.0000
-1.0766 1.6726 0.0001
-2.7774 -1.9956 0.0000
-2.4218 -1.5996 0.0028
1.9045 3.2111 0.0000
1.6455 3.2896 0.0000
1.4534 3.0648 0.0000
2.7405 4.1903 0.0000
-4.1493 -2.4871 0.0000
2.7635 0.8959 0.0133
2.6384 0.7415 0.0402
2.4900 0.6596 0.0818
2.4639 0.5473 0.1133
2.4384 0.4526 0.1432
2.2645 3.9313 0.0000
3.0240 1.0055 0.0014
-0.9490 4.0437 0.0000
3.1959 0.7906 0.0005
2.9400 0.7138 0.0070
-2.3674 3.0939 0.0000
-2.5420 2.8797 0.0000
-2.7193 2.6548 0.0000
-2.7711 2.4187 0.0000
-4.7712 -4.2157 0.0000
0.4318 1.9712 0.0000
2.0156 -0.8661 0.0497
1.7931 -0.9610 0.0209
2.0140 -1.0561 0.0230
1.8725 -1.2422 0.0073
1.6260 -1.1986 0.0044
1.4690 -1.4415 0.0008
-3.7745 -1.7203 0.0000
-4.0274 -1.8403 0.0000
-4.2724 -1.9797 0.0000
0.6538 4.3753 0.0000
0.2993 4.3478 0.0000
0.0553 4.2227 0.0000
-0.6330 2.3251 0.0000
-0.6473 1.9467 0.0000
-0.8067 2.1419 0.0000
-0.9175 1.8851 0.0000
-4.4990 -0.9425 0.0000
-4.4933 -1.2360 0.0000
-2.4359 -4.7168 0.0000
2.3172 0.9618 0.0395
2.1249 0.8707 0.0547
1.9575 0.7817 0.0588
2.0858 0.7097 0.0897
1.9978 0.6526 0.0937
1.9411 0.5830 0.1014
1.8353 0.6627 0.0644
-2.4924 -2.8186 0.0000
-1.9027 -2.5515 0.0000
-0.6946 -3.0467 0.0000
-0.7883 -3.3312 0.0000
-1.0454 -3.3418 0.0000
-1.5796 -3.5338 0.0000
-4.7478 4.2090 0.0000
-4.7142 3.9227 0.0000
-4.7600 3.6074 0.0000
4.0175 -2.4940 0.0000
-2.2973 4.4212 0.0000
-2.5252 4.2960 0.0000
-2.7500 4.1862 0.0000
-3.4254 3.4865 0.0000
-0.0680 -0.3567 0.0015
-0.1717 -0.5896 0.0009
-0.3803 -0.7646 0.0006
-0.1569 -0.9395 0.0003
-0.4312 -1.0492 0.0003
0.6891 0.0535 0.0037
-1.5379 3.7909 0.0000
-1.8781 3.7000 0.0000
-0.8741 -0.4045 0.0109
-1.1006 -0.5077 0.0190
-1.2879 -0.4929 0.0389
-1.0907 2.1412 0.0000
-1.2391 1.8995 0.0000
4.0055 -4.4338 0.0000
-1.7776 0.6657 0.1263
-1.8549 0.6043 0.1769
-1.8326 0.5050 0.2066
-1.9253 0.5427 0.2337
-1.9939 0.4837 0.2946
-2.0731 0.4561 0.3433
-2.1701 0.4466 0.3766
-1.9987 0.3893 0.3456
-2.1019 0.3665 0.4052
2.1640 3.6268 0.0000
-2.0692 -3.4243 0.0000
-2.1246 -3.7107 0.0000
-1.9792 -4.2128 0.0000
-2.2164 -3.9967 0.0000
-1.6462 3.5645 0.0000
0.4606 4.7857 0.0000
0.2626 4.6179 0.0000
-1.0719 -2.2835 0.0000
-1.1267 -2.5849 0.0000
2.6158 3.4331 0.0000
2.3506 3.4002 0.0000
-2.4147 1.8056 0.0007
1.2795 2.8356 0.0000
1.0962 2.5735 0.0000
-4.5212 -4.3418 0.0000
3.7525 0.9782 0.0000
3.5512 0.7812 0.0000
0.7101 3.7515 0.0000
0.4790 3.8827 0.0000
3.6813 -0.4332 0.0000
2.8735 -3.0482 0.0000
2.6970 -3.2306 0.0000
2.4379 -3.3335 0.0000
2.4499 -3.6207 0.0000
2.7741 2.1707 0.0000
2.5826 1.9696 0.0001
-1.8212 -2.2854 0.0000
-2.0505 -2.2091 0.0000
3.3628 0.5937 0.0001
3.0998 0.4904 0.0026
2.8626 0.3864 0.0252
2.8223 0.1496 0.0425
2.7200 0.2785 0.0707
2.6417 0.2272 0.1071
2.6698 0.1455 0.1006
-3.0835 -2.0401 0.0000
-1.0959 4.7556 0.0000
-2.7667 -3.0898 0.0000
-1.5165 -1.0812 0.0120
-1.7675 -1.1282 0.0215
0.3473 -0.9314 0.0004
0.1051 -0.9741 0.0003
0.0907 -1.2152 0.0001
1.4623 4.7412 0.0000
1.2502 4.6575 0.0000
4.3241 -2.0051 0.0000
-0.9578 0.6189 0.0092
3.4321 1.3499 0.0000
3.2379 1.1689 0.0001
4.7365 2.0513 0.0000
1.8651 0.5319 0.0972
1.7329 0.5299 0.0684
1.9006 0.3785 0.1385
1.8345 0.4418 0.1085
1.7701 0.3903 0.1007
1.6471 0.4046 0.0677
1.7364 0.3003 0.1045
1.6175 0.2580 0.0766
0.9581 0.1233 0.0081
0.7464 0.3243 0.0036
2.8779 3.9410 0.0000
3.5625 -0.7234 0.0000
2.8060 4.5039 0.0000
3.9676 3.5708 0.0000
0.9315 1.8956 0.0000
0.6256 3.1727 0.0000
0.3906 3.0012 0.0000
0.4373 2.7145 0.0000
0.2934 -4.5125 0.0000
0.1495 -4.7673 0.0000
-1.5430 2.4221 0.0000
-1.7154 2.1943 0.0000
4.4079 2.9373 0.0000
4.2473 2.7256 0.0000
0.3848 -3.8922 0.0000
-0.0618 -3.8452 0.0000
1.7676 0.8468 0.0289
1.5577 0.8190 0.0166
-1.5336 -0.0486 0.1518
-1.5832 -0.1395 0.1711
-1.6852 -0.1438 0.2274
-1.7342 -0.2257 0.2443
-1.6320 -0.2223 0.1865
-1.6794 -0.3014 0.1969
-1.7143 -0.3806 0.1954
-1.7788 -0.3100 0.2506
-1.8085 -0.4030 0.2374
-1.8733 -0.3193 0.3058
-1.9091 -0.4068 0.2911
-1.8489 -0.4815 0.2279
-1.9412 -0.4991 0.2637
-2.0380 -0.5034 0.3027
-1.9757 -0.5875 0.2330
-2.0688 -0.5893 0.2628
-2.1502 -0.6288 0.2569
-4.5441 3.4347 0.0000
-4.7584 3.2839 0.0000
-4.5591 3.1064 0.0000
-4.3758 3.2321 0.0000
-4.5019 2.8450 0.0000
-4.7740 2.9694 0.0000
-4.7526 2.6836 0.0000
1.0823 -1.7582 0.0000
0.8716 -1.8543 0.0000
4.2924 3.9251 0.0000
4.1263 3.7685 0.0000
2.4303 -1.7076 0.0008
-2.2349 1.5129 0.0059
-2.2820 1.2706 0.0242
-2.3424 1.0186 0.0770
-2.4665 1.1214 0.0399
-1.9792 -4.4904 0.0000
-2.2210 -4.5223 0.0000
1.1222 0.9403 0.0027
0.8557 0.8702 0.0020
4.2756 0.7947 0.0000
4.0166 0.8929 0.0000
-0.6572 0.0998 0.0081
-0.8879 0.1485 0.0158
-1.1186 0.1724 0.0354
2.1397 -1.2451 0.0112
2.0024 -1.4944 0.0026
-0.8257 -0.1332 0.0126
-1.0574 -0.0426 0.0292
-1.2465 0.0373 0.0590
-1.3581 -0.0347 0.0868
-1.4427 -0.0773 0.1137
-1.2497 -0.1399 0.0570
-1.3808 -0.1567 0.0901
-1.4886 -0.1521 0.1280
-1.5344 -0.2302 0.1398
-1.0894 -0.2734 0.0272
0.8189 -0.6963 0.0021
0.1596 2.8110 0.0000
-0.0925 2.8352 0.0000
-0.4820 4.7528 0.0000
-0.6410 4.5120 0.0000
-3.5774 1.0368 0.0000
4.2271 -3.0508 0.0000
-3.0614 -3.8802 0.0000
-3.2540 -4.0238 0.0000
0.1882 1.5186 0.0000
-3.8988 -2.3269 0.0000
-2.0282 1.3946 0.0102
-4.7253 0.7710 0.0000
-4.7573 0.4640 0.0000
0.2063 -2.5697 0.0000
4.5440 0.3387 0.0000
4.3563 0.1836 0.0000
-1.7853 0.0218 0.3028
-1.7386 -0.0634 0.2693
-1.7856 -0.1456 0.2929
-1.8339 -0.2297 0.3085
-1.8379 -0.0615 0.3403
-1.9691 -0.1528 0.4226
-1.8820 -0.1438 0.3623
-1.9300 -0.2359 0.3722
-2.0565 -0.1676 0.4731
-2.0218 -0.2491 0.4253
-1.9698 -0.3279 0.3614
-2.0705 -0.3338 0.4111
-2.0056 -0.4155 0.3375
-2.1951 -0.4487 0.3778
-2.1030 -0.4251 0.3724
-2.1360 -0.5202 0.3224
-2.2099 -0.5660 0.3028
-4.5430 -3.4312 0.0000
-4.7401 -3.6054 0.0000
4.2166 -0.0856 0.0000
3.9550 -0.2575 0.0000
-3.9703 -1.2471 0.0000
-3.9974 -1.5410 0.0000
0.6852 1.8727 0.0000
0.4674 1.6310 0.0000
-3.8973 3.7728 0.0000
-4.1971 3.7666 0.0000
-4.2789 3.5032 0.0000
-1.8799 -0.9526 0.0652
-2.0225 -0.9529 0.0845
-2.1429 -1.0253 0.0716
-2.2643 -1.1134 0.0501
-4.2413 -1.3830 0.0000
-4.5039 -1.5334 0.0000
-3.1118 -0.8985 0.0015
-3.4534 -0.9834 0.0000
4.7543 4.2116 0.0000
4.5127 4.0656 0.0000
-3.2635 -2.8940 0.0000
-3.3169 -3.1719 0.0000
4.2754 2.4275 0.0000
3.8957 2.2856 0.0000
3.6808 2.8374 0.0000
3.4151 2.7414 0.0000
3.2163 2.9250 0.0000
4.7336 1.1665 0.0000
4.7725 0.9349 0.0000
2.7729 0.5870 0.0310
2.5884 0.5653 0.0771
2.6572 0.4373 0.0761
0.7347 -0.4156 0.0031
0.5936 -0.1940 0.0028
0.4302 -0.3972 0.0016
0.2508 -0.2143 0.0016
-2.3481 -3.5098 0.0000
-2.3913 -3.7862 0.0000
-2.6057 -3.8931 0.0000
-2.4907 -4.1221 0.0000
-1.6912 0.8119 0.0648
-1.8003 0.7558 0.1048
-1.8754 0.6977 0.1474
-1.9496 0.6351 0.2000
-2.0271 0.5670 0.2633
-0.0941 -2.5737 0.0000
-0.2289 -2.8316 0.0000
-0.3651 -3.0548 0.0000
3.3258 -2.1616 0.0000
3.1720 -2.3929 0.0000
2.9204 -3.9473 0.0000
2.6943 -4.0416 0.0000
2.5805 -4.2724 0.0000
1.3236 0.7360 0.0097
4.3182 3.2491 0.0000
0.6434 2.1599 0.0000
-0.7904 4.7546 0.0000
4.5266 2.3510 0.0000
4.4536 2.1304 0.0000
-1.3818 0.6727 0.0355
-1.5090 0.5295 0.0783
-1.5771 0.6524 0.0723
-1.6865 0.6017 0.1148
-1.7685 0.5693 0.1549
0.4205 3.6015 0.0000
0.3886 3.3009 0.0000
-2.4451 -0.2809 0.3963
-2.4801 -0.3669 0.3330
-2.5824 -0.4069 0.2384
-2.6307 -0.4883 0.1750
-2.6858 -0.5519 0.1224
-2.8176 -0.5868 0.0550
-2.8160 -0.7865 0.0322
2.5299 4.4130 0.0000
2.2320 4.2444 0.0000
4.7548 3.6037 0.0000
4.7702 3.2964 0.0000
-4.7590 4.7570 0.0000
4.2632 3.5454 0.0000
4.0604 3.3000 0.0000
0.5915 -0.8842 0.0007
-3.1581 -2.3136 0.0000
4.7631 -3.6006 0.0000
4.6137 2.8246 0.0000
0.5594 -1.4019 0.0001
-0.1884 2.1915 0.0000
-0.4479 2.1316 0.0000
-0.0865 1.4357 0.0001
-0.8118 3.7862 0.0000
-0.8395 3.5502 0.0000
-4.1468 0.0910 0.0000
-3.7533 -2.8298 0.0000
1.8637 -0.4466 0.1110
1.7894 -0.4749 0.0880
1.8952 -0.5263 0.1022
1.8432 -0.5939 0.0780
1.7277 -0.5714 0.0604
1.5427 -0.5426 0.0363
1.3885 -0.7226 0.0129
1.3192 -0.4534 0.0203
1.1580 -0.6223 0.0077
1.2369 -0.9413 0.0035
-2.3906 2.0445 0.0001
-2.6486 2.0799 0.0000
-2.6496 1.8086 0.0003
-2.7009 1.5663 0.0013
-3.0215 2.4601 0.0000
-3.2223 2.2321 0.0000
-3.7126 -1.4389 0.0000
-0.3018 1.3222 0.0001
-0.3535 0.8639 0.0010
2.6512 2.4330 0.0000
2.4621 2.2181 0.0000
3.4122 -4.5430 0.0000
3.6134 -2.1930 0.0000
2.2774 -1.4700 0.0036
-4.0000 3.5213 0.0000
-4.1131 3.2604 0.0000
1.4783 -3.8301 0.0000
1.4497 -4.0700 0.0000
4.7455 -0.4579 0.0000
4.7459 -0.7610 0.0000
4.4905 -0.8899 0.0000
0.5423 -0.6315 0.0013
0.3001 -0.6927 0.0007
-2.4303 -2.5864 0.0000
4.4924 -4.5418 0.0000
4.2496 -4.5183 0.0000
4.2139 -4.7546 0.0000
-4.7612 4.4926 0.0000
0.8464 -1.3194 0.0002
2.9428 -3.3496 0.0000
2.6963 -3.5019 0.0000
2.8060 -3.7238 0.0000
2.5779 -3.8146 0.0000
-0.6012 2.8417 0.0000
-0.5825 2.5661 0.0000
-0.8306 2.6651 0.0000
-0.9177 2.3981 0.0000
1.2247 1.4917 0.0005
1.1742 1.2175 0.0013
0.9399 1.4045 0.0003
1.2242 0.2111 0.0193
4.5205 -3.7655 0.0000
2.8397 -1.0178 0.0048
2.7255 -1.2829 0.0029
2.9749 4.7559 0.0000
2.6868 4.7678 0.0000
2.5139 4.6462 0.0000
-0.9327 -4.4816 0.0000
-1.2261 -4.5352 0.0000
-1.0826 -4.7583 0.0000
-1.3923 -4.7699 0.0000
4.1797 2.2022 0.0000
4.2595 1.9087 0.0000
-4.4342 0.8033 0.0000
2.2007 1.6536 0.0012
1.9526 1.5342 0.0019
3.1911 -1.0863 0.0001
3.0044 -1.2388 0.0005
-2.2462 -4.2732 0.0000
-2.4997 -4.4356 0.0000
-2.8836 1.3912 0.0011
-2.8441 0.9338 0.0147
-3.1125 0.9041 0.0012
-1.2463 -0.9927 0.0062
-1.3129 -1.2826 0.0018
1.7213 4.2724 0.0000
1.5380 4.0770 0.0000
-3.9339 -2.0611 0.0000
-4.1618 -2.1968 0.0000
-4.3919 -2.3280 0.0000
-4.3950 -2.6091 0.0000
2.1873 2.2938 0.0000
2.0403 2.5121 0.0000
1.8595 2.3547 0.0000
1.9775 2.1381 0.0000
-1.9573 1.6652 0.0018
3.0932 2.1563 0.0000
2.9205 1.9457 0.0000
2.7507 1.7743 0.0002
4.7385 -1.3752 0.0000
4.4582 -1.5097 0.0000
2.3876 0.2494 0.2034
2.2933 0.2033 0.2294
2.3111 0.1035 0.2404
2.3100 0.3101 0.2052
2.2288 0.2807 0.2172
2.1862 0.1977 0.2321
2.2319 0.1158 0.2450
2.1389 0.1113 0.2382
2.2028 0.0282 0.2499
2.1000 0.0254 0.2362
2.1456 -0.0581 0.2428
2.0848 0.1950 0.2180
2.0420 0.1091 0.2181
2.0035 0.0166 0.2115
2.0880 -0.1408 0.2251
2.0490 -0.0614 0.2226
2.0062 -0.1632 0.2014
2.0306 -0.2363 0.1971
1.9563 -0.2743 0.1697
0.6080 2.5478 0.0000
4.2358 -1.7141 0.0000
4.0602 -1.9779 0.0000
-0.2072 4.2389 0.0000
-0.3726 4.0090 0.0000
0.1181 -4.2906 0.0000
-0.1662 -4.3842 0.0000
-3.5066 -4.1304 0.0000
-3.5354 -4.4230 0.0000
-1.4123 -3.9986 0.0000
-1.6962 -4.1120 0.0000
1.9070 -2.2146 0.0000
1.8837 -2.7285 0.0000
1.7378 -2.3836 0.0000
1.6545 -2.5988 0.0000
4.7494 -1.0667 0.0000
4.5020 -1.1965 0.0000
1.9651 -3.3002 0.0000
1.6839 -3.3759 0.0000
-1.6813 -2.7498 0.0000
-1.9579 -2.8450 0.0000
1.4013 -2.7508 0.0000
1.3099 -3.0017 0.0000
1.1009 -3.1662 0.0000
-3.0221 -4.1799 0.0000
-3.2740 -4.2962 0.0000
1.8501 -0.2709 0.1381
1.9056 -0.3563 0.1398
1.8104 -0.3703 0.1108
1.7544 -0.3013 0.1058
1.6864 -0.1579 0.1015
1.6500 -0.2640 0.0829
1.6837 -0.4060 0.0745
1.5131 -0.3406 0.0488
1.4051 2.0861 0.0000
1.1702 2.0257 0.0000
-3.5881 4.7508 0.0000
-3.8956 4.7533 0.0000
-4.2027 4.7531 0.0000
1.0691 0.6622 0.0050
0.9024 2.1372 0.0000
-1.9349 -1.6851 0.0011
-2.0000 -1.9541 0.0001
1.7143 3.7560 0.0000
1.5368 3.5542 0.0000
-2.7108 -1.6823 0.0006
-2.9543 -1.7877 0.0001
-1.3998 -2.6648 0.0000
-1.4611 -2.9478 0.0000
4.7502 -4.5031 0.0000
4.4976 -4.7679 0.0000
2.1503 -1.7308 0.0007
2.0357 -1.9790 0.0001
0.1869 0.1438 0.0025
0.0430 -0.1100 0.0021
-1.0756 3.8310 0.0000
-1.3120 3.6848 0.0000
0.6212 -1.9000 0.0000
-4.0771 -3.5153 0.0000
-4.3541 -3.6061 0.0000
-0.9682 -3.0718 0.0000
4.2021 -2.2527 0.0000
2.5488 1.6365 0.0010
2.3905 1.4754 0.0032
-1.5866 1.2065 0.0087
-1.6326 0.9914 0.0276
-1.8173 1.0278 0.0419
-2.2336 -0.6662 0.2402
-2.2645 -0.5003 0.3448
-2.3020 -0.5973 0.2779
-2.3270 -0.6928 0.2165
-2.3446 -0.7919 0.1610
-2.4177 -0.7261 0.1781
-2.5134 -0.7562 0.1343
-2.5396 -0.8458 0.0946
-2.3636 -0.8912 0.1144
-2.4398 -0.8241 0.1281
-2.4796 -0.9368 0.0802
-2.6479 -0.9625 0.0426
-2.2414 -2.9369 0.0000
-2.5055 -3.0615 0.0000
-1.7641 1.4470 0.0041
0.5147 4.1727 0.0000
4.4890 -0.2861 0.0000
4.2358 -0.3984 0.0000
-3.5734 3.2288 0.0000
-3.8358 3.2636 0.0000
0.3689 -1.1765 0.0001
4.5171 0.8795 0.0000
-2.7503 -2.8403 0.0000
-0.8779 -0.6681 0.0057
-1.1418 -0.7498 0.0109
-1.3436 -0.6886 0.0290
-1.4723 -0.8571 0.0263
2.5535 1.0226 0.0199
2.4711 0.8288 0.0513
4.5158 -2.6257 0.0000
4.4493 -2.8629 0.0000
-3.1164 2.9959 0.0000
-3.4131 2.9818 0.0000
1.7489 4.5453 0.0000
1.4861 4.4517 0.0000
-2.2526 4.1433 0.0000
-2.3149 3.8915 0.0000
-2.4141 3.6819 0.0000
-2.1571 3.5796 0.0000
-2.3977 3.3875 0.0000
4.2558 -3.9396 0.0000
4.2627 -4.2454 0.0000
4.0205 -4.1079 0.0000
1.9471 -3.8518 0.0000
1.7198 -3.9808 0.0000
-3.3277 3.7632 0.0000
-3.6046 3.7570 0.0000
4.2509 0.4382 0.0000
0.8833 -4.4827 0.0000
0.7454 -4.7476 0.0000
-4.0875 0.8618 0.0000
-4.2214 0.6560 0.0000
-4.4714 0.5328 0.0000
-4.5322 0.2952 0.0000
0.0706 -2.8049 0.0000
-0.0361 -3.0233 0.0000
-0.1673 -3.2115 0.0000
-0.2936 -3.4099 0.0000
-1.4057 -1.5801 0.0003
4.7694 0.4410 0.0000
4.5150 -0.0069 0.0000
4.5028 -3.1547 0.0000
-4.7549 -2.3025 0.0000
4.2726 1.6207 0.0000
4.1942 1.3739 0.0000
-2.8807 1.8882 0.0000
-2.9683 1.6542 0.0001
-4.7566 -1.6975 0.0000
2.4877 -2.2354 0.0000
4.2809 -3.3340 0.0000
4.2934 -3.6305 0.0000
0.0896 1.2228 0.0002
-0.1651 1.1075 0.0003
-0.5579 -3.5176 0.0000
-0.8287 -3.6122 0.0000
-0.8637 -3.8875 0.0000
-2.0148 2.2306 0.0000
-2.1396 1.9916 0.0002
-1.3995 0.3172 0.0802
-1.2399 0.3408 0.0436
-1.3100 0.1869 0.0669
-1.5005 0.2931 0.1149
-1.4187 0.2107 0.0958
-1.3835 0.0851 0.0919
-1.4491 0.0172 0.1163
-1.4621 0.1256 0.1172
-1.5262 0.0655 0.1473
-1.5995 0.0233 0.1853
-1.6384 -0.0605 0.2062
-1.5908 0.2498 0.1582
-1.6662 0.1853 0.2075
-1.5076 0.2038 0.1289
-1.5723 0.1434 0.1639
-1.6457 0.0968 0.2070
-1.6959 0.0224 0.2421
2.7441 0.0023 0.0718
2.7433 -0.1211 0.0699
2.6576 -0.5209 0.0651
2.6392 -0.2121 0.1095
2.7952 -0.2597 0.0459
2.6822 -0.3817 0.0745
2.6065 -0.3012 0.1143
2.5693 -0.3984 0.1146
2.5420 -0.4913 0.1066
2.5136 -0.5789 0.0963
2.3853 -0.5917 0.1207
2.4533 -0.6364 0.0968
2.4573 -0.7454 0.0708
2.3463 -0.6765 0.1025
2.3094 -0.8066 0.0717
0.6920 -4.2859 0.0000
0.5730 -4.5104 0.0000
3.8006 3.3707 0.0000
-3.5982 4.2554 0.0000
-3.7570 4.0123 0.0000
3.7973 -4.2452 0.0000
3.5867 -4.3825 0.0000
-4.5159 -2.1294 0.0000
-4.6125 -2.4826 0.0000
-4.7649 -2.6649 0.0000
1.1764 -4.0151 0.0000
1.0405 -4.2595 0.0000
-0.1312 1.9547 0.0000
-0.3629 1.8714 0.0000
-0.5814 1.7038 0.0000
4.7610 -4.7637 0.0000
-0.3274 3.5223 0.0000
-0.6031 3.4405 0.0000
2.2483 2.0155 0.0001
2.3830 1.8128 0.0004
-0.0633 0.8708 0.0007
-0.1875 0.6180 0.0017
-0.4623 0.5948 0.0027
-0.5480 0.3374 0.0051
0.1038 4.7795 0.0000
-0.0129 4.4944 0.0000
-4.4962 4.7473 0.0000
-3.2566 0.2728 0.0008
-3.3631 0.0113 0.0002
-2.7917 0.1918 0.1163
-2.8614 0.1767 0.0741
-3.0694 0.0453 0.0117
-3.1623 -0.2066 0.0036
-3.4560 -0.2522 0.0000
3.0852 -0.3163 0.0035
3.0807 -0.6023 0.0022
2.9377 -0.0639 0.0178
2.8489 -0.4824 0.0227
1.1580 3.1099 0.0000
1.0138 2.8481 0.0000
3.4641 -1.0085 0.0000
3.5215 -1.4707 0.0000
3.3620 -1.2791 0.0000
3.1769 -1.4390 0.0000
3.0377 -1.6769 0.0000
-1.3192 2.8919 0.0000
-1.3802 2.6563 0.0000
-1.0733 3.5769 0.0000
-1.1493 3.3653 0.0000
-1.4070 3.4557 0.0000
-1.3693 3.1764 0.0000
0.4499 -4.7611 0.0000
-0.8158 -1.4402 0.0001
-0.9021 -1.7102 0.0000
-0.9562 -1.9951 0.0000
-1.1823 -1.7880 0.0000
0.1930 3.7652 0.0000
-0.0510 3.6349 0.0000
0.1658 3.4526 0.0000
-0.0894 3.3448 0.0000
-1.9048 0.4458 0.2683
-1.9142 0.3518 0.3145
-1.9501 0.2912 0.3616
-2.0273 0.2999 0.4041
-2.1105 0.2758 0.4551
-2.0112 0.2127 0.4299
-2.0936 0.1914 0.4826
-2.1858 0.2024 0.5090
-2.1596 0.1179 0.5294
-2.2370 0.1077 0.5423
-2.2373 0.0151 0.5539
-2.3082 -0.0421 0.5400
-2.8995 -0.9943 0.0085
-2.9960 -1.2350 0.0012
0.8815 3.0542 0.0000
0.6609 2.8840 0.0000
3.9257 1.4939 0.0000
3.9602 1.1847 0.0000
-4.2605 -1.6797 0.0000
-4.5133 -1.8328 0.0000
2.8717 -1.4869 0.0004
2.4757 -2.7279 0.0000
2.1721 -2.7092 0.0000
1.0461 -0.8167 0.0029
0.8674 -0.9961 0.0008
0.6347 -1.1365 0.0003
-3.2704 2.4917 0.0000
-3.4988 2.4801 0.0000
-3.7367 2.3902 0.0000
-3.9643 2.2510 0.0000
2.3826 2.9030 0.0000
2.1836 2.7523 0.0000
4.4860 -0.5874 0.0000
4.2253 -0.7151 0.0000
3.9993 -0.5366 0.0000
-3.8888 -2.6203 0.0000
-4.0992 -2.7470 0.0000
-4.3052 -2.8461 0.0000
3.4119 -0.2478 0.0001
-1.1862 -4.2958 0.0000
3.4545 3.3715 0.0000
3.2957 3.1952 0.0000
-0.1886 -1.2318 0.0001
1.0510 4.7648 0.0000
0.7502 4.7056 0.0000
-0.8053 1.6152 0.0000
-0.9872 1.3655 0.0004
-4.7646 -3.9077 0.0000
4.7581 -3.2856 0.0000
4.5269 -3.4592 0.0000
-4.4033 3.9959 0.0000
-0.5479 3.7311 0.0000
-1.1710 -2.8639 0.0000
-3.8670 1.7575 0.0000
-4.0001 1.4735 0.0000
-4.2584 1.2971 0.0000
-0.3972 -0.4647 0.0021
-0.6371 -0.3535 0.0056
2.6439 -0.1192 0.1139
2.5574 -0.1400 0.1538
2.4712 -0.1839 0.1867
2.3815 -0.1596 0.2193
2.3261 -0.2462 0.2172
2.2245 -0.2373 0.2263
2.5387 -0.2359 0.1521
2.4228 -0.2580 0.1923
2.4142 -0.3476 0.1769
2.3391 -0.3331 0.1965
2.2536 -0.3256 0.2067
2.2009 -0.4066 0.1852
2.1625 -0.3141 0.2059
2.1428 -0.4832 0.1592
2.0699 -0.3069 0.1926
2.0047 -0.3625 0.1651
1.9549 -0.4442 0.1342
2.1047 -0.3925 0.1787
2.0468 -0.4632 0.1499
1.9865 -0.5365 0.1194
0.8190 2.6907 0.0000
4.7755 -2.1991 0.0000
4.7283 -2.4240 0.0000
2.5404 2.6977 0.0000
2.3505 2.5197 0.0000
-0.6195 0.8905 0.0015
3.9285 -2.9990 0.0000
-2.3689 -2.3416 0.0000
-2.6510 -2.3608 0.0000
-2.0152 -3.1326 0.0000
-2.2849 -3.2308 0.0000
-2.5709 -3.3211 0.0000
-2.9586 3.7087 0.0000
-3.1676 3.5863 0.0000
1.8509 -1.7524 0.0004
1.7470 -2.0143 0.0001
1.5806 -1.7201 0.0002
1.5421 -2.2130 0.0000
1.5023 -1.9496 0.0000
1.2524 -2.2440 0.0000
1.0187 0.3934 0.0076
-0.9525 4.5056 0.0000
-1.2515 4.5082 0.0000
-1.4116 4.2716 0.0000
-3.1060 3.3682 0.0000
-3.2854 3.2307 0.0000
3.5503 -3.4709 0.0000
3.5982 -3.7682 0.0000
-4.7518 -1.3932 0.0000
-1.5861 -0.3094 0.1508
-1.6301 -0.3918 0.1537
-1.7298 -0.4627 0.1790
-1.6374 -0.4743 0.1373
-1.6901 -0.5549 0.1356
-1.7630 -0.6218 0.1407
-1.8329 -0.6737 0.1456
-1.7828 -0.5313 0.1794
-1.8697 -0.5797 0.1960
-1.9198 -0.6670 0.1760
-2.0014 -0.6767 0.1959
-1.8753 -0.7479 0.1301
-1.9726 -0.7642 0.1479
-1.8939 -0.8372 0.1025
-2.0635 -0.7622 0.1679
-1.9911 -0.8579 0.1135
-2.0737 -0.8362 0.1353
-2.1065 -0.9127 0.1075
-1.4621 -1.8673 0.0000
-1.5408 -2.1544 0.0000
3.9211 0.0316 0.0000
3.6816 -0.1268 0.0000
-2.1926 0.2833 0.4740
-2.1936 0.3625 0.4310
-2.2774 0.3698 0.4262
-2.2753 0.2800 0.4755
-2.3607 0.2368 0.4677
-2.2683 0.1887 0.5161
-2.3106 0.0672 0.5367
-2.4354 0.1800 0.4405
-2.3436 0.1428 0.5083
-2.4129 0.0895 0.4782
-2.3716 0.0129 0.5126
-2.4100 -0.0786 0.4816
-2.5032 0.1019 0.3988
-2.4642 0.0093 0.4431
-2.5526 0.0065 0.3562
-4.5342 1.5034 0.0000
-0.2646 1.6433 0.0000
-1.2434 2.3820 0.0000
-1.3995 2.1592 0.0000
-3.0154 1.1624 0.0011
-3.2979 1.1240 0.0000
-3.3944 0.8325 0.0000
-4.2100 2.1619 0.0000
-4.3602 1.9645 0.0000
-4.4764 1.7509 0.0000
-4.7596 1.6793 0.0000
-2.1770 1.7525 0.0013
-2.4452 1.5695 0.0035
4.7622 -3.9082 0.0000
4.5094 -4.0493 0.0000
1.3506 4.2082 0.0000
1.2440 3.9534 0.0000
1.2355 3.6447 0.0000
1.3627 3.3415 0.0000
4.2452 -1.0318 0.0000
3.9728 -1.1925 0.0000
4.2569 -1.3136 0.0000
4.0923 -1.4862 0.0000
0.7447 -1.6177 0.0000
4.0365 4.6291 0.0000
4.0517 4.3880 0.0000
3.7572 4.4999 0.0000
2.5820 3.9282 0.0000
0.5881 0.8107 0.0015
0.3212 0.7483 0.0012
0.0855 0.6554 0.0015
4.7430 0.1459 0.0000
4.7558 -0.1586 0.0000
4.7675 2.6251 0.0000
4.4941 2.6046 0.0000
-2.8756 -2.2585 0.0000
-2.9427 -2.5325 0.0000
-3.2180 -2.6087 0.0000
-3.5294 -2.9999 0.0000
-3.5446 -3.3105 0.0000
2.3290 -2.4785 0.0000
-1.4460 -4.2622 0.0000
-1.7327 -4.4100 0.0000
2.8906 3.4467 0.0000
2.7886 3.1956 0.0000
-0.7963 1.1277 0.0008
3.6782 -3.1587 0.0000
3.4400 -3.2226 0.0000
3.2319 -3.4220 0.0000
2.3801 0.7050 0.0884
2.2943 0.5830 0.1304
2.2049 0.5521 0.1420
2.1193 0.5335 0.1423
2.3841 0.6084 0.1131
2.3655 0.5152 0.1418
2.2715 0.4835 0.1614
2.3505 0.4193 0.1710
2.2644 0.3874 0.1893
2.1724 0.4499 0.1708
2.1818 0.3568 0.1970
2.1309 0.2784 0.2105
2.0687 0.4628 0.1555
2.0856 0.3672 0.1830
2.0353 0.2816 0.1919
1.9837 0.1977 0.1924
1.9990 0.4031 0.1574
1.9669 0.3205 0.1675
1.9103 0.2622 0.1618
1.8869 0.1682 0.1662
-3.1503 3.9564 0.0000
-3.4569 4.0073 0.0000
-1.8892 -1.3717 0.0078
0.5931 -4.0183 0.0000
-1.6873 1.7054 0.0006
-3.7382 4.5017 0.0000
-3.9071 4.2519 0.0000
-4.5064 -0.6387 0.0000
-4.7528 -0.7856 0.0000
-4.7510 -1.0910 0.0000
-1.5048 1.4560 0.0016
-3.4166 -2.3972 0.0000
-3.6691 -2.5087 0.0000
-0.3618 3.2538 0.0000
-0.6170 3.1432 0.0000
-0.8414 2.9804 0.0000
4.1538 -2.7783 0.0000
2.7324 3.6902 0.0000
2.4419 3.6797 0.0000
3.7884 -3.3432 0.0000
1.9862 3.8185 0.0000
1.8592 3.5185 0.0000
2.8227 -0.7221 0.0151
3.2526 -4.7412 0.0000
3.6837 0.1897 0.0000
3.4399 0.0437 0.0000
3.0797 0.1950 0.0044
3.1992 -0.0469 0.0012
-1.3025 -0.3082 0.0581
-1.4260 -0.2449 0.0978
-1.4845 -0.3109 0.1104
-1.4304 -0.3973 0.0809
-1.5362 -0.3884 0.1170
-1.5501 -0.4649 0.1073
-1.4684 -0.5333 0.0703
-1.5946 -0.5632 0.1006
-1.5454 -0.6797 0.0626
-1.6737 -0.6470 0.1041
-1.6637 -0.7610 0.0722
-1.7605 -0.7209 0.1079
-1.8002 -0.8054 0.0920
-1.7008 -0.9096 0.0472
4.1537 3.0186 0.0000
3.9617 2.7915 0.0000
-4.2452 -0.1732 0.0000
-4.5031 -0.3306 0.0000
-4.7531 -0.4760 0.0000
-3.2474 -1.7882 0.0000
0.7009 -3.7943 0.0000
1.4719 0.3471 0.0403
-3.5891 1.8157 0.0000
2.0181 -4.7367 0.0000
3.3586 -0.5097 0.0001
3.2946 -0.7930 0.0001
2.5940 -1.9446 0.0001
-1.9939 -1.1104 0.0413
-2.1255 -1.2624 0.0230
2.0155 1.8453 0.0003
4.4855 1.1161 0.0000
4.2383 1.0854 0.0000
-2.8147 2.9405 0.0000
-2.9884 2.7108 0.0000
4.5496 3.1410 0.0000
4.7432 -1.6618 0.0000
4.5047 -1.8023 0.0000
1.6536 -2.8746 0.0000
1.8213 -3.0901 0.0000
1.5509 -3.1038 0.0000
2.0234 4.7194 0.0000
1.4284 -2.4625 0.0000
1.1598 -2.5501 0.0000
1.1146 -2.8208 0.0000
0.9194 -2.9815 0.0000
0.9207 -3.3515 0.0000
0.8017 0.5964 0.0030
0.5310 0.5291 0.0021
1.9523 -3.5754 0.0000
1.7050 -3.6787 0.0000
-0.6517 -2.5757 0.0000
-0.8662 -2.7897 0.0000
-1.1868 0.5568 0.0241
-1.3698 0.4723 0.0562
2.2978 -0.4157 0.1808
2.2419 -0.4980 0.1602
2.1811 -0.5713 0.1370
2.0820 -0.5608 0.1297
2.0324 -0.6272 0.1047
2.0366 -0.7181 0.0828
1.9508 -0.6198 0.0929
1.8748 -0.7336 0.0579
0.2718 -1.4464 0.0000
-0.0180 -1.4890 0.0000
0.1641 -1.7115 0.0000
-1.7722 -2.0307 0.0000
0.4004 -4.2282 0.0000
1.7284 4.7795 0.0000
2.5036 -0.3199 0.1534
2.4774 -0.4194 0.1425
2.4405 -0.5156 0.1298
2.3857 -0.4321 0.1634
2.3370 -0.5106 0.1503
2.2843 -0.5948 0.1305
2.2156 -0.6559 0.1137
2.1268 -0.6558 0.1087
2.2621 -0.7113 0.0979
2.1626 -0.7763 0.0792
0.6457 1.3565 0.0002
0.9639 -2.3619 0.0000
0.6820 -2.4168 0.0000
-3.4986 2.2121 0.0000
-3.7313 2.0587 0.0000
-1.3148 -3.4347 0.0000
-1.5259 -3.2384 0.0000
-2.5410 4.0088 0.0000
-2.6756 3.7816 0.0000
-4.7260 -4.5143 0.0000
1.2729 -1.9597 0.0000
1.0304 -2.0688 0.0000
0.7776 -2.1417 0.0000
0.5129 -2.1663 0.0000
1.7981 -4.5145 0.0000
1.7360 -4.7633 0.0000
3.8620 3.0681 0.0000
-4.5073 -3.7879 0.0000
-3.7682 -3.1358 0.0000
-3.7942 -3.4358 0.0000
3.6298 3.1895 0.0000
3.4860 3.0135 0.0000
0.0298 2.2985 0.0000
-1.8974 3.4267 0.0000
-2.1427 3.2824 0.0000
-1.8844 3.1554 0.0000
-2.1012 2.9943 0.0000
4.7265 0.6855 0.0000
4.4621 0.5875 0.0000
4.0573 -3.7765 0.0000
3.8529 -3.9134 0.0000
3.6436 -4.0546 0.0000
-1.7747 3.9146 0.0000
-1.9647 4.0717 0.0000
-2.0903 3.8494 0.0000
1.3277 -4.2839 0.0000
1.1960 -4.5178 0.0000
1.0210 -4.7452 0.0000
4.7466 -1.9439 0.0000
4.5354 -2.1135 0.0000
-1.7392 -3.0405 0.0000
-3.9992 -4.0178 0.0000
3.8534 -2.7266 0.0000
3.6479 -2.9369 0.0000
-0.2797 0.3583 0.0030
-0.3860 0.0956 0.0044
-0.5263 -0.1353 0.0056
-3.3816 -3.5023 0.0000
-3.6057 -3.6378 0.0000
-3.7365 -0.3028 0.0000
-4.0143 -0.3675 0.0000
-4.2644 -0.4898 0.0000
-4.5310 4.4893 0.0000
-3.4326 4.4990 0.0000
1.4444 -3.5540 0.0000
1.2389 -3.7657 0.0000
-0.4890 1.1430 0.0004
3.9809 2.0002 0.0000
3.7887 1.7766 0.0000
2.7071 -1.6697 0.0004
-3.3917 1.9650 0.0000
0.1706 -4.0166 0.0000
-0.1124 -4.1267 0.0000
3.2819 4.7597 0.0000
3.1238 4.5222 0.0000
2.7656 1.4745 0.0010
2.5627 1.3072 0.0053
-1.0995 -3.8381 0.0000
-1.1725 -4.0492 0.0000
3.8137 0.6815 0.0000
3.6126 0.4724 0.0000
3.3548 0.2979 0.0001
-3.7761 2.6757 0.0000
-4.0102 2.7936 0.0000
-4.2487 2.9855 0.0000
-4.2617 2.6896 0.0000
-4.0168 2.5091 0.0000
-4.2630 2.4062 0.0000
0.2505 4.0434 0.0000
-0.0512 3.9555 0.0000
-0.2702 3.7801 0.0000
3.1157 3.3801 0.0000
3.0177 3.1349 0.0000
-0.4754 -4.7772 0.0000
3.3497 1.6778 0.0000
3.2247 1.4850 0.0000
3.0109 1.6463 0.0001
2.3541 1.1865 0.0140
2.1299 1.0943 0.0218
1.9255 0.9915 0.0244
2.6351 -2.4952 0.0000
0.5219 -2.6528 0.0000
0.3311 -2.8730 0.0000
-2.6833 -4.7711 0.0000
2.2023 -3.4761 0.0000
2.2235 -3.7730 0.0000
2.1196 -4.0551 0.0000
-2.2320 0.8453 0.1498
-2.3329 0.8237 0.1540
-2.3956 0.7493 0.1779
-2.5608 0.7265 0.1308
-2.6625 0.6017 0.1218
-2.2747 0.7576 0.1924
-2.3322 0.6983 0.2178
-2.3811 0.6232 0.2478
-2.4644 0.6807 0.1890
-2.4692 0.5879 0.2317
-2.5243 0.5244 0.2316
-2.5597 0.6215 0.1707
-2.6132 0.5289 0.1735
-2.5481 0.4376 0.2529
-2.6342 0.4345 0.1899
-2.7008 0.5040 0.1254
-2.7274 0.4205 0.1273
-2.7613 0.5851 0.0763
-2.8507 0.4556 0.0559
-2.7096 0.3428 0.1560
-2.7488 0.2569 0.1406
-2.8138 0.3163 0.0895
-2.9687 0.2636 0.0283
-3.0231 -3.5727 0.0000
-3.2349 -3.6972 0.0000
4.0806 0.6000 0.0000
3.8955 0.3867 0.0000
-1.7971 -3.3330 0.0000
-1.8532 -3.6255 0.0000
-1.6387 -3.8214 0.0000
-1.9218 -3.9203 0.0000
-3.2185 1.7396 0.0000
-0.9001 0.8684 0.0034
-4.5452 1.0349 0.0000
-4.7749 1.0822 0.0000
-4.0273 -0.6651 0.0000
-4.2546 -0.8001 0.0000
-0.1291 -1.7833 0.0000
-0.2931 -1.5282 0.0000
-0.4020 -1.8050 0.0000
-0.6750 -1.7952 0.0000
3.8751 4.7751 0.0000
3.5877 4.7535 0.0000
3.4376 4.5178 0.0000
-2.0024 4.7852 0.0000
-2.1540 4.6104 0.0000
-2.3461 4.7702 0.0000
-2.5102 4.5709 0.0000
0.9032 1.1446 0.0009
0.6468 1.0935 0.0007
0.3503 -1.9330 0.0000
0.0846 -1.9832 0.0000
0.2309 -2.1989 0.0000
0.0300 -2.3232 0.0000
-3.0217 -4.4598 0.0000
-4.5021 1.2637 0.0000
4.0118 -3.2393 0.0000
4.0526 -3.4969 0.0000
3.8166 -3.6134 0.0000
0.3950 1.0459 0.0005
0.1526 0.9759 0.0005
-0.3143 -3.6902 0.0000
-0.5873 -3.7898 0.0000
-0.6314 -4.0584 0.0000
-0.9198 -4.1641 0.0000
2.1642 1.3582 0.0061
1.9133 1.2443 0.0075
-3.3864 -2.0774 0.0000
-3.6428 -2.2300 0.0000
-2.1380 -2.4201 0.0000
-2.1893 -2.6715 0.0000
3.9396 3.9266 0.0000
3.7798 3.7269 0.0000
-4.5345 -4.0732 0.0000
-2.2174 -1.7877 0.0007
1.1619 -0.0411 0.0171
0.8912 -0.1660 0.0065
-4.2995 4.5059 0.0000
1.3522 -1.1846 0.0018
1.1888 -1.4170 0.0003
0.9347 3.5884 0.0000
0.4886 2.3564 0.0000
-1.9491 -4.7348 0.0000
-2.1821 -4.7753 0.0000
3.3407 -1.6626 0.0000
3.1858 -1.9099 0.0000
3.0319 -2.1472 0.0000
-2.9924 -2.8108 0.0000
-4.7599 -2.0022 0.0000
-3.6761 -0.8118 0.0000
-3.7174 -1.1167 0.0000
-2.5327 1.3493 0.0103
-2.7248 1.1893 0.0104
-2.6360 0.9729 0.0431
-0.6335 -4.5542 0.0000
-0.7931 -4.7620 0.0000
-2.1201 -0.2434 0.4746
-2.1708 -0.3448 0.4375
-2.2069 -0.2580 0.4879
-2.2800 -0.3116 0.4574
-2.2577 -0.3883 0.4163
-2.3723 -0.3541 0.4046
-2.3241 -0.4332 0.3767
-2.4178 -0.4431 0.3330
-2.3603 -0.5246 0.3095
-2.5100 -0.4627 0.2676
-2.4522 -0.5370 0.2639
-2.4018 -0.6207 0.2389
-2.5628 -0.5219 0.2072
-2.5132 -0.5904 0.2059
-2.6037 -0.5999 0.1533
2.5704 0.1408 0.1476
2.6523 0.0624 0.1122
2.5638 0.0469 0.1558
2.6324 -0.0345 0.1224
2.5461 -0.0518 0.1641
2.4749 0.0082 0.1971
2.4789 0.1046 0.1916
2.3900 0.1566 0.2176
2.3919 0.0597 0.2255
2.3917 -0.0325 0.2265
2.4567 -0.0933 0.2011
2.3318 -0.0843 0.2383
2.2995 0.0130 0.2466
2.2398 -0.0660 0.2488
2.2805 -0.1599 0.2372
2.1848 -0.1477 0.2390
2.1237 -0.2245 0.2193
1.7682 3.9956 0.0000
1.3157 -1.6745 0.0001
0.9918 -1.5371 0.0001
-3.0316 -3.0960 0.0000
0.7927 -3.5589 0.0000
0.4827 -3.6509 0.0000
-2.7006 -2.5952 0.0000
-2.1491 -1.5114 0.0051
1.5263 0.5669 0.0315
1.2839 0.4646 0.0164
-0.6974 0.6430 0.0042
4.7585 -4.2114 0.0000
-0.7998 4.2722 0.0000
-1.1167 4.2460 0.0000
3.0129 1.3258 0.0004
2.7875 1.1668 0.0038
3.7341 -2.4591 0.0000
0.8519 -2.6675 0.0000
0.6405 -2.9055 0.0000
-2.0767 -0.6778 0.2144
-2.1548 -0.7322 0.1972
-2.1676 -0.8258 0.1502
-2.2498 -0.7612 0.1854
-2.2684 -0.8559 0.1376
-2.1979 -0.9230 0.1091
-2.2788 -0.9629 0.0938
-2.2715 2.7846 0.0000
-2.4520 2.5640 0.0000
-2.2991 2.2825 0.0000
-2.5644 2.3162 0.0000
1.8376 0.3254 0.1304
1.8136 0.2349 0.1358
1.7169 0.2067 0.1089
1.5769 0.1416 0.0744
1.7902 0.1446 0.1367
1.7599 0.0583 0.1306
1.6880 0.1263 0.1057
1.6627 0.0399 0.1008
1.5575 0.0101 0.0729
1.4275 0.1766 0.0422
1.3908 -0.0029 0.0404
1.7223 -0.0272 0.1185
1.6487 -0.0725 0.0954
1.5389 -0.1535 0.0651
1.3453 -0.2115 0.0315
2.8799 -1.8976 0.0000
2.7483 -2.1720 0.0000
-0.9451 -0.9503 0.0021
-3.5197 -1.7971 0.0000
-3.7035 -1.9881 0.0000
0.2480 2.5059 0.0000
-3.4961 -2.7053 0.0000
-1.5624 1.9473 0.0001
-3.0135 4.2319 0.0000
-3.2946 4.2392 0.0000
0.3737 1.3062 0.0001
0.3897 -2.4045 0.0000
-3.1882 1.4236 0.0000
-3.4883 1.3266 0.0000
4.5170 4.7189 0.0000
4.2225 4.7811 0.0000
4.3031 4.5242 0.0000
0.3008 2.1933 0.0000
-1.4108 1.7072 0.0002
-4.0239 1.1547 0.0000
-4.2821 1.0256 0.0000
-2.9401 -0.3957 0.0316
-3.2429 -0.4641 0.0009
-3.5312 -0.5347 0.0000
-3.8032 -0.5802 0.0000
-3.9559 -0.9301 0.0000
-1.7001 4.7651 0.0000
-1.7414 4.2660 0.0000
-1.8525 4.5391 0.0000
-2.0320 4.3406 0.0000
4.7738 2.9864 0.0000
3.2764 2.3821 0.0000
-1.5948 -1.3292 0.0039
-1.6772 -1.5744 0.0010
-1.6947 -1.8176 0.0002
0.2269 1.8108 0.0000
-0.0224 1.7257 0.0000
2.0028 4.1136 0.0000
2.6132 -0.6589 0.0562
2.6267 -0.8605 0.0280
2.5860 -1.0990 0.0126
2.4204 -0.9409 0.0385
2.2136 -0.9726 0.0397
0.1015 2.0301 0.0000
1.1073 3.3753 0.0000
4.0141 -0.8859 0.0000
3.8272 -0.7000 0.0000
3.7487 -0.9695 0.0000
3.6604 -1.2256 0.0000
