5.0000 5.0000 0.0000
0.0000 5.0000 0.0000
2.5000 5.0000 0.0000
3.7500 5.0000 0.0000
4.3750 5.0000 0.0000
4.6875 5.0000 0.0000
4.0625 5.0000 0.0000
3.1250 5.0000 0.0000
3.4375 5.0000 0.0000
2.8125 5.0000 0.0000
1.2500 5.0000 0.0000
1.8750 5.0000 0.0000
2.1875 5.0000 0.0000
1.5625 5.0000 0.0000
0.6250 5.0000 0.0000
0.9375 5.0000 0.0000
0.3125 5.0000 0.0000
-2.5000 5.0000 0.0000
-1.2500 5.0000 0.0000
-0.6250 5.0000 0.0000
-0.3125 5.0000 0.0000
-0.9375 5.0000 0.0000
-1.8750 5.0000 0.0000
-1.5625 5.0000 0.0000
-2.1875 5.0000 0.0000
-3.7500 5.0000 0.0000
-3.1250 5.0000 0.0000
-2.8125 5.0000 0.0000
-3.4375 5.0000 0.0000
-4.3750 5.0000 0.0000
-4.0625 5.0000 0.0000
-4.6875 5.0000 0.0000
5.0000 -5.0000 0.0000
5.0000 0.0000 0.0000
5.0000 -2.5000 0.0000
5.0000 -3.7500 0.0000
5.0000 -4.3750 0.0000
5.0000 -4.6875 0.0000
5.0000 -4.0625 0.0000
5.0000 -3.1250 0.0000
5.0000 -3.4375 0.0000
5.0000 -2.8125 0.0000
5.0000 -1.2500 0.0000
5.0000 -1.8750 0.0000
5.0000 -2.1875 0.0000
5.0000 -1.5625 0.0000
5.0000 -0.6250 0.0000
5.0000 -0.9375 0.0000
5.0000 -0.3125 0.0000
5.0000 2.5000 0.0000
5.0000 1.2500 0.0000
5.0000 0.6250 0.0000
5.0000 0.3125 0.0000
5.0000 0.9375 0.0000
5.0000 1.8750 0.0000
5.0000 1.5625 0.0000
5.0000 2.1875 0.0000
5.0000 3.7500 0.0000
5.0000 3.1250 0.0000
5.0000 2.8125 0.0000
5.0000 3.4375 0.0000
5.0000 4.3750 0.0000
5.0000 4.0625 0.0000
5.0000 4.6875 0.0000
-5.0000 -5.0000 0.0000
0.0000 -5.0000 0.0000
-2.5000 -5.0000 0.0000
-3.7500 -5.0000 0.0000
-4.3750 -5.0000 0.0000
-4.6875 -5.0000 0.0000
-4.0625 -5.0000 0.0000
-3.1250 -5.0000 0.0000
-3.4375 -5.0000 0.0000
-2.8125 -5.0000 0.0000
-1.2500 -5.0000 0.0000
-1.8750 -5.0000 0.0000
-2.1875 -5.0000 0.0000
-1.5625 -5.0000 0.0000
-0.6250 -5.0000 0.0000
-0.9375 -5.0000 0.0000
-0.3125 -5.0000 0.0000
2.5000 -5.0000 0.0000
1.2500 -5.0000 0.0000
0.6250 -5.0000 0.0000
0.3125 -5.0000 0.0000
0.9375 -5.0000 0.0000
1.8750 -5.0000 0.0000
1.5625 -5.0000 0.0000
2.1875 -5.0000 0.0000
3.7500 -5.0000 0.0000
3.1250 -5.0000 0.0000
2.8125 -5.0000 0.0000
3.4375 -5.0000 0.0000
4.3750 -5.0000 0.0000
4.0625 -5.0000 0.0000
4.6875 -5.0000 0.0000
-5.0000 5.0000 0.0000
-5.0000 0.0000 0.0000
-5.0000 2.5000 0.0000
-5.0000 3.7500 0.0000
-5.0000 4.3750 0.0000
-5.0000 4.6875 0.0000
-5.0000 4.0625 0.0000
-5.0000 3.1250 0.0000
-5.0000 3.4375 0.0000
-5.0000 2.8125 0.0000
-5.0000 1.2500 0.0000
-5.0000 1.8750 0.0000
-5.0000 2.1875 0.0000
-5.0000 1.5625 0.0000
-5.0000 0.6250 0.0000
-5.0000 0.9375 0.0000
-5.0000 0.3125 0.0000
-5.0000 -2.5000 0.0000
-5.0000 -1.2500 0.0000
-5.0000 -0.6250 0.0000
-5.0000 -0.3125 0.0000
-5.0000 -0.9375 0.0000
-5.0000 -1.8750 0.0000
-5.0000 -1.5625 0.0000
-5.0000 -2.1875 0.0000
-5.0000 -3.7500 0.0000
-5.0000 -3.1250 0.0000
-5.0000 -2.8125 0.0000
-5.0000 -3.4375 0.0000
-5.0000 -4.3750 0.0000
-5.0000 -4.0625 0.0000
-5.0000 -4.6875 0.0000
1.6323 3.7072 0.0000
1.5127 3.4519 0.0000
1.1860 4.2108 0.0000
4.2114 1.4507 0.0000
3.7546 -1.0144 0.0000
0.7221 -2.7961 0.0000
0.5734 -3.0653 0.0000
0.3266 -2.9886 0.0000
-1.6466 1.0415 0.0232
-0.1979 3.3541 0.0000
2.5149 2.2086 0.0000
1.9187 0.5645 0.1050
1.8571 0.4975 0.1065
1.7595 0.4763 0.0869
1.8576 0.4097 0.1249
1.7647 0.3884 0.1033
1.7478 0.2970 0.1120
1.6508 0.3610 0.0773
1.6965 0.2299 0.1043
1.5635 0.2457 0.0675
-1.3390 -3.3988 0.0000
-1.8296 3.5391 0.0000
-2.0248 3.5637 0.0000
-2.1085 3.3413 0.0000
-2.3656 3.5396 0.0000
-2.3581 3.2474 0.0000
0.7633 -0.4849 0.0032
-1.0408 -1.4134 0.0002
0.6566 -3.5825 0.0000
0.2438 -3.2133 0.0000
0.1732 -3.4686 0.0000
-0.0618 -3.4066 0.0000
-0.1272 -3.6722 0.0000
0.1096 -3.7423 0.0000
-1.7083 2.1236 0.0000
4.0158 1.1408 0.0000
3.9199 0.8673 0.0000
3.8994 0.5974 0.0000
-4.5089 -0.0400 0.0000
-4.7552 -0.1769 0.0000
4.5175 -0.9024 0.0000
4.5122 -1.1706 0.0000
1.8394 -2.9158 0.0000
-0.3496 -1.6665 0.0000
-0.2162 -1.9177 0.0000
-4.4912 -1.2689 0.0000
-4.7653 -1.3966 0.0000
0.0432 3.1771 0.0000
1.8914 -1.8087 0.0003
-4.5335 4.7409 0.0000
2.7632 2.4098 0.0000
3.1176 -2.8075 0.0000
4.7546 -2.0448 0.0000
1.2282 0.3343 0.0178
-2.4530 2.1295 0.0001
2.6359 -3.1068 0.0000
-2.6177 0.4334 0.1986
-2.6841 0.3746 0.1653
-2.6909 0.2785 0.1805
-2.7682 0.3442 0.1118
-2.8066 0.2570 0.0982
-3.0311 2.1816 0.0000
-3.2005 1.9532 0.0000
-3.4976 2.0014 0.0000
-3.4879 -3.2663 0.0000
-2.2909 2.4014 0.0000
-3.8230 0.7986 0.0000
-1.7396 3.0108 0.0000
-2.0178 3.0786 0.0000
-1.9364 2.8002 0.0000
-2.0832 2.5287 0.0000
-1.2763 1.7308 0.0001
-0.3771 -4.4706 0.0000
-4.4918 4.0772 0.0000
-4.2695 -2.3021 0.0000
1.9073 0.6918 0.0734
1.7784 0.6083 0.0672
1.6292 0.5204 0.0525
0.6271 1.4159 0.0001
1.9395 1.2594 0.0078
1.8304 1.0130 0.0189
-4.5043 -0.3415 0.0000
-4.7450 -0.4876 0.0000
-2.1329 0.3090 0.4381
-2.1352 0.4021 0.3880
-2.2044 0.5115 0.3330
-2.2160 0.4431 0.3764
-2.2153 0.3538 0.4296
-2.2975 0.4133 0.3888
-2.2866 0.3051 0.4517
-2.2126 0.2560 0.4799
-1.8809 0.4083 0.2668
-1.9657 0.3687 0.3315
-1.9765 0.2809 0.3754
-2.0560 0.3253 0.3993
-2.0451 0.2312 0.4346
-2.1325 0.2180 0.4791
-2.2569 0.1909 0.5066
-2.3698 0.3351 0.4089
-2.3408 0.2364 0.4677
-2.3395 0.1418 0.5006
-2.1777 0.1394 0.5181
-2.1958 0.0363 0.5396
-2.4186 0.1713 0.4471
-2.5107 0.1948 0.3651
-2.2677 0.0947 0.5320
-2.2884 0.0051 0.5371
-2.3771 0.0637 0.4963
-2.3709 -0.0333 0.5025
-2.4560 0.0001 0.4422
-2.4741 0.0988 0.4187
-2.4623 -0.0940 0.4295
-2.5499 0.0362 0.3519
-2.5359 -0.0586 0.3647
-2.6226 -0.0338 0.2771
-2.6852 -0.1054 0.2104
-2.5881 -0.1330 0.3032
-2.6574 -0.2072 0.2233
-2.7415 -0.1778 0.1537
1.6049 4.7388 0.0000
1.3523 4.7405 0.0000
1.9195 -4.5328 0.0000
0.8556 0.9695 0.0015
0.6226 1.1481 0.0005
-4.1202 1.5430 0.0000
-3.2189 -0.1179 0.0017
-3.4956 -0.1758 0.0000
-3.7724 -0.2239 0.0000
2.1352 -4.0182 0.0000
2.0744 -4.2647 0.0000
0.4128 3.5068 0.0000
-1.2047 -0.0353 0.0499
-1.3485 0.0364 0.0835
-1.3266 -0.1182 0.0755
1.6327 -2.3183 0.0000
2.1297 1.8024 0.0005
-0.3784 0.9634 0.0007
-0.6026 0.8129 0.0019
-2.4917 -4.5109 0.0000
-2.6519 -4.7546 0.0000
3.9713 -1.1937 0.0000
-4.0130 -2.3467 0.0000
-3.9355 -2.6139 0.0000
-3.7669 -3.3922 0.0000
-3.8343 -3.6591 0.0000
-1.3689 2.2486 0.0000
-1.6220 2.3599 0.0000
-0.5764 3.8002 0.0000
-0.4830 -1.9323 0.0000
-0.7717 -2.2134 0.0000
-1.1024 1.0131 0.0036
-1.3319 0.9134 0.0127
2.3405 1.6973 0.0010
4.0239 -3.8178 0.0000
3.8084 -3.9226 0.0000
3.8864 -4.1581 0.0000
-1.0132 0.0743 0.0247
0.4701 0.3251 0.0024
0.1767 0.2639 0.0024
-1.8951 1.1874 0.0243
-2.1184 1.0330 0.0706
3.6663 -3.4122 0.0000
3.4020 -3.5335 0.0000
3.1288 -3.6491 0.0000
-1.8775 0.0173 0.3651
-1.9527 -0.0154 0.4209
-1.9824 -0.1365 0.4277
-2.0666 -0.1813 0.4659
-1.8036 0.2588 0.2712
-1.8570 0.1828 0.3267
-1.9142 0.1041 0.3836
-1.9969 0.0643 0.4475
-2.0199 -0.0648 0.4637
-2.0928 -0.1016 0.4989
-2.1475 -0.2311 0.4801
-1.8835 0.3066 0.3073
-1.9230 0.2210 0.3620
-1.9808 0.1639 0.4173
-2.0704 0.1366 0.4783
-2.1131 0.0670 0.5122
-2.0576 0.0080 0.4893
-2.1320 -0.0311 0.5238
-2.2119 -0.0632 0.5391
-2.1685 -0.1371 0.5178
-2.2400 -0.1866 0.5097
-2.2270 -0.2893 0.4651
-2.3091 -0.3501 0.4226
-2.2903 -0.0979 0.5273
-2.3312 -0.1809 0.4924
-2.3142 -0.2585 0.4677
-2.3944 -0.2991 0.4141
-2.3901 -0.4020 0.3639
-2.4730 -0.3608 0.3356
0.9152 4.2667 0.0000
0.9060 4.0299 0.0000
0.8184 3.7923 0.0000
-1.1173 1.4971 0.0003
-1.1194 -4.4460 0.0000
-1.3536 -4.5178 0.0000
-1.1604 -4.7539 0.0000
-1.4475 -4.7680 0.0000
0.0519 -1.9247 0.0000
3.3065 3.0907 0.0000
3.0641 3.0037 0.0000
1.7670 2.2185 0.0000
1.4913 2.1764 0.0000
1.8269 -3.4479 0.0000
-1.7312 -0.2387 0.2364
-1.6512 -0.2614 0.1883
-1.7676 -0.3310 0.2348
-1.8118 -0.4262 0.2278
-1.8688 -0.3489 0.2871
-1.8956 -0.4364 0.2664
-1.9735 -0.4262 0.3105
0.9389 -4.5016 0.0000
0.6622 -4.4375 0.0000
0.3843 -4.4698 0.0000
0.7634 -4.7348 0.0000
0.5104 -4.7302 0.0000
0.2599 -4.7415 0.0000
0.0289 -4.7649 0.0000
-1.8344 -4.0009 0.0000
-2.1185 -4.1360 0.0000
1.2966 -0.3080 0.0247
-4.4953 1.5722 0.0000
-4.7559 1.4227 0.0000
4.0700 -2.7728 0.0000
3.6927 -3.1077 0.0000
-4.2266 -1.1097 0.0000
-3.5153 2.7717 0.0000
-3.7039 2.5401 0.0000
-3.9639 2.6083 0.0000
-0.4936 -4.0112 0.0000
-0.5740 -4.2766 0.0000
-2.7079 4.7623 0.0000
-2.9820 4.7342 0.0000
-3.2829 4.7545 0.0000
-3.4542 4.5240 0.0000
-0.1843 -2.9181 0.0000
-0.2703 -3.1894 0.0000
-0.3399 -3.4639 0.0000
-0.5467 -3.2500 0.0000
-0.6109 -3.5406 0.0000
-0.8781 -3.6222 0.0000
-1.4415 -3.0266 0.0000
-1.5598 -3.2495 0.0000
-1.8279 -3.3852 0.0000
-2.9835 -1.7054 0.0001
-2.8112 -1.9382 0.0001
-3.1093 -1.9777 0.0000
-0.7366 3.3039 0.0000
1.6663 3.9524 0.0000
-1.7838 -2.1218 0.0000
-2.0645 -2.1353 0.0000
-2.1869 -2.3921 0.0000
-2.0597 -2.6417 0.0000
4.2102 4.7506 0.0000
2.0878 1.5128 0.0026
1.7685 1.4670 0.0019
0.4399 1.9098 0.0000
-1.5994 -3.5318 0.0000
0.9613 0.2496 0.0079
-1.2281 3.0410 0.0000
4.7548 -4.1933 0.0000
4.5102 -4.3130 0.0000
4.7404 -4.4979 0.0000
4.4656 -4.5465 0.0000
-2.6301 3.4017 0.0000
-4.7518 2.3461 0.0000
-4.7626 2.0339 0.0000
1.5623 2.9503 0.0000
-3.0508 2.9547 0.0000
-3.2386 2.7246 0.0000
4.4942 -3.7222 0.0000
4.7427 -3.8936 0.0000
4.4804 -4.0410 0.0000
1.1699 -0.7625 0.0055
0.9899 -0.9935 0.0013
-4.2173 4.7665 0.0000
1.8457 -4.0131 0.0000
1.8512 -4.2794 0.0000
0.7526 -1.7523 0.0000
0.8123 0.7017 0.0027
0.5394 0.5850 0.0021
3.8439 4.3891 0.0000
3.7904 4.0993 0.0000
3.5723 4.2374 0.0000
3.5369 3.9241 0.0000
-3.9143 4.7478 0.0000
2.4086 -3.2342 0.0000
2.1574 -3.2854 0.0000
-1.2657 -0.8997 0.0103
-4.2594 -0.8302 0.0000
-0.9970 -0.9097 0.0034
-1.1689 -1.1507 0.0021
3.5760 -2.4746 0.0000
3.3437 -2.6528 0.0000
1.9306 -1.4324 0.0032
1.7484 -1.6052 0.0008
1.5956 -1.8311 0.0001
2.8221 -2.3675 0.0000
-3.2944 -3.4999 0.0000
-3.5557 -3.5710 0.0000
0.2187 3.7145 0.0000
0.1076 3.4610 0.0000
-0.9785 3.0342 0.0000
-4.1718 1.1671 0.0000
2.5949 -2.5405 0.0000
2.3339 -2.6989 0.0000
2.1864 -4.5083 0.0000
-2.2333 0.9967 0.0857
-2.1785 0.9065 0.1178
-2.2721 0.8832 0.1281
-2.3067 0.7878 0.1696
-2.3325 0.9571 0.0955
-2.3735 0.8648 0.1262
-2.4053 0.7691 0.1618
-2.2112 0.8070 0.1635
-2.3360 0.6931 0.2147
-2.5030 0.7455 0.1428
-2.4315 0.6706 0.2013
-2.1677 0.6489 0.2455
-2.1965 0.5744 0.2932
-2.2399 0.7079 0.2155
-2.2710 0.6123 0.2698
-2.3634 0.5991 0.2610
-2.4580 0.5665 0.2427
-2.2928 0.5139 0.3279
-2.3782 0.5100 0.3077
-2.4641 0.4682 0.2891
-2.5402 0.4693 0.2403
-2.5222 0.6428 0.1770
-2.5486 0.5492 0.2020
-2.3366 -3.1479 0.0000
-2.5931 -3.1761 0.0000
2.1238 0.7475 0.0859
1.9770 0.8451 0.0509
2.0404 0.7086 0.0883
1.9963 0.6201 0.1053
2.0162 0.5340 0.1318
-2.3815 0.4264 0.3542
-2.4605 0.3688 0.3398
-2.5455 0.3823 0.2717
-2.6115 0.3228 0.2375
-2.7367 0.2203 0.1524
-2.4359 0.2666 0.4018
-2.5269 0.2876 0.3220
-2.6119 0.2235 0.2626
-2.6815 0.1540 0.2087
-2.5787 0.1291 0.3132
-2.6466 0.0592 0.2515
-2.8054 0.1546 0.1078
-2.7400 0.0742 0.1629
-2.8333 0.0543 0.0940
-2.7194 -0.0150 0.1829
-2.7975 -0.0263 0.1189
-2.9414 -0.0680 0.0413
-2.7823 -0.1053 0.1276
-2.8458 -0.2073 0.0799
-3.0235 -0.3025 0.0160
2.9460 -4.4368 0.0000
2.7320 -4.4948 0.0000
2.6571 -4.7514 0.0000
2.0577 -0.3058 0.1970
2.0294 -0.3885 0.1711
1.9468 -0.4425 0.1379
1.8562 -0.4951 0.1038
1.7375 -0.5457 0.0687
2.0331 -0.4805 0.1485
1.9442 -0.5371 0.1151
2.0310 -0.5704 0.1242
1.9664 -0.6365 0.0960
2.0810 -0.6531 0.1094
1.8574 -0.6258 0.0781
2.0030 -0.7298 0.0798
1.8791 -0.7879 0.0519
1.6956 -0.7205 0.0384
1.7148 -0.9342 0.0195
1.4585 -0.8156 0.0126
2.9649 -1.9388 0.0000
2.7544 -2.0795 0.0000
-0.0798 4.4601 0.0000
-0.1250 4.1726 0.0000
-0.3438 4.2679 0.0000
-2.4008 2.6359 0.0000
-0.3802 1.8487 0.0000
-0.3913 1.5601 0.0000
-0.6306 1.3970 0.0001
-4.3628 4.5379 0.0000
-4.5243 4.3609 0.0000
-4.7589 4.2218 0.0000
-1.1353 -2.9153 0.0000
-1.2516 -3.1634 0.0000
-2.2929 -3.3822 0.0000
-2.5460 -3.4550 0.0000
2.7072 0.8093 0.0247
2.6386 0.6182 0.0581
2.4887 0.6172 0.0947
2.5172 0.5244 0.1084
2.6153 0.4787 0.0865
2.5309 0.4301 0.1246
2.5610 0.3544 0.1280
4.1269 3.3882 0.0000
-0.0710 1.9672 0.0000
-0.1245 1.6973 0.0000
1.0268 -1.7912 0.0000
1.0519 -4.0077 0.0000
0.8580 -4.2258 0.0000
1.8112 3.4562 0.0000
1.6832 3.2084 0.0000
-3.8296 1.5551 0.0000
-3.9790 1.3280 0.0000
-4.3009 1.3853 0.0000
-1.2309 0.1527 0.0529
-1.3625 0.2145 0.0783
-1.4542 0.2363 0.1032
-1.4026 0.1243 0.0959
1.7386 4.2127 0.0000
1.4720 4.2338 0.0000
-0.5964 0.2855 0.0059
-0.8238 0.2582 0.0115
-1.8343 -0.9400 0.0600
-1.9155 -0.8247 0.1099
-1.9477 -0.9004 0.0899
-2.0286 -0.8464 0.1224
-2.0296 -0.9559 0.0832
-1.9653 -1.0992 0.0403
-0.7455 4.0585 0.0000
-1.0216 4.0720 0.0000
0.2150 4.7588 0.0000
0.2024 4.5200 0.0000
1.9052 2.4802 0.0000
0.4992 4.7402 0.0000
-2.4071 3.8338 0.0000
-0.5405 2.1921 0.0000
-0.6327 1.9651 0.0000
-4.5277 1.2614 0.0000
-4.6348 0.9512 0.0000
0.5852 0.8709 0.0013
0.3233 0.7813 0.0012
0.2551 0.5089 0.0020
-4.7478 0.4323 0.0000
-4.5133 -2.1666 0.0000
-4.7539 -2.3357 0.0000
2.4414 0.4517 0.1475
2.3676 0.3820 0.1838
2.4214 0.5487 0.1267
2.3549 0.4849 0.1572
2.2817 0.4267 0.1832
2.2013 0.3771 0.1990
2.2817 0.3224 0.2122
2.4677 0.3566 0.1625
2.3937 0.2909 0.1999
2.3232 0.2416 0.2258
2.2389 0.2199 0.2376
2.1758 0.2911 0.2198
2.4819 0.2686 0.1751
2.4879 0.1892 0.1852
2.3983 0.1888 0.2179
2.3107 0.1461 0.2440
2.2126 0.1227 0.2525
2.1482 0.1930 0.2369
2.4461 0.1068 0.2113
2.3700 0.0745 0.2388
2.2765 0.0517 0.2567
2.2503 -0.0408 0.2587
2.1608 -0.0659 0.2532
2.0558 0.1732 0.2218
2.1153 0.0961 0.2439
2.1785 0.0275 0.2570
2.0752 -0.0037 0.2391
2.0764 -0.1012 0.2347
1.9936 -0.0923 0.2122
2.0200 0.0830 0.2214
2.2777 0.5339 0.1510
2.1880 0.5749 0.1392
2.2002 0.4771 0.1696
2.1244 0.4191 0.1806
2.0971 0.3419 0.1971
2.0788 0.2589 0.2123
1.9689 0.1773 0.1966
3.3161 -2.3576 0.0000
4.5066 -3.1351 0.0000
4.7478 -3.5873 0.0000
2.1176 3.4803 0.0000
1.9839 3.2202 0.0000
1.5999 -4.1887 0.0000
3.8894 2.6593 0.0000
-3.5325 3.5328 0.0000
3.7539 2.1168 0.0000
3.4885 2.0560 0.0000
-4.7352 0.7272 0.0000
1.4949 -2.5531 0.0000
2.6589 -0.2508 0.1014
2.5747 -0.2171 0.1439
2.5787 -0.3075 0.1301
2.4838 -0.2636 0.1767
2.4123 -0.3660 0.1795
-1.4012 4.7528 0.0000
-1.3830 4.5108 0.0000
-2.3009 -0.7366 0.1915
-2.2968 -0.8361 0.1420
-2.3813 -0.7943 0.1506
-2.4007 -0.8760 0.1125
-2.3136 -0.9192 0.1058
-2.4834 -0.8523 0.1049
-2.5468 -0.9838 0.0552
-2.8895 -1.1713 0.0041
-4.2359 -2.5920 0.0000
4.7594 -0.7742 0.0000
1.8721 0.1636 0.1666
1.8261 0.0924 0.1559
1.7616 0.0206 0.1355
1.4665 1.4135 0.0012
1.6583 1.2096 0.0049
1.3795 1.1495 0.0030
1.1600 1.3692 0.0007
1.1202 1.0681 0.0019
3.6667 1.3216 0.0000
3.7602 1.0863 0.0000
3.5346 1.0214 0.0000
-3.4346 4.0187 0.0000
-3.1599 3.9761 0.0000
-3.3326 3.7483 0.0000
0.0332 -4.0028 0.0000
-0.0588 -4.2582 0.0000
-2.0622 -3.5263 0.0000
-0.4297 2.6472 0.0000
-1.4682 -0.0475 0.1234
-1.3913 -0.0480 0.0966
-1.4437 -0.1398 0.1113
-1.5395 -0.1102 0.1511
-1.5102 -0.1987 0.1323
-1.6072 -0.1824 0.1774
-1.6955 -0.1546 0.2288
-4.7689 1.1241 0.0000
0.3806 -3.6481 0.0000
3.9043 4.7082 0.0000
-0.9829 -3.9087 0.0000
-1.0782 -4.1760 0.0000
0.3917 1.6237 0.0000
0.1128 1.2423 0.0001
2.8143 2.9409 0.0000
2.4949 3.0135 0.0000
-0.0703 -1.6644 0.0000
1.0806 4.7508 0.0000
-4.2703 1.7445 0.0000
-4.5315 1.8725 0.0000
-4.7590 1.7190 0.0000
3.2746 2.2711 0.0000
1.8366 4.7379 0.0000
1.8540 4.4866 0.0000
-3.0837 -0.5592 0.0052
-3.2143 -0.7510 0.0006
0.4656 -3.3494 0.0000
4.4821 -3.4333 0.0000
0.8920 -0.7233 0.0026
-4.3095 3.3331 0.0000
-4.5134 3.1315 0.0000
4.2762 2.3074 0.0000
4.2472 2.0278 0.0000
1.6668 1.9454 0.0001
1.3805 1.8984 0.0000
4.2794 4.2366 0.0000
4.2507 1.7530 0.0000
2.2059 -2.2092 0.0000
1.9191 -2.2900 0.0000
-0.9683 1.7703 0.0000
-0.8542 -4.3850 0.0000
2.8732 -2.9431 0.0000
-4.5288 2.8140 0.0000
-4.7520 2.6477 0.0000
-0.8186 -0.1965 0.0117
-1.0240 -0.1467 0.0235
-1.2076 -0.2565 0.0423
-1.3672 -0.3493 0.0684
-2.3155 -3.6613 0.0000
-2.5746 -3.7565 0.0000
2.3992 -2.0462 0.0001
2.0466 -2.0125 0.0001
-4.7387 -4.5191 0.0000
-4.7853 -4.7862 0.0000
-0.6613 1.7085 0.0000
-4.7359 4.5333 0.0000
-3.2597 -1.7447 0.0000
-3.4151 -1.9859 0.0000
-3.7718 -2.1419 0.0000
3.4185 0.5766 0.0000
4.7665 -2.6641 0.0000
0.0540 0.6695 0.0013
-0.0836 0.4511 0.0022
-0.0766 0.1653 0.0031
-0.3517 0.3686 0.0032
-0.3121 0.1204 0.0039
1.0466 4.5059 0.0000
0.7554 4.5281 0.0000
-2.8554 2.4133 0.0000
-1.8499 0.8147 0.0984
-1.9515 0.7813 0.1344
-1.9761 0.6880 0.1811
-1.9972 0.5907 0.2356
-2.0700 0.6644 0.2188
-2.1023 0.5758 0.2764
-2.1224 0.4890 0.3331
-4.0138 -1.5435 0.0000
-4.2031 -1.7664 0.0000
-4.2532 -2.0301 0.0000
3.3098 4.1159 0.0000
3.2256 3.8491 0.0000
3.1740 3.5636 0.0000
2.9409 3.4740 0.0000
2.9330 3.7401 0.0000
2.6568 3.6699 0.0000
4.0687 3.9163 0.0000
3.8255 3.8589 0.0000
2.7791 1.7958 0.0002
2.6059 1.6111 0.0009
2.3957 1.4336 0.0039
2.2077 1.2502 0.0111
2.4753 1.1832 0.0126
2.1707 0.8610 0.0607
-3.7742 -3.1584 0.0000
-4.4809 0.5223 0.0000
0.1638 1.8114 0.0000
0.1232 1.5282 0.0000
-4.3941 3.8381 0.0000
-4.3842 3.5754 0.0000
-2.6066 -4.0355 0.0000
-2.6723 -4.3010 0.0000
-2.8177 -4.5171 0.0000
-2.9635 -4.7650 0.0000
4.0219 -1.7212 0.0000
4.0175 -1.9685 0.0000
0.6590 4.2748 0.0000
0.4503 4.4799 0.0000
0.3876 4.2176 0.0000
0.1492 4.2743 0.0000
-4.0647 2.8543 0.0000
-4.5866 3.4181 0.0000
-4.7782 3.2592 0.0000
-4.5179 2.1839 0.0000
4.5288 -1.8991 0.0000
4.2749 -1.7044 0.0000
4.2787 -1.9643 0.0000
2.6466 -1.2335 0.0056
2.4645 -1.3799 0.0048
2.0479 -4.7680 0.0000
-1.5829 -2.3148 0.0000
-4.2911 -2.9889 0.0000
-0.5490 0.0579 0.0062
-0.7814 0.0250 0.0114
3.2245 -0.4498 0.0006
3.1015 -0.6507 0.0016
2.9805 -0.8870 0.0026
2.8317 -1.0783 0.0040
4.0354 4.1720 0.0000
-3.7029 0.2780 0.0000
-3.7203 0.0272 0.0000
-3.9800 0.0600 0.0000
-4.0264 -0.1861 0.0000
-4.2637 -0.1872 0.0000
1.8557 2.9753 0.0000
-1.6210 3.9796 0.0000
-1.6790 3.6998 0.0000
0.2567 2.9675 0.0000
3.9340 -4.7134 0.0000
3.6202 -4.7658 0.0000
-2.8075 -3.3060 0.0000
-4.4946 0.2457 0.0000
-4.7544 0.1316 0.0000
-0.8586 1.5207 0.0001
-0.9133 1.2476 0.0006
1.5728 1.6778 0.0004
1.4133 3.9786 0.0000
1.3477 3.7078 0.0000
1.1332 3.9256 0.0000
1.0398 3.6632 0.0000
4.2353 3.6803 0.0000
0.5325 -1.1943 0.0002
-0.0508 4.7231 0.0000
-0.3400 4.5076 0.0000
2.5104 -0.3602 0.1488
2.4786 -0.4494 0.1405
2.3855 -0.4686 0.1597
2.4548 -0.5444 0.1239
2.2921 -0.5015 0.1632
2.3666 -0.5688 0.1350
2.2675 -0.5988 0.1353
2.3423 -0.6571 0.1127
2.1779 -0.6136 0.1298
2.2574 -0.6962 0.1067
2.1808 -0.6824 0.1098
2.1336 -0.7354 0.0922
3.0005 2.2004 0.0000
2.7514 2.0867 0.0000
4.5276 4.2962 0.0000
4.3102 3.9806 0.0000
-4.7598 2.9631 0.0000
2.6176 -4.2404 0.0000
-2.1727 4.5400 0.0000
-2.3976 4.4245 0.0000
-0.1943 -1.4096 0.0000
3.4132 1.2368 0.0000
3.1959 1.0913 0.0002
3.4645 0.2777 0.0000
3.4319 -0.0039 0.0000
3.5346 -0.8904 0.0000
3.4090 -1.1116 0.0000
4.2569 -4.2536 0.0000
4.2188 -4.5256 0.0000
3.9872 -4.3881 0.0000
3.7388 -4.4880 0.0000
-3.8961 1.0619 0.0000
-0.4116 -3.7410 0.0000
-0.6944 3.5541 0.0000
-0.9735 3.5412 0.0000
-0.5990 4.2778 0.0000
2.7165 3.4457 0.0000
-4.5182 -4.7324 0.0000
1.5910 4.4890 0.0000
1.3172 4.4876 0.0000
4.3072 -2.6783 0.0000
3.8391 -2.2951 0.0000
3.8109 -2.5975 0.0000
3.8975 3.1361 0.0000
3.7259 2.8960 0.0000
2.3520 4.7669 0.0000
2.0838 4.7554 0.0000
-4.2810 -3.2749 0.0000
-4.5325 -3.4097 0.0000
0.2501 -1.1675 0.0001
4.5234 2.2617 0.0000
0.7657 0.4486 0.0035
0.6949 0.2229 0.0037
3.0458 -3.9342 0.0000
2.8703 -4.1814 0.0000
4.7608 -2.9802 0.0000
-3.6339 4.2945 0.0000
-2.9047 1.9134 0.0000
-3.0737 1.6794 0.0000
2.7468 -0.3316 0.0592
2.6340 -0.3702 0.0978
2.5739 -0.4270 0.1122
4.2758 -2.9735 0.0000
4.0074 -3.0728 0.0000
3.9589 -0.3035 0.0000
-0.9968 -0.4086 0.0160
0.6278 4.0224 0.0000
0.5195 3.7637 0.0000
4.4924 -0.0437 0.0000
4.2154 -0.1340 0.0000
-0.8797 4.3555 0.0000
-2.3805 4.1302 0.0000
3.1864 -1.8551 0.0000
-3.7911 -0.7117 0.0000
0.3243 3.2461 0.0000
3.6263 -3.7150 0.0000
3.5715 -4.0083 0.0000
3.3252 -4.0720 0.0000
-0.5989 -1.1630 0.0002
-0.4773 -1.4153 0.0001
-0.6295 -1.6781 0.0000
-3.5909 4.7734 0.0000
-3.3755 1.7343 0.0000
-3.2505 1.4681 0.0000
-3.5420 1.5085 0.0000
-3.7053 1.2794 0.0000
-4.5264 -3.1094 0.0000
-3.3046 -0.3976 0.0004
-3.6253 -0.4694 0.0000
3.7938 3.3818 0.0000
3.5822 3.1434 0.0000
-4.3894 1.0505 0.0000
4.2803 -3.8759 0.0000
4.1111 -4.0700 0.0000
4.7612 -4.7603 0.0000
-1.0992 4.5363 0.0000
-1.2034 4.2846 0.0000
0.7076 -0.9582 0.0007
0.8122 -1.2305 0.0003
-4.1207 0.8705 0.0000
1.3910 3.1908 0.0000
-3.6492 -2.6786 0.0000
2.2170 -1.4437 0.0043
2.0836 -1.6625 0.0011
1.5771 0.9488 0.0116
1.3342 0.8640 0.0071
1.0805 0.7827 0.0039
1.0356 0.5149 0.0066
-3.4074 -2.4828 0.0000
-3.3959 -2.7745 0.0000
-1.1223 4.7738 0.0000
-1.1867 -1.6566 0.0001
-1.3295 -1.8774 0.0000
-1.4844 -1.6362 0.0003
-1.5480 -2.0161 0.0000
-1.6777 -1.8118 0.0002
-1.9108 -1.8953 0.0002
-3.2517 0.6449 0.0004
-2.6387 4.2520 0.0000
-2.8807 4.2131 0.0000
-4.7488 -2.9476 0.0000
-4.7666 -3.2629 0.0000
-4.7729 -3.5726 0.0000
-1.8842 -4.2738 0.0000
-2.1741 -4.4563 0.0000
4.6979 0.5645 0.0000
4.7648 0.3504 0.0000
4.7538 0.0905 0.0000
4.5201 0.2462 0.0000
4.2755 0.1524 0.0000
4.2264 -0.4223 0.0000
3.9819 -0.5865 0.0000
4.7673 -1.7264 0.0000
4.4079 -1.4104 0.0000
4.5171 -1.6322 0.0000
4.4930 2.0323 0.0000
-3.4249 2.4943 0.0000
-3.6203 2.2701 0.0000
-3.9263 2.3210 0.0000
1.3230 2.4180 0.0000
1.0268 2.3799 0.0000
0.9344 2.1143 0.0000
0.6683 2.0320 0.0000
-1.6342 1.3099 0.0059
-3.5104 -1.7004 0.0000
-3.6883 -1.9158 0.0000
-3.9492 -1.8405 0.0000
-4.0145 -2.0806 0.0000
-1.6097 -0.7205 0.0675
-1.6773 4.7385 0.0000
-1.6610 4.4816 0.0000
2.3401 2.7535 0.0000
2.1726 2.5522 0.0000
1.4625 0.4079 0.0371
1.3926 0.1633 0.0394
1.1621 0.0856 0.0179
-1.8887 -0.1757 0.3539
-1.9829 -0.2301 0.4015
-1.9692 -0.3356 0.3511
-2.0603 -0.2830 0.4233
-2.1426 -0.3336 0.4292
-2.0575 -0.3808 0.3732
-2.1396 -0.4334 0.3706
-2.2240 -0.3895 0.4090
2.0696 -2.7620 0.0000
2.1233 -3.0186 0.0000
-4.0326 -3.1317 0.0000
1.9481 1.9978 0.0001
1.8622 1.7227 0.0006
3.2660 -0.8478 0.0001
-2.7738 2.9090 0.0000
2.7912 0.2601 0.0494
2.7223 0.1546 0.0800
2.6370 0.1121 0.1217
2.7601 0.0567 0.0677
2.6731 0.0318 0.1067
2.5910 0.0279 0.1480
2.6451 -0.0536 0.1203
2.5435 -0.0553 0.1713
2.8735 -0.1762 0.0297
2.7502 -0.0630 0.0716
2.6957 -0.1654 0.0915
2.6049 -0.1342 0.1368
1.3529 -3.2710 0.0000
1.2418 -3.5112 0.0000
0.9291 -3.5291 0.0000
-2.3382 -4.7428 0.0000
-1.2129 1.2389 0.0017
-1.4304 1.1274 0.0069
-4.7487 -1.0980 0.0000
3.7561 1.6011 0.0000
3.5120 1.5461 0.0000
3.2927 1.4667 0.0000
-1.7166 0.8464 0.0622
-1.7765 0.7384 0.1029
-1.8065 0.6628 0.1359
-1.5314 0.8250 0.0364
-1.6690 0.7029 0.0835
-1.7338 0.6169 0.1254
-1.6440 0.5888 0.1030
-1.6754 0.5189 0.1313
-1.7504 0.5262 0.1594
-1.7505 0.4366 0.1876
-1.8002 0.3642 0.2371
-1.8277 0.5733 0.1758
-1.8373 0.4777 0.2164
-1.9173 0.5329 0.2313
-1.9565 0.4615 0.2831
-1.8785 0.7212 0.1379
-1.9032 0.6283 0.1834
-2.0309 0.5088 0.2916
-2.0482 0.4163 0.3490
2.8340 -0.6817 0.0160
2.6767 -0.8878 0.0210
2.5204 -1.0446 0.0207
0.6431 -1.4702 0.0000
-0.4769 3.2138 0.0000
-0.7312 3.0348 0.0000
0.5231 -2.2397 0.0000
4.7459 -0.1881 0.0000
2.2575 2.0391 0.0001
-0.7194 -0.9087 0.0011
-2.1941 2.7731 0.0000
3.6584 -4.2469 0.0000
3.4796 -4.5456 0.0000
3.4198 -4.3068 0.0000
3.2013 -4.5063 0.0000
3.2906 -4.7648 0.0000
2.9704 -4.7276 0.0000
-3.3468 -3.7866 0.0000
-3.4229 -4.0567 0.0000
-2.1256 4.0063 0.0000
-2.1548 3.7294 0.0000
-4.1944 -4.3374 0.0000
-4.5359 -4.3695 0.0000
-2.3419 -3.9491 0.0000
-2.3866 -4.2409 0.0000
-0.9889 3.2872 0.0000
-1.2446 3.3001 0.0000
-0.2233 3.0644 0.0000
-0.4688 2.9222 0.0000
-0.4673 -2.9685 0.0000
-0.8097 -3.3386 0.0000
-3.9576 -1.2543 0.0000
-4.2329 -1.3879 0.0000
-2.5831 3.1240 0.0000
4.3977 3.2403 0.0000
4.1765 3.1132 0.0000
4.0271 2.8714 0.0000
-0.2178 -2.1563 0.0000
-0.4873 -2.1821 0.0000
0.8601 -2.0367 0.0000
0.7608 -2.2862 0.0000
0.7201 -2.5356 0.0000
0.7022 -4.0615 0.0000
0.5012 -4.1959 0.0000
0.2200 -4.2307 0.0000
0.8733 -3.0468 0.0000
0.7513 -3.3030 0.0000
-4.1331 3.6678 0.0000
2.6075 4.4459 0.0000
-0.4532 4.0297 0.0000
1.7508 0.7843 0.0363
1.5379 0.6847 0.0251
1.3033 0.5911 0.0142
-2.9023 4.4684 0.0000
-3.1194 4.2154 0.0000
-2.8865 3.9550 0.0000
-3.0267 3.7120 0.0000
-3.6012 1.0049 0.0000
0.9016 -0.0038 0.0076
0.8886 -0.2550 0.0065
2.0647 -3.5328 0.0000
1.9655 -3.7779 0.0000
0.4403 2.7563 0.0000
0.1620 2.6722 0.0000
1.4957 -3.5952 0.0000
1.3259 -3.8142 0.0000
1.3422 -4.0889 0.0000
1.4429 2.6859 0.0000
1.1617 2.6500 0.0000
0.8871 2.6059 0.0000
0.7332 2.3184 0.0000
-0.6965 -3.8266 0.0000
-0.7859 -4.1045 0.0000
-3.7460 -4.4930 0.0000
-3.8936 -4.7605 0.0000
-4.0348 -4.5321 0.0000
-4.3573 -4.5262 0.0000
1.6033 -2.8043 0.0000
1.4583 -3.0265 0.0000
1.2202 3.4346 0.0000
1.1029 3.1626 0.0000
2.3947 3.5601 0.0000
2.4998 3.3215 0.0000
3.6655 -1.2585 0.0000
3.5907 -1.5638 0.0000
4.2235 -4.7737 0.0000
-2.0562 1.4102 0.0097
-2.1449 1.1887 0.0358
-2.7783 1.1451 0.0090
-2.5305 1.1547 0.0280
-2.3289 1.1080 0.0514
-2.4418 0.9682 0.0787
-2.5956 0.9545 0.0536
2.7274 -3.9519 0.0000
3.6291 4.7849 0.0000
3.6185 4.5288 0.0000
3.3720 4.7116 0.0000
3.3566 4.4112 0.0000
4.5032 -4.7676 0.0000
2.3801 4.5364 0.0000
2.3022 4.3021 0.0000
4.2663 1.2078 0.0000
1.2892 1.6304 0.0002
4.7520 -2.3423 0.0000
4.7445 3.5883 0.0000
0.2065 -1.6793 0.0000
3.9996 1.6476 0.0000
3.9422 1.3707 0.0000
-2.1387 -1.0379 0.0668
-2.1762 -1.2288 0.0280
-2.3886 -1.3723 0.0118
-2.1566 -1.4909 0.0060
-2.3938 -1.6390 0.0022
-2.6284 -1.4123 0.0051
-2.6968 -1.6732 0.0007
2.1409 -0.1604 0.2405
2.0947 -0.2266 0.2213
2.0307 -0.1822 0.2132
1.9857 -0.2629 0.1869
1.9448 -0.3421 0.1594
1.8716 -0.3925 0.1283
1.9381 -0.1784 0.1853
1.8838 -0.2658 0.1549
1.8181 -0.3280 0.1245
1.7775 -0.4195 0.0981
1.6544 -0.4206 0.0693
4.0778 2.4749 0.0000
3.8074 2.3955 0.0000
3.5422 2.3387 0.0000
3.4429 -0.2975 0.0000
3.7034 -0.4465 0.0000
3.4505 -0.6122 0.0000
-0.1511 -4.5084 0.0000
-0.2043 -4.7495 0.0000
-0.4620 -4.7453 0.0000
-0.7586 -4.7753 0.0000
-0.1492 -0.8953 0.0003
-0.4340 -0.9052 0.0005
0.0100 -0.6291 0.0007
-0.2764 -0.6463 0.0009
0.3667 -1.4361 0.0000
2.3469 -4.7579 0.0000
3.9627 3.6206 0.0000
3.6724 3.6377 0.0000
3.4112 3.6522 0.0000
3.4912 3.3973 0.0000
2.9850 1.9055 0.0000
-4.4680 -0.6450 0.0000
-1.1060 0.7553 0.0101
-1.1427 0.5239 0.0222
-1.3491 0.6448 0.0334
-1.5356 0.6267 0.0665
-1.5718 0.5110 0.0975
-1.6451 0.4558 0.1354
-1.3014 0.3607 0.0529
-1.4433 0.3335 0.0883
-1.4551 0.4669 0.0732
-1.5658 0.4080 0.1159
-1.5315 0.3282 0.1177
-1.0861 -3.4229 0.0000
-1.1365 -3.6897 0.0000
-1.3643 -3.6622 0.0000
1.7550 -2.0607 0.0000
1.4592 -2.0704 0.0000
-3.2383 -2.2390 0.0000
-3.5225 -2.2212 0.0000
-3.7255 -2.4136 0.0000
-4.4982 -0.9634 0.0000
2.0150 2.7525 0.0000
1.7295 2.7129 0.0000
1.6090 2.4502 0.0000
-1.7935 -1.5778 0.0016
-0.2036 -3.9397 0.0000
-0.2907 -4.2036 0.0000
-0.3190 -0.1379 0.0037
-2.2592 3.0152 0.0000
-2.4854 2.8877 0.0000
-2.3898 -0.1163 0.4798
-2.4151 -0.2046 0.4392
-2.5003 -0.1674 0.3815
-2.5733 -0.2340 0.2968
-2.4856 -0.2660 0.3647
-2.5618 -0.3279 0.2788
-2.6498 -0.3107 0.2081
-2.7395 -0.2656 0.1439
-2.7262 -0.4212 0.1250
-2.7306 -0.3522 0.1357
-2.8283 -0.3368 0.0777
-2.8568 -0.4814 0.0499
-2.5552 -0.4167 0.2514
-2.6391 -0.4055 0.1910
-2.7209 -0.5023 0.1111
-2.6381 -0.4919 0.1656
-2.6426 -0.5741 0.1378
-2.7458 -0.6042 0.0784
3.3450 -3.8139 0.0000
3.1312 -4.2298 0.0000
-4.2351 -0.4643 0.0000
0.8470 1.8401 0.0000
0.6557 1.6988 0.0000
4.7477 1.9826 0.0000
-2.0560 -0.4803 0.3169
-2.1344 -0.5323 0.3084
-2.2216 -0.4880 0.3473
-2.2238 -0.5828 0.2867
-2.2163 -0.6799 0.2271
-2.3077 -0.5442 0.3048
-2.3050 -0.6411 0.2455
-2.3894 -0.6976 0.1967
-2.4666 -0.7616 0.1446
-4.3484 -1.5903 0.0000
-4.5496 -1.5491 0.0000
-4.7523 -1.7184 0.0000
4.7783 4.2084 0.0000
4.5498 4.0462 0.0000
0.3286 3.9648 0.0000
2.1151 4.5178 0.0000
2.0219 4.2454 0.0000
4.2462 -0.6884 0.0000
4.0148 -0.8937 0.0000
-2.9034 -1.4284 0.0010
-3.1948 -1.4878 0.0000
-3.4444 -1.4685 0.0000
2.6068 -2.8216 0.0000
2.3624 -2.9717 0.0000
0.2896 -0.6523 0.0008
0.1314 -0.9000 0.0003
-3.3034 -3.0181 0.0000
0.1054 -4.5011 0.0000
-1.5370 0.2475 0.1320
-1.5753 0.1686 0.1588
-1.6543 0.0192 0.2122
-1.6309 -0.0810 0.1979
-1.6223 0.3258 0.1551
-1.6272 0.2421 0.1733
-1.6806 0.3906 0.1671
-1.7209 0.3163 0.2066
-1.7067 0.2297 0.2186
-1.6601 0.1369 0.2067
-1.7241 0.0734 0.2524
-1.7252 -0.0586 0.2556
-1.7620 0.1621 0.2659
-1.8216 0.0936 0.3176
-1.7773 0.0122 0.2920
-1.8276 -0.0646 0.3265
-1.9059 -0.0885 0.3817
-1.7941 -0.1499 0.2928
-1.8214 -0.2497 0.2896
-1.9064 -0.2686 0.3392
4.7551 1.4115 0.0000
4.7546 1.1126 0.0000
4.5123 1.2756 0.0000
4.7339 0.8260 0.0000
4.4881 0.9977 0.0000
0.3942 2.4699 0.0000
0.1609 2.3798 0.0000
-0.0729 2.2502 0.0000
-0.3101 2.0981 0.0000
2.7261 3.9499 0.0000
-1.1803 2.5072 0.0000
4.7472 -0.4766 0.0000
-1.2577 2.7691 0.0000
-1.5085 3.1854 0.0000
-1.4752 2.9069 0.0000
-1.6489 2.7249 0.0000
2.2669 3.2392 0.0000
2.1711 2.9757 0.0000
3.3537 0.8547 0.0000
-1.8790 -2.3859 0.0000
4.4756 -2.1961 0.0000
4.1183 -2.2082 0.0000
-4.4171 0.7812 0.0000
-1.6546 -0.6006 0.1092
-1.7299 -0.8003 0.0758
-1.7222 -0.6776 0.1084
-1.8060 -0.6977 0.1272
-1.8990 -0.7011 0.1532
-1.8480 -0.7869 0.1078
-1.9638 -0.7699 0.1415
1.3047 -2.7839 0.0000
0.9504 -2.5590 0.0000
1.0122 -2.7963 0.0000
-0.6488 -4.5416 0.0000
-0.9480 -4.6499 0.0000
-0.1359 1.4067 0.0001
-0.1372 1.1126 0.0003
-0.3817 1.2606 0.0002
-0.6305 1.1134 0.0006
4.2373 -1.1703 0.0000
4.1428 -1.4498 0.0000
3.8609 -1.4745 0.0000
-0.1433 0.8177 0.0008
-0.3386 0.6479 0.0018
-0.6241 0.5346 0.0042
-0.2279 3.9346 0.0000
-0.3443 3.7071 0.0000
-0.4471 3.4818 0.0000
3.6491 0.7640 0.0000
-3.9645 -0.9488 0.0000
-1.5831 -3.8202 0.0000
-2.6341 3.9854 0.0000
-2.6960 3.6907 0.0000
-3.9640 0.5639 0.0000
-3.9622 0.3102 0.0000
-4.1988 0.6058 0.0000
-4.2200 0.3454 0.0000
-4.2378 0.0820 0.0000
1.4713 -4.7083 0.0000
2.8851 -3.2163 0.0000
1.7483 0.1340 0.1277
1.6500 0.1508 0.0966
1.5469 0.0873 0.0718
1.5259 -0.0374 0.0677
1.3485 -0.0573 0.0359
4.5311 -2.8298 0.0000
2.7532 3.1849 0.0000
-2.8021 -3.5941 0.0000
-3.0798 -3.7132 0.0000
3.6130 2.6243 0.0000
3.3424 2.5593 0.0000
3.0663 2.4769 0.0000
-2.6782 2.6486 0.0000
-3.4172 0.1276 0.0001
-1.1120 -0.6653 0.0131
-1.5527 1.6551 0.0005
-1.7945 1.5122 0.0030
3.1723 0.5425 0.0011
2.9890 0.3475 0.0097
4.7143 2.4738 0.0000
0.0954 4.0257 0.0000
-0.0091 3.8138 0.0000
-0.1210 3.6040 0.0000
4.4944 -0.6233 0.0000
4.2803 -0.9370 0.0000
-2.5672 2.3856 0.0000
-2.7405 2.1483 0.0000
-2.8493 -3.8694 0.0000
-3.1300 -4.0100 0.0000
2.6547 -3.4230 0.0000
2.3615 -3.5011 0.0000
-1.1354 3.8056 0.0000
-1.4192 3.7588 0.0000
-1.5239 3.4647 0.0000
-1.7982 3.2976 0.0000
-3.1672 4.4836 0.0000
-3.3717 4.2553 0.0000
0.3691 1.3460 0.0001
0.3618 1.0703 0.0004
0.1029 0.9569 0.0005
-1.6360 -2.8657 0.0000
3.6707 0.4519 0.0000
-2.5945 -0.8377 0.0805
-2.7625 -0.9402 0.0261
-2.8854 -0.7184 0.0231
-3.0426 -0.9416 0.0028
-3.1694 -1.2202 0.0002
4.7637 -1.0842 0.0000
4.7249 -1.4037 0.0000
-0.5722 -0.1863 0.0062
-0.7111 -0.4297 0.0062
-0.8517 -0.6581 0.0053
2.4507 3.8627 0.0000
0.3180 -1.9515 0.0000
0.2808 -2.1931 0.0000
0.0313 -2.1646 0.0000
2.5523 -3.7126 0.0000
2.2577 -3.7605 0.0000
-3.7098 4.0681 0.0000
-3.6258 3.7991 0.0000
-4.0777 -0.6773 0.0000
-4.5031 -2.4784 0.0000
-4.7445 -2.6470 0.0000
-4.1174 -2.8286 0.0000
-3.9723 4.1506 0.0000
-4.1855 3.9799 0.0000
-1.3166 -2.4476 0.0000
-2.1895 2.1753 0.0000
-1.9870 1.9936 0.0002
-2.0110 1.7099 0.0013
2.0928 0.6141 0.1203
2.1112 0.5167 0.1509
2.0436 0.4461 0.1605
2.0171 0.3645 0.1754
1.9480 0.4537 0.1383
1.9278 0.3480 0.1563
1.8362 0.3156 0.1357
1.9961 0.2721 0.1897
1.9017 0.2512 0.1655
1.8005 0.2163 0.1378
-0.2119 2.7640 0.0000
-0.0877 2.5470 0.0000
-0.3253 2.3992 0.0000
0.5891 -0.7007 0.0013
0.4159 -0.9253 0.0004
2.4800 2.4978 0.0000
2.2722 2.3309 0.0000
-0.4226 -0.4099 0.0028
3.0832 -2.5050 0.0000
2.8534 -2.6626 0.0000
4.5307 2.7621 0.0000
4.4356 2.5360 0.0000
4.7136 3.2856 0.0000
4.5338 3.0335 0.0000
-0.7512 -1.9452 0.0000
-1.0433 -1.9856 0.0000
-1.0507 -2.3050 0.0000
-1.3019 -2.1630 0.0000
-1.4036 1.4421 0.0011
1.1210 -0.1680 0.0151
1.0681 -0.4718 0.0084
-1.4535 2.5627 0.0000
0.0872 -1.4151 0.0000
-4.2499 2.2886 0.0000
-4.2956 2.0034 0.0000
-2.0794 -3.8357 0.0000
-1.4756 1.9634 0.0000
-1.7526 1.8320 0.0003
4.5018 1.8004 0.0000
-1.8049 2.5251 0.0000
-1.9432 2.2879 0.0000
-2.6036 1.8866 0.0002
-2.7838 1.6448 0.0005
-2.1242 -0.9137 0.1069
-2.2254 -0.9477 0.0980
-2.2908 -1.0554 0.0628
-2.4084 -0.9785 0.0765
-2.4339 -1.1656 0.0326
-2.6530 -1.1826 0.0158
4.7699 3.8934 0.0000
4.5107 3.7660 0.0000
4.4574 3.4903 0.0000
-1.8333 0.9727 0.0542
-1.9301 0.8742 0.0964
-1.9892 0.9911 0.0704
-2.0858 0.9169 0.1060
-2.0206 0.8526 0.1210
-2.0466 0.7581 0.1665
-2.1165 0.8281 0.1461
-2.1424 0.7368 0.1938
0.6538 -0.0014 0.0036
0.6405 -0.2299 0.0032
-0.0317 -1.1544 0.0001
-0.3143 -1.1559 0.0001
-4.0927 -3.7435 0.0000
-4.3443 -3.8636 0.0000
0.4804 -1.7112 0.0000
-1.0667 2.2554 0.0000
-2.3347 -2.6559 0.0000
-2.6206 -2.6750 0.0000
-3.4234 1.2302 0.0000
4.7494 -3.2872 0.0000
3.7191 0.1441 0.0000
3.6900 -0.1543 0.0000
3.0916 1.3631 0.0002
2.9203 1.2053 0.0015
2.7069 1.0630 0.0098
1.3282 -2.3043 0.0000
1.2053 -2.5433 0.0000
-1.8938 3.8575 0.0000
1.7459 -4.7600 0.0000
0.0021 2.8864 0.0000
0.1614 -0.0275 0.0021
-0.1395 -0.3821 0.0015
-4.2072 -4.7516 0.0000
3.4083 -1.3594 0.0000
3.3208 -1.6292 0.0000
-4.7506 3.9285 0.0000
-4.6145 3.7368 0.0000
-4.7831 3.5803 0.0000
-0.9952 2.7831 0.0000
1.9095 -3.2133 0.0000
1.6708 -3.1305 0.0000
1.5881 -3.3635 0.0000
2.1784 3.7643 0.0000
1.9057 3.7090 0.0000
-0.7173 2.7561 0.0000
-0.9042 2.5183 0.0000
1.8131 -1.1708 0.0092
1.6367 -1.3594 0.0021
1.3583 -1.3124 0.0010
1.1887 -1.5480 0.0002
0.9168 -1.5094 0.0001
4.7740 2.9838 0.0000
4.7598 2.7134 0.0000
4.4806 -0.3322 0.0000
-0.2850 4.7488 0.0000
-2.9913 0.5355 0.0137
-3.6256 -3.8513 0.0000
-3.6990 -4.1277 0.0000
-3.8990 -3.9475 0.0000
-3.9200 -4.2584 0.0000
2.1006 -2.4946 0.0000
1.8090 -2.5859 0.0000
-0.9004 -2.8096 0.0000
-0.7512 -3.0335 0.0000
-0.9956 -3.1429 0.0000
1.2168 2.1576 0.0000
1.1211 1.9052 0.0000
1.0507 1.6677 0.0001
1.5327 -1.0970 0.0054
1.2678 -1.0313 0.0028
1.0878 -1.2680 0.0005
4.7463 1.7012 0.0000
4.4757 1.5325 0.0000
-0.8816 -1.1637 0.0006
-0.7612 -1.4261 0.0001
-0.9145 -1.6970 0.0000
-2.9910 1.0341 0.0026
-2.7768 0.8640 0.0299
-3.0281 0.7871 0.0045
-3.2885 0.9491 0.0001
4.2360 -3.2698 0.0000
4.1987 -3.5712 0.0000
3.9494 -3.3407 0.0000
3.8830 -3.6074 0.0000
3.7826 -2.0245 0.0000
3.5571 -2.1846 0.0000
-3.4556 0.4326 0.0000
2.5043 -0.1546 0.1830
2.3865 -0.2673 0.2079
2.3239 -0.3209 0.2089
2.3096 -0.4078 0.1884
2.5468 0.1142 0.1662
2.4993 0.0316 0.1928
2.4278 0.0001 0.2229
2.4609 -0.0744 0.2079
2.4169 -0.1817 0.2136
2.3451 -0.0214 0.2472
2.3926 -0.1048 0.2301
2.3147 -0.1101 0.2476
2.3211 -0.1975 0.2347
2.2680 -0.2596 0.2287
2.2339 -0.1417 0.2503
2.2022 -0.2233 0.2363
2.1552 -0.2899 0.2181
2.1258 -0.3810 0.1916
2.2272 -0.3421 0.2101
2.2124 -0.4339 0.1847
2.2006 -0.5246 0.1576
2.1174 -0.4703 0.1660
2.1126 -0.5600 0.1396
-3.4315 3.2727 0.0000
-3.7385 3.3211 0.0000
-3.9007 3.0938 0.0000
-3.6141 3.0527 0.0000
-3.7855 2.8259 0.0000
1.4862 -0.3902 0.0426
1.5507 -0.5838 0.0350
1.3243 -0.5608 0.0170
-1.5616 -2.5763 0.0000
-1.7948 -2.6337 0.0000
-4.7399 -0.7885 0.0000
2.5853 -1.8761 0.0002
-0.8973 0.4818 0.0107
2.8386 -3.6956 0.0000
-4.3023 2.9847 0.0000
-4.2868 2.6987 0.0000
-4.1700 2.5044 0.0000
-4.4860 2.4918 0.0000
0.4599 2.2241 0.0000
0.2019 2.1059 0.0000
-2.8775 -4.1329 0.0000
-2.9997 -4.3167 0.0000
-3.1289 -4.5434 0.0000
-3.5546 -4.3205 0.0000
-3.2582 -4.2787 0.0000
-3.2810 -4.7726 0.0000
-3.4193 -4.5333 0.0000
-3.5940 -4.7455 0.0000
0.8026 4.7682 0.0000
-2.9395 1.3892 0.0007
-3.1433 1.2135 0.0002
2.5064 1.9076 0.0002
-1.6131 -4.5259 0.0000
-1.8860 -4.5253 0.0000
-1.7430 -4.7687 0.0000
-2.0474 -4.7485 0.0000
-0.8605 3.8052 0.0000
-1.2386 3.5466 0.0000
0.7171 2.8299 0.0000
0.6326 2.5461 0.0000
3.1293 4.7811 0.0000
2.8918 4.7508 0.0000
2.6304 4.7300 0.0000
-3.3528 -0.9728 0.0000
-3.4552 -1.2113 0.0000
-3.7019 -1.0647 0.0000
-3.7057 -1.3717 0.0000
-3.7571 -1.6209 0.0000
-1.7442 -1.1479 0.0180
-1.0804 0.3014 0.0268
0.9226 3.3963 0.0000
0.7132 3.5606 0.0000
-3.0265 -3.4381 0.0000
-2.9215 3.4572 0.0000
-3.2273 3.4905 0.0000
-2.8550 3.1844 0.0000
-3.1369 3.2284 0.0000
-3.3310 3.0014 0.0000
-2.2847 1.8789 0.0005
-2.4948 1.6257 0.0021
4.0499 0.1458 0.0000
3.9411 -0.0333 0.0000
0.1552 -0.3538 0.0013
-2.9003 -2.7041 0.0000
-2.7598 -2.9496 0.0000
-2.9554 -3.1143 0.0000
2.6834 -1.5369 0.0010
2.4241 -1.6627 0.0010
2.2441 -1.8517 0.0003
-1.8340 -3.6945 0.0000
-2.4727 0.8495 0.1122
-2.5690 0.8190 0.0950
-2.5904 0.7071 0.1224
-2.6490 0.7689 0.0816
-2.6210 0.6184 0.1366
-2.7098 0.6715 0.0805
-2.6368 0.5235 0.1573
-2.7246 0.5609 0.0973
-2.8128 0.4586 0.0708
-2.7070 0.4581 0.1301
4.1064 4.4758 0.0000
2.0425 2.2511 0.0000
1.7415 -3.6816 0.0000
1.5920 -3.8986 0.0000
-2.3066 -0.4470 0.3659
-2.3902 -0.5023 0.3067
-2.4716 -0.4586 0.2897
-2.5571 -0.5064 0.2140
-2.3928 -0.6019 0.2482
-2.4744 -0.5578 0.2381
-2.4817 -0.6628 0.1837
-2.5451 -0.7613 0.1195
-2.5612 -0.5996 0.1739
-2.5743 -0.6916 0.1331
-2.6551 -0.6554 0.1082
-2.6874 -0.7509 0.0724
-1.7962 -0.5123 0.1898
-1.8837 -0.5200 0.2246
-1.9716 -0.5167 0.2638
-1.9375 -0.6043 0.2078
-2.0434 -0.5832 0.2541
-1.9928 -0.6769 0.1905
-2.1430 -0.6221 0.2549
-2.0810 -0.6700 0.2158
-2.0528 -0.7569 0.1657
-2.1221 -0.8235 0.1445
-2.1420 -0.7301 0.1932
-2.2172 -0.7779 0.1730
-2.2094 -0.8668 0.1304
0.5849 -1.9940 0.0000
-2.2442 1.5936 0.0036
-2.3529 1.3487 0.0147
-2.6424 1.3884 0.0052
-0.6209 2.4701 0.0000
-0.7913 2.2552 0.0000
1.0883 -3.7368 0.0000
0.8333 -3.8269 0.0000
2.4400 -3.9874 0.0000
2.3380 -4.2493 0.0000
-1.9171 4.4815 0.0000
-2.1252 4.2761 0.0000
0.8834 1.5145 0.0001
0.8903 1.2457 0.0006
-1.9252 -2.8974 0.0000
-1.7677 -3.1083 0.0000
-2.1906 -2.9123 0.0000
-2.0514 -3.1946 0.0000
3.5024 -1.8740 0.0000
-2.5142 -1.9040 0.0003
-2.6404 -2.1714 0.0000
-2.9344 -2.1983 0.0000
-3.0626 -2.4467 0.0000
-3.1837 -2.6654 0.0000
-1.3309 -1.3862 0.0010
-1.6156 -1.3662 0.0036
-1.9271 -1.3477 0.0100
-2.0223 -1.6701 0.0014
2.7714 0.4565 0.0423
2.6457 0.1962 0.1116
2.6483 0.3755 0.0903
2.6589 0.2832 0.0972
2.5655 0.2770 0.1388
2.5738 0.1974 0.1454
-3.5168 0.7390 0.0000
-3.7111 0.5378 0.0000
0.0032 -2.4033 0.0000
-0.2688 -2.4140 0.0000
-0.5595 -2.4551 0.0000
-0.0673 -2.6523 0.0000
-0.3614 -2.6867 0.0000
-0.6400 -2.7391 0.0000
2.2307 4.0403 0.0000
1.9409 3.9718 0.0000
3.4318 -3.2385 0.0000
3.1860 -3.3532 0.0000
2.9452 -3.4474 0.0000
-4.0775 4.5116 0.0000
-4.2348 4.2691 0.0000
-1.9408 4.7403 0.0000
-2.1906 4.7726 0.0000
-2.4337 4.7166 0.0000
-2.6648 4.5142 0.0000
4.5381 -2.5146 0.0000
4.2944 -2.4091 0.0000
2.2982 1.0165 0.0332
2.0702 1.0404 0.0268
-3.4252 -0.6372 0.0000
-3.5734 -0.8358 0.0000
3.2386 0.3010 0.0007
3.1861 0.0855 0.0015
2.9393 0.0720 0.0186
0.4160 0.0747 0.0024
0.3853 -0.1844 0.0020
0.5313 3.0385 0.0000
3.1446 -0.1797 0.0022
2.9410 -0.4242 0.0125
2.6981 -0.5026 0.0578
2.5563 -0.5229 0.0997
-3.8495 -2.8888 0.0000
-0.8357 -2.5106 0.0000
-1.1000 -2.6126 0.0000
-1.3535 -2.7604 0.0000
1.6756 0.0576 0.1076
1.6413 -0.0187 0.0976
1.6312 -0.1311 0.0909
1.7145 -0.0641 0.1186
1.6944 -0.2062 0.1033
1.6191 -0.2755 0.0772
1.7246 -0.3169 0.0995
1.4910 -0.1975 0.0554
1.4643 -1.5801 0.0004
1.3086 -1.8183 0.0000
-0.5648 -0.6608 0.0019
-1.4689 0.0446 0.1226
-1.4890 0.1491 0.1240
-1.5679 0.0786 0.1634
-1.5579 -0.0140 0.1618
-2.9323 0.3015 0.0364
-3.1924 0.3618 0.0017
-3.1016 0.1155 0.0077
-2.4761 -2.9097 0.0000
-3.5793 -2.9743 0.0000
-2.2147 -1.8652 0.0004
-2.3484 -2.1416 0.0000
-2.4793 -2.4100 0.0000
-2.7714 -2.4356 0.0000
-4.0331 3.3998 0.0000
-4.1395 3.1515 0.0000
0.5572 -3.8561 0.0000
0.3234 -3.9595 0.0000
-0.8784 2.0133 0.0000
-1.1793 1.9989 0.0000
1.9259 0.0848 0.1909
1.8686 0.0066 0.1729
1.9721 -0.0043 0.2089
1.9037 -0.0843 0.1825
1.8107 -0.0694 0.1505
1.8468 -0.1672 0.1557
1.7548 -0.1450 0.1270
1.7822 -0.2397 0.1262
1.1713 -3.0351 0.0000
1.0525 -3.2829 0.0000
0.4847 -2.4946 0.0000
0.2450 -2.4360 0.0000
0.4554 -2.7564 0.0000
0.2113 -2.6730 0.0000
0.0982 -2.9004 0.0000
0.0091 -3.1485 0.0000
3.5873 -2.7885 0.0000
3.3807 -2.9681 0.0000
3.1320 -3.1013 0.0000
4.0499 -2.5022 0.0000
3.8352 -2.8646 0.0000
-3.7905 2.0429 0.0000
-3.6752 1.7795 0.0000
-3.9877 1.8080 0.0000
-4.0613 2.0666 0.0000
2.9478 0.9288 0.0035
3.1382 0.7787 0.0009
2.8976 0.6386 0.0120
3.7488 -0.7267 0.0000
4.4339 0.7230 0.0000
4.4375 0.4666 0.0000
4.2098 0.9250 0.0000
4.1548 0.6538 0.0000
4.1966 0.4095 0.0000
3.9368 0.3400 0.0000
0.8196 3.1099 0.0000
2.5066 0.9392 0.0331
2.5021 0.7490 0.0642
2.4038 0.6639 0.0993
2.3497 0.5943 0.1260
2.3495 0.8236 0.0661
2.2402 0.7386 0.0918
2.3334 0.7034 0.0970
2.2662 0.6362 0.1204
2.1704 0.6680 0.1106
-0.5344 4.7651 0.0000
-0.6068 4.5212 0.0000
-3.7417 4.5560 0.0000
-3.8944 4.3617 0.0000
-4.0318 -3.4286 0.0000
-4.2966 -3.5634 0.0000
3.2266 1.9882 0.0000
3.1506 1.6887 0.0000
2.9121 1.5518 0.0003
2.7007 1.3522 0.0027
0.6204 3.3058 0.0000
-1.5154 4.2440 0.0000
-1.8360 4.1851 0.0000
-1.4581 -1.1144 0.0082
-3.0825 -2.9066 0.0000
2.8999 2.6896 0.0000
2.6268 2.7256 0.0000
-2.9602 2.6808 0.0000
-3.1415 2.4506 0.0000
-3.3233 2.2237 0.0000
4.3133 2.8989 0.0000
4.2168 2.6621 0.0000
4.3909 4.5185 0.0000
2.6222 -0.6690 0.0550
2.5139 -0.6179 0.0913
2.3748 -0.9190 0.0469
2.4318 -0.6559 0.1000
2.4944 -0.7839 0.0599
2.3541 -0.7579 0.0840
2.2319 -0.8116 0.0756
2.0803 -0.8358 0.0636
2.1928 -0.9925 0.0381
2.3315 -1.1748 0.0163
1.9611 -0.9726 0.0314
2.0748 -1.2023 0.0133
2.5549 -2.2410 0.0000
2.3603 -2.4088 0.0000
-1.2369 -0.4717 0.0328
-1.3575 -0.6639 0.0320
-1.4873 -0.8335 0.0295
-1.6410 -0.9489 0.0324
3.4289 2.8562 0.0000
3.1569 2.7752 0.0000
2.4687 -4.5048 0.0000
-4.4938 -1.8567 0.0000
-4.7528 -2.0220 0.0000
3.7690 -1.7625 0.0000
4.7841 4.7794 0.0000
4.7199 4.5106 0.0000
4.5150 4.7551 0.0000
3.6955 1.8379 0.0000
3.4233 1.7734 0.0000
-1.3832 -0.2203 0.0856
-1.4647 -0.2711 0.1074
-1.4942 -0.3651 0.1048
-1.5628 -0.2783 0.1447
-1.5892 -0.3618 0.1416
-1.6759 -0.3405 0.1848
-1.5464 -0.4530 0.1072
-1.6405 -0.4367 0.1465
-1.4348 -0.4864 0.0678
-1.5251 -0.6051 0.0705
-1.6014 -0.5210 0.1115
-1.7292 -0.4230 0.1888
-1.7017 -0.5131 0.1508
-1.7502 -0.5976 0.1428
-1.8398 -0.6111 0.1700
-3.9172 3.8656 0.0000
-3.8300 3.5956 0.0000
-0.8550 0.9635 0.0020
-0.8682 0.7146 0.0053
-1.3230 4.0275 0.0000
-3.9385 -0.4460 0.0000
1.1577 -2.0580 0.0000
1.0257 -2.3046 0.0000
-3.1805 -3.2354 0.0000
0.4630 -0.4450 0.0017
3.2484 3.3279 0.0000
3.0045 3.2423 0.0000
-4.5464 -3.7058 0.0000
-4.7624 -3.8859 0.0000
-4.5448 -4.0202 0.0000
-4.7490 -4.2044 0.0000
3.1312 4.5427 0.0000
2.8734 4.5024 0.0000
3.0829 4.2838 0.0000
3.0093 4.0199 0.0000
2.8007 4.2257 0.0000
2.5190 4.1614 0.0000
3.2935 -2.0808 0.0000
3.0511 -2.1981 0.0000
4.7747 2.2285 0.0000
4.0174 2.1939 0.0000
3.9711 1.9061 0.0000
1.6513 -4.4847 0.0000
1.1331 -4.2760 0.0000
1.4003 -4.3984 0.0000
1.1991 -4.5383 0.0000
1.2459 -4.7705 0.0000
1.0164 -4.7639 0.0000
3.1266 -1.1286 0.0003
3.1674 -1.3841 0.0001
2.8953 -1.3637 0.0007
3.0184 -1.6231 0.0001
2.7988 -1.7497 0.0001
-0.8320 4.7078 0.0000
-4.1543 -4.0512 0.0000
-4.3896 -4.1839 0.0000
-0.0719 -0.1140 0.0022
1.2754 2.9236 0.0000
0.9953 2.8840 0.0000
-1.2913 -3.9542 0.0000
-1.3575 -4.2551 0.0000
-1.5685 -4.0723 0.0000
-1.6377 -4.3002 0.0000
-4.4732 -2.7858 0.0000
