5.0000 5.0000 0.0000
0.0000 5.0000 0.0000
2.5000 5.0000 0.0000
3.7500 5.0000 0.0000
4.3750 5.0000 0.0000
4.6875 5.0000 0.0000
4.0625 5.0000 0.0000
3.1250 5.0000 0.0000
3.4375 5.0000 0.0000
2.8125 5.0000 0.0000
1.2500 5.0000 0.0000
1.8750 5.0000 0.0000
2.1875 5.0000 0.0000
1.5625 5.0000 0.0000
0.6250 5.0000 0.0000
0.9375 5.0000 0.0000
0.3125 5.0000 0.0000
-2.5000 5.0000 0.0000
-1.2500 5.0000 0.0000
-0.6250 5.0000 0.0000
-0.3125 5.0000 0.0000
-0.9375 5.0000 0.0000
-1.8750 5.0000 0.0000
-1.5625 5.0000 0.0000
-2.1875 5.0000 0.0000
-3.7500 5.0000 0.0000
-3.1250 5.0000 0.0000
-2.8125 5.0000 0.0000
-3.4375 5.0000 0.0000
-4.3750 5.0000 0.0000
-4.0625 5.0000 0.0000
-4.6875 5.0000 0.0000
5.0000 -5.0000 0.0000
5.0000 0.0000 0.0000
5.0000 -2.5000 0.0000
5.0000 -3.7500 0.0000
5.0000 -4.3750 0.0000
5.0000 -4.6875 0.0000
5.0000 -4.0625 0.0000
5.0000 -3.1250 0.0000
5.0000 -3.4375 0.0000
5.0000 -2.8125 0.0000
5.0000 -1.2500 0.0000
5.0000 -1.8750 0.0000
5.0000 -2.1875 0.0000
5.0000 -1.5625 0.0000
5.0000 -0.6250 0.0000
5.0000 -0.9375 0.0000
5.0000 -0.3125 0.0000
5.0000 2.5000 0.0000
5.0000 1.2500 0.0000
5.0000 0.6250 0.0000
5.0000 0.3125 0.0000
5.0000 0.9375 0.0000
5.0000 1.8750 0.0000
5.0000 1.5625 0.0000
5.0000 2.1875 0.0000
5.0000 3.7500 0.0000
5.0000 3.1250 0.0000
5.0000 2.8125 0.0000
5.0000 3.4375 0.0000
5.0000 4.3750 0.0000
5.0000 4.0625 0.0000
5.0000 4.6875 0.0000
-5.0000 -5.0000 0.0000
0.0000 -5.0000 0.0000
-2.5000 -5.0000 0.0000
-3.7500 -5.0000 0.0000
-4.3750 -5.0000 0.0000
-4.6875 -5.0000 0.0000
-4.0625 -5.0000 0.0000
-3.1250 -5.0000 0.0000
-3.4375 -5.0000 0.0000
-2.8125 -5.0000 0.0000
-1.2500 -5.0000 0.0000
-1.8750 -5.0000 0.0000
-2.1875 -5.0000 0.0000
-1.5625 -5.0000 0.0000
-0.6250 -5.0000 0.0000
-0.9375 -5.0000 0.0000
-0.3125 -5.0000 0.0000
2.5000 -5.0000 0.0000
1.2500 -5.0000 0.0000
0.6250 -5.0000 0.0000
0.3125 -5.0000 0.0000
0.9375 -5.0000 0.0000
1.8750 -5.0000 0.0000
1.5625 -5.0000 0.0000
2.1875 -5.0000 0.0000
3.7500 -5.0000 0.0000
3.1250 -5.0000 0.0000
2.8125 -5.0000 0.0000
3.4375 -5.0000 0.0000
4.3750 -5.0000 0.0000
4.0625 -5.0000 0.0000
4.6875 -5.0000 0.0000
-5.0000 5.0000 0.0000
-5.0000 0.0000 0.0000
-5.0000 2.5000 0.0000
-5.0000 3.7500 0.0000
-5.0000 4.3750 0.0000
-5.0000 4.6875 0.0000
-5.0000 4.0625 0.0000
-5.0000 3.1250 0.0000
-5.0000 3.4375 0.0000
-5.0000 2.8125 0.0000
-5.0000 1.2500 0.0000
-5.0000 1.8750 0.0000
-5.0000 2.1875 0.0000
-5.0000 1.5625 0.0000
-5.0000 0.6250 0.0000
-5.0000 0.9375 0.0000
-5.0000 0.3125 0.0000
-5.0000 -2.5000 0.0000
-5.0000 -1.2500 0.0000
-5.0000 -0.6250 0.0000
-5.0000 -0.3125 0.0000
-5.0000 -0.9375 0.0000
-5.0000 -1.8750 0.0000
-5.0000 -1.5625 0.0000
-5.0000 -2.1875 0.0000
-5.0000 -3.7500 0.0000
-5.0000 -3.1250 0.0000
-5.0000 -2.8125 0.0000
-5.0000 -3.4375 0.0000
-5.0000 -4.3750 0.0000
-5.0000 -4.0625 0.0000
-5.0000 -4.6875 0.0000
3.7792 -2.9545 0.0000
3.6184 -3.1265 0.0000
4.4812 0.0659 0.0000
4.4759 -1.4653 0.0000
4.4663 -1.7338 0.0000
4.1882 -1.5522 0.0000
4.2280 -1.8494 0.0000
4.1742 -2.1072 0.0000
2.0831 -3.1457 0.0000
4.5171 3.4766 0.0000
4.5046 3.1859 0.0000
-4.5189 -3.1740 0.0000
-4.7431 -3.0042 0.0000
-4.7487 -3.3101 0.0000
-4.0076 1.9502 0.0000
-4.2747 1.6791 0.0000
-4.5356 1.5532 0.0000
-4.4979 3.5035 0.0000
-1.7708 0.6502 0.1263
-1.8387 0.6339 0.1562
-1.8493 0.5584 0.1897
-1.9426 0.5747 0.2224
-1.9038 0.4828 0.2470
-1.9974 0.4913 0.2872
-1.9644 0.4101 0.3116
-2.0418 0.3875 0.3612
-2.1052 0.3163 0.4244
4.7036 -1.9191 0.0000
4.4464 2.8989 0.0000
4.5374 4.4873 0.0000
4.2579 -3.2720 0.0000
0.1679 -2.8742 0.0000
3.9996 -1.8038 0.0000
3.7229 -1.8031 0.0000
3.8886 -2.0482 0.0000
3.7068 -2.2874 0.0000
3.5301 -2.5172 0.0000
3.4876 3.5394 0.0000
3.4604 3.2193 0.0000
-0.1718 0.7560 0.0011
-1.3295 -1.9425 0.0000
-1.5691 -2.0698 0.0000
2.3430 2.1777 0.0000
2.1954 1.9212 0.0002
1.8304 -2.7031 0.0000
1.0038 1.8928 0.0000
1.0408 1.6038 0.0001
0.7837 1.6970 0.0000
0.5550 1.5247 0.0000
2.0664 -3.7205 0.0000
4.4475 -0.6761 0.0000
4.1225 -0.6907 0.0000
4.7115 2.4408 0.0000
4.7443 2.2164 0.0000
4.5014 2.1607 0.0000
-0.4276 2.8757 0.0000
1.9430 -0.1117 0.1949
1.8140 -0.2086 0.1407
1.6878 -0.3327 0.0882
2.0522 -0.0800 0.2313
2.0207 -0.1650 0.2138
1.9153 -0.1935 0.1766
1.8838 -0.2776 0.1538
1.7889 -0.3008 0.1206
1.7732 -0.3933 0.1019
1.6825 -0.4819 0.0675
1.4961 -0.5289 0.0334
-2.0132 2.2005 0.0000
-0.6483 0.6643 0.0033
-2.5824 3.3683 0.0000
-2.6285 3.1191 0.0000
-2.8136 2.9401 0.0000
4.0034 -4.5744 0.0000
3.8757 -4.7776 0.0000
3.5715 -4.7521 0.0000
-4.2584 -1.9086 0.0000
1.5050 -4.1600 0.0000
-1.7356 2.9723 0.0000
2.6840 -1.9629 0.0001
-0.8440 -3.6786 0.0000
-2.4803 0.6181 0.2071
-2.5845 0.6297 0.1511
-2.4874 0.5015 0.2587
-2.5415 0.5494 0.2056
-2.6341 0.5352 0.1547
-2.7186 0.5442 0.1035
-2.7803 0.4649 0.0856
-2.5719 0.4558 0.2233
-2.6764 0.4387 0.1546
-2.6075 0.3674 0.2268
-2.7031 0.3385 0.1583
-2.7906 0.3659 0.0946
-2.7407 0.2553 0.1440
-2.8241 0.2781 0.0854
-2.8663 0.1792 0.0697
-2.9513 0.0582 0.0373
-1.6673 -3.0743 0.0000
2.5825 -1.1398 0.0112
2.3555 -1.0631 0.0266
2.1445 -0.9645 0.0417
2.1553 -1.1957 0.0149
1.9299 -1.0445 0.0218
1.9249 -1.3174 0.0058
1.6947 -1.4384 0.0017
-4.1291 -0.6114 0.0000
-4.3649 -0.7682 0.0000
-4.4604 2.7239 0.0000
-4.7309 2.5801 0.0000
-4.0820 -1.1559 0.0000
-4.1609 -1.3970 0.0000
4.4745 -0.1780 0.0000
4.5238 -0.4168 0.0000
4.2684 -0.4480 0.0000
-3.2174 2.6005 0.0000
-3.4322 2.4709 0.0000
3.3526 2.6714 0.0000
3.0625 2.5832 0.0000
-3.7821 -3.6964 0.0000
-4.0122 -3.7728 0.0000
1.6244 -3.6111 0.0000
-2.3372 -2.2328 0.0000
3.7730 -3.2899 0.0000
3.5613 -3.4754 0.0000
-4.5997 -1.2191 0.0000
-3.0269 -3.7030 0.0000
3.0961 -0.4295 0.0028
2.8374 -0.5311 0.0231
2.8539 -0.7889 0.0101
2.7315 -0.9529 0.0124
0.0279 2.6360 0.0000
0.0472 2.3755 0.0000
-0.1628 2.1618 0.0000
2.3913 0.5552 0.1317
2.3288 0.4868 0.1615
2.1983 0.4125 0.1898
2.2910 0.5763 0.1380
2.1905 0.5840 0.1373
2.2377 0.4959 0.1651
2.1429 0.4889 0.1633
2.0451 0.4750 0.1538
2.1031 0.3846 0.1881
2.2534 3.1911 0.0000
2.0739 3.0056 0.0000
-2.0935 -0.3081 0.4243
-2.1504 -0.3800 0.4035
-2.1928 -0.4578 0.3635
-2.2732 -0.4344 0.3781
-2.2870 -0.5200 0.3224
-2.3711 -0.5054 0.3111
-2.4180 -0.6701 0.2025
-2.4384 -0.5593 0.2536
-2.4987 -0.6163 0.1974
-2.5231 -0.6999 0.1505
-3.4489 -4.1902 0.0000
-3.7325 -4.2114 0.0000
1.3709 -1.0497 0.0037
-4.7488 -0.4441 0.0000
-4.7573 -0.7744 0.0000
0.0615 -4.3067 0.0000
-3.9041 -2.3649 0.0000
4.3099 0.3214 0.0000
4.2092 0.0787 0.0000
2.5727 0.1517 0.1515
2.5114 0.0948 0.1853
2.4663 0.0163 0.2085
2.4093 -0.0629 0.2287
2.5084 -0.0658 0.1884
2.4516 -0.1476 0.2063
2.3487 -0.1338 0.2395
2.4116 0.1000 0.2253
2.3716 0.0207 0.2417
2.2930 0.0431 0.2564
2.2770 -0.1781 0.2443
2.3052 -0.0568 0.2542
2.2198 -0.1018 0.2559
2.1858 -0.1867 0.2430
2.1199 -0.1326 0.2419
2.2035 -0.2622 0.2295
2.0962 -0.2371 0.2209
-0.7002 2.1844 0.0000
2.0785 2.2027 0.0000
-2.5902 3.6632 0.0000
-2.3305 3.2010 0.0000
-2.4667 2.9016 0.0000
-2.0388 4.2327 0.0000
0.4721 4.7242 0.0000
-1.8522 -0.5643 0.1921
-1.8889 -0.6477 0.1714
-1.9775 -0.6396 0.2032
-1.9374 -0.7328 0.1502
-2.0418 -0.7085 0.1864
-2.0179 -0.7858 0.1456
-2.0326 -0.8776 0.1108
-2.0991 -0.8134 0.1463
-2.1425 -0.8865 0.1189
-2.1822 -0.9715 0.0890
-2.1250 -0.7292 0.1909
-2.1967 -0.8062 0.1580
-2.2348 -0.8919 0.1199
-2.2995 -0.9685 0.0892
-2.2251 -1.0807 0.0573
-2.4216 -1.1119 0.0431
-2.3957 -0.9498 0.0873
-0.1254 -2.8608 0.0000
-0.2863 -3.1145 0.0000
-1.2240 -4.1384 0.0000
-2.9442 1.7150 0.0001
-3.0759 1.4699 0.0001
-3.4666 4.5221 0.0000
-3.5836 4.2410 0.0000
-3.2411 1.7250 0.0000
-3.3598 1.4836 0.0000
-3.0695 1.2284 0.0004
-3.3187 1.2268 0.0000
1.6028 -4.5243 0.0000
-0.0052 -2.3800 0.0000
3.0299 2.3231 0.0000
2.3340 -3.7292 0.0000
2.4791 -3.9781 0.0000
2.6597 -0.5046 0.0695
2.5419 -0.5077 0.1077
2.5722 -0.5860 0.0825
2.4942 -0.4209 0.1424
2.4740 -0.5069 0.1285
2.4649 -0.5922 0.1096
2.6488 -0.7025 0.0445
2.4965 -0.6952 0.0781
2.4005 -0.7631 0.0778
2.3059 -0.8717 0.0599
2.5185 -0.8843 0.0397
2.4094 -0.4898 0.1493
2.3680 -0.5627 0.1368
2.2889 -0.6264 0.1261
2.3813 -0.6562 0.1082
2.2878 -0.7271 0.0968
2.2013 -0.6771 0.1119
2.1081 -0.6948 0.1009
2.1710 -0.7898 0.0798
-4.0300 -2.6435 0.0000
-4.2236 -2.7742 0.0000
-3.1669 -4.1802 0.0000
-0.6445 1.4283 0.0001
-0.8027 1.1920 0.0006
-0.9850 0.9555 0.0031
3.0552 -1.3264 0.0002
-1.2302 2.7089 0.0000
-1.4791 2.5267 0.0000
-2.8242 1.9588 0.0000
-1.4891 0.4114 0.0908
-1.5755 0.3814 0.1254
-1.6442 0.2666 0.1779
-4.3048 1.4064 0.0000
4.7664 1.9787 0.0000
4.7713 -1.0718 0.0000
4.2611 2.6226 0.0000
3.9726 2.6213 0.0000
4.1305 2.3689 0.0000
3.8195 2.3915 0.0000
3.6672 2.6484 0.0000
3.5310 2.4049 0.0000
3.2694 2.3901 0.0000
3.3736 2.1383 0.0000
3.1090 2.0949 0.0000
4.4532 0.5526 0.0000
-0.2686 4.5328 0.0000
0.5350 4.4597 0.0000
-4.5146 -1.5244 0.0000
-2.7328 -1.9103 0.0001
-2.8845 -2.1959 0.0000
-3.0453 -2.4487 0.0000
3.1848 -1.5735 0.0000
0.5109 -2.5185 0.0000
0.3635 -0.8263 0.0006
1.3284 -2.6190 0.0000
0.6727 2.6821 0.0000
0.5689 2.4310 0.0000
-2.7620 -1.5341 0.0013
-2.9431 -1.7177 0.0001
-1.6010 -2.5893 0.0000
-1.7846 -2.8048 0.0000
-0.1534 4.0848 0.0000
-0.3623 4.2703 0.0000
-0.6506 4.1709 0.0000
-0.4010 3.9970 0.0000
-0.6108 3.8640 0.0000
-0.2259 2.4267 0.0000
-0.4752 2.3317 0.0000
-0.4013 2.1163 0.0000
-0.5714 1.9306 0.0000
-0.7502 1.7045 0.0000
4.7387 -0.7522 0.0000
-4.7546 2.8288 0.0000
0.5782 -1.0550 0.0003
-1.9511 -3.0473 0.0000
4.0692 1.9024 0.0000
3.7029 1.5934 0.0000
2.9309 -4.2399 0.0000
0.9743 -3.9651 0.0000
3.9787 -2.3212 0.0000
3.8111 -2.5890 0.0000
3.6102 -2.7890 0.0000
-4.7616 0.4867 0.0000
1.0998 -3.6845 0.0000
-4.2535 2.5088 0.0000
-4.4862 2.4131 0.0000
-4.7474 2.3016 0.0000
4.4262 2.3912 0.0000
4.2519 2.1153 0.0000
3.9333 3.9642 0.0000
3.7381 3.7357 0.0000
3.7392 3.4177 0.0000
1.4146 2.5940 0.0000
1.2249 2.8693 0.0000
1.1607 2.6136 0.0000
1.1251 2.3645 0.0000
-2.3900 -0.2743 0.4267
-2.4122 -0.1095 0.4654
-2.3502 -0.1871 0.4813
-2.4521 -0.1999 0.4128
-2.4915 -0.2874 0.3513
-2.5175 -0.3744 0.2963
-2.0703 -0.1389 0.4778
-2.1651 -0.1422 0.5140
-2.2399 -0.1861 0.5085
-2.0352 -0.2356 0.4284
-2.1262 -0.2166 0.4774
-2.1891 -0.2725 0.4688
-2.2326 -0.3522 0.4297
-2.2882 -0.2652 0.4699
-2.3270 -0.3478 0.4176
-2.3637 -0.4288 0.3589
-2.4261 -0.3624 0.3644
-2.4650 -0.4583 0.2928
-2.5806 -0.4351 0.2251
-2.5971 -0.3142 0.2525
-2.5381 -0.5280 0.2160
-2.6399 -0.5326 0.1520
-2.6658 -0.4514 0.1590
-2.7676 -0.5565 0.0780
-2.4833 2.2777 0.0000
-2.2733 2.0825 0.0001
-0.1397 -4.0111 0.0000
-0.1879 -4.2680 0.0000
0.1340 -1.7564 0.0000
-1.1158 -4.3930 0.0000
-3.9056 4.7542 0.0000
0.2755 -2.3416 0.0000
0.2670 -2.6143 0.0000
0.0195 -2.6301 0.0000
-3.9205 -2.8982 0.0000
-4.1329 -3.0285 0.0000
-4.2755 -3.2749 0.0000
1.7384 -4.7619 0.0000
-1.2627 -1.1932 0.0023
1.4350 -2.3284 0.0000
1.5840 -3.9197 0.0000
-2.4592 -4.5144 0.0000
-2.7503 -4.4955 0.0000
-2.6348 -4.7552 0.0000
-2.9268 -4.7426 0.0000
3.8901 0.5610 0.0000
3.7592 0.3593 0.0000
-0.9728 -3.4045 0.0000
-1.0218 -3.9065 0.0000
2.4623 1.8840 0.0003
-2.2637 2.6895 0.0000
-0.5818 -2.3938 0.0000
1.5679 -3.0853 0.0000
1.3129 -3.1952 0.0000
1.3238 -3.4783 0.0000
-0.1560 -0.1339 0.0026
-0.2449 -0.3950 0.0017
0.0672 1.5009 0.0000
1.2172 -1.4886 0.0002
3.4981 -1.1327 0.0000
-0.8658 3.9133 0.0000
-1.1265 3.9571 0.0000
-1.1043 3.6956 0.0000
-1.4011 3.7128 0.0000
1.5112 4.2482 0.0000
1.4929 3.9483 0.0000
1.2433 4.1796 0.0000
1.2001 3.9266 0.0000
0.9378 3.9742 0.0000
3.0471 -2.6721 0.0000
2.8421 -2.8715 0.0000
2.6115 -3.0268 0.0000
-0.5496 -3.6931 0.0000
-0.7107 -3.9549 0.0000
-0.8702 1.9770 0.0000
-1.0342 1.7431 0.0000
-0.9209 1.4677 0.0002
-1.1996 1.5010 0.0004
2.4860 2.6752 0.0000
-4.0216 0.3388 0.0000
-4.2845 -3.7282 0.0000
-4.4648 -3.4825 0.0000
-4.7475 -3.5999 0.0000
-4.5225 -3.7787 0.0000
-4.7657 -3.9037 0.0000
2.2295 2.4690 0.0000
2.3701 0.4103 0.1768
2.2823 0.3983 0.1925
2.2666 0.3120 0.2170
2.2000 0.2379 0.2344
0.2413 0.1832 0.0024
0.1171 -0.0744 0.0020
0.0749 -0.3387 0.0013
-2.2744 -4.2800 0.0000
0.3055 2.2652 0.0000
4.7521 -2.6817 0.0000
3.9706 -4.0130 0.0000
4.2258 -4.1532 0.0000
3.9556 -4.2936 0.0000
4.2257 -4.4330 0.0000
3.7182 -4.5098 0.0000
2.6120 0.5234 0.0812
2.5253 0.4441 0.1247
2.4954 0.5476 0.1101
2.4348 0.4716 0.1452
2.4484 0.3685 0.1672
2.6271 0.4024 0.0954
2.5407 0.3455 0.1388
2.5571 0.2451 0.1482
2.4706 0.2797 0.1785
2.3987 0.2604 0.2061
2.4763 0.1837 0.1918
2.3842 0.1878 0.2232
2.3563 0.3197 0.2032
2.2996 0.2241 0.2338
2.3153 0.1227 0.2472
2.2248 0.1488 0.2506
2.2114 0.0705 0.2583
2.2175 -0.0127 0.2607
1.4539 -0.1824 0.0499
1.3258 -0.3443 0.0264
-2.9986 0.3057 0.0194
-3.3492 0.2817 0.0002
-3.4194 -0.0645 0.0001
0.9566 -4.1972 0.0000
0.8674 -4.5152 0.0000
4.7572 0.1223 0.0000
-1.7782 0.8013 0.0839
-1.8446 0.7297 0.1235
0.4300 4.1777 0.0000
0.1350 4.1562 0.0000
3.9498 2.1443 0.0000
3.6608 2.1435 0.0000
3.7983 1.8841 0.0000
3.5346 1.8778 0.0000
3.4054 1.6302 0.0000
-1.3854 -2.2915 0.0000
3.3251 -2.7282 0.0000
3.4032 -2.9873 0.0000
3.1197 -2.9526 0.0000
3.1662 -3.2087 0.0000
-2.3127 -1.5152 0.0053
2.0240 1.6728 0.0010
1.8678 1.3701 0.0039
4.5309 -0.9404 0.0000
4.5182 -1.1926 0.0000
3.4386 1.1208 0.0000
4.7585 -2.9799 0.0000
0.6178 -3.4528 0.0000
0.5549 -3.7025 0.0000
0.3700 -3.9248 0.0000
-0.1477 4.7862 0.0000
0.0100 4.5941 0.0000
1.2245 -2.0110 0.0000
1.6504 0.3515 0.0787
1.6199 0.2030 0.0854
1.5088 0.1167 0.0628
1.6158 0.0716 0.0907
1.5447 -0.0456 0.0726
1.3502 -0.0234 0.0367
4.2227 -0.1851 0.0000
3.9977 -0.3770 0.0000
3.8335 -0.5822 0.0000
3.7705 -0.2387 0.0000
3.6233 -0.4157 0.0000
3.5742 -0.6556 0.0000
2.3938 -1.5828 0.0018
2.1692 -1.7575 0.0007
1.9484 -1.9304 0.0002
-1.5600 0.6084 0.0753
-1.6507 0.5398 0.1172
-1.5434 0.4984 0.0922
-1.6188 0.4543 0.1267
-1.7111 0.4614 0.1626
-1.7661 0.3817 0.2139
-1.6667 0.3636 0.1686
-1.7370 0.2893 0.2238
2.6453 -3.7335 0.0000
0.3086 -1.0925 0.0002
4.0535 -1.0344 0.0000
3.9878 -1.3155 0.0000
3.8735 -1.5623 0.0000
2.7711 4.2687 0.0000
2.6396 3.9832 0.0000
-0.7176 2.7579 0.0000
-0.9722 2.6007 0.0000
2.7996 2.3330 0.0000
2.6029 2.1204 0.0000
3.9150 4.7551 0.0000
-4.3732 -0.4644 0.0000
-4.5631 -0.6151 0.0000
1.3647 2.3159 0.0000
1.0517 2.1371 0.0000
-1.2136 -2.8618 0.0000
-1.4878 4.2337 0.0000
-1.7631 4.2324 0.0000
-0.3949 -2.8577 0.0000
-0.6287 -2.9385 0.0000
-0.5174 -3.1913 0.0000
-0.8059 -3.1678 0.0000
-1.5597 3.4607 0.0000
-1.8476 3.4820 0.0000
-1.7533 3.2470 0.0000
3.5663 -0.1112 0.0000
3.3843 -0.3225 0.0001
-4.7657 3.9069 0.0000
-4.7609 3.6109 0.0000
-0.9743 -1.1306 0.0010
0.2475 -0.5784 0.0009
-1.2610 -3.3711 0.0000
-1.5795 -4.5809 0.0000
0.0986 0.6426 0.0014
0.1009 0.3813 0.0023
-0.1408 0.4693 0.0022
-0.0734 0.1535 0.0030
-0.3228 0.2831 0.0036
-0.3713 0.0417 0.0045
-4.5135 -4.0517 0.0000
1.9312 1.9394 0.0002
4.7455 4.2559 0.0000
4.2876 4.4558 0.0000
4.0251 4.4821 0.0000
4.1432 4.1816 0.0000
3.7430 4.5256 0.0000
3.8626 4.2467 0.0000
3.6604 4.0264 0.0000
-0.6965 -1.8779 0.0000
-0.8853 -2.1510 0.0000
-1.5637 -1.1979 0.0076
-1.3472 -1.4407 0.0007
-1.8077 -1.3504 0.0073
-4.5134 -1.8027 0.0000
-0.3966 -1.7574 0.0000
2.6671 0.0059 0.1106
2.6012 -0.0677 0.1428
2.7668 -0.0701 0.0654
2.6698 -0.1082 0.1070
2.7233 -0.2144 0.0771
2.6359 -0.1805 0.1189
2.5764 -0.2530 0.1393
2.5761 -0.3426 0.1263
-0.4177 -3.9369 0.0000
-0.6788 -4.2367 0.0000
4.0932 -2.5574 0.0000
3.9944 -2.8193 0.0000
-3.5168 -1.8225 0.0000
-3.7200 -2.0921 0.0000
-0.0015 -3.1129 0.0000
0.6103 -1.3122 0.0001
0.3763 -1.6021 0.0000
1.4418 -1.5432 0.0004
1.4014 -1.7931 0.0001
1.1273 -1.7256 0.0000
0.9799 -1.9762 0.0000
0.1078 -0.8527 0.0004
0.0390 -1.1394 0.0001
-2.3080 0.9933 0.0845
-2.3637 0.9076 0.1104
-2.4753 0.8931 0.0960
-2.5443 0.7864 0.1131
-2.5859 0.8698 0.0752
-2.2436 0.9173 0.1145
-2.2974 0.8307 0.1501
-2.3889 0.8164 0.1442
-2.4685 0.7973 0.1330
-2.3453 0.7339 0.1918
-2.4368 0.7172 0.1773
-2.5228 0.7017 0.1524
-2.6183 0.7311 0.1028
-2.6857 0.6429 0.0971
-2.8333 0.6178 0.0431
-3.2942 3.1578 0.0000
-3.4686 2.9786 0.0000
0.4502 -4.7474 0.0000
-4.1563 0.0715 0.0000
-3.6966 -0.1125 0.0000
-3.9587 -0.1603 0.0000
-4.1486 -0.3352 0.0000
-4.2896 -0.1467 0.0000
-4.5204 -0.2684 0.0000
-3.3912 -0.7874 0.0000
-3.6141 -0.9395 0.0000
-3.8416 -1.0583 0.0000
0.8714 -2.4879 0.0000
1.2841 4.4557 0.0000
1.0349 4.4773 0.0000
1.0616 3.6745 0.0000
0.8564 3.4925 0.0000
0.6089 3.5159 0.0000
0.5779 3.2694 0.0000
0.3950 3.0539 0.0000
4.7684 -4.7551 0.0000
-1.4993 2.8312 0.0000
-1.7331 2.6510 0.0000
3.1318 1.0344 0.0004
2.8080 1.0725 0.0055
2.9039 0.8329 0.0068
-0.5135 -2.6241 0.0000
-0.7481 -2.6879 0.0000
-0.9245 -2.9072 0.0000
2.8566 3.0968 0.0000
2.6949 2.8754 0.0000
-2.5680 -4.2568 0.0000
1.2578 -0.5767 0.0130
1.0295 -0.6997 0.0042
4.7591 -3.5852 0.0000
1.7019 -2.2070 0.0000
-0.5540 -0.4563 0.0035
-0.8512 -0.5615 0.0069
-0.9073 -0.8412 0.0032
-1.1352 -0.6768 0.0138
4.2139 1.2581 0.0000
-0.4726 2.6018 0.0000
-0.7339 2.4628 0.0000
-0.9811 2.2751 0.0000
-1.8924 -2.5166 0.0000
-2.1988 -2.5320 0.0000
2.9701 3.3265 0.0000
-3.9843 3.5097 0.0000
-0.4059 -3.4452 0.0000
-0.6883 -3.4325 0.0000
-3.0185 -1.9556 0.0000
-3.2673 -1.9043 0.0000
-3.4465 -2.1325 0.0000
-1.4928 -2.8406 0.0000
4.4458 4.2162 0.0000
4.3281 3.9640 0.0000
4.1250 3.8361 0.0000
3.9797 3.6119 0.0000
0.1570 -4.7563 0.0000
-1.3798 -3.1052 0.0000
-1.0922 1.2339 0.0011
-1.3967 1.2622 0.0031
-1.2429 1.0034 0.0060
-2.9243 -0.6712 0.0198
-3.1146 -0.8755 0.0016
-3.3478 -1.0640 0.0000
-3.5842 -1.2575 0.0000
0.0657 2.0797 0.0000
1.6345 2.3840 0.0000
2.2171 2.7430 0.0000
-0.9366 -4.1720 0.0000
0.7760 0.8862 0.0016
0.5539 0.9611 0.0009
0.3275 0.7836 0.0011
0.5845 0.6706 0.0020
0.3749 0.4679 0.0022
1.4562 -1.2773 0.0017
3.7990 -3.5535 0.0000
3.5299 -3.7390 0.0000
1.6976 2.6608 0.0000
-0.7027 -1.0420 0.0005
-0.5097 -1.2492 0.0001
-0.7714 -1.3476 0.0001
-4.7666 1.0876 0.0000
-3.3476 0.7452 0.0001
0.2790 3.9246 0.0000
0.1638 3.6711 0.0000
-0.0205 3.8741 0.0000
-0.1257 3.5858 0.0000
-0.2879 3.7811 0.0000
-0.4943 3.6303 0.0000
-2.0418 -1.7476 0.0008
-1.8925 -3.8266 0.0000
-2.0792 -4.0528 0.0000
-3.5601 2.2277 0.0000
-3.8727 2.1972 0.0000
-3.6753 2.0005 0.0000
-3.7851 1.7950 0.0000
1.7806 1.0962 0.0117
1.7470 0.8565 0.0281
-2.7590 -2.4612 0.0000
-2.1761 3.9797 0.0000
2.1561 -3.4414 0.0000
4.7397 -0.1665 0.0000
4.7544 -0.4663 0.0000
-2.6648 -3.9957 0.0000
4.4599 0.8250 0.0000
4.2001 0.6744 0.0000
0.2951 -3.6365 0.0000
0.0739 -3.8338 0.0000
0.1484 -4.1021 0.0000
-3.9652 0.8273 0.0000
-3.8632 0.5761 0.0000
3.2679 -4.7464 0.0000
-3.2028 0.5055 0.0012
-1.2090 0.7550 0.0144
-1.2043 0.5245 0.0273
-1.3994 0.5548 0.0503
-3.7688 4.0015 0.0000
-3.7838 3.7505 0.0000
3.9473 -0.0605 0.0000
-1.8507 0.8588 0.0840
2.6358 -4.2300 0.0000
2.3322 -4.2299 0.0000
2.1973 -4.4963 0.0000
-2.3210 4.7564 0.0000
1.4949 0.3242 0.0485
1.2365 0.3610 0.0177
-4.7626 -1.4011 0.0000
-4.0120 2.9961 0.0000
-4.1519 2.7466 0.0000
2.5244 -2.4549 0.0000
2.3080 -2.6521 0.0000
2.0840 -2.8381 0.0000
-3.6911 3.4851 0.0000
4.7162 0.6825 0.0000
4.7828 0.4421 0.0000
-4.7919 -1.0747 0.0000
0.7580 3.7497 0.0000
0.3849 3.5880 0.0000
0.3245 3.3438 0.0000
0.0766 3.4197 0.0000
0.1192 3.1317 0.0000
-1.1490 2.0256 0.0000
-1.3108 1.7864 0.0001
2.3421 -2.9581 0.0000
-1.8054 0.4735 0.2023
-1.8625 0.3995 0.2604
-1.8338 0.3095 0.2761
-1.9283 0.3349 0.3245
-2.0054 0.2975 0.3853
-1.9075 0.2432 0.3450
-1.9807 0.1983 0.4072
-2.0668 0.2223 0.4487
-2.1324 0.1542 0.5001
-1.8065 0.2197 0.2840
-1.8715 0.1572 0.3429
-1.9444 0.1198 0.4021
-2.0409 0.1163 0.4658
-2.1567 0.2448 0.4745
-2.2196 0.1952 0.5046
-1.9726 0.0347 0.4326
-2.0096 -0.0644 0.4555
-2.0625 0.0149 0.4905
-2.1205 -0.0531 0.5162
-2.1269 0.0652 0.5169
-2.2195 0.0978 0.5323
-2.3063 0.0641 0.5270
-2.2221 -0.0790 0.5362
-2.1916 0.0100 0.5391
-2.2788 -0.0101 0.5380
-2.3550 -0.0471 0.5091
-2.3012 -0.1138 0.5201
3.3043 2.9387 0.0000
1.5476 4.5262 0.0000
-1.0649 -1.4100 0.0002
-1.2280 -1.6751 0.0001
-3.0371 -4.4668 0.0000
-3.2023 -4.7316 0.0000
-2.3574 -2.7571 0.0000
-2.5187 -2.9916 0.0000
4.5055 -3.1284 0.0000
-0.7152 0.9224 0.0016
-0.9425 0.6760 0.0075
-3.7808 1.5180 0.0000
-3.8579 1.2821 0.0000
-4.0773 1.3954 0.0000
-4.0590 1.1006 0.0000
3.3963 -1.7624 0.0000
-4.3897 -2.9756 0.0000
0.0298 1.8077 0.0000
-0.0603 4.3430 0.0000
3.0802 4.2592 0.0000
1.7252 1.8436 0.0002
1.4868 1.7933 0.0002
-2.9666 2.7158 0.0000
4.5155 -3.7268 0.0000
4.0476 -3.7178 0.0000
3.7969 -3.7795 0.0000
-3.5762 3.2338 0.0000
-3.8668 3.2446 0.0000
-2.6102 4.7517 0.0000
2.5507 -0.1544 0.1624
2.4826 -0.2394 0.1818
2.3816 -0.2152 0.2197
2.3970 -0.3037 0.1983
2.2991 -0.2673 0.2252
2.2284 -0.3462 0.2099
2.4900 -0.3317 0.1626
2.4097 -0.3990 0.1728
2.3193 -0.3644 0.1994
2.3317 -0.4596 0.1717
2.2447 -0.4362 0.1849
2.0708 -0.4320 0.1694
2.1335 -0.3277 0.2073
2.1513 -0.4139 0.1867
2.2751 -0.5304 0.1559
2.1756 -0.5021 0.1632
2.1962 -0.5883 0.1383
2.1155 -0.6079 0.1262
0.6340 -0.0817 0.0035
0.3841 -0.2999 0.0018
-3.3112 -4.4546 0.0000
-3.4571 -4.7312 0.0000
-4.2079 4.7570 0.0000
-4.2013 4.2601 0.0000
-2.0566 1.8955 0.0004
-1.8366 -3.3141 0.0000
4.2584 3.6185 0.0000
4.2522 3.3611 0.0000
-1.6387 -2.3509 0.0000
4.7669 3.8045 0.0000
4.4939 3.7559 0.0000
0.1597 2.8518 0.0000
2.1302 1.4055 0.0049
2.2801 1.1435 0.0192
2.0333 1.1504 0.0156
3.6982 -4.2533 0.0000
3.4192 -4.4914 0.0000
-4.7694 -4.1981 0.0000
0.1843 4.7640 0.0000
0.2518 4.4486 0.0000
-3.0812 4.2124 0.0000
-3.3027 4.0436 0.0000
-3.5225 3.9606 0.0000
-3.5184 3.7166 0.0000
-1.8904 4.4949 0.0000
1.8779 -3.5010 0.0000
-0.8729 3.1967 0.0000
-0.9744 2.9155 0.0000
2.0827 0.5544 0.1372
1.9628 0.5087 0.1288
1.8634 0.4778 0.1128
1.8440 0.3892 0.1258
1.7697 0.3256 0.1150
1.7003 0.2594 0.1030
1.4056 -4.4014 0.0000
1.4285 -4.7566 0.0000
-1.0644 -0.4544 0.0182
-1.3178 -0.5121 0.0406
-1.4576 -0.4350 0.0820
-1.5353 -0.4543 0.1034
-1.6006 -0.4969 0.1170
-1.5100 -0.5747 0.0722
-1.6025 -0.6970 0.0709
-1.4015 -0.7419 0.0295
-1.4209 -0.9841 0.0127
-1.6240 -0.8967 0.0376
-3.1239 1.9594 0.0000
4.7597 3.5597 0.0000
4.7585 3.2775 0.0000
-4.6007 -4.3622 0.0000
-4.7659 -4.5403 0.0000
-1.6305 0.7309 0.0666
-1.7422 0.7213 0.0965
-1.6828 0.6251 0.1050
-1.7531 0.5559 0.1504
-1.3705 3.9618 0.0000
-1.7015 3.7261 0.0000
-1.1053 -2.3766 0.0000
-1.3315 -2.5754 0.0000
4.7362 -4.4912 0.0000
4.4748 -4.5508 0.0000
4.5167 -4.7783 0.0000
4.2218 -4.7439 0.0000
-4.7791 4.7721 0.0000
-0.6062 0.1146 0.0071
-0.6808 -0.1053 0.0085
-0.7698 -0.3193 0.0089
-0.9000 -0.0296 0.0161
-0.9794 -0.2468 0.0185
-1.2099 -0.3001 0.0402
4.4665 1.0968 0.0000
4.2040 0.9657 0.0000
4.5152 -3.4229 0.0000
4.2799 -3.5699 0.0000
-0.6378 3.3591 0.0000
-0.6667 3.0385 0.0000
1.5683 -3.3670 0.0000
0.3674 -1.3297 0.0001
0.1221 -1.4341 0.0000
-0.7011 4.7337 0.0000
-3.6146 -2.3786 0.0000
-3.7617 -2.6328 0.0000
-1.7791 -4.0899 0.0000
-1.9802 -4.3058 0.0000
-4.7676 1.7120 0.0000
-2.8872 3.7098 0.0000
-3.0918 3.5654 0.0000
-3.1139 3.3152 0.0000
-3.3759 3.4616 0.0000
-3.5849 -4.4606 0.0000
-3.8665 -4.4727 0.0000
-3.7040 -4.7293 0.0000
-3.9704 -4.7449 0.0000
-2.0044 -3.5600 0.0000
0.7577 4.7519 0.0000
0.7923 4.5152 0.0000
-1.8572 -2.1909 0.0000
-2.0946 -2.3072 0.0000
-0.1278 -1.8982 0.0000
-1.5688 -1.4874 0.0014
-1.5333 -1.7575 0.0001
-1.8524 1.0081 0.0481
-2.1524 0.9869 0.0861
-2.1456 0.8920 0.1211
-1.9468 0.8947 0.0920
-2.0298 0.9637 0.0825
-2.3908 0.0230 0.4898
-2.4727 -0.0302 0.4258
-2.5103 -0.1244 0.3804
-2.5555 -0.2179 0.3172
-2.5761 -0.0527 0.3233
-2.6064 -0.1364 0.2837
-2.6578 -0.2191 0.2204
-2.6973 -0.2915 0.1728
-2.7675 -0.2916 0.1201
-2.6801 -0.3725 0.1689
-2.7909 -0.3950 0.0915
-2.7338 -0.4685 0.1117
1.8308 -2.9792 0.0000
1.8265 -3.2615 0.0000
-2.1833 -3.7944 0.0000
-2.3740 -4.0243 0.0000
-1.2143 2.4338 0.0000
-1.3068 2.2223 0.0000
-4.0335 3.7692 0.0000
0.7004 -2.0341 0.0000
4.2475 3.1071 0.0000
4.1491 2.8564 0.0000
2.4685 -3.4969 0.0000
-1.4536 4.7498 0.0000
2.7128 3.4039 0.0000
2.5869 3.1571 0.0000
2.3958 2.9612 0.0000
-1.3270 -4.5126 0.0000
-1.6876 -4.3453 0.0000
3.2316 3.4002 0.0000
0.8347 -1.7499 0.0000
0.5559 -1.8132 0.0000
0.7267 -4.2666 0.0000
0.5725 -4.4967 0.0000
2.4273 -1.8690 0.0003
2.2133 -2.0519 0.0001
1.9844 -2.2145 0.0000
-1.3393 4.4869 0.0000
-1.4311 -3.6017 0.0000
-0.4582 -0.2029 0.0045
-0.3485 -0.6605 0.0009
-0.6368 -0.7386 0.0016
-4.3249 -1.0775 0.0000
-4.5417 -0.9479 0.0000
-2.4712 -3.7637 0.0000
-0.8034 4.4496 0.0000
-1.0688 4.4671 0.0000
0.3182 1.0801 0.0003
1.3107 1.5287 0.0004
1.0944 1.3247 0.0007
0.8204 1.4084 0.0002
0.8857 1.1213 0.0009
0.5994 1.2211 0.0003
1.6157 1.3024 0.0029
1.3725 1.2690 0.0018
1.2033 1.0607 0.0025
1.3872 -3.7192 0.0000
1.2594 -3.9587 0.0000
2.1819 0.3305 0.2116
2.1081 0.2724 0.2162
2.0222 0.3079 0.1902
0.7215 -0.3329 0.0036
0.5174 -0.5361 0.0016
-4.7623 -1.6932 0.0000
1.7165 -1.9490 0.0001
1.4751 -2.0526 0.0000
4.7752 4.5286 0.0000
0.4194 -4.2218 0.0000
-4.4716 0.6251 0.0000
1.0804 -3.3592 0.0000
0.8624 -3.5179 0.0000
2.3548 -3.2305 0.0000
4.6443 4.0143 0.0000
1.7507 4.0987 0.0000
1.8105 3.8533 0.0000
1.6107 3.6696 0.0000
1.3387 3.6726 0.0000
1.3542 3.4270 0.0000
1.0595 -1.0048 0.0015
0.8516 -1.1992 0.0003
0.9311 -1.4675 0.0001
0.6525 -1.5393 0.0000
-0.4050 -2.0386 0.0000
-0.6294 -2.1596 0.0000
-0.1342 3.2541 0.0000
-0.1269 2.9596 0.0000
-0.2003 2.6994 0.0000
4.7520 -1.3714 0.0000
4.7403 -1.6526 0.0000
-0.4043 0.5671 0.0025
-0.5577 0.3501 0.0052
-4.5462 1.2516 0.0000
2.2982 1.6398 0.0014
1.0321 -0.3986 0.0085
-0.9390 4.1934 0.0000
-1.2177 4.2217 0.0000
2.0354 -4.2537 0.0000
1.8982 -4.5106 0.0000
0.9346 -2.2261 0.0000
0.6585 -2.3254 0.0000
0.1285 -3.3480 0.0000
0.0279 -3.5749 0.0000
-0.1645 -3.3682 0.0000
-0.2308 -3.7006 0.0000
-4.1910 2.2251 0.0000
-4.4839 2.1367 0.0000
-4.2621 1.9441 0.0000
-4.5200 1.8436 0.0000
1.9893 3.6609 0.0000
1.8167 3.4883 0.0000
1.5839 3.3948 0.0000
2.5617 4.4859 0.0000
2.5098 4.2182 0.0000
2.4196 3.8524 0.0000
2.3029 4.0649 0.0000
2.0985 3.9068 0.0000
0.3445 -1.9322 0.0000
0.7685 1.9824 0.0000
0.5357 1.8232 0.0000
0.2949 1.6659 0.0000
1.8082 2.1735 0.0000
1.0266 -2.7549 0.0000
2.2509 4.3100 0.0000
2.0254 4.4837 0.0000
2.0057 4.1710 0.0000
1.7915 4.7045 0.0000
1.7796 4.3825 0.0000
0.6978 2.9831 0.0000
-0.1494 -2.1674 0.0000
-0.3455 -2.3277 0.0000
-0.2508 -2.5714 0.0000
-2.5939 1.2649 0.0128
-2.6400 1.0284 0.0326
-2.7455 0.8010 0.0446
-2.9045 0.9709 0.0075
-3.0284 0.7300 0.0054
3.4771 1.4020 0.0000
0.4462 2.7840 0.0000
0.3065 2.5587 0.0000
-2.8260 3.4422 0.0000
-2.9041 3.1954 0.0000
-3.1037 2.9756 0.0000
-3.2959 2.8086 0.0000
-1.4730 2.0088 0.0000
-2.1389 0.3972 0.3917
-2.2280 0.3878 0.4099
-2.2067 0.3115 0.4513
-2.2794 0.2646 0.4719
-2.2995 0.1596 0.5082
-2.3884 0.1191 0.4789
-2.2827 0.4677 0.3578
-2.3133 0.3692 0.4101
-2.3634 0.2956 0.4302
-2.4195 0.3623 0.3679
-2.3763 0.2109 0.4593
-2.4559 0.2717 0.3841
-2.4717 0.1783 0.4025
1.8780 3.2164 0.0000
1.7838 2.9401 0.0000
-2.5379 -1.3486 0.0100
-2.5550 -1.6799 0.0012
-2.4684 -2.4749 0.0000
-2.6382 -2.7228 0.0000
-2.9260 -2.7121 0.0000
3.5908 4.3070 0.0000
3.3839 4.1232 0.0000
-2.8251 4.6604 0.0000
-3.0137 4.7692 0.0000
2.9759 3.8193 0.0000
1.5221 4.7763 0.0000
-2.2853 -3.5290 0.0000
-1.6118 -3.8261 0.0000
-0.4207 -4.1718 0.0000
-0.4943 -4.4132 0.0000
-0.1248 -1.6193 0.0000
3.9911 -3.1288 0.0000
4.0281 -3.4311 0.0000
1.9715 2.7216 0.0000
3.5503 0.4701 0.0000
3.4517 0.2364 0.0000
3.1536 0.1308 0.0021
-3.6072 4.7610 0.0000
-1.3608 0.3670 0.0637
-1.4786 0.3061 0.1025
-1.5666 0.3034 0.1356
-1.5456 0.2139 0.1397
-1.6294 0.1744 0.1847
-1.7161 0.1900 0.2321
-1.7817 0.1191 0.2859
-1.8672 0.0542 0.3544
-3.0848 -3.4474 0.0000
-3.2996 -3.6026 0.0000
-3.2363 -3.8951 0.0000
-3.5342 -3.6966 0.0000
-3.4683 -3.9419 0.0000
-3.7072 -3.9446 0.0000
2.0277 -0.5937 0.1176
2.0146 -0.6868 0.0916
1.8797 -0.7009 0.0678
2.0069 -0.8265 0.0592
1.6778 -0.6824 0.0408
1.7913 -0.8691 0.0313
1.5853 -0.9455 0.0122
1.6974 -1.1506 0.0071
3.0193 2.8479 0.0000
2.7861 2.6033 0.0000
2.7321 0.2808 0.0690
2.6290 0.3058 0.1081
2.7507 0.1170 0.0706
2.6474 0.2022 0.1112
2.6305 0.0944 0.1267
2.5677 0.0236 0.1607
-3.8693 -1.3429 0.0000
-3.9836 -1.6159 0.0000
-1.8001 -1.6303 0.0011
-1.8144 -1.9145 0.0001
-2.1229 -2.0203 0.0001
-4.4056 -2.6108 0.0000
0.4525 -2.1574 0.0000
-1.7390 4.7525 0.0000
3.3799 -1.4025 0.0000
4.5185 2.6641 0.0000
4.5155 1.6478 0.0000
0.7981 -0.5912 0.0028
0.8298 -0.8944 0.0012
0.5883 -0.7810 0.0010
0.7167 -2.6850 0.0000
-1.4653 0.9767 0.0152
-1.6689 0.8993 0.0430
-1.4383 0.7597 0.0318
-0.3336 3.4324 0.0000
-0.3975 3.1524 0.0000
3.6969 0.1001 0.0000
-4.7285 3.3249 0.0000
-4.7750 3.0890 0.0000
3.8819 -0.8341 0.0000
3.7853 -1.1016 0.0000
-2.5349 0.2918 0.3127
-2.6300 0.2807 0.2319
-2.6713 0.2111 0.2091
-2.7180 0.1381 0.1767
-2.7825 0.1768 0.1216
-2.8109 0.0840 0.1072
-2.5644 0.2077 0.3106
-2.6305 0.1274 0.2605
-2.4705 0.0716 0.4242
-2.5480 0.1165 0.3447
-2.5605 0.0301 0.3403
-2.6460 0.0446 0.2518
-2.7308 0.0594 0.1707
-2.7485 -0.0175 0.1565
-2.6640 -0.0402 0.2340
-2.6932 -0.1246 0.2004
-2.7595 -0.1966 0.1371
-2.7653 -0.0953 0.1403
-2.8377 -0.0145 0.0911
-2.8611 -0.1219 0.0752
-2.8812 -0.2727 0.0580
-3.7850 -1.8306 0.0000
-4.0285 -1.8778 0.0000
-2.1037 -0.4730 0.3356
-2.2043 -0.5379 0.3136
-2.2474 -0.6160 0.2650
-2.3467 -0.5989 0.2624
-2.3168 -0.6897 0.2151
-2.4584 -0.7628 0.1461
-2.5515 -0.7922 0.1064
-2.6433 -0.8689 0.0600
-1.6206 3.9777 0.0000
-1.8965 3.9632 0.0000
-1.8204 -1.0971 0.0288
-2.0428 -1.2455 0.0220
-2.0602 -1.4901 0.0053
4.7664 1.7199 0.0000
4.7513 1.4486 0.0000
4.4793 1.3730 0.0000
4.7269 2.9773 0.0000
4.7633 2.7092 0.0000
1.2547 -4.5898 0.0000
1.0633 -4.7513 0.0000
1.2208 -4.2130 0.0000
1.0813 -4.4278 0.0000
1.2911 4.7174 0.0000
1.0385 4.7387 0.0000
-3.5678 2.7135 0.0000
-3.7364 2.9750 0.0000
-3.8728 2.7196 0.0000
-3.7220 2.4632 0.0000
-3.9991 2.4612 0.0000
4.7589 -2.1376 0.0000
4.5125 -2.2503 0.0000
4.2753 -2.3623 0.0000
0.4711 -2.8488 0.0000
0.2946 -3.1118 0.0000
0.3762 -3.3952 0.0000
-4.7556 -1.9841 0.0000
-1.3943 0.0896 0.0948
-1.4963 0.0447 0.1326
-1.4173 -0.0039 0.1047
-1.5080 -0.0587 0.1385
-1.6004 -0.0788 0.1806
-1.5889 0.0157 0.1756
-1.6770 0.0860 0.2212
-1.7646 0.0260 0.2817
-1.6772 -0.0176 0.2252
3.6923 0.9802 0.0000
3.4158 0.8462 0.0000
-1.1378 -3.6373 0.0000
-1.3144 -3.8633 0.0000
2.6173 -3.2704 0.0000
1.9925 -0.2565 0.1911
2.0472 -0.3400 0.1879
1.9490 -0.3401 0.1620
1.9974 -0.5061 0.1349
1.9768 -0.4191 0.1517
1.8995 -0.4480 0.1252
2.0946 -0.5199 0.1489
1.9414 -0.6063 0.0987
1.9124 -0.5293 0.1103
1.8632 -0.3716 0.1308
1.8175 -0.4705 0.0998
1.8135 -0.5746 0.0795
2.9388 3.5663 0.0000
0.3250 1.3651 0.0001
-3.9806 -2.1143 0.0000
-4.2138 -2.1703 0.0000
-4.1784 -2.4315 0.0000
3.9550 1.1131 0.0000
-4.7725 1.4039 0.0000
-3.9467 -4.0134 0.0000
-4.2357 -3.9953 0.0000
-4.0527 -4.2497 0.0000
-4.3396 -4.2712 0.0000
-4.4289 -4.5442 0.0000
-4.1512 -4.5078 0.0000
-4.2598 -4.7666 0.0000
-4.5807 -4.7503 0.0000
-2.5484 1.9996 0.0001
-2.6381 1.7204 0.0006
-4.2645 -1.6397 0.0000
1.5131 1.0090 0.0075
1.0386 0.8524 0.0030
3.1389 -0.1705 0.0023
2.9426 -0.0008 0.0183
2.8669 -0.2642 0.0291
2.6590 -0.2809 0.0989
2.6922 -0.3715 0.0753
2.5775 -0.4298 0.1107
-2.1116 0.8019 0.1574
-2.2048 0.8196 0.1572
-2.1569 0.7274 0.2007
-2.1980 0.6473 0.2496
-2.2515 0.7361 0.2001
-2.2919 0.6457 0.2482
-2.1445 0.5462 0.3039
-2.1896 0.4732 0.3557
-2.2345 0.5613 0.3029
-2.3843 0.6367 0.2341
-2.4218 0.5449 0.2702
-2.3299 0.5519 0.2972
-2.3760 0.4570 0.3385
-2.4627 0.4419 0.3023
-2.5125 0.3763 0.2984
-3.2083 -2.6951 0.0000
-3.3671 -2.9474 0.0000
-3.5406 -3.1739 0.0000
-3.5394 -3.4287 0.0000
-3.5134 0.5050 0.0000
1.5953 3.1553 0.0000
1.4924 2.8779 0.0000
3.2829 4.7646 0.0000
2.9688 4.7694 0.0000
2.6606 4.7437 0.0000
-4.4829 0.0532 0.0000
-4.7516 -0.1316 0.0000
-2.0637 -2.7769 0.0000
2.4946 -4.4877 0.0000
2.6513 -4.7467 0.0000
2.3484 -4.7479 0.0000
0.7757 -2.9496 0.0000
0.5607 -3.1507 0.0000
2.1654 0.9480 0.0440
1.6199 0.5109 0.0527
3.1351 4.5450 0.0000
2.8599 4.5131 0.0000
1.5612 2.0736 0.0000
1.2901 2.0568 0.0000
1.2467 1.8054 0.0001
4.4951 4.7384 0.0000
2.1492 -1.4675 0.0036
1.9134 -1.6340 0.0010
1.6634 -1.7239 0.0003
2.1272 0.1692 0.2385
2.1327 0.0725 0.2499
2.1344 -0.0297 0.2521
2.0547 0.0212 0.2347
1.9870 -0.0384 0.2140
2.0305 0.2089 0.2109
1.9477 0.1432 0.1946
2.0417 0.1147 0.2260
1.9619 0.0512 0.2055
1.8678 0.0714 0.1721
2.9715 1.3016 0.0007
3.7104 1.2724 0.0000
-2.7774 1.4716 0.0015
-2.8378 1.2155 0.0042
2.8526 2.0618 0.0000
2.2580 -2.3449 0.0000
2.0571 -2.5314 0.0000
4.1042 0.4416 0.0000
3.9802 0.2232 0.0000
-3.0280 3.9305 0.0000
-3.2539 3.7661 0.0000
3.2586 1.8594 0.0000
2.9948 1.8141 0.0000
-3.6569 0.7522 0.0000
-0.4350 0.8597 0.0011
4.7358 1.1864 0.0000
4.7364 0.9379 0.0000
2.3777 4.7740 0.0000
2.3142 4.5444 0.0000
2.0784 4.7542 0.0000
-1.5133 -4.0671 0.0000
-1.4404 -4.3009 0.0000
-3.4283 -1.5448 0.0000
-3.6939 -1.5585 0.0000
-2.2328 -3.0194 0.0000
-2.1172 -3.2900 0.0000
1.1047 3.3727 0.0000
0.8294 3.2453 0.0000
-3.2395 2.2964 0.0000
-3.3446 2.0840 0.0000
3.4516 3.8309 0.0000
-2.6786 -3.2277 0.0000
-2.8287 -3.4662 0.0000
-2.7558 -3.7296 0.0000
-3.1717 -2.1893 0.0000
-3.3334 -2.4208 0.0000
-3.4855 -2.6626 0.0000
1.7915 1.6040 0.0010
1.5587 1.5451 0.0008
4.5872 0.3286 0.0000
-2.0479 0.5690 0.2651
-2.0843 0.4732 0.3313
1.5633 0.7271 0.0244
1.4028 0.5440 0.0228
1.3192 0.8027 0.0082
1.1402 0.5950 0.0080
2.5303 1.1014 0.0160
2.3759 0.9140 0.0469
2.3404 0.7433 0.0866
2.2561 0.6685 0.1120
-3.4563 1.8705 0.0000
-3.5553 1.6445 0.0000
-4.0306 1.6549 0.0000
3.3540 -0.0043 0.0002
-3.0326 -0.4164 0.0126
-3.1808 -0.6080 0.0015
2.4094 1.3645 0.0058
-1.2798 3.4410 0.0000
-1.4684 3.1653 0.0000
-3.0071 2.4387 0.0000
-2.0948 3.4072 0.0000
-2.3381 3.4910 0.0000
3.9470 0.8190 0.0000
3.6590 0.6988 0.0000
-2.1202 0.6228 0.2538
-0.1485 -1.3499 0.0001
-0.3831 -1.4655 0.0000
-0.6242 -1.5802 0.0000
-2.2819 -1.7643 0.0009
-2.4460 -1.9702 0.0002
-2.6140 -2.2026 0.0000
-1.0917 -4.7111 0.0000
1.3192 3.1489 0.0000
1.0251 3.0708 0.0000
0.9349 2.7965 0.0000
3.7367 3.1476 0.0000
3.5656 2.9166 0.0000
-2.9521 -3.9675 0.0000
-1.7231 -3.5751 0.0000
2.7202 1.8268 0.0002
2.5693 1.5953 0.0012
-2.0293 3.6986 0.0000
-2.2990 3.7318 0.0000
-3.4846 1.0021 0.0000
-3.5860 1.3008 0.0000
-3.7616 1.0309 0.0000
1.1932 -2.2493 0.0000
1.1270 -2.4777 0.0000
-2.3260 4.2414 0.0000
-2.4668 3.9640 0.0000
-2.5848 4.2112 0.0000
-2.8211 4.1577 0.0000
-2.7251 3.9213 0.0000
2.9436 -2.0520 0.0000
2.7522 -2.2591 0.0000
2.4798 -2.1630 0.0000
-3.8023 -3.4452 0.0000
-4.1004 -3.5151 0.0000
-1.6457 1.1436 0.0139
-1.8662 1.2282 0.0180
-0.8551 -4.4710 0.0000
4.2795 -0.9342 0.0000
4.2639 -1.2395 0.0000
-1.4516 0.2265 0.1029
-1.3546 0.2101 0.0764
-1.4770 0.1408 0.1196
-1.5701 0.1090 0.1616
4.7578 4.7745 0.0000
-1.8567 1.6886 0.0011
1.4649 -0.7549 0.0159
1.2440 -0.8512 0.0052
1.1613 -1.2402 0.0007
4.2151 4.7305 0.0000
1.3339 0.1796 0.0318
1.1042 0.1007 0.0144
-1.4628 1.5467 0.0008
-1.6855 1.4299 0.0035
0.8852 2.4983 0.0000
0.8138 2.2437 0.0000
0.5414 2.1299 0.0000
0.2999 1.9601 0.0000
-1.7242 -4.7829 0.0000
-4.3833 -1.3169 0.0000
-0.6250 -4.5888 0.0000
-1.1766 -0.9243 0.0066
-4.1635 3.2589 0.0000
-4.2892 2.9915 0.0000
4.2787 -2.7057 0.0000
4.2452 -2.9833 0.0000
2.7507 0.6525 0.0315
2.5669 0.6604 0.0688
2.6246 0.8647 0.0300
2.4598 0.7593 0.0691
2.4424 0.6389 0.0998
2.3537 0.6477 0.1110
-0.4373 4.7566 0.0000
-0.5446 4.4773 0.0000
0.8060 -3.7561 0.0000
0.6633 -4.0029 0.0000
-2.9956 2.1856 0.0000
-0.7973 -4.7690 0.0000
-4.5514 -2.8140 0.0000
-0.2462 1.8871 0.0000
-0.1892 1.6050 0.0000
-0.4630 1.6677 0.0000
-0.3849 1.3856 0.0001
-0.4999 1.1448 0.0004
-1.9947 0.8249 0.1266
-1.9679 0.7268 0.1613
-2.0442 0.7584 0.1661
-2.0618 0.8741 0.1188
-2.0810 0.6885 0.2091
4.7518 -2.4012 0.0000
2.9749 -2.3921 0.0000
2.7771 -2.5757 0.0000
3.6132 4.7841 0.0000
3.4652 4.5892 0.0000
2.9082 -1.5234 0.0003
2.8714 -1.7596 0.0001
2.6815 -1.3992 0.0021
2.4032 -1.3280 0.0071
2.6299 -1.6592 0.0006
2.0446 -4.7538 0.0000
-4.2539 3.5152 0.0000
-4.4498 3.2461 0.0000
-2.6556 2.7446 0.0000
-2.4873 2.5415 0.0000
-2.7554 2.4827 0.0000
1.0512 -3.0562 0.0000
0.8242 -3.2359 0.0000
2.8939 4.0473 0.0000
-2.0300 4.7532 0.0000
-2.8625 -4.2303 0.0000
-2.8036 -2.9671 0.0000
-2.9653 -3.2065 0.0000
-3.0957 -2.9671 0.0000
-3.2711 -3.2483 0.0000
-1.7728 2.0268 0.0001
-2.4370 1.4900 0.0057
-0.0130 -4.5401 0.0000
-0.1544 -4.7710 0.0000
-4.7478 0.7784 0.0000
-1.9099 0.7867 0.1214
-1.9098 0.6640 0.1700
-2.0080 0.6479 0.2105
3.6816 -4.0120 0.0000
3.3958 -3.9920 0.0000
3.4682 -4.2362 0.0000
-3.3066 4.7534 0.0000
-2.9218 4.4172 0.0000
-3.1468 4.5311 0.0000
-3.3086 4.3202 0.0000
1.5912 -2.5337 0.0000
1.5682 -2.8103 0.0000
1.2994 -2.9078 0.0000
0.1228 -2.0872 0.0000
3.3325 4.3904 0.0000
-1.3972 -4.7774 0.0000
-1.1834 4.7405 0.0000
-2.5892 -0.6198 0.1511
-2.6811 -0.6263 0.1036
-2.6162 -0.7153 0.1075
-2.7405 -0.7370 0.0576
-2.8509 -0.9452 0.0145
-2.6433 -1.0883 0.0254
-2.8137 -1.2572 0.0046
-2.3974 -3.2583 0.0000
-2.5611 -3.4970 0.0000
-3.2043 0.0776 0.0021
-3.0675 -0.1409 0.0114
-3.2963 -0.2834 0.0005
-2.4381 4.5046 0.0000
-2.6646 4.4419 0.0000
4.7580 -3.2791 0.0000
-0.8267 0.2048 0.0119
-1.2015 0.2915 0.0415
3.1841 3.9674 0.0000
2.5280 2.4058 0.0000
3.5779 -2.0097 0.0000
3.2916 -2.0107 0.0000
3.4259 -2.2516 0.0000
3.2461 -2.4627 0.0000
-3.7513 4.5033 0.0000
-4.5194 0.9411 0.0000
1.8338 -3.7888 0.0000
-1.5503 -3.3399 0.0000
-1.0637 0.1391 0.0293
-1.2559 0.0896 0.0595
-1.1505 -0.0852 0.0401
-1.3163 -0.0428 0.0747
-1.4203 -0.0990 0.1045
-1.3374 -0.1856 0.0750
-1.4521 -0.2462 0.1055
-1.3796 -0.3333 0.0735
-1.5057 -0.3357 0.1134
3.2133 -4.2495 0.0000
3.1003 -4.5011 0.0000
2.7951 -4.4929 0.0000
2.9576 -4.7496 0.0000
-2.0013 3.1443 0.0000
-2.2050 2.9622 0.0000
-1.6140 4.4938 0.0000
2.0127 0.3980 0.1673
1.9359 0.4237 0.1431
1.9348 0.3358 0.1615
1.8587 0.2905 0.1471
1.9388 0.2402 0.1795
1.8609 0.1791 0.1622
1.7939 0.2319 0.1347
1.7321 0.1727 0.1206
1.7934 0.1173 0.1442
1.6833 0.1113 0.1090
1.7433 0.0470 0.1298
1.6629 -0.0029 0.1047
1.8090 -2.4271 0.0000
4.5304 1.9240 0.0000
4.2967 1.8275 0.0000
4.2325 1.5545 0.0000
-1.5613 2.2767 0.0000
-1.7933 2.3650 0.0000
1.8535 -4.0363 0.0000
1.7281 -4.2761 0.0000
2.2617 3.6201 0.0000
2.0951 3.3866 0.0000
-0.2823 -4.5155 0.0000
-0.4531 -4.7572 0.0000
-2.0063 2.5355 0.0000
-2.2292 2.3860 0.0000
-4.5474 3.0045 0.0000
-1.8738 -4.5563 0.0000
-2.1660 -4.5320 0.0000
-2.3357 -4.7645 0.0000
-4.7534 2.0138 0.0000
-1.0949 -3.1354 0.0000
0.0739 1.2061 0.0002
-0.1602 1.3123 0.0001
2.7387 3.7527 0.0000
2.5534 3.6212 0.0000
2.4173 3.3787 0.0000
0.7524 -4.7566 0.0000
0.8662 0.6205 0.0033
0.9738 0.3596 0.0072
0.6847 0.4058 0.0032
0.5230 0.1916 0.0028
0.3714 -0.0486 0.0022
0.9947 4.2261 0.0000
0.7418 4.2579 0.0000
0.6580 4.0180 0.0000
0.4907 3.8165 0.0000
0.8141 0.1380 0.0055
1.9317 2.4555 0.0000
0.0603 0.9289 0.0006
-0.2153 1.0563 0.0004
3.6827 -1.3516 0.0000
3.5675 -1.5950 0.0000
-2.3520 1.7915 0.0009
-0.8267 -2.4270 0.0000
-1.0364 -2.6412 0.0000
-1.9629 1.4286 0.0073
-2.1851 1.3246 0.0177
4.4899 -2.5423 0.0000
4.5123 -2.8419 0.0000
3.1067 -1.8333 0.0000
3.1326 -2.1988 0.0000
-2.1548 1.6068 0.0032
-2.0475 1.1336 0.0410
-2.2400 1.1001 0.0552
-2.3937 1.2061 0.0296
-2.4463 1.0270 0.0612
3.6106 -0.8767 0.0000
3.3266 -0.8827 0.0001
3.3418 -0.5954 0.0001
3.0889 -0.6995 0.0016
3.2275 -1.1656 0.0001
3.0372 -0.9824 0.0011
2.8600 -1.1778 0.0021
-4.1643 0.5917 0.0000
-4.3030 0.3317 0.0000
2.5652 -2.7549 0.0000
-0.9022 -1.6368 0.0000
-1.0165 -1.8890 0.0000
-1.1720 -2.1229 0.0000
-0.1592 -0.8832 0.0003
-0.4447 -0.9372 0.0004
-0.2688 -1.1388 0.0001
2.8870 -3.1766 0.0000
3.0567 -3.4489 0.0000
2.7818 -3.4819 0.0000
-4.3602 4.5160 0.0000
-4.7009 4.5014 0.0000
-4.4830 4.2833 0.0000
-4.5176 4.0297 0.0000
-4.7563 4.2081 0.0000
1.8985 -0.0270 0.1838
1.8148 -0.0071 0.1543
1.8381 -0.1115 0.1582
1.7421 -0.0588 0.1282
1.7378 -0.1513 0.1214
1.7122 -0.2380 0.1056
1.6496 -0.1062 0.0977
1.6142 -0.2035 0.0822
1.5517 -0.3424 0.0573
3.3444 0.5814 0.0001
3.2087 0.3809 0.0009
3.1523 0.7440 0.0009
2.9891 0.5438 0.0071
2.9305 0.2680 0.0179
2.7676 0.4403 0.0451
-4.0548 4.5076 0.0000
-3.8931 4.2626 0.0000
-4.0279 4.0134 0.0000
-4.2713 3.7618 0.0000
-4.2836 4.0077 0.0000
-4.5152 3.7640 0.0000
-4.4496 -2.3377 0.0000
-4.6689 -2.5081 0.0000
-4.7775 -2.7115 0.0000
-4.5553 0.3363 0.0000
-4.7621 0.1630 0.0000
-0.7894 3.6256 0.0000
-0.9796 3.4360 0.0000
-1.1486 3.1950 0.0000
-1.2628 2.9684 0.0000
-3.5666 0.1548 0.0000
-3.7215 0.3643 0.0000
-3.8636 0.1109 0.0000
-1.6099 1.7656 0.0003
-2.0391 -0.5497 0.2701
-2.0680 -0.6296 0.2340
-2.1316 -0.5584 0.2905
-2.1567 -0.6435 0.2433
-2.2226 -0.7124 0.2080
-2.2862 -0.7873 0.1662
-2.3736 -0.7673 0.1646
-2.3148 -0.8656 0.1276
-2.3956 -0.8510 0.1233
-2.4779 -0.8490 0.1072
-2.5160 -0.9468 0.0693
-4.5090 4.7493 0.0000
3.2450 -3.7435 0.0000
3.0990 -3.9917 0.0000
2.9633 -3.7200 0.0000
2.7967 -3.9773 0.0000
3.4012 -3.2647 0.0000
3.2958 -3.5094 0.0000
3.2122 3.6649 0.0000
0.2803 -4.4782 0.0000
-0.0506 -0.6063 0.0008
-2.7350 2.2346 0.0000
4.4444 -2.0243 0.0000
-1.6548 -0.5549 0.1217
-1.7029 -0.6248 0.1185
-1.7191 -0.7124 0.0979
-1.7511 -0.7918 0.0835
-1.8111 -0.9079 0.0646
-1.7585 -0.5521 0.1603
-1.7930 -0.6476 0.1404
-1.8343 -0.7285 0.1246
-1.8677 -0.8088 0.1052
-1.9439 -0.8357 0.1117
-1.9436 -0.9435 0.0761
-2.0826 -0.9464 0.0916
-2.0496 -1.0570 0.0565
-2.2670 -1.2788 0.0219
-2.0335 -4.7756 0.0000
-4.4940 -2.0778 0.0000
-4.7409 -2.2626 0.0000
-3.0606 -1.1457 0.0010
-3.2863 -1.3318 0.0000
-3.0425 -1.4436 0.0003
-3.2106 -1.6627 0.0000
-1.9768 2.8224 0.0000
4.7496 -4.1981 0.0000
3.1452 1.5649 0.0000
3.2383 1.3144 0.0000
1.1818 -0.1637 0.0188
0.9218 -0.1252 0.0078
2.1526 -3.9801 0.0000
3.1490 3.1302 0.0000
2.2304 0.7931 0.0782
1.9590 0.9236 0.0367
2.0823 0.7818 0.0748
1.9220 0.7383 0.0661
1.7733 0.6503 0.0593
2.1630 0.6940 0.1035
2.1112 0.6283 0.1189
2.0392 0.6703 0.0990
2.0061 0.5824 0.1178
1.9362 0.6286 0.0935
1.8837 0.5671 0.0976
1.7759 0.5151 0.0841
1.7500 0.4199 0.0946
-2.1664 4.4958 0.0000
-0.9404 4.7318 0.0000
-3.6434 -2.9011 0.0000
-3.7906 -3.1513 0.0000
-4.0090 -3.2518 0.0000
-0.7633 0.4513 0.0074
-1.0062 0.4003 0.0178
-1.4719 -0.1637 0.1196
-1.5559 -0.1538 0.1547
-1.6366 -0.2057 0.1882
-1.7444 -0.1839 0.2530
-1.5428 -0.2477 0.1397
-1.7092 -0.2757 0.2147
-1.6145 -0.3064 0.1619
-1.5769 -0.3828 0.1323
-1.6876 -0.3653 0.1834
-1.6400 -0.4324 0.1469
-1.7156 -0.4658 0.1695
-1.6709 -0.1225 0.2163
-1.7506 -0.0767 0.2701
-1.8352 -0.0405 0.3321
-1.9207 -0.0399 0.3953
-1.8215 -0.1354 0.3126
-1.9084 -0.1224 0.3770
-1.9789 -0.1560 0.4190
-1.7804 -0.3625 0.2309
-1.8080 -0.4676 0.2098
-1.8667 -0.3957 0.2662
-1.9006 -0.4838 0.2464
-1.9498 -0.5589 0.2326
-1.8018 -0.2603 0.2727
-1.8697 -0.2070 0.3314
-1.9449 -0.2404 0.3719
-1.9853 -0.3261 0.3625
-2.0520 -0.3931 0.3626
-1.8835 -0.3118 0.3077
-1.9499 -0.4034 0.3076
-2.0017 -0.4717 0.2983
-3.4033 -0.5102 0.0001
-3.6481 -0.6385 0.0000
-3.6108 -0.3382 0.0000
-3.8751 -0.4455 0.0000
-3.8822 -0.7717 0.0000
-4.1234 -0.8944 0.0000
4.7580 -3.8936 0.0000
4.2610 -3.8750 0.0000
4.5038 -4.0188 0.0000
4.4847 -4.2908 0.0000
-3.1797 0.9742 0.0004
2.8535 1.5635 0.0004
2.6857 1.3283 0.0032
3.9870 1.6690 0.0000
3.9607 1.4040 0.0000
-4.3056 1.1390 0.0000
-4.2536 0.8564 0.0000
4.0060 3.3539 0.0000
3.9944 3.1132 0.0000
3.8501 2.8740 0.0000
