5.0000 5.0000 0.0000
0.0000 5.0000 0.0000
2.5000 5.0000 0.0000
3.7500 5.0000 0.0000
4.3750 5.0000 0.0000
4.6875 5.0000 0.0000
4.0625 5.0000 0.0000
3.1250 5.0000 0.0000
3.4375 5.0000 0.0000
2.8125 5.0000 0.0000
1.2500 5.0000 0.0000
1.8750 5.0000 0.0000
2.1875 5.0000 0.0000
1.5625 5.0000 0.0000
0.6250 5.0000 0.0000
0.9375 5.0000 0.0000
0.3125 5.0000 0.0000
-2.5000 5.0000 0.0000
-1.2500 5.0000 0.0000
-0.6250 5.0000 0.0000
-0.3125 5.0000 0.0000
-0.9375 5.0000 0.0000
-1.8750 5.0000 0.0000
-1.5625 5.0000 0.0000
-2.1875 5.0000 0.0000
-3.7500 5.0000 0.0000
-3.1250 5.0000 0.0000
-2.8125 5.0000 0.0000
-3.4375 5.0000 0.0000
-4.3750 5.0000 0.0000
-4.0625 5.0000 0.0000
-4.6875 5.0000 0.0000
5.0000 -5.0000 0.0000
5.0000 0.0000 0.0000
5.0000 -2.5000 0.0000
5.0000 -3.7500 0.0000
5.0000 -4.3750 0.0000
5.0000 -4.6875 0.0000
5.0000 -4.0625 0.0000
5.0000 -3.1250 0.0000
5.0000 -3.4375 0.0000
5.0000 -2.8125 0.0000
5.0000 -1.2500 0.0000
5.0000 -1.8750 0.0000
5.0000 -2.1875 0.0000
5.0000 -1.5625 0.0000
5.0000 -0.6250 0.0000
5.0000 -0.9375 0.0000
5.0000 -0.3125 0.0000
5.0000 2.5000 0.0000
5.0000 1.2500 0.0000
5.0000 0.6250 0.0000
5.0000 0.3125 0.0000
5.0000 0.9375 0.0000
5.0000 1.8750 0.0000
5.0000 1.5625 0.0000
5.0000 2.1875 0.0000
5.0000 3.7500 0.0000
5.0000 3.1250 0.0000
5.0000 2.8125 0.0000
5.0000 3.4375 0.0000
5.0000 4.3750 0.0000
5.0000 4.0625 0.0000
5.0000 4.6875 0.0000
-5.0000 -5.0000 0.0000
0.0000 -5.0000 0.0000
-2.5000 -5.0000 0.0000
-3.7500 -5.0000 0.0000
-4.3750 -5.0000 0.0000
-4.6875 -5.0000 0.0000
-4.0625 -5.0000 0.0000
-3.1250 -5.0000 0.0000
-3.4375 -5.0000 0.0000
-2.8125 -5.0000 0.0000
-1.2500 -5.0000 0.0000
-1.8750 -5.0000 0.0000
-2.1875 -5.0000 0.0000
-1.5625 -5.0000 0.0000
-0.6250 -5.0000 0.0000
-0.9375 -5.0000 0.0000
-0.3125 -5.0000 0.0000
2.5000 -5.0000 0.0000
1.2500 -5.0000 0.0000
0.6250 -5.0000 0.0000
0.3125 -5.0000 0.0000
0.9375 -5.0000 0.0000
1.8750 -5.0000 0.0000
1.5625 -5.0000 0.0000
2.1875 -5.0000 0.0000
3.7500 -5.0000 0.0000
3.1250 -5.0000 0.0000
2.8125 -5.0000 0.0000
3.4375 -5.0000 0.0000
4.3750 -5.0000 0.0000
4.0625 -5.0000 0.0000
4.6875 -5.0000 0.0000
-5.0000 5.0000 0.0000
-5.0000 0.0000 0.0000
-5.0000 2.5000 0.0000
-5.0000 3.7500 0.0000
-5.0000 4.3750 0.0000
-5.0000 4.6875 0.0000
-5.0000 4.0625 0.0000
-5.0000 3.1250 0.0000
-5.0000 3.4375 0.0000
-5.0000 2.8125 0.0000
-5.0000 1.2500 0.0000
-5.0000 1.8750 0.0000
-5.0000 2.1875 0.0000
-5.0000 1.5625 0.0000
-5.0000 0.6250 0.0000
-5.0000 0.9375 0.0000
-5.0000 0.3125 0.0000
-5.0000 -2.5000 0.0000
-5.0000 -1.2500 0.0000
-5.0000 -0.6250 0.0000
-5.0000 -0.3125 0.0000
-5.0000 -0.9375 0.0000
-5.0000 -1.8750 0.0000
-5.0000 -1.5625 0.0000
-5.0000 -2.1875 0.0000
-5.0000 -3.7500 0.0000
-5.0000 -3.1250 0.0000
-5.0000 -2.8125 0.0000
-5.0000 -3.4375 0.0000
-5.0000 -4.3750 0.0000
-5.0000 -4.0625 0.0000
-5.0000 -4.6875 0.0000
0.6533 3.9311 0.0000
0.7958 4.2461 0.0000
0.5252 4.1450 0.0000
0.2681 4.0086 0.0000
0.4214 3.7979 0.0000
-2.4906 4.5116 0.0000
-3.3273 -0.6110 0.0002
3.5998 3.4315 0.0000
2.3918 -1.9144 0.0002
-1.0911 -2.3557 0.0000
-1.8968 1.9023 0.0003
2.8317 -3.4894 0.0000
2.6884 -3.7421 0.0000
-0.3016 -2.0694 0.0000
-0.4949 -2.2509 0.0000
-2.5854 -2.9156 0.0000
-2.8765 -2.9576 0.0000
-3.9986 -3.6463 0.0000
2.7515 2.7860 0.0000
2.4500 2.8687 0.0000
2.5434 2.5783 0.0000
-3.7753 -2.3726 0.0000
-3.9401 -2.5993 0.0000
4.5051 0.9894 0.0000
1.3967 -4.7461 0.0000
1.2221 -4.4729 0.0000
1.0969 -4.7492 0.0000
-2.0015 0.9347 0.0832
-2.0615 0.8622 0.1169
-2.0853 0.7711 0.1591
-2.1563 0.8377 0.1383
-2.1802 0.7417 0.1853
-2.2047 0.6437 0.2389
-4.7565 1.3971 0.0000
3.0232 -4.2333 0.0000
2.0516 -4.5443 0.0000
2.0079 -4.7721 0.0000
1.7176 -4.7378 0.0000
-2.5508 1.2315 0.0165
-2.6175 0.7969 0.0804
-2.6349 0.6921 0.1017
-2.7367 0.6865 0.0632
-0.0558 2.7503 0.0000
-3.6579 2.6632 0.0000
-3.6735 2.3996 0.0000
-3.6107 2.1066 0.0000
-3.8721 2.1999 0.0000
-4.0396 1.9696 0.0000
2.7294 -0.0633 0.0907
2.6244 -0.1097 0.1441
2.6072 -0.2077 0.1450
2.7058 -0.1762 0.0972
2.7676 -0.2895 0.0623
2.6450 -0.2809 0.1172
2.5323 -0.1498 0.1906
2.4446 -0.1858 0.2269
2.5204 -0.2535 0.1823
2.4176 -0.2788 0.2195
2.5669 -0.3326 0.1468
2.5362 -0.4204 0.1425
2.4731 -0.3523 0.1828
2.3765 -0.3695 0.2089
2.4403 -0.4537 0.1681
2.3746 -0.5278 0.1623
2.3279 -0.4493 0.1948
2.2759 -0.5338 0.1726
-2.2632 3.2265 0.0000
-2.5374 3.1355 0.0000
-2.5786 2.8448 0.0000
1.2827 -2.3986 0.0000
2.9770 3.4574 0.0000
2.7567 3.3582 0.0000
2.8669 3.1391 0.0000
2.6508 3.0372 0.0000
-4.1445 -4.1946 0.0000
-3.2473 1.7315 0.0000
3.5964 -3.6251 0.0000
3.3748 -3.7969 0.0000
3.2389 -3.6284 0.0000
2.9969 -3.7220 0.0000
4.4879 3.7658 0.0000
0.0017 4.2568 0.0000
-0.0104 4.0088 0.0000
-0.3061 3.9656 0.0000
-0.3656 3.6667 0.0000
0.4554 4.7239 0.0000
-1.7261 0.6783 0.1019
-1.6710 0.6051 0.1038
-1.7820 0.6233 0.1356
-1.8521 0.6738 0.1413
-1.8622 0.5762 0.1815
-1.7525 0.5491 0.1475
-1.8189 0.4895 0.1947
-1.9012 0.4888 0.2328
-1.9624 0.5563 0.2285
-1.9858 0.4574 0.2847
-4.7475 -3.9314 0.0000
2.2614 2.6442 0.0000
2.0672 2.4326 0.0000
1.8704 2.2295 0.0000
3.6112 -3.9374 0.0000
3.5795 -4.2537 0.0000
3.3719 -4.0765 0.0000
3.2780 -4.2897 0.0000
3.4476 -4.5048 0.0000
3.1315 -4.5165 0.0000
3.2778 -4.7549 0.0000
2.9678 -4.7581 0.0000
0.2026 2.6526 0.0000
0.2736 2.4006 0.0000
-0.0112 2.4547 0.0000
1.0674 -0.6297 0.0065
4.4858 2.5148 0.0000
0.4277 1.3964 0.0001
0.1550 1.4075 0.0001
-0.5778 2.9744 0.0000
-3.1125 -2.3767 0.0000
2.4436 3.7587 0.0000
-1.8921 -3.6991 0.0000
-1.6246 -3.7524 0.0000
-1.9499 -3.9800 0.0000
-2.1017 -4.2258 0.0000
0.6201 1.0582 0.0007
0.3917 0.8684 0.0009
0.4132 0.5991 0.0018
0.2131 0.3985 0.0022
-0.1315 3.7621 0.0000
-0.0778 3.5154 0.0000
-0.1301 3.2510 0.0000
3.1808 4.4474 0.0000
4.2756 0.1708 0.0000
2.8677 -3.9829 0.0000
2.5941 -4.0026 0.0000
4.2482 -0.8685 0.0000
-1.4853 -0.3691 0.0944
-1.5110 -0.4924 0.0824
-1.5893 -0.5656 0.0912
-3.3859 -3.9979 0.0000
1.3108 1.7421 0.0001
-2.3168 4.0107 0.0000
-2.6434 -2.1362 0.0000
-2.8991 -2.1854 0.0000
3.5926 1.4238 0.0000
3.7388 1.1886 0.0000
3.4431 1.1656 0.0000
3.3026 1.4414 0.0000
-2.7433 -3.4917 0.0000
2.9576 3.7188 0.0000
-3.7616 -1.2582 0.0000
-3.9449 -1.4193 0.0000
0.7076 -2.5049 0.0000
0.5246 -2.6574 0.0000
-0.9488 0.8475 0.0040
3.4926 -2.0116 0.0000
-1.9063 0.7507 0.1281
-1.9384 0.6485 0.1786
-1.9175 0.8547 0.0945
-1.9931 0.8055 0.1270
-2.0076 0.7125 0.1697
-2.0350 0.6183 0.2222
-2.0537 0.5223 0.2778
-2.1077 0.6789 0.2081
-2.1307 0.5847 0.2633
-2.1434 0.4912 0.3189
-2.1916 0.4271 0.3631
-2.0751 0.4207 0.3388
1.0985 3.5399 0.0000
0.8239 3.4196 0.0000
2.3398 -3.2938 0.0000
3.2532 -0.4960 0.0004
3.3844 -0.7816 0.0000
4.0005 -2.9586 0.0000
3.7302 -3.0377 0.0000
3.6691 -3.3293 0.0000
3.3925 -3.4079 0.0000
-2.4375 0.0333 0.4311
2.6160 2.2740 0.0000
-0.6268 -0.9995 0.0006
-4.5104 -0.6213 0.0000
-4.7533 -0.7716 0.0000
-2.6330 -0.6039 0.1262
-2.7234 -0.6055 0.0838
-3.0571 4.0216 0.0000
-3.0424 0.1827 0.0134
-2.6729 1.9630 0.0001
-2.9697 1.8643 0.0000
4.4661 -0.0599 0.0000
4.5167 -0.3272 0.0000
4.2730 -0.3540 0.0000
-2.9622 -4.7510 0.0000
-3.2715 -4.7524 0.0000
4.0235 4.4983 0.0000
1.6045 -1.4717 0.0012
1.3282 -1.5738 0.0002
1.3841 -1.8162 0.0001
1.1414 -1.8991 0.0000
2.4368 4.5200 0.0000
2.4393 4.2681 0.0000
-1.1549 1.7498 0.0001
0.1051 -4.4616 0.0000
2.5552 0.4793 0.1196
2.6143 0.4049 0.1114
2.5268 0.3775 0.1535
2.4968 0.2827 0.1867
2.4623 0.4529 0.1585
2.4328 0.3578 0.1939
2.4057 0.2701 0.2245
2.3322 0.3364 0.2259
2.2542 0.2777 0.2509
2.1613 0.3136 0.2378
2.1774 0.2277 0.2609
2.1014 0.2187 0.2507
2.0424 0.1748 0.2435
2.3454 0.1429 0.2657
2.3339 0.2307 0.2523
2.2532 0.1783 0.2729
2.2485 0.0892 0.2855
2.1552 0.1364 0.2746
2.1643 0.0394 0.2846
2.0851 -0.0075 0.2695
-0.5359 2.1739 0.0000
-0.8344 2.1103 0.0000
-3.9814 -3.3763 0.0000
-2.9083 -3.2593 0.0000
4.3592 -3.8890 0.0000
4.3159 -4.1821 0.0000
-3.7441 0.8225 0.0000
-4.0207 0.7163 0.0000
-3.8118 0.5370 0.0000
-3.8893 0.2647 0.0000
-4.1172 0.4416 0.0000
-4.1936 0.1704 0.0000
-4.4691 0.0757 0.0000
-3.1491 2.3373 0.0000
-3.1976 2.0465 0.0000
2.1943 4.2317 0.0000
-1.2081 0.7737 0.0129
0.0170 -2.5038 0.0000
-0.1619 -2.6736 0.0000
-0.2607 -2.9472 0.0000
1.0405 4.4527 0.0000
0.9655 3.2226 0.0000
0.6499 3.1565 0.0000
4.7664 2.3628 0.0000
4.5574 2.2253 0.0000
3.1507 2.0943 0.0000
-1.6864 -0.5492 0.1259
-1.7709 -0.6140 0.1353
-1.8583 -0.6138 0.1642
-1.9418 -0.6187 0.1898
-2.0265 -0.6099 0.2200
-1.8454 -0.7024 0.1286
-1.9395 -0.7013 0.1543
-2.0303 -0.6951 0.1796
-1.9948 -0.7867 0.1324
-2.0853 -0.7796 0.1509
-2.5060 1.6644 0.0015
-2.7352 1.6956 0.0004
0.0282 -1.4323 0.0000
1.4191 1.4946 0.0007
1.1491 1.3776 0.0006
1.6862 2.7812 0.0000
4.0616 -1.0723 0.0000
4.0658 -4.2718 0.0000
3.8081 -4.3758 0.0000
-4.2941 -1.4270 0.0000
-4.5017 -1.5845 0.0000
-4.5299 -1.8688 0.0000
-4.7626 -1.7196 0.0000
-0.7777 -3.3422 0.0000
-1.0389 -3.4750 0.0000
-1.0857 -3.7309 0.0000
-1.3132 -4.4976 0.0000
-1.3504 -4.2189 0.0000
-1.5963 -4.2799 0.0000
-1.5900 -4.5142 0.0000
2.0159 1.5964 0.0016
1.7313 1.5257 0.0013
-3.8023 2.9612 0.0000
-3.9124 2.7222 0.0000
-3.9527 2.4766 0.0000
-1.6357 3.6489 0.0000
-1.9287 3.5682 0.0000
-1.9836 3.3000 0.0000
-1.8416 -2.5523 0.0000
-2.2374 -2.5742 0.0000
-3.3128 -2.2139 0.0000
-3.4777 -2.4265 0.0000
-3.6494 -2.6356 0.0000
1.7138 -3.3144 0.0000
1.6373 -3.5891 0.0000
3.2608 -2.8809 0.0000
4.2806 1.1254 0.0000
4.1900 0.8941 0.0000
1.0511 -2.5368 0.0000
0.8664 -2.7012 0.0000
-0.8914 3.3974 0.0000
-1.6730 1.7203 0.0005
1.1327 2.1948 0.0000
-3.6311 -0.6644 0.0000
3.9659 1.8454 0.0000
-1.8588 0.9851 0.0511
-2.1101 0.9839 0.0799
-2.1316 0.9173 0.1043
3.0941 -3.4218 0.0000
-0.5113 -3.4958 0.0000
1.1753 -1.0971 0.0017
1.1079 -1.3799 0.0003
1.4079 0.6628 0.0192
1.4705 0.4257 0.0421
-3.2998 3.3288 0.0000
-3.3211 3.0587 0.0000
-3.5603 2.8949 0.0000
-2.5987 0.9953 0.0420
1.9045 -0.8566 0.0492
1.6893 -0.9247 0.0209
-2.4142 1.8397 0.0005
0.5348 -3.8418 0.0000
-0.0118 -3.9180 0.0000
-4.4879 -4.7183 0.0000
-4.7512 -4.7631 0.0000
-3.5979 -2.1566 0.0000
-2.5390 0.7277 0.1291
-2.5685 0.6356 0.1492
-2.6548 0.5843 0.1218
-2.8148 0.5632 0.0533
-2.6348 0.4883 0.1604
-2.7144 0.5003 0.1098
-2.7247 0.4204 0.1200
-2.8451 0.3841 0.0610
-2.6982 0.3430 0.1529
-2.7646 0.3037 0.1137
3.4739 -1.1023 0.0000
3.1942 -1.2465 0.0001
-3.2514 -4.2509 0.0000
-3.5534 -4.2500 0.0000
1.1670 3.8578 0.0000
0.8952 3.7241 0.0000
-1.0644 2.2996 0.0000
4.0955 2.4935 0.0000
4.0546 2.2009 0.0000
0.8599 -0.4284 0.0052
0.5575 -0.7274 0.0012
1.4474 -0.9991 0.0068
1.3834 -1.2867 0.0014
3.4763 2.8554 0.0000
3.2212 2.7832 0.0000
3.0133 2.6531 0.0000
2.1731 4.5069 0.0000
2.1597 0.7454 0.1001
2.1346 0.6494 0.1281
2.0804 0.5735 0.1463
2.0109 0.6373 0.1161
1.9795 0.5473 0.1362
1.8804 0.5410 0.1150
2.0407 0.4704 0.1713
1.9502 0.4504 0.1557
1.8569 0.4562 0.1291
1.8810 0.3674 0.1556
1.8045 0.3171 0.1407
1.7795 0.4103 0.1164
1.7112 0.3445 0.1072
1.9802 0.3600 0.1867
2.0096 0.2688 0.2162
1.9173 0.2827 0.1841
1.9487 0.1946 0.2098
1.8736 0.1682 0.1858
1.8447 0.2479 0.1650
1.7744 0.1934 0.1469
1.7313 0.2637 0.1245
1.6081 0.3277 0.0802
1.6972 0.1509 0.1239
-0.0677 0.4236 0.0022
2.1791 3.6583 0.0000
0.9581 4.7454 0.0000
3.9965 3.7091 0.0000
3.8841 3.4710 0.0000
4.7470 2.0370 0.0000
-2.1541 -3.5440 0.0000
0.8184 1.8136 0.0000
-2.4112 1.0838 0.0484
1.8759 -3.7406 0.0000
1.6447 -3.9038 0.0000
-0.4631 2.4324 0.0000
4.6951 4.0066 0.0000
-4.4981 1.2447 0.0000
0.7060 4.7610 0.0000
0.7624 4.5190 0.0000
0.5153 4.4377 0.0000
-1.0240 -1.3932 0.0003
-1.2384 -1.4001 0.0006
-0.7147 1.3722 0.0002
-0.8340 1.1071 0.0009
-1.1228 1.0459 0.0032
-0.8438 -3.8967 0.0000
-1.1238 -4.0277 0.0000
1.5033 2.5702 0.0000
1.3209 2.3687 0.0000
0.5706 -0.4559 0.0023
0.3209 -0.5014 0.0013
-0.8562 -4.1704 0.0000
-1.0957 -4.3147 0.0000
-1.3544 3.7439 0.0000
-1.4047 3.4654 0.0000
0.4562 2.6612 0.0000
-1.3477 -1.6119 0.0002
0.2301 4.5234 0.0000
3.8877 1.4002 0.0000
2.4345 3.4806 0.0000
2.1937 3.3811 0.0000
2.2301 -4.0704 0.0000
2.0071 -4.2675 0.0000
1.7903 -4.4644 0.0000
-4.1726 2.8014 0.0000
-4.2198 2.5440 0.0000
2.6462 -0.3722 0.1042
2.7490 -0.4436 0.0554
2.6144 -0.4569 0.1035
2.5330 -0.5169 0.1215
2.6461 -0.5751 0.0714
2.5290 -0.6313 0.0954
2.6525 -0.7606 0.0416
2.4524 -0.5588 0.1353
2.4209 -0.6416 0.1188
2.3650 -0.7149 0.1062
4.5277 3.1070 0.0000
4.5105 2.8087 0.0000
-2.2661 -4.0241 0.0000
-2.3973 -4.2718 0.0000
2.9900 2.9374 0.0000
2.8113 2.4783 0.0000
0.1913 -2.6796 0.0000
0.0298 -2.8706 0.0000
2.2904 1.5764 0.0021
3.9940 0.1543 0.0000
4.1707 -0.0983 0.0000
3.7247 0.1861 0.0000
3.8665 -0.0857 0.0000
-2.8032 4.4742 0.0000
3.2931 4.1677 0.0000
3.2417 3.8628 0.0000
0.3111 -3.3408 0.0000
2.3941 0.6066 0.1304
2.3788 0.5167 0.1614
2.2571 0.7740 0.0932
2.2286 0.6691 0.1255
2.1969 0.5691 0.1583
2.3748 0.4282 0.1899
2.2968 0.4313 0.2019
2.2338 0.3694 0.2252
2.1257 0.4923 0.1784
2.2911 0.5189 0.1732
2.2117 0.4673 0.1932
2.1398 0.4019 0.2091
2.0587 0.3859 0.1997
2.0824 0.3033 0.2272
-1.1007 4.7372 0.0000
-1.7713 -3.1689 0.0000
-1.9898 -3.3340 0.0000
1.8740 -1.8909 0.0002
1.8413 -2.1733 0.0000
1.5642 -2.2909 0.0000
-2.1655 -4.4895 0.0000
-2.4582 -4.5204 0.0000
-2.6597 -4.7476 0.0000
-4.1932 -4.7370 0.0000
3.6562 -1.3775 0.0000
3.3916 -1.4059 0.0000
-2.9999 -2.6574 0.0000
-3.1717 -2.8622 0.0000
-2.8446 2.7300 0.0000
-2.8794 2.4368 0.0000
-3.3354 2.7776 0.0000
-3.1109 2.6134 0.0000
-3.4038 2.5283 0.0000
-3.4051 2.2482 0.0000
2.3086 -2.5054 0.0000
-2.1533 3.7747 0.0000
-2.2208 3.5071 0.0000
-2.5001 3.4283 0.0000
2.8533 0.7003 0.0162
3.7058 -0.3185 0.0000
-1.8426 -2.2300 0.0000
-2.1151 -2.1375 0.0000
-2.0562 -2.4062 0.0000
-0.8146 3.9848 0.0000
4.7434 0.8189 0.0000
4.4045 0.4524 0.0000
4.3121 -2.2942 0.0000
0.2556 4.2686 0.0000
-0.0228 4.4996 0.0000
0.9604 -4.2737 0.0000
0.6769 -4.3246 0.0000
-4.2928 -4.4549 0.0000
-2.5840 -0.9423 0.0544
-2.7981 -0.8957 0.0232
-2.9641 -1.0924 0.0030
-2.8267 -1.3518 0.0024
-3.1105 -1.3402 0.0002
2.3447 -2.2164 0.0000
0.3227 -1.4868 0.0000
0.3416 1.1599 0.0002
0.1499 0.9670 0.0005
-0.1112 0.9203 0.0006
0.1145 0.6837 0.0012
-0.1901 0.6650 0.0013
4.0430 -2.6729 0.0000
3.7840 -2.7500 0.0000
3.4628 -3.1112 0.0000
-1.4680 3.1918 0.0000
-1.5384 2.9105 0.0000
2.0372 -2.6180 0.0000
2.0031 -2.9042 0.0000
1.7770 -3.0400 0.0000
-3.8887 4.7548 0.0000
-4.0149 4.4977 0.0000
-4.1776 4.2506 0.0000
-4.3024 4.4834 0.0000
-4.4731 4.1659 0.0000
-2.0612 -0.3312 0.3762
-2.1520 -0.3640 0.3895
-2.1694 -0.4524 0.3429
-2.2938 -0.4684 0.3336
-2.3727 -0.5346 0.2764
-2.4692 -0.5971 0.2075
-2.2173 -0.5102 0.3130
-2.2869 -0.5680 0.2755
-2.1931 -0.5889 0.2647
-2.2089 -0.6668 0.2209
-2.2972 -0.6464 0.2292
-2.3844 -0.6244 0.2240
-2.3653 -0.7170 0.1810
-2.4594 -0.6999 0.1642
-2.5548 -0.6586 0.1444
-2.6577 -0.6993 0.0897
-2.5026 -0.8326 0.1009
-2.5366 -0.7500 0.1188
-2.6363 -0.8011 0.0726
0.1944 -0.3241 0.0016
2.0745 -2.3349 0.0000
3.5210 -2.8169 0.0000
3.1943 -3.1653 0.0000
2.9063 -3.2147 0.0000
2.6212 -3.2587 0.0000
2.5544 -3.5056 0.0000
4.4988 3.4618 0.0000
4.3297 3.2668 0.0000
4.2780 2.9733 0.0000
-2.2172 0.2522 0.4546
-2.2714 0.1662 0.4840
-2.2818 0.0624 0.5043
-2.3662 0.0086 0.4778
-2.2779 -0.0341 0.5076
-2.4385 -0.0774 0.4265
4.5296 -4.3777 0.0000
-2.0403 4.7744 0.0000
-2.1867 4.5262 0.0000
-2.0559 4.2889 0.0000
1.0834 1.6410 0.0001
3.7698 1.6599 0.0000
3.4782 1.6800 0.0000
-2.0764 2.7458 0.0000
-2.1226 2.4858 0.0000
-2.3897 2.3786 0.0000
-2.3949 2.0929 0.0001
3.3575 0.8434 0.0000
3.1150 0.6561 0.0018
2.1801 -0.1641 0.2735
2.1348 -0.2548 0.2493
2.0879 -0.3399 0.2188
2.0334 -0.4123 0.1860
1.9971 -0.5016 0.1517
1.9548 -0.5842 0.1191
2.1737 -0.0621 0.2846
2.0949 -0.1008 0.2669
2.0810 -0.1770 0.2533
2.0309 -0.2548 0.2247
1.9831 -0.3331 0.1926
1.9338 -0.4230 0.1558
1.8978 -0.5140 0.1233
1.8290 -0.5772 0.0921
1.8974 -0.6563 0.0890
1.9887 -0.1650 0.2270
1.9240 -0.2473 0.1908
1.8895 -0.3400 0.1609
1.8323 -0.3919 0.1318
1.8393 -0.4570 0.1204
1.7773 -0.4908 0.0969
1.6823 -0.5770 0.0614
1.7703 -0.7268 0.0531
-2.0522 -2.7394 0.0000
-2.2891 -2.8796 0.0000
-2.0579 -3.0463 0.0000
-2.2462 -3.2682 0.0000
-2.3980 -3.1123 0.0000
-2.6402 -3.2056 0.0000
-2.5670 3.9844 0.0000
-2.7900 3.8805 0.0000
-0.5426 4.1235 0.0000
4.4914 4.5370 0.0000
4.2524 4.3928 0.0000
0.9829 -0.9036 0.0020
0.8851 -1.1885 0.0004
1.3766 1.2046 0.0025
1.1374 1.0684 0.0021
0.8985 1.2020 0.0007
0.8953 0.9103 0.0019
2.3427 4.7648 0.0000
-1.5585 -0.6841 0.0593
-1.6738 -0.6458 0.0970
-1.7419 -0.7126 0.0979
-1.6385 -0.8288 0.0484
-1.7717 -0.9814 0.0408
-1.8005 -0.8144 0.0834
-1.2150 1.5166 0.0003
-1.5965 -2.3725 0.0000
3.9116 0.7355 0.0000
3.8535 0.4582 0.0000
0.8015 -0.6895 0.0024
0.7039 -0.9790 0.0007
0.4311 -1.0080 0.0004
0.2471 -1.2208 0.0001
-4.0030 4.0302 0.0000
-4.0453 3.7798 0.0000
-4.5052 3.8498 0.0000
1.6457 -1.1890 0.0057
-0.3950 0.8998 0.0009
-0.4603 0.6537 0.0021
-2.9862 -0.3103 0.0217
-3.2478 -0.3336 0.0009
3.3074 -0.0220 0.0003
3.0609 0.0744 0.0066
2.8934 -0.1456 0.0294
3.4251 -0.2853 0.0000
3.1394 -0.2167 0.0025
2.9719 -0.4116 0.0108
2.8419 -0.6239 0.0201
4.5183 1.8782 0.0000
-0.2955 -3.9615 0.0000
-0.5612 -3.7863 0.0000
-0.5854 -4.0566 0.0000
-1.6962 3.3769 0.0000
-1.7553 3.0981 0.0000
-2.0299 3.0221 0.0000
-2.3061 2.9440 0.0000
1.9712 2.7044 0.0000
1.7784 2.4985 0.0000
2.1690 0.8869 0.0629
1.9954 0.8912 0.0504
1.8047 0.8177 0.0428
1.6126 0.8054 0.0251
2.0664 0.7714 0.0854
2.0651 0.6901 0.1083
1.9451 0.7341 0.0791
1.9090 0.6328 0.0981
1.7895 0.6530 0.0694
1.6261 0.5988 0.0489
1.7701 0.5192 0.0922
1.6625 0.4461 0.0781
-1.6190 2.3087 0.0000
-1.8817 2.1943 0.0000
4.4200 4.0553 0.0000
-1.8025 4.3321 0.0000
1.8869 -1.0806 0.0193
1.8742 -1.3415 0.0050
1.6282 -1.7294 0.0003
-0.3455 1.9622 0.0000
-0.6195 1.9073 0.0000
-0.6821 1.6323 0.0000
-0.8888 1.8370 0.0000
1.6775 3.9801 0.0000
1.4389 3.8442 0.0000
-2.5175 -3.9883 0.0000
-2.8088 -3.9939 0.0000
0.7307 -3.5700 0.0000
-2.8070 3.0229 0.0000
-3.0744 2.9016 0.0000
-3.4139 -0.8682 0.0000
-3.7084 -0.9199 0.0000
4.7590 -2.9521 0.0000
-4.7682 2.0190 0.0000
-3.1268 -3.1377 0.0000
-0.4194 -1.8015 0.0000
2.7301 4.1581 0.0000
2.7186 3.8772 0.0000
-0.2721 4.5014 0.0000
-0.5273 -3.2279 0.0000
-0.7938 -3.6209 0.0000
-0.4675 -4.7847 0.0000
-1.7454 1.4381 0.0039
-1.8120 1.1819 0.0187
-0.4295 1.4179 0.0001
-0.5489 1.1437 0.0004
-0.6748 0.8817 0.0016
2.3632 -0.8361 0.0733
2.0907 -0.9758 0.0437
-3.4825 1.2603 0.0000
-4.5497 -4.4419 0.0000
-4.7753 -4.5101 0.0000
4.4488 -0.6120 0.0000
3.9938 -0.3444 0.0000
4.4749 -3.3442 0.0000
4.4085 -3.6037 0.0000
-0.2969 -3.7040 0.0000
-3.8122 -2.8558 0.0000
-3.9632 -3.0972 0.0000
-4.2288 -3.1297 0.0000
0.3191 -0.7477 0.0008
0.1405 -0.9438 0.0003
-0.0476 -1.1472 0.0001
-0.2475 -1.3353 0.0001
-2.4618 1.4623 0.0058
3.6123 4.7463 0.0000
-1.5844 0.2563 0.1421
-1.7066 0.2807 0.1962
-1.6550 0.2178 0.1809
-1.7307 0.1838 0.2281
-1.8179 0.1552 0.2877
-1.7355 0.0969 0.2424
-1.8310 0.0603 0.3085
-1.9283 0.0203 0.3786
-1.8395 -0.0338 0.3164
-2.0012 0.0924 0.4204
-2.0266 0.0105 0.4429
-1.9297 -0.0745 0.3764
-2.0044 -0.0669 0.4261
-2.1040 -0.0456 0.4811
-1.9562 -0.1717 0.3771
-2.1399 -0.1190 0.4834
-2.2229 -0.2062 0.4724
-2.0492 -0.1307 0.4418
-2.0566 -0.2191 0.4205
-2.1423 -0.1940 0.4632
-2.1366 -0.2760 0.4290
-2.2274 -0.2990 0.4323
-2.2396 -0.4014 0.3776
-0.6202 -2.4913 0.0000
-0.8273 4.7706 0.0000
-0.7814 4.5366 0.0000
-1.0303 4.4560 0.0000
1.1519 0.7781 0.0055
0.9326 0.6055 0.0045
-3.8079 -1.6346 0.0000
-4.7311 -4.2076 0.0000
0.3260 1.6507 0.0000
0.0507 1.6749 0.0000
4.5130 1.5785 0.0000
2.7734 -1.9205 0.0001
2.8317 -2.2395 0.0000
0.0450 0.1627 0.0026
-4.5244 1.5524 0.0000
4.2479 2.6811 0.0000
3.8907 2.6424 0.0000
3.8309 2.3739 0.0000
-3.2833 -1.5760 0.0000
-3.9834 1.2386 0.0000
-3.9761 0.9842 0.0000
-4.2402 0.9186 0.0000
-4.2925 0.6546 0.0000
-0.9238 3.1016 0.0000
4.1120 3.3984 0.0000
4.0487 3.1375 0.0000
4.0169 2.8537 0.0000
3.0127 -1.7858 0.0000
-3.0070 1.2801 0.0006
-3.2491 1.1085 0.0001
4.2901 2.3260 0.0000
2.6572 4.7273 0.0000
2.1649 -3.5123 0.0000
4.7495 3.5453 0.0000
4.7357 3.2685 0.0000
-0.2618 4.2366 0.0000
3.3970 1.9869 0.0000
0.5931 -3.3567 0.0000
0.4666 -3.6054 0.0000
1.6796 2.0173 0.0001
1.5626 1.7648 0.0002
-1.0200 -0.3882 0.0166
-1.2081 -0.5063 0.0254
-1.3898 -0.4158 0.0614
2.1340 -1.7620 0.0007
2.1162 -2.0471 0.0001
3.0967 -2.3671 0.0000
3.6617 2.6925 0.0000
3.5860 2.4688 0.0000
3.3450 2.5723 0.0000
3.3617 2.2826 0.0000
4.6105 -3.7771 0.0000
4.7877 -3.9177 0.0000
-4.0598 1.7355 0.0000
4.2222 4.7192 0.0000
-1.5929 2.6070 0.0000
-1.8636 2.4916 0.0000
-4.0025 -1.8443 0.0000
-4.2142 -2.0674 0.0000
0.3685 -2.8579 0.0000
0.2195 -3.0821 0.0000
0.7245 -2.1551 0.0000
0.5366 -2.3160 0.0000
0.3448 -2.4767 0.0000
4.3742 2.0704 0.0000
4.1685 1.9756 0.0000
4.2608 1.4332 0.0000
4.5310 -0.8725 0.0000
3.8303 -0.5852 0.0000
3.5436 -0.5562 0.0000
2.3638 1.3138 0.0087
2.3165 1.1052 0.0253
2.3147 0.9232 0.0546
3.0521 -2.6671 0.0000
2.9961 -2.9477 0.0000
-3.7187 4.5140 0.0000
-3.5845 4.2704 0.0000
-3.8519 4.2516 0.0000
2.3513 -0.2131 0.2527
2.3141 -0.2932 0.2419
2.2704 -0.3707 0.2251
2.2244 -0.4503 0.2013
2.2764 -0.1868 0.2702
2.2331 -0.2586 0.2569
2.1919 -0.3361 0.2351
2.1496 -0.4110 0.2086
2.0974 -0.4715 0.1819
2.1701 -0.5272 0.1732
2.1317 -0.6206 0.1389
2.0675 -0.5583 0.1495
2.0241 -0.6324 0.1196
2.0887 -0.7026 0.1088
1.9727 -0.7204 0.0872
-1.5774 3.9270 0.0000
-1.8616 3.8294 0.0000
2.6868 0.2590 0.0993
2.7201 0.3690 0.0736
2.5970 0.3012 0.1367
2.5484 0.2069 0.1751
2.4417 0.1869 0.2276
-1.0822 3.8609 0.0000
-1.3139 4.0254 0.0000
-2.7407 1.4212 0.0025
4.2855 -4.4827 0.0000
4.2063 -4.7594 0.0000
3.8121 3.2192 0.0000
3.7677 2.9486 0.0000
3.5376 3.1393 0.0000
3.3349 3.3484 0.0000
3.2552 3.0570 0.0000
-4.7562 2.6422 0.0000
4.1919 -2.0767 0.0000
0.1338 3.7321 0.0000
0.3217 3.5466 0.0000
0.1475 3.3818 0.0000
0.1706 -4.1803 0.0000
2.0453 4.7650 0.0000
-1.3431 -2.5029 0.0000
4.7755 -4.2276 0.0000
-1.3876 1.0034 0.0098
-1.5598 0.6222 0.0700
-1.5835 0.5112 0.0966
-1.6341 0.4249 0.1317
-3.9028 -2.1110 0.0000
-4.2431 -3.6485 0.0000
4.2307 -3.1539 0.0000
4.1778 -3.4265 0.0000
3.9486 -3.2403 0.0000
3.8896 -3.5224 0.0000
3.1212 0.3455 0.0028
-1.5784 4.5063 0.0000
-1.5352 4.2268 0.0000
-3.9521 -0.7457 0.0000
-4.4920 -2.1136 0.0000
-4.7629 -2.0339 0.0000
2.4658 4.0243 0.0000
2.2010 3.9522 0.0000
-3.7276 -4.4943 0.0000
-0.7768 2.8649 0.0000
-1.0513 2.8301 0.0000
-0.1338 -0.8672 0.0004
-0.3463 -1.0693 0.0002
3.6808 -2.2311 0.0000
3.5189 -1.6840 0.0000
3.2730 -1.8490 0.0000
0.3196 -4.6346 0.0000
0.1119 -4.7547 0.0000
-1.5619 1.2241 0.0062
-1.6445 0.9648 0.0293
-1.6538 0.7581 0.0653
-1.7944 0.8264 0.0785
-1.7976 0.7308 0.1066
-0.9389 1.5616 0.0001
-1.0161 1.3062 0.0006
-0.2921 -3.2101 0.0000
-0.2295 -3.4375 0.0000
-1.3807 0.2450 0.0754
-1.5113 0.2925 0.1091
-1.4772 0.2144 0.1064
-1.5589 0.1738 0.1416
-1.4755 0.1208 0.1134
-1.5633 0.0740 0.1515
-1.4776 0.0282 0.1181
-1.4771 -0.0603 0.1181
-1.5735 -0.0270 0.1586
-1.6429 0.1330 0.1857
-1.6542 0.0400 0.1985
-1.6744 -0.0482 0.2102
-1.7507 0.0050 0.2570
-1.6335 -0.1169 0.1845
-1.6962 -0.1777 0.2117
-1.7532 -0.0940 0.2550
-1.8551 -0.1263 0.3186
-1.7811 -0.1806 0.2614
-1.8663 -0.2179 0.3076
-1.7731 -0.2610 0.2401
-1.8307 -0.3226 0.2564
-1.9089 -0.2810 0.3156
-1.9834 -0.2678 0.3640
-1.9036 -0.3700 0.2801
-1.9827 -0.3599 0.3260
-1.9851 0.3648 0.3264
-2.1368 0.3566 0.3914
-2.2198 0.3402 0.4128
-2.2981 0.2719 0.4390
-4.0888 -2.8504 0.0000
-4.3523 -2.8564 0.0000
-1.3013 1.2646 0.0017
-0.2264 2.2444 0.0000
-3.4044 4.4918 0.0000
-2.8239 -2.4304 0.0000
1.4762 0.2121 0.0586
1.2741 0.2791 0.0257
1.1000 0.0901 0.0160
0.8551 0.0485 0.0071
-3.3333 0.1666 0.0003
-3.4294 -0.1141 0.0001
-3.6517 0.0780 0.0000
-3.7313 -0.1944 0.0000
-3.9556 -0.0016 0.0000
-4.0212 -0.2657 0.0000
-3.5854 -4.7526 0.0000
4.6835 0.5529 0.0000
-4.1122 -1.2423 0.0000
4.0688 1.2471 0.0000
3.9494 1.0245 0.0000
-1.3321 2.7311 0.0000
-1.5434 -0.1258 0.1418
-1.5138 -0.2144 0.1231
-1.6030 -0.2114 0.1604
-1.5091 -0.2961 0.1123
-1.5891 -0.3031 0.1417
-1.6830 -0.2739 0.1890
-1.6550 -0.3732 0.1563
-1.5625 -0.3941 0.1165
-1.6250 -0.4687 0.1240
-1.7188 -0.4496 0.1646
-1.7458 -0.3557 0.2019
-1.7770 -0.5225 0.1664
-1.8187 -0.4277 0.2157
-1.8590 -0.5291 0.1966
-1.9140 -0.4540 0.2510
-1.9462 -0.5368 0.2280
-1.9946 -0.4394 0.2945
-2.0282 -0.5226 0.2655
-2.0780 -0.4283 0.3333
-2.1153 -0.5231 0.2910
-0.0973 -0.1037 0.0025
0.5731 -1.2771 0.0001
0.5854 -1.5864 0.0000
1.6189 1.0405 0.0103
1.3789 0.9252 0.0073
-2.3531 2.6631 0.0000
-2.6184 2.5519 0.0000
-2.6481 2.2549 0.0000
-2.9184 2.1470 0.0000
-2.5008 -0.0116 0.3792
-2.5422 -0.0938 0.3354
-2.5828 -0.1760 0.2847
-2.6657 -0.1972 0.2057
-2.6007 -0.0124 0.2837
-2.6476 -0.1020 0.2338
-2.7735 -0.0716 0.1281
-2.7346 -0.1453 0.1538
-2.7974 -0.2113 0.1032
-2.7285 -0.2549 0.1461
-2.4862 -0.1785 0.3697
-2.5524 -0.2573 0.2927
-2.6346 -0.2785 0.2171
-2.7094 -0.3477 0.1445
-2.8114 -0.3261 0.0841
-2.7175 -0.4277 0.1232
-2.8324 -0.4767 0.0579
-4.1931 4.7476 0.0000
-4.4925 4.7262 0.0000
-4.7544 4.7696 0.0000
-4.7741 4.5217 0.0000
-4.5450 4.4418 0.0000
-3.5596 3.7418 0.0000
-3.5439 3.4703 0.0000
-3.7808 3.4697 0.0000
-4.0604 3.4819 0.0000
-4.1904 3.2020 0.0000
1.9682 1.9669 0.0001
1.8373 1.7746 0.0004
-2.3790 -2.0683 0.0001
-4.1433 2.2442 0.0000
-4.3746 2.3244 0.0000
-4.5268 2.1482 0.0000
-0.6880 -0.7131 0.0022
-0.8817 -0.9058 0.0020
-0.9781 -1.1571 0.0008
-2.4621 -3.4446 0.0000
0.6602 0.7699 0.0018
0.6959 0.5086 0.0029
2.6015 -2.0978 0.0000
2.5768 -2.4045 0.0000
3.7348 4.4942 0.0000
3.4434 4.4771 0.0000
-3.0237 3.4657 0.0000
-3.0467 3.1846 0.0000
3.2028 -0.9668 0.0002
2.9806 -1.0936 0.0013
2.9927 -2.0559 0.0000
-2.6586 4.7463 0.0000
-2.3400 -2.3280 0.0000
-2.5746 -2.3955 0.0000
3.6558 0.9323 0.0000
3.3498 0.5334 0.0001
4.7494 0.0772 0.0000
4.7523 -0.1916 0.0000
4.7924 -1.7098 0.0000
4.7702 -2.0394 0.0000
0.2141 -3.6334 0.0000
-0.0417 -3.6716 0.0000
-4.4954 -0.9158 0.0000
-4.7334 -1.0891 0.0000
-4.5387 -1.2851 0.0000
-4.7639 -1.4174 0.0000
3.3418 4.7570 0.0000
3.1587 4.6834 0.0000
1.1352 -0.3785 0.0142
3.0315 1.5784 0.0001
2.8114 1.3944 0.0014
2.5591 1.4895 0.0023
4.1928 3.8878 0.0000
4.2530 3.5989 0.0000
3.6185 0.6664 0.0000
3.5813 0.4002 0.0000
3.3816 0.2199 0.0001
3.8508 2.0590 0.0000
3.6475 1.8946 0.0000
4.5391 -2.4757 0.0000
4.5235 -2.7708 0.0000
4.2942 -2.5837 0.0000
4.2665 -2.8717 0.0000
4.7468 -3.2544 0.0000
4.7330 -3.5540 0.0000
-1.0903 -2.6450 0.0000
-1.3209 -2.7948 0.0000
-1.2828 -3.0721 0.0000
-1.5513 -2.9687 0.0000
-2.3194 4.2637 0.0000
-2.5784 4.2477 0.0000
1.1956 4.7036 0.0000
4.1488 4.1617 0.0000
-1.4898 -1.3129 0.0028
-4.7082 -2.3410 0.0000
-4.1230 -1.5949 0.0000
-4.2932 -1.7926 0.0000
-1.1816 -0.7150 0.0134
-1.3990 -0.6135 0.0396
-1.4016 -0.8567 0.0182
-4.5363 2.4827 0.0000
4.7744 -4.7851 0.0000
3.0162 -1.4234 0.0002
2.8073 -1.2768 0.0022
2.6100 -1.4509 0.0023
2.8425 -1.5999 0.0003
2.6137 -1.7468 0.0004
-3.7311 1.4101 0.0000
-3.7211 1.1146 0.0000
-1.7698 -1.2269 0.0119
-1.4103 -4.7522 0.0000
-1.7237 -4.7591 0.0000
-0.3144 4.7480 0.0000
-0.5483 4.7144 0.0000
4.2058 -1.2622 0.0000
4.3041 -1.4669 0.0000
3.9447 -1.3479 0.0000
4.0758 -1.5760 0.0000
3.8079 -1.6319 0.0000
-2.4598 3.7255 0.0000
-1.8305 -1.7115 0.0006
-1.8160 -1.9712 0.0001
-2.0572 -1.9124 0.0002
1.4039 -3.9962 0.0000
-4.1345 -0.4930 0.0000
-4.2681 -0.7165 0.0000
-1.4679 1.5223 0.0009
-1.0493 -1.6835 0.0000
-2.9954 1.5740 0.0001
-3.2419 1.4237 0.0000
-4.4404 0.3725 0.0000
-4.7267 0.1659 0.0000
-0.5200 4.4205 0.0000
-0.7866 4.2690 0.0000
-1.2476 0.3681 0.0404
-1.0710 0.2524 0.0254
-1.2375 0.1639 0.0498
-1.2281 0.0057 0.0508
-1.3799 0.1227 0.0831
-1.3756 0.0285 0.0850
-1.3155 -0.1432 0.0664
-1.3892 -0.0557 0.0891
-1.4442 -0.1514 0.1031
-2.0578 -1.2591 0.0203
-2.0943 -1.6404 0.0019
-1.7202 4.7587 0.0000
-1.8966 4.5550 0.0000
4.7391 -0.4963 0.0000
1.4773 -4.2559 0.0000
1.5249 -4.5008 0.0000
4.7682 -2.6473 0.0000
-3.2965 4.2129 0.0000
-3.2949 3.8904 0.0000
-0.6901 0.6396 0.0037
-0.9136 0.6318 0.0072
-1.4600 0.7803 0.0315
-1.1272 0.5399 0.0188
-1.3717 0.5640 0.0423
-1.4239 0.3709 0.0738
-1.5065 0.4746 0.0809
-1.5512 0.3780 0.1100
-1.6279 0.3275 0.1488
0.4531 -4.1148 0.0000
0.3928 -4.3882 0.0000
-1.5615 -1.7986 0.0001
-1.5650 -2.0765 0.0000
-2.4662 -2.6449 0.0000
-1.1335 -0.9296 0.0051
-1.2763 -1.1376 0.0033
-0.1216 -1.8350 0.0000
3.4001 -2.3080 0.0000
3.3134 -2.5882 0.0000
2.8712 1.1267 0.0032
2.7181 0.9159 0.0186
-1.3617 2.1374 0.0000
-1.6300 2.0144 0.0001
-0.0767 4.7462 0.0000
-4.2434 -3.9100 0.0000
2.3785 -3.6051 0.0000
2.4033 -3.8426 0.0000
4.7731 -2.3411 0.0000
2.0113 -3.2365 0.0000
1.9152 -3.5000 0.0000
0.8976 3.0241 0.0000
0.6904 2.8563 0.0000
2.3402 -0.6070 0.1427
2.2880 -0.6733 0.1260
2.2668 -0.7606 0.0999
2.2272 -0.8808 0.0677
2.2270 -0.6086 0.1486
2.1893 -0.6994 0.1182
2.1616 -0.7855 0.0912
2.0625 -0.8155 0.0755
1.9339 4.0891 0.0000
1.6577 4.2633 0.0000
-3.5094 -3.7663 0.0000
-3.7529 -3.7419 0.0000
1.2107 0.5120 0.0138
1.0068 0.3370 0.0091
0.7728 0.2765 0.0050
4.0302 -1.8589 0.0000
-3.2831 -2.5822 0.0000
-3.3773 -3.0606 0.0000
-3.4542 -2.7819 0.0000
-3.6244 -2.9855 0.0000
-3.7347 -3.2041 0.0000
-3.4901 -3.2762 0.0000
-3.7099 -3.4891 0.0000
0.9392 2.7074 0.0000
0.7240 2.5752 0.0000
3.6186 2.1834 0.0000
2.7359 -4.2485 0.0000
2.8427 -4.5021 0.0000
2.6548 -4.7480 0.0000
2.4568 -4.2037 0.0000
2.2721 -4.3955 0.0000
2.5445 -4.4858 0.0000
2.3271 -4.7154 0.0000
4.7706 0.3419 0.0000
4.5361 0.2328 0.0000
3.5327 3.9480 0.0000
1.5826 2.2810 0.0000
1.3873 2.0423 0.0000
3.9406 -2.1507 0.0000
4.0765 -2.3793 0.0000
3.8392 -2.4597 0.0000
3.5831 -2.5280 0.0000
-3.8574 -4.2280 0.0000
1.1969 -3.5067 0.0000
1.0196 -3.6765 0.0000
1.6095 -2.0075 0.0000
1.3456 -2.1069 0.0000
1.0827 -2.1974 0.0000
-0.0260 -0.3766 0.0014
0.0668 -0.6404 0.0008
-0.2151 -0.5933 0.0009
3.1058 2.4023 0.0000
2.8925 2.1920 0.0000
-0.6159 -2.0050 0.0000
-0.8088 -2.2309 0.0000
0.4922 0.3279 0.0027
0.3218 0.1183 0.0025
-3.7863 1.9219 0.0000
1.3458 4.4191 0.0000
-1.5156 -3.2559 0.0000
-1.5890 -3.4841 0.0000
-1.8054 -3.4662 0.0000
2.1259 1.3404 0.0076
1.8846 1.2841 0.0069
1.6291 1.2850 0.0035
-4.5335 -0.1842 0.0000
-4.7673 -0.1252 0.0000
-4.7229 -0.4371 0.0000
-2.2251 0.9142 0.1103
-2.2478 0.8125 0.1532
-2.2730 0.7140 0.2005
-2.3414 0.7840 0.1591
-2.4366 0.7645 0.1481
-2.3675 0.6905 0.1992
-2.4642 0.6773 0.1769
-4.2229 -2.5918 0.0000
3.9033 4.2638 0.0000
3.6118 4.2183 0.0000
-2.2283 0.5399 0.2994
-2.2704 0.4519 0.3490
-2.2974 0.3651 0.3933
-2.3830 0.3195 0.3868
-2.3659 0.2177 0.4371
-2.3699 0.1159 0.4639
-2.4478 0.1953 0.3944
-2.4698 0.1042 0.3978
-2.5452 0.0613 0.3353
2.1331 -3.7824 0.0000
1.9367 -4.0028 0.0000
3.9086 4.7518 0.0000
4.7443 4.5149 0.0000
-0.8518 3.6932 0.0000
-1.1234 3.5715 0.0000
-2.1959 1.7536 0.0012
-4.1702 -0.9531 0.0000
-4.3647 -1.1289 0.0000
-2.1331 2.2410 0.0000
1.9325 3.8058 0.0000
1.6725 3.6905 0.0000
1.9241 3.5014 0.0000
1.6298 3.4335 0.0000
-3.2484 -1.0883 0.0001
-3.3994 -1.3406 0.0000
-3.5486 -1.1253 0.0000
-3.6137 -1.4532 0.0000
-4.3885 3.0073 0.0000
-4.4570 2.7276 0.0000
-0.6148 -4.3346 0.0000
-0.8573 -4.4570 0.0000
4.7575 1.4190 0.0000
4.7558 1.1167 0.0000
1.3667 3.5816 0.0000
1.4202 3.3071 0.0000
1.1605 3.2988 0.0000
-4.5301 0.6642 0.0000
-4.7417 0.4700 0.0000
1.7141 -4.1876 0.0000
-0.5028 -1.2916 0.0001
2.6480 0.7007 0.0513
2.6919 0.5217 0.0647
2.5729 0.5791 0.0921
2.4749 0.5468 0.1290
-1.7948 4.0899 0.0000
-2.0552 4.0468 0.0000
-0.1698 2.9614 0.0000
-0.3885 2.7993 0.0000
-3.5936 3.1930 0.0000
-3.8872 3.2344 0.0000
-4.0549 3.0016 0.0000
3.5787 -0.0421 0.0000
-2.7296 -2.6837 0.0000
0.1722 -2.2821 0.0000
-0.1444 -2.2978 0.0000
-0.3268 -2.4586 0.0000
-0.4540 -2.7166 0.0000
0.9045 -1.9921 0.0000
-1.9124 -1.4510 0.0047
4.7682 4.7691 0.0000
4.5107 4.7757 0.0000
2.9839 4.2646 0.0000
2.9973 4.0012 0.0000
4.7280 -1.0969 0.0000
4.3974 -1.1045 0.0000
0.9104 -4.5304 0.0000
0.7909 -4.7788 0.0000
0.6138 -4.5810 0.0000
0.4753 -4.7942 0.0000
-0.8755 -2.5218 0.0000
-3.8125 1.6599 0.0000
-4.0273 1.4805 0.0000
1.0380 2.4491 0.0000
0.8236 2.3365 0.0000
0.5408 2.3686 0.0000
-2.9606 -4.2472 0.0000
4.7602 -0.7772 0.0000
-0.7571 2.3751 0.0000
4.2794 1.7442 0.0000
4.0563 1.5987 0.0000
-1.0437 -4.5983 0.0000
-1.1300 -4.7864 0.0000
-3.9153 -1.0618 0.0000
2.5970 1.1849 0.0102
2.4994 0.9633 0.0351
4.1344 -0.6062 0.0000
3.9455 -0.8368 0.0000
3.6566 -0.8395 0.0000
3.7749 -1.1025 0.0000
1.2694 3.0715 0.0000
1.1044 2.9199 0.0000
-0.6533 0.4068 0.0056
-0.9140 0.3944 0.0121
-1.0021 0.0460 0.0223
-4.7505 1.0942 0.0000
-3.2384 -3.3578 0.0000
-3.4289 -3.5370 0.0000
1.6690 0.2308 0.1083
1.5949 0.2209 0.0873
1.6095 0.1252 0.0977
1.4455 -0.1143 0.0572
1.3420 0.0631 0.0396
1.2305 -0.1338 0.0259
-0.1657 -4.7311 0.0000
2.8583 0.2403 0.0364
2.8954 0.4700 0.0202
2.8250 0.0446 0.0511
2.6880 0.0601 0.1118
-0.7374 -1.2268 0.0003
-0.7927 -1.4751 0.0001
-2.1317 1.9870 0.0002
-1.1192 2.0149 0.0000
-1.3973 1.8249 0.0001
-4.5062 -3.9022 0.0000
3.2014 1.0777 0.0002
3.0176 0.9125 0.0023
-3.4334 1.9326 0.0000
-3.5818 1.7602 0.0000
-3.1263 4.5234 0.0000
2.5130 0.7909 0.0621
2.4976 0.6480 0.0969
2.4112 0.6951 0.1017
2.3714 0.7994 0.0793
2.3218 0.6931 0.1136
2.3028 0.6042 0.1435
4.5654 -4.0744 0.0000
0.9829 -0.1720 0.0105
-3.0561 -0.5535 0.0071
-2.8388 -0.6860 0.0343
-3.0927 -0.8283 0.0023
-2.2293 -1.4475 0.0079
-2.4258 -1.5864 0.0028
-2.7047 -1.6037 0.0011
-1.5836 -2.6728 0.0000
-1.8111 -2.8664 0.0000
-0.8825 2.5956 0.0000
0.8685 1.4958 0.0001
0.6140 1.6090 0.0000
0.6530 1.3163 0.0002
-3.5769 4.7520 0.0000
-0.1312 -4.4523 0.0000
-0.3562 -4.2419 0.0000
-0.3904 -4.5228 0.0000
4.4973 4.2800 0.0000
-2.9340 -3.7404 0.0000
-3.1003 -3.9880 0.0000
0.1010 -1.6981 0.0000
0.2108 -1.9444 0.0000
0.0044 -2.0660 0.0000
-3.1147 -2.0558 0.0000
-0.6562 -4.6148 0.0000
-0.8200 -4.7769 0.0000
0.4193 2.9406 0.0000
0.1777 2.8953 0.0000
1.4147 2.8483 0.0000
1.2254 2.6623 0.0000
0.3711 2.1346 0.0000
0.2091 1.9133 0.0000
-3.5328 -0.3966 0.0000
-0.5331 -2.9731 0.0000
-0.7882 -3.0595 0.0000
-1.0327 -3.1941 0.0000
-2.9847 -1.6006 0.0002
-1.6321 -1.5133 0.0013
0.6854 -2.8796 0.0000
0.5219 -3.0973 0.0000
4.7674 -1.4129 0.0000
4.5249 -1.3205 0.0000
2.3489 -1.3233 0.0087
2.3725 -1.6103 0.0017
2.1232 -1.4756 0.0038
1.8786 -1.6110 0.0011
-2.1567 -3.8192 0.0000
-1.9045 -0.7927 0.1118
-1.9154 -0.8999 0.0799
-1.9971 -0.8722 0.1011
-1.9631 -1.0556 0.0470
-2.0739 -0.8673 0.1131
-2.1591 -0.8529 0.1267
-2.0723 -0.9600 0.0809
-2.1818 -0.9382 0.0950
-2.1768 -1.0739 0.0549
-2.3106 -1.2311 0.0258
-3.5049 -1.6891 0.0000
-3.7052 -1.8975 0.0000
-1.0850 -2.0842 0.0000
-1.3372 -2.2098 0.0000
-3.0464 4.2996 0.0000
0.1618 -0.0882 0.0021
-3.0470 -3.4920 0.0000
-3.2233 -3.7180 0.0000
0.5758 -1.9464 0.0000
0.9059 2.0934 0.0000
0.6499 2.0944 0.0000
0.5059 1.8679 0.0000
3.1442 -3.9623 0.0000
1.7264 4.7836 0.0000
-4.7475 2.3271 0.0000
4.7601 3.7787 0.0000
4.1295 -3.7030 0.0000
3.8550 -3.8020 0.0000
4.0924 -3.9852 0.0000
3.8340 -4.0971 0.0000
-4.3708 -2.3424 0.0000
3.2183 -2.1060 0.0000
3.7080 -4.5770 0.0000
3.5714 -4.7792 0.0000
0.8098 -3.8023 0.0000
0.7349 -4.0645 0.0000
2.3493 2.3614 0.0000
2.4169 2.0601 0.0001
-4.2462 -0.1302 0.0000
-4.3727 -0.3956 0.0000
1.5293 -0.7229 0.0250
1.2633 -0.8153 0.0071
0.0799 2.1862 0.0000
-2.7737 3.3156 0.0000
-4.7441 3.9528 0.0000
-1.0473 4.1527 0.0000
1.4992 -3.1327 0.0000
1.4157 -3.3726 0.0000
-0.0912 -4.1865 0.0000
3.7193 3.7174 0.0000
-2.8158 4.1620 0.0000
-0.2598 2.5769 0.0000
-0.6032 2.6496 0.0000
-2.7630 0.2017 0.1266
-2.8642 0.2335 0.0640
-2.7140 0.1344 0.1711
-2.8290 0.1165 0.0890
-2.6011 0.1190 0.2756
-2.6581 0.0600 0.2265
-2.6990 -0.0303 0.1902
-2.7541 0.0400 0.1435
-2.8817 0.0088 0.0629
-2.8894 -0.1470 0.0572
-3.1210 -0.0698 0.0060
-2.3998 -3.7183 0.0000
-2.6553 -3.7382 0.0000
-2.4857 0.5900 0.2067
-2.5565 0.5378 0.1913
-2.5378 0.4449 0.2385
-2.6268 0.3994 0.1915
-2.5431 0.3448 0.2718
-2.5508 0.2445 0.2967
-2.5326 0.1673 0.3315
-2.6386 0.1931 0.2298
-2.6265 0.2952 0.2192
-2.7054 0.2484 0.1642
2.1569 2.1548 0.0000
2.4873 1.7782 0.0005
2.1953 1.8432 0.0004
-0.2235 -1.5867 0.0000
-1.8980 0.4036 0.2652
-2.0574 0.3124 0.3842
-2.1355 0.2662 0.4339
-1.6627 0.5161 0.1220
-1.7302 0.4534 0.1653
-1.7236 0.3623 0.1861
-1.8143 0.4032 0.2212
-1.8131 0.3211 0.2455
-1.8955 0.3156 0.2956
-1.7897 0.2489 0.2505
-1.8848 0.2236 0.3168
-1.9759 0.2667 0.3600
-1.9056 0.1193 0.3531
-1.9771 0.1764 0.3883
-2.0603 0.2098 0.4254
-2.1597 0.1728 0.4752
-2.0802 0.1232 0.4587
-2.1929 0.0919 0.5015
-2.1117 0.0488 0.4840
-2.1913 -0.0089 0.5091
-3.4824 0.9478 0.0000
-2.7915 1.1315 0.0082
-2.7717 0.8613 0.0293
-3.0211 0.9784 0.0023
-2.9734 0.7225 0.0095
-3.2482 0.7629 0.0003
-3.0706 0.4552 0.0067
-3.3330 0.4470 0.0002
-3.5262 0.6452 0.0000
-3.5936 0.3493 0.0000
2.9043 4.5215 0.0000
2.6854 4.4176 0.0000
-1.3085 4.5319 0.0000
-1.2846 4.2966 0.0000
-1.8497 -4.2603 0.0000
-1.8765 -4.5045 0.0000
-2.0305 -4.7520 0.0000
-2.3338 -4.7567 0.0000
0.2593 -3.8873 0.0000
1.7725 -2.7399 0.0000
1.5218 -2.8594 0.0000
1.2714 -3.0091 0.0000
1.0434 -2.8783 0.0000
3.2053 -1.5861 0.0000
4.7616 2.9593 0.0000
4.7513 2.6559 0.0000
0.3479 3.2000 0.0000
0.0853 3.1006 0.0000
0.1743 4.7696 0.0000
-2.0150 1.3499 0.0120
1.5248 -2.5734 0.0000
1.2616 -2.7085 0.0000
-0.2257 0.1704 0.0033
-0.3651 0.4197 0.0028
-0.5105 0.1837 0.0051
-0.6695 -0.0244 0.0081
-3.2757 4.7588 0.0000
-0.3834 -0.0592 0.0042
-0.2959 -0.3184 0.0024
-0.5761 -0.2619 0.0053
-0.4907 -0.5223 0.0023
-0.7676 -0.4428 0.0067
-0.9593 -0.6448 0.0076
4.5020 -4.7070 0.0000
2.8236 -2.5078 0.0000
2.7747 -2.7577 0.0000
2.7225 -2.9997 0.0000
2.1156 -1.2046 0.0159
3.0842 1.2870 0.0003
0.6373 3.6463 0.0000
0.5219 3.4101 0.0000
-1.1254 2.5562 0.0000
-1.3586 2.4246 0.0000
-2.2935 -1.8127 0.0006
-2.5742 -1.8515 0.0003
-2.8642 -1.8833 0.0001
-3.8322 -0.4726 0.0000
-4.5068 -2.5867 0.0000
-4.7740 -2.6413 0.0000
-4.6079 -2.8601 0.0000
-4.7985 -2.9555 0.0000
-4.4990 -3.1251 0.0000
-4.7421 -3.1953 0.0000
-4.7398 -3.4241 0.0000
-4.7423 -3.6632 0.0000
1.8752 4.5807 0.0000
-2.3486 4.7608 0.0000
0.8946 -3.0471 0.0000
0.7858 -3.2158 0.0000
0.8900 -2.3445 0.0000
-2.2989 0.6154 0.2513
-2.3369 0.5214 0.2971
-2.3702 0.4275 0.3382
-2.3962 0.5964 0.2392
-2.4468 0.4987 0.2678
-2.4568 0.3885 0.3142
-2.4659 0.2816 0.3525
1.0530 -1.6679 0.0000
0.7839 -1.7735 0.0000
-3.4849 1.5533 0.0000
-4.2357 -3.3881 0.0000
-4.4846 -3.3910 0.0000
-4.4897 -3.6497 0.0000
2.6884 3.5954 0.0000
2.5383 3.2603 0.0000
2.0991 1.0886 0.0256
1.8397 1.0408 0.0196
4.0180 -4.5437 0.0000
3.8915 -4.7668 0.0000
1.1177 4.1797 0.0000
0.9023 3.9979 0.0000
2.5375 -2.6970 0.0000
2.2682 -2.7862 0.0000
1.4456 4.7379 0.0000
3.7477 -1.9186 0.0000
-3.1620 -4.5024 0.0000
-3.4361 -4.5035 0.0000
-4.2670 1.4420 0.0000
-4.2336 1.1749 0.0000
-4.2658 3.9736 0.0000
-4.2792 3.6742 0.0000
-4.5284 3.5658 0.0000
-4.7635 3.6691 0.0000
-4.7306 3.3933 0.0000
3.0992 -0.7067 0.0015
2.9026 -0.8544 0.0063
2.7201 -1.0053 0.0122
2.5433 -1.1720 0.0123
-1.9564 1.6294 0.0020
-2.2265 1.5183 0.0055
2.9709 1.8859 0.0000
2.6960 1.9816 0.0001
2.7630 1.6890 0.0003
-1.8094 2.8010 0.0000
-0.5830 3.8305 0.0000
-0.6239 3.5290 0.0000
1.9251 4.3546 0.0000
4.7596 1.7254 0.0000
-3.1718 -1.8089 0.0000
-3.4035 -1.9372 0.0000
2.4728 -2.9914 0.0000
2.2058 -3.0598 0.0000
2.0722 0.0884 0.2625
1.9726 0.1060 0.2289
1.9918 0.0184 0.2403
1.9086 -0.0021 0.2089
1.8432 -0.0766 0.1805
1.7713 -0.1061 0.1510
1.6766 -0.1196 0.1170
1.6476 -0.2285 0.0993
2.0146 -0.0724 0.2457
1.9342 -0.0840 0.2157
1.8866 -0.1626 0.1898
1.8137 -0.1919 0.1587
1.7289 -0.1914 0.1286
1.8255 -0.2772 0.1507
1.7355 -0.2763 0.1206
1.6533 -0.3412 0.0882
1.7662 -0.3629 0.1169
1.7065 -0.4353 0.0884
1.5384 -0.4665 0.0496
1.3302 -0.5601 0.0196
4.5331 -1.6137 0.0000
4.2921 -1.7572 0.0000
4.6053 -1.8665 0.0000
4.4028 -1.9727 0.0000
-2.6735 -4.2436 0.0000
-2.7032 -4.4830 0.0000
-2.9234 -4.5003 0.0000
0.5827 0.0544 0.0035
0.8304 -1.4686 0.0001
-4.3477 3.3944 0.0000
-4.5218 3.2206 0.0000
-4.7727 3.1454 0.0000
-4.6903 2.9189 0.0000
2.0456 3.1829 0.0000
1.8676 2.9758 0.0000
-1.2752 -3.3617 0.0000
-1.3507 -3.6009 0.0000
-1.3393 -3.8569 0.0000
-1.4658 -4.0149 0.0000
-1.6964 -4.0071 0.0000
-0.7619 -2.7685 0.0000
-1.0302 -2.8989 0.0000
2.7194 0.1546 0.0921
2.6310 0.1957 0.1334
2.6124 0.1150 0.1503
2.5167 0.1183 0.2017
2.4231 0.0883 0.2472
2.3340 0.0477 0.2775
2.2503 -0.0065 0.2897
2.6413 -0.0140 0.1379
2.5447 -0.0529 0.1910
2.5757 0.0395 0.1743
2.4889 0.0201 0.2211
2.4537 -0.0865 0.2345
2.4112 -0.0124 0.2554
2.3658 -0.1242 0.2630
2.3358 -0.0460 0.2773
2.2637 -0.1038 0.2834
-0.3674 3.4029 0.0000
-0.6517 3.2336 0.0000
-4.2941 2.0028 0.0000
-4.2903 1.7185 0.0000
-2.0423 1.1130 0.0424
-2.2274 1.0446 0.0670
-2.3190 0.8759 0.1221
-2.3279 0.9626 0.0893
-2.4097 0.8524 0.1188
-2.4355 0.9382 0.0843
-2.5295 0.8783 0.0832
-2.5037 0.8075 0.1127
-4.0764 -2.3372 0.0000
-3.6818 -4.0053 0.0000
-3.9733 -3.9384 0.0000
4.7554 -4.5209 0.0000
2.9534 4.7763 0.0000
-3.0320 3.7394 0.0000
-3.2900 3.6091 0.0000
1.3943 -3.6951 0.0000
1.1862 -3.8467 0.0000
1.7996 -2.4558 0.0000
-3.5218 4.0296 0.0000
-3.7615 3.9710 0.0000
-3.8247 3.7073 0.0000
4.1660 0.6270 0.0000
4.1007 0.3935 0.0000
-0.5137 -1.5326 0.0000
-0.7197 -1.7352 0.0000
-0.9045 -1.9292 0.0000
-4.5343 1.8541 0.0000
0.4295 -0.1908 0.0024
3.8643 3.9841 0.0000
-0.4168 -0.7976 0.0007
-1.5526 -1.0557 0.0137
-0.1478 1.4426 0.0000
0.0106 1.1902 0.0002
-0.2696 1.1696 0.0002
-0.8036 0.1693 0.0110
-0.8594 -0.1714 0.0129
-1.1064 -0.1595 0.0299
-1.2460 -0.3068 0.0425
-1.4078 -0.2647 0.0829
1.6198 4.5167 0.0000
1.3951 4.1160 0.0000
2.4782 -0.7449 0.0799
2.5058 -0.9256 0.0400
2.3170 -1.0494 0.0334
-0.0730 1.9585 0.0000
-0.2083 1.7043 0.0000
-0.4415 1.6719 0.0000
-1.1687 3.2854 0.0000
-1.2455 3.0157 0.0000
4.5079 1.2836 0.0000
-1.2787 -1.8995 0.0000
1.2147 -4.1811 0.0000
1.0088 -4.0005 0.0000
3.2287 1.7720 0.0000
-2.3091 -0.3554 0.3944
-2.2199 -0.1044 0.5016
-2.2950 -0.1535 0.4829
-2.3196 -0.2515 0.4415
-2.3441 -0.0829 0.4821
-2.3872 -0.1635 0.4432
-2.4191 -0.2426 0.3986
-2.3918 -0.3315 0.3764
-2.4787 -0.2990 0.3372
-2.4640 -0.3984 0.3049
-2.3745 -0.4311 0.3330
-2.4594 -0.4974 0.2601
-2.5492 -0.3556 0.2637
-2.6247 -0.3622 0.2037
-2.5497 -0.5502 0.1884
-2.5487 -0.4513 0.2281
-2.6367 -0.4385 0.1731
-2.6342 -0.5170 0.1515
-2.7147 -0.5208 0.1054
-2.7421 3.6131 0.0000
-0.0379 -3.1518 0.0000
0.0419 -3.3879 0.0000
-4.7539 4.2331 0.0000
0.3993 -1.7694 0.0000
0.3800 -2.1223 0.0000
-0.3790 3.1259 0.0000
-4.4402 -4.1666 0.0000
4.5405 -2.1805 0.0000
-4.0171 -4.4786 0.0000
-3.8921 -4.7462 0.0000
1.1072 1.9178 0.0000
2.3332 3.1351 0.0000
2.1577 2.9149 0.0000
-2.1082 -0.6076 0.2417
-2.1202 -0.6866 0.2013
-2.1797 -0.7598 0.1704
-2.2456 -0.8295 0.1391
-2.2714 -0.7368 0.1827
-2.3310 -0.8067 0.1439
-2.3527 -0.8836 0.1097
-2.4230 -0.7958 0.1333
-2.4371 -0.9217 0.0854
-2.2633 -0.9096 0.1058
-2.3183 -1.0108 0.0703
-2.4644 -1.0920 0.0408
-2.6919 -1.1277 0.0162
-2.5343 -1.3451 0.0097
-4.4950 0.9481 0.0000
-4.7615 0.7920 0.0000
4.7461 4.2521 0.0000
0.7085 -0.1977 0.0044
-2.2678 1.2524 0.0249
1.1320 -3.2168 0.0000
0.9292 -3.4120 0.0000
-2.9592 4.7478 0.0000
1.8009 0.1097 0.1633
1.7243 0.0703 0.1370
1.6439 0.0406 0.1106
1.5191 0.0383 0.0753
1.8912 0.0812 0.1999
1.8080 0.0104 0.1691
1.7175 -0.0291 0.1349
1.6058 -0.0484 0.0982
1.5817 -0.1480 0.0871
1.5284 -0.2769 0.0652
1.3615 -0.3232 0.0348
1.7924 3.2497 0.0000
1.5816 3.0789 0.0000
-4.7665 1.7075 0.0000
4.4423 0.7348 0.0000
-1.4182 4.7672 0.0000
3.4500 3.6606 0.0000
3.2083 3.5686 0.0000
3.0862 3.2499 0.0000
4.5021 -3.0618 0.0000
