5.0000 5.0000 0.0000
0.0000 5.0000 0.0000
2.5000 5.0000 0.0000
3.7500 5.0000 0.0000
4.3750 5.0000 0.0000
4.6875 5.0000 0.0000
4.0625 5.0000 0.0000
3.1250 5.0000 0.0000
3.4375 5.0000 0.0000
2.8125 5.0000 0.0000
1.2500 5.0000 0.0000
1.8750 5.0000 0.0000
2.1875 5.0000 0.0000
1.5625 5.0000 0.0000
0.6250 5.0000 0.0000
0.9375 5.0000 0.0000
0.3125 5.0000 0.0000
-2.5000 5.0000 0.0000
-1.2500 5.0000 0.0000
-0.6250 5.0000 0.0000
-0.3125 5.0000 0.0000
-0.9375 5.0000 0.0000
-1.8750 5.0000 0.0000
-1.5625 5.0000 0.0000
-2.1875 5.0000 0.0000
-3.7500 5.0000 0.0000
-3.1250 5.0000 0.0000
-2.8125 5.0000 0.0000
-3.4375 5.0000 0.0000
-4.3750 5.0000 0.0000
-4.0625 5.0000 0.0000
-4.6875 5.0000 0.0000
5.0000 -5.0000 0.0000
5.0000 0.0000 0.0000
5.0000 -2.5000 0.0000
5.0000 -3.7500 0.0000
5.0000 -4.3750 0.0000
5.0000 -4.6875 0.0000
5.0000 -4.0625 0.0000
5.0000 -3.1250 0.0000
5.0000 -3.4375 0.0000
5.0000 -2.8125 0.0000
5.0000 -1.2500 0.0000
5.0000 -1.8750 0.0000
5.0000 -2.1875 0.0000
5.0000 -1.5625 0.0000
5.0000 -0.6250 0.0000
5.0000 -0.9375 0.0000
5.0000 -0.3125 0.0000
5.0000 2.5000 0.0000
5.0000 1.2500 0.0000
5.0000 0.6250 0.0000
5.0000 0.3125 0.0000
5.0000 0.9375 0.0000
5.0000 1.8750 0.0000
5.0000 1.5625 0.0000
5.0000 2.1875 0.0000
5.0000 3.7500 0.0000
5.0000 3.1250 0.0000
5.0000 2.8125 0.0000
5.0000 3.4375 0.0000
5.0000 4.3750 0.0000
5.0000 4.0625 0.0000
5.0000 4.6875 0.0000
-5.0000 -5.0000 0.0000
0.0000 -5.0000 0.0000
-2.5000 -5.0000 0.0000
-3.7500 -5.0000 0.0000
-4.3750 -5.0000 0.0000
-4.6875 -5.0000 0.0000
-4.0625 -5.0000 0.0000
-3.1250 -5.0000 0.0000
-3.4375 -5.0000 0.0000
-2.8125 -5.0000 0.0000
-1.2500 -5.0000 0.0000
-1.8750 -5.0000 0.0000
-2.1875 -5.0000 0.0000
-1.5625 -5.0000 0.0000
-0.6250 -5.0000 0.0000
-0.9375 -5.0000 0.0000
-0.3125 -5.0000 0.0000
2.5000 -5.0000 0.0000
1.2500 -5.0000 0.0000
0.6250 -5.0000 0.0000
0.3125 -5.0000 0.0000
0.9375 -5.0000 0.0000
1.8750 -5.0000 0.0000
1.5625 -5.0000 0.0000
2.1875 -5.0000 0.0000
3.7500 -5.0000 0.0000
3.1250 -5.0000 0.0000
2.8125 -5.0000 0.0000
3.4375 -5.0000 0.0000
4.3750 -5.0000 0.0000
4.0625 -5.0000 0.0000
4.6875 -5.0000 0.0000
-5.0000 5.0000 0.0000
-5.0000 0.0000 0.0000
-5.0000 2.5000 0.0000
-5.0000 3.7500 0.0000
-5.0000 4.3750 0.0000
-5.0000 4.6875 0.0000
-5.0000 4.0625 0.0000
-5.0000 3.1250 0.0000
-5.0000 3.4375 0.0000
-5.0000 2.8125 0.0000
-5.0000 1.2500 0.0000
-5.0000 1.8750 0.0000
-5.0000 2.1875 0.0000
-5.0000 1.5625 0.0000
-5.0000 0.6250 0.0000
-5.0000 0.9375 0.0000
-5.0000 0.3125 0.0000
-5.0000 -2.5000 0.0000
-5.0000 -1.2500 0.0000
-5.0000 -0.6250 0.0000
-5.0000 -0.3125 0.0000
-5.0000 -0.9375 0.0000
-5.0000 -1.8750 0.0000
-5.0000 -1.5625 0.0000
-5.0000 -2.1875 0.0000
-5.0000 -3.7500 0.0000
-5.0000 -3.1250 0.0000
-5.0000 -2.8125 0.0000
-5.0000 -3.4375 0.0000
-5.0000 -4.3750 0.0000
-5.0000 -4.0625 0.0000
-5.0000 -4.6875 0.0000
2.5748 1.0227 0.0239
2.3869 1.0119 0.0383
-3.0588 3.6428 0.0000
0.0719 -0.2027 0.0019
0.0188 -0.4858 0.0011
-0.2004 -0.3024 0.0020
-0.2616 -0.5868 0.0011
-0.0546 -0.7383 0.0006
-0.4264 -0.7712 0.0008
-2.9452 -2.1251 0.0000
-3.1844 -2.1450 0.0000
4.7877 -1.6953 0.0000
-4.7478 1.7150 0.0000
-4.7124 2.9609 0.0000
0.3972 -3.3049 0.0000
4.1767 1.2940 0.0000
-3.3942 -4.0025 0.0000
0.4602 0.4349 0.0024
0.2032 0.3640 0.0022
0.5420 0.2020 0.0033
0.3091 0.1364 0.0025
0.0762 0.0670 0.0023
-0.1638 -0.0297 0.0030
4.2527 -0.4720 0.0000
4.2490 -4.7721 0.0000
3.9853 -4.7123 0.0000
-0.1335 -3.3646 0.0000
0.4548 1.7354 0.0000
2.9920 0.9717 0.0024
0.3999 -3.6017 0.0000
0.1689 -3.7576 0.0000
-4.5073 2.1731 0.0000
-4.7655 2.0347 0.0000
-0.7748 4.7574 0.0000
-1.0723 4.7517 0.0000
4.2986 -3.7917 0.0000
4.4889 -4.0097 0.0000
4.2114 -4.0176 0.0000
2.7173 -3.0252 0.0000
3.2438 0.8823 0.0002
3.0132 0.7037 0.0046
2.8263 0.5339 0.0315
-2.4862 -1.9662 0.0002
0.9000 -3.3494 0.0000
3.9110 3.9531 0.0000
-1.2156 0.5926 0.0215
-1.4057 0.5003 0.0521
-1.5321 0.4312 0.0909
-1.6124 0.3603 0.1306
-4.2650 1.9972 0.0000
-4.5384 1.8866 0.0000
-2.0208 -1.9459 0.0002
-2.2402 -2.0610 0.0001
-2.1263 -2.2749 0.0000
-4.7789 -2.6382 0.0000
-2.0770 -0.0415 0.4501
-2.1543 -0.1019 0.4712
-2.2264 -0.1710 0.4647
-2.0561 -0.1327 0.4275
-2.1318 -0.1921 0.4424
-2.1193 -0.3034 0.3954
-2.1882 -0.2577 0.4307
-2.3191 -0.1556 0.4555
-2.3834 -0.2292 0.4061
-2.2872 -0.2541 0.4300
-2.4534 -0.3039 0.3380
-2.2314 -0.3301 0.4004
-2.2955 -0.3774 0.3703
-2.3545 -0.3201 0.3820
-2.4189 -0.3882 0.3217
-2.3515 -0.4332 0.3267
-2.4615 -0.4629 0.2648
-2.5255 -0.3842 0.2591
-2.3857 -0.5129 0.2730
-2.4793 -0.5570 0.2129
-2.5532 -0.4876 0.2024
-2.5132 -0.6424 0.1617
-2.5741 -0.5800 0.1573
-2.6450 -0.6329 0.1075
-2.7325 -0.7383 0.0539
-2.6557 -0.5224 0.1316
-2.7732 -0.5874 0.0637
-1.6257 -3.5392 0.0000
-1.7539 -3.7939 0.0000
-3.1121 0.0254 0.0064
-3.3970 -0.0399 0.0001
-4.4363 4.4375 0.0000
-4.4729 4.1166 0.0000
-4.7245 3.9777 0.0000
-4.7808 3.7293 0.0000
0.2911 4.5134 0.0000
0.4872 4.3589 0.0000
0.1868 4.2657 0.0000
-4.3721 -4.1871 0.0000
-4.7304 -4.2001 0.0000
-4.2680 -0.1855 0.0000
-4.3209 -0.4672 0.0000
-4.4021 -0.7185 0.0000
-4.6024 -0.5977 0.0000
-1.7701 -1.5511 0.0017
4.4685 0.2638 0.0000
-2.3424 -4.2737 0.0000
-2.1851 -4.5130 0.0000
-2.3709 -4.7550 0.0000
1.4790 -3.0319 0.0000
-2.5254 0.1412 0.3288
-2.5821 0.0555 0.2872
1.6775 -4.7557 0.0000
3.0242 4.4774 0.0000
-4.1107 -2.0450 0.0000
-0.3126 -4.6206 0.0000
-0.4993 -4.7539 0.0000
-4.7687 -1.4254 0.0000
-4.7512 -1.7052 0.0000
0.5420 -0.3240 0.0028
3.7686 -2.8357 0.0000
-1.5571 -1.7374 0.0002
-1.1224 -1.8687 0.0000
-1.3881 -1.9435 0.0000
-1.6485 -2.0420 0.0000
-2.8604 2.9125 0.0000
-3.1012 3.0735 0.0000
1.8764 4.2086 0.0000
1.7779 3.9393 0.0000
4.2682 2.6432 0.0000
4.2878 2.3450 0.0000
4.0228 2.4716 0.0000
3.8046 2.2907 0.0000
0.4914 -4.2695 0.0000
1.8827 -4.2096 0.0000
-1.3744 -0.6599 0.0315
-3.6929 -0.0840 0.0000
-3.9918 -0.1255 0.0000
-2.5456 -3.5007 0.0000
-2.6348 -3.7940 0.0000
-0.0258 -4.1943 0.0000
1.6535 -2.8031 0.0000
0.2629 -2.5609 0.0000
-0.0274 -2.6098 0.0000
-1.2147 4.5171 0.0000
-0.7119 1.6134 0.0000
-1.1696 1.4076 0.0005
-1.4255 1.3600 0.0017
3.8945 4.2288 0.0000
3.6600 4.1354 0.0000
0.9289 4.0026 0.0000
0.7608 3.7718 0.0000
-4.5309 -1.3839 0.0000
-3.4812 4.7509 0.0000
-1.6260 2.6846 0.0000
-3.2751 0.5084 0.0004
-3.7127 0.6726 0.0000
-3.5283 0.4666 0.0000
-3.8055 0.4030 0.0000
-3.6035 0.1849 0.0000
-3.8961 0.1265 0.0000
0.8793 -3.0381 0.0000
0.6496 -3.2137 0.0000
4.7600 -0.4694 0.0000
-2.2273 -3.5238 0.0000
-2.0827 -3.7603 0.0000
-2.4952 -2.5803 0.0000
-4.4654 2.7630 0.0000
-4.7464 2.6545 0.0000
1.1632 -3.4916 0.0000
4.7850 -3.6030 0.0000
4.5160 -3.7028 0.0000
4.7509 -3.9004 0.0000
2.3355 -0.3445 0.2398
2.3162 -0.4430 0.2118
2.3029 -0.5413 0.1798
2.2115 -0.5733 0.1712
2.3840 -0.6059 0.1466
2.2945 -0.6391 0.1466
2.1986 -0.6676 0.1379
2.1193 -0.6079 0.1514
2.1060 -0.7121 0.1159
4.5021 -3.1840 0.0000
4.3332 -3.4486 0.0000
0.6690 1.9410 0.0000
0.7436 1.6584 0.0000
-1.2386 -1.3804 0.0007
-1.2922 -1.6542 0.0001
3.7791 0.6670 0.0000
4.7703 4.7702 0.0000
3.3333 2.5032 0.0000
-2.8873 2.6290 0.0000
-2.6573 2.4610 0.0000
-2.9300 2.3418 0.0000
-2.8119 1.9282 0.0000
-3.2286 -2.4091 0.0000
-4.0946 -2.7710 0.0000
-4.2214 -2.9790 0.0000
-1.6760 -4.7254 0.0000
-1.9035 -4.7681 0.0000
-2.1031 -4.7525 0.0000
2.9067 1.3228 0.0011
2.8046 1.0952 0.0060
2.7530 0.8199 0.0229
2.5746 -2.2407 0.0000
2.4402 -2.4941 0.0000
2.2600 -2.2931 0.0000
3.4865 3.6096 0.0000
-4.7260 -1.1264 0.0000
-0.1485 -3.0776 0.0000
-1.3807 4.7567 0.0000
4.2174 0.0474 0.0000
3.9882 -0.2003 0.0000
0.8989 -3.6394 0.0000
0.8863 -3.9488 0.0000
-2.4368 1.5626 0.0033
-2.9346 1.7051 0.0001
-2.7263 1.5733 0.0010
-2.8612 1.3492 0.0015
2.6737 -4.7554 0.0000
3.2527 -4.7719 0.0000
2.9488 -4.7395 0.0000
4.7146 -2.9561 0.0000
3.6260 -3.0750 0.0000
3.4661 -3.3000 0.0000
3.3117 -3.5249 0.0000
2.1322 3.5205 0.0000
-2.1803 4.1887 0.0000
-2.4626 4.1828 0.0000
-2.3050 3.9438 0.0000
-2.5778 3.9385 0.0000
1.7795 -3.0616 0.0000
-3.1276 2.7953 0.0000
-3.5008 4.5128 0.0000
-0.3962 2.0535 0.0000
-3.5835 -4.2488 0.0000
-2.2763 -1.4874 0.0057
-2.7455 -1.8554 0.0001
-4.5343 -0.3124 0.0000
-4.7879 -0.4506 0.0000
1.9664 -2.3269 0.0000
4.2543 -0.2199 0.0000
3.9988 -0.5023 0.0000
1.6635 -2.3190 0.0000
1.5209 -2.5520 0.0000
-2.5836 -2.8717 0.0000
-2.8510 -2.8974 0.0000
-4.5097 2.4805 0.0000
-4.7553 2.3406 0.0000
0.7163 0.4996 0.0033
4.2164 4.7640 0.0000
2.5328 3.0856 0.0000
0.5938 2.2139 0.0000
-4.5165 -3.7100 0.0000
-0.4258 1.5183 0.0000
-2.8458 0.8303 0.0187
-3.7812 -0.3500 0.0000
-4.0546 -0.4020 0.0000
-3.8644 -0.6313 0.0000
-4.1287 -0.6816 0.0000
-0.5922 1.8379 0.0000
-0.8696 1.8664 0.0000
-0.9919 1.6043 0.0001
0.8167 0.0215 0.0070
0.6473 -3.7657 0.0000
-0.7691 -2.9416 0.0000
-1.0435 -2.9282 0.0000
-1.5200 -4.5218 0.0000
4.7686 -2.3412 0.0000
4.5241 -2.4631 0.0000
1.3828 -4.0235 0.0000
1.3586 -4.2695 0.0000
1.2249 -4.5162 0.0000
-0.7566 0.5520 0.0054
-0.7923 0.2841 0.0093
-0.8876 0.0732 0.0143
-1.1055 -0.0131 0.0307
-3.8540 -4.1745 0.0000
0.0751 2.8652 0.0000
-3.0621 3.9522 0.0000
-3.3004 3.7845 0.0000
-3.5959 -0.5755 0.0000
-4.2862 1.3991 0.0000
-4.5187 1.2578 0.0000
-2.3813 2.5844 0.0000
-2.7091 2.1727 0.0000
4.7788 -3.2588 0.0000
4.6051 -3.4384 0.0000
-0.4602 -1.6608 0.0000
-0.7014 -1.6982 0.0000
-3.5466 3.6905 0.0000
-3.8059 3.5412 0.0000
-4.0603 3.4360 0.0000
-3.8407 3.2517 0.0000
-3.8765 2.9571 0.0000
3.9754 3.0603 0.0000
-3.3683 2.9371 0.0000
-3.3953 2.6421 0.0000
-3.6845 2.5679 0.0000
0.5637 1.4753 0.0001
0.3164 1.4818 0.0000
0.3605 1.2204 0.0002
3.6455 4.7172 0.0000
-2.0706 0.4660 0.3031
-2.0338 0.3913 0.3249
-2.1221 0.3544 0.3737
-2.1298 0.2599 0.4173
-2.1960 0.2017 0.4531
-2.2626 0.1446 0.4708
-2.1426 0.1391 0.4598
-2.1101 0.0492 0.4633
-2.1815 -0.0123 0.4861
-2.2108 0.0789 0.4844
-2.2821 0.0153 0.4862
-2.3504 -0.0614 0.4615
-2.2533 -0.0786 0.4844
-2.4143 -0.1358 0.4148
-2.3287 0.0909 0.4665
-2.3898 0.0241 0.4443
-2.4538 -0.0460 0.3998
-2.5100 -0.1203 0.3456
-3.7632 2.3290 0.0000
2.4716 -0.1180 0.2391
2.3769 -0.1416 0.2751
2.3567 -0.2452 0.2614
2.2841 -0.1879 0.2873
2.2631 -0.2832 0.2666
2.1696 -0.3165 0.2542
2.1480 -0.4144 0.2209
2.2421 -0.3803 0.2382
2.2233 -0.4777 0.2051
2.1273 -0.5124 0.1850
2.0269 -0.5503 0.1541
2.5062 1.7561 0.0006
-0.7290 -3.9838 0.0000
2.7335 4.4476 0.0000
2.9030 4.2036 0.0000
2.6350 4.1422 0.0000
-3.9810 -3.1076 0.0000
-4.2428 -3.2629 0.0000
-4.2739 -3.5492 0.0000
0.6448 -4.5025 0.0000
0.9202 4.5196 0.0000
-0.1749 1.3372 0.0001
-2.1634 -0.9040 0.1025
-2.2556 -0.9417 0.0905
-2.2876 -1.0669 0.0544
-2.5602 -1.1342 0.0252
-2.5695 -1.4105 0.0059
-2.5315 -1.6711 0.0012
-2.8338 -1.5727 0.0006
-3.0012 -1.8675 0.0000
-3.0461 -2.6620 0.0000
-3.1330 -2.9480 0.0000
4.4929 4.0626 0.0000
-1.7991 -4.1529 0.0000
-0.1702 -2.1069 0.0000
-0.4197 -2.2319 0.0000
-0.2280 0.7586 0.0011
-0.4941 0.6589 0.0022
3.7551 2.9018 0.0000
3.5155 2.7543 0.0000
3.2156 2.7473 0.0000
-2.4515 0.7919 0.1268
-2.6717 0.7375 0.0726
-2.4723 0.6969 0.1581
-2.5657 0.6715 0.1317
-2.5016 0.6002 0.1863
-2.6135 0.6141 0.1282
-2.5819 0.5396 0.1683
-2.6954 0.6280 0.0871
-2.8222 0.5953 0.0445
-2.6669 0.5389 0.1216
-2.6677 0.4574 0.1413
-2.7384 0.4856 0.0950
-2.8234 0.4150 0.0642
-4.5367 -2.2104 0.0000
-2.3595 2.8725 0.0000
-2.6215 2.7469 0.0000
1.4428 -3.5333 0.0000
1.3877 -3.7776 0.0000
3.9322 -4.1324 0.0000
-4.4240 -2.8263 0.0000
-2.0209 1.9238 0.0003
4.3600 1.1164 0.0000
4.1769 0.9779 0.0000
1.7372 0.3729 0.1190
1.4962 0.4343 0.0492
1.6674 0.2865 0.1098
1.5617 0.2847 0.0791
1.6321 0.1924 0.1081
1.5264 0.1582 0.0793
1.4032 0.2687 0.0456
1.4112 0.0708 0.0555
1.2298 0.1788 0.0263
1.2566 -0.0681 0.0316
1.0364 0.0756 0.0140
-3.1801 -0.8717 0.0007
-3.4054 -0.7903 0.0000
-3.4817 -1.0509 0.0000
0.6115 -4.0403 0.0000
2.9704 -0.8936 0.0034
2.6608 -0.8778 0.0291
2.5365 -1.0500 0.0234
2.5109 2.6036 0.0000
-2.0972 -3.0036 0.0000
-2.3581 -3.0491 0.0000
2.8730 -2.2924 0.0000
2.7068 -2.5206 0.0000
0.3312 -0.1201 0.0024
0.2773 -0.4126 0.0016
1.6263 -1.8399 0.0001
1.3264 -1.8474 0.0000
3.9519 -1.7277 0.0000
2.9520 -0.5426 0.0109
2.8095 -0.7275 0.0206
-3.3400 3.2240 0.0000
1.4616 2.4286 0.0000
-0.2625 2.7503 0.0000
-0.5568 2.6025 0.0000
-0.7639 2.8202 0.0000
-0.8754 2.6083 0.0000
3.4481 1.0713 0.0000
3.5111 0.7782 0.0000
-1.7670 3.1348 0.0000
-1.8595 2.8663 0.0000
-2.1186 2.7112 0.0000
2.6892 2.8465 0.0000
1.0817 -4.2584 0.0000
0.8081 -4.2375 0.0000
0.3119 2.2856 0.0000
0.3753 1.9994 0.0000
-1.9887 -1.3917 0.0080
-2.2983 -2.7874 0.0000
2.2748 2.4591 0.0000
2.2840 2.1873 0.0000
2.0288 2.2506 0.0000
-1.4045 3.9468 0.0000
-1.4479 3.6902 0.0000
4.7686 2.3572 0.0000
4.5226 2.5030 0.0000
-0.9305 1.3007 0.0004
-0.9705 1.0043 0.0022
-0.9809 0.7147 0.0068
-1.2294 1.1425 0.0027
-1.2117 0.8540 0.0092
-1.4375 0.7133 0.0341
4.0850 4.4964 0.0000
-0.2791 2.4586 0.0000
-0.4973 2.3101 0.0000
-0.4662 4.7531 0.0000
-0.6270 4.5158 0.0000
-0.8971 4.4892 0.0000
-0.8286 4.1907 0.0000
-0.4463 -4.3994 0.0000
0.4815 -4.7548 0.0000
-0.9440 3.5422 0.0000
-1.1931 3.4317 0.0000
-0.4619 3.7599 0.0000
-0.7366 3.9580 0.0000
-0.9395 3.8274 0.0000
-0.8948 -3.6987 0.0000
4.5036 3.0721 0.0000
4.2580 2.9560 0.0000
4.0239 2.7773 0.0000
-0.3495 -3.1397 0.0000
-0.4206 -3.3476 0.0000
3.6784 -4.2900 0.0000
3.4216 -4.4530 0.0000
4.7331 -4.2072 0.0000
4.7395 -4.4898 0.0000
4.7647 -4.7551 0.0000
4.5104 -4.7516 0.0000
1.3285 -0.8391 0.0089
1.0695 -0.9584 0.0023
0.8781 -1.1248 0.0006
1.2790 -1.1174 0.0024
1.0630 -1.2792 0.0005
0.9384 -1.4870 0.0001
0.7310 -1.3463 0.0001
-1.2983 -2.9805 0.0000
-1.2321 -3.2205 0.0000
-4.2652 -2.3148 0.0000
-4.7887 4.7887 0.0000
-4.7344 4.5237 0.0000
-4.7280 4.2535 0.0000
-0.5770 -3.5426 0.0000
-0.6583 -3.7501 0.0000
4.5252 -1.6028 0.0000
4.7223 3.8813 0.0000
4.7734 3.6027 0.0000
3.7580 -4.7855 0.0000
4.5820 4.4241 0.0000
-1.6827 3.4004 0.0000
-1.9185 3.4510 0.0000
-1.9943 3.2077 0.0000
-2.1034 3.0011 0.0000
-3.5687 2.1153 0.0000
-3.7204 1.8635 0.0000
2.2076 0.5708 0.1686
2.1413 0.4660 0.2016
1.9638 0.5532 0.1403
2.0483 0.5050 0.1733
2.0620 0.4083 0.2071
1.9807 0.3525 0.2017
2.0646 0.3168 0.2347
2.0056 0.2514 0.2336
1.9245 0.1984 0.2145
1.9096 0.2902 0.1927
1.8274 0.2244 0.1737
1.8837 0.4951 0.1364
1.8078 0.4343 0.1289
1.9717 0.4519 0.1719
1.8961 0.3945 0.1651
1.8272 0.3328 0.1558
1.7518 0.2870 0.1376
1.7266 0.2009 0.1393
-4.7545 -3.2722 0.0000
0.6342 4.5501 0.0000
0.7933 3.4775 0.0000
0.5292 3.5621 0.0000
0.5644 3.2736 0.0000
0.2961 3.3637 0.0000
0.3262 3.0701 0.0000
3.1700 2.2343 0.0000
2.8825 2.2733 0.0000
3.0068 -3.0835 0.0000
2.8367 -3.2986 0.0000
-3.9301 -4.3983 0.0000
-2.6023 -0.1202 0.2630
-2.6805 -0.1583 0.1893
-2.4778 -0.2117 0.3517
-2.5713 -0.1972 0.2784
-2.6456 -0.2447 0.2056
-2.7245 -0.2692 0.1406
-2.8183 -0.2645 0.0824
-2.8027 -0.3595 0.0812
-2.5468 -0.2860 0.2765
-2.6250 -0.3377 0.2011
-2.6211 -0.4262 0.1795
-2.7104 -0.3504 0.1370
-2.7006 -0.4314 0.1272
-2.7650 -0.4685 0.0852
-2.9379 -0.4495 0.0260
-3.1206 -0.6144 0.0028
-1.6892 -4.3503 0.0000
-1.8848 -4.5028 0.0000
3.1600 -2.3352 0.0000
2.9790 -2.5677 0.0000
-1.5627 0.5538 0.0792
-1.6338 0.4558 0.1198
-1.6998 0.3880 0.1616
-3.6064 3.1001 0.0000
-3.6343 2.8217 0.0000
-3.9253 2.6774 0.0000
-3.0720 3.3585 0.0000
-0.4843 -1.3950 0.0001
-0.7448 -1.4553 0.0001
-0.9989 -1.6005 0.0001
-0.8105 -4.2527 0.0000
-0.9522 -4.4996 0.0000
2.6818 -0.0571 0.1231
2.6375 -0.1522 0.1436
2.6111 -0.0322 0.1652
2.5643 -0.0995 0.1902
2.5437 -0.1894 0.1928
2.4482 -0.2133 0.2362
2.5226 -0.2809 0.1889
2.4278 -0.3104 0.2233
2.4988 -0.3751 0.1793
2.4079 -0.4082 0.2032
2.4835 -0.4713 0.1605
2.4723 -0.5639 0.1382
2.3925 -0.5060 0.1771
4.0329 -2.3865 0.0000
-0.9660 3.2472 0.0000
-1.0081 2.9486 0.0000
-1.3093 2.9052 0.0000
-2.2862 0.2385 0.4371
-2.3590 0.1793 0.4343
-2.4278 0.1144 0.4104
-2.4897 0.0431 0.3713
-4.0371 -2.5085 0.0000
-4.3003 -2.6158 0.0000
-3.7917 4.5120 0.0000
-3.9510 4.2807 0.0000
-4.2181 4.2182 0.0000
-3.1542 2.5290 0.0000
-3.2257 2.2995 0.0000
-1.6027 -0.4655 0.1120
-1.6506 -0.5479 0.1093
-1.6927 -0.6174 0.1048
-1.8175 -0.6317 0.1390
-1.5874 -0.7364 0.0530
-1.7338 -0.6968 0.0951
-1.8204 -0.7312 0.1075
-1.8986 -0.6993 0.1387
-4.6181 -2.7855 0.0000
-4.7588 -2.9765 0.0000
2.3520 4.0668 0.0000
2.2600 3.7905 0.0000
-2.4483 0.9370 0.0786
-2.3990 0.8555 0.1138
-2.5120 0.8649 0.0873
-2.5487 0.7674 0.1069
-2.6344 0.8975 0.0506
4.3758 1.7412 0.0000
4.3897 1.4472 0.0000
-2.3417 3.7195 0.0000
-2.5916 3.6595 0.0000
-2.8000 3.4865 0.0000
1.7156 4.7241 0.0000
1.8247 -2.5661 0.0000
-0.2140 3.6143 0.0000
-0.6952 3.6737 0.0000
1.1439 -3.7666 0.0000
1.1361 -4.0271 0.0000
0.9331 -4.5064 0.0000
1.0821 -4.7591 0.0000
-2.1960 3.3820 0.0000
-2.3323 3.1631 0.0000
3.4159 0.0444 0.0001
3.2003 -0.1240 0.0013
2.9589 0.0058 0.0193
2.9762 -0.2732 0.0139
0.5802 -2.4796 0.0000
0.4940 -2.7301 0.0000
0.2546 -2.8247 0.0000
3.9537 -2.1051 0.0000
4.4241 3.7836 0.0000
-1.9334 -3.9629 0.0000
-2.0367 -4.2624 0.0000
-1.2411 -4.4985 0.0000
-1.3843 -4.7606 0.0000
2.2206 0.8683 0.0732
2.1044 0.8221 0.0809
-0.3286 -3.6288 0.0000
-0.4440 -3.8900 0.0000
3.2914 0.6004 0.0002
3.0710 0.4355 0.0046
2.7894 0.1231 0.0675
2.6778 0.0348 0.1258
-1.4368 1.9115 0.0001
-1.5936 1.6764 0.0005
-1.8529 1.7065 0.0009
-1.9227 1.4728 0.0049
4.7664 -2.6464 0.0000
-1.4584 -3.7697 0.0000
-1.5865 -4.0252 0.0000
2.7081 -0.5352 0.0625
2.5758 -0.5269 0.1121
2.6330 -0.6608 0.0660
2.5437 -0.6120 0.1034
2.5443 -0.7367 0.0739
2.4660 -0.6657 0.1107
2.3824 -0.7104 0.1135
3.7918 2.6214 0.0000
3.6062 2.4523 0.0000
3.6142 2.0991 0.0000
3.4383 2.2520 0.0000
3.3350 1.9722 0.0000
-2.6669 4.2791 0.0000
-2.5797 0.4424 0.2022
-2.6575 0.3782 0.1671
-2.7319 0.3678 0.1195
-2.7309 0.2828 0.1334
-2.8286 0.2831 0.0745
-2.9111 0.1519 0.0452
-2.7121 0.1970 0.1587
-2.7882 0.1870 0.1054
-2.7781 0.0913 0.1179
-1.2234 -0.1384 0.0451
-1.3395 -0.2699 0.0614
-1.3233 -0.4576 0.0423
-1.4509 -0.3484 0.0828
-1.4856 -0.4705 0.0750
-1.5447 -0.5821 0.0713
1.9134 -0.2972 0.1898
1.8901 -0.3919 0.1604
1.8655 -0.1266 0.1980
1.8426 -0.2207 0.1768
1.8200 -0.3148 0.1524
1.7254 -0.3276 0.1181
1.7968 -0.4084 0.1265
1.7050 -0.4210 0.0971
1.7581 -0.5109 0.0953
1.6152 -0.5075 0.0630
1.7098 -0.6497 0.0603
1.6053 -0.8339 0.0243
4.3736 4.2664 0.0000
4.2036 3.9981 0.0000
1.2137 -2.9660 0.0000
2.0104 1.9768 0.0001
1.6911 1.8400 0.0002
-0.9871 -3.9744 0.0000
0.5917 -1.5654 0.0000
0.4554 -1.7905 0.0000
0.3317 -2.0223 0.0000
3.0337 -2.0474 0.0000
0.3919 -3.8966 0.0000
0.2873 -4.1197 0.0000
1.0126 1.5713 0.0001
0.8501 1.3836 0.0002
-1.0983 2.4088 0.0000
-1.2665 2.1495 0.0000
4.5407 2.2056 0.0000
2.4170 0.7348 0.0965
2.5384 0.5974 0.1054
2.4678 0.5334 0.1443
2.5371 0.7069 0.0799
2.4451 0.6337 0.1204
2.3786 0.5642 0.1567
2.3472 0.6574 0.1303
2.2888 0.5834 0.1620
2.3053 0.4958 0.1921
2.3994 0.4702 0.1834
2.3243 0.4061 0.2209
2.3212 0.3229 0.2479
2.2219 0.4873 0.1994
2.2399 0.4055 0.2286
2.1529 0.3781 0.2330
2.2308 0.3158 0.2579
2.1986 0.2229 0.2819
2.1365 0.2877 0.2580
2.0926 0.2056 0.2686
-3.0292 0.3492 0.0121
-3.3206 0.2405 0.0003
-3.5725 1.6096 0.0000
-3.8553 1.6254 0.0000
-3.7084 1.3657 0.0000
0.6483 -3.4844 0.0000
-1.4231 -4.2536 0.0000
4.7587 2.9683 0.0000
3.3537 3.0025 0.0000
3.3847 -1.6054 0.0000
3.8315 4.4694 0.0000
3.5851 4.4348 0.0000
0.5785 0.9823 0.0008
0.5304 0.7161 0.0017
0.2566 0.6514 0.0014
1.5189 -4.5240 0.0000
2.2205 1.6890 0.0011
1.9559 1.7342 0.0007
1.9603 1.4712 0.0032
-1.5888 4.1661 0.0000
4.5113 -0.6154 0.0000
4.2511 -0.7370 0.0000
-2.9217 4.5256 0.0000
-3.1987 4.4930 0.0000
2.8263 3.9184 0.0000
3.0072 3.6947 0.0000
2.7295 3.6317 0.0000
-2.3690 1.2343 0.0239
-2.5380 1.0756 0.0353
2.3934 2.8298 0.0000
3.9557 1.1339 0.0000
0.9756 2.6416 0.0000
0.7850 2.4271 0.0000
3.7072 -4.5436 0.0000
3.4992 -4.7277 0.0000
2.4426 0.1438 0.2494
2.6293 0.1834 0.1448
2.6714 0.1171 0.1263
2.5430 0.1554 0.1968
2.5877 0.0665 0.1779
2.4968 0.0697 0.2298
2.4122 0.0461 0.2712
2.3739 0.2141 0.2632
2.3491 0.1291 0.2850
2.3224 0.0487 0.2989
2.2359 -0.0236 0.3093
2.5074 -0.0191 0.2261
2.4097 -0.0458 0.2723
2.3303 -0.0248 0.2981
2.3012 -0.0969 0.2989
2.2122 -0.1235 0.3005
2.2703 0.1545 0.2950
2.2462 0.0684 0.3069
2.1456 -0.0592 0.2996
2.1749 0.1361 0.2962
2.1560 0.0401 0.3027
2.0902 0.1093 0.2832
2.0213 0.0636 0.2657
2.0775 0.0017 0.2856
1.9840 -0.0185 0.2533
2.1208 -0.1545 0.2836
2.0517 -0.0886 0.2733
1.9582 -0.1096 0.2375
1.9350 -0.2027 0.2158
2.1912 -0.2198 0.2816
2.0985 -0.2501 0.2593
2.0279 -0.1813 0.2532
2.0060 -0.2761 0.2268
0.1025 2.0712 0.0000
0.1529 1.7581 0.0000
-1.7086 3.9282 0.0000
-1.6503 3.6529 0.0000
-1.8653 3.7051 0.0000
-2.1252 3.6514 0.0000
-0.2228 -0.9232 0.0004
-0.1345 -1.1888 0.0001
-1.1081 4.0243 0.0000
-0.0083 0.5671 0.0016
-0.0564 0.2773 0.0026
-0.2701 0.4697 0.0022
-0.5298 0.3846 0.0041
-0.5799 0.1279 0.0060
3.1085 -1.5225 0.0000
2.0696 4.0065 0.0000
-2.8137 4.0626 0.0000
-2.8284 3.7848 0.0000
1.2303 4.1315 0.0000
1.4189 3.9454 0.0000
1.1447 3.8865 0.0000
1.0080 3.6749 0.0000
-2.9603 -3.8194 0.0000
-3.1115 -4.0338 0.0000
-4.3215 3.9081 0.0000
-4.5338 3.7743 0.0000
-4.5251 3.4980 0.0000
-4.7554 3.5066 0.0000
-4.7852 3.2539 0.0000
2.5487 -3.2584 0.0000
4.1379 1.5836 0.0000
1.2038 4.4848 0.0000
1.0225 4.2500 0.0000
2.3348 -0.8065 0.0896
2.2333 -0.8574 0.0790
2.1618 -1.0106 0.0428
1.9913 -1.1294 0.0205
-4.0009 -1.6373 0.0000
-4.2335 -1.7762 0.0000
-4.3671 -2.0248 0.0000
1.4595 1.6357 0.0004
2.5911 -1.2920 0.0062
2.6387 -1.5737 0.0011
4.5123 -2.7197 0.0000
2.1945 1.0185 0.0406
2.0139 0.9502 0.0451
1.9712 0.7834 0.0768
1.8679 0.7062 0.0790
1.8741 0.5947 0.1081
-4.7580 -3.5774 0.0000
3.1909 -1.8164 0.0000
2.7559 -2.0332 0.0000
4.3802 -2.9395 0.0000
4.2124 -3.1621 0.0000
-1.5642 2.1718 0.0000
-0.5748 -2.7176 0.0000
0.7827 4.7714 0.0000
1.8794 3.0895 0.0000
4.3247 2.0413 0.0000
4.1111 1.8698 0.0000
-4.5133 -4.0075 0.0000
-4.7594 -3.8879 0.0000
3.7329 -0.3653 0.0000
4.7389 4.2010 0.0000
2.8286 3.1118 0.0000
2.9244 3.4056 0.0000
-2.9507 -0.2019 0.0318
-3.1926 -0.2837 0.0020
-3.4931 -0.3012 0.0000
-4.3061 3.3249 0.0000
-4.1044 3.1341 0.0000
-4.1626 2.8513 0.0000
-4.3865 3.0288 0.0000
-4.5420 -1.8796 0.0000
-4.7521 -2.0314 0.0000
-4.7700 -2.3415 0.0000
1.6683 2.9328 0.0000
1.4570 2.7599 0.0000
4.5110 2.7951 0.0000
2.5140 4.5986 0.0000
2.4398 4.3392 0.0000
-4.7612 0.7671 0.0000
1.6236 -3.2886 0.0000
0.6308 1.2482 0.0003
1.6259 3.2270 0.0000
1.3411 3.3269 0.0000
1.3987 3.0432 0.0000
4.6105 -1.8611 0.0000
3.4612 -0.8038 0.0000
2.2392 1.9313 0.0002
1.2813 2.2401 0.0000
0.8975 2.1471 0.0000
-4.5100 -3.4044 0.0000
1.8726 0.1345 0.2019
1.8375 0.0443 0.1928
1.7444 0.0303 0.1554
1.7069 -0.0674 0.1393
1.6144 -0.0694 0.1077
1.5475 -0.2536 0.0769
1.7807 0.1253 0.1660
1.6841 0.1111 0.1308
1.5956 0.0912 0.1022
1.6541 0.0166 0.1224
1.5450 0.0067 0.0884
1.5740 -0.1501 0.0915
1.4634 -0.0903 0.0663
1.4036 -0.2298 0.0489
1.4500 -0.4180 0.0439
1.2292 -0.3215 0.0235
4.5218 -2.1928 0.0000
4.2886 -2.4377 0.0000
4.2465 -2.6721 0.0000
4.0794 -2.8940 0.0000
-0.7951 -4.7541 0.0000
-1.0915 -4.7531 0.0000
1.3081 1.1381 0.0028
3.4708 -1.0946 0.0000
-1.5708 -3.0384 0.0000
-1.5031 -3.2695 0.0000
2.6651 -2.7634 0.0000
2.5867 -1.8571 0.0002
2.3968 -2.0338 0.0001
0.6837 -1.9066 0.0000
0.5733 -2.1216 0.0000
0.3764 -2.2930 0.0000
-3.1698 -3.2377 0.0000
-3.0568 -3.5033 0.0000
3.6075 1.8238 0.0000
3.3806 1.6570 0.0000
3.4127 1.3550 0.0000
-3.7478 -1.7221 0.0000
-3.9281 -1.8990 0.0000
1.0141 0.3244 0.0105
0.7786 0.2621 0.0053
1.3484 -3.2673 0.0000
-2.2008 -4.0235 0.0000
-2.4924 -4.0318 0.0000
-2.6519 -4.2680 0.0000
3.6271 3.8318 0.0000
3.2811 3.7557 0.0000
-1.8898 2.5500 0.0000
-1.8896 2.2217 0.0000
-0.2646 -2.8132 0.0000
-0.4916 -2.9777 0.0000
-3.9572 -0.9173 0.0000
-3.7771 -1.1477 0.0000
-4.0842 -1.1850 0.0000
-2.1331 1.6293 0.0026
-2.2498 1.4035 0.0104
-2.5858 1.3236 0.0087
-2.7723 1.0800 0.0113
2.1346 -3.4951 0.0000
2.1748 -3.7928 0.0000
-3.1266 4.2181 0.0000
-3.3430 4.0287 0.0000
-2.0357 0.6539 0.2008
-2.1312 0.6242 0.2345
-2.0579 0.5622 0.2511
-2.1499 0.5311 0.2874
-2.2407 0.4930 0.3144
-2.1509 0.4390 0.3375
-2.2113 0.3000 0.4152
-2.2259 0.3914 0.3704
-2.3043 0.3308 0.3931
-2.3809 0.2709 0.3924
-2.4547 0.2079 0.3697
-1.8529 4.5455 0.0000
-1.7526 -0.3877 0.1895
-1.7607 -0.5539 0.1448
-1.7133 -0.3055 0.1906
-1.7934 -0.2956 0.2340
-1.8463 -0.3666 0.2413
-1.8047 -0.4626 0.1905
-1.9003 -0.4460 0.2388
-1.9617 -0.5214 0.2324
-1.8606 -0.5388 0.1866
-1.9220 -0.6094 0.1806
-2.0246 -0.5955 0.2184
-1.9858 -0.6827 0.1680
-1.9833 -0.7641 0.1340
-2.0712 -0.6755 0.1906
-2.1563 -0.7013 0.1907
-2.0701 -0.7656 0.1490
-2.0804 -0.8616 0.1117
-2.1610 -0.8001 0.1441
-2.2462 -0.8412 0.1285
-3.0177 2.0799 0.0000
-3.3066 2.0734 0.0000
-3.4376 1.8454 0.0000
4.7671 0.7755 0.0000
-1.1801 -2.6792 0.0000
-1.4757 -2.7718 0.0000
2.7612 2.5245 0.0000
2.7251 2.0658 0.0000
3.1332 1.7705 0.0000
2.9430 1.6180 0.0002
3.1628 1.4678 0.0001
3.1606 1.1775 0.0002
2.2416 3.0377 0.0000
2.0336 2.8977 0.0000
-1.6503 2.4220 0.0000
-0.4562 3.4781 0.0000
0.7822 -4.7561 0.0000
-3.9899 -3.4267 0.0000
-4.0646 -3.7041 0.0000
-4.2775 -3.8612 0.0000
-3.5008 -2.4866 0.0000
-3.8052 -2.5838 0.0000
-1.7752 -3.3069 0.0000
-1.9223 -3.5523 0.0000
4.0423 -3.3704 0.0000
3.5809 -3.5701 0.0000
4.1053 3.7310 0.0000
3.0446 2.9607 0.0000
3.0534 2.5002 0.0000
0.3485 -3.0432 0.0000
-1.4085 -2.2244 0.0000
-1.6676 -2.3285 0.0000
-1.9269 -2.4739 0.0000
-1.6968 -2.5971 0.0000
-1.7770 -2.8298 0.0000
-2.0099 -2.7398 0.0000
0.7578 -0.5578 0.0033
-2.0701 1.2891 0.0176
-2.3480 1.0277 0.0641
2.5571 2.3079 0.0000
2.4910 2.0060 0.0001
2.1135 -1.5857 0.0022
3.2508 -2.6149 0.0000
3.1864 -2.8567 0.0000
2.9244 -2.8070 0.0000
3.4352 -2.9352 0.0000
2.5965 1.2629 0.0075
2.3345 1.2185 0.0157
-1.1919 3.7184 0.0000
-1.4196 3.4458 0.0000
0.4958 -0.5873 0.0016
1.0886 4.7546 0.0000
3.7839 -2.3036 0.0000
3.9755 -2.6239 0.0000
3.7192 -2.5337 0.0000
3.5064 -2.7063 0.0000
2.3789 -4.2563 0.0000
2.1041 -4.4069 0.0000
-1.5077 -1.4541 0.0012
4.1430 0.3088 0.0000
-3.3304 -3.4884 0.0000
-3.6084 -3.4628 0.0000
-3.7882 -3.6504 0.0000
4.7331 3.2873 0.0000
4.4345 3.2974 0.0000
-0.6756 1.3728 0.0001
-2.8199 -3.6356 0.0000
-3.2135 -3.7537 0.0000
-3.3173 3.5068 0.0000
-3.5762 3.3885 0.0000
3.9960 3.4346 0.0000
3.8192 3.2451 0.0000
3.6117 3.0984 0.0000
0.0827 -2.0732 0.0000
0.1091 -2.3218 0.0000
-0.1468 -2.3533 0.0000
-0.3509 -2.5340 0.0000
1.9983 0.1514 0.2488
1.9322 0.0702 0.2311
1.8947 -0.0308 0.2166
1.8014 -0.0500 0.1769
1.7708 -0.1440 0.1582
1.6732 -0.1603 0.1213
1.7494 -0.2360 0.1396
1.6569 -0.2502 0.1071
1.6126 -0.3574 0.0820
1.4887 -0.6422 0.0298
0.1507 -3.4529 0.0000
1.2596 -0.5673 0.0163
1.0351 -0.6998 0.0051
-2.0564 4.4262 0.0000
-2.3633 4.4383 0.0000
1.1926 -2.0857 0.0000
1.0454 -2.3170 0.0000
-1.1717 -3.7379 0.0000
-1.2842 -4.0034 0.0000
-3.2732 -4.7536 0.0000
-3.5754 -4.7559 0.0000
3.4638 -0.2443 0.0000
3.2083 -0.4083 0.0009
0.3055 0.9365 0.0006
2.8895 -4.4567 0.0000
1.5883 0.7783 0.0275
-2.7032 -2.1251 0.0000
-2.9545 -2.3841 0.0000
2.6352 -4.2718 0.0000
2.6291 -4.5256 0.0000
-3.1413 1.8374 0.0000
-3.2760 1.6077 0.0000
4.2058 -4.2701 0.0000
3.9517 -4.4293 0.0000
3.5761 -1.4074 0.0000
2.1516 4.2779 0.0000
2.6422 3.3523 0.0000
2.5451 3.8552 0.0000
2.4417 3.5763 0.0000
3.9137 -3.1067 0.0000
3.7501 -3.3353 0.0000
-3.2513 -1.1354 0.0001
2.1438 -2.5837 0.0000
1.9416 -2.8203 0.0000
-3.4101 1.3805 0.0000
-3.5383 1.1569 0.0000
-3.6329 0.9295 0.0000
4.7620 -2.0416 0.0000
3.7202 0.9622 0.0000
3.3549 0.3232 0.0001
3.1320 0.1718 0.0031
4.3312 4.5176 0.0000
4.1299 4.2433 0.0000
4.0685 2.1719 0.0000
3.8569 1.9891 0.0000
-0.2382 -1.3913 0.0000
0.0096 -1.5209 0.0000
-0.2251 -1.6425 0.0000
-0.1103 -1.8420 0.0000
-0.3868 -1.9260 0.0000
2.1372 -4.0953 0.0000
-3.6848 -0.8580 0.0000
0.2334 -0.7229 0.0008
0.0629 -0.9831 0.0003
0.1354 -1.2726 0.0001
4.2924 0.7689 0.0000
1.9129 -1.4326 0.0037
1.7820 -1.2415 0.0071
1.5646 -1.3518 0.0020
1.7384 -1.5787 0.0010
1.4558 -1.6087 0.0003
2.9152 2.7452 0.0000
-1.1190 2.6887 0.0000
-1.3817 2.6487 0.0000
0.7504 4.2862 0.0000
0.4310 4.1332 0.0000
0.6775 4.0546 0.0000
0.4842 3.8448 0.0000
0.2638 3.6586 0.0000
0.1656 -4.3384 0.0000
2.4314 1.4832 0.0035
2.1836 1.4322 0.0051
2.0764 -0.3475 0.2283
1.9838 -0.3722 0.1956
1.8592 -0.4849 0.1287
2.0533 -0.4471 0.1926
1.9587 -0.4681 0.1617
1.9243 -0.5559 0.1282
1.8340 -0.5832 0.0992
3.3212 -1.3092 0.0000
0.6170 2.9948 0.0000
0.3976 2.7934 0.0000
1.3820 -4.7632 0.0000
2.6620 0.6505 0.0592
2.6391 0.5379 0.0849
2.5573 0.5077 0.1208
2.4954 0.4321 0.1637
2.6824 0.4522 0.0830
2.7149 0.3546 0.0829
2.5958 0.3481 0.1386
2.8682 0.2918 0.0346
2.7232 0.2216 0.0921
2.6537 0.2759 0.1210
2.5619 0.2549 0.1723
2.4140 0.3807 0.2073
2.5874 0.4255 0.1271
2.5011 0.3347 0.1861
2.4726 0.2338 0.2209
2.4016 0.2972 0.2347
2.2950 0.2392 0.2748
2.1833 2.7054 0.0000
1.9775 2.5352 0.0000
-3.3245 1.0395 0.0000
-3.3915 0.7649 0.0000
-0.6239 -1.9519 0.0000
-0.8825 -1.9038 0.0000
-0.9093 -2.1548 0.0000
0.1154 -3.1634 0.0000
-1.3948 -0.8988 0.0152
-1.6049 -0.9632 0.0244
-1.4754 -1.1726 0.0059
4.7286 0.4462 0.0000
-1.8815 -0.2617 0.2934
-1.9384 -0.3517 0.2945
-1.9953 -0.4314 0.2873
-2.0626 -0.5119 0.2720
-1.9688 -0.2638 0.3434
-2.0565 -0.2357 0.3985
-2.0371 -0.3383 0.3483
-2.0862 -0.4181 0.3286
-2.1596 -0.3777 0.3689
-2.1560 -0.4871 0.3081
-2.2209 -0.5499 0.2782
-2.1324 -0.5948 0.2438
-2.2334 -0.6444 0.2250
-2.2299 -0.4353 0.3443
-2.2887 -0.4944 0.3067
-2.3147 -0.5900 0.2489
-2.2455 -0.7422 0.1738
-2.3323 -0.6887 0.1935
-2.3287 -0.7930 0.1444
-2.4030 -0.6018 0.2212
-2.4268 -0.6735 0.1792
-2.3369 -0.8900 0.1044
-2.4104 -0.7650 0.1431
-2.4973 -0.7363 0.1311
-2.5145 -0.8138 0.0996
-2.4283 -0.8563 0.1045
-2.4100 -0.9976 0.0641
-2.5485 -0.9382 0.0593
1.7251 -3.5373 0.0000
1.6435 -3.7797 0.0000
0.0560 3.1749 0.0000
-0.2012 3.0261 0.0000
-0.4909 2.9062 0.0000
1.8308 -4.5009 0.0000
-3.2729 -4.2649 0.0000
-3.4223 -4.5049 0.0000
2.3934 -3.5037 0.0000
2.4286 -3.7379 0.0000
2.4056 -3.9940 0.0000
1.0320 -0.1699 0.0134
1.0079 -0.4369 0.0089
1.9453 -4.7492 0.0000
1.4907 -2.0910 0.0000
1.3466 -2.3448 0.0000
2.0483 1.2015 0.0153
1.8372 1.0639 0.0187
1.5839 1.0446 0.0099
2.0396 -0.6489 0.1260
1.9886 -0.7457 0.0899
1.9530 -0.6385 0.1122
1.8697 -0.6687 0.0874
1.8305 -0.7853 0.0565
2.4638 -0.8288 0.0681
2.3596 -0.9591 0.0496
2.3257 -1.1736 0.0197
2.3636 -1.4358 0.0050
2.1251 -1.3006 0.0105
-1.4244 0.3451 0.0735
-1.5289 0.3321 0.1050
-1.5038 0.2424 0.1081
-1.5847 0.1602 0.1484
-1.5973 0.2609 0.1412
-1.6860 0.2993 0.1746
-1.6817 0.2118 0.1883
-1.6834 0.1285 0.2003
-1.7697 0.2117 0.2369
-1.7759 0.1225 0.2551
-1.6178 0.0583 0.1716
-1.7161 0.0400 0.2255
-1.8139 0.0241 0.2874
-1.8639 0.0947 0.3152
-1.9153 0.0136 0.3555
-1.7574 -0.0458 0.2508
-1.7950 -0.1300 0.2674
-1.8628 -0.0645 0.3183
-1.9684 -0.0754 0.3867
-1.8869 -0.1628 0.3209
-1.9732 -0.1766 0.3717
2.9337 -3.5800 0.0000
2.6582 -3.5072 0.0000
2.6715 -3.7541 0.0000
2.6523 -4.0134 0.0000
3.8739 1.7035 0.0000
3.6421 1.5329 0.0000
4.3093 -1.7250 0.0000
4.4050 -1.9594 0.0000
4.2387 -2.1811 0.0000
-0.0762 4.3563 0.0000
-0.0269 4.0770 0.0000
-0.2402 3.9101 0.0000
4.1799 3.2282 0.0000
-3.3220 -0.5249 0.0002
1.3632 -2.7570 0.0000
1.1824 -2.5751 0.0000
1.0323 -2.8026 0.0000
0.1601 4.7736 0.0000
0.0193 4.5552 0.0000
-0.1633 4.7409 0.0000
-0.3263 4.4902 0.0000
4.1204 -1.9078 0.0000
4.6025 1.5832 0.0000
2.0605 -3.1011 0.0000
1.9217 -3.3325 0.0000
-2.3663 -3.7662 0.0000
-2.7949 -4.0177 0.0000
3.8618 0.3910 0.0000
3.6428 0.2091 0.0000
-0.3152 0.1790 0.0035
-0.4362 -0.1222 0.0041
-0.4498 -0.4205 0.0028
-0.6851 -0.3116 0.0064
-0.9040 -0.4541 0.0096
-1.1308 -0.5744 0.0160
3.9917 -0.8028 0.0000
3.7318 -0.6487 0.0000
3.7210 -0.9262 0.0000
0.3450 -4.5076 0.0000
1.3878 4.7610 0.0000
3.6011 -2.1491 0.0000
-0.1583 -3.8820 0.0000
-0.2750 -4.1277 0.0000
-2.8374 3.1973 0.0000
-1.7520 -0.8361 0.0638
-1.8946 -0.7959 0.1040
-1.8839 -0.9193 0.0658
-1.7716 -1.0508 0.0283
-1.7279 -1.2732 0.0079
-1.9881 -0.8464 0.1045
-2.0129 -0.9604 0.0718
-2.1324 -1.0237 0.0639
-1.9592 -1.1364 0.0298
-2.1622 -1.2342 0.0241
-2.3804 -1.2447 0.0220
0.0171 -4.5387 0.0000
-1.4365 0.9738 0.0127
-1.6228 0.8600 0.0397
-1.7339 0.7330 0.0860
-1.7803 0.6468 0.1229
-1.8697 0.6189 0.1628
-1.6253 0.6713 0.0733
-1.7118 0.6012 0.1132
-1.3826 0.2181 0.0749
-1.4081 0.0917 0.0892
-1.4531 -0.0044 0.1057
-1.4859 0.1562 0.1101
-1.5203 0.0739 0.1280
-1.4849 -0.0875 0.1158
-1.5544 -0.0148 0.1442
-1.6554 -0.0404 0.1922
-1.5218 -0.1640 0.1257
-1.5862 -0.1012 0.1562
-1.7063 -0.1237 0.2153
-1.6346 -0.1638 0.1742
-1.7027 -0.2194 0.2013
-1.7917 -0.2119 0.2521
0.2242 2.5783 0.0000
0.0389 2.3524 0.0000
1.6305 -4.0350 0.0000
1.6218 -4.2849 0.0000
0.1784 -4.7467 0.0000
-4.5004 -3.1011 0.0000
0.0822 1.4420 0.0000
4.7429 0.1449 0.0000
4.4957 -0.0307 0.0000
1.2375 1.4355 0.0006
1.0519 1.2331 0.0009
-3.2357 4.7429 0.0000
-0.9180 -2.4044 0.0000
-1.1487 -2.1305 0.0000
-1.1594 -2.4025 0.0000
-1.4241 -2.5024 0.0000
4.7798 1.7359 0.0000
-3.9920 2.4204 0.0000
-4.0863 2.1859 0.0000
-4.2224 2.5773 0.0000
-4.2878 2.3164 0.0000
3.0634 -1.2027 0.0004
3.2320 -0.9870 0.0001
-1.2314 3.1578 0.0000
-1.4783 3.1916 0.0000
-1.5604 2.9373 0.0000
2.1518 -4.6842 0.0000
-4.5314 -0.9334 0.0000
3.5726 0.4898 0.0000
-4.5278 -2.5017 0.0000
-2.2197 -2.5225 0.0000
-2.9179 4.2961 0.0000
-3.5765 3.9786 0.0000
-3.8616 4.0479 0.0000
-4.0964 3.9851 0.0000
-3.7978 3.8106 0.0000
3.0083 1.9947 0.0000
2.7799 1.8169 0.0001
2.6938 1.5292 0.0012
-0.1268 1.6248 0.0000
2.8820 4.7186 0.0000
2.6432 4.7828 0.0000
3.4336 3.3012 0.0000
3.2109 3.4848 0.0000
3.1391 3.2120 0.0000
-3.9887 1.3878 0.0000
-4.1319 1.1699 0.0000
-3.8551 1.1230 0.0000
-3.9243 0.8671 0.0000
-4.1525 0.9235 0.0000
-4.2797 0.7335 0.0000
3.2789 -3.1479 0.0000
3.1179 -3.3683 0.0000
4.2365 -1.0222 0.0000
4.1571 -1.2799 0.0000
-3.7154 -4.5065 0.0000
-1.0784 4.2881 0.0000
-1.3475 4.2475 0.0000
2.0273 4.7611 0.0000
1.9430 4.4978 0.0000
0.6094 -1.0806 0.0004
0.4370 -1.3025 0.0001
0.2958 -1.5378 0.0000
0.1492 -1.7803 0.0000
-2.7410 0.0060 0.1474
-2.5595 -0.0324 0.3096
-2.6597 0.0372 0.2160
-2.6586 -0.0511 0.2167
-2.7500 -0.0893 0.1386
-2.8683 -0.0138 0.0662
-2.8200 -0.1384 0.0895
-2.7543 -0.1914 0.1285
1.6904 4.4050 0.0000
1.5897 4.1389 0.0000
-4.0734 0.3289 0.0000
-4.2226 0.1073 0.0000
-4.5000 -0.0118 0.0000
-0.5421 -4.1775 0.0000
-0.6593 -4.5048 0.0000
3.9744 0.8443 0.0000
4.0726 0.5972 0.0000
2.7957 -1.0987 0.0057
2.8559 -1.4052 0.0008
2.8886 -1.7475 0.0001
2.2258 4.5399 0.0000
3.4176 -4.1498 0.0000
3.1600 -4.2878 0.0000
-1.0082 0.4444 0.0149
-1.2466 0.3510 0.0399
-1.0625 0.2204 0.0245
-1.2504 0.1241 0.0515
-1.3315 -0.0165 0.0709
-4.7339 1.0817 0.0000
1.9323 -3.6572 0.0000
1.8979 -3.9196 0.0000
-0.2978 4.1962 0.0000
-0.5773 4.2728 0.0000
-0.5108 4.0154 0.0000
3.3175 4.5028 0.0000
3.1707 4.2413 0.0000
0.0320 -2.8787 0.0000
2.3540 3.3119 0.0000
2.0888 3.2382 0.0000
0.6912 2.7141 0.0000
0.5018 2.5025 0.0000
-4.0427 -4.6087 0.0000
-4.2191 -4.7851 0.0000
3.7734 -1.9377 0.0000
1.5904 3.7705 0.0000
1.7952 3.6133 0.0000
1.5614 3.4907 0.0000
1.3070 3.6380 0.0000
-2.6924 -2.3733 0.0000
-2.7711 -2.6339 0.0000
-1.6744 4.7374 0.0000
-1.1493 1.8745 0.0000
-1.3233 1.6333 0.0002
-1.6580 1.4439 0.0024
1.0755 3.4088 0.0000
1.1212 3.1255 0.0000
1.1813 2.8467 0.0000
0.8446 3.2004 0.0000
0.9011 2.9211 0.0000
0.0886 1.1630 0.0002
0.0384 0.8606 0.0007
2.2785 -0.7309 0.1166
2.1935 -0.7608 0.1071
2.1020 -0.8299 0.0812
1.9738 -0.9104 0.0506
1.7773 -0.9938 0.0224
1.5293 -1.0835 0.0067
-0.9522 -3.1848 0.0000
-1.0661 -3.4600 0.0000
-1.3415 -3.5017 0.0000
-0.6522 -3.2099 0.0000
-0.7904 -3.4363 0.0000
-3.6693 -1.5003 0.0000
-3.9008 -1.3975 0.0000
1.1655 2.0345 0.0000
0.9451 1.8575 0.0000
2.3915 -1.6943 0.0010
1.9218 -1.7932 0.0004
-3.5658 -1.8896 0.0000
-3.7550 -2.0718 0.0000
-2.9570 -4.2596 0.0000
-2.8110 -4.5087 0.0000
-3.1157 -4.5061 0.0000
3.8249 3.6519 0.0000
-3.3139 -2.7016 0.0000
-3.3948 -2.9768 0.0000
-3.4568 -3.2320 0.0000
-3.6753 -3.0448 0.0000
-3.7679 -3.2926 0.0000
-0.7839 2.3632 0.0000
-0.6914 2.0977 0.0000
-0.9814 2.1355 0.0000
-4.0393 3.7342 0.0000
-4.2788 3.6309 0.0000
-4.5572 3.2272 0.0000
-2.4132 3.4760 0.0000
-2.5775 3.3151 0.0000
-2.5966 3.0333 0.0000
4.1420 -3.6385 0.0000
3.9809 -3.8638 0.0000
3.8713 -3.5871 0.0000
3.7223 -3.8049 0.0000
3.6722 -4.0289 0.0000
-2.9715 4.7604 0.0000
4.7674 1.3993 0.0000
4.7482 1.0848 0.0000
-0.0468 2.5969 0.0000
-0.1785 2.2102 0.0000
1.5339 2.1561 0.0000
1.4316 1.9328 0.0000
1.2132 1.7483 0.0001
1.3548 0.8739 0.0086
1.1538 0.6764 0.0082
1.4869 4.5282 0.0000
1.3912 4.2897 0.0000
-0.6438 -0.6015 0.0027
-0.6635 -0.9026 0.0010
-3.7085 4.7628 0.0000
2.4009 -4.7688 0.0000
3.6812 -1.6595 0.0000
-1.7080 4.3785 0.0000
-1.8893 4.1848 0.0000
-2.0324 3.9267 0.0000
-0.4312 1.2215 0.0002
-0.7016 1.1031 0.0006
-0.4579 0.9391 0.0008
-0.7282 0.8294 0.0022
1.9771 3.7458 0.0000
1.8641 3.3875 0.0000
-0.7085 -0.0663 0.0084
-0.9463 -0.1868 0.0158
-1.1363 -0.3235 0.0269
4.7564 -0.7763 0.0000
4.5013 -0.9062 0.0000
3.9548 -1.0996 0.0000
3.7046 -1.2017 0.0000
3.1567 -3.7222 0.0000
3.4276 -3.8343 0.0000
3.1726 -4.0047 0.0000
2.9173 -3.8771 0.0000
2.9071 -4.1617 0.0000
3.9093 1.4169 0.0000
3.6815 1.2450 0.0000
-0.1216 1.9155 0.0000
-0.3606 1.7688 0.0000
-0.9337 -1.0079 0.0015
-1.2031 -1.1002 0.0029
-4.7604 -0.7951 0.0000
0.7873 -0.8387 0.0015
0.5184 -0.8237 0.0009
0.3253 -1.0300 0.0003
3.1663 -4.5495 0.0000
4.5476 3.5467 0.0000
4.2695 3.5177 0.0000
4.7817 2.0528 0.0000
4.5778 1.9039 0.0000
-0.1810 -4.3961 0.0000
0.7924 -0.2583 0.0058
0.5816 -0.0438 0.0036
0.2235 3.9569 0.0000
0.0100 3.7777 0.0000
0.0370 3.4772 0.0000
-0.2033 3.3199 0.0000
2.4233 -2.7390 0.0000
2.2009 -2.8859 0.0000
-4.3722 1.0742 0.0000
-4.5130 0.8892 0.0000
-4.0211 0.6134 0.0000
-4.2821 0.4510 0.0000
-4.4841 0.2814 0.0000
-4.7600 -0.1476 0.0000
-0.8833 -2.6671 0.0000
-2.1979 2.1281 0.0001
-2.3049 1.8382 0.0006
-2.4860 2.0401 0.0001
-2.5993 1.8043 0.0004
0.4619 4.7458 0.0000
1.7118 1.5570 0.0011
1.7666 1.2833 0.0057
1.5052 1.3397 0.0020
-2.5024 -4.5103 0.0000
-2.6651 -4.7552 0.0000
-2.9683 -4.7548 0.0000
-2.9199 -0.7664 0.0143
-2.9824 -1.0610 0.0027
-2.5837 -0.7046 0.1118
-2.6240 -0.8100 0.0707
-2.7491 -0.9704 0.0222
-2.7877 -1.2590 0.0050
-3.0450 -1.3519 0.0004
-3.3310 -1.3930 0.0000
-4.1558 -4.3199 0.0000
-4.2938 -4.5175 0.0000
1.7937 0.8550 0.0395
1.7443 0.6517 0.0668
1.7873 0.5353 0.1009
1.6158 0.5648 0.0559
1.7061 0.4754 0.0915
1.6389 0.3878 0.0875
1.4063 0.6259 0.0231
1.2460 0.4339 0.0198
1.1109 -3.1815 0.0000
-0.7017 -1.1829 0.0003
-0.9758 -1.2934 0.0004
-0.6733 -2.1814 0.0000
3.4063 4.2290 0.0000
3.4003 3.9768 0.0000
3.1133 3.9835 0.0000
-3.0648 1.4849 0.0001
-3.1997 1.2665 0.0001
-3.0060 1.1325 0.0013
-3.0975 0.9154 0.0012
-3.0551 0.6461 0.0048
4.3835 -1.4115 0.0000
4.1479 -1.5547 0.0000
-0.1329 -4.7664 0.0000
-1.5706 1.1536 0.0083
-1.7599 1.0102 0.0328
-1.8132 0.8365 0.0773
-1.8436 0.7157 0.1209
-1.9248 0.9214 0.0750
-1.9792 0.8236 0.1165
-1.9115 0.7798 0.1175
-1.9397 0.6898 0.1588
-2.0138 0.7445 0.1550
-2.1064 0.7190 0.1830
-3.8671 2.0933 0.0000
-4.0265 1.8701 0.0000
-4.1399 1.6268 0.0000
-3.3952 4.2714 0.0000
-3.6549 4.2490 0.0000
4.7850 4.5165 0.0000
-0.6469 -2.4462 0.0000
-1.9687 4.7709 0.0000
-2.1785 4.6665 0.0000
-4.3398 1.7358 0.0000
-4.5131 1.5573 0.0000
-4.7596 1.4026 0.0000
-0.7079 3.3730 0.0000
-0.4602 3.1907 0.0000
-0.7311 3.0881 0.0000
-3.7195 -2.3457 0.0000
-3.8715 -4.7589 0.0000
2.4316 -3.0113 0.0000
2.2599 -3.2408 0.0000
4.5418 0.6286 0.0000
4.3428 0.4897 0.0000
4.5159 4.7279 0.0000
-1.6722 0.5368 0.1156
-1.7387 0.4749 0.1565
-1.7946 0.5492 0.1578
-1.8961 0.5253 0.2082
-1.8388 0.4554 0.2074
-1.8705 0.3600 0.2554
-1.7844 0.3804 0.2039
-1.7646 0.3008 0.2145
-1.8455 0.2789 0.2658
-1.9635 0.5933 0.2067
-1.9889 0.4990 0.2578
-1.9395 0.4293 0.2656
-1.9572 0.3354 0.3109
-1.8718 0.1838 0.3053
-2.0362 0.2877 0.3693
-1.9284 0.2626 0.3195
-1.9825 0.1988 0.3699
-2.0767 0.1982 0.4191
-1.9505 0.1086 0.3698
-2.0429 0.1151 0.4231
-2.0091 0.0238 0.4146
4.7551 -0.1607 0.0000
4.5142 -0.3251 0.0000
1.0794 0.9290 0.0030
0.9624 0.5528 0.0059
-4.2276 -1.4506 0.0000
-4.4733 -1.6313 0.0000
-3.1436 -1.6240 0.0000
-3.2822 -1.8981 0.0000
-3.4648 -2.1782 0.0000
-1.7320 1.9545 0.0001
4.7617 2.6613 0.0000
-1.7979 -1.8363 0.0002
-2.0308 -1.6569 0.0014
-2.2716 -1.7786 0.0008
-4.2376 -0.9438 0.0000
-4.3848 -1.1765 0.0000
3.4635 -0.5283 0.0000
3.1806 -0.6959 0.0007
3.6746 3.4394 0.0000
-0.4250 -1.1061 0.0002
3.4601 -2.3958 0.0000
-2.2011 0.6867 0.2075
-2.2295 0.5912 0.2594
-2.3178 0.5873 0.2532
-2.3308 0.5112 0.2920
-2.3169 0.4226 0.3433
-2.4105 0.4554 0.2941
-2.3977 0.3636 0.3441
-2.4753 0.3031 0.3238
-2.4163 0.5498 0.2450
-2.4973 0.4982 0.2310
-2.4912 0.3994 0.2758
-2.5676 0.3364 0.2449
-2.6476 0.2911 0.1941
-2.5496 0.2375 0.2872
-2.6303 0.2126 0.2237
-2.6137 0.1368 0.2501
-2.6940 0.1130 0.1816
4.7491 -1.0829 0.0000
4.7226 -1.3898 0.0000
-0.8967 -0.7272 0.0046
-1.1543 -0.8250 0.0079
0.8970 -2.0536 0.0000
0.7535 -2.2781 0.0000
4.5461 1.2579 0.0000
4.5192 0.9243 0.0000
-4.5245 0.5923 0.0000
-4.7541 0.4506 0.0000
-4.7489 0.1519 0.0000
3.4861 -1.8758 0.0000
3.3189 -2.1056 0.0000
-3.9310 -3.9047 0.0000
-4.1260 -4.0659 0.0000
1.3035 -1.3734 0.0007
1.1610 -1.6009 0.0001
1.0291 -1.8287 0.0000
0.8107 -1.6969 0.0000
2.2092 -1.8447 0.0004
2.0810 -2.0683 0.0001
1.7968 -2.0695 0.0000
2.3309 4.7860 0.0000
-3.9653 -2.2555 0.0000
-4.2529 4.7364 0.0000
-4.5238 4.7340 0.0000
4.4832 -1.1933 0.0000
3.8856 -1.4228 0.0000
-3.4664 2.3732 0.0000
-4.5135 -4.3845 0.0000
-4.7530 -4.5088 0.0000
-4.5109 -4.7147 0.0000
-4.7781 -4.7810 0.0000
-1.1120 -4.2417 0.0000
-3.9690 4.7455 0.0000
-4.1211 4.4940 0.0000
3.9258 4.7488 0.0000
-1.8468 -3.0694 0.0000
-2.0698 -3.2775 0.0000
-2.9172 -3.1466 0.0000
-2.8206 -3.3729 0.0000
0.8402 1.0708 0.0010
0.8247 0.7836 0.0024
3.4042 4.7512 0.0000
3.1480 4.7473 0.0000
-1.5021 4.4970 0.0000
1.7554 2.3650 0.0000
1.7783 2.0755 0.0000
-2.4256 -2.2803 0.0000
-0.0560 -3.6414 0.0000
0.0716 -3.9800 0.0000
-1.8944 -2.1627 0.0000
-3.4996 -3.7264 0.0000
-3.6676 -3.9513 0.0000
-2.1513 0.8778 0.1166
-2.1059 0.9779 0.0784
-2.0396 0.9042 0.0968
-2.0793 0.8177 0.1348
-2.2443 0.8497 0.1302
-2.1729 0.7839 0.1583
-2.2644 0.7551 0.1723
-2.3012 0.6756 0.2089
-2.2279 0.9551 0.0902
-2.3239 0.9050 0.1045
-2.3330 0.8038 0.1441
-2.3780 0.7330 0.1683
-2.3976 0.6373 0.2085
3.9287 0.1013 0.0000
3.7023 -0.0766 0.0000
-2.4229 4.7371 0.0000
-2.6980 4.7647 0.0000
-2.6414 4.5137 0.0000
1.2583 2.5693 0.0000
1.0709 2.3648 0.0000
2.3834 -4.5107 0.0000
-1.8156 1.2359 0.0130
-1.9795 1.0770 0.0438
-2.1923 1.1224 0.0445
4.4608 -4.2695 0.0000
4.4859 -4.5096 0.0000
4.2308 -4.5247 0.0000
-1.3953 -0.1287 0.0855
-1.4581 -0.2186 0.0991
-1.5243 -0.2808 0.1153
-1.5617 -0.3732 0.1151
-1.5815 -0.2163 0.1448
-1.6246 -0.2897 0.1532
-1.6566 -0.3855 0.1487
-1.7047 -0.4744 0.1467
2.7689 -0.0062 0.0786
2.8275 -0.1473 0.0518
2.7150 -0.1214 0.1027
2.7290 -0.2335 0.0885
2.6203 -0.2508 0.1427
2.6734 -0.3255 0.1055
2.5922 -0.3480 0.1418
2.5698 -0.4396 0.1338
2.7881 -0.3691 0.0532
2.6537 -0.4264 0.0996
-3.5555 -1.2981 0.0000
-3.4415 -1.6388 0.0000
0.8758 -2.5405 0.0000
0.7543 -2.7676 0.0000
0.5782 -2.9790 0.0000
1.8403 2.7469 0.0000
1.6470 2.6060 0.0000
-0.1862 1.0488 0.0004
-1.3776 2.4108 0.0000
2.5269 0.8394 0.0546
2.3568 0.8550 0.0718
2.3127 0.7453 0.1056
2.2279 0.7653 0.1024
2.2410 0.6684 0.1341
2.1523 0.7319 0.1107
2.1430 0.6450 0.1389
2.0593 0.7040 0.1108
2.1265 0.5517 0.1698
2.0491 0.6058 0.1406
1.9664 0.6542 0.1112
-2.1397 2.4095 0.0000
-2.4233 2.3065 0.0000
-2.3503 -3.2881 0.0000
-2.6261 -3.1671 0.0000
-3.5944 -2.7594 0.0000
-3.8752 -2.8473 0.0000
