5.0000 5.0000 0.0000
0.0000 5.0000 0.0000
2.5000 5.0000 0.0000
3.7500 5.0000 0.0000
4.3750 5.0000 0.0000
4.6875 5.0000 0.0000
4.0625 5.0000 0.0000
3.1250 5.0000 0.0000
3.4375 5.0000 0.0000
2.8125 5.0000 0.0000
1.2500 5.0000 0.0000
1.8750 5.0000 0.0000
2.1875 5.0000 0.0000
1.5625 5.0000 0.0000
0.6250 5.0000 0.0000
0.9375 5.0000 0.0000
0.3125 5.0000 0.0000
-2.5000 5.0000 0.0000
-1.2500 5.0000 0.0000
-0.6250 5.0000 0.0000
-0.3125 5.0000 0.0000
-0.9375 5.0000 0.0000
-1.8750 5.0000 0.0000
-1.5625 5.0000 0.0000
-2.1875 5.0000 0.0000
-3.7500 5.0000 0.0000
-3.1250 5.0000 0.0000
-2.8125 5.0000 0.0000
-3.4375 5.0000 0.0000
-4.3750 5.0000 0.0000
-4.0625 5.0000 0.0000
-4.6875 5.0000 0.0000
5.0000 -5.0000 0.0000
5.0000 0.0000 0.0000
5.0000 -2.5000 0.0000
5.0000 -3.7500 0.0000
5.0000 -4.3750 0.0000
5.0000 -4.6875 0.0000
5.0000 -4.0625 0.0000
5.0000 -3.1250 0.0000
5.0000 -3.4375 0.0000
5.0000 -2.8125 0.0000
5.0000 -1.2500 0.0000
5.0000 -1.8750 0.0000
5.0000 -2.1875 0.0000
5.0000 -1.5625 0.0000
5.0000 -0.6250 0.0000
5.0000 -0.9375 0.0000
5.0000 -0.3125 0.0000
5.0000 2.5000 0.0000
5.0000 1.2500 0.0000
5.0000 0.6250 0.0000
5.0000 0.3125 0.0000
5.0000 0.9375 0.0000
5.0000 1.8750 0.0000
5.0000 1.5625 0.0000
5.0000 2.1875 0.0000
5.0000 3.7500 0.0000
5.0000 3.1250 0.0000
5.0000 2.8125 0.0000
5.0000 3.4375 0.0000
5.0000 4.3750 0.0000
5.0000 4.0625 0.0000
5.0000 4.6875 0.0000
-5.0000 -5.0000 0.0000
0.0000 -5.0000 0.0000
-2.5000 -5.0000 0.0000
-3.7500 -5.0000 0.0000
-4.3750 -5.0000 0.0000
-4.6875 -5.0000 0.0000
-4.0625 -5.0000 0.0000
-3.1250 -5.0000 0.0000
-3.4375 -5.0000 0.0000
-2.8125 -5.0000 0.0000
-1.2500 -5.0000 0.0000
-1.8750 -5.0000 0.0000
-2.1875 -5.0000 0.0000
-1.5625 -5.0000 0.0000
-0.6250 -5.0000 0.0000
-0.9375 -5.0000 0.0000
-0.3125 -5.0000 0.0000
2.5000 -5.0000 0.0000
1.2500 -5.0000 0.0000
0.6250 -5.0000 0.0000
0.3125 -5.0000 0.0000
0.9375 -5.0000 0.0000
1.8750 -5.0000 0.0000
1.5625 -5.0000 0.0000
2.1875 -5.0000 0.0000
3.7500 -5.0000 0.0000
3.1250 -5.0000 0.0000
2.8125 -5.0000 0.0000
3.4375 -5.0000 0.0000
4.3750 -5.0000 0.0000
4.0625 -5.0000 0.0000
4.6875 -5.0000 0.0000
-5.0000 5.0000 0.0000
-5.0000 0.0000 0.0000
-5.0000 2.5000 0.0000
-5.0000 3.7500 0.0000
-5.0000 4.3750 0.0000
-5.0000 4.6875 0.0000
-5.0000 4.0625 0.0000
-5.0000 3.1250 0.0000
-5.0000 3.4375 0.0000
-5.0000 2.8125 0.0000
-5.0000 1.2500 0.0000
-5.0000 1.8750 0.0000
-5.0000 2.1875 0.0000
-5.0000 1.5625 0.0000
-5.0000 0.6250 0.0000
-5.0000 0.9375 0.0000
-5.0000 0.3125 0.0000
-5.0000 -2.5000 0.0000
-5.0000 -1.2500 0.0000
-5.0000 -0.6250 0.0000
-5.0000 -0.3125 0.0000
-5.0000 -0.9375 0.0000
-5.0000 -1.8750 0.0000
-5.0000 -1.5625 0.0000
-5.0000 -2.1875 0.0000
-5.0000 -3.7500 0.0000
-5.0000 -3.1250 0.0000
-5.0000 -2.8125 0.0000
-5.0000 -3.4375 0.0000
-5.0000 -4.3750 0.0000
-5.0000 -4.0625 0.0000
-5.0000 -4.6875 0.0000
2.5745 -3.4821 0.0000
-2.2002 0.4509 0.3230
-2.2650 0.3726 0.3638
-2.1850 0.3201 0.3872
-2.1763 0.2217 0.4264
-2.2444 0.1686 0.4484
-2.3468 0.3051 0.3777
-2.2605 0.2689 0.4119
-2.3299 0.2063 0.4209
-2.3014 0.1102 0.4542
-2.3928 0.1362 0.4121
-2.4184 0.2339 0.3712
-2.4837 0.1582 0.3471
-3.7697 -0.4571 0.0000
-4.0819 -0.5032 0.0000
-4.0265 -0.7580 0.0000
3.7768 0.7738 0.0000
3.5247 0.6448 0.0000
4.5100 0.6160 0.0000
-0.7446 1.9193 0.0000
-0.9066 1.6115 0.0001
4.2076 4.2999 0.0000
1.2538 1.1387 0.0023
-3.3725 2.9831 0.0000
-1.7121 4.4517 0.0000
-1.8430 4.1756 0.0000
-1.7637 3.9167 0.0000
2.3210 0.6888 0.1300
2.2913 0.5840 0.1706
2.2201 0.5094 0.2016
2.1481 0.4444 0.2209
2.1141 0.3699 0.2415
2.0314 0.3160 0.2375
4.7527 2.3204 0.0000
4.7619 2.0203 0.0000
4.5278 2.0285 0.0000
4.5064 1.7862 0.0000
3.2621 4.7085 0.0000
-0.8763 2.7280 0.0000
3.2699 1.6169 0.0000
3.2686 1.3322 0.0000
3.0131 1.4642 0.0002
-4.7583 3.5746 0.0000
-4.0874 -1.2574 0.0000
0.3990 3.0174 0.0000
0.2570 2.7095 0.0000
0.1194 2.9382 0.0000
-0.0391 2.7069 0.0000
0.1012 2.4517 0.0000
-2.3075 -0.0309 0.4629
-2.4087 -0.0399 0.4165
-2.4779 -0.0954 0.3626
-2.5264 -0.1800 0.3095
-2.5789 -0.2467 0.2519
-2.2524 -0.1143 0.4623
-2.3503 -0.1216 0.4366
-2.2800 -0.2010 0.4361
-2.3688 -0.2266 0.4002
-2.4295 -0.1592 0.3860
-2.4623 -0.2495 0.3395
-2.5192 -0.3059 0.2814
-2.7069 -0.3415 0.1359
-2.8138 -0.3885 0.0699
-2.3090 -0.2990 0.3923
-2.4044 -0.3229 0.3464
-2.4737 -0.3717 0.2878
-2.6060 -0.3364 0.2083
-2.5494 -0.4118 0.2247
-2.6464 -0.4206 0.1584
-2.7155 -0.4530 0.1099
-2.6018 -0.4999 0.1632
-2.6729 -0.5404 0.1136
-2.7941 -0.5472 0.0591
1.7567 0.0075 0.1681
1.7255 -0.0783 0.1529
1.8019 -0.1521 0.1781
1.7144 -0.1658 0.1418
1.6317 -0.1821 0.1114
1.7300 -0.2437 0.1383
1.6502 -0.2675 0.1083
-1.2237 -1.4532 0.0004
3.5887 -2.6346 0.0000
0.0055 -3.5563 0.0000
0.1802 -3.7357 0.0000
0.0177 -4.1704 0.0000
4.2732 1.0611 0.0000
-1.2350 4.5842 0.0000
-0.2921 4.1312 0.0000
-3.3325 -3.4006 0.0000
-0.0154 4.0232 0.0000
-0.6967 2.2613 0.0000
-1.0414 4.1206 0.0000
-3.7021 -1.9894 0.0000
-3.9540 -2.1560 0.0000
-3.1864 -0.4516 0.0017
2.1910 0.5989 0.1666
2.1274 0.5417 0.1826
2.0673 0.4815 0.1942
2.0338 0.4096 0.2103
1.9589 0.4554 0.1760
0.3805 1.1503 0.0003
1.8823 -4.2443 0.0000
2.7581 1.3090 0.0031
2.5125 1.1516 0.0173
2.2389 1.0651 0.0358
2.0820 -1.3814 0.0072
1.9035 -1.5426 0.0021
2.3656 -0.4760 0.2022
2.2748 -0.5140 0.2009
2.2771 -0.6174 0.1626
2.1890 -0.6048 0.1668
2.1145 -0.6942 0.1285
2.2082 -0.6954 0.1351
2.1470 -0.7767 0.1048
2.0351 -0.7628 0.0968
1.9979 -0.9774 0.0433
4.0905 -3.3472 0.0000
3.9462 -3.5742 0.0000
3.7493 -3.7204 0.0000
3.5421 -3.8546 0.0000
-1.4490 2.1818 0.0000
-0.9166 -0.9444 0.0019
-1.2074 -0.9399 0.0062
-1.8687 -3.0411 0.0000
-2.0707 -3.1850 0.0000
-2.2685 -3.3340 0.0000
3.0202 2.0433 0.0000
-0.5019 -4.2706 0.0000
-0.6313 -4.5162 0.0000
4.7615 1.0855 0.0000
4.5196 1.2191 0.0000
-3.5399 -2.5953 0.0000
-3.7496 -2.8004 0.0000
-2.5677 3.3128 0.0000
-2.6224 3.0331 0.0000
-2.8598 3.2009 0.0000
-2.8924 2.9197 0.0000
-3.2257 2.7276 0.0000
0.1817 0.5144 0.0017
-0.0149 0.3855 0.0022
1.2847 2.8812 0.0000
-2.0355 -3.7540 0.0000
2.8170 -2.9886 0.0000
2.5469 -3.1101 0.0000
2.7266 -3.2647 0.0000
2.3469 -3.2814 0.0000
2.2890 -3.5634 0.0000
4.0266 -2.2326 0.0000
-2.3572 0.0431 0.4436
-2.4505 0.0597 0.3867
-2.5462 0.0820 0.3070
-2.6067 0.0030 0.2566
-2.5111 -0.0108 0.3414
-2.5717 -0.0907 0.2841
-2.6661 -0.0766 0.2017
-2.6320 -0.1692 0.2219
-2.7581 -0.0590 0.1293
-2.7249 -0.1586 0.1480
-2.8259 -0.1471 0.0828
-2.6702 -0.2553 0.1773
-2.7482 -0.2438 0.1228
-2.8224 -0.2696 0.0769
-3.9733 -1.8589 0.0000
2.2170 4.5481 0.0000
2.8492 3.9776 0.0000
-4.7503 3.2753 0.0000
-0.2125 2.2199 0.0000
-0.4803 2.1061 0.0000
-4.4990 0.5712 0.0000
2.8968 -3.4663 0.0000
3.4214 0.1447 0.0001
1.0852 -0.6374 0.0078
0.8209 -0.5869 0.0039
-2.7737 -3.9192 0.0000
-2.7838 -4.2078 0.0000
-0.1632 -4.7458 0.0000
0.8205 2.7028 0.0000
0.5270 2.7297 0.0000
-0.4531 4.7452 0.0000
0.2845 -1.4131 0.0000
0.4854 -1.6318 0.0000
0.2221 -1.6719 0.0000
-0.0031 -1.8078 0.0000
-2.3637 4.7463 0.0000
-2.4479 -0.5564 0.2193
-2.4743 -0.6523 0.1669
-2.6193 -0.7758 0.0774
-2.3707 -0.5968 0.2253
-2.3894 -0.6836 0.1784
-2.4255 -0.7579 0.1377
-2.5125 -0.7439 0.1192
-2.3633 -0.8109 0.1280
-2.4101 -0.8953 0.0910
-2.4831 -0.8343 0.0971
-2.5752 -0.9198 0.0559
-2.4310 -0.4406 0.2808
-2.5039 -0.4876 0.2230
-2.5492 -0.5789 0.1643
-2.5742 -0.6752 0.1206
-2.6409 -0.6174 0.1096
-2.7352 -0.6917 0.0585
-2.7934 -0.8998 0.0216
-2.8990 -1.1666 0.0033
2.2084 -0.4332 0.2312
2.1883 -0.5225 0.1972
2.1079 -0.5143 0.1904
2.1075 -0.6042 0.1584
2.0227 -0.5578 0.1583
2.0270 -0.6561 0.1275
1.9445 -0.7096 0.0963
1.9410 -0.6086 0.1236
1.8512 -0.6772 0.0858
1.9109 -0.8286 0.0626
1.7727 -0.9935 0.0237
1.7355 -0.7786 0.0468
3.5863 -4.7671 0.0000
3.2675 -4.7284 0.0000
-2.0813 4.7405 0.0000
-3.7088 -3.7170 0.0000
2.0441 2.0192 0.0001
2.0279 1.7389 0.0007
1.7709 1.6311 0.0009
1.5202 1.5230 0.0008
4.5169 0.9192 0.0000
4.2698 0.7628 0.0000
-0.0241 -4.4712 0.0000
0.8889 -1.3899 0.0002
1.1827 3.1477 0.0000
0.2186 1.3978 0.0001
0.0709 1.1589 0.0002
0.9954 1.2965 0.0005
2.0379 0.1283 0.2791
1.9511 0.0617 0.2514
1.8646 0.1236 0.2095
1.8540 0.0298 0.2100
1.8244 -0.0622 0.1952
1.7945 1.9100 0.0001
1.5226 1.8169 0.0001
0.6328 4.5436 0.0000
4.4821 -0.6976 0.0000
-1.2991 -2.4920 0.0000
-1.4556 -2.7448 0.0000
0.3313 -2.1997 0.0000
0.4213 -2.4534 0.0000
2.3277 4.7958 0.0000
2.0165 4.7658 0.0000
0.4931 4.0973 0.0000
-3.7921 2.7914 0.0000
-4.0113 2.6031 0.0000
-4.2617 2.6472 0.0000
-0.9098 2.4448 0.0000
3.0644 -1.3412 0.0002
-1.2336 -0.5850 0.0217
-1.3074 -0.7522 0.0174
2.9642 4.7751 0.0000
2.9863 4.5423 0.0000
1.4433 0.4850 0.0391
1.2906 0.2911 0.0311
4.5086 0.3094 0.0000
4.4788 0.0326 0.0000
-0.7184 -2.4998 0.0000
-1.0093 -2.4947 0.0000
2.3912 -4.3618 0.0000
3.2700 1.9061 0.0000
3.0216 1.7510 0.0000
4.7517 -0.7903 0.0000
3.8981 -4.7754 0.0000
1.6868 -2.1154 0.0000
1.4094 -2.1518 0.0000
1.2879 -2.4160 0.0000
0.6501 2.4696 0.0000
0.3704 2.4401 0.0000
0.5337 2.1904 0.0000
0.2790 2.1615 0.0000
-1.8464 -1.9608 0.0001
-1.9871 -2.2008 0.0000
-1.9014 -1.1079 0.0293
-3.5302 -0.7608 0.0000
-3.6522 -1.0112 0.0000
2.9889 2.6237 0.0000
2.7323 2.4403 0.0000
-3.4687 3.7807 0.0000
-3.5384 3.5197 0.0000
-3.8189 3.4844 0.0000
-4.2363 -4.6943 0.0000
-4.5192 -4.7371 0.0000
-4.7850 -4.7836 0.0000
-4.2615 0.2747 0.0000
-4.5069 0.2942 0.0000
-4.7585 0.1506 0.0000
-2.6266 0.3698 0.1849
-2.6862 0.2965 0.1579
-2.7541 0.2370 0.1191
-2.7963 0.1672 0.0983
-2.6703 0.1982 0.1857
-2.6426 0.0969 0.2204
-2.7256 0.1261 0.1497
-2.7827 0.0563 0.1121
-2.7029 0.0181 0.1726
-2.8803 -0.0254 0.0585
-0.5353 -4.0407 0.0000
-3.7488 3.7417 0.0000
-4.0438 3.5958 0.0000
-4.2546 3.4162 0.0000
-1.4265 -0.5414 0.0499
-1.5282 -0.4639 0.0858
-1.5894 -0.5646 0.0844
-1.7021 -0.5880 0.1126
-1.6510 -0.6650 0.0791
-1.6872 -0.8156 0.0546
-1.7576 -0.6843 0.1023
-1.8302 -0.7573 0.0991
-1.9224 -0.8062 0.1033
0.7659 1.4631 0.0001
3.0199 0.8851 0.0027
2.8069 0.7445 0.0225
4.7537 1.7164 0.0000
0.7486 -1.6352 0.0000
0.4761 -1.8889 0.0000
0.5493 -1.0098 0.0005
0.3306 -1.1437 0.0002
2.8987 -1.8369 0.0000
4.5025 -3.7400 0.0000
1.1238 -4.5391 0.0000
0.9796 -4.3613 0.0000
0.7775 -4.5143 0.0000
-1.0392 -0.7019 0.0079
-3.1306 3.9693 0.0000
2.3728 4.0906 0.0000
1.9320 0.6980 0.0983
1.8484 0.7321 0.0739
1.9031 0.6119 0.1164
1.8385 0.6148 0.1004
4.2709 1.3556 0.0000
0.5278 -4.4890 0.0000
-0.2198 -3.1276 0.0000
-0.2420 -3.4034 0.0000
-2.9466 2.3412 0.0000
-3.0959 1.9957 0.0000
2.4195 0.2285 0.2579
2.3003 0.1804 0.3022
2.2158 0.1292 0.3164
2.3027 0.0847 0.3164
2.2171 0.0251 0.3261
2.1199 -0.0054 0.3126
2.0846 -0.0873 0.2987
1.9868 -0.1215 0.2603
1.8935 -0.1370 0.2192
1.9039 -0.2213 0.2110
1.8177 -0.2329 0.1737
2.6252 -4.2695 0.0000
1.5551 2.8840 0.0000
1.4259 2.6100 0.0000
-2.1151 4.2178 0.0000
-2.0197 3.8977 0.0000
-2.2699 4.0057 0.0000
-3.3787 4.0270 0.0000
-3.6657 3.9992 0.0000
2.7425 -0.3208 0.0791
2.6586 -0.3923 0.1086
2.7406 -0.4738 0.0627
2.6226 -0.5718 0.0905
2.6097 -0.4708 0.1164
2.5198 -0.4262 0.1663
2.4468 -0.4880 0.1763
2.5302 -0.5295 0.1350
2.4461 -0.5835 0.1466
2.3586 -0.5623 0.1734
2.3689 -0.6570 0.1389
2.7522 -0.6477 0.0394
2.6045 -0.7270 0.0651
2.5391 -0.6317 0.1052
2.4614 -0.6798 0.1132
2.5011 -0.7750 0.0786
2.4878 -0.9091 0.0512
-1.1319 -2.2340 0.0000
-1.4212 -2.2387 0.0000
-3.9878 3.8274 0.0000
3.9464 3.2354 0.0000
3.6731 3.1150 0.0000
3.4636 2.8884 0.0000
4.0863 -2.5215 0.0000
3.8736 -2.6685 0.0000
3.0798 -4.4879 0.0000
2.9640 -4.7507 0.0000
1.0272 3.9682 0.0000
-0.7221 -3.0091 0.0000
-0.8436 -3.2549 0.0000
-1.1398 -3.2525 0.0000
-1.0026 -3.5054 0.0000
-1.0129 -3.7484 0.0000
1.5326 3.9529 0.0000
1.2643 3.8992 0.0000
-2.9998 4.7700 0.0000
-3.1347 3.1964 0.0000
-3.1166 2.9602 0.0000
3.6453 4.2330 0.0000
3.3838 4.1612 0.0000
3.5772 3.9388 0.0000
3.3183 3.8628 0.0000
3.1210 4.0713 0.0000
3.0504 3.7792 0.0000
3.2612 3.5784 0.0000
2.9840 3.4971 0.0000
-2.5235 -4.5287 0.0000
-1.7184 -4.4136 0.0000
2.4009 -2.1040 0.0001
2.1758 -1.9408 0.0002
-2.2931 3.7420 0.0000
-2.5118 3.5964 0.0000
-2.7819 3.4845 0.0000
1.0532 -1.1314 0.0011
3.7747 1.0583 0.0000
3.7728 1.6338 0.0000
3.3484 -2.4703 0.0000
3.2165 2.7774 0.0000
3.2458 2.4857 0.0000
3.0053 2.3334 0.0000
2.7641 2.1788 0.0000
4.7337 3.2536 0.0000
4.7500 2.9634 0.0000
4.4625 3.0294 0.0000
4.5459 2.7733 0.0000
4.3398 2.7365 0.0000
1.9759 0.7890 0.0807
1.7483 0.6821 0.0657
1.7300 0.5720 0.0839
1.0337 -1.6593 0.0001
-3.2849 4.7558 0.0000
0.7983 -0.8542 0.0016
1.0335 -0.8799 0.0029
1.3377 -4.4430 0.0000
1.4598 -4.7016 0.0000
0.6171 3.2472 0.0000
0.6975 2.9683 0.0000
-1.7627 1.5224 0.0022
2.9595 -3.9455 0.0000
3.1452 -4.1567 0.0000
-0.2895 0.3418 0.0027
4.2287 -0.1294 0.0000
-1.6025 3.1750 0.0000
-1.6184 2.8960 0.0000
-1.9944 1.6742 0.0015
-2.0937 1.4480 0.0070
-2.1777 1.2308 0.0252
-2.4092 1.1984 0.0259
0.9954 2.9246 0.0000
1.6115 4.2184 0.0000
1.3101 4.1811 0.0000
-2.2293 -2.9831 0.0000
0.1165 -0.0855 0.0022
-0.1425 -0.1627 0.0024
-1.8122 4.7333 0.0000
-1.9748 4.4674 0.0000
1.0445 -3.2001 0.0000
3.9522 -0.8275 0.0000
4.0328 -1.1345 0.0000
0.5562 0.1690 0.0036
0.3781 0.0119 0.0027
4.2546 2.5089 0.0000
4.0041 2.3688 0.0000
3.7613 2.2136 0.0000
0.0103 4.5181 0.0000
-0.0804 4.2858 0.0000
0.2652 -3.1693 0.0000
0.3003 -3.4603 0.0000
-1.1222 2.8773 0.0000
-1.1521 2.6193 0.0000
2.4913 -3.7792 0.0000
2.3789 -4.0697 0.0000
1.7357 3.7240 0.0000
1.4680 3.6717 0.0000
-3.4805 -4.7010 0.0000
-3.7205 -4.7606 0.0000
-3.9591 -4.7726 0.0000
0.7131 1.1592 0.0005
0.5380 0.9190 0.0009
3.2669 1.0456 0.0001
-3.7355 2.5155 0.0000
-3.9690 2.3176 0.0000
-4.2379 2.3775 0.0000
-4.1949 2.1008 0.0000
1.5863 -1.1330 0.0071
1.4577 -1.3815 0.0013
0.9722 -1.9196 0.0000
2.8714 -1.5599 0.0003
4.1016 -0.3465 0.0000
-1.4350 2.4266 0.0000
-0.4589 -0.4889 0.0023
-0.4863 -0.7199 0.0012
-0.7555 -0.6790 0.0032
2.4037 -1.7977 0.0005
-3.4158 2.1707 0.0000
-3.6175 1.9594 0.0000
0.7521 0.0084 0.0062
-1.3545 4.7878 0.0000
-1.5663 4.7068 0.0000
4.7473 -2.6657 0.0000
4.4966 -2.8245 0.0000
4.2321 -3.0447 0.0000
3.0199 0.5789 0.0062
2.7745 0.5213 0.0477
2.6512 0.4459 0.1024
2.5592 0.3927 0.1553
2.5023 0.2822 0.2084
2.6611 0.3606 0.1122
2.5936 0.3086 0.1555
2.1838 -0.0682 0.3212
2.1675 -0.1557 0.3077
2.0763 -0.1795 0.2829
1.9875 -0.2086 0.2469
2.1556 -0.2491 0.2852
2.0617 -0.2715 0.2579
1.9695 -0.3024 0.2193
1.9288 -0.4037 0.1786
2.0821 -0.3466 0.2419
2.1169 -0.4275 0.2227
2.0148 -0.3754 0.2145
2.0255 -0.4586 0.1915
1.8584 -0.4721 0.1378
1.9416 -0.5079 0.1530
1.8565 -0.5659 0.1138
1.8748 -0.3145 0.1808
1.8284 -0.3953 0.1461
1.7795 -0.5003 0.1078
1.7459 -0.6104 0.0773
-3.3228 -1.4874 0.0000
3.5163 2.0579 0.0000
3.5208 1.7693 0.0000
-1.9186 -4.5319 0.0000
-2.0511 -4.7526 0.0000
-2.3536 -4.7599 0.0000
-2.0227 -2.8336 0.0000
4.1063 -3.7505 0.0000
3.8978 -4.2766 0.0000
3.7507 -4.5358 0.0000
1.6978 -3.7276 0.0000
1.4973 -3.9036 0.0000
-4.2818 3.6963 0.0000
1.2285 -3.9409 0.0000
1.1490 -4.2073 0.0000
-1.1100 3.1337 0.0000
-1.3596 2.9385 0.0000
-1.3953 2.6840 0.0000
0.5412 -0.7274 0.0013
1.6890 -4.0909 0.0000
1.6315 -4.4215 0.0000
-3.4914 -1.2480 0.0000
-3.6177 -1.5023 0.0000
-3.7349 -1.7271 0.0000
-2.6390 -1.7722 0.0004
-2.8443 -1.6346 0.0004
-3.1319 -1.6951 0.0000
0.5809 -0.1544 0.0038
-3.7948 -1.2769 0.0000
-3.9560 -1.5412 0.0000
4.5484 -4.0315 0.0000
4.2879 -3.9081 0.0000
4.0865 -4.0870 0.0000
2.6435 -2.2590 0.0000
2.6191 -2.5450 0.0000
2.1454 -2.2436 0.0000
2.3744 -2.3974 0.0000
2.3396 -2.6777 0.0000
1.0350 1.5694 0.0001
0.8478 -2.7083 0.0000
0.5618 -2.7119 0.0000
-4.5140 -2.4847 0.0000
-2.5608 -3.4111 0.0000
-2.7590 -3.5708 0.0000
-2.9494 -3.7381 0.0000
-3.0265 -4.0296 0.0000
-0.5036 3.9382 0.0000
-0.7681 4.0306 0.0000
-1.0032 3.8470 0.0000
-4.2397 -3.6483 0.0000
-4.4848 -3.6265 0.0000
-4.7560 -3.6688 0.0000
-4.7587 -3.9429 0.0000
3.4476 -0.5842 0.0000
-1.4251 -3.2457 0.0000
-3.0201 -1.4266 0.0003
1.2238 -4.7719 0.0000
0.9621 -4.7362 0.0000
-2.5531 4.4958 0.0000
4.0331 -4.5455 0.0000
-1.5242 1.6923 0.0003
0.2626 -4.5170 0.0000
1.5239 -0.8805 0.0165
-0.2368 3.8368 0.0000
-0.4546 3.6465 0.0000
1.4099 4.7288 0.0000
1.1940 0.8740 0.0053
0.2400 0.8990 0.0006
0.0775 0.7035 0.0011
-0.1702 0.6219 0.0014
3.1894 3.3053 0.0000
2.9266 3.2085 0.0000
2.6648 3.1185 0.0000
-1.9222 -3.3921 0.0000
4.5359 -4.3686 0.0000
3.2621 0.7601 0.0002
-2.8801 2.1038 0.0000
3.7683 1.9228 0.0000
4.7033 -0.4826 0.0000
-4.2542 0.0212 0.0000
1.1205 2.6621 0.0000
0.9442 2.4446 0.0000
2.7754 3.6930 0.0000
2.4973 3.6149 0.0000
2.4453 4.3618 0.0000
-4.5154 3.6903 0.0000
-4.4975 3.4089 0.0000
-4.4927 3.1186 0.0000
-4.7503 2.9805 0.0000
-2.6579 -2.0608 0.0000
-2.8787 -2.4901 0.0000
-3.0113 -2.7335 0.0000
-3.0758 1.4506 0.0001
-2.8662 1.2459 0.0026
-2.8071 0.9840 0.0133
-3.0328 0.9411 0.0022
-3.2305 0.8244 0.0003
-3.1281 1.1735 0.0003
-3.3648 1.0724 0.0000
-3.5101 0.8461 0.0000
2.7723 -3.7194 0.0000
2.6812 -4.0027 0.0000
2.2726 1.3050 0.0110
2.0134 1.2106 0.0145
2.0101 0.9972 0.0390
1.8571 0.8753 0.0461
1.7549 1.0779 0.0154
-4.7428 -1.0333 0.0000
2.0789 -1.7237 0.0009
1.8209 -1.8308 0.0003
2.9223 4.2646 0.0000
2.6519 4.1801 0.0000
-1.3100 4.2260 0.0000
-1.5752 4.2025 0.0000
1.0261 4.2266 0.0000
0.7718 4.0056 0.0000
-4.3936 -0.4763 0.0000
3.7523 2.5059 0.0000
3.5073 2.3449 0.0000
3.8309 4.0038 0.0000
3.1967 4.3762 0.0000
-1.1010 4.3917 0.0000
-1.4379 4.4611 0.0000
4.7517 -4.2129 0.0000
1.7119 4.7487 0.0000
-1.2029 -0.4084 0.0283
4.5255 -3.1121 0.0000
4.3534 -3.2946 0.0000
4.2757 -3.5703 0.0000
2.6702 0.1572 0.1321
2.7693 0.3487 0.0661
2.6769 0.2571 0.1184
2.5861 0.2126 0.1754
2.5828 0.1105 0.1887
2.5564 0.0091 0.2097
2.6426 0.0356 0.1551
2.4973 0.1769 0.2309
2.4827 0.0853 0.2495
2.4712 -0.0067 0.2592
2.3896 -0.0573 0.2948
2.4840 -0.0894 0.2486
2.3920 0.1422 0.2847
2.3903 0.0437 0.2952
2.3078 -0.0114 0.3197
2.2610 -0.0783 0.3221
2.5774 -0.0804 0.1943
2.5279 -0.1639 0.2161
2.4702 -0.2282 0.2359
2.4199 -0.1590 0.2712
2.3335 -0.1235 0.3054
2.3440 -0.2194 0.2849
2.4999 -0.3257 0.2004
2.4117 -0.2855 0.2476
2.4145 -0.3878 0.2178
2.3305 -0.3183 0.2614
2.3066 -0.4118 0.2348
2.2431 -0.3423 0.2632
2.2504 -0.1688 0.3096
2.2461 -0.2550 0.2895
2.1626 -0.3368 0.2604
4.5031 -0.2320 0.0000
-2.5322 3.9481 0.0000
-2.6997 3.7504 0.0000
-0.1368 -2.0088 0.0000
-0.3450 -2.1921 0.0000
-0.9523 2.1457 0.0000
-1.2266 2.0996 0.0000
-1.3315 1.8679 0.0000
-3.7931 0.4307 0.0000
-4.0203 0.2742 0.0000
-4.0031 0.0135 0.0000
-4.5021 0.0234 0.0000
-4.7606 -0.1473 0.0000
-4.1933 -4.3666 0.0000
-4.4662 -4.4474 0.0000
-4.5440 2.7825 0.0000
-4.7764 2.6896 0.0000
-4.4924 2.5092 0.0000
-4.7270 2.4744 0.0000
-4.7529 2.2712 0.0000
-2.1156 -3.5367 0.0000
-2.3655 -3.6059 0.0000
-2.2936 -3.8701 0.0000
-2.5794 -3.7475 0.0000
1.2706 -0.8927 0.0063
-1.7962 -3.6136 0.0000
3.1380 0.2804 0.0028
2.8162 -0.1635 0.0588
2.6911 -0.1198 0.1225
2.6199 -0.1708 0.1607
2.5651 -0.2521 0.1816
2.6921 -0.2201 0.1142
2.6364 -0.2910 0.1358
2.5849 -0.3614 0.1506
4.7185 0.0163 0.0000
4.7638 -0.1980 0.0000
-2.4016 -2.4884 0.0000
4.1862 -4.3597 0.0000
4.2029 4.7677 0.0000
4.3016 4.5343 0.0000
1.0279 0.7059 0.0050
0.8816 0.5219 0.0050
0.8409 0.2367 0.0072
2.3457 -4.7606 0.0000
4.0260 0.9117 0.0000
1.7878 -2.6500 0.0000
1.5930 -2.8984 0.0000
1.3262 -2.9129 0.0000
1.3168 -3.1632 0.0000
-2.4290 -3.1446 0.0000
-2.7347 -3.2007 0.0000
-2.9238 -3.3855 0.0000
1.9495 -2.0577 0.0001
1.8685 -2.3492 0.0000
1.5885 -2.3973 0.0000
4.7699 -1.0995 0.0000
4.5577 -1.2692 0.0000
4.5133 -0.9785 0.0000
4.2973 -1.1791 0.0000
2.8668 -1.1012 0.0036
2.7585 -1.3428 0.0023
-4.0110 -2.6968 0.0000
-4.2439 -2.8730 0.0000
-2.6215 1.3771 0.0054
2.4068 0.7080 0.1123
2.6440 0.5712 0.0825
2.6314 0.6980 0.0633
2.5502 0.6440 0.0967
2.4754 0.6532 0.1145
2.5451 0.5652 0.1181
2.4669 0.5612 0.1445
3.1921 -3.4135 0.0000
2.3502 -1.0416 0.0381
2.3341 -1.2831 0.0122
2.2807 -1.5689 0.0027
-1.0659 -0.2326 0.0221
-1.0850 0.2818 0.0241
-1.1379 -0.0495 0.0331
-1.2106 0.1229 0.0433
-1.3901 0.1338 0.0800
-1.4710 0.0692 0.1073
-1.3328 -0.0051 0.0691
-1.2832 -0.2035 0.0520
-1.4027 -0.1129 0.0858
-1.4412 -0.2194 0.0910
-1.3909 -0.3677 0.0626
-1.5250 -0.3804 0.0986
-0.6384 2.5752 0.0000
2.0878 -2.5286 0.0000
2.0706 -2.8082 0.0000
1.8425 -2.9556 0.0000
-4.7230 1.4616 0.0000
4.7693 3.5390 0.0000
4.5064 3.5156 0.0000
4.2243 3.3277 0.0000
-1.4900 -1.4614 0.0011
1.6336 0.5090 0.0722
1.5882 0.3809 0.0798
1.5986 0.2635 0.0967
1.4733 0.2973 0.0608
1.4763 0.1633 0.0706
-2.0048 -0.8199 0.1132
-2.0858 -0.8430 0.1155
-2.1196 -0.9130 0.0934
-2.1670 -0.7993 0.1404
-2.2013 -0.8872 0.1065
-2.2588 -0.9813 0.0751
-2.2618 -0.8151 0.1350
-2.3134 -0.8949 0.1012
-2.4285 -1.0319 0.0523
-2.4431 -1.2925 0.0146
1.5024 -3.4043 0.0000
1.2091 -3.4330 0.0000
0.5827 -1.3394 0.0001
3.9687 0.0009 0.0000
3.6810 -1.8726 0.0000
3.4346 -2.0849 0.0000
3.5405 -2.3283 0.0000
1.0664 0.3660 0.0122
1.3071 0.0769 0.0401
1.0780 0.1050 0.0169
0.9479 -0.1032 0.0110
4.0216 0.6157 0.0000
3.9994 0.3146 0.0000
3.7352 0.1997 0.0000
0.7870 2.2273 0.0000
-3.9833 1.5306 0.0000
-4.1721 1.2998 0.0000
2.9037 -4.2423 0.0000
2.7851 -4.5071 0.0000
3.9763 -0.5733 0.0000
-3.5935 -4.2175 0.0000
-3.6914 -4.4933 0.0000
-3.9706 -4.5323 0.0000
0.9224 -4.0184 0.0000
0.7553 -4.2372 0.0000
1.8949 4.2605 0.0000
3.0739 -3.6807 0.0000
2.5743 3.8945 0.0000
-0.0245 -2.6608 0.0000
-0.2161 -2.8432 0.0000
-0.4518 -2.9766 0.0000
-4.2044 -3.1554 0.0000
-4.4318 -3.3509 0.0000
-3.7200 0.9860 0.0000
-3.6407 0.6303 0.0000
-3.8681 0.7636 0.0000
-4.1878 0.7826 0.0000
3.5758 4.7469 0.0000
4.2134 -4.7518 0.0000
-2.1369 0.9963 0.0716
-2.2065 0.9029 0.1048
-2.2604 1.0593 0.0571
-2.2987 0.9335 0.0926
-2.3098 0.8433 0.1252
-2.4336 0.9906 0.0632
-2.3938 0.8652 0.1071
-0.3895 -1.9330 0.0000
-0.6634 -1.9541 0.0000
-0.6108 -2.1900 0.0000
-0.8467 -2.2493 0.0000
2.0242 1.4668 0.0038
1.7683 1.3494 0.0040
1.5161 1.2348 0.0036
-0.4725 -3.5433 0.0000
-0.5261 -3.2575 0.0000
-0.2182 -3.7056 0.0000
-0.5040 -3.7919 0.0000
4.7630 4.5049 0.0000
-1.3851 -1.1927 0.0036
-0.9060 4.5600 0.0000
0.1310 -4.7523 0.0000
-1.9825 -1.6851 0.0011
-1.5281 3.9700 0.0000
4.0245 1.2033 0.0000
-3.8113 1.7510 0.0000
-2.3647 0.3996 0.3282
-2.4404 0.3310 0.3233
-2.5091 0.2564 0.3033
-2.5767 0.1771 0.2674
-3.8720 1.2584 0.0000
-4.0120 1.0205 0.0000
0.6825 0.6817 0.0021
0.6201 0.4297 0.0031
0.4035 0.6532 0.0016
0.3619 0.3470 0.0024
0.1750 0.1895 0.0024
2.0124 3.7641 0.0000
-2.7749 -2.8255 0.0000
-2.9300 -3.0362 0.0000
-3.1231 -3.2290 0.0000
2.0571 -3.3952 0.0000
1.9943 -3.6734 0.0000
1.8584 -3.9073 0.0000
-2.6645 -4.7585 0.0000
0.7847 -0.3020 0.0057
0.5604 -0.4474 0.0026
-4.1187 4.2226 0.0000
-4.2228 3.9529 0.0000
4.3680 -1.4489 0.0000
4.1066 -1.4249 0.0000
3.8633 -1.4558 0.0000
4.5292 -1.6151 0.0000
4.2294 -1.7267 0.0000
3.9303 -1.6964 0.0000
-1.5436 -1.9882 0.0000
-3.0690 -0.9441 0.0019
-3.1950 -1.2138 0.0001
-1.7228 0.3330 0.1770
-1.7675 0.2469 0.2193
-1.8581 0.2583 0.2674
-1.8312 0.1707 0.2716
-1.9024 0.1005 0.3276
-1.6746 0.2343 0.1743
-1.7329 0.1532 0.2172
-1.6370 0.1415 0.1693
-1.7190 0.0629 0.2189
-1.8076 0.0827 0.2699
-1.8935 0.0094 0.3294
-1.9858 0.0500 0.3851
-1.9703 -0.0434 0.3773
-2.0630 -0.0112 0.4294
-2.1505 0.0203 0.4624
-2.0429 -0.1007 0.4124
-2.1371 -0.0851 0.4533
-2.1817 -0.1715 0.4452
4.7410 -4.5342 0.0000
3.3402 -2.7594 0.0000
3.1079 -2.5857 0.0000
3.1003 -2.8956 0.0000
2.8565 -2.7086 0.0000
2.5825 -2.8271 0.0000
1.7275 2.6796 0.0000
0.7868 4.7666 0.0000
-4.2827 4.4792 0.0000
-4.4045 4.2101 0.0000
-4.7202 4.1963 0.0000
2.4879 2.6010 0.0000
2.4591 2.3221 0.0000
2.1343 2.2846 0.0000
-4.4981 3.9594 0.0000
-4.7580 3.8844 0.0000
1.3216 -1.1286 0.0028
1.1757 -1.3940 0.0004
0.9279 -3.4893 0.0000
0.7483 -3.7467 0.0000
-0.7531 4.7707 0.0000
-1.0612 4.7667 0.0000
3.7685 0.4872 0.0000
3.5098 0.3736 0.0000
2.9111 -2.1232 0.0000
2.8927 -2.4089 0.0000
-1.6719 -1.7497 0.0003
1.9536 4.5191 0.0000
-0.0173 -3.9064 0.0000
-0.2758 -3.9924 0.0000
-0.2331 -4.2403 0.0000
4.0211 1.4946 0.0000
3.7734 1.3447 0.0000
-1.7139 -2.2353 0.0000
-1.8998 -2.4981 0.0000
-3.2070 -2.9544 0.0000
-3.4230 -3.1583 0.0000
0.9950 1.0377 0.0016
0.8310 0.8701 0.0018
-4.4841 2.2114 0.0000
-4.4194 1.9075 0.0000
-4.7089 1.9980 0.0000
-4.7570 1.7400 0.0000
2.3705 3.0779 0.0000
2.0901 3.0155 0.0000
2.0069 2.7481 0.0000
-2.2159 -1.4499 0.0072
-2.4947 -1.5654 0.0027
-2.2685 -1.7138 0.0012
-2.4221 -1.9099 0.0003
-0.6324 -0.9556 0.0007
1.4289 -4.1809 0.0000
4.3628 -0.4366 0.0000
-4.7437 -4.5127 0.0000
-3.2254 1.6654 0.0000
0.2946 3.6365 0.0000
0.0773 3.4499 0.0000
-4.1191 1.8175 0.0000
-4.5113 1.6695 0.0000
-3.3290 1.9138 0.0000
-3.5094 1.6845 0.0000
-0.3789 -0.2499 0.0032
1.6263 -1.6131 0.0006
1.5254 -1.8777 0.0001
1.3346 -1.6408 0.0002
1.2416 -1.9045 0.0000
-0.1603 4.7438 0.0000
-0.3119 4.4622 0.0000
4.7644 4.7657 0.0000
0.8344 3.4741 0.0000
0.5589 3.5357 0.0000
0.3509 3.3358 0.0000
0.1267 3.1770 0.0000
-0.7739 -4.0096 0.0000
-0.7844 -4.2602 0.0000
-1.0654 -4.2533 0.0000
-1.3561 -4.2858 0.0000
4.2559 -2.0410 0.0000
-1.4610 -0.0191 0.1059
-1.5033 -0.1175 0.1188
-1.5482 -0.2012 0.1301
-1.5511 -0.0344 0.1395
-1.6024 -0.1194 0.1590
-1.6475 -0.2046 0.1721
-1.5973 -0.2827 0.1400
-1.5118 -0.2947 0.1064
-1.6106 -0.3702 0.1307
-1.7359 -0.2295 0.2121
-1.6832 -0.3085 0.1723
-1.7726 -0.3248 0.2108
-1.6175 -0.4574 0.1158
-1.7084 -0.4103 0.1611
-1.8059 -0.4091 0.2034
-1.6927 -0.5103 0.1299
-1.7838 -0.4962 0.1676
-1.8925 -0.4470 0.2289
-1.7789 -0.5910 0.1365
-1.8644 -0.5539 0.1781
-1.9446 -0.5256 0.2181
-1.8539 -0.6540 0.1391
-1.9491 -0.6224 0.1789
-1.9305 -0.7133 0.1380
-2.0395 -0.6524 0.1893
-2.0121 -0.7326 0.1484
-2.0930 -0.7523 0.1536
1.0140 -3.7449 0.0000
-2.6403 -1.1249 0.0191
-2.7124 -1.3958 0.0034
-0.6757 3.4662 0.0000
-0.4076 3.3494 0.0000
-0.6369 3.1742 0.0000
-0.8611 3.0087 0.0000
-4.0053 -3.7949 0.0000
-4.0970 -4.0897 0.0000
-3.5024 2.7121 0.0000
-3.4573 2.4388 0.0000
-3.6918 2.2376 0.0000
-3.9073 2.0298 0.0000
1.4735 0.9606 0.0099
0.8443 -2.1782 0.0000
0.6944 -2.4352 0.0000
-3.6661 3.2576 0.0000
-3.6149 2.9970 0.0000
-3.8820 3.0814 0.0000
0.8765 1.7471 0.0000
0.6401 1.6981 0.0000
-3.5828 4.7614 0.0000
-3.4184 4.5099 0.0000
-3.7108 4.5206 0.0000
1.7028 4.4977 0.0000
3.8050 -2.4139 0.0000
2.5467 2.0335 0.0001
2.3124 2.0917 0.0001
2.2781 1.8518 0.0004
1.4636 -2.6504 0.0000
1.1560 -2.6731 0.0000
-0.6241 1.6190 0.0000
-0.7258 1.3517 0.0002
-1.0154 1.3290 0.0005
-0.8397 1.0805 0.0010
-1.1409 1.0313 0.0033
0.3326 -0.2761 0.0022
2.1922 -4.5392 0.0000
-2.7447 1.8669 0.0001
-2.6689 0.5278 0.1190
-2.8219 0.4856 0.0549
-2.7079 0.4126 0.1220
-2.7472 0.3456 0.1095
-2.8487 0.3140 0.0602
4.7595 -2.9659 0.0000
4.7480 -3.2784 0.0000
4.5418 -3.4513 0.0000
1.2757 1.7020 0.0001
1.2693 1.4092 0.0007
-2.0382 -4.3134 0.0000
-4.0169 0.5462 0.0000
-4.2698 0.5244 0.0000
-3.4435 -1.7761 0.0000
-3.4427 -2.0870 0.0000
-3.6856 -2.2756 0.0000
3.5495 -0.3266 0.0000
-1.1819 2.3590 0.0000
-2.8362 4.4443 0.0000
-2.9988 4.2185 0.0000
3.0187 1.1796 0.0009
2.7863 1.0380 0.0091
-0.9267 -4.5121 0.0000
-1.2163 -4.5195 0.0000
2.5148 -4.5630 0.0000
-2.6889 4.2109 0.0000
-2.8431 3.9761 0.0000
0.4544 -3.7353 0.0000
0.2901 -4.0024 0.0000
3.8579 -0.2631 0.0000
-3.8890 4.7577 0.0000
-4.0078 4.5031 0.0000
1.2068 3.6322 0.0000
1.0883 3.4049 0.0000
0.8947 3.1892 0.0000
3.9840 -1.9526 0.0000
3.7466 -2.1355 0.0000
-0.4526 0.5946 0.0022
-0.5593 0.3187 0.0044
-0.8331 0.3061 0.0099
-0.9597 0.0647 0.0175
-4.6913 -1.2717 0.0000
4.2901 -2.3388 0.0000
-3.6842 1.4758 0.0000
-1.5108 -4.5219 0.0000
-1.7175 -4.7380 0.0000
3.3597 -0.1425 0.0001
2.2077 3.5423 0.0000
2.1740 3.2852 0.0000
-0.1227 1.7260 0.0000
-0.3335 1.6135 0.0000
-0.4263 1.3697 0.0001
4.7670 -3.8933 0.0000
-2.2559 4.4839 0.0000
-2.4126 4.2391 0.0000
-0.1058 0.1149 0.0027
4.8063 3.9141 0.0000
4.6256 3.7468 0.0000
4.0286 4.5307 0.0000
3.9205 4.2759 0.0000
3.3827 3.1101 0.0000
3.1426 3.0168 0.0000
2.8944 2.9148 0.0000
2.5623 2.8801 0.0000
2.7390 2.7100 0.0000
1.5821 -3.1499 0.0000
-3.2380 3.7243 0.0000
-3.2816 3.4903 0.0000
-3.3891 3.2443 0.0000
0.4645 4.7504 0.0000
0.2919 4.5339 0.0000
0.1495 4.7680 0.0000
0.4099 1.6283 0.0000
0.5170 1.3870 0.0001
-3.9714 -2.9829 0.0000
-0.6864 -0.4126 0.0052
-0.9556 -0.4554 0.0108
-1.2771 3.9545 0.0000
-3.2999 -4.1557 0.0000
2.3950 -0.7592 0.1019
2.3002 -0.7263 0.1227
2.3355 -0.8520 0.0811
2.2316 -0.7998 0.1006
2.0878 -0.8584 0.0766
2.2013 -0.9264 0.0648
2.1439 -1.1202 0.0280
1.9055 -1.1954 0.0135
1.7368 -1.3464 0.0040
4.7671 2.6380 0.0000
4.5173 2.4961 0.0000
4.4936 2.2484 0.0000
4.2568 2.2326 0.0000
4.0130 2.0779 0.0000
4.0210 1.7889 0.0000
-0.9426 -1.4544 0.0001
-1.0981 -1.7204 0.0000
-4.2111 -1.0007 0.0000
-1.2816 -3.5098 0.0000
-1.5639 -3.4832 0.0000
-1.2644 -3.7646 0.0000
-1.5216 -3.7376 0.0000
-0.3324 -0.9749 0.0004
-0.4923 -1.2099 0.0002
-0.7909 -1.2014 0.0004
3.3561 -0.8618 0.0000
4.7651 -3.5961 0.0000
-1.3970 -1.7153 0.0001
-0.8782 -2.7510 0.0000
-1.0083 -3.0030 0.0000
-2.6732 2.7401 0.0000
-2.9527 2.6406 0.0000
-3.2100 2.4761 0.0000
-3.1844 2.2212 0.0000
3.4872 2.6235 0.0000
3.2627 2.1970 0.0000
-2.1642 -2.3568 0.0000
-2.1560 -2.6396 0.0000
-1.6681 2.5963 0.0000
-1.9319 2.5084 0.0000
-3.1298 -3.5594 0.0000
-3.2321 -3.8470 0.0000
-0.1396 3.2374 0.0000
-0.1399 2.9610 0.0000
-0.3870 3.0474 0.0000
-1.3765 0.8683 0.0151
-1.6495 0.5999 0.0878
-1.6185 0.4796 0.1037
-1.6345 0.3997 0.1254
-1.8881 2.7960 0.0000
-2.1179 2.9851 0.0000
-2.1609 2.7036 0.0000
4.4745 3.2823 0.0000
4.2055 3.0827 0.0000
4.1867 2.8470 0.0000
4.0013 2.6610 0.0000
-3.7787 -2.5071 0.0000
-4.0134 -2.4127 0.0000
-4.2533 -2.2762 0.0000
-4.2660 -2.5693 0.0000
2.2868 2.8076 0.0000
2.2200 2.5353 0.0000
1.9306 2.4792 0.0000
-4.7664 -1.5183 0.0000
2.1442 -4.2769 0.0000
4.7630 0.2141 0.0000
-3.8007 -3.9996 0.0000
-3.8873 -4.2730 0.0000
-4.4181 -4.1534 0.0000
-4.7096 -4.2182 0.0000
0.9185 4.5070 0.0000
0.7446 4.2719 0.0000
2.2933 3.8174 0.0000
1.9230 3.4934 0.0000
-2.2060 2.4334 0.0000
-2.3947 2.8699 0.0000
-2.4404 2.5886 0.0000
-2.7010 2.4366 0.0000
-2.9189 -1.9219 0.0000
-3.1923 -1.9552 0.0000
-3.4179 -2.3749 0.0000
-2.6154 1.1231 0.0205
-2.6130 0.9043 0.0521
-2.4500 0.7830 0.1261
-2.4905 0.8612 0.0901
-2.5588 0.7811 0.0959
-2.5092 0.7193 0.1322
-2.5794 0.6673 0.1230
-2.6517 0.6296 0.1023
-2.6719 0.7515 0.0670
-2.7360 0.6041 0.0720
-4.4701 0.8400 0.0000
-4.7426 0.9826 0.0000
-4.7463 0.7258 0.0000
-4.7567 0.4440 0.0000
0.7785 -3.2392 0.0000
1.3747 0.7242 0.0162
4.2070 -0.6442 0.0000
-0.9142 0.8076 0.0039
-1.1635 0.7331 0.0114
-1.3784 0.6264 0.0335
-1.5379 0.5404 0.0710
-0.9880 0.5293 0.0112
-1.2226 0.4723 0.0284
-1.3148 0.2768 0.0543
-1.4202 0.4249 0.0613
-1.4586 0.2839 0.0865
-1.4786 0.1934 0.1016
-1.5422 0.3128 0.1083
-1.5739 0.2256 0.1318
-1.5448 0.1308 0.1304
-1.5589 0.7292 0.0463
-1.5443 0.4018 0.0952
-1.6304 0.3160 0.1402
3.6616 -0.7788 0.0000
2.6653 -4.7736 0.0000
4.0766 4.0364 0.0000
-0.4573 1.8388 0.0000
0.6151 -3.4906 0.0000
1.4582 4.4559 0.0000
1.1972 4.4745 0.0000
0.0235 2.2174 0.0000
-0.2202 1.9632 0.0000
4.3658 3.8089 0.0000
4.2721 3.5747 0.0000
-1.5971 -2.4943 0.0000
-1.7589 -2.7513 0.0000
2.9588 -0.5805 0.0099
2.9484 -0.8360 0.0051
2.7151 3.4091 0.0000
2.4470 3.3416 0.0000
-0.3920 0.0510 0.0040
-0.5939 -0.1688 0.0057
4.2698 1.9523 0.0000
4.2634 1.6489 0.0000
-2.3993 -2.7859 0.0000
-2.5883 -2.9599 0.0000
-0.6128 4.5120 0.0000
-0.5420 4.2373 0.0000
-0.8192 4.3031 0.0000
-2.9210 0.1477 0.0402
-3.1281 0.0358 0.0050
-2.9952 -0.2289 0.0199
-3.2735 -0.2043 0.0007
1.6499 3.4462 0.0000
1.6746 3.2057 0.0000
-1.2507 -1.9751 0.0000
2.7632 1.6001 0.0006
2.5176 1.4449 0.0038
-0.9444 -1.9863 0.0000
1.9442 0.3655 0.1965
1.9469 0.2675 0.2208
1.9496 0.1675 0.2401
1.8618 0.3225 0.1779
1.7763 0.2701 0.1558
1.8628 0.2216 0.1966
1.7756 0.1743 0.1676
1.7730 0.0861 0.1732
0.3023 -0.5684 0.0013
2.7793 1.8869 0.0001
2.5198 1.7530 0.0006
2.2778 1.5824 0.0022
-2.9793 3.7067 0.0000
-3.0490 3.4400 0.0000
-1.1622 -2.7462 0.0000
-1.2965 -2.9961 0.0000
-3.1119 4.5092 0.0000
-3.2666 4.2663 0.0000
-2.9147 -2.2075 0.0000
-3.1677 -2.2068 0.0000
-3.1449 -2.4628 0.0000
-3.2915 -2.6790 0.0000
-2.5380 -4.3062 0.0000
2.1322 0.0855 0.3111
2.0472 0.0412 0.2901
2.0101 -0.0305 0.2766
1.9194 -0.0409 0.2383
0.2391 -1.9400 0.0000
0.0698 -2.1375 0.0000
-0.1215 -2.3103 0.0000
-4.7638 1.2304 0.0000
-2.2952 -4.1989 0.0000
3.5222 1.4827 0.0000
3.5211 1.1980 0.0000
3.5202 0.9171 0.0000
3.6333 -1.5894 0.0000
3.4019 -1.7849 0.0000
3.1641 -1.9636 0.0000
3.1795 -2.2648 0.0000
-1.4927 3.4551 0.0000
3.6294 -3.1659 0.0000
3.4459 -3.3230 0.0000
0.0493 -2.9595 0.0000
0.0255 -3.2768 0.0000
-2.1173 1.9159 0.0003
0.8283 1.9905 0.0000
0.5803 1.9431 0.0000
1.5699 0.6665 0.0388
4.5335 -4.7399 0.0000
0.3359 -2.9311 0.0000
-2.8323 1.5636 0.0005
-1.7790 -3.9045 0.0000
4.7510 -1.4301 0.0000
4.7628 -1.7373 0.0000
-1.5203 -3.9853 0.0000
-1.5736 -4.2025 0.0000
-1.8209 -4.1703 0.0000
-4.2496 -1.4743 0.0000
-4.2243 -1.7298 0.0000
-2.0289 2.2403 0.0000
-2.2631 2.1268 0.0001
2.6170 0.8987 0.0354
2.4983 0.7700 0.0785
2.3715 0.7951 0.0912
2.4265 0.9442 0.0503
2.2677 0.7727 0.1056
2.1781 0.7688 0.1066
2.2307 0.6798 0.1377
2.1330 0.6689 0.1374
-3.0606 -4.3009 0.0000
-3.3858 -4.4344 0.0000
-3.9204 -3.2640 0.0000
-4.1648 -3.4295 0.0000
0.1270 -2.4264 0.0000
-4.2223 -2.0075 0.0000
-4.4815 -1.7366 0.0000
-4.4700 -1.9732 0.0000
-4.7407 -2.0420 0.0000
3.7120 -2.8933 0.0000
0.7047 -4.7616 0.0000
-1.5874 -2.9995 0.0000
-1.7172 -3.2632 0.0000
4.7571 4.2293 0.0000
4.5787 4.0196 0.0000
-0.7275 -3.5085 0.0000
-0.7571 -3.7578 0.0000
-1.0120 -3.9931 0.0000
-1.2737 -4.0225 0.0000
-1.7210 2.2876 0.0000
-1.8878 2.0320 0.0001
-2.3673 -2.1844 0.0000
-2.6373 -2.3341 0.0000
-2.6415 -2.6295 0.0000
3.4598 -2.9620 0.0000
3.2760 -3.1164 0.0000
0.0549 1.9555 0.0000
0.3366 1.8895 0.0000
0.1316 1.6636 0.0000
3.6530 -0.0593 0.0000
0.2570 -2.6936 0.0000
-3.4584 0.0330 0.0000
-3.7367 -0.1293 0.0000
-3.9826 -0.2479 0.0000
-3.3694 1.3957 0.0000
-3.5866 1.2075 0.0000
0.6045 -3.9876 0.0000
0.4885 -4.2432 0.0000
0.2406 -4.2855 0.0000
-4.5593 -0.6977 0.0000
-2.6417 4.7686 0.0000
-2.8218 4.6593 0.0000
-4.5002 -2.2227 0.0000
-4.7612 -2.3409 0.0000
-1.7508 3.6644 0.0000
-2.0234 3.5979 0.0000
-2.2862 3.4446 0.0000
-3.4355 -3.6477 0.0000
-1.8671 0.9094 0.0644
-1.9917 0.9580 0.0696
-2.0034 0.8445 0.1056
-2.0953 0.8843 0.1043
-1.9947 0.7507 0.1378
-2.0809 0.7777 0.1435
-2.0900 0.6885 0.1842
-2.1571 0.8232 0.1334
-2.1782 0.7244 0.1789
-2.2419 0.8099 0.1421
-2.2756 0.7315 0.1765
-2.1526 0.6171 0.2294
-2.2429 0.6408 0.2227
0.7269 -1.8922 0.0000
0.5723 -2.1565 0.0000
0.7940 -1.1253 0.0005
-4.7481 -2.9286 0.0000
-4.7386 -3.1966 0.0000
-4.7011 -3.4177 0.0000
2.0916 4.0308 0.0000
-4.7257 -0.4564 0.0000
-4.7807 -0.7690 0.0000
1.3796 3.3850 0.0000
1.4584 3.1248 0.0000
1.0578 -2.9417 0.0000
0.7997 -2.9817 0.0000
3.7714 -1.0310 0.0000
3.5210 -1.0527 0.0000
3.3146 -1.2102 0.0000
-1.0454 1.8592 0.0000
-1.2194 1.5852 0.0002
0.0848 -1.2042 0.0001
-0.1884 -1.2201 0.0001
-0.3443 -1.4547 0.0000
-0.0251 -1.4888 0.0000
-0.2346 -1.7045 0.0000
-0.5217 -1.6923 0.0000
1.0989 1.8866 0.0000
-1.0852 -1.1938 0.0010
-3.7795 -0.7243 0.0000
-3.9237 -1.0120 0.0000
0.4665 4.3609 0.0000
0.2031 4.2426 0.0000
1.9753 0.6196 0.1299
1.9099 0.5287 0.1416
1.8604 0.4323 0.1527
1.8223 0.5304 0.1174
1.7601 0.4659 0.1143
1.7795 0.3684 0.1401
1.6928 0.4045 0.1059
1.6899 0.3117 0.1197
-4.5070 -1.4969 0.0000
-2.9568 -4.7525 0.0000
2.3182 -2.9657 0.0000
2.0872 -3.1143 0.0000
1.8163 -3.2256 0.0000
1.7620 -3.4806 0.0000
1.1961 -0.1533 0.0261
1.2537 -0.4221 0.0231
1.0253 -0.3679 0.0113
-1.5577 0.0454 0.1408
-1.6370 0.0536 0.1763
-1.6428 -0.0331 0.1810
-1.7274 -0.0211 0.2265
-1.7056 -0.1224 0.2097
-1.8004 -0.1650 0.2585
-1.8349 -0.2550 0.2607
-1.8131 0.0027 0.2781
-1.7993 -0.0823 0.2671
-1.8832 -0.0855 0.3197
-1.9663 -0.1406 0.3635
-1.8909 -0.1798 0.3105
-1.8737 -0.3439 0.2563
-1.9368 -0.2654 0.3151
-1.9671 -0.3651 0.2950
-1.9999 -0.4550 0.2702
-2.0086 -0.2105 0.3704
-2.0838 -0.1726 0.4163
-2.0395 -0.2961 0.3560
-2.1169 -0.2499 0.4034
-2.0692 -0.3888 0.3271
-2.0273 -0.5554 0.2321
-2.1690 -0.4263 0.3331
-2.1445 -0.3354 0.3745
-2.2136 -0.2686 0.4143
-2.2432 -0.3648 0.3698
-2.3455 -0.3960 0.3363
-2.2678 -0.4587 0.3184
-2.3631 -0.4991 0.2779
-2.0945 -0.4860 0.2860
-2.1152 -0.5846 0.2388
-2.1302 -0.6813 0.1918
-2.2812 -0.5547 0.2641
-2.1892 -0.5205 0.2840
-2.2045 -0.6185 0.2311
-2.2922 -0.6510 0.2113
-2.2161 -0.7202 0.1790
-2.3155 -0.7379 0.1658
-4.4080 -1.2210 0.0000
-0.2127 -2.5077 0.0000
-0.4747 -2.4248 0.0000
-0.3895 -2.6726 0.0000
-0.6052 -2.7466 0.0000
1.2125 0.5487 0.0143
-0.7266 3.7490 0.0000
-0.9572 3.5737 0.0000
3.2172 -0.3915 0.0008
2.9170 -0.3771 0.0215
-4.7524 4.7594 0.0000
-4.2779 -3.8965 0.0000
-4.5266 -3.8908 0.0000
-1.6911 0.5141 0.1199
-1.7153 0.4231 0.1516
-1.7811 0.5008 0.1570
-1.8035 0.4152 0.1927
-1.8190 0.3356 0.2242
-1.9047 0.3599 0.2612
-1.9359 0.2819 0.3047
-2.0203 0.2421 0.3630
-1.9280 0.1920 0.3259
-2.0955 0.1777 0.4172
-2.0034 0.1427 0.3814
-2.0798 0.0839 0.4308
-2.1753 0.1153 0.4563
-2.2458 0.0482 0.4713
-2.2136 -0.0424 0.4721
1.1250 -2.1745 0.0000
0.9867 -2.4382 0.0000
3.9168 -3.9089 0.0000
3.7256 -4.0573 0.0000
3.6068 -4.3099 0.0000
3.4513 -4.5270 0.0000
3.7459 -0.5225 0.0000
4.4869 4.2802 0.0000
4.3182 4.0488 0.0000
-4.2607 1.5910 0.0000
-4.4501 1.3776 0.0000
-4.2830 1.0589 0.0000
-4.5162 1.1440 0.0000
3.1739 -0.6762 0.0008
3.1440 -1.0195 0.0004
0.0303 3.7377 0.0000
-1.4988 3.7305 0.0000
2.6378 -1.6773 0.0006
2.6499 -1.9690 0.0001
-2.8532 0.7395 0.0229
-3.0586 0.6070 0.0049
-3.0482 0.3567 0.0094
-3.2760 0.2750 0.0005
-3.3388 0.5597 0.0001
-3.5351 0.3400 0.0000
-3.7443 0.1488 0.0000
0.2485 3.9389 0.0000
-2.4349 2.3035 0.0000
-2.6295 2.1472 0.0000
-3.4867 -2.8849 0.0000
-3.6964 -3.0945 0.0000
4.5932 -2.4716 0.0000
4.3965 -2.5687 0.0000
4.2163 -2.7476 0.0000
4.0044 -2.8735 0.0000
4.4965 -1.8935 0.0000
4.5159 -2.1984 0.0000
-0.6509 -1.4511 0.0001
-0.8105 -1.7100 0.0000
4.5170 1.5115 0.0000
-4.5008 -2.7714 0.0000
-4.4862 -3.0709 0.0000
1.6432 2.4128 0.0000
1.4236 2.2862 0.0000
1.2241 2.3999 0.0000
-4.1917 4.7493 0.0000
-4.5478 4.4530 0.0000
-1.7953 3.3858 0.0000
-1.8552 3.0851 0.0000
-2.0639 3.2829 0.0000
-2.3396 3.1558 0.0000
4.5351 4.5131 0.0000
-0.1726 2.4796 0.0000
-0.4350 2.4033 0.0000
-1.6682 -1.2449 0.0074
-1.7286 -1.5234 0.0016
-2.2755 1.6894 0.0017
-2.3624 1.4328 0.0078
2.2109 -3.8298 0.0000
2.0602 -4.0281 0.0000
2.2806 0.8867 0.0724
2.1577 0.8820 0.0728
2.0525 0.8419 0.0760
-4.2922 -0.7338 0.0000
-4.5004 -0.9617 0.0000
1.6608 0.8439 0.0296
-1.4998 -0.7387 0.0371
-1.4714 -0.9596 0.0147
-1.6711 -1.0144 0.0233
3.2827 0.4840 0.0003
2.7889 0.2027 0.0688
2.7768 0.0830 0.0789
2.6993 0.0781 0.1198
2.7478 -0.0264 0.0942
2.6518 -0.0456 0.1492
-2.4441 1.9317 0.0002
-2.5545 1.6527 0.0013
-2.8197 -4.4913 0.0000
-3.1427 -4.5324 0.0000
-3.2470 -4.7636 0.0000
-3.6368 -3.4028 0.0000
-3.9171 -3.5377 0.0000
-0.3278 -4.5078 0.0000
-0.4708 -4.7573 0.0000
-0.7793 -4.7598 0.0000
3.0080 -3.1913 0.0000
2.6936 -0.8959 0.0246
2.5738 -1.1414 0.0148
2.5302 -1.4549 0.0033
-2.2214 0.5444 0.2738
-2.3138 0.5654 0.2562
-2.2932 0.4694 0.3102
-2.4617 0.4276 0.2716
-2.3359 0.6605 0.2042
-2.4065 0.5909 0.2207
-2.3880 0.4953 0.2731
-2.3567 0.7658 0.1521
-2.4216 0.6894 0.1714
-2.4968 0.6213 0.1739
-2.5818 0.5600 0.1562
-2.4835 0.5251 0.2192
-2.5573 0.4579 0.2043
-2.6424 0.4644 0.1501
-2.5334 0.3563 0.2545
-2.5986 0.2743 0.2293
2.0346 -4.7666 0.0000
1.9158 -4.5069 0.0000
1.7363 -4.7343 0.0000
0.0450 -0.6662 0.0008
0.2647 -0.8750 0.0005
-0.0214 -0.9553 0.0003
-0.2212 -0.7266 0.0008
4.0841 3.7921 0.0000
3.8074 3.7333 0.0000
3.5339 3.6514 0.0000
3.9974 3.5165 0.0000
3.7329 3.4292 0.0000
3.4710 3.3659 0.0000
-3.5096 -3.9375 0.0000
-2.9998 1.7747 0.0000
2.0954 0.7545 0.1055
2.0331 0.6938 0.1169
2.0707 0.6005 0.1536
2.0042 0.5351 0.1629
3.8003 -1.2622 0.0000
3.5717 -1.3203 0.0000
3.3458 -1.4926 0.0000
3.1307 -1.6619 0.0000
-3.5161 -0.2703 0.0000
-3.4711 -0.5149 0.0000
-1.4956 1.4280 0.0016
-1.8973 1.3210 0.0104
-2.0018 1.1270 0.0346
-1.6586 1.2371 0.0079
-1.7924 1.0626 0.0285
4.5004 4.7610 0.0000
4.2302 -0.9013 0.0000
1.7740 -0.3204 0.1420
1.6875 -0.3459 0.1089
1.6160 -0.4119 0.0795
1.4702 -0.4664 0.0449
1.7422 -0.4187 0.1132
1.6635 -0.5052 0.0769
1.5733 -0.6418 0.0417
1.3429 -0.6627 0.0178
-0.6903 0.0733 0.0074
-0.8528 -0.1711 0.0113
-1.5914 1.9887 0.0001
-1.7858 1.8008 0.0004
1.8405 2.2119 0.0000
1.5991 2.0976 0.0000
1.3224 2.0334 0.0000
-2.0583 -4.0292 0.0000
-2.5281 -4.0330 0.0000
-2.9703 -0.6757 0.0113
-1.7500 0.8284 0.0624
-1.8393 0.7599 0.0977
-1.8102 0.6777 0.1138
-1.9171 0.8032 0.1025
-1.9115 0.6922 0.1383
-2.0059 0.6706 0.1730
-1.9544 0.5958 0.1889
-1.7101 0.7055 0.0803
-1.7611 0.5920 0.1232
-1.8615 0.6024 0.1541
-1.8554 0.5241 0.1793
-1.9408 0.5134 0.2180
-1.8818 0.4404 0.2209
-1.9835 0.4246 0.2736
-2.0579 0.5939 0.2216
-2.0274 0.5133 0.2506
-2.1280 0.5164 0.2775
-2.0784 0.4374 0.3044
-2.0038 0.3377 0.3194
-2.0775 0.3512 0.3448
-2.1034 0.2774 0.3857
-2.1529 0.3915 0.3472
2.1671 4.2926 0.0000
4.7626 1.3961 0.0000
-2.2417 -4.4959 0.0000
3.3698 -3.6346 0.0000
3.2536 -3.8972 0.0000
-1.9314 -1.3839 0.0071
-2.1425 -1.9800 0.0002
2.7266 4.4770 0.0000
-1.2819 1.2912 0.0015
-1.4526 1.1078 0.0073
-1.6204 0.9351 0.0283
3.1764 0.0283 0.0020
2.9281 0.0484 0.0267
3.0509 -0.1785 0.0077
-4.7367 -1.7685 0.0000
3.8879 4.7642 0.0000
3.7424 4.5090 0.0000
4.7556 0.4867 0.0000
-3.9944 3.2978 0.0000
-4.2135 3.1446 0.0000
-4.0603 2.8908 0.0000
-4.3207 2.8877 0.0000
-4.2417 -0.2314 0.0000
-4.5080 -0.2366 0.0000
3.9351 2.9603 0.0000
3.7254 2.7951 0.0000
1.6892 0.2136 0.1313
1.6848 0.1112 0.1373
1.6678 0.0121 0.1333
1.6344 -0.0924 0.1186
1.5984 0.1723 0.1043
1.5870 0.0801 0.1049
1.5745 -0.0159 0.1016
1.4746 0.0289 0.0740
1.3961 -0.0954 0.0554
1.5288 -0.1041 0.0857
-1.8460 -0.9055 0.0618
-1.9930 -0.9283 0.0763
-2.1056 -1.2362 0.0223
-2.1092 -1.0321 0.0581
-2.2782 -1.1594 0.0343
2.6897 4.7622 0.0000
3.4302 -4.1235 0.0000
3.2879 -4.3626 0.0000
-1.0844 -4.7619 0.0000
-1.3950 -4.7634 0.0000
-4.4881 4.7254 0.0000
-4.7758 4.5031 0.0000
0.4369 -4.7503 0.0000
-0.1890 3.5399 0.0000
1.9210 3.2444 0.0000
1.8061 2.9693 0.0000
1.0961 4.7488 0.0000
3.9210 -3.1215 0.0000
3.7901 -3.3725 0.0000
3.5978 -3.5240 0.0000
-4.7576 -2.6399 0.0000
4.7537 -2.0318 0.0000
4.7830 -2.3277 0.0000
0.9888 3.7170 0.0000
0.7500 3.7516 0.0000
0.5059 3.8274 0.0000
-3.5633 4.2565 0.0000
-3.8316 4.2801 0.0000
-3.9098 4.0446 0.0000
-3.2502 -0.7217 0.0004
-3.3598 -0.9883 0.0000
0.5678 -2.9767 0.0000
0.5128 -3.2262 0.0000
-1.2449 3.6752 0.0000
-0.8997 3.2999 0.0000
-1.1882 3.4047 0.0000
-1.3595 3.1826 0.0000
1.5381 -0.2002 0.0826
1.5550 -0.3129 0.0768
1.3980 -0.2670 0.0485
2.4902 4.6241 0.0000
2.3841 0.6159 0.1465
2.3828 0.5208 0.1802
2.3046 0.4729 0.2113
2.2296 0.4087 0.2396
2.5717 0.4885 0.1272
2.4802 0.4694 0.1682
2.3912 0.4234 0.2119
2.3116 0.3700 0.2473
2.4736 0.3705 0.1994
2.3938 0.3216 0.2433
2.3368 0.2509 0.2787
2.2746 0.2973 0.2753
2.1956 0.3319 0.2649
2.2149 0.2292 0.2960
2.1267 0.1786 0.2961
2.1207 0.2723 0.2726
2.0351 0.2215 0.2620
4.7587 0.7808 0.0000
-0.0943 1.4252 0.0000
-0.2357 1.1538 0.0002
-0.5395 1.1091 0.0004
-0.0737 0.9166 0.0005
-0.3522 0.8719 0.0008
-0.6377 0.8400 0.0016
-0.7266 0.5681 0.0046
4.3660 -4.5340 0.0000
4.2611 0.4604 0.0000
4.2334 0.1649 0.0000
1.4650 -3.6419 0.0000
1.2440 -3.6713 0.0000
1.0768 2.1739 0.0000
-0.3514 2.7223 0.0000
-0.6110 2.8677 0.0000
1.8127 3.9934 0.0000
4.3646 -4.1903 0.0000
3.4585 4.4686 0.0000
0.0730 -0.3736 0.0015
-0.1895 -0.4642 0.0015
