5.0000 5.0000 0.0000
0.0000 5.0000 0.0000
2.5000 5.0000 0.0000
3.7500 5.0000 0.0000
4.3750 5.0000 0.0000
4.6875 5.0000 0.0000
4.0625 5.0000 0.0000
3.1250 5.0000 0.0000
3.4375 5.0000 0.0000
2.8125 5.0000 0.0000
1.2500 5.0000 0.0000
1.8750 5.0000 0.0000
2.1875 5.0000 0.0000
1.5625 5.0000 0.0000
0.6250 5.0000 0.0000
0.9375 5.0000 0.0000
0.3125 5.0000 0.0000
-2.5000 5.0000 0.0000
-1.2500 5.0000 0.0000
-0.6250 5.0000 0.0000
-0.3125 5.0000 0.0000
-0.9375 5.0000 0.0000
-1.8750 5.0000 0.0000
-1.5625 5.0000 0.0000
-2.1875 5.0000 0.0000
-3.7500 5.0000 0.0000
-3.1250 5.0000 0.0000
-2.8125 5.0000 0.0000
-3.4375 5.0000 0.0000
-4.3750 5.0000 0.0000
-4.0625 5.0000 0.0000
-4.6875 5.0000 0.0000
5.0000 -5.0000 0.0000
5.0000 0.0000 0.0000
5.0000 -2.5000 0.0000
5.0000 -3.7500 0.0000
5.0000 -4.3750 0.0000
5.0000 -4.6875 0.0000
5.0000 -4.0625 0.0000
5.0000 -3.1250 0.0000
5.0000 -3.4375 0.0000
5.0000 -2.8125 0.0000
5.0000 -1.2500 0.0000
5.0000 -1.8750 0.0000
5.0000 -2.1875 0.0000
5.0000 -1.5625 0.0000
5.0000 -0.6250 0.0000
5.0000 -0.9375 0.0000
5.0000 -0.3125 0.0000
5.0000 2.5000 0.0000
5.0000 1.2500 0.0000
5.0000 0.6250 0.0000
5.0000 0.3125 0.0000
5.0000 0.9375 0.0000
5.0000 1.8750 0.0000
5.0000 1.5625 0.0000
5.0000 2.1875 0.0000
5.0000 3.7500 0.0000
5.0000 3.1250 0.0000
5.0000 2.8125 0.0000
5.0000 3.4375 0.0000
5.0000 4.3750 0.0000
5.0000 4.0625 0.0000
5.0000 4.6875 0.0000
-5.0000 -5.0000 0.0000
0.0000 -5.0000 0.0000
-2.5000 -5.0000 0.0000
-3.7500 -5.0000 0.0000
-4.3750 -5.0000 0.0000
-4.6875 -5.0000 0.0000
-4.0625 -5.0000 0.0000
-3.1250 -5.0000 0.0000
-3.4375 -5.0000 0.0000
-2.8125 -5.0000 0.0000
-1.2500 -5.0000 0.0000
-1.8750 -5.0000 0.0000
-2.1875 -5.0000 0.0000
-1.5625 -5.0000 0.0000
-0.6250 -5.0000 0.0000
-0.9375 -5.0000 0.0000
-0.3125 -5.0000 0.0000
2.5000 -5.0000 0.0000
1.2500 -5.0000 0.0000
0.6250 -5.0000 0.0000
0.3125 -5.0000 0.0000
0.9375 -5.0000 0.0000
1.8750 -5.0000 0.0000
1.5625 -5.0000 0.0000
2.1875 -5.0000 0.0000
3.7500 -5.0000 0.0000
3.1250 -5.0000 0.0000
2.8125 -5.0000 0.0000
3.4375 -5.0000 0.0000
4.3750 -5.0000 0.0000
4.0625 -5.0000 0.0000
4.6875 -5.0000 0.0000
-5.0000 5.0000 0.0000
-5.0000 0.0000 0.0000
-5.0000 2.5000 0.0000
-5.0000 3.7500 0.0000
-5.0000 4.3750 0.0000
-5.0000 4.6875 0.0000
-5.0000 4.0625 0.0000
-5.0000 3.1250 0.0000
-5.0000 3.4375 0.0000
-5.0000 2.8125 0.0000
-5.0000 1.2500 0.0000
-5.0000 1.8750 0.0000
-5.0000 2.1875 0.0000
-5.0000 1.5625 0.0000
-5.0000 0.6250 0.0000
-5.0000 0.9375 0.0000
-5.0000 0.3125 0.0000
-5.0000 -2.5000 0.0000
-5.0000 -1.2500 0.0000
-5.0000 -0.6250 0.0000
-5.0000 -0.3125 0.0000
-5.0000 -0.9375 0.0000
-5.0000 -1.8750 0.0000
-5.0000 -1.5625 0.0000
-5.0000 -2.1875 0.0000
-5.0000 -3.7500 0.0000
-5.0000 -3.1250 0.0000
-5.0000 -2.8125 0.0000
-5.0000 -3.4375 0.0000
-5.0000 -4.3750 0.0000
-5.0000 -4.0625 0.0000
-5.0000 -4.6875 0.0000
4.7609 0.1157 0.0000
4.5206 -0.0453 0.0000
1.7157 3.2016 0.0000
1.5153 3.0041 0.0000
1.3850 2.7231 0.0000
1.2494 2.9540 0.0000
1.0793 2.7673 0.0000
3.2444 1.1278 0.0001
3.3985 0.8819 0.0000
2.3150 3.4061 0.0000
-1.2183 2.8903 0.0000
3.6661 1.3932 0.0000
3.5907 -2.2764 0.0000
3.4871 -2.5569 0.0000
4.2074 1.8777 0.0000
4.1237 1.6190 0.0000
3.9078 1.8320 0.0000
3.8273 1.5688 0.0000
4.3017 4.5340 0.0000
3.9818 2.0993 0.0000
2.0771 3.4723 0.0000
1.9849 3.2094 0.0000
-1.5215 -2.7138 0.0000
-1.3934 -2.9623 0.0000
-1.5483 -3.1940 0.0000
4.7385 1.1466 0.0000
1.0605 2.0221 0.0000
-3.4808 -1.8672 0.0000
1.9089 -3.3423 0.0000
1.6644 -3.5319 0.0000
-2.7028 -2.5249 0.0000
-0.7677 4.7508 0.0000
-1.4972 2.8013 0.0000
-1.7733 2.7406 0.0000
-4.0101 4.0057 0.0000
-0.1817 -3.4027 0.0000
-0.3186 -3.6378 0.0000
-1.5417 -1.1246 0.0089
2.2332 3.1676 0.0000
2.0817 -2.0396 0.0001
3.5004 0.3844 0.0000
-3.5023 -3.2048 0.0000
-1.6704 3.8167 0.0000
-1.7901 3.5712 0.0000
-2.0585 3.5424 0.0000
-2.3229 3.4797 0.0000
0.9811 -3.0728 0.0000
1.1628 -3.2440 0.0000
1.1865 -3.5270 0.0000
0.9353 -3.6387 0.0000
4.2272 4.0617 0.0000
4.4965 4.7473 0.0000
4.5431 -1.5771 0.0000
0.8068 -2.9007 0.0000
-3.5411 -4.2732 0.0000
2.2838 2.1952 0.0000
1.0448 1.7641 0.0000
0.9709 3.3791 0.0000
-0.5113 -0.4783 0.0027
4.7576 0.6546 0.0000
4.7531 -3.8820 0.0000
-4.4808 -2.2021 0.0000
-4.7446 -2.3480 0.0000
-4.2085 1.7531 0.0000
-4.5041 1.8286 0.0000
-2.4717 -4.2626 0.0000
-2.7154 -4.2862 0.0000
3.2865 -4.7651 0.0000
-0.4230 -0.9733 0.0004
1.0781 -1.9959 0.0000
0.8414 -1.8619 0.0000
0.8130 -2.1450 0.0000
0.5963 -2.3600 0.0000
-3.5512 -1.1641 0.0000
-3.8493 -1.1940 0.0000
-3.9774 -1.4550 0.0000
1.3156 -1.8197 0.0001
0.1522 4.7642 0.0000
0.0001 4.5185 0.0000
-1.9879 -1.3630 0.0086
-2.1177 -1.6544 0.0017
4.5021 -3.4232 0.0000
4.0032 -0.0576 0.0000
2.1537 -3.1928 0.0000
2.1767 -3.4856 0.0000
-1.0527 3.4323 0.0000
-1.1479 3.1736 0.0000
-1.4252 3.0758 0.0000
-1.3514 3.3419 0.0000
-1.6280 3.2789 0.0000
-1.7010 3.0081 0.0000
-1.9609 3.8078 0.0000
-2.2410 3.7650 0.0000
3.4241 -1.7813 0.0000
-1.0580 0.8436 0.0052
-3.2637 -3.3294 0.0000
-3.5707 -3.4803 0.0000
3.3820 -2.0584 0.0000
3.0842 -2.2801 0.0000
0.3076 -1.9801 0.0000
0.0636 -1.8493 0.0000
1.5733 -1.7109 0.0003
-3.2301 -3.0673 0.0000
0.5941 1.0483 0.0006
1.5200 1.5870 0.0006
-0.7983 -1.3810 0.0001
3.2897 -3.0807 0.0000
-0.2278 -0.4242 0.0018
-0.3319 -0.6980 0.0010
-4.5260 1.5670 0.0000
-4.7532 1.4069 0.0000
4.7560 2.0351 0.0000
-2.8413 -1.4397 0.0012
-3.2663 -1.6612 0.0000
0.6249 0.1329 0.0045
0.3966 -0.0218 0.0030
-3.9754 -1.9662 0.0000
-4.0032 -4.5127 0.0000
-2.6295 0.9821 0.0343
1.8541 -1.3085 0.0070
-3.4428 0.3906 0.0000
-2.7141 -3.1618 0.0000
-2.9871 -3.2536 0.0000
-3.0547 -3.5338 0.0000
-2.5230 -0.6314 0.1507
-2.5543 -0.7038 0.1145
-2.6449 -0.7557 0.0716
-2.4838 -0.7536 0.1196
-2.5426 -0.8456 0.0771
-2.2230 -0.7779 0.1457
-2.3156 -0.8087 0.1289
-2.3768 -0.7307 0.1534
-2.4124 -0.8103 0.1153
-2.4266 -0.9022 0.0827
-2.5183 -1.0242 0.0424
-2.7159 -0.9509 0.0265
-2.9628 -1.1818 0.0018
-3.1139 -1.4264 0.0001
2.7922 -1.7109 0.0002
2.6598 -2.0018 0.0001
2.5376 -1.7933 0.0004
2.3233 -1.9619 0.0002
-1.3703 1.2414 0.0027
-1.4929 0.9941 0.0136
-1.5798 0.7656 0.0428
-1.9110 1.7251 0.0009
2.9400 4.7602 0.0000
2.8903 -2.4780 0.0000
2.6444 -2.6286 0.0000
-2.6794 -4.7707 0.0000
2.9953 1.2029 0.0010
2.8246 0.9743 0.0095
1.8619 0.4987 0.1442
1.7229 0.4395 0.1152
1.6022 0.4376 0.0804
1.9135 0.4135 0.1838
1.8091 0.4173 0.1480
1.7612 0.3359 0.1482
1.6866 0.3653 0.1173
1.6485 0.2980 0.1149
1.5749 0.3278 0.0882
1.7169 0.2488 0.1455
1.6216 0.2159 0.1152
1.5324 0.2387 0.0853
1.5811 0.1329 0.1077
1.4441 0.1565 0.0676
1.4275 -0.0129 0.0674
1.3086 -0.1533 0.0421
0.3818 0.2378 0.0027
0.1451 -0.0875 0.0022
-2.4618 -2.3654 0.0000
-1.2896 2.6135 0.0000
-1.5670 2.2495 0.0000
4.7713 2.6635 0.0000
4.5905 2.4983 0.0000
4.7837 2.3359 0.0000
1.9214 1.1655 0.0162
1.6627 1.1798 0.0076
-2.9407 -2.3643 0.0000
-2.9469 -2.6691 0.0000
-2.7132 3.8057 0.0000
-2.8076 3.5477 0.0000
-3.2832 4.4326 0.0000
-2.9620 1.7249 0.0001
-3.1600 1.5235 0.0000
4.2822 -0.1887 0.0000
4.0513 -0.3163 0.0000
-1.6882 -3.4253 0.0000
0.2089 1.4380 0.0000
-0.0522 2.6316 0.0000
0.8043 0.5712 0.0039
0.5885 0.4368 0.0031
-3.0583 -4.0282 0.0000
-3.3717 -4.0193 0.0000
2.1858 1.2158 0.0180
2.1012 1.0156 0.0429
3.9201 -4.2906 0.0000
-2.9328 4.7732 0.0000
-3.0226 4.5266 0.0000
-3.2212 4.7262 0.0000
-3.4534 4.7619 0.0000
-0.2169 1.0976 0.0003
4.4934 -0.6535 0.0000
-0.4643 -4.7295 0.0000
4.5420 -2.3585 0.0000
4.5073 -2.5978 0.0000
-1.7069 -2.4200 0.0000
-1.7613 -2.6659 0.0000
-1.9943 -2.6620 0.0000
1.3706 -3.0863 0.0000
-0.6941 -1.0727 0.0005
-0.9746 -1.1229 0.0011
-0.2999 4.4956 0.0000
-0.4355 4.2351 0.0000
-0.5885 4.0082 0.0000
-1.1158 -1.3594 0.0005
-1.4151 -1.3654 0.0015
4.5056 0.5327 0.0000
4.2412 0.6316 0.0000
-1.9467 -0.7402 0.1260
-1.9670 -0.8220 0.1015
-2.0061 -0.6280 0.1846
-2.0277 -0.7222 0.1496
-2.0567 -0.8120 0.1191
-2.1278 -0.7467 0.1541
-2.0229 -0.9177 0.0793
-2.1163 -0.9147 0.0891
-2.1474 -0.8390 0.1179
-2.2315 -0.8800 0.1051
-2.1842 -0.9949 0.0683
-2.3240 -0.9083 0.0918
-2.3317 -1.0423 0.0543
-2.1951 -1.2056 0.0262
-2.4351 -1.2306 0.0198
-4.7807 -4.5090 0.0000
-1.2751 0.3889 0.0384
-1.4730 0.2778 0.0877
-1.3734 0.2391 0.0661
-1.4591 0.1450 0.0950
-1.5221 0.0806 0.1197
-1.6070 0.0337 0.1559
-1.6141 -0.0609 0.1595
3.3588 -3.8075 0.0000
3.1838 -4.0453 0.0000
2.8873 -3.9819 0.0000
0.7349 1.5685 0.0001
0.5370 1.3586 0.0001
-1.2933 1.5621 0.0003
-1.5108 1.4587 0.0013
-1.6462 1.2176 0.0082
-1.2629 -3.7054 0.0000
3.6828 2.0347 0.0000
2.6687 2.9407 0.0000
-4.0537 2.0066 0.0000
-3.5171 -3.7649 0.0000
-3.7784 -3.7918 0.0000
-0.6427 -4.1684 0.0000
-0.9100 -4.3262 0.0000
-2.4553 -4.0050 0.0000
-2.3298 4.7551 0.0000
-2.6321 -3.7632 0.0000
-2.7527 -4.0333 0.0000
-2.9725 -4.2774 0.0000
1.2729 3.4966 0.0000
-2.3973 1.6158 0.0024
-2.5812 1.4078 0.0052
4.4873 1.9300 0.0000
4.2629 2.1584 0.0000
1.7970 2.4336 0.0000
3.4426 -3.3198 0.0000
-4.7392 3.8167 0.0000
-4.7413 3.5550 0.0000
-4.7494 3.2558 0.0000
-1.2517 -2.6982 0.0000
-1.1157 -2.9690 0.0000
-1.2586 -3.2282 0.0000
-4.5155 4.7514 0.0000
-4.3996 4.4873 0.0000
-4.7870 4.7857 0.0000
-4.7073 4.5273 0.0000
-4.7277 4.2843 0.0000
-3.8346 -4.2670 0.0000
-4.1222 -4.2569 0.0000
-4.2852 -1.4353 0.0000
-4.3946 -1.6938 0.0000
4.7547 0.3973 0.0000
4.5093 0.2420 0.0000
4.2598 0.0850 0.0000
4.4680 -3.7245 0.0000
4.2938 -3.9840 0.0000
-3.4574 -2.6332 0.0000
-3.7450 -3.0093 0.0000
2.3863 -2.4777 0.0000
2.1447 -2.5970 0.0000
-1.5285 4.0559 0.0000
-1.8348 4.0525 0.0000
-0.1993 -3.9523 0.0000
-0.3527 -4.1573 0.0000
-0.4561 -4.3868 0.0000
3.9581 4.2399 0.0000
3.7159 4.1135 0.0000
0.5577 1.8685 0.0000
0.4717 1.6310 0.0000
3.2959 4.7819 0.0000
4.2369 3.7944 0.0000
3.9866 3.6641 0.0000
2.3863 -4.7374 0.0000
3.1547 -3.3118 0.0000
-1.7942 2.2135 0.0000
-3.8128 -3.5600 0.0000
2.6515 4.7754 0.0000
2.6448 4.5605 0.0000
-2.9092 2.2192 0.0000
-3.0789 1.9934 0.0000
4.2101 -1.0896 0.0000
4.1252 -1.3625 0.0000
4.2930 -1.5839 0.0000
-0.3974 0.5507 0.0021
-3.6929 2.2874 0.0000
-3.9659 2.2638 0.0000
-2.8399 -4.5354 0.0000
2.4112 4.4401 0.0000
2.1818 4.2347 0.0000
2.3525 4.7321 0.0000
2.1439 4.5065 0.0000
4.0164 4.5110 0.0000
0.8621 -2.4539 0.0000
0.6317 -2.6662 0.0000
0.5670 -2.9782 0.0000
0.3575 -2.8170 0.0000
4.7570 3.7675 0.0000
4.5011 3.6761 0.0000
4.2470 3.5153 0.0000
4.3358 2.4518 0.0000
-4.1800 1.2496 0.0000
-4.2627 0.9964 0.0000
-4.4293 0.7476 0.0000
-4.4707 0.5123 0.0000
4.5218 -0.3450 0.0000
-4.1383 0.7362 0.0000
-4.2196 0.4636 0.0000
-4.5069 0.2724 0.0000
-4.7511 0.3275 0.0000
3.6259 -1.2139 0.0000
-2.0657 -3.6824 0.0000
0.3358 -4.0131 0.0000
1.3677 -4.7622 0.0000
-1.5682 0.3735 0.1038
-1.6400 0.3194 0.1386
-1.5551 0.2843 0.1125
-1.7140 0.1723 0.1966
-1.5325 0.1913 0.1153
-1.6260 0.2216 0.1483
-1.6068 0.1309 0.1501
-1.6913 0.0817 0.1942
-1.6991 -0.0056 0.2016
-3.3934 -1.3934 0.0000
2.1092 3.9934 0.0000
2.3488 3.9203 0.0000
2.1263 3.7226 0.0000
-0.4675 2.8971 0.0000
3.9791 -0.8701 0.0000
3.9159 -1.1524 0.0000
0.4425 -0.7819 0.0010
-0.5099 1.0247 0.0006
-0.6008 0.7493 0.0019
2.4097 -3.0564 0.0000
1.3448 3.7777 0.0000
-4.7237 0.5569 0.0000
2.9309 3.4452 0.0000
-2.6295 0.6510 0.1023
-2.5656 0.5444 0.1637
-2.6480 0.5737 0.1138
-2.6490 0.4902 0.1343
-2.4660 0.5419 0.2124
-2.5238 0.4685 0.2126
-2.5976 0.4320 0.1805
-2.6811 0.3997 0.1360
-2.7374 0.5023 0.0857
-2.7820 0.4166 0.0773
-2.6061 0.3336 0.2015
-2.7032 0.3157 0.1375
-2.7489 0.2376 0.1180
-2.8321 0.3044 0.0656
-2.9688 0.4786 0.0161
-3.1997 0.3464 0.0014
-2.9781 0.1901 0.0224
-3.2506 0.0922 0.0009
2.9044 -2.7577 0.0000
2.6700 -2.9172 0.0000
-0.1420 -4.7563 0.0000
-2.2687 2.1094 0.0001
-2.5053 2.1764 0.0000
-2.7728 1.9566 0.0000
0.2250 -3.6825 0.0000
-0.0911 -3.7415 0.0000
3.6021 -4.7655 0.0000
0.8927 -1.0336 0.0011
0.6557 -0.9776 0.0007
-0.9446 2.9767 0.0000
-1.4465 -1.9372 0.0000
-1.4361 -2.2168 0.0000
2.5261 0.7637 0.0780
2.4737 0.6484 0.1219
2.5258 0.5549 0.1336
2.4294 0.5546 0.1649
2.7653 1.9393 0.0001
2.8902 2.1968 0.0000
-3.7428 2.0402 0.0000
-3.8910 1.7697 0.0000
3.3256 -2.3274 0.0000
3.1776 -2.5818 0.0000
-0.8386 -0.0330 0.0112
-1.0952 -0.0426 0.0271
-1.1868 -0.2406 0.0331
3.4863 1.5275 0.0000
3.3286 1.3606 0.0000
1.7235 4.7592 0.0000
1.4140 4.7326 0.0000
1.2337 4.5279 0.0000
-4.5196 -3.9871 0.0000
3.2892 3.2266 0.0000
3.0511 3.2140 0.0000
-4.0139 2.7593 0.0000
0.0985 4.0580 0.0000
1.2901 1.7488 0.0001
1.2484 1.4974 0.0004
-0.1832 -1.9851 0.0000
-0.4243 -2.0745 0.0000
-0.6435 -2.2772 0.0000
-3.4798 0.8510 0.0000
-3.7105 -4.5173 0.0000
-3.8855 -4.7606 0.0000
-0.6048 2.2995 0.0000
-0.8874 2.2206 0.0000
-0.9474 1.9522 0.0000
-0.3848 3.4629 0.0000
-0.5528 3.2752 0.0000
-4.1093 -1.6934 0.0000
-4.2644 -1.9233 0.0000
-4.2115 -2.1462 0.0000
1.2735 0.7360 0.0114
3.8263 -1.4311 0.0000
4.0157 -1.6482 0.0000
3.3443 -1.2525 0.0000
3.2510 -1.5229 0.0000
2.3392 -1.4944 0.0041
2.0762 -1.4611 0.0044
-1.9314 3.0687 0.0000
-2.0029 2.8112 0.0000
-2.2921 2.7277 0.0000
-4.2971 -1.0584 0.0000
-4.4969 -1.2393 0.0000
-1.7322 0.9666 0.0339
-1.8780 0.8604 0.0743
-1.9670 0.7988 0.1092
-2.0169 0.8731 0.0939
-1.9999 0.7149 0.1468
-1.7128 0.6805 0.0832
-1.7077 0.5908 0.1027
-1.8230 0.6719 0.1142
-1.7678 0.7848 0.0716
-1.8902 0.7401 0.1110
2.3138 -3.9567 0.0000
3.4829 3.9443 0.0000
3.4075 -2.8194 0.0000
2.9400 -3.5945 0.0000
2.6551 -3.4845 0.0000
2.7438 -3.7398 0.0000
2.4384 -3.6752 0.0000
2.9343 3.9145 0.0000
-0.2829 2.6544 0.0000
-1.9643 -2.9275 0.0000
1.1475 -2.8924 0.0000
-0.9699 -1.9157 0.0000
-1.2234 -1.8290 0.0000
-1.9621 -2.3964 0.0000
-4.0268 -0.9738 0.0000
-4.1331 -1.2348 0.0000
-4.7568 -2.0472 0.0000
1.2468 3.2187 0.0000
1.0023 3.0730 0.0000
0.8146 2.8581 0.0000
0.6153 2.6506 0.0000
1.8211 -1.8806 0.0002
1.5669 -2.0016 0.0000
0.3265 -4.5091 0.0000
0.0285 -4.4935 0.0000
0.1626 -4.7526 0.0000
-0.9731 -3.2299 0.0000
-1.1077 -3.4897 0.0000
-1.0924 -3.8919 0.0000
3.3718 1.9705 0.0000
3.1932 2.2162 0.0000
3.0676 1.9608 0.0000
3.0511 1.7246 0.0000
1.7957 -2.4755 0.0000
-1.9919 4.2829 0.0000
-4.5212 -3.4210 0.0000
4.2456 -2.6646 0.0000
4.4705 -2.8642 0.0000
4.1815 -2.9657 0.0000
3.2611 3.7853 0.0000
0.1210 -3.8903 0.0000
-0.0016 -4.0974 0.0000
2.6710 4.2971 0.0000
2.4355 4.1439 0.0000
0.1892 -4.2535 0.0000
-0.1429 -4.2901 0.0000
-0.2725 -4.5215 0.0000
1.6772 2.1674 0.0000
3.9546 2.8779 0.0000
3.8742 2.6000 0.0000
3.7783 2.3142 0.0000
3.6871 2.8342 0.0000
3.5930 2.5380 0.0000
3.3053 2.4843 0.0000
3.4872 2.2527 0.0000
4.7345 -1.9151 0.0000
4.7168 -2.1346 0.0000
3.2611 -0.4505 0.0004
2.9414 -0.5293 0.0138
-3.2752 2.5198 0.0000
-3.4505 2.2785 0.0000
2.8889 -1.0561 0.0038
-1.3394 2.3407 0.0000
-1.4476 2.0320 0.0000
-1.7007 1.9507 0.0001
-1.2917 -0.0514 0.0562
-1.3487 0.0832 0.0684
-1.4424 0.0218 0.0950
-1.5275 -0.0227 0.1243
-1.4365 -0.0836 0.0925
-1.5384 -0.1201 0.1260
-1.6240 -0.1589 0.1586
-1.3627 -0.2070 0.0660
-1.4855 -0.1877 0.1028
-0.2893 -1.7492 0.0000
-0.5143 -1.8317 0.0000
-0.7163 -2.0092 0.0000
-3.2557 1.7979 0.0000
-3.4029 1.3739 0.0000
-2.7306 2.9773 0.0000
-2.8343 2.7382 0.0000
-4.7785 4.0643 0.0000
3.5246 3.3444 0.0000
3.5035 3.0450 0.0000
3.2257 2.9688 0.0000
2.9506 2.9580 0.0000
2.7778 3.2057 0.0000
2.8358 2.6956 0.0000
-0.1952 -2.5758 0.0000
-0.3927 -2.7972 0.0000
-0.5417 -3.0132 0.0000
1.7923 -4.5250 0.0000
1.6509 -4.7638 0.0000
4.5185 1.3415 0.0000
4.2808 1.3909 0.0000
-3.5084 4.5328 0.0000
3.7505 3.4951 0.0000
-4.5217 2.8044 0.0000
-4.7479 2.6428 0.0000
0.2636 3.0301 0.0000
0.0717 2.8327 0.0000
4.4945 -4.2745 0.0000
2.5762 1.6956 0.0007
2.5663 1.4514 0.0033
4.7633 4.5108 0.0000
2.8377 1.4447 0.0010
2.6984 1.1988 0.0075
0.7959 -1.5500 0.0000
0.6089 -1.7948 0.0000
0.3690 -1.7624 0.0000
0.5604 -2.0555 0.0000
-2.7560 1.1888 0.0070
-2.9407 1.0480 0.0033
-4.2252 -2.4018 0.0000
-4.2424 -2.6791 0.0000
-4.5057 -2.8092 0.0000
-4.7571 -2.9603 0.0000
-3.4401 -2.1105 0.0000
1.8147 2.9468 0.0000
1.6601 2.7077 0.0000
-2.9658 3.7823 0.0000
-3.0908 3.5436 0.0000
-2.4693 0.0134 0.3620
-2.5505 -0.0323 0.2959
-2.4627 -0.0839 0.3619
-2.6239 -0.1184 0.2265
-2.6417 -0.1975 0.2016
-2.5458 -0.1224 0.2920
-2.5534 -0.2084 0.2707
-2.5774 -0.2847 0.2343
-2.7052 -0.0995 0.1615
-2.7253 -0.1781 0.1402
-2.8548 -0.1763 0.0640
-2.7581 -0.2590 0.1100
-2.6706 -0.2776 0.1663
-2.7104 -0.3562 0.1257
-2.8047 -0.3405 0.0759
-3.8181 -1.6944 0.0000
-2.4927 1.9034 0.0003
-2.6841 1.6706 0.0006
-2.8831 1.4251 0.0008
0.1612 0.1838 0.0024
-4.5693 -3.6990 0.0000
-4.7728 -3.8960 0.0000
2.9778 -4.7585 0.0000
-3.5906 3.0188 0.0000
-3.7216 2.7743 0.0000
-3.8558 2.5236 0.0000
-3.7752 0.0610 0.0000
-3.5527 -1.6357 0.0000
-3.6934 -1.4163 0.0000
1.9270 -3.6289 0.0000
2.1616 -3.7613 0.0000
1.9779 -3.9338 0.0000
0.5873 -1.2496 0.0002
0.5135 -1.5128 0.0000
0.2945 -1.3185 0.0001
-0.8074 2.5012 0.0000
-4.2048 4.2363 0.0000
-3.4837 3.9953 0.0000
-4.0419 3.2478 0.0000
-1.4189 -3.4688 0.0000
-1.7873 -3.6584 0.0000
2.7856 0.1446 0.0770
2.7284 0.2397 0.0990
2.6747 0.1621 0.1359
2.6376 0.2639 0.1461
2.5988 0.1843 0.1805
2.5113 0.1597 0.2373
2.5908 0.0920 0.1946
2.5098 0.0565 0.2483
2.6877 0.0763 0.1333
2.6266 0.0090 0.1740
2.5417 -0.0197 0.2296
2.5273 -0.1408 0.2304
2.9050 0.0033 0.0342
2.7500 0.0205 0.0982
2.6015 -0.0897 0.1878
2.2437 0.7820 0.1085
2.3176 0.8190 0.0936
2.2312 0.7025 0.1363
2.1384 0.6777 0.1418
2.0753 0.6118 0.1584
2.1376 0.5532 0.1889
2.1837 0.4846 0.2204
2.1125 0.4422 0.2279
2.0551 0.5135 0.1905
2.0186 0.4176 0.2149
1.9889 0.5911 0.1494
1.9584 0.4992 0.1719
0.6688 -3.5254 0.0000
0.4765 -3.7692 0.0000
3.1801 4.3313 0.0000
-2.2070 -1.9373 0.0002
-2.5215 -3.5076 0.0000
-2.3438 -3.7325 0.0000
-0.3217 3.1561 0.0000
4.1858 4.7662 0.0000
-0.4559 -3.8869 0.0000
-0.7302 -3.8709 0.0000
-0.9025 -4.0549 0.0000
-0.3266 2.3778 0.0000
-2.0871 2.5615 0.0000
-2.3761 2.4245 0.0000
-2.6907 2.4608 0.0000
-2.6837 2.2192 0.0000
0.1804 2.2167 0.0000
0.0465 1.9321 0.0000
2.5904 2.1903 0.0000
2.4536 1.9510 0.0002
2.3117 1.6987 0.0011
-1.0771 4.7564 0.0000
-1.2219 4.5185 0.0000
-1.3735 4.2869 0.0000
3.7497 -0.0405 0.0000
-4.5128 1.0108 0.0000
-2.4547 -2.0581 0.0001
-4.5540 -4.4689 0.0000
0.6291 -0.1698 0.0044
0.5018 -0.5135 0.0021
0.2385 -0.5709 0.0012
1.0244 0.7419 0.0049
1.0701 0.4666 0.0109
0.8376 0.3012 0.0069
3.7822 -0.3084 0.0000
3.5514 -0.4594 0.0000
0.3302 2.7338 0.0000
0.1725 2.5174 0.0000
-0.7910 -0.5119 0.0055
1.9077 -4.7635 0.0000
-3.1992 -1.9327 0.0000
-2.9446 -2.0514 0.0000
-3.1814 -2.2203 0.0000
-3.1903 -2.5091 0.0000
-2.2787 -1.4493 0.0068
-2.4206 -1.7335 0.0009
-4.7498 2.3442 0.0000
-2.5487 0.2641 0.2616
-2.6430 0.2345 0.1948
-2.6364 0.1351 0.2143
-2.7135 0.1616 0.1503
-2.8186 0.1538 0.0827
-2.7514 0.0808 0.1282
-2.8646 0.0127 0.0631
-2.6592 0.0556 0.2011
-2.6335 -0.0300 0.2239
-2.7300 -0.0066 0.1454
-2.7918 -0.0808 0.1016
-2.9797 -0.3296 0.0199
-3.2000 -0.4544 0.0014
-3.0025 -0.6025 0.0096
2.5460 2.6836 0.0000
2.4164 2.4359 0.0000
3.0632 -1.2856 0.0003
2.9602 -1.5508 0.0002
4.2162 -3.2378 0.0000
3.9734 -3.5071 0.0000
3.6920 -3.5740 0.0000
3.3027 1.7029 0.0000
4.2276 4.3034 0.0000
-3.4373 -2.3634 0.0000
-3.6997 -2.4396 0.0000
-3.7257 -2.7262 0.0000
-3.9708 -2.5492 0.0000
-2.2106 -4.2166 0.0000
-2.5532 -4.5268 0.0000
1.3175 1.9898 0.0000
-0.9371 -4.5850 0.0000
-1.0951 -4.7711 0.0000
-1.2030 -4.4761 0.0000
-1.3737 -4.7484 0.0000
2.4485 -0.6747 0.1253
2.3339 -0.7939 0.1062
2.2698 -0.9037 0.0761
2.4349 -0.3826 0.2241
2.4308 -0.4787 0.1949
2.4361 -0.5777 0.1603
2.3499 -0.5307 0.1975
2.3566 -0.6321 0.1593
2.3652 -0.7251 0.1253
2.2743 -0.6984 0.1434
2.2560 -0.7921 0.1111
2.1630 -0.8521 0.0896
2.2730 -0.5926 0.1830
2.1922 -0.6480 0.1613
2.1009 -0.6857 0.1381
2.1757 -0.7443 0.1255
2.0760 -0.7840 0.1025
2.0458 -0.9310 0.0597
2.1899 -1.0296 0.0451
2.0052 -1.1502 0.0212
1.8470 -0.9927 0.0312
-2.1224 1.5649 0.0035
-2.2928 1.3358 0.0138
-3.8946 3.0078 0.0000
-4.2079 2.9847 0.0000
-1.0100 -1.6161 0.0001
-1.2888 -1.5959 0.0002
3.6995 -0.9405 0.0000
3.7579 0.4585 0.0000
3.4521 0.0909 0.0000
2.2125 0.8828 0.0781
2.0676 0.8583 0.0770
2.1501 0.7698 0.1106
2.0529 0.7648 0.1031
2.0557 0.6955 0.1261
1.9588 0.7652 0.0892
1.9789 0.6753 0.1199
1.8976 0.5814 0.1306
-1.6900 -2.1633 0.0000
1.4303 -3.7309 0.0000
1.1298 -3.7960 0.0000
1.2732 -4.0105 0.0000
-3.6606 -4.0303 0.0000
-3.9540 -4.0096 0.0000
-0.4709 -3.3761 0.0000
-0.6068 -3.6218 0.0000
-4.7745 0.0958 0.0000
-0.1583 4.7554 0.0000
-0.4625 4.7485 0.0000
0.1703 0.6863 0.0011
0.0665 0.4070 0.0019
-0.4098 1.3031 0.0001
1.3940 -2.7905 0.0000
-1.7772 0.0842 0.2414
-1.8696 0.0605 0.2993
-1.7829 -0.0035 0.2487
-1.8715 -0.0362 0.3024
-1.7872 -0.0968 0.2477
-1.8741 -0.1282 0.2961
-1.9547 -0.0920 0.3492
-1.9573 0.0084 0.3558
-2.0396 -0.0446 0.4005
1.4304 -0.7243 0.0215
-1.1682 0.5996 0.0166
-1.3317 0.7975 0.0161
-1.4148 0.5834 0.0412
-1.6022 0.5925 0.0746
-1.4545 0.3974 0.0695
-1.5541 0.4855 0.0814
-1.6300 0.4438 0.1111
-0.0647 2.3842 0.0000
-0.1321 2.1351 0.0000
-0.2287 1.8567 0.0000
-3.1861 2.2478 0.0000
-3.4206 2.0175 0.0000
2.7218 -4.2311 0.0000
2.2756 -4.4507 0.0000
-1.9299 -4.1669 0.0000
-2.0052 -4.4334 0.0000
-4.2860 3.9698 0.0000
1.8741 3.9990 0.0000
1.6149 3.8944 0.0000
-2.9931 3.0289 0.0000
-3.2908 3.0203 0.0000
-3.1224 2.7645 0.0000
-3.4216 2.7757 0.0000
-3.5654 2.5378 0.0000
0.1594 -0.8428 0.0005
-4.7467 -0.4749 0.0000
-1.9768 -3.4123 0.0000
-2.0253 -0.2397 0.3547
-2.1159 -0.2836 0.3743
-2.1985 -0.3310 0.3702
-2.2821 -0.3800 0.3450
-2.2772 -0.4823 0.2930
-2.3593 -0.4323 0.3019
-2.4372 -0.4845 0.2479
-2.3521 -0.5356 0.2521
-2.4384 -0.5800 0.2043
-2.7746 -3.4681 0.0000
-2.9070 -3.7715 0.0000
3.6095 1.7585 0.0000
0.5390 2.9420 0.0000
0.0746 1.1579 0.0002
0.2907 0.9340 0.0005
-0.0176 0.8910 0.0006
-4.7571 -0.7774 0.0000
4.5358 4.4749 0.0000
4.2566 0.3596 0.0000
3.9943 0.2072 0.0000
3.4230 -0.9793 0.0000
3.1556 -1.0062 0.0003
-0.9828 -0.6506 0.0072
-1.2546 -0.6455 0.0194
-0.1171 3.3759 0.0000
-0.9259 -3.7059 0.0000
-3.1255 -4.5219 0.0000
-3.2793 -4.7637 0.0000
-4.1898 -4.7563 0.0000
-4.7508 -1.0868 0.0000
-4.7693 -1.3889 0.0000
-2.3903 -4.7601 0.0000
1.2043 0.9781 0.0040
1.7300 -3.8233 0.0000
1.5693 -4.0293 0.0000
4.7322 1.7382 0.0000
4.7525 1.4505 0.0000
4.4453 1.6362 0.0000
2.1537 -2.9025 0.0000
1.8908 -3.0349 0.0000
3.1432 4.5995 0.0000
-4.2729 0.1826 0.0000
-4.3315 -0.1058 0.0000
2.1559 1.9501 0.0002
2.0476 1.6883 0.0011
0.8304 -1.2760 0.0003
4.5290 -4.0212 0.0000
4.2217 -4.2524 0.0000
-3.5410 3.7570 0.0000
-3.3607 3.5360 0.0000
-3.1873 3.2780 0.0000
-3.4699 3.2712 0.0000
-3.6513 3.5110 0.0000
4.7617 -4.1977 0.0000
4.7076 -4.4977 0.0000
4.7815 -4.7721 0.0000
4.5151 -4.7496 0.0000
2.6082 -0.4869 0.1203
2.7168 -0.4814 0.0748
2.7194 -0.6335 0.0521
2.6026 -0.5798 0.1015
2.5239 -0.6218 0.1190
2.5659 -0.7175 0.0814
2.4499 -0.7713 0.0957
2.5377 -0.8849 0.0519
2.3870 -0.8700 0.0777
2.3966 -1.0506 0.0372
-2.6567 0.7560 0.0679
-2.8043 0.8656 0.0203
-3.0037 0.7358 0.0059
-2.7842 0.6282 0.0486
-0.0658 0.1114 0.0025
-0.1348 -0.1564 0.0024
-0.4108 -0.2049 0.0035
2.2997 1.4557 0.0050
2.0235 1.4368 0.0046
-2.3713 -0.3306 0.3444
-2.4439 -0.3852 0.2880
-2.5307 -0.3597 0.2455
-2.5219 -0.4437 0.2215
-2.5992 -0.4542 0.1720
-2.6190 -0.3683 0.1830
-2.6878 -0.4421 0.1227
-2.8040 -0.4719 0.0618
-2.6182 -0.5248 0.1409
-2.6856 -0.5354 0.1041
-2.6469 -0.6464 0.0958
-2.7606 -0.6072 0.0603
-2.5238 -0.5332 0.1870
-2.5957 -0.5963 0.1311
-3.7748 4.5115 0.0000
-4.0837 4.4943 0.0000
-3.5680 4.2703 0.0000
-3.7337 4.0284 0.0000
-1.1415 -0.8799 0.0057
-1.4195 -0.8578 0.0180
-1.2719 -1.1133 0.0033
-1.8710 0.5824 0.1584
-1.9304 0.6532 0.1519
-2.0325 0.6276 0.1915
-2.0626 0.5359 0.2420
-1.7830 0.5939 0.1251
-1.7948 0.5107 0.1538
-1.8949 0.4901 0.2008
-1.9656 0.5597 0.2003
-1.9256 0.3959 0.2494
-1.9920 0.4661 0.2499
-2.0876 0.4438 0.2935
-2.0201 0.3694 0.3026
-2.1113 0.3508 0.3439
-2.0484 0.2658 0.3550
-2.1372 0.2622 0.3880
-2.2253 0.2424 0.4087
-0.7374 2.7867 0.0000
-3.7603 3.2587 0.0000
0.3326 -2.2599 0.0000
0.0826 -2.4259 0.0000
0.0826 -2.7040 0.0000
-0.1473 -2.8992 0.0000
4.7455 -0.7992 0.0000
4.7397 -1.1053 0.0000
4.7296 0.8889 0.0000
4.4857 0.8076 0.0000
-3.8175 3.7709 0.0000
-3.9369 3.5095 0.0000
-0.5399 2.5890 0.0000
0.4892 0.7185 0.0015
0.3220 0.4782 0.0020
1.8267 -1.5897 0.0013
4.4688 -3.1455 0.0000
4.2241 -1.8652 0.0000
3.9369 -1.9284 0.0000
0.0806 -1.1099 0.0002
3.4755 -0.7146 0.0000
3.2076 -0.7221 0.0005
1.3221 -2.0867 0.0000
1.3171 -2.3176 0.0000
1.0667 -2.2754 0.0000
0.6298 -4.5087 0.0000
-1.5423 -1.6541 0.0004
-1.7012 -1.9005 0.0001
-4.2930 2.7332 0.0000
-4.4694 2.4907 0.0000
4.7373 -2.9790 0.0000
0.3474 -3.1318 0.0000
3.4691 -4.0697 0.0000
3.3068 -4.2976 0.0000
-1.9529 -1.8900 0.0002
-4.4905 -4.7350 0.0000
-4.3006 3.2386 0.0000
-4.5078 3.4039 0.0000
-4.5012 3.0753 0.0000
-4.7616 2.9556 0.0000
2.4377 1.2048 0.0166
2.5514 0.9741 0.0350
2.3216 1.0036 0.0478
-2.1634 4.5195 0.0000
2.6682 -3.1954 0.0000
2.4136 -3.3504 0.0000
-1.6912 -2.9372 0.0000
-1.8491 -3.1768 0.0000
-2.4949 1.1736 0.0233
-2.1073 1.1394 0.0363
-1.9576 0.9843 0.0563
-0.4870 0.2863 0.0039
-0.7655 0.2480 0.0083
-0.9869 0.1584 0.0179
-1.1980 0.1756 0.0381
3.0435 3.6901 0.0000
2.9519 -0.7833 0.0063
2.7294 -0.8345 0.0265
2.6407 -1.0774 0.0161
0.9044 2.5602 0.0000
-1.9411 -2.1367 0.0000
3.1971 -3.5475 0.0000
3.0837 -3.7969 0.0000
3.4111 2.7584 0.0000
3.1219 2.7118 0.0000
3.0111 2.4523 0.0000
2.7157 2.4402 0.0000
-3.2046 -3.7905 0.0000
-3.3358 -3.5581 0.0000
1.4460 1.0201 0.0074
-1.8682 -3.9063 0.0000
-2.1540 -3.9532 0.0000
-1.6775 0.3850 0.1405
-1.7070 0.2701 0.1769
-1.7931 0.2473 0.2252
-1.8107 0.1597 0.2518
-1.6894 0.5070 0.1170
-1.7417 0.4368 0.1537
-1.7605 0.3428 0.1862
-1.8315 0.4172 0.1982
-1.8568 0.3255 0.2388
-1.8832 0.2362 0.2779
-1.8920 0.1476 0.3022
-1.9539 0.3013 0.2972
-1.9723 0.2046 0.3362
-2.0540 0.1608 0.3889
-1.9698 0.1041 0.3555
-2.0470 0.0543 0.4030
-4.5233 2.1887 0.0000
-4.3379 2.0061 0.0000
-4.7340 2.0200 0.0000
-4.7649 1.7165 0.0000
-4.2485 -0.4958 0.0000
-4.4797 -0.3245 0.0000
-4.4999 -0.6277 0.0000
0.6878 2.3645 0.0000
0.4162 2.4345 0.0000
0.4910 2.1615 0.0000
0.7856 4.7489 0.0000
0.6137 4.5251 0.0000
0.6952 4.2688 0.0000
-1.5714 2.5189 0.0000
-1.8362 2.4775 0.0000
-2.0760 2.2956 0.0000
-2.2296 -2.5217 0.0000
-2.2251 -2.8339 0.0000
-2.4561 -2.9880 0.0000
0.3627 -0.2959 0.0023
0.0630 -0.3588 0.0016
1.3926 4.0701 0.0000
-2.1211 -0.0948 0.4294
-2.1360 0.1866 0.4130
-2.1317 0.0966 0.4320
-2.1278 0.0013 0.4386
-2.2150 0.0529 0.4530
-2.2978 0.0069 0.4485
-2.2107 -0.0444 0.4535
-2.3810 -0.0390 0.4165
-2.0296 -0.1453 0.3818
-2.1162 -0.1894 0.4069
-2.2066 -0.1403 0.4385
-2.2926 -0.1875 0.4209
-2.2947 -0.0906 0.4422
-2.3787 -0.1375 0.4040
-2.3793 -0.2358 0.3770
-2.4634 -0.1826 0.3439
-2.4708 -0.2824 0.3106
-2.2032 -0.2351 0.4101
-2.2878 -0.2831 0.3880
1.0861 4.7520 0.0000
0.9284 4.4727 0.0000
3.9141 -0.5251 0.0000
3.7521 -0.6712 0.0000
3.2369 3.4848 0.0000
3.9968 3.3772 0.0000
4.0368 3.1216 0.0000
3.7665 3.1590 0.0000
4.7475 -3.2774 0.0000
3.8902 -3.7887 0.0000
3.6190 -3.8300 0.0000
0.9116 -3.3708 0.0000
0.7373 -3.1866 0.0000
0.3700 -1.0505 0.0003
2.5825 3.8170 0.0000
2.3957 3.6400 0.0000
0.6507 3.4293 0.0000
0.4569 3.2318 0.0000
-1.9886 2.0108 0.0001
-2.2031 1.8290 0.0006
-0.1911 2.9047 0.0000
-0.7530 4.2449 0.0000
-2.4896 2.9441 0.0000
-2.5603 2.6887 0.0000
-3.4921 0.1266 0.0000
-3.4749 -0.3882 0.0000
0.1798 3.3172 0.0000
2.2628 -2.2622 0.0000
2.0365 -2.3648 0.0000
1.0862 -4.2491 0.0000
1.2170 -4.5073 0.0000
2.3528 -0.3266 0.2680
2.3453 -0.4258 0.2364
2.2645 -0.4878 0.2237
2.1917 -0.5483 0.1993
2.1201 -0.5867 0.1766
2.0386 -0.6123 0.1526
2.0058 -0.7087 0.1147
1.8958 -0.6970 0.0961
1.9516 -0.6338 0.1262
1.9494 -0.8120 0.0766
1.7950 -0.7910 0.0570
1.6244 -0.8957 0.0235
1.4119 -1.0044 0.0071
4.7745 -1.6760 0.0000
4.4973 -1.8353 0.0000
0.3165 1.9589 0.0000
0.2360 1.7185 0.0000
-0.0295 1.6418 0.0000
-0.1085 1.3712 0.0001
-3.7093 -0.4467 0.0000
-3.3710 -0.6417 0.0001
-3.6473 -0.6799 0.0000
-3.7373 -0.9395 0.0000
0.9164 4.1561 0.0000
0.8507 3.8882 0.0000
-4.2280 -4.0006 0.0000
-4.4130 -4.2342 0.0000
-2.2824 4.2659 0.0000
-2.1461 4.0319 0.0000
-2.4475 3.9781 0.0000
-1.1860 2.1294 0.0000
-1.1794 1.8634 0.0000
-1.4031 1.7841 0.0001
-1.6258 1.6948 0.0005
-0.6657 -4.5015 0.0000
-0.7652 -4.7745 0.0000
2.0320 4.7589 0.0000
1.8703 4.5060 0.0000
-1.5658 -0.2347 0.1273
-1.5602 -0.3265 0.1133
-1.6590 -0.2497 0.1636
-1.7532 -0.2696 0.2043
-1.6391 -0.3279 0.1428
-1.7124 -0.3483 0.1693
-1.7949 -0.3572 0.2040
-1.6150 -0.4131 0.1179
-1.6826 -0.4992 0.1228
-1.6990 -0.4257 0.1463
-1.7805 -0.4453 0.1736
-1.8509 -0.5023 0.1835
-1.7573 -0.5421 0.1372
-1.9256 -0.5679 0.1859
3.9951 1.3569 0.0000
3.8152 1.1926 0.0000
1.7489 1.4124 0.0028
1.4299 1.2966 0.0021
2.8986 -3.3567 0.0000
-3.2708 4.1447 0.0000
2.6790 0.8013 0.0396
2.6674 0.6434 0.0658
-1.1598 -4.1812 0.0000
1.0618 0.1810 0.0159
0.8562 0.0124 0.0085
1.1790 -0.3452 0.0214
1.0983 -0.0849 0.0196
0.9154 -0.2508 0.0094
0.7084 -0.4120 0.0041
-1.3738 -3.9787 0.0000
-1.4324 -4.2505 0.0000
-1.6838 -4.2185 0.0000
-0.8307 -2.4856 0.0000
-0.9803 -2.7119 0.0000
-0.6899 -2.7527 0.0000
-0.8339 -2.9838 0.0000
3.2929 -0.1781 0.0004
3.0404 -0.2548 0.0084
0.3834 3.5288 0.0000
-2.2050 -2.2207 0.0000
-1.7979 1.4607 0.0033
-2.0173 1.3544 0.0106
-1.8714 1.1704 0.0203
4.4517 1.0840 0.0000
2.1165 -4.6918 0.0000
-2.4668 -2.6799 0.0000
-1.6520 -0.5941 0.0909
-1.7445 -0.6503 0.1028
-1.8376 -0.6951 0.1149
-1.8359 -0.6004 0.1452
-1.9202 -0.6631 0.1480
-1.7540 -0.7757 0.0729
-1.8666 -0.7867 0.0934
4.3763 -4.5129 0.0000
4.2188 -4.7600 0.0000
1.2027 2.5099 0.0000
1.1993 2.2696 0.0000
-0.0175 3.1138 0.0000
-0.6762 -3.2355 0.0000
-0.8072 -3.4651 0.0000
4.7602 4.7648 0.0000
-4.7282 -4.2097 0.0000
4.2499 -3.4827 0.0000
4.1636 -3.7436 0.0000
4.0320 -4.0259 0.0000
-1.3906 4.7607 0.0000
-1.8518 4.5256 0.0000
0.3536 -2.5423 0.0000
0.1351 -2.9847 0.0000
0.4697 4.7668 0.0000
0.3100 4.5365 0.0000
0.1702 4.2970 0.0000
-0.7460 3.8072 0.0000
-0.9028 3.6230 0.0000
-0.9163 4.0083 0.0000
-1.0844 3.7916 0.0000
-1.2428 3.5792 0.0000
0.0779 -2.1316 0.0000
-0.1473 -2.2665 0.0000
-0.3714 -2.3299 0.0000
-0.5208 -2.5438 0.0000
2.4336 0.0068 0.2922
2.3581 -0.0481 0.3220
2.2037 -0.2069 0.3170
2.0970 -0.3186 0.2678
2.0858 -0.4129 0.2338
2.0201 -0.2589 0.2610
2.0072 -0.3528 0.2307
1.9168 -0.3881 0.1887
1.9966 -0.4478 0.1975
2.4754 -0.0703 0.2676
2.4085 -0.1216 0.2959
2.4526 -0.1905 0.2644
2.3171 -0.1406 0.3227
2.2818 -0.2268 0.3102
2.4440 -0.2868 0.2472
2.3671 -0.2281 0.2914
2.2712 -0.3090 0.2875
2.1899 -0.2912 0.2926
2.2580 -0.3939 0.2592
2.1753 -0.3754 0.2630
2.1679 -0.4659 0.2288
2.0784 -0.5099 0.1973
1.9819 -0.5406 0.1631
1.9038 -0.4832 0.1576
1.8885 -0.5795 0.1260
2.7783 -1.3308 0.0023
2.6017 -1.5329 0.0017
1.6480 -3.2327 0.0000
1.4188 -3.3961 0.0000
-4.5250 -1.9168 0.0000
1.2016 -0.8833 0.0055
1.1226 -1.1196 0.0015
0.5326 -3.2939 0.0000
0.3756 -3.4858 0.0000
-3.2619 -0.1750 0.0008
4.7778 -2.4039 0.0000
4.7467 -2.6823 0.0000
-3.9721 -0.4879 0.0000
-3.9335 -0.7173 0.0000
-4.2281 -0.7662 0.0000
4.4292 -2.0972 0.0000
4.1356 -2.1469 0.0000
3.8594 -2.2142 0.0000
-1.5371 4.5259 0.0000
-1.6854 4.2914 0.0000
-0.0419 -0.6339 0.0009
-3.2709 0.6301 0.0003
-3.6136 0.6195 0.0000
1.8649 1.9361 0.0001
1.7847 1.6726 0.0007
1.5918 -1.4236 0.0017
1.3253 -1.5392 0.0003
3.4455 -3.5633 0.0000
-0.9105 4.5054 0.0000
-1.0616 4.2686 0.0000
3.9962 0.4696 0.0000
3.7386 0.2069 0.0000
-3.2077 -2.7922 0.0000
-3.4788 -2.9127 0.0000
3.8807 4.7438 0.0000
1.1860 -0.6200 0.0124
0.9629 -0.8004 0.0033
-4.2871 -4.4984 0.0000
0.7880 3.6324 0.0000
0.7415 3.1577 0.0000
0.7766 -4.7557 0.0000
-0.0509 3.8542 0.0000
-0.2149 3.6583 0.0000
-3.9493 4.7502 0.0000
-4.2328 4.7447 0.0000
-4.7260 0.8133 0.0000
4.4754 2.7588 0.0000
4.1649 2.6700 0.0000
4.0627 2.3816 0.0000
-1.7002 -0.0915 0.2000
-1.7250 -0.1785 0.2048
-1.8206 -0.1976 0.2536
-1.9318 -0.2019 0.3162
-1.8564 -0.2849 0.2536
-1.9454 -0.3035 0.2943
-2.0367 -0.3343 0.3252
-2.1112 -0.3838 0.3290
-1.8780 -0.3933 0.2316
-1.9749 -0.3945 0.2746
-2.0412 -0.4449 0.2784
-2.1968 -0.4263 0.3233
-1.9372 -0.4720 0.2280
-2.0097 -0.5243 0.2316
-2.1178 -0.4847 0.2806
-2.0855 -0.5626 0.2342
-2.0993 -0.6580 0.1907
-2.1967 -0.5206 0.2733
-2.1671 -0.5950 0.2313
-2.1992 -0.6798 0.1908
-2.2883 -0.7030 0.1779
-2.2661 -0.5945 0.2341
-2.3565 -0.6335 0.2022
-2.4459 -0.6759 0.1602
1.9198 0.2739 0.2212
1.9438 0.1445 0.2544
1.7241 -0.0115 0.1641
1.7003 -0.1088 0.1500
1.9717 0.3416 0.2235
1.8631 0.3363 0.1855
1.8133 0.2619 0.1809
1.8753 0.2019 0.2165
1.8469 0.1102 0.2149
1.7782 0.1742 0.1788
1.6838 0.1504 0.1430
1.7497 0.0815 0.1737
1.6512 0.0581 0.1350
1.5490 0.0402 0.1003
1.6314 -0.0374 0.1273
1.5419 -0.0631 0.0970
1.6073 -0.1411 0.1136
1.5811 -0.2460 0.0961
1.4825 -0.1641 0.0761
1.4286 -0.3159 0.0541
1.3772 -0.4908 0.0332
-1.5457 -3.7249 0.0000
-1.6370 -3.9779 0.0000
3.4211 4.5126 0.0000
3.4561 4.2332 0.0000
2.8983 4.4789 0.0000
-2.4606 -3.2611 0.0000
-2.2462 -3.4481 0.0000
-4.0595 -3.7271 0.0000
2.3620 0.2954 0.2737
2.3728 0.4655 0.2123
2.3125 0.3793 0.2567
2.2636 0.2989 0.2902
2.2253 0.2134 0.3159
2.2754 0.4604 0.2300
2.2021 0.3844 0.2605
2.1654 0.2905 0.2895
2.0953 0.2407 0.2899
2.1471 0.1827 0.3152
2.1965 0.1160 0.3339
2.1059 0.1013 0.3194
2.0949 0.3524 0.2564
2.0355 0.2924 0.2586
1.9833 0.2270 0.2563
2.0440 0.1684 0.2902
2.0125 0.0764 0.2903
1.9891 -0.0149 0.2833
2.5349 0.2619 0.2058
2.4251 0.2086 0.2732
2.3222 0.2125 0.3065
2.4345 0.1068 0.2857
2.3557 0.1262 0.3146
2.2718 0.1266 0.3318
2.2695 0.0385 0.3412
2.1843 0.0345 0.3403
2.0877 0.0111 0.3201
2.3497 0.0415 0.3250
2.2669 -0.0449 0.3411
2.1682 -0.0501 0.3373
2.2286 -0.1271 0.3339
2.1334 -0.1376 0.3208
2.1120 -0.2279 0.2970
2.0633 -0.0760 0.3087
2.0382 -0.1664 0.2876
1.9651 -0.1061 0.2670
1.9444 -0.1992 0.2442
1.9285 -0.2935 0.2175
0.2031 -1.5859 0.0000
0.0044 -1.3736 0.0001
-0.0703 -1.6411 0.0000
-0.1219 4.2496 0.0000
-0.2482 4.0179 0.0000
0.9519 2.2951 0.0000
4.4953 -0.9770 0.0000
4.4476 -1.2891 0.0000
2.5577 -4.4845 0.0000
2.6777 -4.7499 0.0000
4.1714 1.1582 0.0000
4.2186 0.8961 0.0000
2.5080 3.1892 0.0000
2.3856 2.9268 0.0000
0.7757 2.0718 0.0000
1.8288 -2.1687 0.0000
1.5715 3.5981 0.0000
1.5017 3.3265 0.0000
-4.5637 -1.5297 0.0000
-4.7438 -1.7271 0.0000
-2.8404 -0.7529 0.0248
-2.9562 -0.9564 0.0050
-3.1576 -0.8233 0.0010
-3.2390 -1.1269 0.0001
-3.4441 -0.9083 0.0000
-3.6869 4.7670 0.0000
3.7575 -4.0646 0.0000
3.6124 -4.3079 0.0000
3.4501 -4.5361 0.0000
2.2944 -1.7120 0.0011
2.0658 -1.7474 0.0008
-4.2291 3.4961 0.0000
4.7625 -0.1838 0.0000
4.7547 -0.4936 0.0000
4.7511 3.5193 0.0000
4.7526 3.2385 0.0000
4.7456 2.9442 0.0000
4.5033 3.0731 0.0000
-1.5015 -0.4237 0.0800
-1.5878 -0.5106 0.0900
-2.6984 -1.1926 0.0102
-2.5538 -1.4490 0.0045
-2.6980 -1.6648 0.0007
-2.6977 -1.9175 0.0001
-2.9734 -1.7293 0.0001
0.9184 1.0221 0.0014
0.7396 0.8114 0.0018
-4.0130 1.5155 0.0000
-4.2918 1.5051 0.0000
-4.4763 1.2730 0.0000
-3.7160 -1.9319 0.0000
-3.6902 -2.1680 0.0000
-3.9460 -2.2543 0.0000
-0.3166 1.5775 0.0000
-0.6060 1.5130 0.0000
0.5473 3.7598 0.0000
0.2496 3.7969 0.0000
0.9944 1.5118 0.0002
0.8175 1.2792 0.0003
-0.3208 -3.1343 0.0000
3.0075 -4.2615 0.0000
2.8446 -4.5020 0.0000
-0.3105 0.8244 0.0009
2.4954 -1.2792 0.0100
1.1273 3.9628 0.0000
1.0629 3.6771 0.0000
-4.5163 -3.1112 0.0000
-4.7597 -3.2679 0.0000
-4.7796 -3.5708 0.0000
-4.0376 -3.4132 0.0000
-4.2821 -3.5282 0.0000
-4.3372 -3.7644 0.0000
-1.2237 4.0405 0.0000
-1.3863 3.8089 0.0000
-0.5878 0.0229 0.0057
-0.6776 -0.2508 0.0062
4.4870 4.2277 0.0000
-3.7144 0.3372 0.0000
-3.9963 0.2624 0.0000
2.0954 2.9274 0.0000
1.9512 2.6814 0.0000
-1.4618 -0.2996 0.0847
-1.3331 -0.4120 0.0442
-1.4642 -0.5968 0.0474
-0.6696 3.0696 0.0000
3.1961 4.0431 0.0000
0.9531 -0.5178 0.0070
0.7225 -0.7059 0.0022
-0.4034 3.8280 0.0000
-0.5601 3.6412 0.0000
-0.7211 3.4545 0.0000
-0.8685 3.2529 0.0000
4.7437 -3.5862 0.0000
4.7463 -1.3872 0.0000
-1.6020 -0.7223 0.0536
-1.6696 -0.9238 0.0324
-1.8695 -0.9234 0.0578
-1.8019 -1.1409 0.0183
-2.0159 -1.0832 0.0393
-1.6938 -1.3822 0.0037
-1.8348 -1.6252 0.0012
3.2044 0.6305 0.0007
2.9831 0.4697 0.0115
3.1138 1.4665 0.0001
2.8298 1.6818 0.0003
-2.6286 4.7657 0.0000
-2.4762 4.5025 0.0000
-2.5386 4.2398 0.0000
3.5944 4.7397 0.0000
3.7166 4.4417 0.0000
2.6939 -0.0451 0.1304
2.7662 -0.0851 0.0883
2.6834 -0.1380 0.1325
2.8482 -0.1769 0.0494
2.7355 -0.1981 0.0986
2.6924 -0.2627 0.1158
2.6170 -0.1968 0.1680
2.5327 -0.2425 0.2117
2.6141 -0.3004 0.1546
2.5255 -0.3398 0.1948
2.6076 -0.3980 0.1396
2.5192 -0.4345 0.1736
2.8052 -0.3475 0.0555
2.6821 -0.3681 0.1072
2.5168 -0.5267 0.1487
2.7573 0.5119 0.0564
2.6572 0.4316 0.1075
2.7930 0.3446 0.0608
2.6831 0.3434 0.1096
2.5628 0.6473 0.0967
2.6153 0.5339 0.1048
2.4710 0.4659 0.1812
2.4113 0.3826 0.2303
2.5935 0.3507 0.1550
2.5663 0.4535 0.1446
2.5075 0.3724 0.1935
2.4526 0.2983 0.2392
-2.7017 -2.2148 0.0000
2.7675 3.6847 0.0000
2.6170 3.4622 0.0000
3.9724 -2.7363 0.0000
-2.9804 2.4831 0.0000
1.0742 -1.3885 0.0003
1.0632 -1.6831 0.0000
2.9354 4.1912 0.0000
2.6874 4.0249 0.0000
-2.5039 3.6918 0.0000
-2.4242 3.2053 0.0000
-2.5957 3.4450 0.0000
-2.6913 3.2083 0.0000
-2.9115 3.2983 0.0000
-4.1219 3.7431 0.0000
-4.4491 3.7037 0.0000
3.1409 -2.8604 0.0000
2.9521 -3.0699 0.0000
0.7632 -3.8015 0.0000
0.6297 -4.0270 0.0000
-4.5392 0.0143 0.0000
-2.7059 -2.8408 0.0000
-2.9586 -2.9669 0.0000
-4.5304 3.9941 0.0000
-3.9927 -2.8377 0.0000
-4.2596 -2.9641 0.0000
-4.0156 -3.1224 0.0000
-4.2748 -3.2499 0.0000
1.6513 -1.1500 0.0086
1.3590 -1.2567 0.0017
-1.7056 4.7624 0.0000
-2.0194 4.7614 0.0000
3.5224 1.1657 0.0000
-2.9804 -4.7698 0.0000
-3.1196 1.2388 0.0002
-3.3905 1.1032 0.0000
-3.1806 0.9249 0.0004
3.0944 0.9037 0.0012
2.8989 0.7061 0.0136
1.6030 4.5043 0.0000
1.9257 4.2659 0.0000
1.6615 4.2095 0.0000
1.3786 -4.2646 0.0000
-0.6841 0.4846 0.0047
-0.8853 0.6399 0.0058
-1.0121 0.3949 0.0151
1.9030 0.6605 0.1087
1.8375 0.7320 0.0762
1.6889 0.6568 0.0629
1.8088 0.6030 0.1018
1.7765 0.5181 0.1140
1.6782 0.5332 0.0837
1.4492 0.3710 0.0527
1.5123 0.5873 0.0417
1.3028 0.5279 0.0225
1.2706 0.2902 0.0304
1.2680 0.0677 0.0366
-4.0526 -0.0097 0.0000
-4.1328 -0.2679 0.0000
3.1405 -4.5220 0.0000
3.5340 -1.4936 0.0000
3.7253 -1.7126 0.0000
3.6552 -1.9907 0.0000
0.9473 -3.9983 0.0000
0.7890 -4.2565 0.0000
0.3434 1.1914 0.0002
0.9276 -4.5048 0.0000
1.0758 -4.7565 0.0000
4.5290 2.2186 0.0000
-0.7011 1.2280 0.0003
-0.8009 0.9398 0.0016
-0.9826 1.1498 0.0010
-1.2186 1.0413 0.0040
1.9198 -2.7415 0.0000
-0.9423 -0.2771 0.0131
-1.1006 -0.4519 0.0173
1.4981 2.4510 0.0000
3.4967 3.6367 0.0000
4.2763 -0.4798 0.0000
4.2761 -0.8167 0.0000
4.1057 -0.6412 0.0000
-0.9278 -2.2131 0.0000
-1.1911 -2.1160 0.0000
-1.1478 -2.4192 0.0000
-1.4475 -2.4677 0.0000
-1.5354 3.5506 0.0000
-1.8627 3.3232 0.0000
-2.1394 3.2695 0.0000
-2.2130 3.0025 0.0000
3.9772 -3.2462 0.0000
3.7191 -3.3142 0.0000
-0.6038 4.4931 0.0000
2.4818 -2.1512 0.0000
2.6231 -2.3466 0.0000
2.4006 -2.7673 0.0000
-3.6345 1.2234 0.0000
-3.9815 1.0143 0.0000
-3.6973 0.9879 0.0000
-3.8331 0.7761 0.0000
-3.9243 0.5291 0.0000
3.9497 0.9859 0.0000
3.9655 0.7292 0.0000
3.7147 0.6928 0.0000
3.6772 0.9281 0.0000
3.4732 0.6274 0.0000
-4.1476 2.5029 0.0000
-4.2511 2.2593 0.0000
3.2354 0.3366 0.0008
2.9617 0.2307 0.0193
3.1575 0.0475 0.0025
4.5056 3.3790 0.0000
4.2707 3.2360 0.0000
4.2492 2.9399 0.0000
-4.7565 1.1154 0.0000
0.6368 4.0213 0.0000
0.3795 4.0374 0.0000
-0.4090 2.0853 0.0000
-0.6814 2.0159 0.0000
1.9084 0.9057 0.0491
1.7132 0.9868 0.0209
1.6796 0.8235 0.0356
1.4836 0.7915 0.0206
-0.1160 0.6182 0.0013
-0.2004 0.3373 0.0024
-0.3225 0.0644 0.0034
3.1384 -1.7769 0.0000
2.9113 -1.9240 0.0000
3.1454 -2.0423 0.0000
2.8394 -2.1890 0.0000
1.4269 2.2024 0.0000
1.8494 -4.1580 0.0000
1.6572 -4.3047 0.0000
1.5006 -4.5239 0.0000
0.0762 3.5846 0.0000
-4.4943 -2.5084 0.0000
-4.7517 -2.6535 0.0000
-0.6273 -0.7509 0.0016
-0.8622 -0.8589 0.0023
3.5259 -0.1990 0.0000
-0.0314 -3.1836 0.0000
0.1804 -3.3243 0.0000
0.0327 -3.5268 0.0000
4.7476 4.2393 0.0000
4.7354 3.9901 0.0000
4.4876 3.9573 0.0000
0.4838 -4.2662 0.0000
0.4711 -4.7559 0.0000
3.7698 -2.5074 0.0000
3.6894 -2.7863 0.0000
-2.2928 1.0928 0.0464
-2.1109 0.9761 0.0731
-2.2237 0.9588 0.0826
-2.1129 0.8688 0.1075
-2.2023 0.8621 0.1159
-2.3237 0.9234 0.0908
-2.4428 0.8613 0.0960
-2.3624 0.8392 0.1168
-2.2763 0.8379 0.1249
-2.2661 0.7552 0.1603
-2.2911 0.6646 0.2009
-2.3566 0.7606 0.1490
-2.3715 0.6819 0.1807
-2.3965 0.5987 0.2124
-2.4367 0.9790 0.0630
-2.4479 0.7636 0.1291
-2.4614 0.6662 0.1630
-2.5510 0.8409 0.0779
-2.5412 0.7238 0.1149
-2.5479 0.6306 0.1431
1.8136 -0.5230 0.1195
1.8027 -0.6356 0.0904
1.8266 -0.4237 0.1475
1.7411 -0.4603 0.1118
1.7066 -0.5501 0.0849
1.5614 -0.5163 0.0584
1.6446 -0.6851 0.0503
4.2942 -2.3776 0.0000
4.0376 -2.4448 0.0000
-2.7561 4.5337 0.0000
-2.7790 4.3059 0.0000
-3.0187 4.2786 0.0000
-3.0069 4.0248 0.0000
2.4118 0.8549 0.0746
2.4146 0.7354 0.1077
2.3820 0.6404 0.1453
2.3258 0.7245 0.1234
2.2906 0.6316 0.1606
2.3354 0.5486 0.1878
2.1946 0.6129 0.1698
2.2451 0.5462 0.1969
-3.8936 4.2652 0.0000
1.5718 1.8909 0.0001
1.9172 0.0487 0.2508
1.8920 -0.0449 0.2388
1.8204 0.0173 0.2068
1.7957 -0.0768 0.1927
1.8694 -0.1387 0.2204
1.8513 -0.2334 0.1980
1.8366 -0.3286 0.1730
1.7746 -0.1723 0.1744
1.7581 -0.2683 0.1538
1.7448 -0.3646 0.1318
1.6800 -0.2080 0.1327
1.6673 -0.3083 0.1151
1.5677 -0.3658 0.0788
1.6635 -0.4207 0.0963
-3.5540 -0.1366 0.0000
-3.8353 -0.2173 0.0000
-1.0125 2.6963 0.0000
-1.0791 2.4157 0.0000
-4.4833 4.2383 0.0000
-2.1708 -3.1493 0.0000
4.0777 -4.5168 0.0000
3.7673 -4.5326 0.0000
3.9151 -4.7629 0.0000
-4.7336 -0.1841 0.0000
1.8602 3.7246 0.0000
1.8059 3.4533 0.0000
1.4147 4.3498 0.0000
1.1570 4.2573 0.0000
-0.1304 -0.9058 0.0004
-0.2131 -1.1768 0.0001
-0.5000 -1.2665 0.0001
-4.5128 -0.9171 0.0000
-0.2765 -1.4531 0.0000
-0.5370 -1.5479 0.0000
-0.7632 -1.7055 0.0000
0.8076 1.8029 0.0000
2.5893 -3.9637 0.0000
2.4363 -4.2154 0.0000
2.1448 -4.1666 0.0000
1.9979 -4.4149 0.0000
-2.2705 -4.4966 0.0000
3.9767 3.9582 0.0000
3.7333 3.8038 0.0000
1.5797 -2.2726 0.0000
1.4851 -2.5305 0.0000
1.1777 -2.5689 0.0000
0.9441 -2.7106 0.0000
-0.5083 1.7945 0.0000
-0.7955 1.7311 0.0000
-1.0572 1.6520 0.0001
-0.8906 1.4402 0.0002
-1.1532 1.3554 0.0006
2.2280 -1.2486 0.0158
2.1096 2.4361 0.0000
1.9778 2.1923 0.0000
-2.7509 4.0492 0.0000
1.1348 1.2365 0.0011
3.8837 -3.0152 0.0000
3.5939 -3.0625 0.0000
-3.7792 -3.2832 0.0000
0.4347 4.2829 0.0000
-2.0661 0.7852 0.1326
-2.1012 0.6992 0.1744
-2.1690 0.7773 0.1485
-2.1965 0.6822 0.1936
-2.1299 0.6073 0.2226
-2.1609 0.5145 0.2745
-2.2242 0.5873 0.2420
-2.2638 0.4912 0.2911
-2.1825 0.4239 0.3237
-2.2716 0.3939 0.3401
-2.2051 0.3310 0.3709
-2.3144 0.5784 0.2407
-2.3696 0.5030 0.2658
-2.3443 0.4192 0.3138
-2.4404 0.4292 0.2721
-2.5182 0.3725 0.2501
-2.3906 0.3481 0.3297
-2.4685 0.3065 0.3045
-2.5548 0.1671 0.2779
-2.3037 0.3068 0.3756
-2.2177 0.1509 0.4367
-2.3055 0.2024 0.4142
-2.3011 0.1044 0.4390
-2.3851 0.0579 0.4133
-2.3859 0.2529 0.3689
-2.3875 0.1542 0.3968
-2.4691 0.2073 0.3344
-2.4738 0.1089 0.3510
-2.5629 0.0624 0.2838
-3.2529 -4.2679 0.0000
-3.4152 -4.5189 0.0000
-3.5812 -4.7618 0.0000
1.6728 -2.7258 0.0000
1.6320 -2.9633 0.0000
2.2499 2.6791 0.0000
-3.2464 3.8236 0.0000
-3.6049 1.8063 0.0000
-3.4364 1.6314 0.0000
-3.7048 1.5147 0.0000
-3.8872 1.2676 0.0000
-4.7555 -4.7633 0.0000
-1.4923 -4.5017 0.0000
-1.7457 -4.4594 0.0000
-1.6578 -4.7472 0.0000
-1.9118 -4.7052 0.0000
-2.1290 -4.7390 0.0000
