5.0000 5.0000 0.0000
0.0000 5.0000 0.0000
2.5000 5.0000 0.0000
3.7500 5.0000 0.0000
4.3750 5.0000 0.0000
4.6875 5.0000 0.0000
4.0625 5.0000 0.0000
3.1250 5.0000 0.0000
3.4375 5.0000 0.0000
2.8125 5.0000 0.0000
1.2500 5.0000 0.0000
1.8750 5.0000 0.0000
2.1875 5.0000 0.0000
1.5625 5.0000 0.0000
0.6250 5.0000 0.0000
0.9375 5.0000 0.0000
0.3125 5.0000 0.0000
-2.5000 5.0000 0.0000
-1.2500 5.0000 0.0000
-0.6250 5.0000 0.0000
-0.3125 5.0000 0.0000
-0.9375 5.0000 0.0000
-1.8750 5.0000 0.0000
-1.5625 5.0000 0.0000
-2.1875 5.0000 0.0000
-3.7500 5.0000 0.0000
-3.1250 5.0000 0.0000
-2.8125 5.0000 0.0000
-3.4375 5.0000 0.0000
-4.3750 5.0000 0.0000
-4.0625 5.0000 0.0000
-4.6875 5.0000 0.0000
5.0000 -5.0000 0.0000
5.0000 0.0000 0.0000
5.0000 -2.5000 0.0000
5.0000 -3.7500 0.0000
5.0000 -4.3750 0.0000
5.0000 -4.6875 0.0000
5.0000 -4.0625 0.0000
5.0000 -3.1250 0.0000
5.0000 -3.4375 0.0000
5.0000 -2.8125 0.0000
5.0000 -1.2500 0.0000
5.0000 -1.8750 0.0000
5.0000 -2.1875 0.0000
5.0000 -1.5625 0.0000
5.0000 -0.6250 0.0000
5.0000 -0.9375 0.0000
5.0000 -0.3125 0.0000
5.0000 2.5000 0.0000
5.0000 1.2500 0.0000
5.0000 0.6250 0.0000
5.0000 0.3125 0.0000
5.0000 0.9375 0.0000
5.0000 1.8750 0.0000
5.0000 1.5625 0.0000
5.0000 2.1875 0.0000
5.0000 3.7500 0.0000
5.0000 3.1250 0.0000
5.0000 2.8125 0.0000
5.0000 3.4375 0.0000
5.0000 4.3750 0.0000
5.0000 4.0625 0.0000
5.0000 4.6875 0.0000
-5.0000 -5.0000 0.0000
0.0000 -5.0000 0.0000
-2.5000 -5.0000 0.0000
-3.7500 -5.0000 0.0000
-4.3750 -5.0000 0.0000
-4.6875 -5.0000 0.0000
-4.0625 -5.0000 0.0000
-3.1250 -5.0000 0.0000
-3.4375 -5.0000 0.0000
-2.8125 -5.0000 0.0000
-1.2500 -5.0000 0.0000
-1.8750 -5.0000 0.0000
-2.1875 -5.0000 0.0000
-1.5625 -5.0000 0.0000
-0.6250 -5.0000 0.0000
-0.9375 -5.0000 0.0000
-0.3125 -5.0000 0.0000
2.5000 -5.0000 0.0000
1.2500 -5.0000 0.0000
0.6250 -5.0000 0.0000
0.3125 -5.0000 0.0000
0.9375 -5.0000 0.0000
1.8750 -5.0000 0.0000
1.5625 -5.0000 0.0000
2.1875 -5.0000 0.0000
3.7500 -5.0000 0.0000
3.1250 -5.0000 0.0000
2.8125 -5.0000 0.0000
3.4375 -5.0000 0.0000
4.3750 -5.0000 0.0000
4.0625 -5.0000 0.0000
4.6875 -5.0000 0.0000
-5.0000 5.0000 0.0000
-5.0000 0.0000 0.0000
-5.0000 2.5000 0.0000
-5.0000 3.7500 0.0000
-5.0000 4.3750 0.0000
-5.0000 4.6875 0.0000
-5.0000 4.0625 0.0000
-5.0000 3.1250 0.0000
-5.0000 3.4375 0.0000
-5.0000 2.8125 0.0000
-5.0000 1.2500 0.0000
-5.0000 1.8750 0.0000
-5.0000 2.1875 0.0000
-5.0000 1.5625 0.0000
-5.0000 0.6250 0.0000
-5.0000 0.9375 0.0000
-5.0000 0.3125 0.0000
-5.0000 -2.5000 0.0000
-5.0000 -1.2500 0.0000
-5.0000 -0.6250 0.0000
-5.0000 -0.3125 0.0000
-5.0000 -0.9375 0.0000
-5.0000 -1.8750 0.0000
-5.0000 -1.5625 0.0000
-5.0000 -2.1875 0.0000
-5.0000 -3.7500 0.0000
-5.0000 -3.1250 0.0000
-5.0000 -2.8125 0.0000
-5.0000 -3.4375 0.0000
-5.0000 -4.3750 0.0000
-5.0000 -4.0625 0.0000
-5.0000 -4.6875 0.0000
-1.9486 0.2811 0.3008
-2.0405 0.2563 0.3545
-2.2431 0.2225 0.4147
-2.1835 0.1558 0.4310
-1.9638 0.1892 0.3349
-1.9874 0.1024 0.3652
-2.0623 0.1630 0.3916
-2.1186 0.1022 0.4262
-2.2838 0.1361 0.4352
-2.3080 0.0447 0.4436
-3.4762 -2.1223 0.0000
1.0928 4.7494 0.0000
2.6659 4.7210 0.0000
2.3408 4.7628 0.0000
3.2982 1.5991 0.0000
-0.9145 2.5056 0.0000
-1.0798 2.3182 0.0000
-1.4575 2.2871 0.0000
-3.6195 -4.2841 0.0000
3.2380 -3.3587 0.0000
2.9890 -3.3424 0.0000
2.7190 -3.4215 0.0000
4.1170 -2.1428 0.0000
3.8176 -2.1260 0.0000
-3.7554 -4.0575 0.0000
-3.5356 0.8719 0.0000
-3.6134 0.6156 0.0000
-3.8371 0.7632 0.0000
-4.2546 -2.9408 0.0000
-4.5124 -3.0883 0.0000
-2.2914 1.4935 0.0055
-0.4442 0.7280 0.0015
1.6432 4.0554 0.0000
-4.0415 -4.5311 0.0000
0.7729 3.0781 0.0000
3.3709 -1.5151 0.0000
0.2310 -2.0589 0.0000
1.7822 -2.9521 0.0000
1.1577 2.6916 0.0000
2.2675 -0.5616 0.1934
2.2343 -0.6560 0.1577
2.2389 -0.7562 0.1212
2.1570 -0.7223 0.1300
2.1224 -0.6413 0.1558
2.0706 -0.7268 0.1190
2.0755 -0.8150 0.0921
1.8925 -1.0422 0.0284
-3.6283 -1.8658 0.0000
-3.2290 2.9059 0.0000
4.3793 -1.6374 0.0000
4.2540 -1.8914 0.0000
4.1144 -1.6361 0.0000
3.9752 -1.8932 0.0000
-1.8570 1.0591 0.0332
2.4226 2.5758 0.0000
-3.2278 1.8997 0.0000
-3.4780 1.7925 0.0000
-3.7533 1.8541 0.0000
-2.9326 -3.4627 0.0000
-3.1150 -3.6978 0.0000
3.4154 2.4622 0.0000
-2.0500 1.9445 0.0002
-2.2857 1.9864 0.0002
-2.3419 1.7576 0.0010
-2.6049 1.8723 0.0002
-2.5565 1.5630 0.0022
0.1461 2.5718 0.0000
1.4315 1.9780 0.0000
1.1927 1.8298 0.0000
3.3239 1.8810 0.0000
3.0407 1.7505 0.0000
-3.9802 3.6339 0.0000
3.3763 2.1730 0.0000
3.1099 2.0582 0.0000
-4.2857 -1.5161 0.0000
-2.8065 1.6291 0.0004
-2.7596 1.3219 0.0034
-3.0187 1.4311 0.0002
-3.2724 1.0213 0.0001
1.9025 -2.1741 0.0000
-1.8005 1.5605 0.0018
-1.1702 4.0338 0.0000
2.3018 -0.8166 0.0993
2.2191 -0.8932 0.0779
2.1630 -0.8116 0.1004
2.0854 -0.9620 0.0552
2.0719 -1.1985 0.0190
2.6021 -4.4873 0.0000
2.4295 -4.7289 0.0000
2.1981 -4.7499 0.0000
2.7954 0.3952 0.0556
2.7456 0.2973 0.0849
2.7605 0.2173 0.0846
2.6889 0.1963 0.1244
2.6552 0.2889 0.1324
2.6044 0.1953 0.1757
2.6576 0.1176 0.1497
2.8419 0.1493 0.0531
2.7329 0.0907 0.1060
2.8176 -0.0016 0.0651
2.7019 -0.0002 0.1260
2.6780 -0.0958 0.1383
2.7794 -0.0912 0.0814
-0.8213 1.0436 0.0011
-1.0021 0.8068 0.0049
-1.1946 0.5898 0.0186
0.3604 -3.8554 0.0000
0.2793 -4.1067 0.0000
0.1072 -4.2586 0.0000
3.6871 2.5652 0.0000
1.6036 -2.6955 0.0000
0.7868 0.6329 0.0032
0.8010 0.3459 0.0058
0.3713 0.5533 0.0018
0.5784 0.4445 0.0029
0.4892 0.2172 0.0031
3.1471 -4.4700 0.0000
2.8634 -4.5440 0.0000
2.6992 -4.7644 0.0000
-2.9332 2.9120 0.0000
-2.0033 0.8419 0.1061
-1.8931 0.8768 0.0764
-1.8267 0.7640 0.0922
-1.9439 0.7626 0.1212
-2.0505 0.7625 0.1434
-2.0000 0.6832 0.1643
-2.1044 0.6813 0.1870
-2.0556 0.6011 0.2133
-2.1615 0.5930 0.2369
-2.1850 0.4904 0.2911
-2.2615 0.5455 0.2636
-2.2799 0.4593 0.3061
-2.3769 0.3784 0.3209
-4.4843 -0.9304 0.0000
-4.7348 -0.9643 0.0000
-0.0630 1.1671 0.0002
-0.5375 1.0027 0.0007
-3.9155 -4.2623 0.0000
-4.1935 -4.3133 0.0000
-4.3495 -4.5208 0.0000
3.2978 4.7684 0.0000
1.6758 2.1332 0.0000
-2.7212 3.4980 0.0000
-1.9726 -1.1081 0.0326
-2.1103 -1.2780 0.0169
3.4428 -3.1526 0.0000
1.9487 1.6910 0.0009
1.7256 1.5527 0.0012
0.0232 1.4003 0.0001
4.7664 -3.2864 0.0000
-2.1956 4.0985 0.0000
-0.4258 2.4084 0.0000
-0.5134 2.1539 0.0000
2.9041 -1.5081 0.0004
2.8664 -1.7785 0.0001
3.4540 -0.6491 0.0000
3.4572 -0.9404 0.0000
3.2029 -1.0646 0.0002
-4.0091 -3.1346 0.0000
-4.2833 -3.2329 0.0000
4.7513 -1.0827 0.0000
4.4970 -1.2426 0.0000
0.9297 4.2183 0.0000
0.7809 -3.2646 0.0000
0.5497 -3.4172 0.0000
0.4843 -3.6349 0.0000
-0.2121 -2.6789 0.0000
1.6671 -4.7484 0.0000
2.1731 -0.5683 0.1890
2.0801 -0.5510 0.1824
2.0249 -0.6358 0.1415
1.9829 -0.7289 0.1042
1.9570 -0.8538 0.0675
1.9256 -0.6433 0.1173
1.9685 -0.5525 0.1557
1.8617 -0.5652 0.1226
1.8178 -0.6588 0.0885
1.8697 -0.7481 0.0785
1.6929 -0.7110 0.0542
1.7584 -0.8684 0.0395
1.6449 -1.0717 0.0120
1.1029 3.7324 0.0000
1.1570 -3.9750 0.0000
-2.0677 3.8305 0.0000
-2.3576 3.8868 0.0000
-2.5280 3.6551 0.0000
3.2043 2.9357 0.0000
2.9396 2.8313 0.0000
2.2002 -2.6944 0.0000
-4.7598 -1.4382 0.0000
-4.7452 -1.7045 0.0000
0.5791 3.8379 0.0000
0.7993 3.3774 0.0000
-1.0730 -1.1947 0.0010
-0.9666 -4.7468 0.0000
-1.2008 -4.7743 0.0000
-0.4802 4.7807 0.0000
-0.7816 4.7427 0.0000
3.1036 1.4577 0.0001
1.9889 0.4364 0.2010
2.0739 0.3868 0.2406
1.9841 0.3396 0.2290
1.9023 0.3925 0.1862
1.9860 0.2423 0.2547
1.9020 0.1947 0.2296
1.8977 0.2940 0.2087
1.8661 0.1142 0.2238
1.8016 0.1759 0.1889
1.7779 0.0741 0.1868
1.9375 0.0753 0.2593
1.8591 0.0197 0.2253
-2.8667 -1.9552 0.0000
-2.9787 -2.2051 0.0000
-2.8423 -2.4470 0.0000
1.8608 1.3464 0.0056
3.8208 1.8169 0.0000
3.5525 1.7030 0.0000
-2.3055 0.8412 0.1222
-2.3632 0.7860 0.1375
-2.2998 0.7194 0.1746
-2.2547 0.6282 0.2220
-2.4037 0.7035 0.1638
-2.3387 0.6339 0.2093
-2.4297 0.6131 0.1952
-2.3484 0.5492 0.2483
-2.4445 0.5207 0.2298
-2.3645 0.4637 0.2856
-2.4592 0.4288 0.2618
-2.4683 0.3311 0.2946
-2.5428 0.3832 0.2297
-2.0068 -2.0456 0.0001
-2.2768 -2.0095 0.0001
-3.6872 -3.6763 0.0000
-3.8930 -3.8771 0.0000
-4.1086 -4.0474 0.0000
-2.4639 0.7810 0.1185
-2.5023 0.6850 0.1415
-2.5638 0.7672 0.0945
-2.6847 0.7404 0.0626
-1.0847 -0.4666 0.0164
-0.2621 -1.8106 0.0000
1.3959 0.2283 0.0531
1.2110 0.1347 0.0288
1.6421 0.2110 0.1229
1.5501 0.1988 0.0937
1.7245 0.2352 0.1505
1.7106 0.1400 0.1547
1.6175 0.1231 0.1208
1.5725 0.0537 0.1078
1.4937 0.1084 0.0823
1.5021 -0.0163 0.0865
1.3813 0.0190 0.0570
1.3972 -0.1700 0.0569
-3.7780 -2.1048 0.0000
-1.6775 4.2120 0.0000
-1.9122 4.0334 0.0000
-0.9783 -4.4984 0.0000
-1.2245 -4.5286 0.0000
-3.4274 -4.4820 0.0000
-2.7496 -1.3990 0.0026
-2.9192 -1.5887 0.0003
-3.0683 -1.7967 0.0000
-4.0257 1.2241 0.0000
-4.5356 -4.3688 0.0000
-4.7846 -4.7876 0.0000
2.8511 3.6292 0.0000
2.9312 3.3970 0.0000
2.6871 3.2999 0.0000
-4.7609 -3.8686 0.0000
4.4979 -0.9459 0.0000
4.2453 -1.0746 0.0000
4.2406 -1.3734 0.0000
3.4477 -1.2421 0.0000
-2.4887 4.1607 0.0000
-2.7846 4.0539 0.0000
-3.6888 3.1669 0.0000
-3.8094 2.8768 0.0000
-3.6355 2.6300 0.0000
-3.9120 2.6109 0.0000
1.8225 -3.4759 0.0000
1.6387 -3.7091 0.0000
-2.4300 -2.2263 0.0000
-2.3136 -2.5492 0.0000
-2.5459 -2.4530 0.0000
-2.6609 -2.6802 0.0000
-2.7820 -2.9087 0.0000
-2.2071 2.2415 0.0000
-2.0591 4.7800 0.0000
-2.3472 4.7202 0.0000
0.5161 -3.1259 0.0000
2.2293 -1.7221 0.0010
-2.7251 -1.7374 0.0004
-3.9572 -3.6127 0.0000
-4.2845 1.0948 0.0000
-4.5333 0.9508 0.0000
-4.7691 0.7900 0.0000
2.1782 0.1628 0.3252
2.0935 0.1052 0.3166
2.3572 0.1228 0.3159
2.2684 0.0829 0.3392
2.1858 0.0730 0.3391
2.1927 -0.0157 0.3431
2.1093 0.0065 0.3275
2.0225 0.0435 0.2973
2.0402 -0.0545 0.3031
2.0489 -0.1436 0.2962
1.9598 -0.1180 0.2643
1.9565 -0.2085 0.2484
-4.1484 3.8814 0.0000
-3.6940 -2.3687 0.0000
-3.9770 -2.3624 0.0000
-1.8252 -0.8317 0.0732
-1.9754 -0.8356 0.0986
-1.9016 -0.9286 0.0612
-2.0750 -0.8293 0.1145
-2.0477 -0.9503 0.0727
-2.1519 -0.8934 0.0980
-2.1853 -1.0333 0.0584
-2.3485 -0.9740 0.0699
-2.3146 -1.1823 0.0294
-2.2869 -1.4723 0.0059
-2.5145 -1.0725 0.0347
-2.5185 -1.3020 0.0115
-2.5593 -1.5700 0.0022
0.2442 -1.6916 0.0000
0.0593 -1.8768 0.0000
-0.1333 -2.0342 0.0000
0.0288 -2.2230 0.0000
3.9578 2.6656 0.0000
4.2613 3.3416 0.0000
-4.7866 4.7803 0.0000
-4.7231 4.5105 0.0000
-4.7836 4.2184 0.0000
3.1785 2.6457 0.0000
3.1474 2.3536 0.0000
1.0712 -3.3716 0.0000
-3.9590 3.1105 0.0000
4.7451 -3.8966 0.0000
2.5502 0.1087 0.2197
2.5270 0.0125 0.2393
2.4340 -0.0303 0.2921
2.6234 0.0374 0.1756
2.6007 -0.0498 0.1903
2.5099 -0.0869 0.2464
2.4122 -0.1216 0.2945
2.5904 -0.1487 0.1901
2.5547 -0.2431 0.1987
2.4863 -0.1797 0.2485
2.4571 -0.2734 0.2441
2.3131 -0.1525 0.3219
2.3862 -0.2113 0.2886
2.3611 -0.3008 0.2731
2.2858 -0.2427 0.3056
2.2598 -0.3304 0.2810
2.3285 -0.3842 0.2535
2.2932 -0.4676 0.2279
2.2239 -0.4046 0.2552
2.1977 -0.4866 0.2227
2.1179 -0.4609 0.2230
-4.1519 4.4317 0.0000
-4.2942 4.1991 0.0000
0.5493 0.7598 0.0014
1.1512 2.4058 0.0000
-3.6961 -0.3097 0.0000
1.8863 -0.2649 0.2074
1.8148 -0.3239 0.1661
1.7514 -0.3999 0.1276
1.8463 -0.4144 0.1570
1.7977 -0.4892 0.1229
1.6875 -0.4774 0.0935
1.7399 -0.5746 0.0884
1.5721 -0.5851 0.0518
1.5106 -0.8018 0.0223
-1.6245 1.1080 0.0128
-3.9125 -0.1122 0.0000
-3.9920 -0.3801 0.0000
3.9287 2.3802 0.0000
3.6496 2.2800 0.0000
0.3728 2.3688 0.0000
2.1903 4.0674 0.0000
2.1255 3.8249 0.0000
0.9148 1.9831 0.0000
-1.3104 3.1616 0.0000
-3.8758 -2.6168 0.0000
-2.8480 -0.8710 0.0160
-3.0861 -1.0240 0.0011
-2.9955 -1.3049 0.0008
-3.2573 -1.2754 0.0000
-3.5050 -1.3199 0.0000
4.5647 4.0446 0.0000
2.2920 1.6132 0.0019
2.0819 1.4829 0.0038
-1.7332 2.1481 0.0000
-1.9622 2.1622 0.0000
1.3965 2.8512 0.0000
1.1445 2.9747 0.0000
0.1672 -4.7525 0.0000
0.7423 -4.2891 0.0000
-0.4273 -2.4409 0.0000
-1.2171 1.3362 0.0009
0.4601 -4.7504 0.0000
2.0701 -2.9496 0.0000
1.9444 -3.2103 0.0000
2.9829 -2.0424 0.0000
-4.7625 1.4027 0.0000
-1.3780 1.1094 0.0052
4.0642 -4.5122 0.0000
3.7681 -4.5105 0.0000
3.6034 -4.7563 0.0000
2.0954 1.2223 0.0163
1.9647 1.0678 0.0280
-3.7480 -4.5178 0.0000
3.4884 -0.3175 0.0000
3.2633 -0.1331 0.0006
3.0544 -0.2893 0.0069
3.2784 -0.4547 0.0003
3.0501 -0.5422 0.0046
-3.9638 -1.1902 0.0000
-4.2244 -1.2757 0.0000
-0.8856 -1.3525 0.0002
-1.1302 -1.5117 0.0002
-3.1067 -2.5076 0.0000
-3.3001 -2.6602 0.0000
-3.4585 -2.9118 0.0000
4.0193 4.5239 0.0000
3.8848 4.2716 0.0000
0.5212 -2.8216 0.0000
0.2670 -2.9833 0.0000
-0.2491 1.7295 0.0000
3.7026 -0.4947 0.0000
3.7134 -0.7897 0.0000
1.9586 -4.0344 0.0000
1.8350 -4.2657 0.0000
0.2288 0.3266 0.0023
0.0107 0.1256 0.0025
-0.2018 -0.0706 0.0027
4.7754 -1.9960 0.0000
4.6493 -2.1685 0.0000
-2.4412 -4.2600 0.0000
-2.2358 -4.4726 0.0000
-2.3431 -4.7410 0.0000
-0.6828 -4.2098 0.0000
-0.4873 -4.4287 0.0000
-0.7337 -4.4910 0.0000
-0.7214 -4.7398 0.0000
-2.4767 0.0688 0.3524
-2.5803 -0.0667 0.2679
-2.6722 -0.1268 0.1854
-2.3815 0.2945 0.3541
-2.4440 0.2295 0.3433
-2.4663 0.1551 0.3472
-2.5300 0.2661 0.2739
-2.5468 0.1771 0.2816
-2.5571 0.0927 0.2853
-2.6389 0.1319 0.2120
-2.5755 0.0181 0.2740
-2.6559 0.0449 0.2039
-2.7378 0.1101 0.1363
-2.7450 0.0239 0.1342
-2.6636 -0.0429 0.1976
-2.7502 -0.0689 0.1295
-2.7673 -0.1501 0.1139
-2.7000 -0.1943 0.1569
4.1876 -4.0406 0.0000
-2.5328 -4.5172 0.0000
-2.6631 -4.7597 0.0000
-2.9739 -4.7581 0.0000
3.6390 -4.2626 0.0000
-3.5265 -3.4241 0.0000
-3.8006 -3.3804 0.0000
2.6411 -2.4639 0.0000
-1.5344 1.3809 0.0020
-3.3322 2.1310 0.0000
-3.5779 2.0791 0.0000
-3.8662 2.0954 0.0000
-1.2569 -0.6449 0.0197
-1.4614 -0.5557 0.0522
-1.4449 -0.7808 0.0249
-1.6692 -0.8307 0.0467
-2.2583 1.2446 0.0227
3.1549 -1.3123 0.0001
3.1280 -1.5781 0.0000
4.2267 2.7673 0.0000
3.7262 0.6572 0.0000
0.2897 0.8359 0.0008
-2.5929 0.6513 0.1174
-2.6109 0.5549 0.1370
-2.5204 0.5863 0.1703
-2.5392 0.4899 0.1957
-2.6069 0.4400 0.1719
-2.6713 0.3890 0.1441
-2.7048 0.6008 0.0823
-2.6720 0.4884 0.1218
-2.7868 0.4922 0.0656
-2.6047 0.3254 0.2038
-2.6242 0.2307 0.2096
-2.6988 0.2925 0.1439
-2.7653 0.3696 0.0920
-2.7123 0.1945 0.1476
-2.7896 0.2471 0.0923
-2.8482 0.1391 0.0682
-0.2071 1.4583 0.0000
-0.3431 1.2299 0.0002
-1.0460 1.6041 0.0001
-2.0179 0.9662 0.0697
-2.1388 0.9593 0.0810
-2.0960 0.8550 0.1136
-2.1465 0.7747 0.1505
-2.1947 0.8648 0.1160
-2.2428 0.7876 0.1476
-2.1989 0.6962 0.1891
2.7350 1.7570 0.0003
2.5509 1.5404 0.0020
3.9791 2.9528 0.0000
-0.6796 -2.5327 0.0000
-0.8687 -2.7215 0.0000
-4.1843 2.5343 0.0000
-4.3083 2.3148 0.0000
0.6533 4.5011 0.0000
2.4043 2.2955 0.0000
2.1243 2.1620 0.0000
-0.7600 4.3449 0.0000
-0.8814 4.1231 0.0000
-0.9526 3.8423 0.0000
-4.2273 4.7272 0.0000
-4.5206 4.7557 0.0000
-4.4105 4.5116 0.0000
-4.5165 4.2938 0.0000
4.7558 -2.6610 0.0000
4.4870 -2.8932 0.0000
2.4857 -2.6981 0.0000
-4.2448 -2.3201 0.0000
-4.1921 -2.6257 0.0000
1.4004 4.7548 0.0000
0.9569 4.4913 0.0000
3.9075 -3.0979 0.0000
0.2848 -2.3606 0.0000
0.0529 -2.5258 0.0000
4.7522 2.9919 0.0000
-4.2660 -0.4751 0.0000
-4.2678 -0.7596 0.0000
-4.5184 -0.6337 0.0000
-0.6197 -1.4360 0.0001
-0.8346 -1.6287 0.0000
3.1939 0.7066 0.0007
2.9751 0.5709 0.0101
2.9699 0.2943 0.0169
2.7601 0.5542 0.0511
2.6724 0.3937 0.1071
4.5231 4.3842 0.0000
-3.0806 1.6842 0.0000
-3.2939 1.5886 0.0000
-3.2625 1.3131 0.0000
-3.5218 1.1717 0.0000
-4.7593 -0.7333 0.0000
-2.9627 -3.9763 0.0000
-2.9707 -4.2392 0.0000
-3.2338 -4.2500 0.0000
3.9710 -0.6315 0.0000
3.9205 -4.2489 0.0000
1.4619 1.6793 0.0003
1.2356 1.5294 0.0003
0.9886 1.3774 0.0003
-2.1489 -3.8938 0.0000
-3.7783 -0.5944 0.0000
3.7270 -3.5348 0.0000
3.4872 -3.4601 0.0000
1.6087 -1.3994 0.0020
3.2254 -3.6188 0.0000
3.7345 3.1446 0.0000
3.4729 3.0372 0.0000
0.6877 -3.7582 0.0000
0.5792 -3.9912 0.0000
0.4805 -4.2415 0.0000
2.8445 -3.1025 0.0000
4.5195 -2.6389 0.0000
4.2628 -2.7002 0.0000
4.2327 -2.9937 0.0000
1.7147 -3.9566 0.0000
-4.3684 3.9641 0.0000
-4.5071 3.7509 0.0000
0.0741 2.2836 0.0000
-0.1374 2.4940 0.0000
-0.2084 2.2199 0.0000
-1.2624 0.8581 0.0100
2.0570 -2.4409 0.0000
1.9071 -2.6958 0.0000
0.4103 4.3430 0.0000
0.1076 4.2164 0.0000
-2.8859 -0.1536 0.0518
-3.1164 -0.2198 0.0053
0.7814 4.7490 0.0000
-0.0287 1.9820 0.0000
-0.6401 2.6071 0.0000
-0.7230 2.3247 0.0000
4.2626 1.4732 0.0000
2.8465 -0.2080 0.0486
-1.1571 -0.2461 0.0284
-1.3792 0.0535 0.0762
-1.2444 -0.0479 0.0470
-1.4019 -0.0812 0.0821
-1.5063 -0.1050 0.1143
-1.3456 -0.2088 0.0619
-1.4735 -0.1811 0.0991
-1.5587 -0.2163 0.1259
-1.3229 -0.4055 0.0424
-1.4595 -0.2910 0.0851
-0.5817 -3.9312 0.0000
3.8892 4.7621 0.0000
-4.3070 0.7965 0.0000
-4.5391 0.6468 0.0000
-4.7620 0.4786 0.0000
4.3732 -3.2288 0.0000
4.1025 -3.2334 0.0000
3.4750 1.3990 0.0000
3.2342 1.2400 0.0001
-3.8373 4.2810 0.0000
-4.0446 4.1447 0.0000
-3.8727 3.9102 0.0000
-2.4200 3.1023 0.0000
-2.6316 2.9290 0.0000
0.2881 -3.3164 0.0000
-0.0022 -3.4187 0.0000
3.2583 -3.8893 0.0000
3.0214 -3.8697 0.0000
-3.3652 -1.8118 0.0000
0.7227 4.2917 0.0000
0.5966 4.1170 0.0000
0.3397 4.0366 0.0000
-0.3886 -4.1500 0.0000
1.3743 -3.7584 0.0000
-0.8292 1.7957 0.0000
-1.0465 1.9176 0.0000
-1.6291 -3.8983 0.0000
-1.8690 -3.7657 0.0000
-1.9048 -4.0360 0.0000
2.7485 1.0331 0.0122
2.5997 0.8617 0.0454
2.3318 0.8081 0.0963
2.5160 0.7107 0.0939
2.4582 0.7961 0.0837
2.3863 0.7394 0.1118
4.7631 -2.9437 0.0000
4.5837 -3.1281 0.0000
-2.1586 -2.8081 0.0000
-3.8633 0.4704 0.0000
-0.3834 -2.9501 0.0000
-0.5600 -3.1575 0.0000
0.8627 -0.4536 0.0061
0.7050 -0.6978 0.0022
0.3811 -0.5535 0.0016
0.4728 -0.7706 0.0011
-1.4981 0.2420 0.0982
-1.5334 0.1736 0.1167
-1.5973 0.1167 0.1465
-1.3860 0.1966 0.0715
-1.4739 0.1149 0.1008
-1.5361 0.0568 0.1252
-1.4767 -0.0054 0.1056
-1.5721 -0.0349 0.1409
-1.6330 0.0316 0.1672
-1.6709 -0.0635 0.1854
3.5848 4.7477 0.0000
3.7256 4.5097 0.0000
3.4250 4.4692 0.0000
-1.3200 1.5720 0.0003
-2.0937 -0.3334 0.3456
-2.1222 -0.4411 0.3027
-2.2125 -0.4526 0.3095
-2.2704 -0.5144 0.2756
-2.3316 -0.5843 0.2308
-2.1763 -0.2746 0.3907
-2.1919 -0.3673 0.3513
-2.2990 -0.4089 0.3269
-2.3650 -0.4866 0.2724
-2.1621 -0.5336 0.2620
-2.2385 -0.6068 0.2280
-2.3039 -0.6800 0.1870
-2.3606 -0.3319 0.3469
-2.4144 -0.4006 0.2948
-2.4669 -0.4838 0.2340
-2.4219 -0.5678 0.2150
-2.3969 -0.6558 0.1819
-2.4888 -0.6597 0.1524
-2.4404 -0.7371 0.1367
-2.5302 -0.7746 0.0999
-2.5692 -0.4883 0.1785
-2.5079 -0.5748 0.1779
-2.5914 -0.5899 0.1348
-2.6625 -0.6341 0.0924
-2.5693 -0.6780 0.1168
-2.6826 -0.7389 0.0637
-2.2127 -0.7066 0.1775
-2.3519 -0.7546 0.1469
-2.2672 -0.7844 0.1416
-2.3394 -0.8553 0.1084
-2.4237 -0.8207 0.1093
-2.4709 -0.8989 0.0768
-2.6309 -0.9070 0.0460
-2.7684 -1.1195 0.0100
2.8677 4.1699 0.0000
1.7987 -4.5001 0.0000
-4.1387 0.0547 0.0000
-4.2351 -0.1842 0.0000
0.4515 4.7082 0.0000
0.1904 4.5096 0.0000
-1.8532 3.6982 0.0000
-2.6299 3.9028 0.0000
-2.8317 3.7316 0.0000
-3.0933 3.6701 0.0000
-2.9470 3.4138 0.0000
1.0657 -2.2902 0.0000
-1.9363 -4.3079 0.0000
-1.9915 -4.5460 0.0000
2.6727 -1.5904 0.0009
-4.0976 -3.4087 0.0000
-4.2967 -3.5605 0.0000
2.3156 -1.2963 0.0125
2.0857 -1.4703 0.0045
0.9475 -2.0678 0.0000
0.7397 -2.2166 0.0000
0.6432 2.4531 0.0000
3.9782 1.0860 0.0000
3.7283 0.9448 0.0000
-3.5220 1.4665 0.0000
-3.7717 1.3311 0.0000
-2.9506 -3.0359 0.0000
-3.0442 -3.2286 0.0000
-3.2484 -3.4254 0.0000
3.7135 -3.2548 0.0000
0.1536 4.7589 0.0000
-0.1198 4.7562 0.0000
-0.9294 1.3208 0.0003
-1.0961 1.0796 0.0022
-3.3139 -0.7726 0.0001
0.6168 -1.0166 0.0006
0.3599 -1.2117 0.0002
0.1490 -1.4106 0.0000
-4.1188 2.8300 0.0000
-4.3952 2.6630 0.0000
4.2500 -3.5088 0.0000
-4.7643 1.7055 0.0000
2.2591 1.0748 0.0361
2.4061 0.9227 0.0594
2.2564 0.8975 0.0738
2.1958 0.8061 0.1006
2.1041 0.9431 0.0587
1.8464 0.9098 0.0419
1.9889 0.8432 0.0730
-1.8107 1.2896 0.0087
4.5333 -3.4371 0.0000
4.7647 -3.5948 0.0000
4.5492 -1.5073 0.0000
-1.5147 1.9900 0.0000
-1.7968 1.8639 0.0003
-2.9223 2.3991 0.0000
-3.0540 2.1415 0.0000
-2.3998 3.4336 0.0000
-0.9093 2.1377 0.0000
3.6834 -1.8726 0.0000
3.4076 -1.8098 0.0000
3.1421 -1.8097 0.0000
3.5375 -2.1142 0.0000
3.2676 -2.0769 0.0000
3.1049 -2.3130 0.0000
1.2078 -0.8065 0.0073
-3.5844 -4.7488 0.0000
-1.4979 3.3514 0.0000
-1.6636 3.1566 0.0000
-1.9359 3.2344 0.0000
-1.8435 2.9654 0.0000
0.6119 -1.6805 0.0000
0.4185 -1.8732 0.0000
-2.5150 2.6547 0.0000
-2.7889 2.6639 0.0000
1.3155 -2.7395 0.0000
2.1254 3.5601 0.0000
2.1288 3.2869 0.0000
0.6803 2.7631 0.0000
-0.0930 -4.0509 0.0000
-0.1760 -4.3071 0.0000
-0.2633 -4.5353 0.0000
-0.4566 -4.7335 0.0000
-2.5200 4.4815 0.0000
-2.7432 4.2782 0.0000
-2.1130 4.5420 0.0000
-2.2876 4.3658 0.0000
-0.0996 -0.6154 0.0010
-0.3447 -0.7788 0.0008
-0.5337 -0.9596 0.0006
-0.7167 -1.1500 0.0004
1.5119 -2.4378 0.0000
1.2817 -2.4803 0.0000
1.5017 -2.9736 0.0000
1.3477 -3.2452 0.0000
-1.4920 -1.0176 0.0123
-1.7432 -1.0468 0.0240
-1.5945 -1.2754 0.0050
-0.9402 4.5161 0.0000
-1.0866 4.7582 0.0000
-1.2488 4.5143 0.0000
-1.7869 -0.4858 0.1635
-1.9798 -0.5839 0.1951
-2.0716 -0.5669 0.2278
-2.0631 -0.6541 0.1849
-2.1500 -0.6324 0.2095
-1.9008 -0.6484 0.1475
-1.9864 -0.6749 0.1593
-2.0245 -0.7520 0.1365
-2.1138 -0.7291 0.1593
-2.1753 -0.8012 0.1337
-2.2466 -0.8851 0.1025
-1.2203 -0.9394 0.0060
3.9853 -2.8622 0.0000
3.6544 -2.9328 0.0000
4.2034 2.4807 0.0000
-1.8511 -1.7929 0.0004
-2.1253 -1.7722 0.0007
1.5630 4.5209 0.0000
-4.5295 2.4598 0.0000
4.2131 -4.7585 0.0000
1.0930 3.9635 0.0000
0.8361 3.9658 0.0000
-4.7660 1.0986 0.0000
1.2566 0.3777 0.0258
0.7359 0.1112 0.0060
-0.3330 -2.1777 0.0000
-0.1708 -2.3820 0.0000
-3.7508 1.6152 0.0000
-4.0057 1.5339 0.0000
-0.3372 1.9810 0.0000
-0.5399 1.7892 0.0000
2.3506 1.3234 0.0101
0.6961 -1.9426 0.0000
0.4956 -2.1763 0.0000
2.0953 0.7902 0.0998
2.0283 0.7244 0.1127
2.0962 0.6691 0.1409
1.9731 0.6552 0.1254
1.9089 0.7368 0.0890
1.8504 0.6473 0.1010
2.0427 0.6060 0.1553
1.9235 0.5913 0.1344
1.9968 0.5368 0.1697
1.9109 0.4931 0.1606
1.8252 0.4529 0.1450
1.7510 0.5067 0.1096
1.7275 0.4183 0.1211
1.8109 0.3597 0.1617
1.8105 0.2675 0.1793
1.4491 4.2644 0.0000
1.3583 3.9806 0.0000
-4.0476 -2.0850 0.0000
-1.7292 -0.1358 0.2108
-1.5945 -0.1256 0.1473
-1.6547 -0.1814 0.1692
-1.6433 -0.2725 0.1526
-1.7340 -0.2343 0.1999
-1.7208 -0.3336 0.1749
-1.7948 -0.3926 0.1932
-1.8119 -0.2964 0.2264
-1.9086 -0.2548 0.2887
-1.8874 -0.3517 0.2484
-1.9855 -0.3221 0.3063
-2.0373 -0.4046 0.2943
-1.8735 -0.4520 0.2084
-1.9563 -0.4131 0.2579
-1.9620 -0.4987 0.2252
-2.0463 -0.4913 0.2572
1.8926 3.1433 0.0000
1.8813 2.8644 0.0000
1.6292 3.0064 0.0000
1.6477 2.7131 0.0000
-1.7603 -4.7591 0.0000
-2.0500 0.0477 0.4043
-2.1386 0.0084 0.4411
-2.0641 -0.0521 0.4109
-2.1501 -0.0865 0.4383
-2.2137 0.0686 0.4506
-2.2298 -0.0231 0.4548
-2.3500 0.2053 0.3983
-2.3838 0.1155 0.4051
-2.3984 0.0143 0.4075
-2.4919 -0.0224 0.3437
-2.3207 -0.0505 0.4395
-2.1614 -0.1780 0.4213
-2.2413 -0.1164 0.4437
-2.3316 -0.1451 0.4210
-2.4225 -0.1782 0.3704
-2.2510 -0.2111 0.4181
-2.2684 -0.3096 0.3783
-2.3385 -0.2384 0.3914
-2.4238 -0.2681 0.3429
-2.5002 -0.1232 0.3280
-2.4115 -0.0823 0.3950
-2.5158 -0.2263 0.2950
4.7516 4.2193 0.0000
3.9092 -4.7583 0.0000
2.6438 0.6726 0.0678
2.5960 0.5594 0.1069
2.5286 0.6174 0.1155
2.5233 0.5103 0.1479
2.4582 0.5718 0.1513
2.6590 0.4984 0.0948
2.5975 0.4521 0.1311
2.4136 0.4839 0.1952
2.3367 0.4109 0.2415
2.5051 0.4220 0.1812
2.5855 0.3606 0.1575
2.5583 0.2735 0.1907
2.4899 0.3267 0.2149
2.4237 0.3850 0.2259
2.4442 0.2594 0.2539
2.3905 0.2009 0.2901
2.3752 0.3138 0.2652
2.3233 0.2433 0.2995
2.2741 0.1681 0.3254
2.2761 0.3340 0.2784
1.7526 0.7434 0.0589
1.7321 0.6077 0.0825
1.8333 0.5539 0.1215
1.6356 0.5099 0.0775
1.7179 0.3248 0.1349
1.6314 0.2903 0.1103
1.4626 0.4627 0.0468
1.6228 0.3916 0.0934
1.5219 0.3146 0.0752
-4.2136 3.1091 0.0000
-4.4072 2.9293 0.0000
-3.7186 4.0821 0.0000
1.9013 2.3024 0.0000
0.2574 1.3440 0.0001
-0.8175 3.0821 0.0000
-1.1057 2.9744 0.0000
2.3422 -1.9602 0.0002
2.0669 -1.9801 0.0002
-2.5905 -0.1528 0.2500
-2.6203 -0.2327 0.2124
-2.5681 -0.3149 0.2328
-2.6648 -0.3134 0.1637
-2.7237 -0.2573 0.1323
-2.7943 -0.2632 0.0888
-2.9018 -0.3707 0.0367
-2.4751 -0.3273 0.2918
-2.5210 -0.4048 0.2356
-2.6213 -0.4007 0.1729
-2.7337 -0.3600 0.1111
-2.6845 -0.4458 0.1238
-2.7694 -0.4658 0.0771
-2.6520 -0.5193 0.1245
-2.7183 -0.5712 0.0824
-2.8674 -0.6102 0.0300
-3.0636 -0.7492 0.0036
3.9398 -3.9884 0.0000
-1.5604 -0.3193 0.1142
-1.5006 -0.4112 0.0820
-1.5968 -0.4422 0.1063
-1.6065 -0.5295 0.0921
-1.6328 -0.3659 0.1331
-1.6985 -0.4351 0.1435
-1.6963 -0.5272 0.1207
-1.6007 -0.6589 0.0652
-1.7831 -0.5737 0.1365
-1.7053 -0.6187 0.1004
-1.7413 -0.7055 0.0878
-1.8766 -0.5522 0.1744
-1.8151 -0.6403 0.1260
-1.8360 -0.7276 0.1047
-1.9260 -0.7561 0.1159
-4.7628 3.8891 0.0000
-4.7569 3.5951 0.0000
3.2103 0.4206 0.0010
3.2299 0.1501 0.0010
3.0034 -0.0116 0.0142
3.6195 4.2395 0.0000
3.3885 4.1488 0.0000
3.1602 4.0223 0.0000
3.5206 3.9229 0.0000
3.3000 3.8096 0.0000
3.0984 3.6876 0.0000
1.4042 2.5569 0.0000
1.0554 -1.4579 0.0002
0.9358 -1.7573 0.0000
-1.6581 2.8000 0.0000
-1.8378 2.6369 0.0000
-1.7123 -1.5461 0.0014
1.9213 2.5963 0.0000
-3.7829 1.0418 0.0000
-4.0556 0.9311 0.0000
-3.1228 -4.5059 0.0000
-3.2825 -4.7482 0.0000
3.7140 2.8528 0.0000
3.4459 2.7498 0.0000
-1.5288 3.6584 0.0000
-1.7480 3.4466 0.0000
-0.2537 -3.2353 0.0000
-2.4221 -4.0044 0.0000
-2.7082 -4.0346 0.0000
-2.7002 -4.2696 0.0000
-2.8315 -4.5129 0.0000
4.7037 -4.4962 0.0000
4.2979 3.9358 0.0000
-1.6482 4.7583 0.0000
-1.8462 4.7267 0.0000
-1.8241 4.4875 0.0000
-1.9921 4.2868 0.0000
1.7768 -2.4367 0.0000
0.9030 2.5683 0.0000
1.0142 -3.1252 0.0000
0.8189 -3.5423 0.0000
2.4215 2.8646 0.0000
1.8297 -1.2869 0.0075
1.8113 -1.5799 0.0013
-4.7417 0.1416 0.0000
-3.4006 -1.0377 0.0000
-3.6895 -1.0902 0.0000
-3.9984 3.3578 0.0000
-4.2432 3.3638 0.0000
4.4884 0.9006 0.0000
4.2441 0.6869 0.0000
-0.3169 4.6132 0.0000
-0.3811 4.3567 0.0000
-0.6014 4.5285 0.0000
4.2345 -0.1999 0.0000
3.9763 -0.3496 0.0000
3.7395 -0.1959 0.0000
4.7444 2.6962 0.0000
-0.9058 0.5522 0.0077
-1.0024 0.1703 0.0187
-1.0663 0.3749 0.0188
-1.2674 0.3471 0.0398
-1.2128 0.1467 0.0408
-3.4868 -0.5435 0.0000
4.4497 2.2978 0.0000
4.4231 2.0018 0.0000
4.1045 1.9258 0.0000
-1.8515 -1.3098 0.0083
-2.0116 -1.5370 0.0029
-4.0095 -1.5173 0.0000
3.7654 -3.7595 0.0000
3.4957 -3.7475 0.0000
-4.6258 2.8001 0.0000
-4.7615 2.6195 0.0000
0.3162 3.7381 0.0000
0.2877 3.4481 0.0000
-0.0784 4.4633 0.0000
-0.1740 4.1797 0.0000
-1.2453 -3.1822 0.0000
-1.5352 -3.3316 0.0000
-1.2900 -3.4865 0.0000
-1.5887 -3.6030 0.0000
-1.8407 -3.5008 0.0000
-2.4372 -2.7969 0.0000
-2.5773 -3.0150 0.0000
4.7806 -4.7708 0.0000
4.5133 -4.7510 0.0000
4.5059 -3.7158 0.0000
4.7589 3.2925 0.0000
-3.0728 2.6550 0.0000
-3.3578 2.6473 0.0000
-3.2011 2.3947 0.0000
-3.4752 2.3758 0.0000
-3.7365 2.3522 0.0000
-1.5206 0.8695 0.0245
-1.7267 0.8996 0.0445
-1.6718 0.7309 0.0644
-1.8950 0.6813 0.1352
3.2496 0.9813 0.0002
3.0087 0.9366 0.0026
2.8257 0.7731 0.0192
2.2755 -3.6969 0.0000
1.9596 -3.7435 0.0000
0.8365 3.6804 0.0000
0.5615 3.5532 0.0000
-1.6205 0.2027 0.1477
-1.6881 0.1154 0.1891
-1.7750 0.0910 0.2389
-1.7217 0.0232 0.2126
-1.7148 0.1942 0.1930
-1.7976 0.1674 0.2422
-1.8831 0.1204 0.3005
-1.8332 0.0344 0.2776
-1.9253 0.0368 0.3347
-1.9847 -0.0096 0.3713
-1.9749 -0.0953 0.3598
-2.0648 -0.1484 0.3967
-1.7766 -0.0400 0.2439
-1.8152 -0.1182 0.2612
-1.8849 -0.0509 0.3094
-1.8986 -0.1522 0.3062
-1.8195 -0.2049 0.2506
-1.9813 -0.1902 0.3455
-2.0171 -0.2551 0.3449
-2.0893 -0.2383 0.3812
4.7458 -4.1939 0.0000
2.9620 -3.5982 0.0000
2.7593 -3.7687 0.0000
2.7987 -4.0413 0.0000
-2.0367 3.4974 0.0000
-4.2014 -1.7793 0.0000
-4.2843 -2.0186 0.0000
3.7322 1.2399 0.0000
4.2434 3.0550 0.0000
3.9948 3.2399 0.0000
-3.3917 -3.6854 0.0000
-3.5519 -3.9134 0.0000
0.9281 2.8644 0.0000
-2.3240 -3.4401 0.0000
-2.6254 -3.5135 0.0000
-4.5065 -3.3979 0.0000
-4.7550 -3.2647 0.0000
-4.5244 -3.7057 0.0000
-4.7587 -3.5657 0.0000
-1.7927 0.6623 0.1102
-1.8488 0.5961 0.1479
-1.8998 0.5268 0.1906
-1.9490 0.4474 0.2410
-1.9509 0.6049 0.1802
-1.9994 0.5243 0.2296
-2.0349 0.4328 0.2821
-1.8504 0.4561 0.1944
-1.9172 0.3721 0.2543
-2.0139 0.3524 0.3071
-2.0948 0.5125 0.2643
-2.1194 0.4140 0.3174
-2.1070 0.3292 0.3520
-2.2056 0.3936 0.3411
-2.1995 0.3092 0.3795
-2.2935 0.3736 0.3464
-2.2951 0.2941 0.3816
-2.1356 0.2302 0.3985
4.7777 3.8995 0.0000
4.4717 -0.2121 0.0000
4.5076 -0.4205 0.0000
4.4898 -0.6689 0.0000
-4.5159 -4.7301 0.0000
2.2297 0.2535 0.3063
2.1449 0.2512 0.2990
2.0695 0.2955 0.2687
2.0739 0.1954 0.2955
1.9917 0.1433 0.2754
-2.7979 3.1653 0.0000
-3.0910 3.1595 0.0000
-1.0446 3.2696 0.0000
-1.3243 -1.2444 0.0021
-1.4280 -1.5198 0.0006
-1.8877 -2.3031 0.0000
-2.1773 -2.2999 0.0000
-2.0193 -2.5507 0.0000
-3.2305 4.7406 0.0000
-3.4909 4.7224 0.0000
-3.6318 4.4599 0.0000
1.9862 -1.7606 0.0006
1.7495 -1.8995 0.0001
1.6196 -2.1714 0.0000
1.4519 -1.9322 0.0000
1.3248 -2.1960 0.0000
1.3440 3.6997 0.0000
4.7703 -1.3810 0.0000
-1.1936 -2.0514 0.0000
-1.1539 -2.3206 0.0000
-1.3769 -2.3365 0.0000
-1.4162 -2.5766 0.0000
-3.7335 -2.8862 0.0000
-3.9952 -2.8647 0.0000
0.5277 3.2602 0.0000
0.4809 2.9697 0.0000
0.2478 3.1606 0.0000
0.7424 1.2124 0.0004
0.7698 0.9237 0.0014
1.0348 0.5155 0.0088
1.0187 0.2567 0.0128
-2.1328 3.0309 0.0000
-2.3277 2.8256 0.0000
3.1660 3.4537 0.0000
2.9666 3.1322 0.0000
2.6975 3.0001 0.0000
-3.9313 -1.8318 0.0000
-0.3476 -0.5026 0.0017
-0.5700 -0.5874 0.0024
1.2539 4.4974 0.0000
1.1773 4.2306 0.0000
-0.1504 3.9140 0.0000
-0.3894 4.0017 0.0000
-3.8958 -4.7652 0.0000
2.0279 4.7659 0.0000
1.7134 4.7638 0.0000
2.5102 -2.1875 0.0000
2.2107 -2.2093 0.0000
4.7329 2.4116 0.0000
-1.7303 -3.0307 0.0000
-2.0013 -3.0510 0.0000
-2.0904 -3.3142 0.0000
1.6941 -0.0521 0.1512
1.6804 0.0429 0.1469
1.6052 -0.0284 0.1187
1.6227 -0.1190 0.1209
1.6157 -0.1979 0.1120
1.5280 -0.1066 0.0915
1.5258 -0.2115 0.0843
1.4090 -0.3849 0.0456
1.6077 3.8188 0.0000
0.2799 0.0329 0.0026
0.0747 -0.1531 0.0022
0.3376 -0.2645 0.0023
0.1237 -0.4405 0.0015
-0.1298 -0.3360 0.0018
-0.3992 -0.2715 0.0032
2.3981 -1.5387 0.0029
2.5680 4.1666 0.0000
2.6676 3.8758 0.0000
2.4070 3.9695 0.0000
2.3816 3.7121 0.0000
1.9459 -4.7528 0.0000
-2.0433 1.4038 0.0084
-2.0525 1.1497 0.0327
2.6475 -2.9373 0.0000
2.3599 -2.9487 0.0000
-2.0293 2.7762 0.0000
-2.1906 2.5824 0.0000
-1.3814 4.7554 0.0000
4.2410 -0.4851 0.0000
4.2320 -0.7830 0.0000
-4.5056 2.1446 0.0000
3.1451 4.3025 0.0000
0.4679 1.8902 0.0000
-2.6459 4.7534 0.0000
-2.8088 4.5204 0.0000
3.1800 -0.7727 0.0006
2.9549 -0.9761 0.0031
2.9012 -1.2631 0.0014
2.6099 -1.3356 0.0051
-3.1676 -0.4968 0.0019
2.3258 2.0462 0.0001
1.9353 1.9906 0.0001
4.2517 0.3969 0.0000
4.0036 0.2363 0.0000
1.2090 -4.4946 0.0000
0.6043 -4.5168 0.0000
3.1441 -3.0943 0.0000
1.0335 -4.2339 0.0000
1.3749 -0.9914 0.0066
1.1548 -1.1559 0.0014
-0.2416 3.4548 0.0000
-0.2667 3.2147 0.0000
-0.5323 3.1828 0.0000
-0.3064 2.9554 0.0000
-0.5831 2.8946 0.0000
1.1622 2.1209 0.0000
1.8700 4.5310 0.0000
1.7414 4.2907 0.0000
0.9720 -0.6916 0.0048
-0.4672 1.5109 0.0000
-0.6372 1.2730 0.0002
-3.7495 -3.1212 0.0000
-1.5499 4.4987 0.0000
-3.7291 4.7446 0.0000
-3.9213 4.5182 0.0000
-0.2584 0.9497 0.0005
-0.7579 -3.3896 0.0000
-1.0268 -3.4993 0.0000
-1.0720 -3.7463 0.0000
-1.1451 -4.0068 0.0000
-1.3506 -3.7801 0.0000
-1.4171 -4.0805 0.0000
-4.0998 0.6286 0.0000
-4.3464 0.4814 0.0000
2.9692 4.7652 0.0000
-0.4978 -2.7068 0.0000
-0.6802 -2.8854 0.0000
-4.0028 2.3470 0.0000
-4.1380 2.1300 0.0000
-4.2970 1.9595 0.0000
-2.2837 -3.0811 0.0000
-2.4763 -3.2628 0.0000
3.9910 0.5226 0.0000
2.5933 -4.2328 0.0000
2.3383 -4.4586 0.0000
2.9344 -2.5285 0.0000
2.7694 -2.7313 0.0000
1.0783 -4.7534 0.0000
-2.9591 -2.7153 0.0000
-3.1537 -2.8887 0.0000
-3.2775 -3.1410 0.0000
-3.5245 -3.1811 0.0000
-0.7237 0.7748 0.0024
-0.6270 0.5088 0.0038
-0.8013 0.2973 0.0086
3.3863 -2.3652 0.0000
3.2088 -2.6060 0.0000
3.0119 -2.8414 0.0000
3.7360 0.3780 0.0000
3.4622 0.5236 0.0000
3.4808 0.2459 0.0000
3.7492 0.0969 0.0000
3.5008 -0.0253 0.0000
3.9959 1.3612 0.0000
3.1590 4.5680 0.0000
2.9033 4.4842 0.0000
0.2194 1.8416 0.0000
0.0078 1.6703 0.0000
1.9491 -0.0210 0.2666
1.8680 -0.0735 0.2266
1.7750 -0.0267 0.1863
1.7101 -0.1351 0.1522
1.7872 -0.1241 0.1857
1.8724 -0.1683 0.2185
1.7925 -0.2232 0.1754
1.7024 -0.2128 0.1409
1.7277 -0.3031 0.1371
1.6335 -0.2856 0.1078
-2.9496 4.7592 0.0000
-3.0704 4.4856 0.0000
-3.3360 4.4578 0.0000
2.3545 -2.4448 0.0000
-4.5213 -1.9506 0.0000
-4.7558 -1.9695 0.0000
-4.5043 -2.2171 0.0000
-4.7536 -2.2072 0.0000
-4.7586 2.3147 0.0000
3.1038 -4.1465 0.0000
2.8722 -4.3034 0.0000
3.9534 -3.4389 0.0000
-1.4716 -4.7079 0.0000
1.4480 -1.2199 0.0029
1.3246 -1.4426 0.0005
0.9694 1.6732 0.0001
0.4193 2.6649 0.0000
1.6559 -3.2160 0.0000
1.5442 -3.4660 0.0000
1.3040 -3.5196 0.0000
0.1024 -3.9105 0.0000
-0.2843 -3.8543 0.0000
4.7545 4.5182 0.0000
0.1681 -0.7232 0.0008
-0.0419 -0.8787 0.0004
-0.2393 -1.0540 0.0002
-0.4300 -1.2421 0.0001
-0.3357 -1.5244 0.0000
1.3198 -4.2381 0.0000
2.5957 -0.5901 0.1015
2.7152 -0.1734 0.1113
2.7312 -0.2715 0.0942
2.6512 -0.2218 0.1441
2.6964 -0.3443 0.1031
2.8287 -0.4218 0.0418
2.6716 -0.4336 0.1014
2.6226 -0.3115 0.1476
2.5971 -0.3981 0.1445
2.5254 -0.3373 0.1950
2.5035 -0.4336 0.1801
2.6895 -0.5454 0.0752
2.5798 -0.4898 0.1318
2.5239 -0.5557 0.1370
2.4572 -0.5037 0.1768
2.5158 -0.6514 0.1127
2.4341 -0.5985 0.1525
3.6758 -2.3939 0.0000
3.7717 -2.6588 0.0000
3.4993 -2.6457 0.0000
3.3334 -2.8785 0.0000
2.9436 3.8969 0.0000
4.1998 4.7620 0.0000
-2.5889 3.2858 0.0000
-4.7358 -2.4337 0.0000
-4.7477 -2.6843 0.0000
-4.7530 -2.9638 0.0000
1.3280 3.4227 0.0000
1.3555 3.1484 0.0000
-4.5665 0.3226 0.0000
-2.4914 1.2993 0.0123
-2.6367 1.0983 0.0201
-2.9921 1.1473 0.0013
1.5378 -0.3090 0.0783
1.6586 -0.3733 0.1029
1.5618 -0.4373 0.0688
1.3713 -0.5843 0.0261
3.4645 -4.5091 0.0000
3.2957 -4.7436 0.0000
3.0060 -4.7598 0.0000
-4.5901 4.0501 0.0000
1.2359 -3.0168 0.0000
4.7469 -0.7717 0.0000
0.4912 1.6209 0.0000
0.2630 1.5895 0.0000
-3.7282 -1.6226 0.0000
-4.5162 1.5436 0.0000
-4.2643 1.3885 0.0000
-4.5210 1.2496 0.0000
0.1076 0.6086 0.0013
-0.1678 0.6692 0.0012
-0.0689 0.3923 0.0020
-0.2759 0.1860 0.0031
-4.0433 -0.6646 0.0000
-4.1874 -1.0008 0.0000
2.9512 1.2148 0.0014
2.6646 4.4022 0.0000
-3.7581 -1.3702 0.0000
4.7061 2.1499 0.0000
4.7320 1.9159 0.0000
0.9151 -4.5090 0.0000
2.6899 -1.9833 0.0001
-1.2920 -1.7767 0.0001
-1.5652 -1.7968 0.0001
-1.7258 -2.0478 0.0000
0.2901 -0.9488 0.0004
0.0703 -1.1225 0.0002
-0.1348 -1.3279 0.0001
-0.0532 -1.6210 0.0000
-2.3792 -1.7391 0.0010
-2.5593 -1.9458 0.0002
-2.7012 -2.1964 0.0000
4.7771 4.7845 0.0000
1.5215 1.3714 0.0018
1.2437 1.2493 0.0014
0.9937 1.0892 0.0013
1.0413 0.7870 0.0044
-0.1415 -4.7696 0.0000
2.8099 -2.2536 0.0000
-3.6265 0.3158 0.0000
-3.8670 0.1701 0.0000
4.4925 2.8746 0.0000
4.4762 2.5852 0.0000
-1.7871 -3.2677 0.0000
-2.1033 -3.6091 0.0000
-0.7693 3.3678 0.0000
1.7310 1.1429 0.0110
1.4674 1.0951 0.0058
1.2218 0.9654 0.0043
1.6273 0.9003 0.0227
1.5558 0.6633 0.0396
1.3983 0.8286 0.0133
1.2811 0.6312 0.0160
4.7493 1.0695 0.0000
-3.0105 4.2410 0.0000
-3.2472 4.1857 0.0000
-3.5018 4.2166 0.0000
-3.5115 3.9365 0.0000
2.8400 1.5015 0.0007
2.6539 1.2877 0.0059
0.2242 -3.5992 0.0000
-0.0361 -3.7141 0.0000
0.7155 1.8068 0.0000
0.7388 1.5049 0.0001
-4.5268 1.8369 0.0000
-4.7583 2.0139 0.0000
0.2025 2.8680 0.0000
-0.0260 3.0622 0.0000
-0.0745 2.7745 0.0000
-0.3605 2.6849 0.0000
-4.2569 3.6316 0.0000
4.2320 0.9616 0.0000
3.9806 0.8038 0.0000
2.8643 -0.6867 0.0174
2.7131 -0.8651 0.0262
2.7048 -1.0891 0.0111
2.4744 -1.1031 0.0250
2.2510 -1.0688 0.0384
-1.7092 -4.4934 0.0000
4.0189 -3.7101 0.0000
3.4919 1.1037 0.0000
3.4744 0.8055 0.0000
1.4515 -3.9919 0.0000
0.9207 -0.9454 0.0017
0.8704 -1.2179 0.0004
-0.5515 0.2318 0.0045
-0.4918 -0.0277 0.0048
1.2039 -0.0887 0.0293
0.9758 0.0145 0.0131
1.0252 -0.2540 0.0138
0.5350 -0.0839 0.0038
0.7776 -0.1807 0.0066
0.5950 -0.4068 0.0031
0.6168 2.1378 0.0000
0.2891 2.1050 0.0000
4.4943 1.1899 0.0000
4.2477 1.2156 0.0000
0.3085 -4.4712 0.0000
0.0187 -4.5229 0.0000
-3.3816 0.2060 0.0001
-3.6148 -0.0085 0.0000
-0.2016 3.6837 0.0000
-0.4923 3.4624 0.0000
2.0776 -4.5015 0.0000
-3.2323 3.4142 0.0000
-3.3861 3.1579 0.0000
-3.5233 2.9034 0.0000
4.7647 3.5960 0.0000
-0.3538 0.4520 0.0024
-2.2359 3.6325 0.0000
0.0823 3.9231 0.0000
0.0473 3.6344 0.0000
0.0085 3.3542 0.0000
-4.0226 1.8335 0.0000
-4.2658 1.6774 0.0000
2.6407 -0.6959 0.0647
2.5201 -0.7598 0.0826
2.5342 -0.9012 0.0491
2.4222 -0.6939 0.1238
2.4318 -0.3699 0.2283
2.3915 -0.4488 0.2158
2.3616 -0.5372 0.1911
2.3384 -0.6304 0.1605
2.3263 -0.7215 0.1292
2.4071 -0.7947 0.0951
2.3680 -0.9292 0.0632
-4.5063 3.4615 0.0000
-4.4780 -2.4995 0.0000
-4.4878 -2.7818 0.0000
1.6014 3.5521 0.0000
1.6133 3.2812 0.0000
-1.6153 -2.3039 0.0000
-1.7094 -2.5464 0.0000
-1.5817 -2.8002 0.0000
-1.8710 -2.7893 0.0000
4.5191 3.4596 0.0000
4.5055 3.1661 0.0000
-4.4704 -1.1936 0.0000
-4.5247 -1.4423 0.0000
-4.4850 -1.7149 0.0000
4.0203 3.5180 0.0000
2.1769 2.7137 0.0000
2.1654 2.4280 0.0000
0.2114 1.1101 0.0002
0.0174 0.8890 0.0005
4.5072 0.2970 0.0000
4.7609 0.1514 0.0000
4.5151 0.0195 0.0000
-0.4749 -1.9781 0.0000
-0.6462 -2.2262 0.0000
-0.9049 -2.4146 0.0000
-2.2306 1.0465 0.0584
-2.2675 0.9240 0.0939
-2.4171 1.0636 0.0458
-2.3667 0.9347 0.0835
-2.4129 0.8630 0.1006
-2.5363 0.9047 0.0653
2.4972 1.0927 0.0248
-0.5646 4.1933 0.0000
-0.6733 3.9387 0.0000
4.2608 0.0901 0.0000
3.9948 -0.0538 0.0000
-2.3749 2.4304 0.0000
-2.6490 2.3999 0.0000
-2.4902 2.1503 0.0000
-2.7678 2.1375 0.0000
-2.9094 1.8970 0.0000
2.5081 0.2025 0.2329
2.4528 0.1394 0.2733
2.4498 0.0601 0.2828
2.3614 0.0345 0.3227
2.3403 -0.0619 0.3273
2.2746 0.0003 0.3428
2.2425 -0.0911 0.3396
2.2133 -0.1790 0.3246
2.1385 -0.0990 0.3285
2.1247 -0.2024 0.3069
2.1871 -0.2795 0.2962
2.0894 -0.2975 0.2728
2.0343 -0.2272 0.2746
1.9850 -0.3092 0.2359
2.1499 -0.3707 0.2613
2.0510 -0.3850 0.2344
2.0208 -0.4785 0.1944
1.9058 -0.3558 0.1937
1.9614 -0.4160 0.1966
1.9054 -0.4809 0.1590
-2.0610 -4.7719 0.0000
1.2464 -0.3108 0.0286
1.1477 -0.5094 0.0140
-1.3333 2.8078 0.0000
-1.4903 2.9890 0.0000
-1.2643 2.4746 0.0000
-1.4987 2.6002 0.0000
2.5537 -3.6458 0.0000
2.5014 -3.9370 0.0000
2.2022 -3.9528 0.0000
4.3715 4.1911 0.0000
4.1634 4.2786 0.0000
4.1729 2.1951 0.0000
3.8800 2.1005 0.0000
3.5994 1.9931 0.0000
-0.6458 -0.2944 0.0055
-0.8286 -0.5203 0.0061
2.6576 2.4063 0.0000
1.8976 4.0080 0.0000
1.8583 3.7228 0.0000
4.5278 1.7156 0.0000
4.2886 1.7343 0.0000
4.0263 1.6387 0.0000
4.4048 -2.1376 0.0000
4.7642 -2.3768 0.0000
4.5000 -2.4112 0.0000
4.2422 -2.4093 0.0000
3.9441 -2.3628 0.0000
4.0171 -2.5899 0.0000
-1.2396 3.7538 0.0000
-1.2660 3.4706 0.0000
-0.4473 3.7352 0.0000
-0.7240 3.6530 0.0000
-4.7316 -1.1864 0.0000
-4.7509 -0.1571 0.0000
3.9765 -0.9154 0.0000
3.7234 -1.0879 0.0000
1.0480 3.2088 0.0000
-0.7285 -0.8004 0.0018
-0.9152 -0.9933 0.0015
-0.8601 2.7991 0.0000
-1.1168 2.6733 0.0000
-2.8492 -0.0033 0.0706
-3.1740 0.3642 0.0019
-2.9277 0.3348 0.0301
-3.0636 0.0814 0.0101
-3.3212 -0.0315 0.0003
-3.4090 -0.2805 0.0001
4.3012 4.5087 0.0000
4.7479 0.7665 0.0000
4.7548 0.4594 0.0000
4.5021 0.5929 0.0000
-0.5492 -1.7098 0.0000
-0.7462 -1.9200 0.0000
-0.9279 -2.1261 0.0000
-3.2398 -3.9595 0.0000
-3.4478 -4.1424 0.0000
-1.6734 -4.1966 0.0000
2.4503 4.5161 0.0000
2.3318 4.2846 0.0000
1.0761 -3.6719 0.0000
0.9111 -3.8592 0.0000
0.8203 -4.0635 0.0000
2.6763 2.7067 0.0000
-0.1235 -2.9670 0.0000
0.0501 -3.1480 0.0000
0.3052 -2.6595 0.0000
0.0644 -2.8053 0.0000
1.5350 -1.6690 0.0003
1.2372 -1.7039 0.0001
1.1713 -1.9686 0.0000
0.4942 1.3410 0.0001
0.4890 1.0584 0.0004
1.0215 -2.8460 0.0000
0.7636 -2.9790 0.0000
2.6163 3.5660 0.0000
2.3820 3.4046 0.0000
-0.4962 -3.4154 0.0000
-3.4306 -2.4210 0.0000
-3.5906 -2.6470 0.0000
-1.0208 -1.8248 0.0000
-1.4428 -2.0638 0.0000
-2.9955 3.9615 0.0000
-3.2523 3.9316 0.0000
-3.3922 3.6684 0.0000
-3.5108 3.4186 0.0000
-3.6786 3.7137 0.0000
-3.7615 3.4431 0.0000
3.5898 3.6744 0.0000
3.3882 3.5569 0.0000
3.7450 3.4432 0.0000
3.4944 3.3299 0.0000
3.2373 3.2218 0.0000
-4.2089 -4.7633 0.0000
-1.0349 -0.0445 0.0212
-0.7692 0.0037 0.0091
-0.9067 -0.2550 0.0121
4.7455 -0.1679 0.0000
4.7506 -0.4684 0.0000
2.4473 3.1451 0.0000
0.7882 -1.5015 0.0001
0.6117 -1.3134 0.0001
0.4312 -1.5060 0.0000
-1.0123 -0.7335 0.0062
4.2088 -4.2726 0.0000
-3.9785 4.7606 0.0000
-0.7799 -3.6756 0.0000
-0.8628 -3.9625 0.0000
-0.9518 -4.2429 0.0000
-1.2107 -4.2725 0.0000
-1.4628 -4.3890 0.0000
1.3784 -4.7436 0.0000
0.7710 -4.7565 0.0000
-0.2552 -3.5459 0.0000
-0.5152 -3.6665 0.0000
3.6534 -4.0103 0.0000
3.4099 -4.0407 0.0000
3.3547 -4.2604 0.0000
1.6602 2.4304 0.0000
1.4144 2.2682 0.0000
1.6073 -4.2202 0.0000
1.5153 -4.4790 0.0000
-3.6053 -0.8190 0.0000
-3.9093 -0.8911 0.0000
-1.0854 4.2945 0.0000
-1.3809 4.2526 0.0000
4.5328 -1.8672 0.0000
1.0440 -2.5856 0.0000
0.7712 -2.6928 0.0000
4.5062 4.7164 0.0000
-2.0671 1.6872 0.0016
2.5426 -3.1878 0.0000
2.4002 -3.4278 0.0000
-4.1095 0.3341 0.0000
2.2229 3.0766 0.0000
2.1015 2.9344 0.0000
2.9149 2.5366 0.0000
2.8826 2.2447 0.0000
4.3716 -4.5184 0.0000
-2.7918 0.9561 0.0158
-3.0370 0.8615 0.0027
-3.0312 0.5835 0.0068
-3.2863 0.7247 0.0002
-3.3898 0.5017 0.0001
-4.1644 -3.7638 0.0000
-4.3791 -3.9000 0.0000
-4.3928 -4.1731 0.0000
-4.6075 -4.0386 0.0000
2.1647 4.5215 0.0000
2.0168 4.2765 0.0000
4.4813 -4.2749 0.0000
2.8477 1.9708 0.0000
2.6151 2.0940 0.0000
2.4853 1.8309 0.0004
-3.1887 -2.0288 0.0000
-3.2235 -2.2970 0.0000
2.4301 0.6612 0.1291
2.3650 0.5806 0.1714
2.3260 0.6753 0.1418
2.3054 0.5020 0.2114
2.2689 0.7545 0.1175
2.2268 0.6815 0.1448
2.1568 0.7238 0.1269
2.2671 0.5934 0.1782
2.1683 0.6162 0.1679
2.2014 0.5198 0.2083
2.2397 0.4244 0.2469
2.1111 0.5535 0.1862
2.0701 0.4850 0.2047
2.1490 0.4444 0.2337
2.1704 0.3444 0.2733
2.2346 -3.1994 0.0000
2.1051 -3.4662 0.0000
2.5275 -1.7968 0.0004
4.5304 3.7575 0.0000
4.2853 3.6306 0.0000
-1.1387 -2.6118 0.0000
-1.0430 -2.9346 0.0000
-0.8340 -3.0890 0.0000
-1.0215 -3.2558 0.0000
-1.3042 -2.8611 0.0000
-1.4896 -3.0748 0.0000
-4.5028 3.1708 0.0000
-4.7555 3.2969 0.0000
-4.7487 2.9995 0.0000
-2.2170 3.2929 0.0000
3.7570 1.5218 0.0000
-4.7641 -4.2200 0.0000
-4.7379 -4.5231 0.0000
4.2534 -3.8031 0.0000
4.4711 -4.0128 0.0000
-4.4902 -0.0267 0.0000
-4.5029 -0.3219 0.0000
-4.7550 -0.4528 0.0000
-1.7133 2.4151 0.0000
-1.9963 2.4224 0.0000
0.8241 -2.4205 0.0000
0.5498 -2.4881 0.0000
2.3311 -4.1932 0.0000
2.0926 -4.2594 0.0000
-0.6976 2.0083 0.0000
-0.7449 1.5429 0.0001
-1.4219 0.6853 0.0316
-1.4221 0.4920 0.0516
-1.5817 0.6084 0.0670
-1.7224 0.6032 0.1044
-1.5773 0.4703 0.0895
-1.4392 0.3329 0.0726
-1.5403 0.3761 0.0940
-1.5732 0.2817 0.1185
-1.6828 0.5168 0.1124
-1.7880 0.5355 0.1444
-1.6265 0.3558 0.1260
-1.6747 0.2796 0.1596
-1.6638 0.4246 0.1262
-1.7545 0.4469 0.1561
-1.8155 0.3710 0.2046
-1.7288 0.3527 0.1687
-1.7765 0.2672 0.2114
-1.8576 0.2995 0.2465
-1.8721 0.2153 0.2761
0.8879 2.2725 0.0000
4.7465 -1.6945 0.0000
-2.3731 -3.7096 0.0000
-2.6195 -3.8017 0.0000
-4.3600 0.1807 0.0000
4.7689 1.6489 0.0000
4.7482 1.3726 0.0000
4.5012 1.4632 0.0000
4.0423 4.0428 0.0000
3.7668 3.9963 0.0000
4.0610 3.7938 0.0000
3.8228 3.7450 0.0000
-0.9991 3.5607 0.0000
1.0706 3.4815 0.0000
-2.1711 -4.1878 0.0000
-2.7543 -3.2353 0.0000
-2.8469 -3.7266 0.0000
3.9890 -1.1841 0.0000
3.9336 -1.4159 0.0000
3.6910 -1.3552 0.0000
3.8444 -1.6504 0.0000
3.6056 -1.5863 0.0000
-3.2089 -1.5382 0.0000
-3.4796 -1.5656 0.0000
-1.2410 2.1197 0.0000
-1.2919 1.8274 0.0001
-1.5603 1.6962 0.0003
2.1698 1.8372 0.0005
1.6936 1.8419 0.0002
-1.4483 3.9699 0.0000
-1.7016 3.9029 0.0000
1.8675 3.4302 0.0000
