5.0000 5.0000 0.0000
0.0000 5.0000 0.0000
2.5000 5.0000 0.0000
3.7500 5.0000 0.0000
4.3750 5.0000 0.0000
4.6875 5.0000 0.0000
4.0625 5.0000 0.0000
3.1250 5.0000 0.0000
3.4375 5.0000 0.0000
2.8125 5.0000 0.0000
1.2500 5.0000 0.0000
1.8750 5.0000 0.0000
2.1875 5.0000 0.0000
1.5625 5.0000 0.0000
0.6250 5.0000 0.0000
0.9375 5.0000 0.0000
0.3125 5.0000 0.0000
-2.5000 5.0000 0.0000
-1.2500 5.0000 0.0000
-0.6250 5.0000 0.0000
-0.3125 5.0000 0.0000
-0.9375 5.0000 0.0000
-1.8750 5.0000 0.0000
-1.5625 5.0000 0.0000
-2.1875 5.0000 0.0000
-3.7500 5.0000 0.0000
-3.1250 5.0000 0.0000
-2.8125 5.0000 0.0000
-3.4375 5.0000 0.0000
-4.3750 5.0000 0.0000
-4.0625 5.0000 0.0000
-4.6875 5.0000 0.0000
5.0000 -5.0000 0.0000
5.0000 0.0000 0.0000
5.0000 -2.5000 0.0000
5.0000 -3.7500 0.0000
5.0000 -4.3750 0.0000
5.0000 -4.6875 0.0000
5.0000 -4.0625 0.0000
5.0000 -3.1250 0.0000
5.0000 -3.4375 0.0000
5.0000 -2.8125 0.0000
5.0000 -1.2500 0.0000
5.0000 -1.8750 0.0000
5.0000 -2.1875 0.0000
5.0000 -1.5625 0.0000
5.0000 -0.6250 0.0000
5.0000 -0.9375 0.0000
5.0000 -0.3125 0.0000
5.0000 2.5000 0.0000
5.0000 1.2500 0.0000
5.0000 0.6250 0.0000
5.0000 0.3125 0.0000
5.0000 0.9375 0.0000
5.0000 1.8750 0.0000
5.0000 1.5625 0.0000
5.0000 2.1875 0.0000
5.0000 3.7500 0.0000
5.0000 3.1250 0.0000
5.0000 2.8125 0.0000
5.0000 3.4375 0.0000
5.0000 4.3750 0.0000
5.0000 4.0625 0.0000
5.0000 4.6875 0.0000
-5.0000 -5.0000 0.0000
0.0000 -5.0000 0.0000
-2.5000 -5.0000 0.0000
-3.7500 -5.0000 0.0000
-4.3750 -5.0000 0.0000
-4.6875 -5.0000 0.0000
-4.0625 -5.0000 0.0000
-3.1250 -5.0000 0.0000
-3.4375 -5.0000 0.0000
-2.8125 -5.0000 0.0000
-1.2500 -5.0000 0.0000
-1.8750 -5.0000 0.0000
-2.1875 -5.0000 0.0000
-1.5625 -5.0000 0.0000
-0.6250 -5.0000 0.0000
-0.9375 -5.0000 0.0000
-0.3125 -5.0000 0.0000
2.5000 -5.0000 0.0000
1.2500 -5.0000 0.0000
0.6250 -5.0000 0.0000
0.3125 -5.0000 0.0000
0.9375 -5.0000 0.0000
1.8750 -5.0000 0.0000
1.5625 -5.0000 0.0000
2.1875 -5.0000 0.0000
3.7500 -5.0000 0.0000
3.1250 -5.0000 0.0000
2.8125 -5.0000 0.0000
3.4375 -5.0000 0.0000
4.3750 -5.0000 0.0000
4.0625 -5.0000 0.0000
4.6875 -5.0000 0.0000
-5.0000 5.0000 0.0000
-5.0000 0.0000 0.0000
-5.0000 2.5000 0.0000
-5.0000 3.7500 0.0000
-5.0000 4.3750 0.0000
-5.0000 4.6875 0.0000
-5.0000 4.0625 0.0000
-5.0000 3.1250 0.0000
-5.0000 3.4375 0.0000
-5.0000 2.8125 0.0000
-5.0000 1.2500 0.0000
-5.0000 1.8750 0.0000
-5.0000 2.1875 0.0000
-5.0000 1.5625 0.0000
-5.0000 0.6250 0.0000
-5.0000 0.9375 0.0000
-5.0000 0.3125 0.0000
-5.0000 -2.5000 0.0000
-5.0000 -1.2500 0.0000
-5.0000 -0.6250 0.0000
-5.0000 -0.3125 0.0000
-5.0000 -0.9375 0.0000
-5.0000 -1.8750 0.0000
-5.0000 -1.5625 0.0000
-5.0000 -2.1875 0.0000
-5.0000 -3.7500 0.0000
-5.0000 -3.1250 0.0000
-5.0000 -2.8125 0.0000
-5.0000 -3.4375 0.0000
-5.0000 -4.3750 0.0000
-5.0000 -4.0625 0.0000
-5.0000 -4.6875 0.0000
4.0976 -1.2053 0.0000
3.7958 -1.3116 0.0000
3.7579 -1.5860 0.0000
2.7424 3.4847 0.0000
3.6476 -3.5306 0.0000
-2.1748 3.4643 0.0000
-3.1800 -3.1942 0.0000
-2.0897 0.2109 0.3855
-2.1517 0.1370 0.4248
-2.2171 0.0894 0.4436
-2.3246 0.0814 0.4306
-2.3928 0.0058 0.4066
-2.4591 -0.0801 0.3609
-4.5482 4.7525 0.0000
-4.7536 4.5506 0.0000
-2.8721 2.9284 0.0000
-3.4554 2.8785 0.0000
-3.7646 2.8690 0.0000
-3.6445 2.6134 0.0000
0.0816 -0.3149 0.0018
-0.1609 -0.4259 0.0017
-0.9612 4.4998 0.0000
-1.1248 4.2527 0.0000
1.6312 2.4214 0.0000
1.1495 -1.1976 0.0011
0.3865 -0.1258 0.0029
1.6179 -1.4001 0.0021
-2.1570 -4.5098 0.0000
-0.8010 4.7492 0.0000
2.7346 1.5397 0.0011
3.5292 0.3975 0.0000
4.5528 -3.1509 0.0000
4.3458 -3.3244 0.0000
4.7576 0.7930 0.0000
4.5133 0.6353 0.0000
4.2589 0.5375 0.0000
4.7598 1.1037 0.0000
4.5209 0.9529 0.0000
-3.9743 3.6125 0.0000
-4.1860 3.4263 0.0000
-2.0624 0.3697 0.3154
-2.1263 0.2983 0.3661
-2.1896 0.2211 0.4082
-2.2599 0.1549 0.4295
-2.9455 0.7482 0.0099
-0.0700 -0.8873 0.0004
-1.4117 -4.7632 0.0000
2.4221 -4.5163 0.0000
2.2951 -4.7609 0.0000
-2.9328 -3.1369 0.0000
2.8042 -2.8270 0.0000
1.4543 -0.7141 0.0247
-2.3208 -4.7596 0.0000
0.5849 -3.5453 0.0000
0.4608 -3.7988 0.0000
0.3111 -4.0275 0.0000
1.0857 0.7788 0.0054
-3.1942 3.6992 0.0000
-3.3480 3.4697 0.0000
2.7157 -4.5110 0.0000
2.5730 -4.7568 0.0000
-1.3002 4.0208 0.0000
-4.7538 -4.2312 0.0000
-0.9529 0.5279 0.0095
-1.1138 0.3579 0.0227
-1.1564 0.0953 0.0334
-1.4195 0.1902 0.0802
-1.3389 0.0607 0.0661
-1.4655 0.0719 0.1002
-1.5155 0.1520 0.1118
-1.5643 0.0686 0.1354
-1.4178 -0.0281 0.0873
-1.5105 -0.0182 0.1173
-1.5990 -0.0131 0.1522
-4.7610 -2.6937 0.0000
4.2701 1.4166 0.0000
4.2789 1.1156 0.0000
4.0312 0.9679 0.0000
2.3413 2.5315 0.0000
1.0672 4.7636 0.0000
-4.4958 -2.2119 0.0000
-1.1336 -2.2235 0.0000
0.0819 -2.1393 0.0000
3.2579 1.3713 0.0000
1.3712 -2.2474 0.0000
2.3257 2.8254 0.0000
2.0882 2.7130 0.0000
-1.6896 -2.1280 0.0000
-1.9535 -2.2389 0.0000
3.0696 1.1813 0.0006
-2.6825 -3.1198 0.0000
-2.6272 -3.3882 0.0000
-2.3178 0.6991 0.1797
-2.4039 0.6573 0.1819
-2.4085 0.5711 0.2190
-2.4971 0.5603 0.1892
-2.5303 0.4702 0.2062
-2.5955 0.4160 0.1845
-2.6866 0.3904 0.1332
-2.8114 0.3977 0.0657
-2.4280 0.4816 0.2521
-2.4687 0.4073 0.2637
-2.5291 0.3557 0.2458
-2.6170 0.3192 0.1949
-2.7084 0.2906 0.1364
-2.7975 0.2485 0.0868
0.7647 -4.2726 0.0000
0.6134 -4.5171 0.0000
0.3076 -4.5182 0.0000
0.4626 -4.7598 0.0000
0.1507 -4.7587 0.0000
-2.0223 -4.7604 0.0000
2.4578 0.4194 0.2051
2.3747 0.3699 0.2508
2.2874 0.3227 0.2852
2.2141 0.2494 0.3115
2.4562 0.3174 0.2370
2.3711 0.2717 0.2833
2.2924 0.2130 0.3176
2.2627 0.1290 0.3384
2.1873 0.1667 0.3301
2.1835 0.0684 0.3441
2.1011 0.1341 0.3190
2.0912 0.0394 0.3258
2.0059 0.1035 0.2897
1.9966 0.0154 0.2912
1.9595 -0.0794 0.2714
1.9142 0.0064 0.2540
1.8603 -0.0693 0.2259
1.8033 -0.1435 0.1930
1.8247 0.0261 0.2116
1.7647 -0.0490 0.1830
1.7058 -0.1230 0.1533
-1.4211 4.2619 0.0000
-1.5241 3.9011 0.0000
0.1101 1.2710 0.0001
2.2434 -1.6285 0.0019
-3.9168 -3.4720 0.0000
-4.1951 -3.5970 0.0000
4.7748 -3.2862 0.0000
3.0160 -1.0015 0.0016
1.5514 -3.3029 0.0000
1.5013 -3.5436 0.0000
-2.7026 -2.2181 0.0000
-2.7242 -2.5253 0.0000
-2.2362 -2.9767 0.0000
-2.4760 -2.9471 0.0000
0.1266 0.7751 0.0008
-0.0724 0.6487 0.0012
-0.3116 0.5292 0.0019
-0.4074 3.4956 0.0000
-0.6623 3.4731 0.0000
-0.6535 3.1955 0.0000
-0.9396 3.0907 0.0000
-3.8435 0.7409 0.0000
3.5194 -3.0059 0.0000
3.7806 -3.0058 0.0000
3.8340 -3.2497 0.0000
3.5902 -3.2739 0.0000
-0.6075 1.1723 0.0003
-0.8873 1.0285 0.0014
0.3694 1.7005 0.0000
0.1005 1.5740 0.0000
-2.3153 3.7169 0.0000
-2.5901 3.7108 0.0000
-1.4438 -0.6225 0.0404
-1.5225 -0.4647 0.0786
-1.6133 -0.5531 0.0879
-1.6312 -0.6900 0.0643
4.7513 -0.8519 0.0000
4.4977 -1.1232 0.0000
4.5208 -1.5865 0.0000
4.2318 -2.7531 0.0000
4.0378 -2.9745 0.0000
0.9174 -4.5189 0.0000
0.7714 -4.7604 0.0000
-4.4986 -3.9865 0.0000
-4.4872 3.8259 0.0000
-4.7548 3.9303 0.0000
-4.7394 3.6443 0.0000
-0.4887 -4.2795 0.0000
0.0828 -0.6135 0.0010
-0.2217 -0.6982 0.0009
-3.6839 -0.8563 0.0000
-3.9057 -0.7895 0.0000
-4.0063 -1.0094 0.0000
-1.2643 1.4874 0.0004
1.8834 -1.3051 0.0078
-2.8689 2.6491 0.0000
-2.9006 4.7432 0.0000
-3.3273 4.4849 0.0000
-3.2096 4.2319 0.0000
2.9068 2.0157 0.0000
2.8348 1.7724 0.0001
2.6143 1.8554 0.0002
-4.5351 -0.3579 0.0000
2.5266 0.8850 0.0535
2.5862 0.7429 0.0700
2.4849 0.6880 0.1091
2.5132 0.6058 0.1254
2.4813 0.5174 0.1640
2.4515 0.7834 0.0892
2.3892 0.7053 0.1239
2.4168 0.6018 0.1542
2.3229 0.6447 0.1553
2.3339 0.5527 0.1896
2.2664 0.5005 0.2182
2.3026 0.7456 0.1205
2.2347 0.6732 0.1499
2.2404 0.5865 0.1840
2.1566 0.5770 0.1847
1.8566 -0.5880 0.1167
1.7918 -0.6527 0.0851
2.1609 0.8546 0.0864
2.1043 0.7670 0.1100
2.0590 0.6915 0.1302
-4.2778 2.2516 0.0000
2.4012 2.2624 0.0000
2.1644 2.1843 0.0000
4.2253 -4.2269 0.0000
4.0641 -4.4958 0.0000
3.9155 -4.7565 0.0000
-3.1478 2.7621 0.0000
-3.3703 2.5732 0.0000
4.5323 2.7888 0.0000
-4.7392 -1.9626 0.0000
-2.3354 2.8689 0.0000
-2.6002 2.7861 0.0000
-1.5839 2.6260 0.0000
-3.7618 4.1957 0.0000
-4.2370 4.0081 0.0000
-4.7343 -3.7210 0.0000
-3.4394 -1.9176 0.0000
3.7150 1.9576 0.0000
-3.7521 -1.1329 0.0000
-3.9871 -1.3043 0.0000
1.3002 0.9698 0.0058
-2.3303 -1.5347 0.0039
-1.9775 0.9741 0.0605
-1.9805 0.8632 0.0909
-2.0565 0.8123 0.1199
-2.1655 0.8291 0.1256
-2.2282 0.7479 0.1623
-2.1224 0.7533 0.1526
-2.1548 0.6785 0.1899
-2.2381 0.6432 0.2116
-2.3209 0.6033 0.2248
-2.0420 0.7097 0.1574
-2.0778 0.6366 0.1968
-2.1593 0.5837 0.2365
-0.0009 -4.5151 0.0000
-0.1649 -4.7501 0.0000
-2.0935 2.6748 0.0000
-3.4677 -1.0465 0.0000
-3.5114 -1.3051 0.0000
-1.9373 0.5474 0.1935
-1.9982 0.4755 0.2455
-2.0800 0.4476 0.2861
-2.1587 0.3925 0.3316
-2.2190 0.3220 0.3710
-2.1651 0.4879 0.2856
-2.2522 0.4321 0.3187
-2.3073 0.3440 0.3540
-2.2822 0.2471 0.3981
-2.3553 0.1733 0.4011
-2.7481 -1.1948 0.0078
-2.8093 -1.4705 0.0012
-3.9309 2.6226 0.0000
-4.1000 2.4040 0.0000
-4.7446 -0.1703 0.0000
4.1471 2.9170 0.0000
0.1011 2.7346 0.0000
0.1441 2.4317 0.0000
-3.0962 2.4819 0.0000
-3.0342 2.2083 0.0000
-3.2974 2.2765 0.0000
0.7348 -1.5303 0.0000
-2.5660 -3.6567 0.0000
-2.3997 -3.8709 0.0000
-2.6804 -3.8972 0.0000
-2.7911 -4.1482 0.0000
1.1830 -1.9877 0.0000
-2.9927 -2.6263 0.0000
-2.6209 -4.7556 0.0000
-1.4006 4.7674 0.0000
-4.2883 -3.1113 0.0000
-4.4525 -3.4517 0.0000
-3.7468 -2.6248 0.0000
-0.1331 -4.2672 0.0000
0.8329 0.0986 0.0082
-1.5379 4.5400 0.0000
-2.7104 0.0904 0.1557
-2.7805 0.0474 0.1080
-3.2542 -0.1874 0.0009
-0.9033 3.3754 0.0000
-1.1696 3.2578 0.0000
-1.2390 2.9944 0.0000
-1.3060 2.7243 0.0000
1.3348 -1.4371 0.0006
1.2627 -1.7133 0.0001
2.8676 3.2132 0.0000
1.7115 0.3942 0.1219
1.7291 0.2997 0.1447
1.6612 0.2260 0.1297
1.5567 0.2634 0.0910
1.5916 0.1597 0.1110
1.5249 0.0869 0.0932
1.4415 0.0129 0.0716
1.3040 -0.1111 0.0428
-2.6222 0.2220 0.2105
-2.7068 0.1875 0.1507
-2.7839 0.1546 0.1015
-2.8703 0.0976 0.0585
-4.2543 -1.1616 0.0000
-4.5074 -1.2454 0.0000
-4.4918 -1.5047 0.0000
0.6121 -1.2173 0.0002
0.4293 -1.4442 0.0000
-4.7364 -2.4383 0.0000
0.5684 -2.7631 0.0000
4.7621 4.7631 0.0000
-2.3181 0.9060 0.0964
-2.4536 0.9513 0.0675
-4.2456 -0.8597 0.0000
3.9392 3.9739 0.0000
3.6340 3.9688 0.0000
3.4675 3.7175 0.0000
3.5935 3.4578 0.0000
3.3077 3.4638 0.0000
-4.7606 -4.7642 0.0000
-3.9684 -1.5950 0.0000
2.2945 3.2339 0.0000
-1.4151 -0.1223 0.0840
-1.5160 -0.1045 0.1176
-1.6023 -0.0986 0.1519
-1.5381 -0.1858 0.1206
-1.4523 -0.2174 0.0891
-1.5477 -0.2702 0.1154
-1.6198 -0.1854 0.1531
-1.6970 -0.1338 0.1938
-1.7068 -0.2366 0.1859
-1.6258 -0.2719 0.1450
-1.6687 -0.3421 0.1507
-1.7302 -0.4117 0.1604
-1.6902 3.3055 0.0000
-2.0633 2.9697 0.0000
2.8223 -0.0093 0.0643
2.6388 0.0126 0.1687
2.5547 -0.0123 0.2251
2.7056 -0.0530 0.1252
2.6184 -0.0863 0.1801
2.5721 -0.1837 0.2010
2.7741 -0.1464 0.0836
2.6712 -0.1543 0.1413
2.7373 -0.2389 0.0961
2.6553 -0.2409 0.1420
1.5543 -0.1823 0.0955
1.7442 -0.2170 0.1585
1.6489 -0.1982 0.1247
1.6794 -0.2902 0.1237
1.5764 -0.2790 0.0928
1.6052 -0.3690 0.0896
1.4457 -0.2657 0.0620
1.4855 -0.4332 0.0549
-3.9744 0.4941 0.0000
-4.0635 0.2234 0.0000
0.6934 -2.1958 0.0000
0.3830 -2.2473 0.0000
3.0858 -2.7438 0.0000
-1.7727 -0.1813 0.2279
-1.8201 -0.2530 0.2400
-1.7554 -0.3100 0.1950
-1.8782 -0.3138 0.2544
-1.9204 -0.2333 0.2992
-2.0182 -0.2243 0.3522
-1.9744 -0.3160 0.3013
-1.8219 -0.3753 0.2092
-1.9166 -0.3981 0.2447
-1.9754 -0.4721 0.2397
-2.0230 -0.4011 0.2882
-1.8031 -0.4591 0.1765
-1.8789 -0.4802 0.1995
-2.0361 -0.5301 0.2341
-2.1540 -0.5380 0.2563
-2.0684 -0.3014 0.3469
-2.1663 -0.3093 0.3707
-2.1088 -0.3799 0.3262
-2.1014 -0.4699 0.2808
-2.1911 -0.4114 0.3259
-1.9358 -0.5584 0.1905
-1.9938 -0.6252 0.1801
-2.0919 -0.5954 0.2167
-2.0605 -0.6886 0.1676
-2.1511 -0.6611 0.1938
-2.2231 -0.4913 0.2864
-2.2917 -0.4274 0.3153
-2.3402 -0.4916 0.2734
-2.2803 -0.5510 0.2526
-2.4132 -0.5430 0.2268
-2.3491 -0.6029 0.2157
-2.2098 -0.6023 0.2277
-2.2092 -0.7221 0.1687
-2.2747 -0.6591 0.1978
-2.2912 -0.7575 0.1507
-2.3362 2.5365 0.0000
-2.6199 2.5124 0.0000
-2.8272 2.3540 0.0000
3.8673 0.4892 0.0000
3.7445 0.2780 0.0000
3.5323 0.1024 0.0000
3.2711 0.2537 0.0005
3.0285 0.0898 0.0112
3.1143 0.5810 0.0024
3.0395 0.3717 0.0079
2.7195 0.3557 0.0920
2.8081 0.1339 0.0681
2.7134 0.0599 0.1201
2.8431 0.2739 0.0483
2.7088 0.2456 0.1102
2.7018 0.1581 0.1220
2.6189 0.2056 0.1680
2.6211 0.1055 0.1767
0.5412 -2.0021 0.0000
4.4755 -2.1207 0.0000
4.5248 -2.3600 0.0000
4.7585 3.9021 0.0000
4.4993 4.0260 0.0000
0.5758 -0.3517 0.0033
0.3209 -0.4067 0.0019
-3.1019 1.4847 0.0001
3.3887 -2.2258 0.0000
3.1914 -2.4636 0.0000
2.8209 -0.3317 0.0519
2.6680 -0.3328 0.1218
2.7095 -0.4265 0.0872
2.6379 -0.4523 0.1158
2.7944 -0.5645 0.0402
2.6522 -0.5578 0.0887
2.4361 -0.8671 0.0722
2.3815 -1.0382 0.0403
2.1818 -1.0026 0.0512
2.2349 -1.2259 0.0184
-3.4759 -4.0444 0.0000
-1.3744 2.4418 0.0000
4.4931 4.7645 0.0000
4.2121 4.7357 0.0000
4.0286 4.4883 0.0000
4.2777 4.4604 0.0000
4.2447 4.1782 0.0000
4.0175 4.2384 0.0000
0.5201 -3.0597 0.0000
0.4037 -3.3300 0.0000
4.2811 -3.9259 0.0000
3.8496 2.9440 0.0000
3.6959 2.6912 0.0000
-4.7450 0.7781 0.0000
-4.2430 2.6254 0.0000
1.2357 1.2471 0.0014
1.5938 2.1715 0.0000
-3.7741 -2.9407 0.0000
-1.6412 2.0624 0.0000
0.9123 -0.6884 0.0041
0.7052 -0.8384 0.0014
0.4960 -0.9398 0.0006
0.3313 -1.1660 0.0002
3.9509 -2.0379 0.0000
3.6831 -2.1934 0.0000
3.5008 -2.4690 0.0000
3.6341 -2.7426 0.0000
3.3637 -2.7184 0.0000
1.2281 -3.5394 0.0000
1.0487 -3.7483 0.0000
-0.7381 -2.6952 0.0000
-0.8278 -2.9543 0.0000
-0.8452 -3.2035 0.0000
-4.7564 -0.4931 0.0000
-4.7452 -0.7904 0.0000
4.5138 3.7496 0.0000
3.4074 2.6825 0.0000
3.3071 2.4218 0.0000
3.0523 2.4790 0.0000
3.1334 2.2025 0.0000
-3.1277 -3.4311 0.0000
1.0324 4.4961 0.0000
-0.3879 -0.2829 0.0030
-0.4463 -0.5478 0.0019
2.8579 2.3087 0.0000
2.6295 2.4401 0.0000
-1.7589 -3.0562 0.0000
-1.8258 -3.3504 0.0000
-2.1069 -3.4239 0.0000
-1.8900 -3.6268 0.0000
-2.1586 -3.7320 0.0000
-4.7574 -3.2399 0.0000
-4.7501 1.3891 0.0000
-4.7444 1.0807 0.0000
-1.3997 3.7027 0.0000
-1.6103 3.5530 0.0000
0.8569 4.2525 0.0000
0.8108 4.7577 0.0000
0.7372 4.5109 0.0000
0.5898 4.2554 0.0000
4.7661 -3.9231 0.0000
4.5081 -4.0780 0.0000
4.5140 -4.3540 0.0000
4.3400 -4.5144 0.0000
4.2106 -4.7586 0.0000
-0.7123 2.9116 0.0000
-1.0107 2.8181 0.0000
-1.0854 2.5426 0.0000
-1.1313 2.2682 0.0000
-2.6221 4.7431 0.0000
-2.4642 4.4836 0.0000
-2.7624 4.4834 0.0000
-2.6362 4.2235 0.0000
-3.0558 4.4905 0.0000
-2.9167 4.2262 0.0000
-3.0636 3.9807 0.0000
-4.2241 -3.8662 0.0000
-4.5121 -4.2564 0.0000
1.8570 2.5669 0.0000
4.2969 2.6825 0.0000
4.1225 2.4922 0.0000
-3.7865 0.2326 0.0000
3.2806 4.7462 0.0000
2.9725 4.7512 0.0000
2.6601 4.7604 0.0000
3.9819 2.7071 0.0000
3.8579 2.4516 0.0000
-0.9384 -2.4753 0.0000
-1.2165 -2.5152 0.0000
-1.4915 -2.5913 0.0000
-0.0502 -3.6528 0.0000
-4.2585 1.9656 0.0000
-4.5065 1.8314 0.0000
-4.2480 1.6705 0.0000
-4.4996 1.5289 0.0000
-0.4071 1.6437 0.0000
-0.4449 1.3634 0.0001
-0.6807 1.5534 0.0000
-0.8009 1.3171 0.0002
-4.5038 2.7454 0.0000
-4.7458 2.6066 0.0000
4.0771 0.3487 0.0000
3.9318 0.1350 0.0000
3.7556 -0.0500 0.0000
4.7861 2.6688 0.0000
-2.7860 1.5108 0.0010
-0.2285 -2.0946 0.0000
-0.3575 -2.3884 0.0000
-0.6437 -2.4338 0.0000
2.0999 2.4280 0.0000
0.6095 3.4955 0.0000
-3.0988 -1.5629 0.0001
4.2593 2.0084 0.0000
4.2256 1.7262 0.0000
4.7615 -4.2187 0.0000
4.7284 -4.5160 0.0000
-2.8794 -1.7478 0.0001
-2.5103 2.2817 0.0000
-2.7175 2.1195 0.0000
2.2482 -2.9182 0.0000
-3.1689 -1.8308 0.0000
3.2822 2.9556 0.0000
2.9873 2.9473 0.0000
1.3475 3.4803 0.0000
1.1480 3.3154 0.0000
-0.4392 -1.6169 0.0000
0.8955 -2.0448 0.0000
1.6703 0.6254 0.0653
1.8095 0.6389 0.0944
1.7887 0.5519 0.1109
1.7286 0.4798 0.1099
1.4786 0.5510 0.0415
1.6336 0.5059 0.0781
1.6279 0.4106 0.0927
1.5280 0.3806 0.0700
1.6407 0.3179 0.1109
1.3807 0.3473 0.0433
1.4526 0.1937 0.0684
1.2150 0.2516 0.0270
1.3218 0.0944 0.0454
-2.1157 -1.7261 0.0010
-2.1605 -2.0076 0.0001
0.1453 -2.4111 0.0000
-4.7365 -1.6941 0.0000
4.3521 -3.6210 0.0000
4.0853 -3.7337 0.0000
4.3429 -1.3573 0.0000
4.2596 -1.6613 0.0000
-3.4183 1.5013 0.0000
0.3536 0.6780 0.0014
0.4467 0.4050 0.0025
0.1574 0.4501 0.0019
0.2839 0.1691 0.0025
-4.7573 -1.3966 0.0000
-0.1119 -1.5588 0.0000
2.5925 3.2403 0.0000
2.4431 3.0189 0.0000
4.0274 1.2525 0.0000
3.7819 1.1158 0.0000
-2.4583 3.4342 0.0000
-2.6961 3.3454 0.0000
-4.0066 -4.5270 0.0000
2.6505 -3.5684 0.0000
-0.9540 -3.6599 0.0000
-1.1332 -3.8805 0.0000
-1.3328 -4.0529 0.0000
-0.4633 0.3472 0.0034
-0.7882 0.3407 0.0076
-0.6176 0.1637 0.0058
-0.7951 0.0085 0.0098
-1.0486 -3.3809 0.0000
-1.2447 -3.5965 0.0000
-1.4231 -3.7981 0.0000
4.7522 2.0253 0.0000
-2.3687 -0.6957 0.1682
-2.4565 -0.7311 0.1334
-2.4507 -0.6283 0.1761
-2.5352 -0.6834 0.1258
-2.5565 -0.7816 0.0895
-2.3774 -0.7955 0.1252
-2.4583 -0.8202 0.1018
-2.5185 -0.9139 0.0643
-2.6718 -0.7654 0.0609
-2.7021 -0.9473 0.0285
-3.0094 -1.2826 0.0007
3.1401 2.7130 0.0000
3.5354 -0.2076 0.0000
3.2838 -0.0432 0.0005
3.3643 -0.3803 0.0001
3.2643 -0.6010 0.0003
2.9576 -0.1620 0.0209
3.1685 -0.2559 0.0020
3.0243 -0.4476 0.0076
3.0023 -0.7144 0.0049
4.0749 -3.2239 0.0000
4.1157 -3.4759 0.0000
3.8834 -3.4931 0.0000
3.8170 -3.7659 0.0000
-1.3668 1.2553 0.0024
-1.5183 1.0556 0.0111
-1.5810 0.8292 0.0346
-3.1962 -2.1216 0.0000
3.4448 1.8409 0.0000
3.2900 1.6393 0.0000
0.1631 -4.2741 0.0000
-2.5974 -1.6453 0.0012
1.0402 -3.3621 0.0000
0.8717 -3.5202 0.0000
0.7545 -3.7799 0.0000
-2.1934 -4.0287 0.0000
-1.8473 2.5397 0.0000
-2.0306 2.3521 0.0000
-0.3339 -3.1498 0.0000
-0.6057 -3.1842 0.0000
-0.7654 -3.4543 0.0000
-4.7192 -3.4912 0.0000
-2.3817 -1.8226 0.0005
-2.4356 -2.1039 0.0001
1.6973 1.4747 0.0018
1.3110 4.6789 0.0000
-3.4860 -2.5019 0.0000
-3.5189 -2.7809 0.0000
-1.0960 -1.6735 0.0001
-4.2407 -1.4528 0.0000
-4.4671 -1.7491 0.0000
-4.0064 2.1119 0.0000
1.9152 -3.8085 0.0000
1.6333 -3.8019 0.0000
1.7874 -4.0513 0.0000
1.4947 -4.0442 0.0000
-2.2441 0.5399 0.2639
-2.3304 0.5096 0.2696
-2.3524 0.4266 0.3045
-2.4029 0.3614 0.3149
-2.3718 0.2689 0.3645
-2.4594 0.2995 0.3086
-2.5375 0.2587 0.2678
-2.4473 0.2048 0.3446
-2.4326 0.1047 0.3747
-2.5327 0.1658 0.2917
-2.5309 0.0804 0.3048
-2.6246 0.1232 0.2221
-2.4815 0.0144 0.3480
-2.5555 -0.0314 0.2878
-2.5585 -0.1208 0.2785
-2.6022 0.0359 0.2472
-2.6756 0.0103 0.1858
-2.6431 -0.0699 0.2112
-2.7464 -0.0203 0.1315
-3.7467 1.3364 0.0000
-3.9891 1.2260 0.0000
4.2208 2.2630 0.0000
1.7774 3.7358 0.0000
1.5620 3.6198 0.0000
2.0901 -1.4342 0.0057
1.8404 -1.5767 0.0015
-2.4458 1.4004 0.0079
-2.6719 1.2641 0.0076
4.7531 1.7205 0.0000
2.2672 1.4298 0.0058
4.4176 2.4501 0.0000
4.6152 2.5197 0.0000
4.2768 0.8198 0.0000
4.0200 0.6802 0.0000
-4.2260 4.7702 0.0000
-4.3894 4.5580 0.0000
-4.5660 4.3872 0.0000
-3.9965 0.9529 0.0000
-4.2449 1.0687 0.0000
-4.4802 0.9148 0.0000
-0.3713 2.2045 0.0000
3.5011 1.5056 0.0000
-4.2153 -4.7350 0.0000
2.6736 -2.2500 0.0000
-1.9684 1.1640 0.0259
-2.0966 0.9009 0.0939
-2.3027 1.0240 0.0619
-2.2059 0.9226 0.0932
-2.2596 0.8431 0.1221
-2.4408 1.1547 0.0288
-2.1367 1.0517 0.0541
-3.3447 3.9582 0.0000
-3.4823 3.7051 0.0000
-3.6344 3.4299 0.0000
2.9274 -2.3321 0.0000
4.5745 -3.4596 0.0000
-3.2405 1.2451 0.0000
0.8736 2.2258 0.0000
3.4387 3.2057 0.0000
3.1498 3.2082 0.0000
-1.3498 0.8124 0.0161
-1.6592 0.6744 0.0718
-0.4359 -0.0048 0.0041
-0.6228 -0.1698 0.0057
-0.6728 -0.4196 0.0046
-0.8790 -0.2577 0.0111
-0.9443 -0.5122 0.0089
-3.6840 -3.2409 0.0000
3.7759 -4.5142 0.0000
3.6151 -4.7630 0.0000
3.4891 -4.5204 0.0000
3.3162 -4.7551 0.0000
0.9259 1.3369 0.0003
4.5083 -2.6176 0.0000
4.5098 -2.8694 0.0000
4.2967 -3.0423 0.0000
-4.4943 -4.7526 0.0000
4.6770 -0.6109 0.0000
4.4824 -0.8316 0.0000
4.2509 -1.0075 0.0000
2.0769 -4.0388 0.0000
1.9674 -4.2844 0.0000
-1.6806 2.3268 0.0000
-1.9158 2.0783 0.0001
-1.8195 2.8036 0.0000
3.2525 -2.9715 0.0000
3.0047 -3.0282 0.0000
2.6457 -2.5199 0.0000
-0.3593 -1.3505 0.0001
-0.6399 -1.4239 0.0001
-0.9192 -1.4863 0.0001
-0.7480 -1.7086 0.0000
-0.9659 -1.9421 0.0000
-1.2183 -1.9629 0.0000
-0.8275 -1.2158 0.0004
-4.2696 -0.4715 0.0000
-4.4753 -0.6600 0.0000
-3.9048 -0.5262 0.0000
-4.0586 -0.2983 0.0000
-2.7397 -2.8264 0.0000
-2.9973 -2.9011 0.0000
2.8887 -2.0503 0.0000
-2.0095 1.7308 0.0010
-0.5251 -2.1746 0.0000
-0.8364 -2.2167 0.0000
0.0002 4.2390 0.0000
0.1343 4.0141 0.0000
-0.0572 3.8573 0.0000
3.2411 -1.6818 0.0000
2.9959 -1.8362 0.0000
0.0985 -3.4096 0.0000
0.2894 -3.5903 0.0000
0.1468 -3.8005 0.0000
-4.0558 2.8561 0.0000
-1.0443 -1.0348 0.0019
-1.0996 -1.3105 0.0006
-1.3106 -1.4490 0.0006
1.5571 4.2214 0.0000
3.3139 -3.2241 0.0000
3.3846 -3.4919 0.0000
-0.2298 0.8430 0.0007
-0.3780 1.0382 0.0004
4.1431 -0.4131 0.0000
3.9209 -0.6001 0.0000
4.0213 -0.8718 0.0000
3.8690 -1.0636 0.0000
4.0041 1.9800 0.0000
3.9218 1.7432 0.0000
-4.2390 1.3751 0.0000
-4.4947 1.2256 0.0000
-3.9976 -2.7300 0.0000
-4.0666 -2.9838 0.0000
0.9943 0.3083 0.0114
1.0935 0.0341 0.0200
-4.5292 0.3283 0.0000
-4.7446 0.1538 0.0000
-3.9714 -2.1620 0.0000
-3.9821 -2.4443 0.0000
-4.5007 -0.9602 0.0000
-4.7562 -1.0939 0.0000
-4.7739 4.2267 0.0000
4.7512 2.9682 0.0000
-1.1099 -3.0681 0.0000
-1.3148 -3.3231 0.0000
3.9783 2.2124 0.0000
3.7203 2.2024 0.0000
-4.1925 0.7424 0.0000
-4.2589 0.4455 0.0000
-3.6856 3.1349 0.0000
-2.7938 -4.6021 0.0000
4.5059 4.2934 0.0000
2.5195 4.5122 0.0000
2.2666 4.4983 0.0000
2.3285 4.2550 0.0000
2.1762 4.0029 0.0000
2.0436 3.7565 0.0000
4.5643 3.1420 0.0000
4.3769 2.9807 0.0000
0.5391 4.7498 0.0000
0.4399 4.4914 0.0000
0.1594 4.4850 0.0000
2.3441 -4.0224 0.0000
2.2805 -4.2680 0.0000
1.3472 -3.7915 0.0000
1.1982 -4.0238 0.0000
1.3584 2.2388 0.0000
1.1300 2.0735 0.0000
1.1369 1.7923 0.0000
1.1496 1.5023 0.0003
1.0466 3.9206 0.0000
-0.0697 2.9294 0.0000
-0.9597 0.1873 0.0156
-1.0374 -0.0829 0.0210
-1.1342 -0.3304 0.0237
-1.2036 -0.6057 0.0176
-1.2585 -0.1037 0.0477
-1.3258 -0.2658 0.0529
-1.3452 -0.4451 0.0424
-1.4702 -0.3371 0.0820
-1.5770 -0.3594 0.1131
-1.6325 -0.4349 0.1186
-0.1159 -1.2654 0.0001
-1.5908 -1.5405 0.0009
-1.8579 -1.6329 0.0011
1.0150 1.0580 0.0016
0.8103 0.8532 0.0019
0.6338 0.6306 0.0024
2.0197 -0.5423 0.1750
1.9482 -0.6118 0.1338
1.9749 -0.7021 0.1120
1.8818 -0.6936 0.0950
1.8260 -0.8110 0.0583
-3.5550 -4.2858 0.0000
-3.7392 -4.5091 0.0000
-3.8977 -4.7667 0.0000
-0.9890 -0.7718 0.0048
-1.2622 -0.8559 0.0100
-1.4760 -0.8205 0.0246
-1.5448 -1.0208 0.0142
-4.5194 -3.2226 0.0000
2.5750 -4.2890 0.0000
1.4107 1.9383 0.0000
-2.5649 -0.2104 0.2587
-2.6529 -0.1720 0.1941
-2.6202 -0.2738 0.2027
-2.6797 -0.3399 0.1472
-2.7377 -0.3930 0.1030
-2.8745 -0.4690 0.0381
-3.0917 -0.6308 0.0035
-3.3396 -0.5288 0.0002
-3.4094 -0.7833 0.0000
2.3924 -1.4302 0.0056
3.4235 0.7430 0.0000
-0.6028 2.3989 0.0000
1.5882 3.9430 0.0000
1.3263 3.7846 0.0000
-1.0747 1.2661 0.0008
-1.2082 1.0287 0.0040
-3.7224 -1.4561 0.0000
-3.6924 -1.7448 0.0000
0.6596 -0.1161 0.0050
4.7532 3.5943 0.0000
4.7685 3.2953 0.0000
-2.1782 4.5038 0.0000
-1.9185 4.2448 0.0000
2.1796 1.0081 0.0490
-3.3737 0.5114 0.0001
-0.2386 -1.8046 0.0000
-0.4785 -1.8948 0.0000
-0.7156 -1.9799 0.0000
3.2435 -0.8834 0.0002
3.2991 -1.1466 0.0000
-3.5740 4.4567 0.0000
-0.3150 -4.4873 0.0000
-0.4757 -4.7429 0.0000
-0.1082 2.3040 0.0000
-0.1222 2.0291 0.0000
-0.3833 1.9272 0.0000
-0.6426 1.8385 0.0000
4.7642 -0.4025 0.0000
4.4247 -0.5125 0.0000
4.2190 -0.6973 0.0000
2.6383 2.1173 0.0000
2.3491 1.9519 0.0002
-0.2045 -3.4139 0.0000
-0.4966 -3.4234 0.0000
-0.3521 -3.6631 0.0000
-0.6476 -3.7068 0.0000
-3.6314 -0.5711 0.0000
-4.1299 -0.6555 0.0000
-2.4163 -0.4403 0.2731
-2.5184 -0.4203 0.2295
-2.5865 -0.4889 0.1669
-2.6370 -0.5590 0.1206
-2.6143 -0.3923 0.1783
-2.6699 -0.4512 0.1299
-2.7179 -0.5032 0.0942
-2.4912 -0.5110 0.2086
-2.5402 -0.5859 0.1575
-2.6169 -0.6553 0.1038
-2.7449 -0.6201 0.0634
-2.8869 -0.7582 0.0173
-2.9553 -1.0064 0.0041
-3.1762 -0.8494 0.0007
-3.2300 -1.0999 0.0001
-2.4577 -2.6863 0.0000
2.5332 1.3501 0.0066
2.3413 1.1737 0.0226
-3.8965 -0.0363 0.0000
-3.9467 -3.2005 0.0000
-4.1884 -3.3269 0.0000
-1.8145 -1.3527 0.0061
-2.0772 -1.4413 0.0061
1.4671 1.3924 0.0014
0.1391 -1.3837 0.0001
3.6009 -0.5397 0.0000
3.4748 -0.8145 0.0000
3.7376 -0.8146 0.0000
3.5736 -1.0834 0.0000
-1.8796 0.8400 0.0799
-1.9655 0.7639 0.1204
-1.7586 0.7910 0.0683
-1.7860 0.6762 0.1024
-1.8743 0.6206 0.1453
-1.8750 0.7241 0.1120
-1.9587 0.6649 0.1548
-2.0020 0.5936 0.1961
-2.0729 0.5383 0.2413
3.5262 1.2364 0.0000
3.5445 0.9499 0.0000
-1.3969 -3.0575 0.0000
-1.5829 -2.8763 0.0000
-1.5771 -3.2374 0.0000
-1.5619 -3.5249 0.0000
0.8734 1.9291 0.0000
0.8826 1.6314 0.0001
0.4443 1.2040 0.0002
0.2587 1.0026 0.0004
-0.0284 0.9976 0.0004
2.7537 -3.0948 0.0000
-4.4729 2.4467 0.0000
-4.7453 2.3158 0.0000
0.2806 -1.9410 0.0000
2.4342 -2.1066 0.0001
1.4787 3.2687 0.0000
1.2831 3.1012 0.0000
0.9518 3.1412 0.0000
1.8850 1.7102 0.0007
-3.3908 -3.5171 0.0000
0.8904 -1.2781 0.0003
1.0542 -1.4923 0.0002
2.0297 -1.7575 0.0007
1.6727 -0.7287 0.0490
1.5937 -0.9294 0.0188
-1.9151 -3.9535 0.0000
-2.0141 -4.2445 0.0000
1.6120 2.7142 0.0000
1.3832 2.5165 0.0000
-2.4861 0.6524 0.1580
-2.5940 0.5365 0.1499
-2.6461 0.4785 0.1375
-2.7225 0.5027 0.0921
-2.9548 0.2637 0.0257
4.7580 -1.1010 0.0000
4.7030 -1.3707 0.0000
4.7655 -1.6524 0.0000
-0.4006 4.5098 0.0000
-0.6700 4.4866 0.0000
2.1764 1.6997 0.0011
0.3953 -0.6668 0.0013
0.2182 -0.8784 0.0005
-1.3779 -1.7309 0.0001
-1.4453 -2.0253 0.0000
0.0341 4.7500 0.0000
-0.1167 4.4990 0.0000
-2.4561 1.9870 0.0002
-3.3989 0.9911 0.0000
-3.5462 0.7583 0.0000
-1.1551 1.9948 0.0000
-1.1877 1.7318 0.0001
-4.3437 0.1574 0.0000
-4.5246 -0.0133 0.0000
4.0432 -1.4757 0.0000
3.9913 -1.7599 0.0000
3.7230 -1.8780 0.0000
4.7382 -1.8850 0.0000
4.7367 -2.1156 0.0000
-1.5660 1.3776 0.0026
-0.2931 4.2754 0.0000
4.7566 -0.1188 0.0000
4.5323 -0.2825 0.0000
-3.2216 -2.4145 0.0000
-3.5942 -4.7605 0.0000
4.7640 -2.9639 0.0000
0.2959 4.2330 0.0000
-4.1688 -0.0321 0.0000
-4.3502 -0.1934 0.0000
0.0101 0.1566 0.0025
-0.1506 -0.1081 0.0026
-3.2847 -4.7652 0.0000
-0.4638 -0.8457 0.0008
-0.7103 -0.6822 0.0027
-0.7581 -0.9458 0.0012
-3.2600 -2.7041 0.0000
-3.2435 -2.9592 0.0000
-4.2338 -2.5693 0.0000
-4.2876 -2.8197 0.0000
-4.5323 -2.9653 0.0000
-3.4998 1.7955 0.0000
-3.6960 1.5868 0.0000
-3.9757 1.5371 0.0000
-1.6923 4.3590 0.0000
-1.6457 4.0990 0.0000
2.3485 4.7532 0.0000
2.0614 4.7510 0.0000
2.0348 4.5009 0.0000
1.7962 4.5000 0.0000
1.7894 4.2550 0.0000
1.3005 4.3728 0.0000
0.9114 -4.0184 0.0000
3.5705 2.4294 0.0000
3.4328 2.1379 0.0000
3.3385 3.9748 0.0000
3.1793 3.7246 0.0000
1.0974 3.6185 0.0000
2.4545 0.2169 0.2627
2.3723 0.1749 0.3065
2.3400 0.1008 0.3285
2.2747 0.0237 0.3473
2.2042 -0.1281 0.3386
2.1200 -0.1301 0.3245
2.0695 -0.2156 0.2931
-4.5213 -4.5184 0.0000
-4.7450 -3.9653 0.0000
1.9643 -0.8030 0.0816
1.8381 -0.9826 0.0318
1.1338 -2.5301 0.0000
0.8309 -2.6474 0.0000
-2.0311 4.7604 0.0000
-2.3318 4.7506 0.0000
-0.2720 -1.0457 0.0003
1.3508 2.8175 0.0000
1.0813 2.9302 0.0000
0.2814 4.7469 0.0000
-4.1088 4.5077 0.0000
-4.0286 4.2208 0.0000
-4.2988 4.2887 0.0000
-0.0968 -2.3593 0.0000
0.7262 0.3594 0.0047
0.5530 0.1327 0.0040
3.0661 -3.2548 0.0000
3.1316 -3.4805 0.0000
0.2974 -2.8573 0.0000
0.2166 -3.1283 0.0000
-0.0668 -3.1678 0.0000
1.5234 -4.5255 0.0000
1.0795 -4.7621 0.0000
3.7263 3.1951 0.0000
3.5633 2.9435 0.0000
4.0126 1.5239 0.0000
3.7719 1.4133 0.0000
1.5262 1.1300 0.0062
1.5441 0.8163 0.0241
2.5762 -0.2881 0.1814
2.4961 -0.3446 0.2118
2.4140 -0.3914 0.2326
2.3376 -0.4468 0.2338
2.2809 -0.5160 0.2146
2.5864 -0.3862 0.1555
2.5061 -0.4413 0.1803
2.4825 -0.5507 0.1563
2.4222 -0.4798 0.2000
2.3768 -0.5506 0.1868
2.3918 -0.6356 0.1525
2.2994 -0.6106 0.1756
2.2319 -0.6828 0.1503
2.5280 -0.0931 0.2389
2.4722 -0.1607 0.2639
2.4888 -0.2501 0.2382
2.3953 -0.2150 0.2897
2.4035 -0.3033 0.2636
2.3174 -0.3506 0.2725
2.2469 -0.4150 0.2561
2.1849 -0.4907 0.2245
2.2080 -0.5863 0.1876
2.1149 -0.5636 0.1871
2.0448 -0.6351 0.1479
2.1374 -0.6594 0.1535
2.0648 -0.7322 0.1181
2.0890 -0.8266 0.0913
-3.9392 -3.7402 0.0000
-3.9807 -4.0065 0.0000
-4.2555 -4.1445 0.0000
1.3293 0.7134 0.0154
-1.8729 -4.5142 0.0000
-1.7207 -4.7638 0.0000
-1.9719 1.4051 0.0073
-2.2135 1.2475 0.0220
-1.5120 0.4234 0.0787
-1.6223 0.4088 0.1139
-1.5459 0.2324 0.1143
-1.5770 0.3238 0.1127
-1.6767 0.3271 0.1504
-1.6410 0.2411 0.1501
-1.6101 0.1501 0.1483
-1.7028 0.1608 0.1903
-1.7391 0.2509 0.1941
-1.8015 0.1767 0.2410
-1.7664 0.0914 0.2323
-1.8597 0.0938 0.2870
-1.6672 0.0626 0.1816
-1.6862 -0.0431 0.1932
-1.7534 0.0100 0.2296
-1.9585 0.1083 0.3441
-1.7868 -0.0833 0.2466
-1.8596 -0.1590 0.2804
-1.8370 0.0049 0.2789
-1.9294 0.0186 0.3349
-1.8913 -0.0718 0.3098
-1.9563 -0.1466 0.3384
-1.9897 -0.0582 0.3685
-2.0844 -0.0416 0.4162
-2.0526 -0.1367 0.3899
-2.1241 -0.2151 0.3965
-3.7932 -4.2397 0.0000
-4.0276 -4.2820 0.0000
-4.2762 -4.4491 0.0000
-2.1349 4.2618 0.0000
-2.1753 3.9949 0.0000
-2.3691 4.2316 0.0000
-2.0566 0.1207 0.3938
-2.1273 0.0453 0.4315
-2.2330 0.0291 0.4502
-2.3011 -0.0096 0.4428
-2.0254 0.0329 0.3887
-2.1838 -0.0346 0.4459
-2.1411 -0.1139 0.4270
-2.2562 -0.0835 0.4441
-2.3611 -0.0903 0.4162
-2.2076 -0.1566 0.4294
-2.2292 -0.2431 0.4031
-2.3002 -0.1701 0.4196
-2.2604 -0.3371 0.3627
-2.3236 -0.2629 0.3833
-2.3592 -0.3604 0.3314
-2.4757 -0.1719 0.3344
-2.3932 -0.1803 0.3829
-2.4973 -0.2606 0.2967
-2.4117 -0.2692 0.3460
-2.4576 -0.3506 0.2909
-2.5549 -0.3275 0.2368
-2.9414 1.2426 0.0013
4.0273 3.1682 0.0000
-1.7686 -0.5306 0.1428
-1.8427 -0.5646 0.1575
-1.8902 -0.6530 0.1415
-1.8585 -0.7498 0.1017
-1.9633 -0.7188 0.1356
-1.9379 -0.8030 0.1012
-2.0051 -0.8535 0.0957
-2.0070 -0.9726 0.0617
-2.0374 -0.7766 0.1277
-2.1255 -0.7639 0.1444
-2.1044 -0.8616 0.1045
-2.1638 -1.0577 0.0512
-2.2064 -0.8226 0.1251
-2.2978 -0.8515 0.1122
-2.1741 -0.9228 0.0881
-2.2665 -0.9314 0.0858
-2.3888 -0.9051 0.0857
-2.3402 -1.0324 0.0553
-2.5105 -1.1081 0.0298
-2.2840 -1.2525 0.0206
-2.5368 -1.3626 0.0077
-4.7465 -2.2066 0.0000
2.9390 -3.6402 0.0000
4.7814 -4.7830 0.0000
3.0638 4.4949 0.0000
2.7925 4.5050 0.0000
2.6163 4.2567 0.0000
-1.6941 -0.4969 0.1261
-1.7165 -0.6011 0.1068
-1.7969 -0.6384 0.1199
-1.7648 -0.7232 0.0874
-1.7035 -0.8608 0.0455
-1.8648 -0.8858 0.0652
-1.7952 -1.0806 0.0237
-2.0180 -1.1938 0.0227
1.6924 0.1345 0.1496
1.6276 0.0632 0.1281
1.5644 -0.0153 0.1065
1.6665 -0.0298 0.1426
1.6076 -0.1048 0.1178
1.4797 -0.1061 0.0792
-4.7579 -4.5032 0.0000
2.3488 -2.6655 0.0000
-1.0989 4.7555 0.0000
-1.2537 4.5096 0.0000
4.2881 -2.4569 0.0000
4.0549 -2.5255 0.0000
3.9124 -2.7443 0.0000
2.5738 -0.4967 0.1353
2.5697 -0.5885 0.1135
2.5472 -0.6666 0.1008
2.4735 -0.6393 0.1310
2.5290 -0.7748 0.0780
2.4321 -0.7239 0.1143
2.3612 -0.7873 0.1052
2.3009 -0.8874 0.0794
2.0116 -1.1362 0.0238
4.4902 -1.8533 0.0000
4.2207 -2.2233 0.0000
2.6606 -0.7090 0.0579
2.7899 -0.8460 0.0180
2.5899 -0.9499 0.0341
2.7720 -1.1171 0.0068
2.5257 -1.2192 0.0129
-1.7372 1.2306 0.0101
-1.7797 0.9838 0.0364
4.7644 -3.6153 0.0000
4.5408 -3.7853 0.0000
2.4658 1.6423 0.0013
-3.2308 0.7365 0.0004
-4.4853 -1.9772 0.0000
-2.8892 -3.3835 0.0000
-2.8468 -3.6374 0.0000
-3.2235 -3.9628 0.0000
3.7614 4.2307 0.0000
3.4905 4.2241 0.0000
3.2120 4.2399 0.0000
3.7829 0.8221 0.0000
3.6491 0.6170 0.0000
-0.7917 -4.7439 0.0000
-3.6531 -3.5022 0.0000
2.5334 0.1634 0.2275
2.4457 0.1111 0.2846
2.5393 0.0725 0.2329
2.4688 0.0119 0.2784
2.4443 -0.0646 0.2897
2.3842 0.0301 0.3191
2.3519 -0.0480 0.3297
2.2688 -0.0738 0.3448
2.3803 -0.1300 0.3114
2.3054 -0.1556 0.3282
2.2373 -0.2078 0.3235
2.1578 -0.2219 0.3135
2.1178 -0.3052 0.2818
2.0195 -0.2916 0.2567
2.3137 -0.2555 0.3031
2.2213 -0.3099 0.2938
2.1551 -0.3936 0.2585
2.0566 -0.3802 0.2415
1.9580 -0.3628 0.2142
2.0891 -0.4702 0.2177
1.9909 -0.4517 0.1978
1.9224 -0.5206 0.1548
-1.0262 -2.7566 0.0000
-1.2934 -2.8049 0.0000
-2.6325 1.0125 0.0297
-2.8433 0.9919 0.0093
3.2986 1.0641 0.0001
1.1979 0.5039 0.0166
0.9162 0.5707 0.0054
-1.3980 2.1696 0.0000
3.9007 4.7523 0.0000
3.7739 4.4893 0.0000
3.5842 4.7388 0.0000
1.7060 -1.1522 0.0102
1.4417 -1.1769 0.0036
4.7524 4.2064 0.0000
0.0640 -1.1032 0.0002
4.2056 0.0746 0.0000
4.3007 -0.1925 0.0000
4.0238 -0.1438 0.0000
3.8196 -0.3376 0.0000
-4.2382 -2.2843 0.0000
-4.4825 -2.4693 0.0000
-4.5254 -2.7077 0.0000
-0.6362 2.1112 0.0000
-0.9019 1.8083 0.0000
-0.9761 1.5374 0.0001
2.7648 -1.7241 0.0002
2.6446 -1.9406 0.0001
-2.9402 1.9760 0.0000
-2.9718 1.7286 0.0001
-3.2408 1.7404 0.0000
2.4683 4.0018 0.0000
4.1428 3.4266 0.0000
3.8736 3.4394 0.0000
1.7918 3.1574 0.0000
1.5701 3.0086 0.0000
-3.2759 -1.3576 0.0000
-3.4190 -1.6115 0.0000
-1.4604 -4.2874 0.0000
-1.5814 -4.5252 0.0000
3.0232 3.4708 0.0000
4.2954 3.6134 0.0000
4.2994 3.2340 0.0000
2.3672 0.8219 0.0903
2.2665 0.8553 0.0869
2.2037 0.7600 0.1180
2.1478 0.6705 0.1478
0.6357 1.4591 0.0001
0.7214 1.1401 0.0005
0.5211 0.9093 0.0009
-0.8628 2.3470 0.0000
-0.8884 2.0786 0.0000
0.1396 -0.0783 0.0023
-3.6754 0.4999 0.0000
-1.7200 4.7408 0.0000
-1.8966 4.5179 0.0000
3.6733 1.6786 0.0000
-3.0454 0.5024 0.0070
1.8299 -4.5239 0.0000
1.6600 -4.2893 0.0000
1.3877 -4.7635 0.0000
2.2292 -1.9369 0.0002
2.1746 -2.2163 0.0000
-1.7715 3.0636 0.0000
1.7425 1.9600 0.0001
-1.4192 -2.2924 0.0000
-1.7058 -2.4072 0.0000
-1.9764 -2.5262 0.0000
-1.3774 3.4392 0.0000
-1.4641 3.1847 0.0000
-1.5343 2.9159 0.0000
-2.3248 1.7496 0.0010
-2.5335 1.6172 0.0017
-0.1450 3.4903 0.0000
-0.5713 3.7334 0.0000
1.3213 4.0654 0.0000
1.0834 4.1912 0.0000
-0.1169 0.3816 0.0021
-0.2736 0.1786 0.0031
-0.1973 1.2005 0.0002
-2.9364 -4.3955 0.0000
0.7555 2.9719 0.0000
0.8728 2.7592 0.0000
0.5992 2.7259 0.0000
0.3695 2.5754 0.0000
2.4069 -2.3985 0.0000
2.1188 -2.4834 0.0000
2.0712 -2.7399 0.0000
-2.2511 2.2258 0.0000
-2.1599 1.9817 0.0002
-1.7449 3.7765 0.0000
-1.8883 3.5109 0.0000
-1.9937 3.2444 0.0000
-3.2130 1.9858 0.0000
-3.4739 2.0438 0.0000
-0.9953 3.9912 0.0000
-1.1720 3.7848 0.0000
-1.1231 3.5373 0.0000
1.9845 1.4595 0.0039
-2.3277 0.7878 0.1400
-2.3802 0.8511 0.1090
-2.4141 0.7442 0.1432
-2.5118 0.7323 0.1206
-2.4606 0.8181 0.1056
-2.5670 0.8367 0.0743
-2.7097 0.7715 0.0495
-2.5713 0.6275 0.1327
-2.5966 0.7052 0.0997
-2.6691 0.6053 0.0957
2.9135 4.2429 0.0000
2.7571 3.9965 0.0000
2.8351 -4.1683 0.0000
0.7839 -2.9515 0.0000
0.9254 -3.1547 0.0000
0.7037 -3.2806 0.0000
-0.4216 3.9744 0.0000
-0.8729 3.6999 0.0000
-3.9592 -1.8791 0.0000
-4.2221 -1.7326 0.0000
-4.2294 -2.0079 0.0000
-3.4862 -3.0289 0.0000
-3.4146 -3.2743 0.0000
4.4996 3.4357 0.0000
1.6962 -4.7632 0.0000
-4.2011 3.1635 0.0000
-4.2930 2.9327 0.0000
-3.6070 -0.0299 0.0000
-3.7582 -0.2894 0.0000
-2.9307 -2.0298 0.0000
-2.9591 -2.3270 0.0000
2.7941 1.2326 0.0039
2.5886 1.0832 0.0202
2.3776 0.9656 0.0534
0.6143 -4.0323 0.0000
0.4617 -4.2734 0.0000
2.8411 -3.3597 0.0000
-3.1084 0.9916 0.0007
4.5178 1.2647 0.0000
4.7551 1.4155 0.0000
1.0870 -2.2432 0.0000
0.8781 -2.3796 0.0000
0.6038 -2.4633 0.0000
-2.2099 -2.2708 0.0000
-2.4789 -2.3894 0.0000
-4.4460 3.2731 0.0000
-4.5244 3.0450 0.0000
-4.7562 2.8917 0.0000
0.8907 -0.1678 0.0098
0.8355 -0.4017 0.0063
0.6305 -0.5993 0.0025
-2.0435 -3.1448 0.0000
-2.3652 -3.2316 0.0000
-2.3551 -3.5271 0.0000
1.8757 2.2390 0.0000
0.4601 4.0191 0.0000
0.5575 3.7666 0.0000
0.2772 3.8234 0.0000
0.3377 3.5520 0.0000
-3.4340 -3.7746 0.0000
-3.6843 -3.7467 0.0000
-3.7186 -3.9912 0.0000
3.1804 1.9323 0.0000
3.0593 1.7017 0.0000
2.9931 1.4594 0.0003
-0.1902 4.0511 0.0000
-0.2728 3.7392 0.0000
-2.9799 -4.7558 0.0000
3.0405 -4.7134 0.0000
2.8202 -4.7586 0.0000
2.0323 1.9552 0.0002
-1.6447 -1.8264 0.0002
-1.9004 -1.9321 0.0001
2.3244 3.7500 0.0000
2.1751 3.4990 0.0000
-4.5158 4.1032 0.0000
2.5544 -3.2972 0.0000
2.3396 -3.5036 0.0000
4.5076 2.1845 0.0000
-0.8277 -3.9151 0.0000
-0.9970 -4.1134 0.0000
-1.1664 -4.2719 0.0000
-1.2776 -4.5212 0.0000
2.3272 -0.7033 0.1379
2.2598 -0.7774 0.1156
2.1846 -0.8581 0.0885
2.1633 -0.7521 0.1221
2.0181 -0.9301 0.0576
-3.3825 4.7336 0.0000
0.6300 2.4241 0.0000
0.3922 2.2768 0.0000
0.6305 2.1005 0.0000
0.3843 1.9809 0.0000
0.1395 2.1460 0.0000
0.1220 1.8613 0.0000
-3.7634 1.8446 0.0000
-4.0004 1.8229 0.0000
-2.2158 1.5165 0.0049
3.6337 -4.2716 0.0000
3.3902 -4.2572 0.0000
3.2122 -4.4826 0.0000
-3.7049 -2.0385 0.0000
-0.2286 4.7542 0.0000
4.5121 -4.7254 0.0000
2.0443 0.8780 0.0716
1.8894 0.8571 0.0571
1.9936 0.7579 0.0990
1.9776 0.6522 0.1293
1.8924 0.6080 0.1236
1.8929 0.7095 0.0946
1.7519 0.7598 0.0558
-2.5072 -4.1352 0.0000
-2.6418 -4.3809 0.0000
3.5199 -3.7715 0.0000
3.3615 -4.0053 0.0000
0.4786 -1.7161 0.0000
4.7596 -2.3810 0.0000
4.7556 -2.6642 0.0000
3.0493 3.9873 0.0000
2.8938 3.7363 0.0000
0.7644 3.9985 0.0000
0.8301 3.7116 0.0000
-0.4527 0.7144 0.0015
-0.6364 0.5378 0.0036
-2.2945 3.1772 0.0000
-2.5872 3.0894 0.0000
2.7666 -3.8546 0.0000
2.5813 -4.0434 0.0000
1.3571 -4.2809 0.0000
1.2196 -4.5222 0.0000
1.0608 -4.2733 0.0000
4.2165 -1.9556 0.0000
3.9750 -2.2851 0.0000
3.7734 -2.4840 0.0000
1.6053 1.7192 0.0003
-0.5454 4.2228 0.0000
-0.8342 4.2388 0.0000
-0.7151 3.9725 0.0000
2.8837 -2.5710 0.0000
-1.4252 1.8797 0.0001
-1.4883 1.6235 0.0004
-3.3518 0.0347 0.0002
-3.2119 0.2797 0.0013
-3.0648 0.0091 0.0100
-3.5087 0.2591 0.0000
3.0137 -1.2729 0.0005
2.9703 -1.5493 0.0002
2.7377 -1.3916 0.0021
-3.1352 -3.6858 0.0000
-3.9044 3.3561 0.0000
-3.9671 3.0975 0.0000
0.8861 3.4266 0.0000
0.6758 3.2338 0.0000
-1.2252 0.5897 0.0204
-1.4782 0.6105 0.0470
-1.2782 0.2396 0.0475
-1.3503 0.4161 0.0465
-1.4615 0.2999 0.0810
4.7778 0.4936 0.0000
4.5704 0.3595 0.0000
4.7513 0.1732 0.0000
4.3620 0.2909 0.0000
4.5003 0.0327 0.0000
-3.1706 3.2941 0.0000
-3.1681 3.0264 0.0000
1.5421 -1.6599 0.0004
1.4592 -1.9432 0.0000
-3.6405 4.7271 0.0000
-3.9287 4.7490 0.0000
-3.8376 4.4727 0.0000
1.1289 2.6460 0.0000
1.1203 2.3675 0.0000
0.8719 2.5090 0.0000
3.3228 0.5252 0.0002
2.5723 -2.7577 0.0000
2.5058 -2.9952 0.0000
2.2974 -3.1951 0.0000
3.1791 0.8436 0.0006
2.9351 0.9831 0.0042
2.7285 0.8796 0.0243
2.9228 0.7101 0.0114
2.7155 0.6465 0.0530
2.5902 0.6307 0.0938
2.5738 0.5390 0.1223
2.6515 0.5372 0.0920
2.5601 0.4547 0.1501
2.5420 0.3593 0.1834
2.8333 0.4852 0.0378
2.6771 0.4637 0.0950
2.6291 0.3957 0.1301
2.6301 0.3018 0.1468
2.5394 0.2626 0.2069
1.3256 -0.5276 0.0259
1.1835 -0.7187 0.0092
1.3164 -0.9463 0.0065
1.0307 -0.9467 0.0023
0.8146 -1.0391 0.0008
0.0680 3.6531 0.0000
0.1117 3.3633 0.0000
-0.1383 3.2023 0.0000
-0.3955 3.2661 0.0000
-0.4029 2.9929 0.0000
-1.3158 -1.1258 0.0038
-1.5584 -1.2693 0.0043
1.2841 -0.3292 0.0325
1.1005 -0.2203 0.0189
1.0779 -0.4634 0.0124
-3.8281 2.3591 0.0000
-0.2493 -2.8836 0.0000
-0.5468 -2.9289 0.0000
1.7450 -1.8511 0.0002
1.6660 -2.1320 0.0000
1.6274 -2.4081 0.0000
1.4225 -2.5436 0.0000
1.7954 4.7453 0.0000
1.5557 4.7650 0.0000
1.5513 4.4980 0.0000
2.0402 -3.5705 0.0000
1.7736 -3.5529 0.0000
1.9528 -2.0362 0.0001
1.8965 -2.3108 0.0000
1.8192 -2.5866 0.0000
-2.6891 1.8208 0.0002
2.1098 3.0090 0.0000
1.8513 2.8854 0.0000
4.2286 3.9055 0.0000
4.0282 3.6946 0.0000
3.7549 3.7126 0.0000
4.5016 1.8716 0.0000
4.5005 1.5755 0.0000
-1.6842 -3.7826 0.0000
-1.6224 -4.0371 0.0000
-1.7480 -4.2648 0.0000
3.5136 -1.3910 0.0000
3.2493 -1.4295 0.0000
-1.0674 0.7932 0.0063
1.9545 1.0427 0.0307
1.7253 0.9780 0.0233
2.5656 2.7186 0.0000
2.0146 -3.0737 0.0000
-0.1650 -2.6201 0.0000
-0.4500 -2.6607 0.0000
0.3563 -2.5700 0.0000
0.0775 -2.6643 0.0000
0.0061 -2.9159 0.0000
0.1943 -1.6527 0.0000
0.0053 -1.8655 0.0000
-2.7297 -0.1037 0.1410
-2.8498 -0.0673 0.0687
-2.7135 -0.2575 0.1379
-2.7479 -0.1851 0.1227
-2.8173 -0.1908 0.0809
-2.7950 -0.3024 0.0839
-2.9566 -0.2275 0.0270
-3.1277 -0.3770 0.0039
-3.4770 -0.2906 0.0000
2.4810 -3.7729 0.0000
2.2060 -3.7779 0.0000
-0.5474 -1.1357 0.0003
3.2328 -3.7406 0.0000
3.0410 -3.9375 0.0000
4.7573 2.3277 0.0000
2.0091 3.2604 0.0000
1.2964 -2.7872 0.0000
1.1484 -3.0487 0.0000
1.0253 -2.8223 0.0000
4.7571 4.4953 0.0000
4.5190 4.5434 0.0000
1.3748 1.6299 0.0003
2.1716 -0.0324 0.3447
2.0656 -0.0510 0.3167
2.0241 -0.1343 0.2924
1.9739 -0.2014 0.2604
1.9025 -0.1583 0.2363
1.9257 -0.2700 0.2256
1.8645 -0.3370 0.1849
1.8428 -0.2353 0.1971
1.7738 -0.3102 0.1549
1.8010 -0.4063 0.1450
1.7355 -0.4695 0.1100
1.8915 -0.4329 0.1703
1.8215 -0.5081 0.1273
1.7049 -0.3830 0.1171
1.6297 -0.4875 0.0783
1.7259 -0.5707 0.0870
0.0131 -4.0319 0.0000
-0.1858 -3.8897 0.0000
-0.4845 -3.9188 0.0000
-0.3151 -4.1183 0.0000
1.8936 3.5011 0.0000
1.6820 3.3908 0.0000
-2.9525 -3.9062 0.0000
-3.0628 -4.1740 0.0000
-3.1409 -4.5203 0.0000
3.9965 -4.0016 0.0000
3.9120 -4.2530 0.0000
-3.5172 1.2487 0.0000
-3.7146 1.0272 0.0000
-1.8916 4.0005 0.0000
-2.0368 3.7421 0.0000
-0.0879 2.5798 0.0000
-0.3416 2.4825 0.0000
-2.3090 -4.2781 0.0000
-2.4512 -4.5179 0.0000
2.0890 1.2249 0.0159
1.7904 1.2338 0.0085
-2.6568 -1.9281 0.0001
-3.4839 4.2052 0.0000
-3.6405 3.9476 0.0000
-3.7494 3.6829 0.0000
-3.9468 3.9218 0.0000
-4.2153 3.7292 0.0000
-4.7571 2.0055 0.0000
-0.6073 0.8994 0.0012
-0.7962 0.7364 0.0033
-3.4598 -2.2141 0.0000
-3.7231 -2.3294 0.0000
2.0505 4.2523 0.0000
1.8715 4.0062 0.0000
2.1323 -4.5154 0.0000
2.0011 -4.7610 0.0000
-3.5589 2.3325 0.0000
-3.7350 2.0861 0.0000
-4.5144 2.1335 0.0000
-4.7533 1.6971 0.0000
3.1213 -4.2040 0.0000
2.9387 -4.4351 0.0000
-1.5893 0.5150 0.0846
-1.6740 0.5744 0.0963
-1.6834 0.4832 0.1195
-1.7207 0.4083 0.1509
-1.8112 0.4313 0.1830
-1.7696 0.5896 0.1212
-1.8469 0.5266 0.1673
-1.7598 0.5037 0.1415
-1.9066 0.4507 0.2181
-1.8755 0.3575 0.2358
-1.9739 0.3778 0.2756
-1.7786 0.3380 0.1940
-1.8384 0.2651 0.2429
-1.9340 0.2803 0.2901
-1.8974 0.1863 0.2944
-1.9929 0.1979 0.3448
-2.0272 0.2868 0.3340
-0.1416 1.7480 0.0000
-0.1588 1.4645 0.0000
2.3931 0.4902 0.2015
2.3281 0.4361 0.2370
2.2403 0.4081 0.2565
2.1864 0.3296 0.2837
2.0957 0.3194 0.2715
2.1209 0.2364 0.3021
2.0353 0.2043 0.2845
1.9520 0.1810 0.2561
1.9031 0.0954 0.2450
-0.5128 4.7559 0.0000
2.7048 2.9533 0.0000
2.5769 -1.5769 0.0015
2.4372 -1.7839 0.0006
3.5295 4.4712 0.0000
3.3123 4.4969 0.0000
-3.1535 4.7529 0.0000
-4.4873 0.6241 0.0000
-4.7570 0.4756 0.0000
2.6078 3.7433 0.0000
2.4552 3.4899 0.0000
-1.0990 -4.7524 0.0000
-1.7288 1.8166 0.0003
-1.7676 1.5475 0.0018
0.9815 -1.7584 0.0000
0.7289 -1.8320 0.0000
1.8649 -2.8590 0.0000
1.5929 -2.7663 0.0000
1.7058 -3.0602 0.0000
1.4360 -3.0288 0.0000
1.2884 -3.2774 0.0000
-2.4658 3.9721 0.0000
-2.7570 3.9563 0.0000
-2.9196 3.7526 0.0000
-2.7644 3.5593 0.0000
-3.0108 3.4809 0.0000
-2.9049 3.2046 0.0000
-4.4770 -3.7197 0.0000
2.1793 0.4924 0.2206
2.1391 0.4117 0.2476
2.0179 0.2857 0.2584
2.0776 0.4999 0.2033
2.0493 0.3988 0.2331
1.9698 0.3609 0.2207
1.8775 0.3462 0.1914
1.9270 0.2656 0.2292
1.8586 0.1868 0.2145
2.0665 0.6003 0.1639
1.9815 0.5557 0.1621
1.9806 0.4640 0.1922
1.8862 0.5202 0.1477
1.8965 0.4270 0.1773
1.8132 0.4531 0.1430
1.7950 0.3714 0.1555
1.8234 0.2744 0.1855
1.7583 0.2052 0.1695
1.7957 0.1154 0.1943
1.7276 0.0439 0.1679
-3.2817 -4.2772 0.0000
-3.4347 -4.5282 0.0000
-0.6450 -4.4952 0.0000
-0.6551 -4.0931 0.0000
-0.8159 -4.2773 0.0000
-0.9715 -4.4887 0.0000
-4.4578 3.5496 0.0000
-4.7077 3.3746 0.0000
-4.7652 3.1535 0.0000
-1.7697 -2.6945 0.0000
-1.9407 -2.8719 0.0000
-2.1636 -2.7537 0.0000
-4.7654 -2.9674 0.0000
-0.2581 2.7592 0.0000
-0.5274 2.7001 0.0000
-0.8000 2.6256 0.0000
-2.2331 -2.5066 0.0000
2.0797 -3.3418 0.0000
1.8215 -3.3119 0.0000
3.6761 -4.0218 0.0000
0.3861 3.2697 0.0000
0.4890 3.0213 0.0000
0.1613 3.0786 0.0000
0.3114 2.8581 0.0000
3.4888 -1.6848 0.0000
3.4673 -1.9692 0.0000
3.2318 -1.9373 0.0000
3.1389 -2.1589 0.0000
0.6239 1.7770 0.0000
0.3529 1.4489 0.0001
2.8422 2.6621 0.0000
-3.4247 3.1847 0.0000
