5.0000 5.0000 0.0000
0.0000 5.0000 0.0000
2.5000 5.0000 0.0000
3.7500 5.0000 0.0000
4.3750 5.0000 0.0000
4.6875 5.0000 0.0000
4.0625 5.0000 0.0000
3.1250 5.0000 0.0000
3.4375 5.0000 0.0000
2.8125 5.0000 0.0000
1.2500 5.0000 0.0000
1.8750 5.0000 0.0000
2.1875 5.0000 0.0000
1.5625 5.0000 0.0000
0.6250 5.0000 0.0000
0.9375 5.0000 0.0000
0.3125 5.0000 0.0000
-2.5000 5.0000 0.0000
-1.2500 5.0000 0.0000
-0.6250 5.0000 0.0000
-0.3125 5.0000 0.0000
-0.9375 5.0000 0.0000
-1.8750 5.0000 0.0000
-1.5625 5.0000 0.0000
-2.1875 5.0000 0.0000
-3.7500 5.0000 0.0000
-3.1250 5.0000 0.0000
-2.8125 5.0000 0.0000
-3.4375 5.0000 0.0000
-4.3750 5.0000 0.0000
-4.0625 5.0000 0.0000
-4.6875 5.0000 0.0000
5.0000 -5.0000 0.0000
5.0000 0.0000 0.0000
5.0000 -2.5000 0.0000
5.0000 -3.7500 0.0000
5.0000 -4.3750 0.0000
5.0000 -4.6875 0.0000
5.0000 -4.0625 0.0000
5.0000 -3.1250 0.0000
5.0000 -3.4375 0.0000
5.0000 -2.8125 0.0000
5.0000 -1.2500 0.0000
5.0000 -1.8750 0.0000
5.0000 -2.1875 0.0000
5.0000 -1.5625 0.0000
5.0000 -0.6250 0.0000
5.0000 -0.9375 0.0000
5.0000 -0.3125 0.0000
5.0000 2.5000 0.0000
5.0000 1.2500 0.0000
5.0000 0.6250 0.0000
5.0000 0.3125 0.0000
5.0000 0.9375 0.0000
5.0000 1.8750 0.0000
5.0000 1.5625 0.0000
5.0000 2.1875 0.0000
5.0000 3.7500 0.0000
5.0000 3.1250 0.0000
5.0000 2.8125 0.0000
5.0000 3.4375 0.0000
5.0000 4.3750 0.0000
5.0000 4.0625 0.0000
5.0000 4.6875 0.0000
-5.0000 -5.0000 0.0000
0.0000 -5.0000 0.0000
-2.5000 -5.0000 0.0000
-3.7500 -5.0000 0.0000
-4.3750 -5.0000 0.0000
-4.6875 -5.0000 0.0000
-4.0625 -5.0000 0.0000
-3.1250 -5.0000 0.0000
-3.4375 -5.0000 0.0000
-2.8125 -5.0000 0.0000
-1.2500 -5.0000 0.0000
-1.8750 -5.0000 0.0000
-2.1875 -5.0000 0.0000
-1.5625 -5.0000 0.0000
-0.6250 -5.0000 0.0000
-0.9375 -5.0000 0.0000
-0.3125 -5.0000 0.0000
2.5000 -5.0000 0.0000
1.2500 -5.0000 0.0000
0.6250 -5.0000 0.0000
0.3125 -5.0000 0.0000
0.9375 -5.0000 0.0000
1.8750 -5.0000 0.0000
1.5625 -5.0000 0.0000
2.1875 -5.0000 0.0000
3.7500 -5.0000 0.0000
3.1250 -5.0000 0.0000
2.8125 -5.0000 0.0000
3.4375 -5.0000 0.0000
4.3750 -5.0000 0.0000
4.0625 -5.0000 0.0000
4.6875 -5.0000 0.0000
-5.0000 5.0000 0.0000
-5.0000 0.0000 0.0000
-5.0000 2.5000 0.0000
-5.0000 3.7500 0.0000
-5.0000 4.3750 0.0000
-5.0000 4.6875 0.0000
-5.0000 4.0625 0.0000
-5.0000 3.1250 0.0000
-5.0000 3.4375 0.0000
-5.0000 2.8125 0.0000
-5.0000 1.2500 0.0000
-5.0000 1.8750 0.0000
-5.0000 2.1875 0.0000
-5.0000 1.5625 0.0000
-5.0000 0.6250 0.0000
-5.0000 0.9375 0.0000
-5.0000 0.3125 0.0000
-5.0000 -2.5000 0.0000
-5.0000 -1.2500 0.0000
-5.0000 -0.6250 0.0000
-5.0000 -0.3125 0.0000
-5.0000 -0.9375 0.0000
-5.0000 -1.8750 0.0000
-5.0000 -1.5625 0.0000
-5.0000 -2.1875 0.0000
-5.0000 -3.7500 0.0000
-5.0000 -3.1250 0.0000
-5.0000 -2.8125 0.0000
-5.0000 -3.4375 0.0000
-5.0000 -4.3750 0.0000
-5.0000 -4.0625 0.0000
-5.0000 -4.6875 0.0000
1.3821 4.4677 0.0000
2.4158 2.3759 0.0000
4.7393 1.4495 0.0000
4.5046 1.2700 0.0000
4.7653 1.1744 0.0000
4.7044 0.9860 0.0000
1.0849 1.8531 0.0014
-0.0839 1.7565 0.0017
-2.3408 -3.9398 0.0000
-3.9730 -3.3011 0.0000
-4.2293 -3.3790 0.0000
-4.2484 -3.6461 0.0000
-0.3025 -3.0558 0.0000
-0.5514 -3.2200 0.0000
1.7612 4.0355 0.0000
1.4872 3.9600 0.0000
1.7221 3.7534 0.0000
1.4627 3.6739 0.0000
-2.1900 3.3809 0.0000
-2.3301 3.1135 0.0000
1.5263 4.2326 0.0000
1.2505 4.1767 0.0000
-3.5593 -2.3301 0.0000
-3.7784 -2.4419 0.0000
-4.0238 -2.5252 0.0000
-0.1839 2.0170 0.0001
2.3638 -3.7243 0.0000
2.1497 -3.9161 0.0000
1.8673 -3.9853 0.0000
-1.3656 -0.1131 0.5192
4.7619 -3.9029 0.0000
4.5061 -4.0248 0.0000
4.4912 -4.2994 0.0000
-4.5181 -3.2076 0.0000
4.7613 -0.7684 0.0000
4.2702 3.4859 0.0000
4.0156 3.4286 0.0000
4.1608 -0.0204 0.0000
-0.3196 2.2824 0.0000
2.6792 -0.8258 0.0000
2.4084 -0.9504 0.0000
2.6708 -2.1439 0.0000
2.5340 -1.8619 0.0000
2.3629 -2.1030 0.0000
2.4440 -2.3676 0.0000
2.1519 -2.3126 0.0000
-0.2027 -2.5204 0.0000
-0.4687 -2.4467 0.0000
-0.6473 -2.6578 0.0000
-0.3758 -2.7254 0.0000
-0.5507 -2.9367 0.0000
1.5002 2.8766 0.0000
-1.6035 -2.2119 0.0000
-0.1935 2.5471 0.0000
0.6674 -1.5167 0.0000
2.0478 4.7495 0.0000
1.9526 4.4873 0.0000
-1.0126 -2.2762 0.0000
3.9542 0.9497 0.0000
1.3800 -1.3426 0.0000
1.1451 -1.4760 0.0000
3.1632 3.4305 0.0000
3.3460 -0.3123 0.0000
3.1558 -0.4950 0.0000
3.1478 -0.7945 0.0000
-4.2518 1.6182 0.0000
4.7479 2.0363 0.0000
4.7383 1.7369 0.0000
0.0589 -2.9605 0.0000
0.7550 -2.8291 0.0000
3.7063 -1.7621 0.0000
3.8003 -2.2472 0.0000
-0.9265 1.7997 0.0007
4.2523 3.9996 0.0000
3.9872 3.9412 0.0000
0.2846 4.5275 0.0000
0.1269 4.7468 0.0000
4.4684 1.5894 0.0000
4.2687 1.3980 0.0000
4.0036 1.3115 0.0000
-4.5028 -2.4208 0.0000
-4.7490 -2.1663 0.0000
-4.7462 -2.4129 0.0000
-1.8635 3.3658 0.0000
-2.0422 3.1436 0.0000
-2.1296 2.9045 0.0000
-2.2726 -2.0339 0.0000
-1.3627 4.2484 0.0000
-1.3237 3.9705 0.0000
3.0664 -2.5524 0.0000
-1.8558 -2.6274 0.0000
4.7294 -2.4059 0.0000
4.5019 -2.6262 0.0000
4.3882 -2.8681 0.0000
4.4625 3.2859 0.0000
-3.6425 1.1423 0.0000
-3.5201 0.9484 0.0000
-3.8300 0.9079 0.0000
-3.9570 0.6607 0.0000
-2.3969 -0.8092 0.0022
-2.5244 -1.0451 0.0004
-2.6738 -1.2895 0.0001
3.9954 -1.7201 0.0000
4.1881 -2.0005 0.0000
3.9171 -1.9879 0.0000
-3.9967 2.6737 0.0000
-4.1279 2.4520 0.0000
-4.4131 2.3423 0.0000
2.3119 0.5067 0.0000
2.0497 0.3395 0.0000
0.6406 -1.1953 0.0000
-3.9442 -4.0808 0.0000
2.8835 -4.5011 0.0000
3.0016 -4.7531 0.0000
2.7170 -4.7446 0.0000
2.4717 -4.7623 0.0000
-1.8971 -2.0480 0.0000
1.0690 0.8045 0.0000
4.2509 1.7664 0.0000
-4.3983 -1.8499 0.0000
-4.4710 -2.1422 0.0000
-4.7578 2.7039 0.0000
4.7677 0.7801 0.0000
-3.3796 0.4447 0.0000
-3.5752 0.2779 0.0000
-3.6167 -0.0082 0.0000
-3.0011 0.6693 0.0014
-3.0484 0.6289 0.0010
-2.9762 0.5929 0.0018
-2.9380 0.5225 0.0024
-3.0587 0.5543 0.0009
-3.0108 0.4783 0.0015
-3.1382 0.4377 0.0005
-2.9988 0.7864 0.0012
-3.0398 0.7216 0.0009
-3.1033 0.6786 0.0005
-3.1868 0.5928 0.0002
-1.2474 0.1933 0.8111
1.9025 2.4301 0.0001
2.2373 1.3793 0.0000
2.0643 1.1073 0.0000
-3.4449 4.4981 0.0000
-3.7140 4.4983 0.0000
2.3439 -4.2687 0.0000
2.3737 -4.5067 0.0000
2.2271 -4.7488 0.0000
-2.5391 0.2639 0.0104
-2.5316 0.1576 0.0084
-2.6246 0.2235 0.0060
-2.6572 0.1188 0.0040
-2.5367 0.0288 0.0058
-2.6554 0.0049 0.0029
-2.7486 0.0394 0.0026
-2.7929 -0.0391 0.0020
-2.7153 -0.0634 0.0021
-2.7256 -0.1495 0.0016
-2.8108 -0.1238 0.0017
-3.6040 4.7552 0.0000
0.2792 3.1889 0.0000
-0.2288 3.0756 0.0000
0.0441 3.1020 0.0000
-0.0730 2.8287 0.0000
-0.3449 2.7958 0.0000
1.1883 2.7112 0.0000
1.1651 3.2605 0.0000
3.7898 -1.4932 0.0000
3.5164 -1.5202 0.0000
3.4121 -1.7858 0.0000
-2.9678 -3.6143 0.0000
-3.1350 -3.8340 0.0000
-3.4256 -3.6686 0.0000
-3.3777 -3.9262 0.0000
-3.6503 -3.9878 0.0000
4.7628 4.5219 0.0000
4.5102 4.7184 0.0000
4.2791 4.5237 0.0000
0.8419 -3.6924 0.0000
1.1218 -3.6989 0.0000
0.9764 -3.9514 0.0000
0.7003 -3.9631 0.0000
0.8353 -4.2290 0.0000
-4.1291 -1.7381 0.0000
-0.9140 -0.5026 0.0034
-0.9347 -0.7734 0.0002
2.4911 3.1512 0.0000
2.2479 3.1540 0.0000
2.2649 2.8916 0.0000
2.0195 3.0042 0.0000
0.8281 4.4798 0.0000
0.6964 4.2221 0.0000
0.7522 3.9728 0.0000
-2.7792 -0.3336 0.0011
-2.8505 -0.4463 0.0009
-2.9854 -0.5553 0.0005
-3.1313 -0.7176 0.0001
-3.3756 -0.7754 0.0000
-1.6883 -2.8038 0.0000
3.3331 2.9381 0.0000
3.9461 -0.8645 0.0000
3.7470 -1.0060 0.0000
3.6231 -1.2472 0.0000
-0.1644 4.7379 0.0000
-0.4697 4.7492 0.0000
-0.6415 4.5164 0.0000
-4.5009 2.8552 0.0000
-2.1439 0.0127 0.1218
-2.3436 2.0273 0.0002
-2.5130 2.0564 0.0001
-2.3753 1.9018 0.0004
-2.4837 1.9016 0.0003
-2.5999 1.8546 0.0002
-2.1022 -3.1070 0.0000
-2.3482 -3.1172 0.0000
3.5303 -0.4773 0.0000
3.5612 4.1987 0.0000
0.6928 -3.4350 0.0000
3.0309 4.7434 0.0000
4.4739 0.0560 0.0000
-4.0419 -4.3608 0.0000
-4.1785 -4.6776 0.0000
0.6742 3.6844 0.0000
1.0027 1.3315 0.0002
0.9099 1.0478 0.0000
0.7242 -2.1247 0.0000
4.3097 -3.6036 0.0000
4.2671 -3.8745 0.0000
4.0345 -3.7015 0.0000
3.9935 -3.9769 0.0000
3.7333 -3.7852 0.0000
3.7442 -4.0741 0.0000
4.7334 -4.4965 0.0000
-0.7855 -1.5258 0.0000
-1.0469 -1.4803 0.0000
-1.5864 -3.0786 0.0000
-1.8539 -3.0073 0.0000
2.8712 -0.0394 0.0000
2.6318 -0.1970 0.0000
-4.0004 4.1144 0.0000
-4.0148 3.8163 0.0000
-4.2625 3.9600 0.0000
-0.5612 1.0571 0.0991
-0.8197 1.0240 0.1272
-1.0190 0.7504 0.3880
-1.1484 0.4753 0.7237
-0.4736 2.0298 0.0001
0.7675 0.8097 0.0000
1.1192 -3.1890 0.0000
-1.3591 2.7122 0.0000
3.1024 3.0484 0.0000
4.2494 2.6545 0.0000
-2.8611 1.3208 0.0008
-2.9170 1.2695 0.0006
-2.9641 1.1932 0.0005
0.4620 3.3867 0.0000
0.1065 3.6820 0.0000
0.1890 3.4407 0.0000
-0.0243 3.3481 0.0000
3.4272 2.1866 0.0000
1.7445 1.3454 0.0000
1.7877 1.1112 0.0000
-1.0680 4.0395 0.0000
-1.1107 3.7875 0.0000
-2.3267 1.1397 0.0247
-2.3694 1.0567 0.0260
-2.4591 1.0384 0.0188
-2.5457 1.0011 0.0138
4.4884 0.3730 0.0000
-2.3784 0.0952 0.0234
-2.7516 3.9620 0.0000
-2.9048 -3.3824 0.0000
-3.1929 -3.3299 0.0000
-3.2083 -3.5753 0.0000
2.6307 2.1798 0.0000
2.3453 2.1291 0.0000
2.2433 1.8751 0.0000
0.7106 1.2236 0.0015
0.3688 1.1036 0.0108
0.2590 0.8756 0.0083
4.7796 4.7875 0.0000
1.0800 0.1343 0.0000
0.2274 -4.2194 0.0000
0.1745 -4.5155 0.0000
-0.0625 -4.6864 0.0000
3.4125 3.9480 0.0000
3.2997 3.6898 0.0000
-4.7502 4.2144 0.0000
3.1914 -3.9383 0.0000
-3.6559 3.4379 0.0000
-4.7625 -4.2305 0.0000
-2.4131 0.9631 0.0261
-2.4915 0.9286 0.0195
-2.4546 0.8536 0.0249
-2.5867 0.9036 0.0130
-2.6404 0.8064 0.0109
-2.4820 0.7582 0.0232
-2.5430 0.8274 0.0169
-2.5781 0.7334 0.0148
-2.6765 0.7041 0.0094
-2.5132 0.6640 0.0199
-2.6011 0.6369 0.0130
-2.6893 0.6008 0.0085
2.6780 -1.6082 0.0000
2.5417 -1.3758 0.0000
-0.5086 -3.7626 0.0000
0.9092 0.5791 0.0000
-2.6066 -1.6884 0.0000
-2.4078 1.5592 0.0033
-2.5110 1.5337 0.0025
-2.4353 1.4664 0.0049
-2.5215 1.4232 0.0041
-2.6074 1.3661 0.0035
-2.6935 1.3108 0.0027
-2.7564 1.2403 0.0023
1.8043 1.6178 0.0000
2.8550 0.2550 0.0000
0.2766 -3.1049 0.0000
0.1721 -3.3424 0.0000
-0.4158 0.0612 0.0081
-0.3216 -0.2402 0.0001
-0.5705 -0.1773 0.0037
-0.6571 -0.3936 0.0008
-0.8773 -0.2223 0.0375
4.7401 3.9121 0.0000
-4.7769 -4.5213 0.0000
-4.0513 -1.1307 0.0000
-1.7130 4.2664 0.0000
-1.9683 4.1750 0.0000
3.6462 0.9282 0.0000
3.3553 0.8488 0.0000
3.0669 0.7410 0.0000
-0.0772 -1.1922 0.0000
4.2200 0.2537 0.0000
-3.7521 3.9675 0.0000
-3.7708 3.7012 0.0000
-3.9798 3.4977 0.0000
4.7633 -2.6753 0.0000
-4.4584 0.0587 0.0000
-4.4933 -0.2176 0.0000
-4.7396 -0.1427 0.0000
-3.7618 -1.3602 0.0000
-3.8514 -1.6462 0.0000
-1.2435 4.5084 0.0000
-1.5483 4.4740 0.0000
-4.7430 4.4971 0.0000
2.7457 2.7328 0.0000
2.9751 2.5528 0.0000
2.6986 2.4538 0.0000
1.2688 -3.9613 0.0000
1.1170 -4.1895 0.0000
1.0825 -4.3997 0.0000
0.9278 -4.5237 0.0000
-4.2532 0.6284 0.0000
-4.5259 0.5781 0.0000
1.9946 -3.7121 0.0000
-1.8956 2.4850 0.0000
-2.1980 2.1024 0.0001
-1.6579 -1.5131 0.0000
0.2231 4.2823 0.0000
0.0254 4.1525 0.0000
-0.0738 3.9000 0.0000
4.5354 4.4022 0.0000
4.3037 4.2712 0.0000
3.5456 0.6328 0.0000
4.4896 1.9033 0.0000
-1.9771 4.7491 0.0000
-2.1476 4.5124 0.0000
-0.7959 4.2443 0.0000
1.0272 -0.1542 0.0000
-3.1349 2.2967 0.0000
-3.3620 2.4050 0.0000
-3.1552 1.9941 0.0000
-4.5196 -1.6325 0.0000
-4.6792 -1.9222 0.0000
0.2960 -2.7905 0.0000
0.0308 -2.6599 0.0000
-0.1709 -2.8484 0.0000
-4.7575 -3.3134 0.0000
0.4688 -2.0096 0.0000
0.2097 -1.8886 0.0000
3.6800 0.3917 0.0000
-1.4002 -4.7605 0.0000
-3.9160 -1.9322 0.0000
-3.9566 -2.2317 0.0000
2.6648 -3.9925 0.0000
2.5812 -4.2356 0.0000
2.8303 -4.2683 0.0000
2.6159 -4.4883 0.0000
4.2002 3.1933 0.0000
-2.6542 -0.8158 0.0005
-2.7910 -1.0231 0.0003
-2.9334 -1.2322 0.0001
-0.6295 2.7942 0.0000
3.8312 4.1731 0.0000
3.7017 3.9260 0.0000
0.2591 1.5765 0.0100
0.1781 1.2846 0.0263
-2.2677 1.3180 0.0164
-2.2871 1.2309 0.0213
-2.3790 1.2137 0.0164
-2.4388 1.2702 0.0108
-2.4283 1.1389 0.0169
-2.5224 1.1060 0.0124
-2.6187 1.0682 0.0085
1.4970 2.1254 0.0003
4.5149 0.6980 0.0000
-3.4983 -1.2826 0.0000
-3.5687 -1.5769 0.0000
3.8949 3.1587 0.0000
3.7922 2.8820 0.0000
3.5356 2.7793 0.0000
2.4829 4.5071 0.0000
2.2138 4.4776 0.0000
2.9198 -3.7767 0.0000
2.9055 -4.0218 0.0000
-3.5473 -4.4862 0.0000
-3.6373 -4.7542 0.0000
4.7694 -0.4963 0.0000
4.5275 -0.4606 0.0000
-2.5411 1.6273 0.0013
-2.6137 1.5656 0.0013
-2.7191 1.6133 0.0005
-2.6948 1.5037 0.0011
-2.7645 1.4436 0.0009
-2.8570 1.4654 0.0004
-2.9059 1.3834 0.0004
-3.0056 1.3295 0.0002
-3.0305 -1.4703 0.0000
-2.8527 -1.8311 0.0000
-3.0872 -1.7254 0.0000
2.4922 1.3219 0.0000
4.5187 -3.1284 0.0000
4.3943 -3.3530 0.0000
4.6000 -3.4563 0.0000
1.5960 -2.9922 0.0000
1.4212 -3.2230 0.0000
-0.6747 -3.9818 0.0000
-0.8201 -4.2274 0.0000
-1.0973 2.5428 0.0000
2.8925 3.5035 0.0000
2.1670 -0.7912 0.0000
0.0121 1.5117 0.0121
-0.2604 1.5021 0.0092
-4.1835 -2.0379 0.0000
-3.1784 -2.5753 0.0000
-3.4614 -2.5671 0.0000
1.0964 -4.7414 0.0000
4.7601 -1.6871 0.0000
4.7327 0.2282 0.0000
-4.1419 0.8843 0.0000
-4.4777 0.8573 0.0000
-0.7866 -3.7068 0.0000
-0.8515 -3.4011 0.0000
-2.0323 -2.8245 0.0000
-4.2332 -2.3215 0.0000
0.9535 3.4777 0.0000
-1.7007 0.8879 0.2469
4.2243 2.3662 0.0000
-4.7487 2.9986 0.0000
1.5550 -3.9873 0.0000
1.3868 -4.2434 0.0000
-3.8547 0.1803 0.0000
-4.1491 0.1240 0.0000
0.9606 -0.4374 0.0000
-4.7589 1.7047 0.0000
4.5829 -0.9530 0.0000
-4.0243 -1.4176 0.0000
-4.2811 -1.5348 0.0000
4.1935 1.1069 0.0000
4.0587 0.7162 0.0000
2.3075 -2.8430 0.0000
2.1695 -3.0752 0.0000
1.2734 -4.5105 0.0000
-2.0953 0.8233 0.1189
-2.0156 0.6805 0.1986
-2.1728 0.7761 0.0950
-2.0916 0.7307 0.1411
-2.0970 0.6456 0.1530
-2.1643 0.6890 0.1103
-2.2362 0.7227 0.0769
-2.1758 0.6170 0.1113
-2.2513 0.6467 0.0761
-2.3002 0.5882 0.0605
-2.2275 0.5649 0.0886
-2.3232 0.5207 0.0531
1.2836 1.3368 0.0000
1.1933 1.0736 0.0000
3.3108 0.5627 0.0000
1.6647 0.8751 0.0000
1.5861 0.6526 0.0000
4.5197 -1.5403 0.0000
4.5015 -1.8213 0.0000
-4.5247 1.5290 0.0000
-2.9063 3.0802 0.0000
3.6637 -2.4962 0.0000
3.3503 -2.5442 0.0000
3.9219 0.1780 0.0000
3.8690 -0.1020 0.0000
1.0031 3.0036 0.0000
0.7407 2.9393 0.0000
0.9224 2.7523 0.0000
-4.7304 2.2999 0.0000
-0.2991 -1.9403 0.0000
-0.2660 -2.2238 0.0000
-0.8562 1.5428 0.0056
-0.6970 1.2929 0.0295
-0.9754 1.2713 0.0382
-4.2449 4.2466 0.0000
-4.7544 -2.6870 0.0000
2.7677 0.8046 0.0000
2.8256 0.5422 0.0000
2.5801 0.3838 0.0000
-1.5424 -4.5191 0.0000
-1.7070 -4.7502 0.0000
-1.8767 -4.5549 0.0000
-2.0267 -4.7689 0.0000
4.2265 2.0846 0.0000
-4.1828 -2.8432 0.0000
-4.4425 -2.9234 0.0000
-2.3955 0.5498 0.0357
-2.4652 0.5056 0.0234
-2.3215 0.7059 0.0518
-2.3567 0.6279 0.0445
-2.4419 0.6128 0.0283
-2.5033 0.5724 0.0201
-2.5723 0.5616 0.0141
-2.5506 0.4732 0.0142
-2.6480 0.5169 0.0095
-2.6364 0.4148 0.0086
-2.7156 0.3749 0.0059
-4.4914 -3.4926 0.0000
-0.1470 3.6016 0.0000
-4.7765 -0.9161 0.0000
-1.1600 -0.8979 0.0003
-1.3732 -1.0483 0.0003
-1.2093 -1.2532 0.0000
-3.2097 -1.2460 0.0000
-0.0720 -1.4855 0.0000
-0.0567 -1.7709 0.0000
-0.0254 -2.0615 0.0000
-1.2824 0.7100 0.4996
-1.4543 0.4487 0.8237
2.2538 -0.2328 0.0000
1.9974 -0.2987 0.0000
1.7367 -0.4001 0.0000
-1.4243 -2.8105 0.0000
-1.1576 -0.3251 0.0983
-1.1844 -0.6039 0.0115
-2.7914 3.3786 0.0000
3.9357 2.1320 0.0000
-0.7529 2.0434 0.0001
-1.9394 -0.2044 0.2522
-2.7740 0.1391 0.0031
-2.8367 0.0697 0.0023
-2.8680 -0.0090 0.0019
-2.8925 -0.0919 0.0016
-2.9792 -0.1298 0.0011
-3.1444 -0.1526 0.0003
-2.9668 -0.0300 0.0013
-3.0587 -0.0472 0.0008
-3.3902 -0.2285 0.0000
-1.4116 -0.7574 0.0105
-4.7704 -0.4085 0.0000
-1.6004 -1.1770 0.0004
-1.8091 -1.2753 0.0003
-1.9550 -1.5277 0.0001
-2.2325 -1.5304 0.0001
-2.0797 -1.8157 0.0000
-4.7855 0.4690 0.0000
3.2432 2.6802 0.0000
1.4437 0.4673 0.0000
1.3414 0.2484 0.0000
-0.0244 4.4542 0.0000
-0.2528 4.1681 0.0000
2.1100 1.6336 0.0000
1.9765 1.3759 0.0000
2.7261 4.4060 0.0000
2.7905 4.1350 0.0000
2.5096 4.2294 0.0000
2.2783 4.2379 0.0000
2.0263 4.1802 0.0000
0.3860 -1.0917 0.0000
-1.1855 2.8861 0.0000
-2.8085 -2.1225 0.0000
-3.1107 -2.0320 0.0000
-3.2740 -2.3066 0.0000
-4.2142 -0.9173 0.0000
-4.2164 -0.1396 0.0000
-4.2692 -0.4141 0.0000
-4.5329 -0.4825 0.0000
-0.0524 -4.3871 0.0000
2.8336 -3.5014 0.0000
2.6518 -3.7489 0.0000
1.6820 3.1679 0.0000
-0.8346 -2.8773 0.0000
3.7357 2.5793 0.0000
-1.5101 -3.9515 0.0000
-1.6059 -4.1740 0.0000
-1.7399 -4.3723 0.0000
-4.2715 -2.6119 0.0000
-4.5181 -2.6929 0.0000
0.1050 -1.0008 0.0000
0.8272 0.0385 0.0000
4.2619 -0.5134 0.0000
-2.8754 0.5995 0.0035
4.2668 0.5412 0.0000
3.9823 0.4461 0.0000
1.2002 -2.7009 0.0000
1.0147 -2.9227 0.0000
1.5239 -0.2122 0.0000
1.2452 -0.3288 0.0000
1.4643 -0.5029 0.0000
1.1811 -0.6134 0.0000
3.2975 -2.0454 0.0000
3.1169 -1.8158 0.0000
2.9885 -2.0840 0.0000
3.1839 -2.3008 0.0000
0.8367 0.3100 0.0000
1.7667 4.7506 0.0000
1.7753 4.3004 0.0000
-3.3499 -1.8010 0.0000
-3.4214 -2.0675 0.0000
-3.7097 -2.1232 0.0000
-4.4750 -4.7167 0.0000
-4.7403 -4.7676 0.0000
-1.0458 -3.6222 0.0000
2.8158 3.8616 0.0000
-1.5320 0.1285 0.8704
0.8938 -0.7294 0.0000
0.6083 -0.8562 0.0000
3.0930 -3.3259 0.0000
-2.4640 0.4175 0.0214
-2.5484 0.3806 0.0125
-2.6075 0.3233 0.0083
-2.6851 0.2989 0.0057
-2.7206 0.2176 0.0042
-1.6053 2.0586 0.0002
-1.8148 2.0412 0.0003
-0.0542 -4.0946 0.0000
-0.2747 -4.2393 0.0000
-0.3435 -4.5049 0.0000
-0.2763 -4.7822 0.0000
-0.5249 -4.7426 0.0000
0.5045 4.4065 0.0000
-2.9910 -2.3347 0.0000
-2.9006 -2.6170 0.0000
-0.9164 -2.6129 0.0000
-3.0518 3.5554 0.0000
-4.7681 -1.4206 0.0000
-4.7580 -1.6856 0.0000
-3.3042 4.7733 0.0000
3.6147 -4.2785 0.0000
0.5072 3.9122 0.0000
0.3939 3.6570 0.0000
1.8993 -0.9119 0.0000
1.6864 -0.6883 0.0000
1.6448 -0.9602 0.0000
1.0413 2.2188 0.0007
1.2294 2.0762 0.0009
0.8832 2.0143 0.0017
2.0563 -2.0473 0.0000
1.7504 -2.0091 0.0000
1.8517 -2.2662 0.0000
3.8507 1.1431 0.0000
3.6707 1.2361 0.0000
3.4341 1.1337 0.0000
-0.3658 1.7660 0.0009
-0.6487 1.7750 0.0007
-3.4944 -3.1416 0.0000
-3.7292 -3.2101 0.0000
-3.7248 -3.4799 0.0000
-1.1549 1.7605 0.0013
-1.3731 1.6668 0.0040
-1.5879 1.7608 0.0026
-1.4245 1.4290 0.0215
-1.5531 1.6127 0.0074
-1.5944 1.4834 0.0175
-1.6601 1.3936 0.0300
-1.5762 1.3183 0.0446
-1.7358 1.4414 0.0223
-1.7519 1.3446 0.0376
-1.6536 1.1613 0.0950
-1.7575 1.1764 0.0840
4.2549 -1.2858 0.0000
4.0552 -1.4527 0.0000
-0.5410 1.5148 0.0065
-4.7293 -2.9823 0.0000
0.4272 4.1507 0.0000
0.2251 3.9451 0.0000
3.2832 -2.8145 0.0000
3.0486 -2.8059 0.0000
3.2198 1.3422 0.0000
2.9485 1.2698 0.0000
2.6870 1.1526 0.0000
-2.2931 -2.8139 0.0000
-2.3778 0.4551 0.0373
-2.4829 0.3269 0.0165
2.6932 3.3239 0.0000
4.7887 -3.6034 0.0000
4.5326 -3.7309 0.0000
-4.7585 3.6047 0.0000
1.6441 -1.2093 0.0000
-0.8231 2.9326 0.0000
-3.9885 4.4236 0.0000
-3.7378 4.2374 0.0000
-1.3458 3.6596 0.0000
-1.6151 3.5147 0.0000
3.0078 2.8368 0.0000
-2.4725 1.7948 0.0006
-2.5033 1.7050 0.0010
-2.5706 1.7591 0.0005
-2.6220 1.6782 0.0006
-2.7348 1.7644 0.0002
-2.8830 1.6413 0.0001
-2.7965 1.5332 0.0004
2.7191 1.4549 0.0000
2.6164 0.1043 0.0000
2.3969 -0.0458 0.0000
-1.1703 2.2664 0.0000
0.4230 2.9869 0.0000
0.2048 2.8689 0.0000
0.5677 2.7742 0.0000
0.3555 2.6516 0.0000
0.0815 2.5901 0.0000
-0.0254 2.2979 0.0000
-1.6835 1.2676 0.0578
-1.7825 1.2520 0.0581
-1.8487 1.3209 0.0385
-1.9530 1.2334 0.0489
-1.8641 1.2328 0.0571
-1.8395 1.1502 0.0848
-1.9203 1.1629 0.0698
-1.9757 1.1121 0.0754
-1.8920 1.0825 0.1007
-1.9594 1.0271 0.1053
-2.0560 1.0765 0.0695
-2.1162 1.0128 0.0705
-2.0291 0.9747 0.1025
4.3702 -0.2248 0.0000
4.0762 -0.3032 0.0000
3.7973 -0.3998 0.0000
3.2113 4.4892 0.0000
2.9729 4.4463 0.0000
-0.8877 3.6830 0.0000
0.7802 2.2894 0.0002
0.6176 1.9916 0.0016
4.7486 2.8993 0.0000
4.5151 2.7590 0.0000
0.3438 0.3103 0.0000
0.0940 0.1463 0.0000
-0.1194 -0.0551 0.0001
-4.2980 1.3450 0.0000
-4.5604 1.2420 0.0000
-0.5282 3.3014 0.0000
-0.7271 3.1475 0.0000
-2.1098 0.9194 0.0916
-2.2082 0.9721 0.0571
-2.1879 0.8657 0.0768
-2.2730 0.8986 0.0514
-2.3663 0.8827 0.0356
-2.2801 0.8040 0.0573
-2.3821 0.7852 0.0366
-2.4172 0.6964 0.0322
0.7442 -0.2456 0.0000
0.6789 -0.5295 0.0000
4.4889 2.1956 0.0000
-1.0242 -1.0978 0.0000
1.9620 -2.5314 0.0000
1.6661 -2.4853 0.0000
1.7690 -2.7587 0.0000
1.3054 -2.9627 0.0000
-1.5406 0.7523 0.4200
-1.7193 0.5868 0.4912
-3.9231 -4.7765 0.0000
-1.3140 -2.2822 0.0000
-1.5737 -2.5128 0.0000
4.0719 2.9234 0.0000
3.9947 2.6564 0.0000
-0.2929 -1.0572 0.0000
-0.5103 -0.9246 0.0000
-0.7784 -0.9807 0.0000
2.3419 1.1094 0.0000
-1.2403 -4.5159 0.0000
-3.0792 -2.8476 0.0000
-3.2643 -3.0692 0.0000
-3.3628 -2.8143 0.0000
-3.5903 -2.9039 0.0000
-3.6515 -3.7150 0.0000
-0.5308 -4.2317 0.0000
-0.9462 -4.4999 0.0000
2.7775 3.0273 0.0000
0.0047 0.7271 0.0240
-0.1696 0.4692 0.0214
-0.1647 0.2097 0.0022
-3.8143 3.2375 0.0000
-2.7342 0.4750 0.0063
-2.8114 0.4010 0.0043
-2.8700 0.3305 0.0031
-2.9241 0.4149 0.0026
-2.9643 0.3114 0.0019
-2.7802 0.3032 0.0042
-2.8143 0.2255 0.0033
-2.8893 0.2541 0.0026
-2.8881 0.1572 0.0023
-2.9663 0.2206 0.0018
-3.0005 0.1405 0.0014
-2.9324 0.0671 0.0018
-3.0144 0.0475 0.0012
-3.0231 0.3820 0.0014
-3.0623 0.3065 0.0010
-3.1878 0.2756 0.0003
-3.0317 0.2420 0.0012
-3.0912 0.1874 0.0008
-3.1246 0.0663 0.0005
4.7243 3.3708 0.0000
4.5395 3.0681 0.0000
0.2433 -2.1887 0.0000
0.2769 -2.4948 0.0000
0.0139 -2.3535 0.0000
-0.6124 2.2957 0.0000
-3.8450 1.1836 0.0000
-4.0933 1.1365 0.0000
-4.3696 1.0753 0.0000
-4.3090 -4.4121 0.0000
-4.5521 -4.4520 0.0000
-2.6402 2.2902 0.0000
-2.9032 2.1534 0.0000
-2.7085 1.9923 0.0000
-2.9283 1.8619 0.0000
-3.1581 1.6849 0.0000
3.3823 -0.6892 0.0000
3.4717 -0.9607 0.0000
0.4210 -1.3993 0.0000
3.2294 -3.0925 0.0000
2.9903 -3.0238 0.0000
-3.9500 2.9665 0.0000
-4.2004 2.8082 0.0000
-4.3619 2.6126 0.0000
-3.2461 4.0395 0.0000
-3.5090 3.9460 0.0000
-3.5217 3.6812 0.0000
-3.3326 0.0958 0.0000
3.5993 -0.1877 0.0000
-2.2429 -4.2080 0.0000
-2.4193 -4.4754 0.0000
-2.3151 -4.7445 0.0000
-2.5996 -4.7372 0.0000
-3.6309 -0.7832 0.0000
-3.8188 -0.5696 0.0000
-3.9044 -0.8654 0.0000
-3.8073 -1.1257 0.0000
-3.9206 4.7212 0.0000
-4.2373 4.5164 0.0000
3.3396 -3.4391 0.0000
3.1317 -3.6226 0.0000
3.5830 4.7680 0.0000
3.3092 4.7485 0.0000
-2.6030 1.4690 0.0022
-2.6821 1.4113 0.0019
-2.7469 1.3689 0.0015
-2.8189 1.3828 0.0008
-2.7857 1.3106 0.0014
-2.8346 1.2540 0.0013
-2.8800 1.1936 0.0011
1.9477 1.8866 0.0000
-0.8957 2.3074 0.0000
2.9138 -0.6681 0.0000
2.9222 -1.0068 0.0000
1.8428 -3.5041 0.0000
1.5538 -3.4842 0.0000
1.4101 -3.7215 0.0000
1.1169 4.4631 0.0000
0.9602 4.2425 0.0000
1.0064 4.0092 0.0000
0.7003 3.4480 0.0000
0.6085 3.1586 0.0000
0.8042 -3.1420 0.0000
0.5295 -2.9495 0.0000
-0.3390 3.8514 0.0000
-0.6209 3.7681 0.0000
1.6608 1.8782 0.0000
-2.9908 1.5012 0.0001
0.1881 -1.5928 0.0000
1.4119 2.6178 0.0001
1.2951 2.3701 0.0003
4.5200 4.0954 0.0000
4.4637 3.8071 0.0000
3.0777 -1.2862 0.0000
2.8143 -1.3224 0.0000
-1.3786 3.0525 0.0000
-4.7365 -3.6299 0.0000
-1.8027 -1.7540 0.0000
-1.7101 1.8771 0.0011
-1.8734 1.8939 0.0010
-1.9363 1.7972 0.0020
-1.7121 1.7208 0.0037
-1.6738 1.6129 0.0077
-1.7688 1.6269 0.0070
-1.8225 1.7934 0.0022
-1.8960 1.7154 0.0037
4.0240 1.8989 0.0000
3.8429 1.7640 0.0000
0.1689 -1.2974 0.0000
3.3490 -4.2209 0.0000
3.0876 -4.2290 0.0000
3.1537 -4.4850 0.0000
2.7924 4.6696 0.0000
2.1774 -4.1595 0.0000
1.9658 -4.2351 0.0000
1.8278 -4.4906 0.0000
-1.9854 2.1725 0.0001
-1.9615 1.9880 0.0005
-2.0766 2.0383 0.0003
-2.1626 1.9511 0.0005
-2.0606 1.9262 0.0007
-2.1077 1.8565 0.0011
-2.2622 1.9329 0.0004
-2.1429 1.7736 0.0019
-2.2011 1.8481 0.0010
-2.2364 1.7558 0.0017
-2.2956 1.8283 0.0009
-2.3866 1.8046 0.0008
-2.2726 1.6664 0.0028
-2.3285 1.7361 0.0015
-2.4164 1.7172 0.0013
-2.3103 1.5766 0.0042
-2.3652 1.6488 0.0023
-2.4539 1.6306 0.0019
4.7153 -2.9402 0.0000
-2.6356 -2.6881 0.0000
-2.5299 -2.9166 0.0000
-2.6536 -3.1832 0.0000
-2.8045 -2.9097 0.0000
-2.9737 -3.1230 0.0000
-0.3193 4.4877 0.0000
-0.5066 4.2921 0.0000
0.3945 1.8926 0.0019
-2.7383 0.7784 0.0068
-2.7801 0.6749 0.0057
-2.7770 0.5685 0.0057
-2.8471 0.4946 0.0039
-0.7795 2.5649 0.0000
-4.0734 3.2119 0.0000
-4.2665 3.0512 0.0000
4.7473 0.5010 0.0000
-0.9846 -3.9498 0.0000
-1.0952 -4.2558 0.0000
0.7551 1.7726 0.0040
0.5037 1.6667 0.0072
0.3048 2.1292 0.0002
0.1609 1.8115 0.0020
0.4441 -1.7066 0.0000
-3.6931 -2.6739 0.0000
-3.9364 -2.7570 0.0000
-3.8247 -2.9823 0.0000
-4.0508 -3.0657 0.0000
-4.2758 -3.1421 0.0000
-1.7558 -3.8193 0.0000
-1.8127 -4.0620 0.0000
-2.0520 -3.9261 0.0000
-1.9738 -4.2526 0.0000
-2.1359 -4.4901 0.0000
1.7872 2.1493 0.0001
1.5335 1.3771 0.0000
1.4946 1.1114 0.0000
3.4390 -4.5011 0.0000
3.2909 -4.7505 0.0000
2.7570 1.7240 0.0000
2.5387 1.9052 0.0000
2.4388 1.6210 0.0000
4.7574 -3.2620 0.0000
-3.0206 3.8641 0.0000
-3.2686 3.7486 0.0000
-2.3060 3.6764 0.0000
-2.5830 3.6262 0.0000
-3.0955 3.2761 0.0000
-3.2826 3.1126 0.0000
-2.8909 -0.1890 0.0013
-2.9883 -0.2401 0.0009
-2.6751 -0.2594 0.0014
-2.7959 -0.2190 0.0014
-2.8682 -0.2827 0.0012
-2.9452 -0.3597 0.0008
-3.1160 -0.3820 0.0003
-0.5690 -1.1978 0.0000
-0.8382 -1.2748 0.0000
3.2139 -1.0313 0.0000
-2.2074 -0.2836 0.0531
-2.3892 -0.1099 0.0158
-2.5936 -0.1248 0.0027
-2.4901 -0.3375 0.0040
-2.2950 -0.5448 0.0134
-2.5438 -0.5998 0.0014
-2.6767 -0.4445 0.0009
-2.6523 0.9746 0.0086
-2.6949 0.8834 0.0078
-2.7604 0.9576 0.0049
-2.8464 0.9185 0.0031
-2.7884 0.8574 0.0049
-2.8314 0.7697 0.0041
-2.8764 0.8404 0.0029
-2.9338 0.8087 0.0020
-2.9073 0.7536 0.0026
-2.9632 0.7272 0.0018
-2.8703 0.6907 0.0035
-2.9359 0.6611 0.0023
-2.8021 1.1871 0.0021
-2.8500 1.1283 0.0018
-2.9306 1.1191 0.0009
-2.7961 1.0701 0.0031
-2.8801 1.0597 0.0017
-3.0135 1.0678 0.0005
-2.8336 1.0013 0.0028
-2.9060 0.9713 0.0018
-2.9288 0.8983 0.0017
-2.9389 1.0291 0.0012
-2.9979 0.9583 0.0008
-2.9821 0.8577 0.0012
-3.0615 0.8836 0.0005
-3.0746 0.7905 0.0006
3.1110 3.9602 0.0000
3.0258 3.7007 0.0000
0.4459 -0.2828 0.0000
0.4186 -0.5877 0.0000
3.2825 4.2261 0.0000
3.0171 4.2091 0.0000
-2.3641 -3.3880 0.0000
-2.6492 -3.4635 0.0000
-2.7577 -3.7089 0.0000
-2.6250 -3.9526 0.0000
-2.9078 -3.9388 0.0000
-4.7252 -0.6729 0.0000
3.9452 -4.2745 0.0000
3.7407 -4.5070 0.0000
-0.2735 3.3212 0.0000
-0.4919 3.0354 0.0000
2.4161 -3.9890 0.0000
-1.7498 -0.4151 0.2017
3.7484 -3.0124 0.0000
1.7000 -3.7447 0.0000
1.6838 -4.2351 0.0000
-1.8330 0.0546 0.5113
-3.2176 1.3832 0.0000
-3.4641 1.2729 0.0000
-3.9229 -0.0814 0.0000
-3.7072 -0.2810 0.0000
-3.9979 -0.3517 0.0000
0.4188 -3.9676 0.0000
0.5411 -4.2183 0.0000
3.7676 4.4186 0.0000
3.4856 4.4855 0.0000
-0.3108 -1.3472 0.0000
-0.3318 -1.6571 0.0000
3.3588 -1.2665 0.0000
-3.6951 1.7522 0.0000
-3.9699 1.6841 0.0000
-3.7266 1.4511 0.0000
-4.0228 1.4142 0.0000
1.2439 2.9546 0.0000
-1.6989 4.7330 0.0000
-1.8783 4.4720 0.0000
-1.5795 2.8915 0.0000
-1.6410 2.6130 0.0000
-1.8785 2.7897 0.0000
-1.8495 -2.3552 0.0000
-2.1229 -2.5373 0.0000
-2.0069 -0.5015 0.0806
-0.5367 -2.1888 0.0000
-0.7605 -2.3758 0.0000
0.5042 -2.3178 0.0000
0.5580 -2.6265 0.0000
3.9894 -0.5966 0.0000
3.6923 -0.7120 0.0000
-4.2468 3.6495 0.0000
-4.5046 3.7626 0.0000
-0.8896 -1.7896 0.0000
-1.0930 -2.0271 0.0000
-2.6530 2.5976 0.0000
-2.9047 2.4517 0.0000
4.7570 2.6195 0.0000
4.4935 2.4796 0.0000
2.5947 4.7584 0.0000
2.3231 4.7501 0.0000
-0.5522 4.0409 0.0000
-0.8344 3.9650 0.0000
1.2622 -3.4555 0.0000
0.9708 -3.4262 0.0000
3.5614 -2.7436 0.0000
2.2563 0.8334 0.0000
4.7660 -4.7596 0.0000
4.5137 -4.7856 0.0000
4.4726 1.0033 0.0000
4.2660 0.8407 0.0000
0.1560 -0.1606 0.0000
-0.0660 -0.3384 0.0000
-0.1443 -0.5597 0.0000
-0.3526 -0.7367 0.0000
-0.4072 -0.4724 0.0000
-0.6542 -0.6795 0.0000
-1.0820 0.9943 0.1696
-1.3401 0.9652 0.2128
1.1371 -0.8972 0.0000
0.8705 -1.0259 0.0000
1.0957 -2.4467 0.0000
0.9126 -2.6357 0.0000
-1.0254 -3.0854 0.0000
-4.7598 3.9061 0.0000
0.7823 -4.7592 0.0000
2.0762 2.1548 0.0000
-4.2391 -4.1224 0.0000
-4.5063 -4.1477 0.0000
4.0246 4.4930 0.0000
4.0643 4.2393 0.0000
-1.6378 -0.1603 0.5189
2.5108 2.8915 0.0000
2.4689 2.6295 0.0000
-3.3917 2.1339 0.0000
-3.6168 2.3153 0.0000
-3.6649 2.0392 0.0000
0.3100 -0.8177 0.0000
-2.6094 3.1227 0.0000
-4.0601 0.3970 0.0000
2.6769 3.6312 0.0000
2.4253 3.4405 0.0000
3.6044 -2.0219 0.0000
3.4824 -2.2780 0.0000
0.9784 1.6130 0.0015
0.7325 1.4885 0.0040
0.4670 1.3618 0.0112
-1.1469 1.5034 0.0097
-1.2474 1.2367 0.0566
-1.4801 1.1862 0.0826
-1.5746 1.0004 0.1828
4.7496 2.3314 0.0000
4.2130 4.7661 0.0000
3.9379 4.7571 0.0000
2.1101 -4.4705 0.0000
1.9736 -4.7421 0.0000
1.6936 -4.7512 0.0000
0.8697 3.2216 0.0000
-1.3614 2.4586 0.0000
-1.5895 2.3693 0.0000
-1.7837 2.2619 0.0000
0.1887 -0.4480 0.0000
0.0900 -0.6808 0.0000
-0.1207 -0.8644 0.0000
0.5864 0.2386 0.0000
0.5824 -0.0134 0.0000
0.3446 0.0276 0.0000
4.2926 -1.5428 0.0000
4.2454 -1.7699 0.0000
-2.1481 2.6337 0.0000
-2.1300 2.3407 0.0000
-2.3941 2.4982 0.0000
-2.3705 2.2358 0.0000
-1.1794 -1.7655 0.0000
0.9790 4.7190 0.0000
0.7469 4.7921 0.0000
0.6213 4.6031 0.0000
0.4330 4.7601 0.0000
4.4284 -2.3207 0.0000
4.2514 -2.5197 0.0000
4.1494 -2.7434 0.0000
4.0312 -2.9554 0.0000
-2.3557 -1.7653 0.0000
-2.5734 -1.9521 0.0000
3.9475 -3.2164 0.0000
3.6758 -3.2759 0.0000
3.5889 -3.5295 0.0000
4.1220 -2.2505 0.0000
3.9623 -2.4958 0.0000
3.8334 -2.7489 0.0000
3.8015 0.6789 0.0000
-2.4173 4.4578 0.0000
-2.6626 4.4906 0.0000
-2.7117 4.2332 0.0000
-0.4809 2.5408 0.0000
2.3782 -1.5814 0.0000
2.2515 -1.8491 0.0000
2.1011 -1.6375 0.0000
1.9390 -1.8078 0.0000
2.2672 -2.5760 0.0000
2.0472 -2.7977 0.0000
1.8866 -3.0345 0.0000
1.7167 -3.2533 0.0000
-3.2931 -0.5173 0.0000
-3.5462 -0.5063 0.0000
-2.9767 4.1528 0.0000
-2.9219 4.4523 0.0000
-3.2069 4.3145 0.0000
-3.4872 4.2214 0.0000
-3.0895 1.1859 0.0001
-3.2047 0.9887 0.0001
-3.1865 0.7813 0.0001
4.4843 -0.7134 0.0000
4.3672 -1.0272 0.0000
3.4928 -3.9865 0.0000
-2.0960 -2.2259 0.0000
-2.3265 -2.3386 0.0000
-2.4252 -2.5655 0.0000
1.8918 -1.2083 0.0000
1.8806 -1.4869 0.0000
1.6282 -1.4586 0.0000
1.6933 -1.7227 0.0000
4.7715 -0.0076 0.0000
4.6824 -0.2237 0.0000
1.3741 0.8385 0.0000
1.2469 0.6072 0.0000
1.9272 0.8389 0.0000
1.8188 0.5455 0.0000
4.7542 -4.2005 0.0000
3.5064 -2.9902 0.0000
3.4435 -3.2331 0.0000
-0.0593 -3.1804 0.0000
-0.0902 -3.4618 0.0000
1.3770 1.8474 0.0003
1.5242 1.6121 0.0000
1.2447 1.5855 0.0002
1.4450 3.1459 0.0000
4.0708 1.5879 0.0000
3.7838 1.4847 0.0000
3.7508 4.6421 0.0000
4.4667 -4.5648 0.0000
4.2150 -4.7405 0.0000
-4.5126 3.4747 0.0000
3.6728 1.9928 0.0000
3.5697 1.7071 0.0000
3.4876 1.4348 0.0000
3.1602 1.0510 0.0000
2.9002 0.9976 0.0000
2.5433 0.9511 0.0000
2.5305 0.6684 0.0000
0.7723 -2.4225 0.0000
1.6452 4.5169 0.0000
1.4792 4.7502 0.0000
1.2261 4.7374 0.0000
-2.4736 3.3802 0.0000
4.5206 -1.2633 0.0000
0.2430 2.3661 0.0000
0.0784 2.0485 0.0002
2.9668 3.2346 0.0000
4.2287 -4.1515 0.0000
4.2297 -4.4247 0.0000
4.0084 -4.5437 0.0000
3.8924 -4.7708 0.0000
-3.9879 -3.5769 0.0000
-3.8894 -3.8023 0.0000
-4.1473 -3.8714 0.0000
4.7646 -1.1037 0.0000
4.7660 -1.3989 0.0000
2.3256 0.2214 0.0000
-3.4644 -3.4005 0.0000
2.4537 3.7363 0.0000
2.1992 3.6637 0.0000
2.1576 3.3785 0.0000
0.5898 1.0191 0.0011
0.4949 0.7811 0.0003
0.2973 0.5906 0.0005
0.0746 0.4275 0.0014
-2.4215 2.8165 0.0000
-1.0890 -2.4855 0.0000
-1.2939 -2.5677 0.0000
2.8411 1.9945 0.0000
-3.4138 2.8706 0.0000
-3.5165 2.6066 0.0000
-3.8017 2.5100 0.0000
-1.7890 0.7664 0.3000
-1.9140 0.7297 0.2484
-1.9076 0.6162 0.3011
-1.9207 0.4556 0.3490
-2.0276 0.5831 0.2115
-2.0635 0.4743 0.1968
-2.1575 0.3809 0.1267
-1.1324 -3.3269 0.0000
-1.3211 -3.5295 0.0000
-1.5327 -3.6733 0.0000
2.3223 -3.3158 0.0000
2.1814 -3.5466 0.0000
2.0188 -3.3139 0.0000
4.7585 3.6412 0.0000
4.5093 3.5694 0.0000
2.8311 -3.2256 0.0000
2.6029 -3.2583 0.0000
2.5303 -3.5022 0.0000
-2.4373 1.3672 0.0075
-2.5216 1.3180 0.0064
-2.6034 1.2665 0.0052
-2.5041 1.2088 0.0101
-2.5996 1.1685 0.0073
-2.6884 1.2150 0.0039
-2.6947 1.1299 0.0049
-2.7627 1.1396 0.0031
-2.7222 1.0414 0.0052
-3.3772 0.7269 0.0000
-3.6420 0.6529 0.0000
-3.7764 0.4405 0.0000
-1.8074 3.9567 0.0000
3.1998 2.3773 0.0000
2.9179 2.2708 0.0000
1.4079 -1.6453 0.0000
1.1741 -1.7508 0.0000
0.9647 -1.9467 0.0000
-3.9021 2.2542 0.0000
-4.1776 2.1658 0.0000
-3.9378 1.9665 0.0000
-4.2165 1.8912 0.0000
3.2361 -1.5403 0.0000
2.9564 -1.5749 0.0000
2.8218 -1.8583 0.0000
2.2198 2.6527 0.0000
2.1695 2.4138 0.0000
-1.0937 4.7555 0.0000
-1.4035 4.7465 0.0000
1.5481 -4.4955 0.0000
1.4017 -4.7577 0.0000
0.0834 -3.6190 0.0000
-0.1043 -3.8054 0.0000
-1.7275 0.3210 0.6741
-2.0139 0.2523 0.2675
3.3671 -0.0129 0.0000
-3.4178 1.8527 0.0000
-3.4523 1.5697 0.0000
-3.1368 -4.1499 0.0000
-3.4412 -4.2083 0.0000
-3.7379 -4.2702 0.0000
-3.8436 -4.5370 0.0000
1.1136 0.4089 0.0000
-3.1130 2.9161 0.0000
0.2983 -3.7025 0.0000
0.1500 -3.9260 0.0000
-4.4701 2.0847 0.0000
-4.4949 1.8099 0.0000
-2.8114 3.6903 0.0000
4.7646 4.2200 0.0000
-4.4605 -3.8384 0.0000
2.8884 -2.3495 0.0000
2.8221 -2.6882 0.0000
2.7276 -2.9507 0.0000
2.6665 -2.4704 0.0000
2.5347 -2.7136 0.0000
2.4723 -3.0418 0.0000
-4.5129 4.0403 0.0000
3.1223 0.1285 0.0000
3.1138 -0.1773 0.0000
-1.4581 -1.3600 0.0000
1.4224 3.3980 0.0000
-1.8090 1.7025 0.0042
-1.9418 1.6426 0.0058
-1.8563 1.6297 0.0067
-1.9134 1.5584 0.0099
-1.9962 1.5695 0.0085
-2.0324 1.6393 0.0053
-2.0088 1.3887 0.0219
-2.0620 1.5222 0.0100
-2.0873 1.4375 0.0149
-2.1034 1.3449 0.0223
-2.1844 1.4072 0.0140
-2.1902 1.3127 0.0208
0.6064 0.5224 0.0000
-1.4840 -1.7188 0.0000
-1.3718 -1.9989 0.0000
-1.6358 -1.9420 0.0000
-0.6705 0.2795 0.1897
-0.9108 0.0627 0.2542
-2.7762 -0.6170 0.0007
-2.8973 -0.7926 0.0004
-3.0817 -0.9797 0.0001
-3.3495 -1.0124 0.0000
-3.6044 -1.0276 0.0000
-4.2695 3.3663 0.0000
-4.4992 3.1725 0.0000
-4.7540 3.2994 0.0000
-2.4728 -3.6830 0.0000
-4.6187 2.5315 0.0000
3.3646 1.9079 0.0000
3.2802 1.6305 0.0000
2.9978 1.5461 0.0000
4.7784 3.1536 0.0000
3.4068 -3.7300 0.0000
4.3351 2.9507 0.0000
-1.2574 -3.7993 0.0000
-1.2712 -4.0610 0.0000
-1.3973 -4.2892 0.0000
-4.7448 2.0036 0.0000
1.1998 3.5726 0.0000
4.7514 -1.9528 0.0000
4.6769 -2.1589 0.0000
4.4239 -2.0597 0.0000
4.1801 3.7188 0.0000
3.8826 3.6733 0.0000
3.7323 3.4033 0.0000
3.5892 3.1155 0.0000
-4.7748 1.3969 0.0000
-4.7322 1.0593 0.0000
-4.7532 0.7670 0.0000
-4.7394 -3.9314 0.0000
-1.3761 3.3887 0.0000
-1.5850 3.2203 0.0000
-1.8023 3.0564 0.0000
-2.5272 -4.2100 0.0000
-2.7042 -4.4642 0.0000
-2.8230 -4.1981 0.0000
-2.9896 -4.4381 0.0000
-3.2642 -4.4434 0.0000
-1.4416 -0.4220 0.1548
-2.1989 4.2585 0.0000
-2.0572 3.8770 0.0000
-2.4794 4.1804 0.0000
-2.2666 3.9971 0.0000
-2.5204 3.8923 0.0000
-4.0908 -0.6420 0.0000
-4.3686 -0.6874 0.0000
-4.5328 -0.8494 0.0000
-1.7596 1.5537 0.0112
-1.8338 1.5565 0.0107
-1.6930 1.5163 0.0144
-1.7950 1.4872 0.0165
-1.8774 1.4814 0.0160
-1.9741 1.4778 0.0146
-1.8227 1.4069 0.0254
-1.9117 1.4024 0.0236
-1.9349 1.3181 0.0346
-2.0266 1.2882 0.0335
-2.1111 1.2452 0.0332
-2.0322 1.1817 0.0510
-2.1995 1.2262 0.0282
-2.1289 1.1460 0.0453
-2.1778 1.0698 0.0494
-2.2340 1.1454 0.0332
-2.2720 1.0576 0.0372
-2.3177 0.9766 0.0375
2.5527 3.9695 0.0000
2.2664 3.9679 0.0000
3.3922 0.2959 0.0000
3.0913 0.4191 0.0000
-0.1130 1.2506 0.0399
0.0520 1.0276 0.0416
-0.2332 0.9735 0.0923
-0.3925 1.2395 0.0416
-0.4860 0.8497 0.1775
-0.7830 -3.1564 0.0000
-2.9252 2.7322 0.0000
-3.1938 2.6227 0.0000
2.1380 -1.0732 0.0000
2.1586 -1.3711 0.0000
-2.9712 4.7489 0.0000
-3.1656 4.5722 0.0000
-1.7080 1.0530 0.1432
-1.7766 1.0988 0.1134
-1.7776 0.9871 0.1687
-1.8401 0.9043 0.1971
-1.8266 1.0537 0.1256
-1.8769 0.9943 0.1410
-1.9407 0.9362 0.1459
-2.0169 0.8780 0.1374
-1.9215 0.8389 0.1961
-2.0109 0.7787 0.1730
-1.2995 -3.0725 0.0000
-1.4684 -3.3211 0.0000
-0.2918 -3.6318 0.0000
-0.3460 -3.9711 0.0000
-2.0721 -3.3720 0.0000
-1.8131 -3.2739 0.0000
-1.6811 -3.4836 0.0000
-1.9132 -3.6099 0.0000
-2.1955 -3.6554 0.0000
1.0252 2.4894 0.0001
0.7252 2.5670 0.0000
0.5017 2.4460 0.0000
0.5378 2.2116 0.0002
0.6779 -4.4818 0.0000
0.4075 -4.4679 0.0000
0.4822 -4.7331 0.0000
0.2056 -4.7642 0.0000
0.6992 -1.8273 0.0000
-1.5761 4.0895 0.0000
-1.1297 -2.8082 0.0000
-2.7024 4.7397 0.0000
-4.2646 -1.2542 0.0000
-4.5186 -1.3603 0.0000
-1.6585 -0.9319 0.0054
-1.9310 -1.0225 0.0037
-2.0903 -1.2730 0.0004
-3.4855 3.2315 0.0000
-3.6390 3.0434 0.0000
-3.7231 2.7863 0.0000
3.4665 2.4848 0.0000
-2.2319 -1.0305 0.0016
-2.3712 -1.2635 0.0003
-2.4964 -1.4850 0.0001
-2.8044 -1.5321 0.0000
-0.3191 -3.3425 0.0000
-0.5795 -3.4873 0.0000
1.9785 2.7147 0.0000
1.6995 2.6546 0.0001
1.6014 2.3877 0.0002
1.4735 -1.9239 0.0000
1.2371 -1.9883 0.0000
1.2620 -2.2131 0.0000
0.9846 -2.2167 0.0000
-2.1200 0.5685 0.1470
-2.1724 0.5043 0.1176
-2.2584 0.4845 0.0751
-2.2888 0.3980 0.0605
-2.3832 0.3440 0.0320
-2.2598 0.2381 0.0647
-2.4276 0.2333 0.0200
3.9751 2.3956 0.0000
3.6949 2.2920 0.0000
-2.8710 -4.7230 0.0000
-3.1174 -4.7173 0.0000
-3.3657 -4.7309 0.0000
-1.6417 -0.6366 0.0602
-1.8677 -0.7367 0.0323
-2.1264 -0.7776 0.0130
0.8890 -1.3375 0.0000
-1.9910 1.8718 0.0011
-1.9899 1.7210 0.0033
-2.0435 1.7961 0.0019
-2.0846 1.7076 0.0032
-2.1769 1.6819 0.0032
-2.1138 1.6043 0.0057
-2.2145 1.5889 0.0051
-2.1587 1.5079 0.0090
-2.2537 1.4899 0.0078
-2.2717 1.3985 0.0115
-2.3432 1.4883 0.0060
-2.3516 1.4013 0.0089
-2.3523 1.3090 0.0129
-1.3068 -1.5347 0.0000
-0.7841 4.7594 0.0000
-0.9372 4.5102 0.0000
-1.0834 4.2678 0.0000
3.6362 0.1033 0.0000
3.5868 3.6759 0.0000
3.4579 3.4237 0.0000
3.3057 3.2070 0.0000
-1.4153 2.1779 0.0001
-1.2654 1.9758 0.0003
-1.4635 1.8809 0.0008
1.4114 -0.7839 0.0000
1.3820 -1.0634 0.0000
1.1253 -1.1849 0.0000
0.5140 -3.2238 0.0000
0.3949 -3.4580 0.0000
-0.5486 -1.4601 0.0000
-0.6084 -1.7363 0.0000
-2.2362 4.7616 0.0000
-2.4480 4.7196 0.0000
-4.4884 4.5217 0.0000
-4.4879 4.2879 0.0000
1.2286 3.8594 0.0000
0.9447 3.7381 0.0000
-4.3339 0.3439 0.0000
-4.5961 0.3073 0.0000
-4.7630 0.1326 0.0000
-0.2808 0.6786 0.0983
-0.5459 0.5671 0.2228
-0.4022 0.3524 0.0593
-2.7136 2.8754 0.0000
-4.2081 4.7535 0.0000
-4.4923 4.7578 0.0000
-4.7566 4.7587 0.0000
-1.0935 3.4932 0.0000
-1.2011 3.2283 0.0000
0.9157 -1.6442 0.0000
-4.4458 -1.0688 0.0000
-4.7220 -1.1455 0.0000
-0.9024 3.3180 0.0000
-1.0241 3.0773 0.0000
2.6434 -1.1057 0.0000
2.3672 -1.2224 0.0000
2.4634 -0.3808 0.0000
2.2053 -0.5068 0.0000
1.9471 -0.6044 0.0000
4.2221 -0.8006 0.0000
4.0924 -1.0757 0.0000
3.9079 -1.2269 0.0000
1.9926 3.8685 0.0000
1.9361 3.5632 0.0000
1.6800 3.4463 0.0000
1.9248 3.2533 0.0000
1.7663 2.9354 0.0000
-0.6545 -4.4864 0.0000
-0.8023 -4.7497 0.0000
-1.0960 -4.7571 0.0000
-0.9752 2.7562 0.0000
-0.5464 -1.9459 0.0000
-0.7991 -2.0610 0.0000
-3.3031 -1.5148 0.0000
-3.6343 -1.8521 0.0000
4.2314 -3.1159 0.0000
4.1240 -3.4104 0.0000
3.8558 -3.4996 0.0000
-1.0265 2.0470 0.0001
-2.5167 -2.2088 0.0000
-2.6874 -2.4077 0.0000
1.8490 0.1768 0.0000
1.6596 0.3441 0.0000
-0.4292 3.5682 0.0000
-0.7180 3.4869 0.0000
2.0921 0.0150 0.0000
-0.7090 0.0113 0.0627
-1.1027 -0.0457 0.3417
1.7989 -0.1020 0.0000
1.5664 0.0849 0.0000
1.3003 -0.0414 0.0000
0.5675 -3.7026 0.0000
-3.3320 3.4515 0.0000
1.5395 -2.2071 0.0000
1.3827 -2.4643 0.0000
1.4859 -2.7272 0.0000
2.0781 0.6196 0.0000
-0.7475 0.7855 0.2788
-0.8418 0.5195 0.4659
-0.9658 0.2719 0.5363
-1.5670 3.8086 0.0000
-1.8135 3.6831 0.0000
-2.0367 3.6000 0.0000
3.1388 2.0920 0.0000
3.0625 1.8187 0.0000
2.8810 -0.3508 0.0000
2.6774 -0.5267 0.0000
2.4338 -0.6717 0.0000
3.5906 -4.7534 0.0000
