5.0000 5.0000 0.0000
0.0000 5.0000 0.0000
2.5000 5.0000 0.0000
3.7500 5.0000 0.0000
4.3750 5.0000 0.0000
4.6875 5.0000 0.0000
4.0625 5.0000 0.0000
3.1250 5.0000 0.0000
3.4375 5.0000 0.0000
2.8125 5.0000 0.0000
1.2500 5.0000 0.0000
1.8750 5.0000 0.0000
2.1875 5.0000 0.0000
1.5625 5.0000 0.0000
0.6250 5.0000 0.0000
0.9375 5.0000 0.0000
0.3125 5.0000 0.0000
-2.5000 5.0000 0.0000
-1.2500 5.0000 0.0000
-0.6250 5.0000 0.0000
-0.3125 5.0000 0.0000
-0.9375 5.0000 0.0000
-1.8750 5.0000 0.0000
-1.5625 5.0000 0.0000
-2.1875 5.0000 0.0000
-3.7500 5.0000 0.0000
-3.1250 5.0000 0.0000
-2.8125 5.0000 0.0000
-3.4375 5.0000 0.0000
-4.3750 5.0000 0.0000
-4.0625 5.0000 0.0000
-4.6875 5.0000 0.0000
5.0000 -5.0000 0.0000
5.0000 0.0000 0.0000
5.0000 -2.5000 0.0000
5.0000 -3.7500 0.0000
5.0000 -4.3750 0.0000
5.0000 -4.6875 0.0000
5.0000 -4.0625 0.0000
5.0000 -3.1250 0.0000
5.0000 -3.4375 0.0000
5.0000 -2.8125 0.0000
5.0000 -1.2500 0.0000
5.0000 -1.8750 0.0000
5.0000 -2.1875 0.0000
5.0000 -1.5625 0.0000
5.0000 -0.6250 0.0000
5.0000 -0.9375 0.0000
5.0000 -0.3125 0.0000
5.0000 2.5000 0.0000
5.0000 1.2500 0.0000
5.0000 0.6250 0.0000
5.0000 0.3125 0.0000
5.0000 0.9375 0.0000
5.0000 1.8750 0.0000
5.0000 1.5625 0.0000
5.0000 2.1875 0.0000
5.0000 3.7500 0.0000
5.0000 3.1250 0.0000
5.0000 2.8125 0.0000
5.0000 3.4375 0.0000
5.0000 4.3750 0.0000
5.0000 4.0625 0.0000
5.0000 4.6875 0.0000
-5.0000 -5.0000 0.0000
0.0000 -5.0000 0.0000
-2.5000 -5.0000 0.0000
-3.7500 -5.0000 0.0000
-4.3750 -5.0000 0.0000
-4.6875 -5.0000 0.0000
-4.0625 -5.0000 0.0000
-3.1250 -5.0000 0.0000
-3.4375 -5.0000 0.0000
-2.8125 -5.0000 0.0000
-1.2500 -5.0000 0.0000
-1.8750 -5.0000 0.0000
-2.1875 -5.0000 0.0000
-1.5625 -5.0000 0.0000
-0.6250 -5.0000 0.0000
-0.9375 -5.0000 0.0000
-0.3125 -5.0000 0.0000
2.5000 -5.0000 0.0000
1.2500 -5.0000 0.0000
0.6250 -5.0000 0.0000
0.3125 -5.0000 0.0000
0.9375 -5.0000 0.0000
1.8750 -5.0000 0.0000
1.5625 -5.0000 0.0000
2.1875 -5.0000 0.0000
3.7500 -5.0000 0.0000
3.1250 -5.0000 0.0000
2.8125 -5.0000 0.0000
3.4375 -5.0000 0.0000
4.3750 -5.0000 0.0000
4.0625 -5.0000 0.0000
4.6875 -5.0000 0.0000
-5.0000 5.0000 0.0000
-5.0000 0.0000 0.0000
-5.0000 2.5000 0.0000
-5.0000 3.7500 0.0000
-5.0000 4.3750 0.0000
-5.0000 4.6875 0.0000
-5.0000 4.0625 0.0000
-5.0000 3.1250 0.0000
-5.0000 3.4375 0.0000
-5.0000 2.8125 0.0000
-5.0000 1.2500 0.0000
-5.0000 1.8750 0.0000
-5.0000 2.1875 0.0000
-5.0000 1.5625 0.0000
-5.0000 0.6250 0.0000
-5.0000 0.9375 0.0000
-5.0000 0.3125 0.0000
-5.0000 -2.5000 0.0000
-5.0000 -1.2500 0.0000
-5.0000 -0.6250 0.0000
-5.0000 -0.3125 0.0000
-5.0000 -0.9375 0.0000
-5.0000 -1.8750 0.0000
-5.0000 -1.5625 0.0000
-5.0000 -2.1875 0.0000
-5.0000 -3.7500 0.0000
-5.0000 -3.1250 0.0000
-5.0000 -2.8125 0.0000
-5.0000 -3.4375 0.0000
-5.0000 -4.3750 0.0000
-5.0000 -4.0625 0.0000
-5.0000 -4.6875 0.0000
-3.8944 3.2925 0.0000
3.4216 1.3916 0.0000
-2.0659 -1.4511 0.0055
-2.2308 -1.6308 0.0020
-2.2597 -1.8895 0.0003
4.4315 0.1983 0.0000
4.1840 0.0697 0.0000
-3.6705 3.8324 0.0000
-3.9610 3.7687 0.0000
1.6855 -2.4877 0.0000
1.9478 -2.6716 0.0000
1.6920 -2.7998 0.0000
1.4961 -2.9828 0.0000
1.4409 -2.6667 0.0000
1.2863 -2.8515 0.0000
1.2397 -3.1174 0.0000
-0.9439 0.3034 0.0130
-1.0821 -0.1697 0.0227
-1.2610 -0.1243 0.0466
-1.0401 0.0637 0.0212
-1.1980 0.2685 0.0335
-1.3670 0.1786 0.0663
-1.4759 0.1691 0.0953
-1.4106 0.0528 0.0823
-1.5127 0.0973 0.1119
-1.6089 0.0624 0.1510
-1.6666 -0.0126 0.1795
-1.2491 0.0477 0.0466
-1.5077 0.0054 0.1132
-1.5067 -0.0880 0.1120
-1.5881 -0.0384 0.1441
-1.4074 -0.0690 0.0814
-1.5058 -0.1704 0.1074
-1.5991 -0.1260 0.1455
-0.6869 -2.9748 0.0000
-0.8538 -1.1143 0.0007
-1.0525 -1.2175 0.0008
-1.0683 -1.4499 0.0003
-1.1037 -1.7383 0.0000
-2.5592 0.5716 0.1524
-2.6354 0.4886 0.1374
1.6373 3.4892 0.0000
-4.5068 -3.7329 0.0000
-1.3657 -3.3832 0.0000
-1.6211 -3.3184 0.0000
-1.6736 -3.5607 0.0000
-0.2527 -4.0007 0.0000
-2.9937 -2.1239 0.0000
-4.7684 4.2161 0.0000
2.5689 1.5854 0.0016
2.3129 1.4871 0.0042
4.7583 2.0334 0.0000
4.4984 1.9028 0.0000
4.1934 4.5364 0.0000
-0.6968 -2.3961 0.0000
2.5661 3.3099 0.0000
4.2143 -4.7720 0.0000
-4.7710 4.7817 0.0000
-4.7548 4.5159 0.0000
-2.6421 3.7201 0.0000
4.4497 4.5345 0.0000
-1.7016 -4.7308 0.0000
-2.7195 4.2284 0.0000
-2.5497 3.9948 0.0000
-2.8297 3.9488 0.0000
2.1334 2.7431 0.0000
-3.8926 -4.7648 0.0000
-2.7456 -2.3421 0.0000
-1.9301 -3.6811 0.0000
-2.0136 -3.9363 0.0000
-2.2130 -4.0929 0.0000
-1.3006 -2.8441 0.0000
2.0867 1.6334 0.0016
-1.9673 -1.7747 0.0005
-2.0299 -2.0423 0.0001
2.4466 4.2395 0.0000
2.5961 4.0042 0.0000
2.2969 3.9718 0.0000
2.4475 3.7524 0.0000
-3.4706 -1.4617 0.0000
-4.0352 3.5106 0.0000
-4.2586 3.6462 0.0000
-4.4857 3.4221 0.0000
-4.0371 -3.1653 0.0000
-4.2783 -3.2975 0.0000
-4.5176 -3.4406 0.0000
-2.4594 2.9287 0.0000
-2.6628 2.7876 0.0000
-2.8205 2.5742 0.0000
0.5643 3.6101 0.0000
0.4718 3.3211 0.0000
2.0803 1.3254 0.0095
4.2823 -0.1553 0.0000
4.0324 -0.1991 0.0000
3.7546 -0.1935 0.0000
-2.9089 3.6505 0.0000
-3.0647 3.4040 0.0000
-3.3291 3.3699 0.0000
-1.8223 -0.2828 0.2289
-1.8255 -0.3778 0.2053
-1.9179 -0.4150 0.2337
-2.0077 -0.4661 0.2484
-2.0148 -0.5497 0.2140
-2.0650 -0.6198 0.1951
-2.2076 -0.6966 0.1764
2.4712 -2.6233 0.0000
-3.7980 -1.0007 0.0000
-4.0019 -1.1253 0.0000
-4.4778 1.9081 0.0000
0.1544 0.3114 0.0022
-0.0148 0.1072 0.0025
-0.2847 -0.0267 0.0031
-0.0636 -0.1422 0.0024
-0.1750 -0.3710 0.0019
-0.3840 -0.2319 0.0031
-0.4652 -0.4414 0.0026
-0.6684 -0.5710 0.0032
2.3894 2.0525 0.0001
2.6080 1.8920 0.0002
2.3508 1.7655 0.0007
-2.1434 1.3505 0.0121
-2.0431 1.1317 0.0336
0.3427 -3.1729 0.0000
3.9242 0.0526 0.0000
3.6210 0.0979 0.0000
2.6718 -4.7656 0.0000
-3.7818 -2.7543 0.0000
-2.2570 0.3493 0.3496
-2.3419 0.2947 0.3569
-2.4295 0.2450 0.3359
-2.4202 0.1438 0.3670
-2.5012 0.0871 0.3207
-2.5084 0.1911 0.2987
-2.5851 0.1281 0.2493
-2.5858 0.0242 0.2560
-2.4958 -0.0109 0.3293
-2.6633 0.0729 0.1899
-2.7034 0.0102 0.1601
-2.7725 0.0059 0.1113
-2.8677 -0.0272 0.0595
-2.5729 -0.0812 0.2637
-2.6535 -0.0427 0.1990
3.7207 4.1849 0.0000
-4.4934 2.8249 0.0000
1.3375 3.4944 0.0000
1.2198 3.2218 0.0000
-3.0823 -1.1124 0.0008
-4.5687 2.1611 0.0000
-4.7716 2.0218 0.0000
-1.8301 0.6031 0.1337
-1.9253 0.5549 0.1822
-1.7254 0.6545 0.0898
-1.7432 0.5525 0.1197
-1.8428 0.5097 0.1674
-1.7689 0.4614 0.1528
-1.8123 0.3937 0.1900
-1.8870 0.4377 0.2094
-2.0259 0.5176 0.2315
-1.9520 0.4702 0.2246
-2.0626 0.4427 0.2765
-1.9932 0.4093 0.2653
-2.1348 0.4745 0.2803
-2.1724 0.4026 0.3212
-2.0864 0.3602 0.3203
0.3949 0.7537 0.0011
0.4114 0.4667 0.0022
0.1502 0.5893 0.0014
-0.1000 0.4485 0.0018
-0.1431 -2.3776 0.0000
-0.3755 -2.3028 0.0000
-0.4560 -2.5315 0.0000
-0.0324 2.9110 0.0000
-0.2287 2.7049 0.0000
-0.4014 2.4960 0.0000
-2.6287 -1.3257 0.0069
-2.7496 -1.5847 0.0009
-2.3878 0.5520 0.2284
-2.4704 0.5146 0.2139
3.0272 1.6307 0.0001
-4.7585 3.2814 0.0000
-4.5262 3.1420 0.0000
-4.7533 2.9658 0.0000
-4.7333 2.6566 0.0000
3.1341 -3.4429 0.0000
2.9291 -3.9190 0.0000
2.9061 -3.6023 0.0000
2.6691 -3.7416 0.0000
2.6853 -4.0149 0.0000
2.4413 -4.0706 0.0000
3.9993 -2.2293 0.0000
3.7410 -2.3639 0.0000
3.7426 -2.6446 0.0000
1.9011 4.2294 0.0000
-2.1323 4.2365 0.0000
-3.7944 -3.3442 0.0000
-4.7414 1.7406 0.0000
-1.2344 -0.3522 0.0321
1.8677 1.8532 0.0003
1.6276 1.7218 0.0003
-0.5843 -0.0989 0.0054
-0.7022 -0.3326 0.0057
4.2199 4.7768 0.0000
3.9220 4.7131 0.0000
-1.2325 3.8037 0.0000
4.5351 -1.0737 0.0000
0.6666 -0.5078 0.0032
1.6762 0.0997 0.1486
1.6893 0.2642 0.1388
1.6512 0.1893 0.1329
1.5622 0.2075 0.1011
1.5865 0.1212 0.1145
1.5724 0.0380 0.1119
1.6599 0.0159 0.1440
1.4704 -0.0154 0.0812
1.7521 -0.0123 0.1832
1.6733 -0.0790 0.1469
1.5799 -0.0568 0.1132
1.4920 -0.1367 0.0830
1.3323 -0.0983 0.0495
-3.1560 1.0668 0.0003
-3.4219 0.9615 0.0000
1.3676 2.7439 0.0000
1.3248 2.4616 0.0000
-4.2460 -2.1141 0.0000
-1.4484 -3.6711 0.0000
-1.2064 -2.0879 0.0000
-0.8164 4.7458 0.0000
-1.1064 4.7541 0.0000
-1.4125 4.7575 0.0000
-1.7170 4.7647 0.0000
-3.7219 -3.8685 0.0000
1.7019 0.4528 0.1111
1.6128 0.4189 0.0904
1.6603 0.3449 0.1170
1.5972 0.2845 0.1047
1.5056 0.3507 0.0706
1.4591 0.2306 0.0701
1.4776 0.1110 0.0817
1.3119 0.2387 0.0403
1.1176 0.3036 0.0178
1.1319 0.0545 0.0235
1.3251 0.0712 0.0482
1.1647 -0.1885 0.0255
0.9335 -0.1054 0.0114
3.8230 -0.9246 0.0000
3.8009 -1.2060 0.0000
3.0630 -1.0934 0.0007
1.6929 0.9389 0.0250
1.6062 0.7225 0.0411
1.7618 0.6505 0.0836
1.7522 0.5570 0.1030
1.6572 0.5526 0.0787
1.5177 0.5254 0.0522
1.3432 0.4289 0.0336
1.0797 -1.9563 0.0000
4.2534 1.8166 0.0000
2.9208 2.3055 0.0000
2.6345 2.4489 0.0000
2.6604 2.1779 0.0000
1.3136 -2.0694 0.0000
1.1734 -2.2782 0.0000
1.4013 -2.4012 0.0000
1.1589 -2.5572 0.0000
0.9059 -2.4751 0.0000
2.1379 3.6783 0.0000
1.9155 3.4557 0.0000
2.0012 3.1948 0.0000
1.7279 3.1733 0.0000
-4.7611 -2.6700 0.0000
-2.2857 1.9843 0.0002
-2.4494 1.8003 0.0006
-2.6395 1.9580 0.0001
1.9210 -3.5776 0.0000
1.6803 -3.7027 0.0000
1.4269 -3.8394 0.0000
0.1764 -3.6503 0.0000
-0.0563 -3.7947 0.0000
1.1917 1.8741 0.0000
1.0456 1.6100 0.0001
1.0660 1.3177 0.0006
-1.4081 4.2819 0.0000
1.4219 0.9371 0.0101
1.3766 0.6754 0.0210
-0.7667 0.1129 0.0086
-0.8554 -0.1273 0.0110
-2.0953 1.8191 0.0006
-1.9747 1.5492 0.0029
4.5207 -1.3556 0.0000
-0.5424 4.2330 0.0000
2.4760 -1.7945 0.0005
2.4927 -1.5351 0.0025
2.2149 -1.6542 0.0016
2.2081 -1.9166 0.0003
2.1631 -2.2034 0.0000
-4.1123 -1.5215 0.0000
-4.2401 -1.7963 0.0000
0.0469 -1.6702 0.0000
-0.1094 -1.8836 0.0000
1.4896 3.2631 0.0000
1.4267 3.0185 0.0000
-3.9556 0.7407 0.0000
2.9738 3.7081 0.0000
-2.7392 -4.7473 0.0000
-1.1569 2.3154 0.0000
-1.4156 2.2100 0.0000
2.8451 -1.0096 0.0068
-0.1512 -3.2341 0.0000
-0.3768 -3.4055 0.0000
-2.4213 4.2643 0.0000
-2.2732 4.0253 0.0000
-0.5803 -2.1433 0.0000
-4.0324 3.0566 0.0000
-4.1785 2.8055 0.0000
-2.9842 -4.2543 0.0000
-2.9815 -4.5032 0.0000
3.5051 -1.6518 0.0000
3.2373 -1.8064 0.0000
-1.6476 4.0009 0.0000
-1.8200 3.7349 0.0000
-0.6065 2.2239 0.0000
-0.8831 2.1149 0.0000
-1.0838 -3.3637 0.0000
-1.1720 -3.6078 0.0000
-4.4906 -0.2593 0.0000
-4.5208 -2.8390 0.0000
-4.7627 -2.9780 0.0000
-2.6129 -3.1313 0.0000
-2.1142 4.4903 0.0000
-4.3127 4.1940 0.0000
0.0451 -1.1917 0.0001
-0.1177 -1.4293 0.0000
0.4727 -3.7223 0.0000
0.2637 -3.9177 0.0000
0.0404 -4.0388 0.0000
3.0114 0.9850 0.0022
-1.0681 -2.3173 0.0000
-1.1964 -2.5885 0.0000
-0.4629 -4.2319 0.0000
-0.7276 -4.3449 0.0000
-2.8284 -2.9241 0.0000
-3.0887 -3.0223 0.0000
2.2331 -3.0926 0.0000
1.9804 -3.2378 0.0000
3.7424 -2.0819 0.0000
3.4815 -2.2283 0.0000
2.6891 -0.0767 0.1383
2.6089 -0.0954 0.1909
2.6289 -0.1855 0.1692
2.5382 -0.2365 0.2189
2.4569 -0.2863 0.2521
2.3290 -0.5122 0.2159
2.3076 -0.6110 0.1795
0.8564 -0.6305 0.0043
0.9715 -0.9138 0.0023
-2.4326 -3.6040 0.0000
-2.6569 -3.4214 0.0000
-2.9266 -3.5043 0.0000
-3.9084 1.3189 0.0000
-3.9274 1.0288 0.0000
3.2605 1.1417 0.0001
3.3605 2.6643 0.0000
3.1810 2.4319 0.0000
4.3347 2.3623 0.0000
4.5186 2.1861 0.0000
4.2613 -4.1963 0.0000
4.7548 1.1334 0.0000
4.7861 0.8402 0.0000
4.5729 0.9530 0.0000
-2.6885 0.9799 0.0253
-0.7679 2.9657 0.0000
0.0640 1.8688 0.0000
1.2075 -4.0040 0.0000
1.0506 -4.2158 0.0000
0.7737 -1.9505 0.0000
-3.7129 -0.4818 0.0000
-0.4485 -1.8878 0.0000
-0.7408 -1.8969 0.0000
1.8472 1.5751 0.0014
1.8116 1.3575 0.0048
3.2242 -2.0984 0.0000
3.3278 0.0167 0.0003
3.1363 -0.1804 0.0032
2.7935 -0.2124 0.0728
2.6974 -0.2582 0.1188
-0.3547 4.4828 0.0000
-4.7621 -4.7601 0.0000
4.2635 2.6419 0.0000
4.0753 2.4183 0.0000
0.3417 -1.6762 0.0000
1.2945 2.1721 0.0000
-3.9984 -1.9951 0.0000
-2.0969 0.2566 0.3644
-2.1725 0.3065 0.3642
-2.2561 0.2512 0.3900
-1.8892 0.3543 0.2380
-1.9313 0.2693 0.2853
-1.8338 0.2794 0.2313
-1.8816 0.1942 0.2770
-1.9619 0.1329 0.3343
-1.9733 0.3535 0.2782
-2.0256 0.2921 0.3239
-1.9982 0.2075 0.3373
-2.0798 0.1682 0.3846
-2.0356 0.0968 0.3788
-2.1058 0.0583 0.4134
-2.1622 0.1132 0.4220
-2.1727 0.2065 0.4008
-2.3393 0.1971 0.3912
-2.3310 0.0974 0.4161
-2.2518 0.1519 0.4207
-2.2404 0.0541 0.4376
-2.3255 -0.0007 0.4254
-1.8751 0.1015 0.2886
-1.9333 0.0435 0.3284
-2.0104 0.0164 0.3729
-2.0834 -0.0281 0.4071
-2.1709 0.0027 0.4343
-2.2479 -0.0509 0.4377
-2.3249 -0.1065 0.4167
-2.4132 0.0442 0.3841
-2.4047 -0.0542 0.3882
1.8247 2.3708 0.0000
1.5610 2.2758 0.0000
4.2208 2.1056 0.0000
3.9999 1.8905 0.0000
-0.1122 -3.5254 0.0000
-0.3515 -3.7098 0.0000
1.4775 -3.2648 0.0000
4.7387 1.7296 0.0000
4.4616 1.5870 0.0000
3.5567 -0.7792 0.0000
-4.2725 -2.7069 0.0000
3.0172 3.1282 0.0000
-0.8629 -2.1814 0.0000
1.4681 1.9608 0.0000
1.3713 1.7010 0.0002
-1.2046 -4.4748 0.0000
-1.5033 -4.4909 0.0000
4.2309 0.8236 0.0000
4.0410 0.5782 0.0000
4.1647 0.3183 0.0000
3.8764 0.3162 0.0000
0.4054 2.5879 0.0000
0.1863 2.4643 0.0000
-0.1034 2.4182 0.0000
3.7110 1.9097 0.0000
-3.5425 1.6903 0.0000
-3.6506 1.4351 0.0000
-3.2893 4.1694 0.0000
4.1055 -3.2982 0.0000
3.9219 -3.5147 0.0000
3.9744 -3.7854 0.0000
-4.4978 -4.0147 0.0000
-1.1347 2.0641 0.0000
-1.3576 1.9658 0.0000
-0.6346 -3.2702 0.0000
-4.0205 -2.5819 0.0000
-4.0317 -2.8744 0.0000
3.1296 1.8539 0.0000
-4.2611 -2.4119 0.0000
0.9289 -4.4507 0.0000
0.6627 -4.5396 0.0000
0.4753 -4.3670 0.0000
3.1800 0.8072 0.0006
2.9486 0.6710 0.0105
0.9585 3.9259 0.0000
0.8542 3.6613 0.0000
-3.7393 -4.1640 0.0000
-3.7432 -4.4777 0.0000
-3.9916 -4.2871 0.0000
-4.0154 -4.5470 0.0000
-4.2184 -4.7423 0.0000
-3.7693 4.3140 0.0000
-3.8609 4.0410 0.0000
-1.0012 -1.9580 0.0000
4.3492 -0.8869 0.0000
-3.7427 3.0584 0.0000
-4.4865 -1.9754 0.0000
-4.7435 -2.0558 0.0000
-4.7577 -2.3627 0.0000
3.0095 -1.3673 0.0003
2.7388 -1.5361 0.0009
3.1170 3.3804 0.0000
2.2193 -2.7956 0.0000
-4.5444 4.0730 0.0000
-4.7478 3.8959 0.0000
-4.2657 0.3428 0.0000
0.6705 -1.1377 0.0004
0.5022 -1.4158 0.0001
2.0754 -0.6029 0.1704
2.0050 -0.6595 0.1360
2.1107 -0.6831 0.1461
2.0252 -0.7463 0.1114
1.9281 -0.7069 0.1050
1.9423 -0.8172 0.0778
1.8425 -0.7231 0.0828
2.6097 -1.0426 0.0222
2.2728 -0.9327 0.0707
2.3133 -1.1369 0.0291
2.5105 -1.2711 0.0106
2.2590 -1.3848 0.0083
3.2945 -1.2271 0.0000
3.2571 -1.5132 0.0000
-1.3979 -0.2150 0.0720
-1.5037 -0.2718 0.0976
-1.5720 -0.3281 0.1133
-1.5491 -0.4254 0.0907
-1.6468 -0.4749 0.1122
-1.6865 -0.5402 0.1101
-1.5842 -0.2244 0.1311
-1.6560 -0.2850 0.1518
-1.6709 -0.1869 0.1717
-1.7428 -0.2427 0.1977
-1.7384 -0.3386 0.1767
-1.6516 -0.3821 0.1328
-1.7382 -0.4367 0.1534
-1.7591 -0.5261 0.1373
-1.8368 -0.4697 0.1821
-1.8426 -0.5644 0.1537
-1.8738 -0.6310 0.1410
-1.7650 -0.6205 0.1129
-1.8217 -0.7000 0.1053
-1.9142 -0.7125 0.1236
-1.9624 -0.7854 0.1088
-3.0761 1.6475 0.0000
-3.3404 1.5360 0.0000
-3.3965 1.2555 0.0000
-4.0262 2.2045 0.0000
-4.2334 2.0376 0.0000
-2.5055 -4.7653 0.0000
-0.1551 -4.2620 0.0000
-0.3120 -4.4998 0.0000
-4.5253 4.3805 0.0000
4.2510 -2.5341 0.0000
-3.4621 3.0842 0.0000
-2.5427 0.4734 0.1932
-2.6892 0.4084 0.1247
-1.9233 -0.5222 0.1959
-1.9577 -0.6188 0.1690
-2.0117 -0.7014 0.1492
-2.1109 -0.7035 0.1653
-2.0570 -0.7884 0.1232
-2.1571 -0.7884 0.1339
-2.2490 -0.7781 0.1403
-2.2433 -0.8502 0.1121
-2.3118 -0.8995 0.0922
-2.4170 -0.9477 0.0684
1.7633 -0.1102 0.1834
1.9367 -0.1157 0.2651
1.8464 -0.1615 0.2164
1.7618 -0.2068 0.1718
1.6876 -0.1738 0.1451
1.6446 -0.2474 0.1207
1.7312 -0.2902 0.1464
1.6431 -0.3357 0.1081
1.5516 -0.3376 0.0816
1.5452 -0.2414 0.0900
1.4630 -0.4333 0.0522
1.7225 -0.3860 0.1259
1.6255 -0.4420 0.0867
1.5691 -0.5844 0.0536
1.3645 -0.6227 0.0240
1.5423 -0.8035 0.0257
3.8390 -3.2390 0.0000
3.6060 -3.1319 0.0000
3.6336 -3.4219 0.0000
3.3675 -3.2958 0.0000
3.4023 -3.5837 0.0000
-1.6912 -0.0937 0.1895
-1.7601 -0.1487 0.2203
-1.8312 -0.1933 0.2524
-1.9055 -0.3167 0.2612
-1.9972 -0.3781 0.2812
-2.1053 -0.5196 0.2512
-2.1596 -0.6123 0.2139
-2.2649 -0.6173 0.2144
-2.3099 -0.7063 0.1679
-1.7594 -0.0288 0.2278
-1.8130 -0.0862 0.2557
-1.8935 -0.1229 0.2988
-1.9111 -0.2230 0.2900
-1.9868 -0.1560 0.3454
-1.9895 -0.2463 0.3243
-1.9897 -0.3119 0.3029
-2.0677 -0.2184 0.3674
-2.0755 -0.3115 0.3378
-2.0836 -0.4079 0.2991
-2.1545 -0.2857 0.3701
-2.1649 -0.3648 0.3378
-2.2450 -0.3613 0.3446
-2.2632 -0.4552 0.2975
-2.1721 -0.4503 0.2974
-2.2135 -0.5356 0.2568
-2.3209 -0.5331 0.2507
-2.4066 -0.7316 0.1417
-2.3339 -0.4089 0.3092
-2.3889 -0.4705 0.2637
-2.4292 -0.5504 0.2131
-2.3651 -0.6279 0.1957
-2.4595 -0.6448 0.1628
-2.5522 -0.6561 0.1259
-2.4996 -0.7367 0.1168
-2.6133 -0.7517 0.0792
-2.3357 -0.8047 0.1237
-1.5463 -0.5458 0.0697
-1.6549 -0.6213 0.0825
-1.7127 -0.7440 0.0688
-3.4613 -4.5357 0.0000
1.2617 -0.8503 0.0079
1.1921 -1.1196 0.0020
3.4457 -3.8666 0.0000
-3.5634 2.8371 0.0000
-1.3470 -1.2765 0.0019
-1.6271 -1.1632 0.0094
-2.3143 4.7558 0.0000
-2.3474 4.5138 0.0000
4.0909 3.3568 0.0000
-1.2508 3.2135 0.0000
-1.2956 2.9708 0.0000
-1.5287 2.9955 0.0000
2.6090 0.7298 0.0692
2.5050 0.6558 0.1165
2.4936 0.5667 0.1478
-3.0025 -1.6066 0.0001
2.7330 4.2453 0.0000
-2.8583 0.6514 0.0263
-3.0599 0.5668 0.0050
-3.2702 0.4517 0.0004
2.7189 -4.2519 0.0000
2.4831 -4.3127 0.0000
-4.5975 -0.0112 0.0000
-4.7794 -0.1721 0.0000
3.9188 -0.4442 0.0000
3.8087 -0.6678 0.0000
-4.5040 -2.2508 0.0000
-4.5147 -2.5410 0.0000
-2.2091 -3.7702 0.0000
-2.6933 -3.7236 0.0000
-2.9542 -3.7748 0.0000
-2.9536 -4.0225 0.0000
-3.5267 -2.6383 0.0000
1.6260 4.2548 0.0000
1.4973 4.5068 0.0000
1.3393 4.2484 0.0000
-4.2299 -0.6605 0.0000
1.1876 -3.3765 0.0000
1.2185 -3.6703 0.0000
1.0284 -3.8467 0.0000
0.9573 -3.5641 0.0000
0.7521 -3.7794 0.0000
0.8647 -4.0471 0.0000
0.7143 -4.2564 0.0000
3.3048 3.1685 0.0000
3.1950 2.9088 0.0000
-1.2377 -3.8613 0.0000
-1.5900 -1.4406 0.0018
-1.8274 -1.5633 0.0017
-3.1021 2.6140 0.0000
-3.2663 2.3729 0.0000
2.9710 -1.9682 0.0000
-3.0659 4.7276 0.0000
-3.3427 4.7050 0.0000
-3.5917 4.7757 0.0000
-2.3331 2.3580 0.0000
-2.4802 2.1522 0.0000
-0.2965 3.2976 0.0000
-0.5322 3.1143 0.0000
4.5451 3.6948 0.0000
4.4800 3.4212 0.0000
2.4202 -3.8261 0.0000
2.1720 -3.9805 0.0000
1.9275 -4.1667 0.0000
1.6868 -3.9899 0.0000
1.7509 -4.5213 0.0000
3.5799 3.2211 0.0000
3.4828 2.9374 0.0000
-2.6990 0.2496 0.1453
-2.7686 0.1965 0.1055
-2.8889 0.1237 0.0490
-3.0692 -0.0458 0.0093
-3.3462 -0.1337 0.0002
-0.8586 -1.6502 0.0000
-1.9800 -4.7700 0.0000
0.6855 3.0890 0.0000
0.4296 3.0475 0.0000
0.5910 2.7865 0.0000
0.2810 2.8030 0.0000
-0.9773 -3.9264 0.0000
-4.3397 2.6000 0.0000
4.7698 -1.2833 0.0000
-4.2250 0.6338 0.0000
-4.4914 0.5294 0.0000
-4.2129 -1.2851 0.0000
-4.4896 -1.2389 0.0000
-1.6290 3.5023 0.0000
-2.1111 0.9914 0.0671
-2.2560 0.9757 0.0752
-2.2420 0.8695 0.1103
-2.3239 0.8459 0.1150
-2.4144 0.8276 0.1093
-0.5221 2.7892 0.0000
-0.6542 2.5050 0.0000
-4.7428 1.4588 0.0000
-2.0302 4.7506 0.0000
-3.0039 -2.4127 0.0000
-3.2668 -2.5264 0.0000
-3.2406 -1.9343 0.0000
4.2776 -4.4919 0.0000
-4.0057 -0.5227 0.0000
-4.2400 -0.3620 0.0000
-3.5994 3.3198 0.0000
2.8909 1.9973 0.0000
2.8130 1.7355 0.0002
-3.6622 1.1425 0.0000
-3.6847 0.8489 0.0000
3.4994 -2.7992 0.0000
2.3647 3.1639 0.0000
2.1694 3.0135 0.0000
4.7263 4.4891 0.0000
3.8209 1.1153 0.0000
3.5457 1.1367 0.0000
3.6605 0.8658 0.0000
3.3865 0.8954 0.0000
3.5275 2.4650 0.0000
-3.4421 0.6635 0.0000
-3.7245 0.5612 0.0000
4.5142 4.0174 0.0000
4.3444 3.7950 0.0000
-2.0975 -1.1964 0.0246
4.7609 2.9644 0.0000
4.7662 2.6592 0.0000
4.5155 2.8051 0.0000
4.5338 2.5160 0.0000
-0.9873 -2.8449 0.0000
-0.9027 -3.1466 0.0000
0.9196 1.8587 0.0000
0.7568 1.6653 0.0000
0.7997 1.4036 0.0002
0.5174 1.5104 0.0000
2.0230 0.7811 0.0987
2.2436 0.7706 0.1175
2.2371 0.6816 0.1506
2.1481 0.7518 0.1215
2.1515 0.6512 0.1594
2.0718 0.7111 0.1282
1.9907 0.6720 0.1285
2.0640 0.6157 0.1617
2.0114 0.5581 0.1722
1.9387 0.6086 0.1380
1.8709 0.6637 0.1056
1.8503 0.5611 0.1293
1.9404 0.5107 0.1698
1.8755 0.4577 0.1658
1.7835 0.4802 0.1305
1.8097 0.3992 0.1583
1.7355 0.3715 0.1380
0.2012 3.3062 0.0000
-0.0573 3.1945 0.0000
-2.4394 -3.9096 0.0000
-2.7055 -4.0026 0.0000
1.7358 -3.3988 0.0000
1.4579 -3.5355 0.0000
3.6455 2.1929 0.0000
3.4233 1.9668 0.0000
4.2861 3.2191 0.0000
4.0281 3.0656 0.0000
4.2578 2.9233 0.0000
3.9794 2.7427 0.0000
4.7571 -1.5270 0.0000
4.7514 -1.7887 0.0000
4.7524 -2.6664 0.0000
0.0926 3.7813 0.0000
-0.0369 3.4971 0.0000
0.1825 -0.9458 0.0004
-3.1810 0.7776 0.0006
-1.9097 0.7496 0.1102
-1.9914 0.7998 0.1112
-2.0024 0.7031 0.1482
-1.9184 0.6509 0.1451
-2.0121 0.6082 0.1886
-2.0978 0.6564 0.1877
-2.1087 0.5600 0.2341
3.8682 1.6435 0.0000
3.7038 1.3897 0.0000
-2.2624 1.1346 0.0379
-2.3746 0.9432 0.0778
3.1864 -2.8714 0.0000
-1.3621 4.0346 0.0000
-1.5103 3.7580 0.0000
-4.4971 -4.2877 0.0000
-2.3692 3.7584 0.0000
-2.3679 3.5042 0.0000
-3.2358 -4.2124 0.0000
-3.2170 -4.4754 0.0000
-3.2800 -4.7498 0.0000
3.7558 -4.5297 0.0000
3.4674 -4.4723 0.0000
3.5826 -4.7527 0.0000
4.1433 1.5930 0.0000
-4.7502 -0.4562 0.0000
-0.5994 -3.5769 0.0000
2.0196 3.9537 0.0000
1.7430 3.9825 0.0000
1.8109 3.7255 0.0000
1.4873 3.7488 0.0000
-0.0865 4.7635 0.0000
4.2120 -0.4398 0.0000
2.5372 -4.5406 0.0000
2.3551 -4.7685 0.0000
2.2521 -4.5205 0.0000
2.0389 -4.7326 0.0000
2.3679 1.2736 0.0136
2.2811 1.1305 0.0294
2.3865 0.9684 0.0538
2.3039 0.8420 0.0918
2.4031 0.8110 0.0915
2.3255 0.7328 0.1263
2.2203 0.9471 0.0645
2.1914 0.8361 0.0953
4.2538 -1.7825 0.0000
3.9988 -1.9390 0.0000
0.6576 3.8930 0.0000
-4.0766 0.1563 0.0000
-4.3295 0.0049 0.0000
2.8141 4.7631 0.0000
2.5904 4.4977 0.0000
3.4900 -2.5100 0.0000
1.9672 -2.9497 0.0000
1.7314 -3.1076 0.0000
0.9242 -1.6998 0.0000
-2.4684 1.0842 0.0367
0.5677 2.4232 0.0000
0.3357 2.2722 0.0000
-0.2773 4.2239 0.0000
-0.3927 3.9513 0.0000
3.2533 -2.6628 0.0000
-3.7657 -2.4628 0.0000
3.4875 4.0178 0.0000
3.4663 3.7415 0.0000
3.2075 3.6272 0.0000
2.4450 -2.0565 0.0001
4.2498 -2.0551 0.0000
4.2512 -2.3051 0.0000
3.9754 4.0917 0.0000
3.7561 3.8557 0.0000
-1.0410 3.3907 0.0000
2.4513 -2.3291 0.0000
2.2158 -2.5059 0.0000
-3.1846 -1.3850 0.0001
-3.6990 2.6057 0.0000
4.5039 -4.0526 0.0000
2.9637 -2.2708 0.0000
1.1489 2.9400 0.0000
1.0868 2.6579 0.0000
0.8714 2.8612 0.0000
0.7972 2.5697 0.0000
-4.2602 -4.4500 0.0000
-4.5039 -4.5424 0.0000
-4.4983 -4.7657 0.0000
3.5519 -1.0683 0.0000
1.9050 2.9326 0.0000
1.6418 2.8684 0.0000
0.1492 -4.7588 0.0000
-2.8856 -3.2224 0.0000
-3.1703 -3.3273 0.0000
-3.4387 -3.4493 0.0000
-4.2423 1.4532 0.0000
-4.4817 1.3397 0.0000
-3.0132 -0.8422 0.0043
-3.2893 -0.9048 0.0001
-3.5572 -0.9666 0.0000
2.9041 -0.0843 0.0354
2.7734 -0.0676 0.0891
2.7102 -0.1530 0.1210
2.6159 -0.2849 0.1630
2.5437 -0.3416 0.1929
2.4492 -0.3824 0.2277
2.7612 -0.3646 0.0745
2.6584 -0.3525 0.1272
2.6115 -0.4116 0.1408
2.5217 -0.4414 0.1777
2.5957 -0.5079 0.1262
2.4982 -0.5345 0.1596
2.4260 -0.4775 0.2047
2.4806 -0.6285 0.1358
2.4030 -0.5725 0.1771
2.3876 -0.6690 0.1453
2.3561 -0.7493 0.1218
4.4806 4.2849 0.0000
4.2508 4.0409 0.0000
-2.3312 2.7113 0.0000
3.2233 -2.3863 0.0000
3.6975 4.4921 0.0000
3.4633 4.3138 0.0000
-2.2586 -4.7044 0.0000
4.7597 -3.6027 0.0000
-3.4941 -2.0551 0.0000
-3.7524 -2.1718 0.0000
3.0456 1.2878 0.0004
-1.8483 -0.8264 0.0756
-1.9776 -0.8923 0.0779
-2.1004 -0.8764 0.0967
-2.0815 -1.0113 0.0566
-2.8173 4.7503 0.0000
-1.3878 -4.7445 0.0000
-2.2452 3.0420 0.0000
-0.8962 1.0683 0.0011
-0.7932 3.5468 0.0000
-4.2691 4.4801 0.0000
0.5426 2.1319 0.0000
0.3183 1.9803 0.0000
-0.9585 -0.3915 0.0115
-0.8720 -0.6445 0.0048
-1.1305 -0.5894 0.0137
-1.2846 -0.7830 0.0135
-1.4508 -0.9836 0.0116
-1.0138 -0.8729 0.0035
-1.2014 -1.0399 0.0036
2.3825 3.4994 0.0000
2.1901 3.3600 0.0000
3.4858 -4.1550 0.0000
3.2553 -4.3005 0.0000
4.7589 -2.9673 0.0000
4.5305 -3.1142 0.0000
4.3607 -3.3018 0.0000
0.2876 -4.5133 0.0000
3.1113 -4.5062 0.0000
2.8155 -4.4976 0.0000
-3.2530 -1.6607 0.0000
2.0478 4.4935 0.0000
1.8052 4.7404 0.0000
1.7787 4.4971 0.0000
-3.2508 -2.2323 0.0000
-3.5084 -2.3471 0.0000
2.1368 0.5557 0.1962
2.0649 0.4987 0.2064
1.9933 0.4426 0.2080
1.9228 0.3859 0.2023
1.8491 0.3312 0.1885
1.7687 0.2911 0.1649
1.7508 0.1831 0.1729
-2.1359 2.5208 0.0000
2.1580 -0.2860 0.3038
2.0778 -0.3326 0.2706
2.0611 -0.4253 0.2338
1.9782 -0.4707 0.1934
2.0758 -0.5079 0.2066
1.9897 -0.5615 0.1658
2.1204 -0.1742 0.3260
2.0777 -0.2383 0.2987
1.9928 -0.2805 0.2573
1.9841 -0.3737 0.2270
2.0028 -0.1844 0.2838
1.9170 -0.2211 0.2391
1.9035 -0.3218 0.2103
1.8966 -0.4198 0.1812
1.8299 -0.2653 0.1915
1.8106 -0.3639 0.1627
1.8123 -0.4602 0.1404
1.8919 -0.5243 0.1492
1.7995 -0.5527 0.1137
1.7330 -0.4639 0.1137
1.7021 -0.5371 0.0902
1.9143 -0.6158 0.1284
1.8345 -0.6334 0.1030
1.7103 -0.6722 0.0666
-0.1795 -2.9356 0.0000
-0.4125 -3.1042 0.0000
2.4127 0.6220 0.1522
2.4064 0.5298 0.1882
2.3200 0.5527 0.1971
2.2517 0.4833 0.2323
2.3476 0.4643 0.2283
2.3070 0.3775 0.2700
2.2116 0.3995 0.2669
2.1573 0.4676 0.2349
2.2343 0.3096 0.3011
2.1452 0.3454 0.2808
2.0857 0.2873 0.2871
2.1762 0.2451 0.3184
2.0932 0.1910 0.3150
2.0097 0.1390 0.2952
2.1798 0.1486 0.3423
2.0954 0.0940 0.3322
2.0116 0.0418 0.3055
1.9257 0.0862 0.2637
2.0976 -0.0040 0.3383
2.0146 -0.0543 0.3059
1.9288 -0.0136 0.2683
1.8428 0.0337 0.2261
1.8461 -0.0633 0.2260
1.9254 0.1851 0.2509
1.8399 0.1343 0.2182
1.7597 0.0805 0.1851
-3.8468 -0.0070 0.0000
-4.1179 -0.1399 0.0000
-2.2444 -2.1877 0.0000
-2.5014 -2.0640 0.0001
-2.4995 -2.3195 0.0000
0.1194 -3.3598 0.0000
2.2804 -0.7009 0.1467
2.1915 -0.7427 0.1313
2.1033 -0.7814 0.1108
2.0532 -0.8773 0.0766
2.4413 -0.7905 0.0948
2.3672 -0.8516 0.0875
2.2702 -0.8016 0.1107
2.1761 -0.8502 0.0941
2.1384 -1.0123 0.0501
1.9232 -1.0040 0.0374
1.6797 -1.0257 0.0174
-0.8393 1.3483 0.0002
-1.0618 1.5374 0.0001
-1.1220 1.2607 0.0009
-1.1595 0.9802 0.0041
4.7534 4.1932 0.0000
4.7515 3.8835 0.0000
2.0589 4.7447 0.0000
2.9174 3.9995 0.0000
-2.0302 -2.6209 0.0000
0.4307 4.4865 0.0000
4.2275 -3.5855 0.0000
4.2431 -3.8973 0.0000
0.1863 4.6982 0.0000
-0.0758 4.5101 0.0000
2.3223 -3.3420 0.0000
2.1153 -3.4274 0.0000
2.1816 -3.6854 0.0000
1.9315 -3.8593 0.0000
0.3786 3.8532 0.0000
0.2778 3.5683 0.0000
0.0743 -3.0695 0.0000
-2.5113 -1.8084 0.0005
-2.7508 -1.8381 0.0002
-2.7461 -2.0878 0.0000
-2.9901 -1.8537 0.0000
-4.4068 -1.4998 0.0000
-4.7018 -1.5152 0.0000
-4.5200 -1.7364 0.0000
-4.7668 -1.7799 0.0000
3.4887 -1.9420 0.0000
4.0133 -4.3387 0.0000
-0.9927 1.8339 0.0000
-1.2529 1.7355 0.0001
-1.5123 1.6901 0.0003
-3.9071 -1.3640 0.0000
-3.7336 -1.5686 0.0000
-0.1937 3.7583 0.0000
-0.3351 3.5738 0.0000
-0.5526 3.4140 0.0000
-1.6101 1.9424 0.0001
-1.9096 2.0262 0.0001
-1.8001 1.7457 0.0006
-2.7369 -4.2674 0.0000
4.7390 -0.4880 0.0000
4.6931 -0.7847 0.0000
-3.8173 1.6762 0.0000
-4.0066 1.5441 0.0000
1.5803 4.7618 0.0000
1.3289 4.7463 0.0000
1.0492 4.7354 0.0000
-2.4752 3.2326 0.0000
-2.7119 3.0814 0.0000
4.2412 3.5607 0.0000
3.9308 3.5857 0.0000
3.8349 3.2908 0.0000
1.2655 -4.7715 0.0000
-2.0184 -4.5340 0.0000
-2.6733 2.3181 0.0000
4.2362 -2.7670 0.0000
4.2585 -3.0274 0.0000
-2.8885 4.4800 0.0000
-3.1807 4.4487 0.0000
2.3953 2.3249 0.0000
2.1577 2.2259 0.0000
2.1296 1.9353 0.0002
1.9217 2.1446 0.0000
-2.3334 -1.3394 0.0121
-2.4864 -1.5696 0.0025
-3.8753 2.8057 0.0000
3.9988 -2.5045 0.0000
3.9959 -2.7719 0.0000
-2.6101 3.4824 0.0000
-2.7982 3.3563 0.0000
-2.9853 3.1331 0.0000
-3.2160 3.1368 0.0000
-2.4806 -4.2118 0.0000
-1.5848 -2.8494 0.0000
-1.8205 -2.8017 0.0000
0.4647 4.1591 0.0000
0.1866 4.0708 0.0000
-2.9975 1.9100 0.0000
-3.3076 1.8550 0.0000
0.4578 -4.7352 0.0000
2.9843 -2.5881 0.0000
2.7234 -2.7445 0.0000
3.7643 0.5989 0.0000
3.5817 0.3768 0.0000
3.3189 0.2984 0.0003
-4.7493 -4.4924 0.0000
-0.2134 0.2206 0.0027
-0.3857 0.4379 0.0025
-0.4859 0.1520 0.0043
4.1010 -0.7198 0.0000
4.0734 -1.0313 0.0000
4.7488 2.3444 0.0000
3.9938 -4.0677 0.0000
3.7437 -4.2660 0.0000
4.2220 4.2830 0.0000
3.9498 4.3899 0.0000
2.4040 2.8691 0.0000
-1.3209 3.5155 0.0000
-1.4862 3.2700 0.0000
0.0169 1.5734 0.0000
0.2581 1.3614 0.0001
2.0706 -1.2103 0.0186
1.8238 -1.2324 0.0101
1.7249 -1.4789 0.0020
-1.3082 2.7115 0.0000
-1.5709 2.7255 0.0000
-1.8635 2.6285 0.0000
4.2867 -1.1983 0.0000
4.2674 -1.4947 0.0000
4.0113 -1.6440 0.0000
-3.0043 4.2004 0.0000
-3.1038 3.9168 0.0000
-3.3879 3.8854 0.0000
3.3063 4.7822 0.0000
3.0648 4.7217 0.0000
-1.9174 4.0355 0.0000
-2.0903 3.8600 0.0000
-2.1020 3.5983 0.0000
1.4960 4.0110 0.0000
1.2352 3.9756 0.0000
1.6700 -4.2774 0.0000
1.4800 -4.4845 0.0000
0.7026 -0.8390 0.0015
0.4479 -0.9304 0.0006
-2.8340 2.1033 0.0000
-2.9774 2.3386 0.0000
-3.1537 2.1176 0.0000
-4.5083 0.2439 0.0000
-3.2985 -2.8227 0.0000
-3.5517 -2.9319 0.0000
-3.7946 -3.0491 0.0000
-0.8189 2.6957 0.0000
-1.0681 2.5737 0.0000
-0.8843 2.3717 0.0000
-3.3770 -1.1833 0.0000
-3.6689 -1.2477 0.0000
-4.2773 -1.0154 0.0000
-4.0074 -2.2893 0.0000
-3.8990 4.7742 0.0000
-4.1988 4.7517 0.0000
3.6866 -3.6965 0.0000
3.7243 -3.9750 0.0000
4.7485 -4.5083 0.0000
4.7548 -0.1801 0.0000
4.4978 -0.3385 0.0000
4.4393 -0.6205 0.0000
3.1653 -3.7414 0.0000
3.2055 -4.0268 0.0000
0.2049 4.3726 0.0000
-0.0334 4.2623 0.0000
-0.0960 4.0016 0.0000
-1.2620 4.5167 0.0000
-1.5725 4.5115 0.0000
-1.6486 4.2453 0.0000
-4.4417 1.0847 0.0000
3.3814 2.2585 0.0000
3.1499 2.1293 0.0000
4.7544 -4.2071 0.0000
4.5117 -4.3617 0.0000
2.7648 -1.2645 0.0036
-1.4780 -3.9897 0.0000
-3.4989 -1.7593 0.0000
-3.7017 -3.5759 0.0000
-3.9691 -3.7057 0.0000
-3.9832 -3.9993 0.0000
-4.2374 -3.8648 0.0000
-4.2404 -4.1531 0.0000
-1.7798 -4.4560 0.0000
1.2900 -1.3433 0.0009
2.9891 -1.6677 0.0001
2.7219 -1.8251 0.0002
0.4984 -1.9121 0.0000
0.4360 -2.1506 0.0000
-2.1828 -0.8829 0.0997
-2.2228 -0.9771 0.0710
-2.3020 -1.1014 0.0413
-2.5223 -1.1163 0.0272
-2.7379 -4.5063 0.0000
-3.0017 -4.7487 0.0000
-0.6815 3.9966 0.0000
2.6954 -0.4727 0.0888
2.6748 -0.6071 0.0734
2.5672 -0.5964 0.1154
2.5718 -0.7044 0.0864
2.4675 -0.7149 0.1121
2.5467 -0.8480 0.0598
2.4269 -0.9830 0.0489
2.8325 1.4451 0.0011
2.5831 1.3244 0.0066
-3.0435 0.2770 0.0103
-3.2941 0.1574 0.0004
-3.5655 0.0756 0.0000
0.6643 0.3294 0.0042
0.4322 0.1834 0.0032
0.4338 -0.1087 0.0031
0.2108 0.0310 0.0025
0.1764 -0.2254 0.0022
0.3237 -0.4517 0.0018
0.0449 -0.4597 0.0015
2.8112 3.2354 0.0000
2.6457 3.0275 0.0000
-4.3908 3.8974 0.0000
-4.5405 3.7105 0.0000
-4.7617 3.5765 0.0000
-2.1529 0.8959 0.0986
-2.1686 0.8019 0.1343
-2.2617 0.7712 0.1486
-2.2765 0.6754 0.1902
-2.3588 0.7470 0.1494
-2.3666 0.6448 0.1918
-2.4422 0.7044 0.1483
-2.4636 0.6098 0.1786
-4.7594 -3.5931 0.0000
-4.7556 -3.8969 0.0000
4.7522 -2.0725 0.0000
4.7534 -2.3670 0.0000
-0.7181 -3.7885 0.0000
-0.5132 -3.9340 0.0000
-2.5122 -2.5725 0.0000
-2.5628 -2.8455 0.0000
-3.5999 -4.7590 0.0000
-1.3602 -2.3350 0.0000
-1.4944 -2.5932 0.0000
3.1009 -3.1418 0.0000
2.8769 -3.2903 0.0000
3.3118 -0.6396 0.0001
-3.4388 2.1263 0.0000
-3.6378 1.9230 0.0000
-1.7315 3.1984 0.0000
1.6005 -0.1525 0.1149
1.3903 -0.2674 0.0526
1.2383 -0.4134 0.0248
0.9768 -0.3847 0.0105
1.1097 -0.6357 0.0094
-3.6289 -0.2032 0.0000
-3.9076 -0.2808 0.0000
-4.1719 1.2091 0.0000
-4.1951 0.9196 0.0000
0.5676 -4.0094 0.0000
0.3585 -4.1645 0.0000
0.7977 2.2604 0.0000
0.7269 1.9854 0.0000
-1.8749 1.2926 0.0101
-2.0764 0.8464 0.1086
-3.2300 -0.6304 0.0006
-3.5304 -0.7046 0.0000
0.2976 -2.8998 0.0000
-2.0856 0.7516 0.1454
-2.1812 0.7099 0.1741
-2.1939 0.6154 0.2190
-2.2098 0.5211 0.2664
-2.2889 0.5736 0.2378
-2.2521 0.4477 0.3031
-2.3303 0.4877 0.2733
2.3158 4.4972 0.0000
2.1712 4.2278 0.0000
-2.2423 -2.4572 0.0000
3.5967 -0.4681 0.0000
2.7419 -0.7889 0.0305
-4.2796 -3.0023 0.0000
-4.5228 -3.1402 0.0000
-4.7622 -3.2864 0.0000
2.4843 -2.9208 0.0000
-3.3417 -3.1222 0.0000
-3.5686 -3.2349 0.0000
-0.8395 -3.4509 0.0000
-0.9435 -3.6677 0.0000
4.0228 -4.5903 0.0000
3.8850 -4.7877 0.0000
-1.7993 2.9063 0.0000
-2.0836 2.8246 0.0000
-1.3673 1.4352 0.0009
-1.6697 1.4677 0.0020
-1.6420 2.4544 0.0000
-1.9568 -2.3187 0.0000
-0.2529 -1.1732 0.0002
-0.2911 2.9946 0.0000
-2.9481 2.8658 0.0000
-3.2422 2.8743 0.0000
-3.3933 2.6241 0.0000
-2.4808 -0.1039 0.3337
-2.5241 -0.1631 0.2922
-2.5886 -0.1868 0.2376
-2.6583 -0.2503 0.1737
-2.7477 -0.2899 0.1086
-2.7373 -0.0851 0.1332
-2.8230 -0.1401 0.0784
-2.6621 -0.1407 0.1854
-2.7387 -0.1942 0.1246
-3.4741 4.4228 0.0000
-3.5699 4.1175 0.0000
1.7768 -0.8365 0.0488
1.4327 -1.0443 0.0067
1.5421 -1.2718 0.0033
-2.4173 -0.8309 0.1029
-2.5021 -0.8252 0.0885
-2.5976 -0.9112 0.0494
-2.7810 -0.7737 0.0330
-2.7906 -1.0531 0.0112
-2.9004 -1.3292 0.0014
-0.0709 1.3057 0.0001
0.1044 1.1248 0.0002
-0.1514 0.9943 0.0004
0.0731 2.1828 0.0000
-0.1480 2.0574 0.0000
0.7882 -1.4278 0.0001
0.6399 -1.6742 0.0000
-3.7010 4.5729 0.0000
-3.9896 4.5211 0.0000
-4.0525 4.2522 0.0000
-2.8943 1.1607 0.0029
-2.9266 0.8748 0.0073
4.7403 -3.2884 0.0000
-0.7045 -2.6965 0.0000
2.7401 0.1951 0.1008
2.6632 0.2590 0.1382
2.6344 0.1757 0.1665
2.5373 0.1487 0.2336
2.6988 0.1024 0.1310
2.6144 0.0868 0.1877
2.5273 0.0547 0.2487
2.6231 0.0013 0.1844
2.5309 -0.0403 0.2469
2.4449 0.0121 0.3000
2.4496 -0.0897 0.2930
2.3665 -0.0394 0.3349
2.3684 -0.1398 0.3230
2.3581 0.0582 0.3367
2.2670 0.1013 0.3519
2.1825 0.0545 0.3551
2.2768 0.0068 0.3577
2.1966 -0.0322 0.3580
2.2082 -0.1206 0.3501
2.1244 -0.0866 0.3411
2.0493 -0.1236 0.3125
2.2880 -0.0850 0.3515
2.2844 -0.1809 0.3356
2.1938 -0.2076 0.3309
-0.2778 -1.6671 0.0000
-0.2858 -2.0722 0.0000
-0.2084 1.7760 0.0000
-0.4925 1.7050 0.0000
-0.5593 1.4263 0.0001
-4.1926 1.7510 0.0000
-4.4759 1.6239 0.0000
-1.6370 -4.2225 0.0000
-1.9764 -4.2531 0.0000
-2.7747 -2.6222 0.0000
-3.0397 -2.7174 0.0000
1.8246 -2.2138 0.0000
1.9684 -2.4101 0.0000
-2.9512 -0.5742 0.0161
3.2355 4.1648 0.0000
3.1964 3.9098 0.0000
-1.0511 3.6537 0.0000
-1.3358 -1.8514 0.0000
-1.4991 -2.0650 0.0000
-1.6648 2.1934 0.0000
-0.6661 4.4838 0.0000
-0.8419 4.2177 0.0000
-0.9631 4.4916 0.0000
-1.1341 4.2543 0.0000
-1.0381 3.9971 0.0000
-2.1757 3.3164 0.0000
2.9573 -2.8868 0.0000
2.7559 -3.0583 0.0000
-0.7813 3.2585 0.0000
-1.0121 3.1113 0.0000
-1.0515 2.8581 0.0000
1.8614 2.6549 0.0000
1.5957 2.5671 0.0000
-1.8938 3.4183 0.0000
-1.9847 3.1165 0.0000
-0.1980 -2.6347 0.0000
-0.4385 -2.8151 0.0000
-0.3123 4.7441 0.0000
-0.5456 4.7392 0.0000
0.6235 0.9302 0.0010
0.6620 0.6272 0.0026
1.1998 4.4862 0.0000
0.9171 4.4747 0.0000
1.0448 4.2204 0.0000
0.6783 4.3501 0.0000
1.1281 1.0481 0.0023
1.1624 0.7985 0.0069
1.1474 0.5499 0.0128
0.9207 0.6029 0.0052
1.4452 -1.5588 0.0005
1.2124 -1.7051 0.0001
-1.7518 0.8017 0.0635
-1.8296 0.7022 0.1045
-1.4122 0.8878 0.0150
-1.6384 0.9570 0.0255
-1.5883 0.7405 0.0462
-1.3097 0.4682 0.0358
-1.4158 0.3180 0.0667
-1.5022 0.4674 0.0690
-1.5468 0.3411 0.0984
-1.5125 0.2382 0.1004
-1.5969 0.2545 0.1276
-1.5876 0.1580 0.1352
-1.6686 0.2083 0.1637
-1.6989 0.1399 0.1868
-1.7197 0.0599 0.2042
-1.8127 0.0430 0.2569
-1.4235 0.6366 0.0356
-1.6113 0.5712 0.0781
-1.6744 0.4846 0.1132
-1.6121 0.4235 0.1054
-1.7074 0.3931 0.1455
-1.6464 0.3292 0.1346
-1.7656 0.3295 0.1854
-1.7068 0.2754 0.1699
-1.7709 0.2199 0.2115
-1.7931 0.1398 0.2365
3.5779 1.6528 0.0000
3.5343 -1.3621 0.0000
2.7953 1.1520 0.0058
2.5514 1.0778 0.0240
2.7542 0.8751 0.0222
2.5392 0.8736 0.0552
2.4871 0.7455 0.0952
2.4084 0.7048 0.1241
3.9794 1.3615 0.0000
2.7351 3.7801 0.0000
0.1936 -1.9489 0.0000
0.1844 -2.2592 0.0000
-0.0384 -2.1538 0.0000
1.0603 -2.7906 0.0000
0.5407 -2.9421 0.0000
-2.5171 2.5431 0.0000
-3.1966 -3.6216 0.0000
-3.4546 -3.7427 0.0000
-3.2070 -3.9258 0.0000
-3.4753 -4.0247 0.0000
-3.4963 -4.2964 0.0000
-3.8223 -0.7450 0.0000
-4.0686 -0.8476 0.0000
0.6746 -2.2045 0.0000
0.6519 -2.4497 0.0000
2.8915 3.4700 0.0000
2.6620 3.5446 0.0000
2.5316 -0.1420 0.2380
2.4485 -0.1912 0.2783
2.3597 -0.2410 0.3035
2.3727 -0.3263 0.2740
2.3542 -0.4212 0.2458
2.2947 -0.3535 0.2821
2.2643 -0.2738 0.3125
2.2067 -0.3599 0.2833
2.1405 -0.3987 0.2613
2.1654 -0.4756 0.2347
2.2533 -0.4430 0.2514
2.2390 -0.5434 0.2109
2.1511 -0.5711 0.1945
2.2034 -0.6420 0.1702
4.0341 -1.3436 0.0000
3.7736 -1.5008 0.0000
0.2071 -0.7051 0.0009
-0.0608 -0.6970 0.0008
-0.0820 -0.9332 0.0004
0.9371 -2.2062 0.0000
-3.5535 2.3829 0.0000
-4.7338 1.1884 0.0000
1.0421 3.4412 0.0000
0.9507 3.1553 0.0000
0.7562 3.3801 0.0000
0.7838 4.1401 0.0000
2.7048 -2.1247 0.0000
-0.2907 -0.6189 0.0013
-0.3455 -0.9072 0.0005
-0.5291 -0.7526 0.0012
-0.7225 -0.8827 0.0013
-0.5538 -1.1143 0.0003
-0.7525 -1.3742 0.0001
3.3770 -3.0167 0.0000
-4.1839 2.4003 0.0000
-4.3649 2.2547 0.0000
-4.4968 4.7040 0.0000
2.2069 -4.2558 0.0000
1.9770 -4.4465 0.0000
1.7560 -4.7559 0.0000
-3.8582 2.4129 0.0000
1.4479 -4.1312 0.0000
1.2866 -4.2989 0.0000
1.1985 -4.5253 0.0000
1.0056 -4.7287 0.0000
4.4937 -3.7533 0.0000
1.9887 -1.4664 0.0041
1.9456 -1.7277 0.0008
1.6973 -1.7237 0.0004
1.9545 -1.9786 0.0001
1.6794 -1.9740 0.0001
1.5385 -2.1957 0.0000
0.4832 -0.6662 0.0015
-4.5287 2.4689 0.0000
-4.7621 2.3416 0.0000
4.7642 3.5676 0.0000
4.7474 3.2734 0.0000
4.5167 3.1004 0.0000
-4.7403 -1.2952 0.0000
0.5606 1.2305 0.0002
0.3578 1.0470 0.0004
0.1242 0.8613 0.0006
-2.2430 -4.3846 0.0000
-2.7832 1.7462 0.0002
-2.8494 1.4593 0.0008
-1.6996 -3.8414 0.0000
-1.8125 -4.0604 0.0000
1.4934 -4.7355 0.0000
-4.2211 3.3119 0.0000
-4.3032 3.0532 0.0000
-0.9469 0.7875 0.0042
-1.1995 0.7120 0.0129
-1.0949 0.5045 0.0155
0.1812 3.0462 0.0000
0.0605 2.6768 0.0000
1.2853 1.4915 0.0005
1.3459 1.2214 0.0024
-2.0630 -2.9237 0.0000
1.0256 -3.0388 0.0000
0.7862 -2.9869 0.0000
0.9099 -3.2786 0.0000
0.6184 -3.2268 0.0000
0.6833 -3.4995 0.0000
0.3993 -3.4476 0.0000
-3.5195 0.3620 0.0000
-3.7913 0.2692 0.0000
-4.0002 0.4518 0.0000
-1.3733 -0.5503 0.0364
-1.4324 -0.3778 0.0656
4.7577 4.7544 0.0000
4.4992 4.7611 0.0000
-0.3456 1.2170 0.0002
-0.6229 1.1455 0.0004
-0.9164 -4.5309 0.0000
-1.0875 -4.7534 0.0000
0.4054 -2.4129 0.0000
0.3308 -2.6459 0.0000
0.0904 -2.4963 0.0000
0.0541 -2.7722 0.0000
3.4695 0.6280 0.0000
3.2241 0.5570 0.0007
3.0113 0.3773 0.0108
3.0668 0.1116 0.0076
2.8307 0.0881 0.0616
2.7188 0.0150 0.1211
-1.6500 -2.3062 0.0000
-1.7605 -2.5511 0.0000
-3.7413 2.1677 0.0000
-3.9469 1.9185 0.0000
1.0529 2.3809 0.0000
1.0194 2.1030 0.0000
0.3512 -1.1845 0.0002
0.1965 -1.4285 0.0000
-2.5744 1.5580 0.0021
-2.6467 1.2617 0.0084
3.7679 2.9867 0.0000
3.6709 2.7147 0.0000
-0.7581 -4.0834 0.0000
-0.9960 -4.2617 0.0000
3.6192 4.7673 0.0000
3.4217 4.5829 0.0000
-1.6202 -1.7626 0.0002
-1.7733 -2.0309 0.0000
3.7520 -1.7931 0.0000
-3.1173 1.3548 0.0001
-4.7240 0.9502 0.0000
3.0287 -0.7792 0.0032
4.7670 0.3727 0.0000
4.7284 0.1243 0.0000
4.5080 -0.0488 0.0000
0.8420 1.1244 0.0008
0.8971 0.8482 0.0024
2.8894 2.8880 0.0000
2.6503 2.7320 0.0000
4.2645 1.3422 0.0000
4.0990 1.0935 0.0000
3.9419 0.8463 0.0000
4.7727 -4.7790 0.0000
-0.2775 1.5018 0.0000
-2.6645 0.5968 0.0971
-2.7341 0.5258 0.0803
-2.8464 0.4339 0.0469
-2.7381 0.3247 0.1097
-2.8372 0.2729 0.0634
-2.4765 0.7726 0.1145
-2.5225 0.8933 0.0687
-2.5678 0.7723 0.0888
-2.5301 0.6765 0.1300
-2.6082 0.6636 0.1041
-2.7004 0.7592 0.0525
3.4917 -0.1764 0.0000
3.3247 -0.3592 0.0002
2.9728 -4.7535 0.0000
1.5554 1.4504 0.0014
1.6046 1.1675 0.0068
-2.2887 -2.7467 0.0000
4.7493 1.4378 0.0000
4.5281 1.2842 0.0000
4.3711 1.0652 0.0000
3.9920 -3.0282 0.0000
3.7390 -2.9269 0.0000
2.3233 0.6378 0.1623
2.2280 0.5800 0.1919
2.0861 0.4036 0.2473
2.0132 0.3424 0.2473
2.0079 0.2374 0.2749
1.9292 0.2856 0.2316
1.8424 0.2318 0.2057
-0.5875 -4.5332 0.0000
-0.7681 -4.7511 0.0000
1.1602 3.7086 0.0000
3.8098 2.4579 0.0000
3.9220 2.1654 0.0000
-2.4088 -0.1595 0.3700
-2.5635 -0.2769 0.2381
-2.6356 -0.3541 0.1691
-1.8743 -0.0194 0.2948
-1.9631 -0.0564 0.3456
-2.0427 -0.0939 0.3836
-2.1023 -0.1395 0.4005
-2.1623 -0.0899 0.4262
-2.1615 -0.2005 0.4013
-2.2362 -0.1524 0.4216
-2.3190 -0.2058 0.3949
-2.3978 -0.2591 0.3478
-2.2389 -0.2615 0.3873
-2.3215 -0.3091 0.3569
-2.4763 -0.3146 0.2858
-2.4815 -0.2227 0.3099
-2.4043 -0.3593 0.3070
-2.5364 -0.3767 0.2279
-2.4601 -0.4224 0.2546
-2.5023 -0.4907 0.2066
-2.6708 -0.4597 0.1241
-2.7506 -0.5295 0.0733
-2.5784 -0.4542 0.1780
-2.5325 -0.5709 0.1627
-2.6165 -0.5417 0.1321
-2.7176 -0.6248 0.0704
-2.6285 -0.6354 0.1021
-2.7222 -0.3838 0.1101
-2.8372 -0.4153 0.0530
-1.3877 1.1488 0.0044
-1.6243 1.1975 0.0079
-1.8464 1.0345 0.0345
-1.8693 0.8551 0.0727
-1.9936 0.9255 0.0737
-4.4654 0.8065 0.0000
-4.7409 0.7012 0.0000
-4.7510 0.4287 0.0000
-4.7823 0.1514 0.0000
2.9768 -4.2180 0.0000
-1.7985 -3.0886 0.0000
-1.8930 -3.3817 0.0000
-2.1010 -3.2004 0.0000
-2.1575 -3.4903 0.0000
4.7145 0.6179 0.0000
4.5212 0.4184 0.0000
4.4839 0.7324 0.0000
4.3139 0.5364 0.0000
3.2856 -4.7299 0.0000
4.7516 -3.9031 0.0000
-4.0233 -3.4486 0.0000
-4.2594 -3.5875 0.0000
-2.4198 0.4456 0.2644
-2.4976 0.3974 0.2448
-2.5908 0.3923 0.1895
-2.3402 0.3924 0.3158
-2.4267 0.3411 0.3040
-2.5257 0.2988 0.2592
-2.5993 0.2264 0.2227
-2.6354 0.3162 0.1781
-2.6759 0.1627 0.1728
-2.7588 0.0981 0.1181
4.5237 -3.4716 0.0000
-0.5607 3.7253 0.0000
-4.0258 2.5857 0.0000
-2.2710 1.6022 0.0029
-2.3998 1.3406 0.0116
0.9557 -1.2072 0.0006
1.0817 -1.4576 0.0002
1.4347 -1.8569 0.0001
2.7201 -2.4406 0.0000
0.7931 4.7927 0.0000
0.6812 4.6135 0.0000
0.4685 4.7710 0.0000
-4.7493 -4.2016 0.0000
-1.5222 -0.7385 0.0369
-1.6835 -0.9202 0.0330
-1.8748 -1.0395 0.0343
-1.8502 -1.2890 0.0094
4.5036 -1.6514 0.0000
4.5006 -1.9452 0.0000
4.4995 -2.2393 0.0000
3.1831 4.4648 0.0000
2.8718 4.5030 0.0000
3.0039 4.2467 0.0000
0.8294 -2.7293 0.0000
0.5827 -2.6955 0.0000
3.6655 3.5350 0.0000
3.4041 3.4420 0.0000
-4.4904 -0.5443 0.0000
-4.7332 -0.7546 0.0000
4.0616 3.8199 0.0000
-4.1490 3.9666 0.0000
-4.4422 -0.8143 0.0000
-4.5695 -1.0105 0.0000
-4.7806 -1.0453 0.0000
2.5825 4.7413 0.0000
2.3249 4.7463 0.0000
3.3387 1.6995 0.0000
3.1993 1.4808 0.0000
4.4998 -2.5276 0.0000
4.4957 -2.8163 0.0000
-0.3174 2.2486 0.0000
-0.4238 1.9843 0.0000
-0.6976 1.9160 0.0000
-0.7777 1.6324 0.0000
4.7741 -1.0455 0.0000
2.5345 -3.2063 0.0000
2.6596 -3.4333 0.0000
2.4293 -3.5540 0.0000
-3.2074 3.6485 0.0000
-3.4884 3.6048 0.0000
-3.7619 3.5554 0.0000
-2.4919 -4.4985 0.0000
-2.9098 -0.2611 0.0378
-3.1324 -0.3522 0.0036
-3.4283 -0.4179 0.0000
2.3701 2.5850 0.0000
2.0940 2.4645 0.0000
-3.7368 -1.8829 0.0000
-3.9569 -1.7139 0.0000
0.7573 -4.7661 0.0000
-0.4320 -1.3955 0.0001
-0.5805 -1.6346 0.0000
-0.1584 -4.7558 0.0000
-0.4567 -4.7648 0.0000
-2.3375 -3.0304 0.0000
-2.3827 -3.3139 0.0000
-0.4212 0.9325 0.0007
-0.6871 0.8634 0.0015
-0.1202 0.7171 0.0010
-0.3550 0.6995 0.0013
-0.6065 0.6359 0.0026
-0.6675 0.3652 0.0052
-0.8576 0.5677 0.0061
1.8684 1.1170 0.0187
2.0803 1.0632 0.0362
2.0872 0.8677 0.0801
1.9282 0.9027 0.0547
1.9321 0.7414 0.0961
1.8003 0.7816 0.0620
3.0792 -0.4777 0.0041
2.8505 -0.5630 0.0281
-2.5799 4.7458 0.0000
-2.6125 4.4954 0.0000
-1.8474 4.5224 0.0000
-1.8727 4.2875 0.0000
-0.8575 3.8234 0.0000
-1.1860 -3.1032 0.0000
-1.4716 -3.0962 0.0000
-1.1695 -4.1083 0.0000
-1.3552 -4.2436 0.0000
-1.9199 2.3365 0.0000
-2.1408 2.1822 0.0000
1.6859 2.0542 0.0000
0.8949 0.3954 0.0076
0.8907 0.1485 0.0098
0.6652 0.0076 0.0054
0.7394 -0.2608 0.0057
0.5022 -0.3181 0.0030
-1.3482 -1.5731 0.0003
3.2959 -0.9270 0.0001
4.5024 -4.7020 0.0000
2.8075 0.4648 0.0479
2.6740 0.3963 0.1108
2.7620 0.3142 0.0795
2.6392 0.3282 0.1412
2.7286 0.6319 0.0528
2.5904 0.6019 0.1033
2.6586 0.5002 0.0989
2.5683 0.5152 0.1341
2.5624 0.2425 0.2027
2.5783 0.4231 0.1534
2.5640 0.3320 0.1830
2.4777 0.4705 0.1854
2.4878 0.3795 0.2100
2.4733 0.2929 0.2418
2.4622 0.2056 0.2684
2.4066 0.4049 0.2347
2.3915 0.3167 0.2701
2.3830 0.2256 0.2995
2.3086 0.2714 0.3069
2.2637 0.1998 0.3331
2.4396 0.1152 0.2956
2.3487 0.1538 0.3271
0.1434 -4.2792 0.0000
-0.0126 -4.5149 0.0000
-0.9258 -2.5393 0.0000
0.5383 1.8111 0.0000
0.2830 1.6735 0.0000
3.0692 2.6704 0.0000
2.8668 2.5608 0.0000
-1.3848 2.4703 0.0000
