5.0000 5.0000 0.0000
0.0000 5.0000 0.0000
2.5000 5.0000 0.0000
3.7500 5.0000 0.0000
4.3750 5.0000 0.0000
4.6875 5.0000 0.0000
4.0625 5.0000 0.0000
3.1250 5.0000 0.0000
3.4375 5.0000 0.0000
2.8125 5.0000 0.0000
1.2500 5.0000 0.0000
1.8750 5.0000 0.0000
2.1875 5.0000 0.0000
1.5625 5.0000 0.0000
0.6250 5.0000 0.0000
0.9375 5.0000 0.0000
0.3125 5.0000 0.0000
-2.5000 5.0000 0.0000
-1.2500 5.0000 0.0000
-0.6250 5.0000 0.0000
-0.3125 5.0000 0.0000
-0.9375 5.0000 0.0000
-1.8750 5.0000 0.0000
-1.5625 5.0000 0.0000
-2.1875 5.0000 0.0000
-3.7500 5.0000 0.0000
-3.1250 5.0000 0.0000
-2.8125 5.0000 0.0000
-3.4375 5.0000 0.0000
-4.3750 5.0000 0.0000
-4.0625 5.0000 0.0000
-4.6875 5.0000 0.0000
5.0000 -5.0000 0.0000
5.0000 0.0000 0.0000
5.0000 -2.5000 0.0000
5.0000 -3.7500 0.0000
5.0000 -4.3750 0.0000
5.0000 -4.6875 0.0000
5.0000 -4.0625 0.0000
5.0000 -3.1250 0.0000
5.0000 -3.4375 0.0000
5.0000 -2.8125 0.0000
5.0000 -1.2500 0.0000
5.0000 -1.8750 0.0000
5.0000 -2.1875 0.0000
5.0000 -1.5625 0.0000
5.0000 -0.6250 0.0000
5.0000 -0.9375 0.0000
5.0000 -0.3125 0.0000
5.0000 2.5000 0.0000
5.0000 1.2500 0.0000
5.0000 0.6250 0.0000
5.0000 0.3125 0.0000
5.0000 0.9375 0.0000
5.0000 1.8750 0.0000
5.0000 1.5625 0.0000
5.0000 2.1875 0.0000
5.0000 3.7500 0.0000
5.0000 3.1250 0.0000
5.0000 2.8125 0.0000
5.0000 3.4375 0.0000
5.0000 4.3750 0.0000
5.0000 4.0625 0.0000
5.0000 4.6875 0.0000
-5.0000 -5.0000 0.0000
0.0000 -5.0000 0.0000
-2.5000 -5.0000 0.0000
-3.7500 -5.0000 0.0000
-4.3750 -5.0000 0.0000
-4.6875 -5.0000 0.0000
-4.0625 -5.0000 0.0000
-3.1250 -5.0000 0.0000
-3.4375 -5.0000 0.0000
-2.8125 -5.0000 0.0000
-1.2500 -5.0000 0.0000
-1.8750 -5.0000 0.0000
-2.1875 -5.0000 0.0000
-1.5625 -5.0000 0.0000
-0.6250 -5.0000 0.0000
-0.9375 -5.0000 0.0000
-0.3125 -5.0000 0.0000
2.5000 -5.0000 0.0000
1.2500 -5.0000 0.0000
0.6250 -5.0000 0.0000
0.3125 -5.0000 0.0000
0.9375 -5.0000 0.0000
1.8750 -5.0000 0.0000
1.5625 -5.0000 0.0000
2.1875 -5.0000 0.0000
3.7500 -5.0000 0.0000
3.1250 -5.0000 0.0000
2.8125 -5.0000 0.0000
3.4375 -5.0000 0.0000
4.3750 -5.0000 0.0000
4.0625 -5.0000 0.0000
4.6875 -5.0000 0.0000
-5.0000 5.0000 0.0000
-5.0000 0.0000 0.0000
-5.0000 2.5000 0.0000
-5.0000 3.7500 0.0000
-5.0000 4.3750 0.0000
-5.0000 4.6875 0.0000
-5.0000 4.0625 0.0000
-5.0000 3.1250 0.0000
-5.0000 3.4375 0.0000
-5.0000 2.8125 0.0000
-5.0000 1.2500 0.0000
-5.0000 1.8750 0.0000
-5.0000 2.1875 0.0000
-5.0000 1.5625 0.0000
-5.0000 0.6250 0.0000
-5.0000 0.9375 0.0000
-5.0000 0.3125 0.0000
-5.0000 -2.5000 0.0000
-5.0000 -1.2500 0.0000
-5.0000 -0.6250 0.0000
-5.0000 -0.3125 0.0000
-5.0000 -0.9375 0.0000
-5.0000 -1.8750 0.0000
-5.0000 -1.5625 0.0000
-5.0000 -2.1875 0.0000
-5.0000 -3.7500 0.0000
-5.0000 -3.1250 0.0000
-5.0000 -2.8125 0.0000
-5.0000 -3.4375 0.0000
-5.0000 -4.3750 0.0000
-5.0000 -4.0625 0.0000
-5.0000 -4.6875 0.0000
1.2069 -2.8774 0.0000
2.7009 4.2086 0.0000
3.9362 4.7596 0.0000
-4.7656 4.7584 0.0000
3.4081 4.5741 0.0000
2.7078 1.9026 0.0001
2.4565 1.8467 0.0004
1.6924 -0.9417 0.0259
-3.2861 1.9996 0.0000
-3.4042 1.7103 0.0000
-4.1013 3.2742 0.0000
-4.5031 -3.0722 0.0000
-4.7198 -3.5221 0.0000
-4.5212 -3.7292 0.0000
-4.7752 -3.7696 0.0000
-3.1069 4.1745 0.0000
3.0429 3.8184 0.0000
2.7630 3.8961 0.0000
-2.4793 -4.5186 0.0000
-2.6369 -4.7622 0.0000
4.0714 -1.7945 0.0000
4.4260 3.9374 0.0000
-4.1293 -3.4103 0.0000
1.8188 -4.2211 0.0000
-2.9995 -2.0158 0.0000
-2.9662 -1.7537 0.0001
-3.2400 -1.7360 0.0000
-3.2496 -1.9789 0.0000
-3.5071 -1.9790 0.0000
-3.2857 -2.2163 0.0000
-3.5233 -2.2365 0.0000
-1.4884 -0.7351 0.0325
-1.7178 -0.8003 0.0571
-1.6561 -0.6523 0.0748
-1.7846 -0.6765 0.1011
-1.8529 -0.7377 0.1000
-1.8779 -0.8520 0.0726
-0.1932 4.2460 0.0000
2.6188 4.4983 0.0000
-2.0575 -3.9879 0.0000
-0.0713 -0.6194 0.0010
-0.2429 -0.8172 0.0007
-0.5221 -0.9402 0.0006
1.6890 -2.7116 0.0000
-3.6943 4.4733 0.0000
4.4706 0.7438 0.0000
-1.8246 -0.5314 0.1567
-1.8576 -0.6192 0.1390
-1.9172 -0.6741 0.1365
-1.9545 -0.7536 0.1171
-1.9966 -0.8303 0.0986
-1.9953 -0.9449 0.0646
-3.8427 4.2159 0.0000
-3.6733 3.9237 0.0000
2.0201 0.8305 0.0858
2.3711 0.9370 0.0629
2.4662 0.8554 0.0718
2.4041 0.7688 0.1059
2.3310 0.8133 0.1006
2.2516 0.8483 0.0933
2.2263 0.9580 0.0630
2.1282 0.8625 0.0863
2.1063 0.7533 0.1199
2.0184 0.7164 0.1212
2.2822 0.7378 0.1301
2.2683 0.6443 0.1673
2.1990 0.7861 0.1139
2.1874 0.6966 0.1465
2.1796 0.6052 0.1830
2.0983 0.6503 0.1567
2.0140 0.6205 0.1536
1.9857 0.4933 0.1918
1.9384 0.5755 0.1516
1.8828 0.5011 0.1590
-3.6731 1.5031 0.0000
-3.8440 1.2753 0.0000
-4.0482 1.1083 0.0000
4.4279 -3.7345 0.0000
-3.0242 2.7340 0.0000
-3.3815 -1.4677 0.0000
-3.6631 -1.4636 0.0000
-3.5086 -1.7288 0.0000
2.6867 -0.5856 0.0739
2.5757 -0.5514 0.1256
2.6671 -0.7632 0.0500
2.5858 -0.6474 0.0974
2.5100 -0.6334 0.1270
2.5225 -0.7465 0.0910
-1.7502 1.4147 0.0037
-1.7513 1.0896 0.0202
-1.9599 1.0122 0.0485
-1.9846 0.8629 0.0887
-2.0929 0.9411 0.0783
-2.0854 0.8519 0.1060
-2.0515 0.7830 0.1261
-2.0253 0.6973 0.1541
-2.0925 0.6328 0.1954
0.6060 3.4847 0.0000
-3.9745 4.4890 0.0000
-4.2504 4.5064 0.0000
-3.3334 1.0827 0.0000
-1.5025 -2.4607 0.0000
-1.7719 -2.5870 0.0000
-1.5434 -2.7588 0.0000
-1.5619 -3.0454 0.0000
-1.7985 -2.8843 0.0000
-2.0112 3.4975 0.0000
4.1443 1.6644 0.0000
3.9081 1.5963 0.0000
-0.8320 -3.5333 0.0000
-1.0933 -3.6288 0.0000
-0.9355 -3.8245 0.0000
-1.1598 -3.9786 0.0000
-4.2589 -3.7704 0.0000
1.0139 -3.0851 0.0000
0.9148 -3.5159 0.0000
4.7554 1.4209 0.0000
2.7199 0.1976 0.1135
2.8032 0.1225 0.0740
2.7121 0.0672 0.1260
2.6076 0.0627 0.1961
2.8079 -0.0177 0.0738
2.6733 -0.0136 0.1523
2.5879 -0.0406 0.2108
-3.8634 3.1253 0.0000
-4.1345 2.9834 0.0000
-4.1973 2.7147 0.0000
2.6783 -3.2367 0.0000
2.9941 -2.4340 0.0000
1.7022 -3.4656 0.0000
1.5079 -3.7056 0.0000
3.3659 2.5008 0.0000
3.2395 -3.1649 0.0000
3.1379 -3.4280 0.0000
2.9540 -3.1931 0.0000
2.8648 -3.4654 0.0000
0.3294 4.7609 0.0000
-2.8636 1.7008 0.0002
-2.8167 -2.7934 0.0000
-0.4666 2.0496 0.0000
-0.7548 1.9863 0.0000
-1.4045 -4.1187 0.0000
2.1050 -2.9929 0.0000
-0.0622 4.5015 0.0000
-1.8419 2.9938 0.0000
-2.1136 2.9235 0.0000
2.4020 2.3620 0.0000
2.2825 2.0870 0.0001
1.9940 2.0425 0.0001
0.7953 3.2503 0.0000
1.8659 4.5022 0.0000
2.8423 2.5987 0.0000
2.5526 2.5856 0.0000
-4.2248 -0.2169 0.0000
2.0964 0.3546 0.2715
2.0307 0.3003 0.2700
1.9642 0.2466 0.2589
2.0042 0.1678 0.2920
1.9330 0.0921 0.2700
1.8651 0.0204 0.2403
1.8227 -0.1446 0.2097
2.7055 -2.4672 0.0000
-0.4323 -2.7487 0.0000
0.3587 -3.3955 0.0000
0.1745 -3.5745 0.0000
1.4930 -1.9219 0.0001
-1.4569 1.4733 0.0010
-1.5207 1.2344 0.0045
-1.5173 0.9980 0.0139
-0.9175 -4.1433 0.0000
-1.1591 -4.2731 0.0000
-1.1896 -4.5390 0.0000
-1.4222 -4.4223 0.0000
-3.8138 0.9759 0.0000
-3.7822 0.6863 0.0000
-3.9918 0.4826 0.0000
-3.7722 -3.7397 0.0000
-2.6085 -3.2399 0.0000
2.3503 -0.6803 0.1497
2.3187 -0.7690 0.1210
2.2486 -0.6951 0.1520
2.2373 -0.7989 0.1138
-3.1159 4.4868 0.0000
4.0756 2.8649 0.0000
4.0304 2.5644 0.0000
3.8713 2.3835 0.0000
-3.2423 2.2654 0.0000
-2.3932 1.4491 0.0063
-4.0333 -1.7310 0.0000
-4.2774 -1.7779 0.0000
-0.8038 0.9244 0.0016
1.9163 2.5457 0.0000
1.0169 -1.2632 0.0005
-0.5426 -4.1102 0.0000
-0.7032 -4.2935 0.0000
-0.9060 -4.4685 0.0000
-0.7426 -4.7289 0.0000
-1.0169 -4.7506 0.0000
-1.2793 -4.7749 0.0000
1.5293 -1.1570 0.0056
1.2999 -1.3769 0.0008
0.7723 1.2766 0.0003
-3.2287 -1.2161 0.0001
-4.7625 -4.7655 0.0000
1.2874 -1.1251 0.0027
-3.7659 -2.2433 0.0000
-4.0106 -2.2316 0.0000
-4.2640 -2.3550 0.0000
-2.7880 0.8788 0.0208
-3.0034 0.6954 0.0064
-4.0040 -3.9218 0.0000
-4.2580 -4.0214 0.0000
3.5696 3.9033 0.0000
-0.0451 -0.9672 0.0003
0.1041 -1.1545 0.0002
-0.0911 -1.2896 0.0001
-0.2869 -1.1212 0.0002
-0.5577 -1.2330 0.0002
-2.5150 -2.3799 0.0000
-2.8627 -2.4622 0.0000
2.4493 1.0888 0.0298
2.2420 1.1339 0.0297
2.0458 1.0176 0.0432
1.8802 0.9149 0.0474
-1.2497 3.4918 0.0000
3.1512 4.5323 0.0000
1.5015 -2.9310 0.0000
2.9021 4.4205 0.0000
3.1524 4.2765 0.0000
2.9500 4.1010 0.0000
-4.5209 -1.7214 0.0000
-4.7605 -1.7198 0.0000
1.7716 -1.2012 0.0103
1.8500 -1.4626 0.0031
1.6756 -1.6937 0.0005
1.5717 -1.4172 0.0017
1.3898 -1.6467 0.0002
3.4540 -2.6354 0.0000
3.6279 -2.8735 0.0000
3.3425 -2.9029 0.0000
-1.8203 -0.3196 0.2160
-1.8989 -0.3844 0.2332
-1.9876 -0.4703 0.2365
-2.1868 -0.6544 0.1932
-1.8179 -0.4220 0.1871
-1.8969 -0.4716 0.2026
-1.9317 -0.5604 0.1822
-2.0373 -0.5553 0.2151
-1.9881 -0.6361 0.1685
-2.0882 -0.6428 0.1869
-2.1336 -0.7351 0.1524
-2.1812 -0.8183 0.1218
-2.2840 -0.8250 0.1187
-4.1345 0.0158 0.0000
-2.5007 -3.7461 0.0000
3.7412 -2.5993 0.0000
3.9083 -2.8324 0.0000
3.5259 -3.1474 0.0000
4.2069 -1.0263 0.0000
1.0520 1.2338 0.0009
1.1641 0.9529 0.0038
0.0865 2.9269 0.0000
3.1683 2.0551 0.0000
3.9115 -3.9249 0.0000
2.8783 -0.6664 0.0175
2.8754 -0.9081 0.0081
2.6156 -0.9625 0.0309
0.7299 4.4898 0.0000
2.0940 2.3057 0.0000
-1.1733 2.4152 0.0000
0.8285 4.7560 0.0000
0.5522 4.7198 0.0000
4.4093 -2.6640 0.0000
4.1901 -2.7819 0.0000
-3.8223 -1.2051 0.0000
-3.9464 -1.4667 0.0000
1.7357 4.7516 0.0000
1.4366 4.7538 0.0000
-3.7329 -3.0149 0.0000
-3.9766 -3.1433 0.0000
3.5227 -1.8557 0.0000
2.0588 2.8014 0.0000
1.6056 -3.1926 0.0000
0.5532 -0.4837 0.0027
0.4066 -0.7238 0.0011
0.2242 -0.4810 0.0016
0.1262 -0.7796 0.0007
-3.6393 3.6113 0.0000
-3.8818 3.4331 0.0000
1.3260 1.2317 0.0020
-0.5332 2.8778 0.0000
-0.8251 2.7853 0.0000
4.4457 4.4735 0.0000
1.1267 4.7648 0.0000
1.0076 4.5189 0.0000
-2.5680 3.3337 0.0000
2.7457 -2.9689 0.0000
-3.9214 3.7093 0.0000
3.4952 -1.3368 0.0000
3.6502 -1.5798 0.0000
3.3707 -1.6140 0.0000
4.7530 -0.1598 0.0000
0.1628 -0.1762 0.0021
-0.0487 -0.3337 0.0019
-0.2963 -0.4789 0.0016
-0.4490 -0.6727 0.0013
3.1346 2.5894 0.0000
3.0373 2.3411 0.0000
2.8746 2.1016 0.0000
-4.4468 -1.2366 0.0000
1.5990 4.4800 0.0000
3.9460 -3.6108 0.0000
-3.4986 -2.4876 0.0000
-3.6380 -2.7453 0.0000
3.9602 4.2425 0.0000
-0.1977 4.7514 0.0000
-1.2331 2.1485 0.0000
-1.3180 1.9192 0.0000
-3.0485 -3.8498 0.0000
-3.0329 -4.2131 0.0000
-3.2659 -4.3826 0.0000
3.6423 4.7255 0.0000
-0.3167 2.6236 0.0000
0.2853 2.7082 0.0000
-2.1269 -1.3649 0.0101
-2.3472 -1.5421 0.0034
-2.3978 -1.2878 0.0152
-2.5743 -1.4969 0.0032
-2.4289 -1.7967 0.0006
-2.6722 -1.7324 0.0005
-2.7367 -1.9661 0.0001
4.3390 2.9554 0.0000
0.5864 1.0740 0.0005
0.3698 0.8885 0.0007
0.1545 0.7173 0.0010
-1.8175 -3.4699 0.0000
-2.3205 -3.9567 0.0000
-2.5452 -4.0613 0.0000
4.7518 -2.3109 0.0000
2.8339 -4.0263 0.0000
0.3394 -4.0080 0.0000
0.2000 -4.2755 0.0000
-4.1271 -1.2293 0.0000
-4.2389 -1.4983 0.0000
-0.1878 2.1204 0.0000
-0.2506 1.8212 0.0000
1.1790 -4.4793 0.0000
1.6980 -4.4826 0.0000
1.4419 -4.4897 0.0000
-4.2349 2.4196 0.0000
-4.7372 2.4362 0.0000
-4.7541 2.1864 0.0000
-4.4899 2.2893 0.0000
-4.7516 1.9448 0.0000
4.7220 -4.5037 0.0000
4.7870 -4.7773 0.0000
4.5241 -4.7557 0.0000
-0.7123 3.6841 0.0000
2.5585 3.1616 0.0000
2.3596 2.9984 0.0000
-1.9016 2.7070 0.0000
-0.1475 1.1560 0.0002
-0.6123 0.5732 0.0030
4.5090 1.2920 0.0000
-2.7455 -2.2308 0.0000
-3.0310 -2.2688 0.0000
-1.4936 -4.7051 0.0000
3.9568 -0.3341 0.0000
3.9443 -0.5894 0.0000
3.6671 -0.4907 0.0000
2.4768 -0.8614 0.0710
-0.0977 0.8356 0.0007
-0.0845 0.5549 0.0014
-1.2835 0.9359 0.0076
0.1943 3.2020 0.0000
-0.0826 3.1568 0.0000
2.9294 -3.6966 0.0000
2.7079 -3.7829 0.0000
2.5389 -4.0128 0.0000
4.7519 2.9603 0.0000
4.5374 2.7887 0.0000
4.2873 2.6645 0.0000
4.2487 2.3693 0.0000
2.0915 -1.9800 0.0002
1.7907 -1.9634 0.0001
1.7456 -2.2088 0.0000
2.5181 -1.2019 0.0149
-3.5624 -3.5499 0.0000
-3.5198 -3.8828 0.0000
-3.3734 -0.9687 0.0000
-3.5281 -1.2075 0.0000
0.8428 4.0033 0.0000
0.7194 3.7436 0.0000
1.0963 -1.5649 0.0001
0.8207 -1.4980 0.0001
-0.2117 3.6108 0.0000
-4.7570 -0.7861 0.0000
3.3484 3.7847 0.0000
3.1676 3.5659 0.0000
2.8456 3.6092 0.0000
2.7448 3.3737 0.0000
-3.5782 4.2179 0.0000
-3.3715 4.0288 0.0000
-3.3847 3.7526 0.0000
2.1530 -0.2432 0.3197
2.0552 -0.2751 0.2843
2.0145 -0.3531 0.2463
1.9227 -0.3842 0.2026
1.8750 -0.4529 0.1653
1.8502 -0.3425 0.1849
1.8008 -0.4159 0.1482
1.8336 -0.5290 0.1307
1.7563 -0.4917 0.1159
1.6898 -0.5818 0.0796
2.2020 -0.3228 0.3003
2.1176 -0.3463 0.2791
2.0741 -0.4345 0.2363
1.9821 -0.4458 0.2047
1.9371 -0.5227 0.1649
1.7976 -0.6139 0.0992
4.5046 4.7400 0.0000
4.2267 4.7533 0.0000
-4.5025 -3.9937 0.0000
-4.7438 -3.9928 0.0000
-2.3859 1.1663 0.0286
-2.4281 0.9741 0.0624
-2.4138 0.8444 0.1023
-2.6084 1.0540 0.0267
-2.5514 0.8670 0.0682
-2.4948 0.7776 0.1069
-2.5227 0.7072 0.1213
-2.6303 0.7495 0.0745
-2.7739 0.6528 0.0467
1.7977 2.2801 0.0000
1.4587 1.9993 0.0000
-1.0762 4.7526 0.0000
2.2327 -4.4983 0.0000
1.9607 -4.4855 0.0000
2.0719 -4.7510 0.0000
1.8021 -4.7413 0.0000
1.5622 -4.7535 0.0000
4.5331 -2.0188 0.0000
2.7063 -0.0917 0.1287
0.6677 -1.9929 0.0000
2.8423 0.4741 0.0381
2.7247 0.4100 0.0865
2.7233 0.5807 0.0626
2.5918 0.5582 0.1157
2.5614 0.4612 0.1543
2.6550 0.4796 0.1063
2.5250 0.3671 0.1983
2.6264 0.3836 0.1398
2.5890 0.3003 0.1780
2.6526 0.2450 0.1485
2.5398 0.2340 0.2211
2.4772 0.2884 0.2445
2.4576 0.1923 0.2772
2.6638 0.1361 0.1532
2.5995 0.1806 0.1913
2.5341 0.1282 0.2412
2.4414 0.0978 0.3004
2.5134 0.0348 0.2618
2.4127 -0.0058 0.3204
2.3826 0.2636 0.2937
2.3598 0.1698 0.3248
2.3566 0.0792 0.3397
2.2749 0.0790 0.3584
2.3139 -0.0048 0.3558
2.3472 -0.0912 0.3415
2.2520 -0.0750 0.3607
2.2432 -0.1534 0.3493
2.1646 -0.1519 0.3438
2.4972 0.5370 0.1590
2.4643 0.4439 0.2030
2.4211 0.3571 0.2499
2.3226 0.3410 0.2852
2.2812 0.2494 0.3224
2.4659 0.7039 0.1142
2.4300 0.6127 0.1542
2.4031 0.5182 0.1970
2.3644 0.4292 0.2422
2.3618 0.6871 0.1408
2.3390 0.5889 0.1827
2.3074 0.4998 0.2245
2.2267 0.3241 0.3004
2.2435 0.5504 0.2077
2.2631 0.4216 0.2616
2.1914 0.4856 0.2343
2.1707 0.3961 0.2693
2.1491 0.2902 0.3048
2.1848 0.2090 0.3339
2.0796 0.2317 0.3053
2.1000 0.1396 0.3314
2.2702 0.1603 0.3462
2.0274 0.0713 0.3141
2.5523 -2.2188 0.0000
3.2938 -4.4161 0.0000
3.2022 -4.7570 0.0000
2.3498 2.7570 0.0000
2.2096 2.5508 0.0000
0.0785 4.7547 0.0000
4.4657 0.5086 0.0000
-2.4897 -2.7342 0.0000
4.2443 1.1768 0.0000
3.9769 1.0607 0.0000
1.9912 -3.4931 0.0000
1.8029 -3.7331 0.0000
-3.7726 -1.7291 0.0000
-3.7560 -1.9856 0.0000
-4.0010 -1.9720 0.0000
-4.2567 -2.0516 0.0000
2.1707 1.8152 0.0005
2.0600 1.5407 0.0028
1.7864 1.4583 0.0025
1.6148 1.2318 0.0052
1.1193 -2.6027 0.0000
0.8428 -2.5293 0.0000
0.6118 -2.7103 0.0000
-2.2477 0.8378 0.1201
-2.2330 0.7408 0.1601
-2.1584 0.8124 0.1275
-2.1258 0.7275 0.1591
-2.3465 0.6963 0.1710
-2.4194 0.7535 0.1336
-2.2763 0.6584 0.1962
-2.4369 0.6635 0.1643
-2.1865 0.6498 0.2001
-2.1539 0.5598 0.2400
-2.2531 0.5687 0.2407
-2.3540 0.5931 0.2161
-2.4432 0.5646 0.2027
-2.5214 0.6157 0.1526
-2.5036 0.4949 0.2041
-2.5645 0.5471 0.1563
-3.5513 0.8842 0.0000
-3.2241 0.5016 0.0007
-3.5034 0.5908 0.0000
-3.7161 0.3894 0.0000
-1.5777 4.5073 0.0000
-1.8556 4.5203 0.0000
-1.8524 4.2860 0.0000
-2.0958 4.2470 0.0000
0.6460 0.7984 0.0015
-0.0130 2.6593 0.0000
-3.9359 1.6844 0.0000
-4.0045 1.4342 0.0000
2.6700 -4.2626 0.0000
-0.5958 -2.9835 0.0000
0.7672 -2.2439 0.0000
0.5795 -2.4274 0.0000
3.6476 4.4056 0.0000
3.3919 4.3272 0.0000
3.4496 4.1146 0.0000
3.2303 4.0226 0.0000
-3.2301 -3.0733 0.0000
-1.1198 -1.7743 0.0000
2.2718 -2.2302 0.0000
2.1402 -2.4922 0.0000
-2.0351 -2.7048 0.0000
1.1587 2.7749 0.0000
0.8751 2.7571 0.0000
-0.0104 1.6303 0.0000
-0.1550 1.4305 0.0000
-0.3574 1.5780 0.0000
-0.3999 1.2955 0.0001
-0.5294 1.1007 0.0004
-2.8472 1.1440 0.0045
-3.0604 0.9699 0.0013
-3.2796 0.7861 0.0002
-2.1408 -1.6762 0.0014
-2.4854 -2.0726 0.0001
-2.0281 -3.7530 0.0000
-2.2699 -3.6761 0.0000
1.1366 4.0246 0.0000
1.0114 3.7653 0.0000
0.8994 3.5098 0.0000
-2.2056 -4.4915 0.0000
-2.3381 -4.7586 0.0000
0.8894 -1.7771 0.0000
0.9652 -2.0413 0.0000
-4.7286 4.2089 0.0000
-0.7410 1.1977 0.0004
0.4854 -4.2533 0.0000
0.3351 -4.5157 0.0000
1.1851 -1.8407 0.0000
-1.4114 -1.8932 0.0000
-1.4878 -2.1615 0.0000
-1.7447 -2.2992 0.0000
-0.2883 -0.1795 0.0029
-0.5417 -0.0569 0.0048
-0.5177 -0.3480 0.0034
-0.7351 -0.2323 0.0072
-1.4841 3.6601 0.0000
4.0548 2.2029 0.0000
-0.7282 -2.7377 0.0000
-0.8696 -2.9837 0.0000
-4.2637 0.5327 0.0000
-4.4931 0.3227 0.0000
-1.1121 2.6961 0.0000
-1.4630 2.2941 0.0000
4.7387 3.9709 0.0000
4.6492 3.7497 0.0000
2.3822 -4.2509 0.0000
-2.2508 -2.2525 0.0000
-2.2911 -2.5505 0.0000
-2.6643 -2.5831 0.0000
-0.7771 4.7521 0.0000
-0.5745 -2.0070 0.0000
2.0003 1.2664 0.0119
1.8158 1.1259 0.0162
1.6641 0.9371 0.0237
-2.8273 -3.6784 0.0000
-2.6943 -3.8802 0.0000
-2.8806 -4.0175 0.0000
-1.7900 -4.0050 0.0000
1.5828 -2.4497 0.0000
1.3999 -2.6663 0.0000
0.0395 -4.5298 0.0000
0.1726 -4.7646 0.0000
-4.4966 -1.5025 0.0000
0.6878 0.5215 0.0035
0.5888 0.0221 0.0046
0.6078 -1.7155 0.0000
0.3899 -1.9064 0.0000
4.4553 -2.2677 0.0000
-2.4665 -4.2883 0.0000
-2.7452 -4.2501 0.0000
-2.7436 -4.5020 0.0000
-2.5969 -3.5299 0.0000
-2.9996 -4.4749 0.0000
-2.9266 -4.7509 0.0000
-3.1971 -4.6889 0.0000
-3.4206 -4.7294 0.0000
-3.5023 -4.4880 0.0000
-3.6460 -4.7914 0.0000
3.9496 0.7746 0.0000
3.9283 0.4894 0.0000
-1.5129 3.3674 0.0000
-4.7546 -2.9467 0.0000
-4.7542 -3.2410 0.0000
4.2211 0.9006 0.0000
4.1960 0.6278 0.0000
0.4872 3.2352 0.0000
0.3736 2.9716 0.0000
3.1637 -2.6680 0.0000
2.8683 -2.7032 0.0000
-0.4346 -1.7397 0.0000
-0.4620 -3.2107 0.0000
-0.7697 -3.2381 0.0000
4.7708 -3.5717 0.0000
4.6574 -3.7454 0.0000
3.2263 1.3878 0.0000
3.2240 1.1113 0.0001
2.7578 1.3941 0.0022
2.7006 1.1430 0.0101
3.1582 0.8800 0.0007
2.9803 1.2106 0.0011
2.9000 0.9541 0.0065
2.6191 0.9259 0.0354
2.5498 0.7629 0.0780
2.7513 0.7575 0.0339
2.6114 0.6725 0.0821
2.5222 0.6312 0.1209
-4.7621 2.9786 0.0000
-3.5344 4.7705 0.0000
-3.7572 4.7252 0.0000
-3.9879 4.7420 0.0000
-4.2424 4.7510 0.0000
1.4202 -3.4135 0.0000
1.2418 -3.6213 0.0000
-2.0512 -2.9930 0.0000
-1.0424 1.9146 0.0000
3.6900 3.7052 0.0000
3.7311 3.4280 0.0000
3.4742 3.5401 0.0000
3.3186 3.3113 0.0000
-1.3214 0.0586 0.0595
-1.3078 -0.1244 0.0544
-1.4177 -0.2641 0.0717
-1.4696 -0.1578 0.0948
-1.5316 -0.2316 0.1094
-1.5537 -0.3160 0.1071
-1.6395 -0.3576 0.1312
-1.6051 -0.1807 0.1417
-1.6322 -0.2636 0.1433
-1.7211 -0.2897 0.1768
-1.7340 -0.3813 0.1633
-1.5240 -0.5538 0.0620
-1.5639 -0.4336 0.0921
-1.4631 -0.3782 0.0716
-1.6616 -0.4505 0.1208
-1.7499 -0.4791 0.1453
-1.6330 -0.5372 0.0930
-1.7059 -0.5414 0.1144
-1.7579 -0.5945 0.1165
-1.7637 -4.7564 0.0000
1.5870 0.7305 0.0383
1.3843 0.7901 0.0154
-0.1019 2.3921 0.0000
-3.7709 -0.4163 0.0000
-3.6493 -0.6792 0.0000
-3.9077 -0.6941 0.0000
4.7640 -1.7496 0.0000
4.7641 -2.0323 0.0000
-0.9545 2.2045 0.0000
3.3272 4.7900 0.0000
3.0720 4.7580 0.0000
-1.1091 1.6485 0.0001
-1.3458 1.7000 0.0002
-3.9791 2.5331 0.0000
-3.9875 2.2523 0.0000
-4.2412 2.1297 0.0000
-4.2603 1.8453 0.0000
-2.1116 -3.2424 0.0000
0.0025 4.0368 0.0000
-0.0924 3.8063 0.0000
4.3644 -2.9777 0.0000
4.0857 -3.0546 0.0000
3.9971 -3.3314 0.0000
2.6862 -0.2001 0.1333
2.6325 -0.2986 0.1528
2.5952 -0.2156 0.1894
2.5378 -0.3009 0.2085
2.5818 -0.3867 0.1640
2.6308 -0.1241 0.1763
2.5335 -0.1324 0.2411
2.4985 -0.2125 0.2502
2.4808 -0.3853 0.2159
2.6327 -0.4722 0.1188
2.5264 -0.4691 0.1700
2.4187 -0.4748 0.2109
-4.0571 -0.4407 0.0000
-4.1984 -0.7194 0.0000
0.7857 1.7721 0.0000
0.6165 2.0009 0.0000
0.4895 1.7331 0.0000
0.6509 1.5332 0.0001
0.4852 1.3526 0.0001
0.9891 2.2780 0.0000
0.9187 2.0260 0.0000
0.9311 1.5094 0.0001
-4.4505 2.8878 0.0000
-4.4706 2.5874 0.0000
-1.8335 -3.1907 0.0000
-0.4901 4.2266 0.0000
-0.6178 3.9675 0.0000
2.3380 4.7812 0.0000
1.6974 3.3309 0.0000
1.5779 3.0517 0.0000
3.6519 0.3246 0.0000
3.9647 0.2232 0.0000
3.7521 0.0718 0.0000
3.4962 0.0386 0.0000
3.2335 -0.0468 0.0010
2.9777 -0.1528 0.0183
4.7361 0.7825 0.0000
-4.0673 0.7937 0.0000
2.3405 4.5464 0.0000
-2.6170 1.5928 0.0014
-2.6155 1.3011 0.0078
-3.3223 2.8330 0.0000
-0.1357 -4.7664 0.0000
-0.2647 -4.5301 0.0000
-0.4459 -4.7577 0.0000
1.3453 0.0093 0.0539
1.2767 -0.1812 0.0394
1.1342 -0.3211 0.0203
1.1366 -0.5362 0.0136
0.9737 -0.7378 0.0044
2.4214 -2.4886 0.0000
2.2794 -2.7556 0.0000
0.6533 3.0096 0.0000
-2.0283 4.7605 0.0000
2.9790 1.5112 0.0003
0.4262 -0.2430 0.0030
1.3235 -4.2106 0.0000
-0.3374 0.4186 0.0024
-0.5529 0.2788 0.0043
-0.7166 0.1010 0.0075
3.7096 4.1553 0.0000
2.2500 -1.7255 0.0011
2.6473 2.8633 0.0000
-0.6572 -0.5500 0.0031
-0.7479 -0.7833 0.0020
-0.9619 -0.6737 0.0061
-0.8087 -1.0484 0.0009
-1.0537 -0.9087 0.0037
-1.0910 -1.1762 0.0012
-1.3333 -0.9931 0.0071
-1.3720 -1.6050 0.0003
-3.1972 2.5430 0.0000
0.4496 0.2959 0.0028
0.3330 0.0188 0.0027
4.2112 0.3597 0.0000
4.4955 -0.0284 0.0000
4.2328 0.0820 0.0000
-3.7688 -2.5003 0.0000
-4.0159 -2.4999 0.0000
-4.2398 -2.6554 0.0000
-2.2842 3.7172 0.0000
-2.2866 3.4418 0.0000
-2.0642 3.2139 0.0000
-2.3319 3.1456 0.0000
-3.9816 3.9827 0.0000
-4.2041 3.7904 0.0000
4.5102 -0.7928 0.0000
4.2612 -0.7561 0.0000
-1.9631 0.2789 0.2963
-1.7147 0.2388 0.1786
-1.8080 0.2144 0.2302
-1.8347 0.1258 0.2594
-1.8489 0.0366 0.2755
-1.9346 0.0105 0.3270
-1.9507 -0.0900 0.3317
-2.0335 -0.1215 0.3707
-1.9964 0.1845 0.3390
-1.8680 0.2920 0.2439
-1.9022 0.2015 0.2846
-2.0237 0.3528 0.2980
-2.0576 0.2558 0.3469
-2.1255 0.3153 0.3477
-2.1259 0.2028 0.3875
-2.1489 0.4732 0.2814
-2.1879 0.3840 0.3293
-2.2517 0.3266 0.3571
-2.1923 0.2631 0.3808
-2.2218 0.1701 0.4126
-2.1565 0.1066 0.4177
-2.2505 0.0734 0.4308
-2.2642 -0.0238 0.4335
-1.9285 0.1103 0.3158
-2.0190 -0.0235 0.3734
-2.1051 -0.0533 0.4094
-2.1253 -0.1436 0.4024
-2.0663 0.1389 0.3819
-2.0062 0.0742 0.3631
-2.0901 0.0413 0.4046
-2.1776 0.0112 0.4309
-2.1943 -0.0838 0.4276
-2.2583 -0.1351 0.4198
-2.2227 -4.2297 0.0000
4.0083 -4.2159 0.0000
3.8380 -4.4696 0.0000
1.7207 2.0101 0.0001
1.8908 1.7611 0.0005
1.6227 1.7322 0.0003
3.7399 -4.1903 0.0000
-2.8794 -3.0860 0.0000
-2.8462 -3.3853 0.0000
-4.5048 -2.5077 0.0000
1.1584 4.2698 0.0000
0.9043 4.2574 0.0000
1.4602 1.0095 0.0088
3.4414 1.6079 0.0000
1.2507 -0.7790 0.0100
1.1058 -0.9807 0.0028
-2.0921 1.8371 0.0006
-2.2732 1.6627 0.0018
-0.8956 -1.6193 0.0000
0.2372 3.9450 0.0000
-0.7966 3.0776 0.0000
-1.0651 2.9853 0.0000
4.7537 4.2508 0.0000
4.5010 4.1948 0.0000
0.1939 2.4409 0.0000
4.4823 -1.0239 0.0000
1.0810 3.2769 0.0000
-0.3438 0.6905 0.0013
3.0096 0.1169 0.0141
-4.0377 -3.6503 0.0000
-4.3453 -3.5304 0.0000
1.5356 -0.0736 0.1003
1.4370 -0.1100 0.0721
1.3494 -0.3953 0.0388
2.4265 4.2838 0.0000
2.2256 4.1008 0.0000
4.5430 3.4305 0.0000
4.3433 3.2891 0.0000
4.1502 3.1406 0.0000
2.9340 -4.7609 0.0000
-4.7291 0.1409 0.0000
-4.7521 -0.1489 0.0000
2.4950 -0.0503 0.2729
2.4343 -0.1147 0.3020
2.4137 -0.1945 0.2983
2.4437 -0.2915 0.2605
2.3276 -0.1725 0.3336
2.3521 -0.2669 0.3027
2.3877 -0.3687 0.2588
2.3234 -0.4351 0.2505
2.2967 -0.3353 0.2924
2.2523 -0.2415 0.3273
2.2375 -0.4019 0.2717
2.1625 -0.4288 0.2562
2.4817 -0.5558 0.1612
2.3972 -0.5892 0.1750
2.3269 -0.5268 0.2134
2.2902 -0.6078 0.1850
2.2396 -0.4970 0.2331
2.2106 -0.5819 0.1973
2.1643 -0.6504 0.1665
2.1394 -0.5201 0.2161
2.0955 -0.5985 0.1777
2.0615 -0.6899 0.1376
-1.5777 -0.9421 0.0210
-1.5872 -1.1736 0.0079
-1.8062 -1.0235 0.0309
-1.8427 -1.2831 0.0092
-2.0297 -1.1345 0.0295
1.9980 -2.2300 0.0000
1.8589 -2.4789 0.0000
0.4537 4.4506 0.0000
0.3439 4.1945 0.0000
3.7088 0.9275 0.0000
3.6822 0.6357 0.0000
-1.1850 -2.0542 0.0000
-1.2807 -2.3019 0.0000
2.3956 -1.4631 0.0047
2.1260 -1.4784 0.0047
1.9633 -1.7236 0.0008
4.1366 -2.2720 0.0000
-1.3088 -3.7779 0.0000
-1.5414 -3.9088 0.0000
3.5921 2.3325 0.0000
3.3117 2.2548 0.0000
1.0736 3.0449 0.0000
0.8887 2.9881 0.0000
1.3874 -0.5986 0.0282
-0.2084 2.8811 0.0000
-4.2686 -3.2077 0.0000
-4.4988 -3.3604 0.0000
1.5037 -2.1790 0.0000
1.3096 -2.3914 0.0000
1.0656 1.7598 0.0000
-3.5257 2.0155 0.0000
-3.6940 1.7893 0.0000
-3.6020 3.0161 0.0000
-3.5958 2.7626 0.0000
-3.8816 2.8201 0.0000
2.4439 -0.6717 0.1340
2.4112 -0.7604 0.1116
2.3507 -0.8570 0.0893
2.2509 -0.9064 0.0795
4.2855 -3.2562 0.0000
4.2262 -3.5200 0.0000
-2.1780 2.6275 0.0000
-2.3795 2.8544 0.0000
-2.4457 2.5798 0.0000
-2.6129 2.4025 0.0000
-4.5141 1.2145 0.0000
-0.6734 2.2771 0.0000
4.7662 -1.4837 0.0000
4.5446 -1.7681 0.0000
2.6482 -4.7593 0.0000
4.7722 3.5638 0.0000
-1.5036 0.2324 0.0973
-1.4628 0.1290 0.0928
-1.4489 0.0253 0.0923
-1.5671 0.1482 0.1268
-1.5479 0.0575 0.1249
-1.4312 -0.0686 0.0868
-1.5260 -0.0399 0.1180
-1.5443 -0.1182 0.1224
-1.6509 0.0810 0.1669
-1.6922 -0.0086 0.1898
-1.7558 0.0586 0.2212
-1.7794 -0.0357 0.2359
-1.8647 -0.0583 0.2843
-1.6087 -0.0141 0.1509
-1.6275 -0.0952 0.1572
-1.7068 -0.0996 0.1943
-1.6988 -0.1882 0.1821
-1.7937 -0.1343 0.2371
-1.7859 -0.2224 0.2200
-1.9751 -2.1317 0.0000
-2.0162 -2.4207 0.0000
3.9711 3.3298 0.0000
3.8565 3.0794 0.0000
1.4907 1.4812 0.0009
-1.5330 0.4466 0.0785
-1.6207 0.3900 0.1134
1.8499 3.0593 0.0000
1.7599 2.7977 0.0000
1.4617 2.7753 0.0000
3.8044 -3.1148 0.0000
3.7028 -3.4058 0.0000
3.6910 -3.6877 0.0000
0.2246 4.5132 0.0000
0.1095 4.2733 0.0000
-2.5948 3.0433 0.0000
-2.6483 2.7474 0.0000
-2.8192 2.5677 0.0000
-2.9827 2.3819 0.0000
4.4164 3.6387 0.0000
4.5048 -1.5173 0.0000
1.3741 3.2775 0.0000
1.3035 3.0182 0.0000
-2.0303 3.7493 0.0000
0.9165 -2.8038 0.0000
0.7154 -2.9850 0.0000
-3.9450 -2.7952 0.0000
-4.2167 -2.9372 0.0000
-4.2394 1.3125 0.0000
-4.2938 1.0278 0.0000
-2.3399 4.7344 0.0000
-2.6356 4.7448 0.0000
-2.5935 4.4635 0.0000
-2.8364 4.5486 0.0000
3.6850 -2.0947 0.0000
-4.7513 -4.5094 0.0000
3.2094 0.5952 0.0008
2.9602 0.6698 0.0097
0.9071 -4.4866 0.0000
-3.4548 2.5258 0.0000
-3.7302 2.5379 0.0000
3.1788 -4.1645 0.0000
-1.4380 0.5609 0.0449
-3.0099 2.0692 0.0000
1.2425 -2.1098 0.0000
1.0397 -2.3207 0.0000
-0.7818 3.3959 0.0000
-1.0304 3.2874 0.0000
4.5110 2.4848 0.0000
4.7641 2.6505 0.0000
4.7814 2.3593 0.0000
4.5765 2.2258 0.0000
4.3714 2.1346 0.0000
4.7641 2.0408 0.0000
4.7425 1.7302 0.0000
-4.2251 -4.7536 0.0000
-4.5012 -4.7517 0.0000
-0.4053 -2.2577 0.0000
4.3370 1.7900 0.0000
4.2603 1.4557 0.0000
3.9987 1.3538 0.0000
4.3299 -1.7734 0.0000
4.2647 -2.0254 0.0000
2.6067 1.6049 0.0012
2.3392 1.5876 0.0023
2.4915 1.3303 0.0082
2.2484 1.3443 0.0100
-4.7308 2.7073 0.0000
0.5378 -1.4502 0.0001
-0.3493 -3.6152 0.0000
-0.6301 -3.7342 0.0000
-0.7261 -3.9740 0.0000
-1.0208 1.1409 0.0012
4.4811 -3.9975 0.0000
4.2218 -4.0199 0.0000
3.1222 3.0831 0.0000
2.9612 2.8434 0.0000
1.8098 0.4631 0.1461
1.7471 0.3933 0.1407
1.6541 0.4173 0.1052
1.6754 0.3295 0.1271
1.6197 0.2575 0.1175
1.5368 0.2236 0.0940
1.4132 0.1555 0.0649
-1.2100 1.4025 0.0006
-1.2772 1.1707 0.0026
0.6314 4.2226 0.0000
0.5370 3.9679 0.0000
-1.0304 -2.7544 0.0000
-1.2876 -2.9111 0.0000
-1.0763 -3.0750 0.0000
4.4189 -4.5110 0.0000
4.2345 -4.7571 0.0000
3.9882 -4.6708 0.0000
3.9028 -4.8116 0.0000
4.7720 -2.6627 0.0000
-0.3150 -1.4552 0.0000
-0.6120 -1.5107 0.0000
-0.3935 2.3419 0.0000
3.9888 -0.0646 0.0000
3.7125 -0.1951 0.0000
3.4520 -0.2621 0.0000
3.1962 -0.3352 0.0013
2.9726 -0.4310 0.0134
3.1424 -0.6343 0.0014
2.5108 3.4421 0.0000
2.2681 3.2865 0.0000
-3.0320 -2.6262 0.0000
-3.0912 -2.8938 0.0000
1.0364 -3.7458 0.0000
0.6193 -3.9848 0.0000
0.3319 1.9932 0.0000
0.1176 2.1721 0.0000
0.2174 1.7744 0.0000
0.0126 1.9249 0.0000
3.8900 4.4980 0.0000
2.4343 -3.3030 0.0000
2.2821 -3.5240 0.0000
-2.3691 4.4635 0.0000
3.9666 -2.0559 0.0000
3.0904 -1.6477 0.0000
2.8105 -1.6786 0.0002
2.6793 -1.9502 0.0001
-0.1023 -3.1414 0.0000
-0.2566 -3.3445 0.0000
-0.5534 1.7691 0.0000
-0.8277 1.6948 0.0000
-0.9288 1.4149 0.0002
4.4877 0.2489 0.0000
-4.4845 -0.7006 0.0000
-0.2805 3.3626 0.0000
-0.3584 3.1077 0.0000
-0.0918 0.2752 0.0024
2.3795 -1.0187 0.0466
2.2713 -1.2361 0.0184
-2.0620 1.5008 0.0046
-2.2007 1.3122 0.0151
4.1538 4.5172 0.0000
4.2426 4.2742 0.0000
-3.0088 -0.0596 0.0174
-3.2667 -0.2356 0.0007
-3.5795 -0.1811 0.0000
-3.4788 -0.4387 0.0000
-3.8954 -0.1443 0.0000
-1.2914 3.1817 0.0000
-1.5641 3.0792 0.0000
-1.3413 2.8853 0.0000
-1.6213 2.7916 0.0000
-1.7943 -3.7413 0.0000
4.1669 -3.7857 0.0000
-2.6008 -2.9565 0.0000
0.9614 0.4664 0.0081
1.2408 0.1858 0.0328
1.0155 0.2152 0.0145
1.1195 -0.0286 0.0230
0.8561 0.0052 0.0096
-0.0749 -3.5317 0.0000
-0.6032 2.5743 0.0000
-0.8872 2.4934 0.0000
-1.0436 -3.3349 0.0000
-3.0981 -3.2662 0.0000
-3.3218 -3.4276 0.0000
2.7827 -0.1612 0.0820
2.7132 -0.2829 0.1085
2.8169 -0.3031 0.0576
2.7687 -0.4644 0.0609
2.6821 -0.3802 0.1114
1.1784 0.6538 0.0116
1.2191 0.4062 0.0224
-4.4931 -2.7951 0.0000
-4.7535 -2.6504 0.0000
2.5703 -2.7423 0.0000
2.4267 -3.0213 0.0000
0.5685 -0.9705 0.0007
0.2859 -0.9915 0.0004
4.7445 -0.4688 0.0000
-0.8502 -2.4961 0.0000
4.4801 -0.5509 0.0000
4.7511 -0.7538 0.0000
-2.1888 -0.1938 0.4030
-2.2648 -0.2363 0.3905
-2.2919 -0.3229 0.3531
-2.3658 -0.3701 0.3139
-2.4506 -0.4169 0.2588
-2.3759 -0.4734 0.2635
-2.4523 -0.5210 0.2146
-2.4577 -0.6150 0.1734
-2.5015 -0.6840 0.1328
-2.5377 -0.5724 0.1580
-2.5875 -0.6481 0.1134
-2.7170 -0.7405 0.0510
-2.5654 -0.7547 0.0912
-2.4325 -0.7411 0.1310
-2.4873 -0.7986 0.0989
-2.6089 -0.8934 0.0502
-2.7745 -1.0015 0.0151
3.0803 -4.5140 0.0000
2.7979 -4.5122 0.0000
2.5137 -4.5074 0.0000
2.3575 -4.7561 0.0000
-4.7391 -1.4139 0.0000
-4.7082 -0.4718 0.0000
-0.1177 -3.7988 0.0000
-3.9824 -0.9602 0.0000
-4.2707 -0.9825 0.0000
-4.4378 0.0317 0.0000
-4.5118 -0.2372 0.0000
-4.5636 0.9292 0.0000
-4.7628 0.7676 0.0000
3.5690 -2.3656 0.0000
3.2825 -2.3999 0.0000
1.9825 -2.7373 0.0000
4.5367 -4.2472 0.0000
-4.5015 2.0098 0.0000
-4.5080 1.7408 0.0000
-4.7513 1.6801 0.0000
-4.7426 1.4009 0.0000
-2.9542 0.4341 0.0192
-3.1540 0.2197 0.0030
-3.3521 0.0191 0.0002
-3.4401 0.2977 0.0000
-3.6565 0.0878 0.0000
-4.5080 4.7546 0.0000
-1.4012 2.5932 0.0000
-1.6858 2.5030 0.0000
-1.7540 2.2234 0.0000
2.0390 -0.5215 0.1947
1.9983 -0.6052 0.1543
1.8981 -0.6068 0.1276
1.9559 -0.6840 0.1185
1.8669 -0.7012 0.0939
1.7340 -0.7357 0.0602
1.5540 -0.7204 0.0357
1.4344 -0.9086 0.0121
-0.8925 0.6515 0.0054
-1.2090 0.6515 0.0158
-1.0658 0.4261 0.0164
-1.1856 0.2104 0.0335
-1.3648 0.2310 0.0619
-0.2277 -4.0644 0.0000
-0.3811 -4.2853 0.0000
-0.5664 -4.4986 0.0000
2.1776 -3.2522 0.0000
-0.2983 -2.9993 0.0000
-1.5426 2.0121 0.0000
-1.6134 1.7232 0.0004
-1.8204 1.9427 0.0001
-1.8864 1.6698 0.0011
3.5190 2.0672 0.0000
2.8528 4.6966 0.0000
2.6009 4.7614 0.0000
-1.3506 -1.3004 0.0016
-1.6125 -1.4455 0.0019
-1.6506 -1.7244 0.0003
-1.8893 -1.5496 0.0021
-1.9257 -1.8421 0.0003
0.6240 -3.4766 0.0000
0.7433 -3.7402 0.0000
0.4424 -3.7153 0.0000
-1.7038 -2.0054 0.0001
-2.2022 -1.9629 0.0002
-0.9168 4.5057 0.0000
-1.0678 4.1119 0.0000
4.7786 4.7801 0.0000
4.7247 4.5129 0.0000
-1.7462 3.5368 0.0000
-1.7902 3.2713 0.0000
4.7572 -1.0248 0.0000
4.6519 -1.2592 0.0000
-1.4180 4.7544 0.0000
-1.7191 4.7626 0.0000
-2.1229 4.4985 0.0000
-0.3491 4.4913 0.0000
-0.6365 4.4829 0.0000
4.7493 -3.9451 0.0000
4.7733 -4.2126 0.0000
-4.3553 0.7765 0.0000
-4.5448 0.6059 0.0000
-4.7629 0.4478 0.0000
-3.5935 1.1881 0.0000
-3.3681 3.4605 0.0000
-3.6180 3.3079 0.0000
4.7503 0.1498 0.0000
2.1871 0.1098 0.3543
2.2142 0.0142 0.3644
2.1207 0.0387 0.3483
2.1583 -0.0570 0.3556
2.0837 -0.1012 0.3313
1.9603 -0.0057 0.2868
2.0521 -0.0231 0.3262
1.9903 -0.1099 0.2934
2.0713 -0.1852 0.3126
1.9845 -0.2167 0.2721
1.9393 -0.2889 0.2355
1.8939 -0.0758 0.2513
1.9131 -0.1719 0.2487
1.8551 -0.2419 0.2092
-0.3146 0.9725 0.0005
-0.5818 0.8393 0.0013
-1.2461 4.5791 0.0000
-1.0972 4.3539 0.0000
-1.3192 4.0953 0.0000
-0.0907 -4.2982 0.0000
-1.3132 -3.4740 0.0000
-1.5527 -3.6156 0.0000
-3.4375 -3.2256 0.0000
-3.6628 -3.2658 0.0000
-3.8496 -3.4394 0.0000
1.9196 0.7631 0.0898
1.9300 0.6656 0.1209
1.8427 0.6611 0.1022
1.8471 0.5794 0.1261
1.7814 0.7659 0.0632
1.7329 0.6316 0.0827
1.7723 0.5457 0.1139
1.7100 0.4841 0.1095
2.3922 -1.9700 0.0002
-4.2671 -4.2730 0.0000
-4.2559 -4.5137 0.0000
-0.8002 4.2173 0.0000
-0.9072 3.8979 0.0000
1.8331 0.1135 0.2200
1.7673 0.0444 0.1926
1.7970 -0.0497 0.2056
1.6998 -0.0256 0.1623
1.7272 -0.1196 0.1688
1.6323 -0.0970 0.1321
1.6573 -0.1919 0.1333
1.5875 -0.2703 0.1008
1.5600 -0.1685 0.1024
1.4598 -0.2441 0.0697
1.7549 -0.2125 0.1699
1.7769 -0.3031 0.1635
1.7270 -0.3770 0.1303
1.6850 -0.2851 0.1313
1.6296 -0.3664 0.1005
1.6709 -0.4530 0.0983
1.5570 -0.5139 0.0613
1.5207 -0.3821 0.0701
-4.5132 -1.9533 0.0000
-4.7561 -2.0268 0.0000
3.0140 1.8608 0.0000
2.8325 1.7036 0.0002
4.4951 -0.3025 0.0000
4.2394 -0.2136 0.0000
4.2127 -0.4966 0.0000
-3.0758 -3.5577 0.0000
-2.9393 -0.6428 0.0146
-3.1630 -0.7706 0.0010
-3.4142 -0.7143 0.0000
-3.6761 -0.9421 0.0000
-4.5103 -4.2508 0.0000
-4.5059 -4.5041 0.0000
3.6195 2.9201 0.0000
4.7550 1.1057 0.0000
4.4962 1.0076 0.0000
4.5923 -2.5045 0.0000
1.9368 -3.9794 0.0000
0.8705 1.0057 0.0013
-2.3327 -0.0777 0.4141
-2.3407 -0.1790 0.3917
-2.4124 -0.1376 0.3690
-2.4514 -0.2143 0.3285
-2.5322 -0.2716 0.2595
-2.6229 -0.3216 0.1834
-2.3677 -0.2636 0.3556
-2.4480 -0.3166 0.2985
-2.5332 -0.3675 0.2305
-2.5311 -0.4682 0.1978
-2.6142 -0.4177 0.1652
-2.6923 -0.4742 0.1080
-2.7036 -0.3704 0.1216
-2.6110 -0.5169 0.1400
-2.6448 -0.5903 0.1051
-2.7469 -0.5767 0.0663
1.7778 3.6141 0.0000
1.4877 3.5412 0.0000
2.1302 4.3753 0.0000
3.4025 -2.1290 0.0000
3.1189 -2.1625 0.0000
2.2702 3.5670 0.0000
2.0314 3.5360 0.0000
1.9809 3.3103 0.0000
2.1132 3.0473 0.0000
-4.5155 4.5150 0.0000
4.7647 -2.9841 0.0000
4.5705 -2.8339 0.0000
1.3184 -4.7454 0.0000
1.0524 -4.7463 0.0000
0.7690 -4.7514 0.0000
3.6050 3.2227 0.0000
-1.3556 4.3515 0.0000
-1.5964 4.2202 0.0000
-1.5296 3.9304 0.0000
-1.8163 4.0301 0.0000
-1.7773 3.7796 0.0000
-2.7859 2.2176 0.0000
-4.3631 -0.4669 0.0000
2.5986 -3.5337 0.0000
2.4128 -3.7627 0.0000
2.5025 3.9993 0.0000
2.5562 3.6982 0.0000
2.2757 3.8300 0.0000
2.0237 3.7945 0.0000
-4.7516 4.4909 0.0000
4.3556 -1.2763 0.0000
4.2249 -1.5346 0.0000
4.0664 -1.2864 0.0000
-3.0968 3.0292 0.0000
-3.3531 3.1572 0.0000
-2.8610 4.3014 0.0000
-2.8441 4.0280 0.0000
-0.7087 -2.2402 0.0000
4.5313 1.9190 0.0000
4.5014 1.5891 0.0000
1.8906 4.2546 0.0000
1.6640 4.1803 0.0000
1.4223 4.0296 0.0000
0.3638 -2.5538 0.0000
0.2097 -2.7461 0.0000
0.0571 -2.9440 0.0000
3.3562 1.8797 0.0000
-1.4486 0.7655 0.0260
-1.8458 0.8757 0.0631
-1.6703 0.8406 0.0432
-1.7595 0.7314 0.0795
-1.8603 0.7458 0.0988
-1.9540 0.7664 0.1135
-1.6113 0.6580 0.0623
-1.7334 0.6283 0.0972
-1.8344 0.6477 0.1206
-1.9277 0.6718 0.1393
-1.9964 0.6084 0.1827
-1.8095 0.5508 0.1415
-1.8984 0.5770 0.1637
-1.9684 0.5216 0.2089
-2.0634 0.5404 0.2306
-1.9805 0.4371 0.2472
-2.0546 0.4667 0.2613
-2.0944 0.4017 0.3023
-1.7135 0.5392 0.1125
-0.9847 -2.2382 0.0000
-1.1167 -2.4744 0.0000
-1.3003 -2.6347 0.0000
1.3087 -3.1469 0.0000
1.1209 -3.3646 0.0000
-2.9664 4.7659 0.0000
-3.2550 4.7428 0.0000
-3.4446 4.5343 0.0000
-3.3398 4.3192 0.0000
0.9230 0.7365 0.0038
-2.8314 3.7536 0.0000
-2.8305 3.4776 0.0000
-2.8409 3.1968 0.0000
-2.8421 2.9137 0.0000
2.9603 -4.2697 0.0000
-4.5111 -2.2181 0.0000
-4.7580 -2.3448 0.0000
3.4163 -3.4105 0.0000
3.4503 -3.6530 0.0000
3.1885 -3.6666 0.0000
-1.2166 3.8171 0.0000
-0.9924 3.6054 0.0000
-1.8806 -0.1496 0.2838
-1.8681 -0.2305 0.2614
-1.9245 -0.2952 0.2735
-1.9645 -0.1980 0.3203
-2.0177 -0.2875 0.3196
-1.9823 -0.3731 0.2732
-2.0567 -0.4043 0.2883
-2.0917 -0.3248 0.3334
-2.1489 -0.3993 0.3146
-2.0989 -0.4832 0.2640
-2.1416 -0.5647 0.2323
-2.2035 -0.4823 0.2803
-2.2357 -0.5770 0.2328
-2.0612 -0.2104 0.3625
-2.1297 -0.2490 0.3733
-2.1943 -0.3046 0.3637
-2.2346 -0.3874 0.3283
-2.2975 -0.4321 0.3016
-2.2948 -0.5228 0.2566
-2.3639 -0.5755 0.2183
-2.3879 -0.6658 0.1715
-2.2917 -0.6466 0.1956
-2.2358 -0.7364 0.1566
-2.3318 -0.7405 0.1489
-2.3806 -0.8231 0.1104
-2.4608 -0.8906 0.0773
4.1707 4.0404 0.0000
-2.8682 1.4223 0.0009
-3.1129 1.2601 0.0002
-4.2143 1.6091 0.0000
-4.4726 1.4954 0.0000
0.2980 1.5159 0.0000
0.1039 1.3279 0.0001
0.3168 1.1703 0.0002
0.0923 1.0158 0.0003
-1.0595 0.8750 0.0044
0.4296 -1.2140 0.0002
0.2312 -1.3607 0.0001
0.3240 -1.6124 0.0000
-0.5621 -3.4510 0.0000
3.6863 2.5766 0.0000
3.4584 -4.1767 0.0000
3.5713 -4.4399 0.0000
3.6619 -4.7245 0.0000
3.4061 -4.6769 0.0000
-2.6031 0.6562 0.1071
-2.6326 0.5978 0.1100
-2.6169 0.4850 0.1471
-2.6794 0.5451 0.1008
-2.7677 0.4905 0.0705
-2.8153 0.2962 0.0708
-2.6747 0.4411 0.1252
-2.6960 0.3650 0.1274
-2.7707 0.3859 0.0830
-2.2281 0.4939 0.2783
-2.3262 0.4993 0.2664
-2.4074 0.4821 0.2512
-2.2521 0.4334 0.3078
-2.3091 0.4014 0.3164
-2.3840 0.3976 0.2968
-2.4740 0.4050 0.2527
-2.5665 0.4244 0.1933
-2.4385 0.3132 0.3053
-2.5022 0.2439 0.2874
-2.6246 0.3586 0.1741
-2.5350 0.3313 0.2409
-2.6091 0.2660 0.2051
-2.7047 0.2792 0.1356
-2.5718 0.1784 0.2498
-2.6779 0.1875 0.1665
-2.7769 0.1920 0.0996
-2.9245 0.1808 0.0349
-2.7416 0.1138 0.1273
-2.8296 0.0631 0.0764
-2.0578 -3.4896 0.0000
-0.8452 -1.3341 0.0002
-1.1196 -1.4657 0.0003
1.3436 1.7424 0.0001
0.9652 -0.2274 0.0122
0.7020 -0.2380 0.0055
0.8641 -0.4751 0.0063
0.7019 -0.7226 0.0021
4.7331 0.4707 0.0000
3.8549 -2.3294 0.0000
1.8010 -2.9679 0.0000
3.4285 0.7992 0.0000
3.4344 0.4941 0.0000
3.7988 -1.8209 0.0000
1.8946 -3.2280 0.0000
-1.9419 -4.2535 0.0000
-0.0551 -0.0172 0.0024
0.6242 -4.5011 0.0000
0.4744 -4.7582 0.0000
-2.2752 -2.8590 0.0000
3.3002 0.2541 0.0004
3.0628 0.3869 0.0064
2.8352 0.2800 0.0531
2.7013 0.3144 0.1110
0.4510 -2.2058 0.0000
0.1913 -2.0975 0.0000
0.1944 -2.3585 0.0000
-0.0972 -2.2760 0.0000
-0.8912 -1.9700 0.0000
-0.4861 4.7472 0.0000
-0.5065 3.4727 0.0000
-0.5717 3.2079 0.0000
4.7689 -3.2884 0.0000
4.5144 -3.4542 0.0000
2.1554 -0.8347 0.0989
2.1166 -0.9122 0.0734
2.1566 -0.7413 0.1311
2.0757 -0.7862 0.1069
1.9806 -0.7628 0.0995
2.0126 -0.8788 0.0722
1.8695 -0.8305 0.0638
1.9315 -1.0208 0.0356
2.1542 -1.0456 0.0445
2.0211 -1.2411 0.0152
3.3462 -3.9106 0.0000
3.0572 -3.9284 0.0000
-1.3180 -3.1991 0.0000
-1.5715 -3.3297 0.0000
-2.5281 2.1222 0.0000
3.3985 -0.5568 0.0000
3.4341 -0.8119 0.0000
3.1509 -0.8720 0.0006
3.3333 -1.0965 0.0000
3.0500 -1.1375 0.0006
3.2155 -1.3736 0.0000
2.9355 -1.4072 0.0005
3.0150 3.3418 0.0000
2.8353 3.0995 0.0000
-1.9813 2.4188 0.0000
-2.2899 2.3253 0.0000
-2.0402 2.1386 0.0001
-2.2886 2.0078 0.0002
4.7549 3.2648 0.0000
4.5260 3.1145 0.0000
0.0176 -1.5234 0.0000
-0.1616 -1.7381 0.0000
-0.2942 -2.0050 0.0000
1.2944 4.5259 0.0000
1.4061 4.2776 0.0000
-4.5759 3.1452 0.0000
-3.9222 0.1851 0.0000
-4.2124 0.2652 0.0000
4.1970 3.4830 0.0000
2.0025 4.0518 0.0000
1.7705 3.9390 0.0000
1.5664 3.8107 0.0000
2.7237 2.3489 0.0000
2.5637 2.1263 0.0000
-3.3062 -3.7235 0.0000
-3.2492 -4.0404 0.0000
1.6072 -3.9748 0.0000
1.5584 -4.2302 0.0000
1.2062 1.4912 0.0004
-2.4922 1.8165 0.0005
-2.7573 1.9253 0.0001
3.9338 -1.5493 0.0000
-2.6675 -1.2479 0.0084
-2.9409 -1.2346 0.0017
-2.8346 -1.4932 0.0009
-3.1039 -1.4827 0.0001
0.1784 0.4318 0.0019
0.1535 0.1634 0.0025
2.1275 0.5477 0.2016
2.0495 0.5508 0.1866
2.0890 0.4575 0.2312
2.0113 0.3986 0.2320
1.9172 0.4250 0.1924
1.8433 0.3734 0.1798
1.8677 0.2757 0.2115
1.7735 0.3017 0.1679
1.9382 0.3366 0.2254
1.8997 0.1819 0.2432
1.8026 0.2065 0.1953
1.7077 0.2316 0.1526
1.6312 0.1637 0.1302
1.7338 0.1386 0.1727
1.6709 0.0686 0.1502
1.5780 0.0896 0.1151
1.6035 -0.0026 0.1249
1.5118 0.1350 0.0923
1.4924 0.0239 0.0893
-3.0978 1.8128 0.0000
-3.1381 1.5456 0.0000
0.0230 -2.5657 0.0000
-0.1369 -2.7840 0.0000
-1.9567 1.2409 0.0165
-2.1469 1.0962 0.0431
-2.1910 0.9089 0.0940
-2.2714 0.9918 0.0687
-2.3226 0.8851 0.0994
-2.3248 0.7835 0.1372
0.1232 -1.7982 0.0000
-0.0369 -2.0142 0.0000
0.5910 2.7584 0.0000
1.0389 2.5183 0.0000
0.7577 2.5077 0.0000
0.7150 2.2594 0.0000
0.4850 2.4977 0.0000
0.4270 2.2439 0.0000
-0.2658 -2.5152 0.0000
-3.7548 -4.0402 0.0000
-4.0134 -4.2048 0.0000
-3.4955 -4.1870 0.0000
-3.7520 -4.3196 0.0000
-3.7449 -4.5878 0.0000
-4.0087 -4.4812 0.0000
-3.9510 -4.7553 0.0000
-4.5217 -0.9553 0.0000
-4.7468 -1.1098 0.0000
-4.1987 3.5195 0.0000
-4.4684 3.7222 0.0000
-4.3295 3.1876 0.0000
-4.4779 3.4262 0.0000
-4.7383 3.5937 0.0000
-4.7671 3.3038 0.0000
-2.3163 3.9690 0.0000
-2.5515 3.6260 0.0000
-2.3445 4.2149 0.0000
-3.1081 3.8890 0.0000
-3.1055 3.6101 0.0000
-3.1016 3.3243 0.0000
-3.4910 2.2696 0.0000
-3.7272 2.3018 0.0000
-3.7824 2.0450 0.0000
-4.0149 1.9334 0.0000
4.1813 1.9886 0.0000
3.9632 1.8748 0.0000
4.2870 -4.2617 0.0000
4.1315 -4.4817 0.0000
-4.7540 -4.2451 0.0000
3.3948 3.0392 0.0000
3.2557 2.8213 0.0000
0.8123 -3.2618 0.0000
0.5295 -3.1837 0.0000
0.4186 -2.8985 0.0000
0.2491 -3.1068 0.0000
0.7455 0.2588 0.0057
2.1068 -3.7495 0.0000
0.4192 0.5967 0.0018
-3.0439 -0.9786 0.0019
4.2843 -2.4763 0.0000
4.0322 -2.5597 0.0000
-2.2909 0.2348 0.3881
-2.3156 0.1421 0.4084
-2.3985 0.1200 0.3796
-2.4452 0.0514 0.3601
-2.5115 -0.0117 0.3141
-2.5785 -0.0787 0.2571
-2.6437 -0.1439 0.1983
-2.7109 -0.1888 0.1434
-2.7847 -0.1769 0.0972
-2.3462 0.3086 0.3470
-2.3949 0.2190 0.3584
-2.4761 0.1560 0.3254
-2.5325 0.0853 0.2934
-2.6294 0.1093 0.2124
-2.6008 0.0171 0.2412
-2.6704 -0.0465 0.1836
-2.6906 0.0510 0.1674
-2.7304 -0.1026 0.1363
-2.7562 -0.0037 0.1209
-2.8223 -0.0783 0.0804
-2.3444 0.0343 0.4138
-2.4166 -0.0379 0.3789
-2.4879 -0.1036 0.3256
-2.5394 -0.1721 0.2765
-2.6128 -0.2271 0.2102
-2.6915 -0.2599 0.1477
-2.7586 -0.3012 0.1003
-2.8543 -0.2476 0.0583
-2.8226 -0.4334 0.0556
-3.0086 -0.3499 0.0141
-3.2048 -0.5106 0.0011
-0.5628 -2.4955 0.0000
3.7419 1.2236 0.0000
3.4675 1.0675 0.0000
-2.0653 3.9977 0.0000
-3.3880 1.3949 0.0000
-2.0301 -0.7165 0.1455
-2.0695 -0.7947 0.1215
-2.1059 -0.8723 0.0978
-2.2269 -0.9092 0.0905
-2.3370 -0.9468 0.0750
-2.1481 -0.9877 0.0658
-2.2613 -1.1111 0.0400
-2.4966 -1.0654 0.0358
1.2942 3.7775 0.0000
1.1949 3.5236 0.0000
2.0557 4.7152 0.0000
4.5466 -3.1558 0.0000
-0.3329 0.1150 0.0032
-4.4408 4.2692 0.0000
-4.1293 4.2508 0.0000
-4.2716 4.0274 0.0000
-4.5145 3.9934 0.0000
-4.7547 3.8898 0.0000
-1.9422 -4.4962 0.0000
-2.0473 -4.7516 0.0000
3.0484 -2.9311 0.0000
1.0601 -4.2153 0.0000
1.2756 -3.9386 0.0000
-4.7725 1.0946 0.0000
0.1265 3.6950 0.0000
0.0075 3.4435 0.0000
-3.3249 -2.7373 0.0000
-3.4666 -2.9671 0.0000
-0.3076 3.9798 0.0000
-0.4280 3.7361 0.0000
-0.4113 -3.8924 0.0000
3.2433 -1.8893 0.0000
2.9620 -1.9217 0.0000
2.8350 -2.1943 0.0000
3.6167 -3.9363 0.0000
-0.6304 1.4605 0.0001
4.0159 -0.8145 0.0000
3.7157 -0.7789 0.0000
3.6124 -1.0576 0.0000
-2.3535 -3.4089 0.0000
1.6301 0.5545 0.0732
1.5586 0.4457 0.0732
1.4230 0.5461 0.0357
1.5687 0.3383 0.0911
1.4286 0.3211 0.0569
3.8015 2.0936 0.0000
3.6700 1.8046 0.0000
1.6233 2.5296 0.0000
1.5087 2.2606 0.0000
1.3218 2.5142 0.0000
1.2373 2.2549 0.0000
1.1956 2.0106 0.0000
3.6920 1.4936 0.0000
3.4744 1.3232 0.0000
0.4225 3.7145 0.0000
0.3046 3.4615 0.0000
2.5319 -1.7055 0.0008
0.1539 -3.8045 0.0000
0.0474 -4.0477 0.0000
2.7757 -1.1661 0.0055
2.6625 -1.4351 0.0025
-0.8862 -0.0748 0.0125
-0.8072 0.3778 0.0076
-0.9687 0.1708 0.0160
-1.1335 -0.0272 0.0297
-1.0468 -0.2461 0.0189
-1.2586 -0.3036 0.0375
-0.8654 -0.4285 0.0080
-1.1272 -0.4863 0.0173
-1.2505 -0.7154 0.0151
-1.3616 -0.4984 0.0387
3.8943 3.9255 0.0000
3.9465 3.6221 0.0000
0.0767 -3.3057 0.0000
4.1704 3.7761 0.0000
-1.6114 0.5298 0.0849
-1.6773 0.4536 0.1200
-1.7238 0.3733 0.1555
-1.7741 0.3025 0.1943
-1.7755 0.4609 0.1545
-1.8798 0.4713 0.1935
-1.8267 0.3828 0.1982
-1.9215 0.3709 0.2461
3.8308 2.7645 0.0000
-0.7126 -1.7777 0.0000
3.4817 2.7142 0.0000
-1.3024 0.4163 0.0383
-1.4623 0.3515 0.0734
-1.5641 0.3208 0.1058
-1.5987 0.2400 0.1290
-1.6631 0.3025 0.1448
-1.6547 0.1768 0.1600
-1.7390 0.1451 0.2045
-2.5961 4.1932 0.0000
-2.5673 3.9114 0.0000
-2.3572 -3.1024 0.0000
0.8450 -0.9904 0.0012
0.7195 -1.2312 0.0003
2.2431 -3.9952 0.0000
2.0979 -4.2345 0.0000
3.1752 1.6836 0.0000
-3.2294 -2.4656 0.0000
-1.6570 -4.2329 0.0000
-1.6931 -4.4917 0.0000
0.9243 -3.9822 0.0000
0.7706 -4.2350 0.0000
3.8962 -1.0485 0.0000
3.7756 -1.3088 0.0000
