5.0000 5.0000 0.0000
0.0000 5.0000 0.0000
2.5000 5.0000 0.0000
3.7500 5.0000 0.0000
4.3750 5.0000 0.0000
4.6875 5.0000 0.0000
4.0625 5.0000 0.0000
3.1250 5.0000 0.0000
3.4375 5.0000 0.0000
2.8125 5.0000 0.0000
1.2500 5.0000 0.0000
1.8750 5.0000 0.0000
2.1875 5.0000 0.0000
1.5625 5.0000 0.0000
0.6250 5.0000 0.0000
0.9375 5.0000 0.0000
0.3125 5.0000 0.0000
-2.5000 5.0000 0.0000
-1.2500 5.0000 0.0000
-0.6250 5.0000 0.0000
-0.3125 5.0000 0.0000
-0.9375 5.0000 0.0000
-1.8750 5.0000 0.0000
-1.5625 5.0000 0.0000
-2.1875 5.0000 0.0000
-3.7500 5.0000 0.0000
-3.1250 5.0000 0.0000
-2.8125 5.0000 0.0000
-3.4375 5.0000 0.0000
-4.3750 5.0000 0.0000
-4.0625 5.0000 0.0000
-4.6875 5.0000 0.0000
5.0000 -5.0000 0.0000
5.0000 0.0000 0.0000
5.0000 -2.5000 0.0000
5.0000 -3.7500 0.0000
5.0000 -4.3750 0.0000
5.0000 -4.6875 0.0000
5.0000 -4.0625 0.0000
5.0000 -3.1250 0.0000
5.0000 -3.4375 0.0000
5.0000 -2.8125 0.0000
5.0000 -1.2500 0.0000
5.0000 -1.8750 0.0000
5.0000 -2.1875 0.0000
5.0000 -1.5625 0.0000
5.0000 -0.6250 0.0000
5.0000 -0.9375 0.0000
5.0000 -0.3125 0.0000
5.0000 2.5000 0.0000
5.0000 1.2500 0.0000
5.0000 0.6250 0.0000
5.0000 0.3125 0.0000
5.0000 0.9375 0.0000
5.0000 1.8750 0.0000
5.0000 1.5625 0.0000
5.0000 2.1875 0.0000
5.0000 3.7500 0.0000
5.0000 3.1250 0.0000
5.0000 2.8125 0.0000
5.0000 3.4375 0.0000
5.0000 4.3750 0.0000
5.0000 4.0625 0.0000
5.0000 4.6875 0.0000
-5.0000 -5.0000 0.0000
0.0000 -5.0000 0.0000
-2.5000 -5.0000 0.0000
-3.7500 -5.0000 0.0000
-4.3750 -5.0000 0.0000
-4.6875 -5.0000 0.0000
-4.0625 -5.0000 0.0000
-3.1250 -5.0000 0.0000
-3.4375 -5.0000 0.0000
-2.8125 -5.0000 0.0000
-1.2500 -5.0000 0.0000
-1.8750 -5.0000 0.0000
-2.1875 -5.0000 0.0000
-1.5625 -5.0000 0.0000
-0.6250 -5.0000 0.0000
-0.9375 -5.0000 0.0000
-0.3125 -5.0000 0.0000
2.5000 -5.0000 0.0000
1.2500 -5.0000 0.0000
0.6250 -5.0000 0.0000
0.3125 -5.0000 0.0000
0.9375 -5.0000 0.0000
1.8750 -5.0000 0.0000
1.5625 -5.0000 0.0000
2.1875 -5.0000 0.0000
3.7500 -5.0000 0.0000
3.1250 -5.0000 0.0000
2.8125 -5.0000 0.0000
3.4375 -5.0000 0.0000
4.3750 -5.0000 0.0000
4.0625 -5.0000 0.0000
4.6875 -5.0000 0.0000
-5.0000 5.0000 0.0000
-5.0000 0.0000 0.0000
-5.0000 2.5000 0.0000
-5.0000 3.7500 0.0000
-5.0000 4.3750 0.0000
-5.0000 4.6875 0.0000
-5.0000 4.0625 0.0000
-5.0000 3.1250 0.0000
-5.0000 3.4375 0.0000
-5.0000 2.8125 0.0000
-5.0000 1.2500 0.0000
-5.0000 1.8750 0.0000
-5.0000 2.1875 0.0000
-5.0000 1.5625 0.0000
-5.0000 0.6250 0.0000
-5.0000 0.9375 0.0000
-5.0000 0.3125 0.0000
-5.0000 -2.5000 0.0000
-5.0000 -1.2500 0.0000
-5.0000 -0.6250 0.0000
-5.0000 -0.3125 0.0000
-5.0000 -0.9375 0.0000
-5.0000 -1.8750 0.0000
-5.0000 -1.5625 0.0000
-5.0000 -2.1875 0.0000
-5.0000 -3.7500 0.0000
-5.0000 -3.1250 0.0000
-5.0000 -2.8125 0.0000
-5.0000 -3.4375 0.0000
-5.0000 -4.3750 0.0000
-5.0000 -4.0625 0.0000
-5.0000 -4.6875 0.0000
3.1229 1.1639 0.0004
-2.2473 -3.3492 0.0000
-0.2420 3.1900 0.0000
1.0440 4.0013 0.0000
4.2534 0.5841 0.0000
4.0035 0.4350 0.0000
3.7613 0.5900 0.0000
3.7353 0.3061 0.0000
-3.5997 0.5908 0.0000
4.7351 3.9205 0.0000
4.4951 3.7506 0.0000
4.2474 3.6905 0.0000
4.4481 3.4471 0.0000
4.2561 3.1705 0.0000
4.1376 3.4162 0.0000
3.9575 3.1721 0.0000
3.7927 2.9346 0.0000
-2.1470 -4.6894 0.0000
2.1034 3.3272 0.0000
3.6205 2.6826 0.0000
3.3778 2.5976 0.0000
3.2210 2.3631 0.0000
3.0994 2.1247 0.0000
3.0227 1.8976 0.0000
-1.6821 0.8562 0.0410
-1.8350 0.7471 0.0901
-1.9205 0.6782 0.1321
1.7868 -4.2304 0.0000
1.5041 -4.2781 0.0000
1.6818 -4.5064 0.0000
1.4209 -4.5224 0.0000
1.4051 -4.7585 0.0000
1.1239 -4.7627 0.0000
3.7790 -1.2683 0.0000
-2.0046 2.3483 0.0000
-2.5092 3.4870 0.0000
-2.6344 3.2281 0.0000
-3.7082 3.2322 0.0000
-2.1856 0.3005 0.3561
-2.2048 0.2089 0.3898
-2.2901 0.1736 0.3956
-2.1440 0.1371 0.3976
-2.2192 0.0996 0.4155
-2.3066 0.0838 0.4093
-2.3931 0.0948 0.3755
-2.4429 0.0114 0.3533
-2.3504 0.0020 0.4010
-2.4189 -0.0712 0.3647
-2.5063 -0.0798 0.3057
-2.4717 -0.1608 0.3189
-2.5600 -0.1662 0.2543
-3.0513 0.8263 0.0025
-1.2944 1.1548 0.0028
-1.4820 1.3141 0.0026
-1.7364 1.2746 0.0072
-1.8091 1.0390 0.0281
-3.1337 -0.0098 0.0043
4.7454 -1.1094 0.0000
2.2941 2.1716 0.0000
-2.9033 1.2827 0.0014
-3.1031 1.1239 0.0004
-0.4379 -3.0991 0.0000
0.7332 -0.5867 0.0035
2.4363 4.0201 0.0000
3.4880 1.5620 0.0000
4.2008 -0.0530 0.0000
3.9623 0.1299 0.0000
3.8958 -0.1536 0.0000
-1.7219 2.2744 0.0000
-1.9280 2.0375 0.0001
-4.4048 -3.4960 0.0000
1.0929 1.5042 0.0002
1.0089 1.2232 0.0008
0.7241 1.1672 0.0004
0.4359 1.1111 0.0003
-1.5238 -2.9454 0.0000
-0.7874 -1.3290 0.0002
-3.8824 -0.1087 0.0000
-4.0202 -0.3086 0.0000
-1.9496 0.7660 0.1100
-4.0912 -1.3527 0.0000
-4.3507 -1.3989 0.0000
-0.5625 -3.6111 0.0000
-0.7837 -3.7507 0.0000
1.1282 4.7550 0.0000
0.8441 4.7491 0.0000
0.5849 4.7449 0.0000
-3.9765 1.3935 0.0000
3.1323 0.8885 0.0009
0.6040 -0.8296 0.0012
0.5184 -1.1167 0.0003
0.2289 -1.1409 0.0002
-0.8451 2.9610 0.0000
-0.9327 2.6913 0.0000
-0.9997 2.4331 0.0000
-2.3684 0.6159 0.1982
-2.3374 0.5244 0.2465
-2.4288 0.5446 0.2113
-2.4101 0.4444 0.2601
-2.4487 0.3577 0.2765
-2.4954 0.4858 0.2063
-2.5207 0.4036 0.2213
-2.5396 0.3141 0.2364
-2.6629 0.2900 0.1579
-2.4342 0.2800 0.3104
-2.4949 0.2417 0.2850
-2.5972 0.2424 0.2128
-2.6442 0.1581 0.1904
-2.5940 0.4577 0.1632
-2.6142 0.3649 0.1749
-2.6809 0.3933 0.1278
-2.7361 0.3322 0.1059
-2.7858 0.2542 0.0872
-2.7102 0.2180 0.1363
-2.7393 0.1348 0.1244
-2.8149 0.1363 0.0797
-2.6867 0.0636 0.1653
-2.7655 0.0338 0.1113
-1.9090 -0.8692 0.0713
-2.0425 -1.1871 0.0229
-2.2685 -1.2771 0.0168
-1.6613 1.5444 0.0013
1.1489 -2.5218 0.0000
2.2682 -0.2548 0.3311
2.2183 -0.3347 0.3052
2.1487 -0.4193 0.2655
2.0658 -0.4463 0.2366
2.0063 -0.5225 0.1914
1.9151 -0.5250 0.1621
2.1040 -0.5236 0.2157
2.0588 -0.6055 0.1744
1.9568 -0.6154 0.1455
1.8652 -0.6114 0.1213
1.6972 -0.7217 0.0580
-3.1300 -2.5335 0.0000
-3.2605 -2.8012 0.0000
-3.4272 -3.0244 0.0000
-0.7764 4.7423 0.0000
-0.4070 -2.4002 0.0000
-0.6226 -2.2933 0.0000
-0.7603 -2.4791 0.0000
-1.6518 -0.1871 0.1567
-1.7079 -0.2714 0.1698
-1.7566 -0.3542 0.1745
-1.7036 -0.4331 0.1361
-4.4850 -2.4485 0.0000
-4.7503 -2.5192 0.0000
-1.4465 0.3661 0.0659
-1.4793 0.2481 0.0858
-1.5692 0.3048 0.1064
-1.5706 0.2003 0.1194
-1.3257 0.2278 0.0526
-1.4687 0.1444 0.0909
-1.5680 0.1027 0.1265
-1.6580 0.1527 0.1594
-1.6513 0.0590 0.1634
-1.7310 0.0829 0.2006
-1.6769 -0.0234 0.1771
4.5127 -2.2083 0.0000
4.5617 -0.5179 0.0000
-3.7353 -1.0009 0.0000
-3.8177 -1.2727 0.0000
-3.9011 -1.5618 0.0000
-4.4832 1.6568 0.0000
-4.7514 1.7571 0.0000
4.2722 -2.6737 0.0000
4.0268 -2.8262 0.0000
-4.2238 1.5166 0.0000
-4.4650 1.3880 0.0000
-0.0198 3.0260 0.0000
-4.7441 0.1477 0.0000
-1.6739 -4.0401 0.0000
-1.7500 -4.3000 0.0000
-1.7993 -4.5561 0.0000
-0.4494 0.9343 0.0007
3.5730 -4.2637 0.0000
-4.7031 -3.5271 0.0000
-4.7570 -3.7769 0.0000
4.7548 -2.9620 0.0000
2.3558 3.7457 0.0000
2.1242 3.5907 0.0000
1.3469 -1.9560 0.0000
1.0721 -2.0335 0.0000
1.2567 -2.2404 0.0000
-2.5211 0.7200 0.1146
-2.6236 0.7859 0.0665
-2.6551 0.6670 0.0821
-2.3592 0.7121 0.1588
-2.4455 0.6667 0.1567
-2.4873 0.5989 0.1682
-2.5617 0.6441 0.1238
-2.5620 0.5485 0.1531
-2.6450 0.5646 0.1096
-2.7937 0.5847 0.0475
-2.6609 0.4874 0.1194
-2.7247 0.4537 0.0935
-2.8408 0.4093 0.0492
-0.0386 -2.1018 0.0000
-0.2964 -2.1706 0.0000
-4.2011 0.3889 0.0000
3.3361 -0.0719 0.0002
3.3245 -0.3640 0.0002
3.0625 -0.2396 0.0074
4.1168 -0.3130 0.0000
-4.7571 -4.7669 0.0000
-4.5092 4.0082 0.0000
0.5644 3.4532 0.0000
1.9223 -2.5554 0.0000
1.6203 -2.6562 0.0000
-0.8447 -2.7105 0.0000
-0.9694 -2.9667 0.0000
-1.2266 -3.1273 0.0000
-0.3099 0.4526 0.0021
-1.6323 -3.7117 0.0000
4.7559 -1.7300 0.0000
4.5192 -1.9073 0.0000
2.9731 -4.2549 0.0000
3.1246 -4.4972 0.0000
2.8190 -4.4955 0.0000
2.6811 -4.7516 0.0000
2.5147 1.2306 0.0137
2.3690 1.0423 0.0428
2.2958 0.8871 0.0829
2.2337 0.7903 0.1159
2.1708 0.7299 0.1366
1.5390 -2.1616 0.0000
0.3611 4.7081 0.0000
0.7932 -1.0718 0.0007
0.6865 -1.3626 0.0001
2.1748 3.9941 0.0000
-3.4916 2.3510 0.0000
-3.5542 2.0713 0.0000
3.9037 -4.7509 0.0000
2.7763 4.5085 0.0000
3.9821 1.3974 0.0000
2.2213 -1.4136 0.0062
1.9810 -1.5127 0.0032
1.7063 -1.6021 0.0009
2.1711 0.4466 0.2554
2.1280 0.3508 0.2874
2.0584 0.3050 0.2851
2.0054 0.2129 0.2912
1.9399 0.1493 0.2740
1.8786 0.0861 0.2509
1.7766 0.0802 0.2009
1.8485 0.0017 0.2385
1.8324 -0.0942 0.2258
1.7591 -0.0233 0.1938
1.7455 -0.1242 0.1812
1.6583 -0.1587 0.1407
-3.9669 -1.8400 0.0000
-4.0080 -2.1298 0.0000
-4.2238 -2.2961 0.0000
4.5215 4.7629 0.0000
-1.7601 3.4652 0.0000
4.5056 -1.5940 0.0000
4.2822 -1.7823 0.0000
0.4474 -2.8789 0.0000
-1.0321 3.5116 0.0000
-1.2515 3.3845 0.0000
-1.7187 4.7882 0.0000
-1.7575 4.5286 0.0000
-2.0081 4.4734 0.0000
1.0259 3.0325 0.0000
-0.2470 -1.8716 0.0000
0.5942 4.2119 0.0000
4.1025 2.9152 0.0000
3.9221 2.6857 0.0000
4.0559 2.4510 0.0000
3.7625 2.4284 0.0000
3.5003 2.3575 0.0000
3.6599 2.1292 0.0000
3.5635 1.8486 0.0000
-2.5020 0.8363 0.0847
-4.5129 2.4536 0.0000
-4.7692 2.3346 0.0000
-4.2524 -4.5035 0.0000
1.0852 3.4906 0.0000
0.7810 -2.1017 0.0000
-4.0152 -0.5844 0.0000
-4.2665 -0.4819 0.0000
3.3612 2.0726 0.0000
3.2670 1.7820 0.0000
3.9311 -1.4843 0.0000
3.7158 -1.6027 0.0000
1.2310 -3.3115 0.0000
3.0119 -1.4819 0.0002
-3.8089 -2.2836 0.0000
-3.3471 -3.3620 0.0000
2.0360 4.7587 0.0000
-1.3167 -1.4350 0.0007
0.0485 0.7862 0.0007
-0.0321 0.5097 0.0015
-2.1487 -2.8136 0.0000
-2.2900 -3.1081 0.0000
-2.4505 -2.8850 0.0000
-2.7391 -2.9393 0.0000
-2.5601 -3.1805 0.0000
-4.7000 2.8722 0.0000
-2.2601 -3.9573 0.0000
-0.2990 -3.6110 0.0000
-0.4983 -3.8623 0.0000
3.3324 -0.6413 0.0001
3.1017 -0.8091 0.0014
4.7371 4.5017 0.0000
-1.2528 -1.1534 0.0025
-1.5813 0.0005 0.1355
-1.6063 -0.0971 0.1441
-1.7031 -0.1049 0.1869
-1.7884 -0.0862 0.2321
-1.7520 -0.1857 0.2031
-1.8162 -0.2655 0.2210
-1.8416 -0.1647 0.2526
-1.9095 -0.3068 0.2561
-1.9168 -0.2185 0.2827
-2.0044 -0.2711 0.3110
-1.9707 -0.3653 0.2645
-2.0683 -0.3393 0.3116
-2.0264 -0.4277 0.2614
-2.0804 -0.4974 0.2466
-1.4146 4.1664 0.0000
-1.6851 4.0388 0.0000
-1.0563 0.5211 0.0127
1.7250 -2.3690 0.0000
-4.5000 -0.6463 0.0000
-4.4359 -0.9197 0.0000
-4.6338 -0.9531 0.0000
-4.7850 -1.1100 0.0000
-0.1466 -2.9894 0.0000
-0.2277 -3.2939 0.0000
-2.8682 -3.1789 0.0000
-3.0455 -3.3760 0.0000
-3.1948 -3.6184 0.0000
0.3644 -1.3564 0.0001
2.1648 -4.7421 0.0000
1.9378 -4.7386 0.0000
1.6811 -4.7519 0.0000
-1.4974 2.4531 0.0000
-2.1610 3.0730 0.0000
-2.2615 2.8204 0.0000
-2.4689 2.6527 0.0000
-2.8129 2.6917 0.0000
2.5481 0.2661 0.2153
2.5209 0.1718 0.2504
2.4198 0.1690 0.3090
2.3259 0.1741 0.3429
2.6142 0.2037 0.1834
2.6316 0.1217 0.1807
2.5534 0.0878 0.2385
2.4634 0.0828 0.2977
2.3621 0.0875 0.3463
2.3139 0.0066 0.3658
2.5246 -0.0075 0.2619
2.4152 0.0040 0.3281
2.3720 -0.0818 0.3431
2.2835 -0.0798 0.3672
2.2000 -0.0736 0.3702
2.3263 -0.1670 0.3442
2.2325 -0.1668 0.3563
2.1463 -0.1390 0.3526
2.1615 -0.2411 0.3308
-2.9444 -1.9872 0.0000
-3.2224 -2.0710 0.0000
0.8949 1.7191 0.0000
0.8093 1.4422 0.0001
0.6088 1.6575 0.0000
4.2299 0.2525 0.0000
4.4814 0.0689 0.0000
1.7996 2.2646 0.0000
-3.9262 3.0297 0.0000
-4.1822 2.7293 0.0000
-4.7410 0.7458 0.0000
4.7213 -0.7901 0.0000
4.4942 -0.9837 0.0000
1.2293 -3.6102 0.0000
0.9900 -3.4552 0.0000
0.7301 -3.5982 0.0000
2.3559 -2.7623 0.0000
2.2679 -2.9980 0.0000
1.9884 -3.0925 0.0000
1.7313 -3.2484 0.0000
-3.4505 -1.9518 0.0000
-3.7324 -2.0191 0.0000
2.0383 2.8756 0.0000
-0.2621 -3.9779 0.0000
-0.2465 -4.2550 0.0000
2.0180 -0.6896 0.1356
1.9303 -0.7108 0.1094
1.8406 -0.7015 0.0914
1.8241 -0.8461 0.0565
1.6176 -0.9040 0.0244
1.5557 -1.1471 0.0069
3.0364 -1.9702 0.0000
2.7484 -1.9779 0.0000
0.6789 -2.3742 0.0000
0.5166 -2.6003 0.0000
4.4932 -4.7584 0.0000
1.4695 3.7690 0.0000
1.2028 3.7387 0.0000
0.7188 -2.7458 0.0000
0.7574 -3.0016 0.0000
0.5377 -3.1667 0.0000
-0.1794 2.5296 0.0000
0.0040 2.2844 0.0000
-3.7577 1.8762 0.0000
4.7481 -1.4176 0.0000
-1.1457 -0.3420 0.0224
-1.2842 -0.5038 0.0278
-1.3285 -0.7086 0.0189
-1.4883 -0.5190 0.0576
-1.5513 -0.7608 0.0368
-4.7558 3.6145 0.0000
2.6236 0.0259 0.1913
2.6133 -0.0691 0.1972
2.5337 -0.1166 0.2493
2.5232 -0.2097 0.2425
2.4548 -0.2656 0.2693
2.4158 -0.3442 0.2643
2.4605 -0.0772 0.2998
2.4331 -0.1657 0.3029
2.3722 -0.2400 0.3123
2.3374 -0.3114 0.3009
2.2979 -0.3753 0.2857
2.2423 -0.4363 0.2659
2.1885 -0.5047 0.2359
1.4379 -2.4479 0.0000
1.3218 -2.7283 0.0000
1.6304 -1.8797 0.0001
-1.2062 4.5272 0.0000
-3.2976 0.6936 0.0002
-4.7512 3.3383 0.0000
0.4087 1.8710 0.0000
0.1223 1.8082 0.0000
0.3219 1.5964 0.0000
0.0330 1.5372 0.0000
1.4831 1.0692 0.0076
1.2139 1.0104 0.0039
2.2207 -4.4928 0.0000
-1.5045 -1.2705 0.0034
-1.7002 -3.3988 0.0000
-1.9831 -3.3320 0.0000
-2.0480 0.1578 0.3595
-2.0904 0.0741 0.3904
-2.1614 0.0279 0.4151
-2.2526 -0.0068 0.4228
-2.1706 -0.0705 0.4136
-2.2413 -0.1129 0.4132
-2.3220 -0.0878 0.4047
-2.0907 -0.1253 0.3834
-2.1764 -0.1821 0.3933
-2.2869 -0.1949 0.3898
-2.2233 -0.2740 0.3675
-2.3842 -0.1556 0.3694
-2.3742 -0.2386 0.3516
-2.3096 -0.3012 0.3489
-2.4112 -0.3291 0.3042
-2.4593 -0.2405 0.3080
-2.5489 -0.2438 0.2477
-2.6219 -0.2804 0.1878
-2.5110 -0.3157 0.2542
-2.5825 -0.3691 0.1934
-2.6685 -0.3538 0.1427
-2.6359 -0.4503 0.1407
-2.7107 -0.4190 0.1066
-2.7597 -0.5077 0.0702
1.8330 1.4253 0.0037
1.3749 1.5559 0.0004
1.5689 1.3550 0.0024
1.2905 1.2835 0.0014
-0.5869 0.3989 0.0039
-0.8587 0.3397 0.0092
-1.1115 0.2733 0.0236
-3.1905 3.9446 0.0000
-3.2728 3.6885 0.0000
-3.5157 3.7355 0.0000
-3.4960 3.4676 0.0000
1.5834 -0.0969 0.1175
1.5689 -0.1829 0.1066
1.4482 -0.1840 0.0728
1.3186 -0.2785 0.0425
1.0930 -0.3325 0.0178
1.0111 -0.5629 0.0086
0.9020 -0.8103 0.0029
3.8813 -4.2503 0.0000
3.7372 -4.5069 0.0000
1.4133 0.7917 0.0179
2.1774 0.8683 0.0890
2.0512 0.8816 0.0764
2.1243 0.7931 0.1105
2.0369 0.7881 0.1028
2.0531 0.7234 0.1269
1.9509 0.7810 0.0919
1.9866 0.6713 0.1336
1.9058 0.6053 0.1368
1.8183 0.7904 0.0662
1.8881 0.6962 0.1047
1.8189 0.6374 0.1049
1.8234 0.5429 0.1322
1.7211 0.6868 0.0702
1.7445 0.5674 0.1029
1.6330 0.5700 0.0733
1.4808 0.5344 0.0472
1.7103 0.4790 0.1130
1.6148 0.4369 0.0921
1.5188 0.3623 0.0763
1.4635 0.2359 0.0743
1.2878 0.5676 0.0216
1.0705 0.5097 0.0111
1.3384 0.3563 0.0396
1.1540 0.2891 0.0219
-0.7701 -0.1140 0.0082
-0.8928 -0.3617 0.0092
4.2363 4.7545 0.0000
2.8035 2.7398 0.0000
2.7206 2.4846 0.0000
-4.4488 4.2592 0.0000
3.5199 0.7696 0.0000
3.2707 0.6848 0.0003
0.2797 -0.3088 0.0021
0.4757 -4.7251 0.0000
0.1698 -4.7569 0.0000
-0.1230 -1.0265 0.0003
2.5571 0.6788 0.0993
2.4616 0.7091 0.1165
2.5708 0.5859 0.1197
2.4791 0.6203 0.1411
2.4909 0.5323 0.1670
-4.0323 2.2675 0.0000
-4.4951 3.4755 0.0000
0.7093 4.4908 0.0000
-1.9220 0.2546 0.2745
-1.9554 0.1735 0.3110
-1.9894 0.0891 0.3426
-2.0254 0.0188 0.3660
-2.0909 -0.0315 0.3940
2.5995 -1.7585 0.0004
2.4124 -1.9404 0.0002
-0.3165 2.0670 0.0000
-0.6542 1.8983 0.0000
-4.2252 -2.8801 0.0000
-2.8926 -4.4688 0.0000
-3.1407 -4.6035 0.0000
-3.9289 -3.9297 0.0000
-4.2302 -3.9936 0.0000
-3.5920 4.2465 0.0000
-3.7358 3.9950 0.0000
-4.0025 4.0009 0.0000
2.6444 4.2130 0.0000
-2.7114 1.5576 0.0011
-2.9842 1.4858 0.0002
-2.1927 2.1700 0.0000
-1.0563 4.7530 0.0000
-1.3445 4.7710 0.0000
-2.2107 1.5693 0.0033
-2.4524 1.4320 0.0059
-2.6680 1.2599 0.0073
-2.8432 1.0237 0.0077
2.5686 -2.6554 0.0000
2.6025 -2.9400 0.0000
2.4556 -3.1675 0.0000
-0.3701 -2.8465 0.0000
0.0658 3.6226 0.0000
0.0212 3.3171 0.0000
3.6990 3.6988 0.0000
3.5512 3.4756 0.0000
3.3825 3.2788 0.0000
-4.5404 -1.2260 0.0000
-4.7433 -1.4111 0.0000
-4.5173 -1.5720 0.0000
-4.7562 -1.7138 0.0000
-1.4262 4.4334 0.0000
-0.4047 3.9092 0.0000
-0.4710 3.6439 0.0000
-0.6891 3.4988 0.0000
-0.8728 3.3321 0.0000
-4.7365 4.2129 0.0000
3.1629 -1.1214 0.0002
-0.5249 0.6706 0.0019
-0.7935 0.6011 0.0046
1.4942 -1.4085 0.0014
2.0236 3.7848 0.0000
1.7713 3.7554 0.0000
-2.4419 4.7347 0.0000
-2.5837 4.4855 0.0000
-2.7524 4.2319 0.0000
-3.3818 -0.7018 0.0001
-3.6631 -0.7033 0.0000
-4.2124 -1.6605 0.0000
-4.4832 -1.8468 0.0000
-4.7415 -2.0003 0.0000
-4.2345 -1.9746 0.0000
-4.4773 -2.1454 0.0000
-4.7383 -2.2740 0.0000
2.6566 0.4418 0.1160
1.9491 2.5998 0.0000
1.7211 2.5243 0.0000
1.7299 4.7593 0.0000
1.4258 4.7587 0.0000
-3.9250 -2.7628 0.0000
-4.0159 -3.0583 0.0000
-0.6691 0.1383 0.0063
-0.9404 0.0936 0.0144
-1.1895 0.0516 0.0358
-1.0337 -0.1335 0.0188
-4.7482 3.0864 0.0000
-2.0049 0.9867 0.0559
-1.8702 0.8680 0.0662
-1.9896 0.8579 0.0883
-2.0993 0.8892 0.0931
-2.1479 0.8075 0.1268
-2.0537 0.7878 0.1224
4.7600 -2.0434 0.0000
1.5887 4.5150 0.0000
4.5351 -4.5291 0.0000
-4.2270 1.1886 0.0000
-4.4459 0.8886 0.0000
4.7624 -4.7622 0.0000
1.3518 0.1306 0.0544
1.3535 -0.0512 0.0568
1.1714 -0.1145 0.0288
0.8256 -0.3458 0.0070
-1.2623 -2.8829 0.0000
-1.4706 -3.2244 0.0000
-0.0028 -4.2597 0.0000
0.0321 -4.5026 0.0000
-0.1289 -4.7628 0.0000
-0.2295 -4.5154 0.0000
-0.4276 -4.7440 0.0000
-0.9585 1.8758 0.0000
4.3263 4.2657 0.0000
4.1111 4.1908 0.0000
3.8888 4.1291 0.0000
3.9485 3.8873 0.0000
-2.6738 -0.1168 0.1720
-2.7462 -0.1494 0.1189
-2.6415 -0.1905 0.1886
-2.7089 -0.2403 0.1346
-2.7348 -0.3183 0.1087
-2.8370 -0.3766 0.0543
-2.4622 -4.2201 0.0000
-0.2169 3.4812 0.0000
-0.4834 3.3435 0.0000
2.3886 1.4492 0.0053
2.3303 4.2619 0.0000
4.4883 1.3358 0.0000
4.7573 -2.3518 0.0000
4.7562 -2.6597 0.0000
-4.1927 4.7593 0.0000
0.9715 -2.2990 0.0000
0.8721 -2.5580 0.0000
-1.2416 -3.4144 0.0000
-1.4817 -3.5330 0.0000
-1.0124 0.7751 0.0052
-1.2755 0.6820 0.0177
-1.2758 0.4391 0.0323
-2.2790 4.4771 0.0000
4.2011 3.9463 0.0000
3.9884 3.6487 0.0000
3.8294 3.4228 0.0000
-2.2384 3.5424 0.0000
-2.3370 3.2760 0.0000
-2.4550 3.0148 0.0000
-2.6363 2.8565 0.0000
-2.1894 -2.0114 0.0001
-0.8404 -2.1407 0.0000
-0.9787 -2.3879 0.0000
-1.0895 -2.6486 0.0000
0.4631 -0.5656 0.0019
0.2648 -0.6658 0.0011
0.3491 -0.8846 0.0006
0.0925 -0.9310 0.0004
-0.9475 1.1073 0.0011
-0.7599 0.8807 0.0017
-1.1465 0.9609 0.0040
4.7727 4.7651 0.0000
4.4421 4.5226 0.0000
3.4529 0.2089 0.0000
-4.2515 -3.1816 0.0000
-4.5056 -3.2685 0.0000
-1.7161 0.5949 0.0976
-1.7249 0.5005 0.1223
-1.8047 0.4555 0.1632
-1.8916 0.4164 0.2113
-1.9081 0.3327 0.2454
-1.9931 0.3400 0.2821
-2.0171 0.2553 0.3205
-2.1139 0.2212 0.3680
4.2398 -1.4698 0.0000
4.7445 -0.0403 0.0000
4.4444 -0.1979 0.0000
-3.0020 -4.1698 0.0000
-3.2070 -4.3597 0.0000
-3.6055 -1.4647 0.0000
-3.2002 1.9164 0.0000
-3.4709 1.7991 0.0000
3.3055 -4.3092 0.0000
-1.9643 -4.1118 0.0000
-2.0270 -4.4221 0.0000
-2.3125 -4.4633 0.0000
2.7693 -3.5033 0.0000
2.7573 -3.7985 0.0000
2.5059 -3.9759 0.0000
2.3841 -4.2394 0.0000
1.0481 2.2775 0.0000
0.7803 2.2132 0.0000
0.1522 -2.9160 0.0000
0.3035 -3.1514 0.0000
0.0419 -3.2048 0.0000
0.5218 3.1826 0.0000
0.4767 2.9061 0.0000
0.9211 0.9464 0.0019
4.2155 1.2042 0.0000
3.9480 1.0850 0.0000
-0.1791 4.7699 0.0000
-0.4724 4.7787 0.0000
-0.3439 4.5308 0.0000
-0.6070 4.5485 0.0000
-0.6915 4.3392 0.0000
-3.4319 -4.5413 0.0000
-2.7281 -4.2151 0.0000
2.7164 -1.4687 0.0016
4.7705 1.7805 0.0000
1.3439 3.4701 0.0000
1.3121 3.1939 0.0000
1.6852 -3.9906 0.0000
1.4528 -4.0280 0.0000
-3.0332 4.2198 0.0000
-1.5628 1.0554 0.0123
-1.3971 0.8886 0.0135
-1.5438 0.7101 0.0420
-1.6214 0.5495 0.0817
-1.6542 0.4473 0.1106
-4.7609 3.9064 0.0000
-0.3553 -1.5720 0.0000
-0.6335 -1.5588 0.0000
4.2352 0.9029 0.0000
4.0079 0.7477 0.0000
-3.6319 2.9340 0.0000
-3.9113 2.7809 0.0000
-0.0277 -3.4883 0.0000
4.5132 -2.5144 0.0000
4.5105 -2.8254 0.0000
-2.6892 1.8722 0.0001
-0.2658 2.2977 0.0000
-0.5499 2.1435 0.0000
-0.7707 2.3669 0.0000
-0.8146 2.1304 0.0000
-2.2089 -4.1932 0.0000
-3.3880 -1.6454 0.0000
-3.6714 -1.7456 0.0000
-0.9927 -3.2755 0.0000
3.7615 0.8683 0.0000
3.6350 1.0818 0.0000
3.3811 0.9886 0.0000
-3.5749 -3.2491 0.0000
2.8790 -1.7229 0.0001
1.5519 3.0208 0.0000
-1.5898 -0.4151 0.1006
-1.6321 -0.4928 0.0992
-1.7261 -0.5218 0.1226
-1.6301 -0.6084 0.0750
-1.7297 -0.7175 0.0748
-1.8166 -0.5522 0.1437
-1.7496 -0.6132 0.1060
-1.8420 -0.6406 0.1242
-1.8482 -0.7559 0.0911
-4.4928 4.7453 0.0000
-4.7601 4.7619 0.0000
2.6155 -0.1695 0.1873
2.6024 -0.2643 0.1820
2.5676 -0.4312 0.1658
2.5228 -0.3325 0.2154
2.4681 -0.4231 0.2169
2.6609 -0.4688 0.1098
2.5971 -0.5264 0.1275
2.5046 -0.5139 0.1727
2.6673 -0.6049 0.0807
2.5478 -0.6079 0.1275
2.4921 -0.6842 0.1253
-3.5870 -2.7854 0.0000
-3.7409 -3.0195 0.0000
-4.7497 -4.5131 0.0000
2.6407 4.7550 0.0000
1.5529 2.2428 0.0000
1.2483 2.0566 0.0000
-3.4705 -3.5793 0.0000
-3.6876 -3.7610 0.0000
4.7634 2.6024 0.0000
4.7115 2.3381 0.0000
-3.9913 1.6920 0.0000
0.1766 4.4514 0.0000
0.0590 4.1969 0.0000
-0.1465 4.3038 0.0000
-0.2563 4.0814 0.0000
0.1074 4.7499 0.0000
-0.0684 4.5239 0.0000
-2.1812 1.8733 0.0004
-2.4483 1.7212 0.0010
4.2101 -4.7411 0.0000
2.9163 4.2885 0.0000
2.9102 4.0044 0.0000
2.6471 3.8849 0.0000
-3.4240 3.1849 0.0000
1.7425 1.9573 0.0001
1.6652 1.6610 0.0006
0.1106 -0.4799 0.0015
0.0014 -0.7256 0.0008
-0.2611 -0.7872 0.0007
0.9734 -3.7498 0.0000
0.7164 -3.8864 0.0000
1.7680 -0.6016 0.0974
1.6427 -0.5786 0.0715
1.4705 -0.7104 0.0284
1.3682 -0.9483 0.0084
1.2809 -1.2104 0.0019
0.9723 1.9954 0.0000
0.6929 1.9331 0.0000
1.2584 2.9072 0.0000
0.9775 2.7709 0.0000
-2.7295 3.7449 0.0000
-3.0046 3.6498 0.0000
-0.4443 -0.5538 0.0019
-1.0474 -0.6060 0.0093
-1.1404 -0.8833 0.0052
-1.8149 -2.4133 0.0000
-2.1053 -2.5000 0.0000
-2.2832 -2.2996 0.0000
-2.3623 -2.6036 0.0000
-3.2115 3.4058 0.0000
2.6090 -0.7220 0.0773
2.5139 -0.8131 0.0824
2.4334 -0.7495 0.1205
2.3690 -0.8025 0.1140
2.4300 -0.8934 0.0766
2.2955 -0.8433 0.1059
2.3037 -0.9632 0.0667
2.4809 -1.0531 0.0350
2.1426 -1.0185 0.0512
2.2769 -1.1686 0.0235
2.0222 -1.2123 0.0166
2.1612 -0.7686 0.1300
2.0878 -0.7880 0.1147
2.1939 -0.8624 0.0991
2.0818 -0.8734 0.0867
2.0272 -0.7647 0.1127
1.9596 -0.8064 0.0883
1.9724 -0.9571 0.0529
1.8004 -1.0702 0.0215
1.7726 -1.3269 0.0052
-1.6245 -1.5072 0.0013
-1.8220 -1.6490 0.0009
2.2163 1.6523 0.0015
2.0907 1.4358 0.0053
-3.8765 4.2558 0.0000
-4.1670 4.2488 0.0000
2.5176 2.6605 0.0000
-0.0204 -0.2448 0.0021
-0.1660 -0.5065 0.0014
-1.5225 4.6520 0.0000
-1.7166 -2.1498 0.0000
-2.0032 -2.2200 0.0000
-3.6930 2.6482 0.0000
-3.7356 2.4098 0.0000
4.7498 2.0577 0.0000
-2.0371 3.3311 0.0000
-3.7917 2.1710 0.0000
1.7434 4.2704 0.0000
-1.9496 -4.7657 0.0000
-1.7977 -1.3052 0.0071
3.5960 -4.7623 0.0000
0.4999 2.1471 0.0000
0.2108 2.0819 0.0000
3.2329 4.7624 0.0000
2.6140 3.5941 0.0000
2.3677 3.4275 0.0000
1.2014 2.5908 0.0000
-3.1658 -1.8056 0.0000
0.8015 3.2567 0.0000
1.0633 3.2595 0.0000
0.7589 2.9872 0.0000
-2.4098 -4.7397 0.0000
3.8556 -0.4581 0.0000
-2.5125 -0.7658 0.0996
-2.6925 -0.7967 0.0472
2.5195 -3.6823 0.0000
2.2781 -3.7666 0.0000
2.2227 -4.0003 0.0000
1.9617 -3.9640 0.0000
2.0802 -4.2386 0.0000
1.9434 -4.4892 0.0000
4.3422 -0.4226 0.0000
4.1256 -0.6038 0.0000
1.1478 -1.7493 0.0000
0.8865 -1.8385 0.0000
-1.1942 3.9999 0.0000
2.8725 0.9512 0.0083
-0.6077 -0.3305 0.0045
-0.7406 -0.5846 0.0038
2.9405 -1.2577 0.0011
-2.6673 -1.8984 0.0002
-3.7271 -4.4912 0.0000
1.5205 -2.9227 0.0000
1.2500 -3.0118 0.0000
0.8377 0.6554 0.0036
-1.4485 -1.6627 0.0003
-1.6159 -1.8709 0.0001
-1.9056 -1.9334 0.0001
2.3424 4.7529 0.0000
-2.6096 0.9856 0.0339
-2.8084 0.7843 0.0245
3.4864 -2.1934 0.0000
3.1957 -2.2301 0.0000
-4.5064 -0.3264 0.0000
-4.7507 -0.4693 0.0000
-4.7622 -0.7641 0.0000
-0.7575 -4.0312 0.0000
1.0007 4.5006 0.0000
0.8767 4.2443 0.0000
0.7579 3.9820 0.0000
1.6089 4.0128 0.0000
1.5972 3.5500 0.0000
-4.2001 -3.7245 0.0000
-4.4852 -3.7613 0.0000
-4.4869 -4.0116 0.0000
-2.9430 0.2324 0.0278
-3.1671 0.2660 0.0023
2.6560 0.5422 0.0961
2.5668 0.4820 0.1500
2.4753 0.4336 0.2071
2.5774 0.3865 0.1699
2.5063 0.3399 0.2212
2.4572 0.2546 0.2705
2.4149 0.3457 0.2628
2.3617 0.2579 0.3105
1.8604 3.1339 0.0000
1.1248 0.7616 0.0070
0.9109 0.3423 0.0088
-4.0210 4.5071 0.0000
-4.2967 4.5070 0.0000
1.8253 -2.8008 0.0000
1.7432 -3.0005 0.0000
1.4860 -3.1957 0.0000
-1.2402 -4.5269 0.0000
-1.1438 -4.7634 0.0000
-1.4186 -4.7515 0.0000
3.6665 3.9765 0.0000
3.4394 3.8299 0.0000
3.3583 3.6128 0.0000
-2.8817 -1.7127 0.0002
0.4674 -1.5799 0.0000
0.3809 -1.8347 0.0000
4.7427 0.2188 0.0000
-0.7563 -1.8623 0.0000
-1.0195 -1.8985 0.0000
-2.6326 -1.0021 0.0292
-2.7506 -1.1841 0.0074
-2.8837 0.0164 0.0509
-2.9382 -0.1566 0.0313
-3.0431 -0.3309 0.0098
-3.3108 -0.2183 0.0003
-3.2046 -0.5131 0.0011
-3.4940 -0.4351 0.0000
-4.2860 0.1395 0.0000
-4.4968 -0.0165 0.0000
-4.7510 -0.1605 0.0000
-2.0218 0.6977 0.1505
-2.1228 0.7168 0.1610
-2.2200 0.7426 0.1569
-1.9954 0.6070 0.1794
-2.0950 0.6284 0.1947
-2.1690 0.5617 0.2366
-2.1943 0.6474 0.1985
-2.2842 0.6906 0.1776
-2.2786 0.6128 0.2136
-2.2496 0.5364 0.2517
-2.3136 0.4406 0.2901
-2.1394 0.4772 0.2720
-2.1564 0.3895 0.3147
-2.2264 0.4592 0.2891
-2.3536 0.3522 0.3185
-3.9132 -4.7388 0.0000
-4.1831 2.9896 0.0000
-4.4353 2.9642 0.0000
-4.7543 -3.2611 0.0000
-2.3621 -3.7014 0.0000
3.6520 4.2579 0.0000
3.4166 4.1284 0.0000
3.1849 3.9231 0.0000
3.1104 3.6931 0.0000
2.2497 -0.5700 0.2114
2.1612 -0.6031 0.1931
2.2089 -0.6823 0.1659
2.1093 -0.6905 0.1523
4.7548 0.7908 0.0000
4.7502 0.5014 0.0000
4.4851 0.3577 0.0000
4.2268 -3.5716 0.0000
3.9828 -3.7087 0.0000
-0.5503 1.3932 0.0001
-0.6494 1.1363 0.0004
0.6921 -1.6608 0.0000
-0.4684 1.6320 0.0000
-0.7311 1.6467 0.0000
-0.8280 1.3667 0.0002
-3.3092 -1.3516 0.0000
-4.5135 1.1524 0.0000
-4.7417 1.0068 0.0000
3.2182 0.4312 0.0010
2.9972 2.9220 0.0000
4.2339 -3.2641 0.0000
-4.2562 -0.1772 0.0000
-3.7261 1.5979 0.0000
4.2604 -2.0737 0.0000
-0.1882 -0.0274 0.0027
-0.3184 -0.2846 0.0025
-0.4869 -0.0714 0.0044
2.3795 2.4293 0.0000
2.0712 2.3616 0.0000
1.4243 -1.6785 0.0002
1.8890 4.5144 0.0000
2.0404 4.2632 0.0000
-0.4962 2.3928 0.0000
-1.2659 -0.1458 0.0447
-1.3624 0.0588 0.0667
-1.3984 -0.0575 0.0758
-1.4322 -0.1727 0.0804
-1.4982 -0.2543 0.0935
-1.4878 0.0390 0.1014
-1.5049 -0.0559 0.1074
-1.5254 -0.1393 0.1115
-1.5684 -0.2059 0.1220
-1.3760 -0.3281 0.0549
-1.5284 -0.3484 0.0917
-1.6074 -0.2856 0.1272
-1.6559 -0.3582 0.1338
2.6547 3.3085 0.0000
-3.3002 -4.7822 0.0000
-0.5552 -2.6312 0.0000
-3.5364 -2.2461 0.0000
-3.2925 -2.3053 0.0000
-3.4244 -2.5468 0.0000
-3.7084 -2.5334 0.0000
2.4916 4.4935 0.0000
-2.9219 -0.6242 0.0177
-3.1402 -0.7972 0.0012
-3.2284 -1.0504 0.0002
-3.5251 -1.1909 0.0000
4.7681 -3.2486 0.0000
0.2882 3.3959 0.0000
0.2488 3.1121 0.0000
-2.6382 -3.6943 0.0000
-2.8077 -3.9376 0.0000
-0.7777 -3.4507 0.0000
-1.0217 -3.5874 0.0000
-4.0192 1.9853 0.0000
-0.6893 3.8462 0.0000
-0.8539 3.6570 0.0000
0.5398 0.6410 0.0018
0.2449 0.5809 0.0015
-0.7060 3.1712 0.0000
-1.0491 3.1695 0.0000
-1.1294 2.8906 0.0000
-1.2410 2.6134 0.0000
-2.0368 -1.4501 0.0052
-2.1075 -1.7271 0.0009
0.4991 -3.4394 0.0000
0.2556 -3.4199 0.0000
0.4541 -3.7249 0.0000
0.2225 -3.9391 0.0000
-0.0043 -4.0173 0.0000
-0.4866 3.0515 0.0000
-0.2880 2.8869 0.0000
3.9899 -2.2707 0.0000
3.7024 -2.4048 0.0000
3.8174 -2.6475 0.0000
3.5634 -2.6949 0.0000
4.4839 1.0855 0.0000
4.4981 0.8419 0.0000
4.5066 0.6193 0.0000
0.2171 -1.6560 0.0000
0.0470 -1.8302 0.0000
-2.9066 -0.9447 0.0073
-4.2068 -0.7952 0.0000
-4.2880 -1.1173 0.0000
-1.7573 2.8341 0.0000
-1.8154 2.5356 0.0000
-2.4882 -0.3974 0.2402
-2.4763 -0.4884 0.2116
-2.5559 -0.4660 0.1801
-2.6494 -0.5322 0.1140
-2.5618 -0.5519 0.1496
-2.6111 -0.6266 0.1070
-2.5829 -0.7128 0.0944
-2.7113 -0.6374 0.0676
1.8616 3.4683 0.0000
1.9927 1.1817 0.0187
2.2433 1.2237 0.0195
2.1500 1.0100 0.0511
1.9111 0.9494 0.0458
1.6614 0.8869 0.0294
1.7446 1.1373 0.0130
4.0207 -1.9832 0.0000
3.7612 -2.1149 0.0000
3.2067 -4.1075 0.0000
2.6468 -4.2890 0.0000
2.5007 -4.5192 0.0000
2.4000 -4.7611 0.0000
-3.3866 -3.8356 0.0000
-3.6039 -4.0176 0.0000
4.2355 2.6446 0.0000
4.4340 2.4172 0.0000
4.2212 2.2701 0.0000
3.9422 2.1886 0.0000
3.8598 1.9136 0.0000
0.1606 -2.3008 0.0000
-1.1414 -2.1474 0.0000
-1.2665 -2.3977 0.0000
-1.3797 -2.6511 0.0000
-1.4385 -2.1471 0.0000
-1.5551 -2.4134 0.0000
-1.6356 -2.6839 0.0000
4.3962 -0.7344 0.0000
4.1650 -0.8903 0.0000
-4.4913 -4.7531 0.0000
-1.4517 3.8706 0.0000
-1.7230 3.7589 0.0000
-0.0720 2.7551 0.0000
-0.4033 2.6533 0.0000
2.7682 1.1946 0.0058
2.6045 0.9873 0.0305
2.1664 0.1649 0.3515
2.0709 0.1390 0.3314
1.9962 0.0935 0.3074
2.1532 0.0749 0.3634
2.0641 0.0380 0.3400
1.9451 0.0303 0.2872
2.0123 -0.0266 0.3189
1.9220 -0.0629 0.2736
0.9048 2.4966 0.0000
2.9702 0.6483 0.0096
2.9640 0.3379 0.0185
2.7752 0.3349 0.0750
2.6977 0.2058 0.1292
2.7888 0.4963 0.0533
2.6828 0.3718 0.1154
2.7013 0.2741 0.1193
2.6247 0.3070 0.1598
-3.6050 0.2950 0.0000
-3.7478 0.0982 0.0000
4.7391 3.6124 0.0000
4.7410 3.3369 0.0000
4.7729 3.0718 0.0000
4.6961 2.8657 0.0000
4.5264 3.1559 0.0000
4.4052 2.9090 0.0000
4.5171 2.6503 0.0000
-3.4641 3.9773 0.0000
-4.0032 3.7582 0.0000
3.7092 1.3415 0.0000
3.4151 1.2740 0.0000
3.7589 -3.5253 0.0000
-0.1528 0.9942 0.0004
-0.2384 0.7244 0.0010
-1.1561 -1.6582 0.0001
-1.3097 -1.9047 0.0000
2.1161 -2.0027 0.0001
1.8272 -2.0836 0.0000
-4.2469 1.8213 0.0000
-2.4682 -2.0965 0.0001
-2.7411 -2.1835 0.0000
-3.5332 -0.0641 0.0000
-3.6792 -0.2415 0.0000
-3.7905 -0.4685 0.0000
2.7915 3.1042 0.0000
2.6186 2.9413 0.0000
4.7387 -4.2103 0.0000
-3.2909 4.7505 0.0000
-3.5898 4.7547 0.0000
-3.7327 4.5064 0.0000
0.1708 0.2949 0.0023
-0.0981 0.2297 0.0024
-0.3862 0.1862 0.0035
-2.5242 -3.9645 0.0000
0.5227 1.3831 0.0001
0.2333 1.3241 0.0001
0.1411 1.0550 0.0003
-4.5206 2.2054 0.0000
-4.7620 2.0437 0.0000
-3.4626 -0.9273 0.0000
-3.0471 -2.9843 0.0000
-3.2119 -3.1506 0.0000
-1.9176 -0.6874 0.1283
-1.9660 -0.7622 0.1131
-2.0351 -0.8397 0.0980
-2.0410 -0.9759 0.0598
-2.0037 -0.6634 0.1570
-2.0614 -0.7397 0.1376
-2.1251 -0.8148 0.1164
-2.1528 -0.9039 0.0876
-2.2271 -1.0498 0.0503
-3.6080 -4.7591 0.0000
-2.6931 -4.7400 0.0000
-2.9676 -4.7719 0.0000
3.6000 4.7897 0.0000
3.4130 4.6456 0.0000
3.5676 4.4567 0.0000
3.3176 4.3948 0.0000
-4.2776 -4.2618 0.0000
-1.0671 2.1577 0.0000
-1.2701 1.9844 0.0000
1.7631 2.8297 0.0000
-0.6584 -2.9009 0.0000
-0.7288 -3.1679 0.0000
-3.9923 -2.4647 0.0000
-4.2226 -2.6018 0.0000
-2.9935 2.8701 0.0000
-3.1771 2.7249 0.0000
-3.4519 2.6462 0.0000
-1.9790 1.7111 0.0010
-1.6771 -4.7704 0.0000
0.9352 -4.6000 0.0000
0.7704 -4.7787 0.0000
-2.1667 -0.3540 0.3296
-2.2444 -0.3833 0.3211
-2.3002 -0.4746 0.2725
-2.3335 -0.3905 0.3056
-2.4038 -0.4278 0.2671
-2.3887 -0.5118 0.2349
-2.1243 -0.4250 0.2900
-2.1971 -0.4670 0.2802
-2.1432 -0.5505 0.2337
-2.2420 -0.5516 0.2393
-2.2850 -0.6371 0.1954
-2.3382 -0.5734 0.2185
-2.4042 -0.6287 0.1786
-2.4642 -0.5725 0.1831
-2.5196 -0.6413 0.1374
-2.3478 -0.6881 0.1646
-2.4597 -0.6938 0.1377
-0.5147 -1.7876 0.0000
-0.5307 -2.0537 0.0000
4.7564 1.5489 0.0000
-2.9175 -3.6566 0.0000
-3.0929 -3.8905 0.0000
-3.2968 -4.0943 0.0000
-3.5056 -4.2840 0.0000
3.4439 -4.5303 0.0000
3.2790 -4.7526 0.0000
2.9762 -4.7493 0.0000
1.2936 4.5097 0.0000
1.1646 4.2578 0.0000
0.6732 0.1499 0.0057
1.4774 -3.4702 0.0000
-4.5023 3.7444 0.0000
-1.7221 -0.8802 0.0418
-1.8565 -1.0541 0.0294
3.1744 3.4271 0.0000
3.0230 3.2163 0.0000
3.6659 0.0238 0.0000
3.6070 -0.2469 0.0000
2.4369 -1.5805 0.0023
-3.3501 0.4317 0.0001
-3.3873 0.1235 0.0001
-1.5183 -4.4882 0.0000
0.7654 -3.3043 0.0000
1.1564 0.0841 0.0266
0.9264 0.1136 0.0118
0.9393 -0.1118 0.0123
0.6873 -0.0897 0.0057
3.5670 -1.3994 0.0000
3.4498 -1.6678 0.0000
2.3385 2.8857 0.0000
2.2151 2.6383 0.0000
4.1330 4.4972 0.0000
3.8915 4.4050 0.0000
-4.4911 3.2041 0.0000
-4.2368 3.2413 0.0000
-1.9000 -2.6451 0.0000
-1.8333 -2.8904 0.0000
-1.7492 -3.1393 0.0000
-2.0359 -3.0785 0.0000
-2.5526 -2.3899 0.0000
-3.0156 -2.2631 0.0000
-2.8349 -2.4661 0.0000
-2.6454 -2.6709 0.0000
-2.9421 -2.7334 0.0000
4.4770 -4.0176 0.0000
4.4807 -4.2819 0.0000
0.6722 -4.4996 0.0000
-0.4035 1.8493 0.0000
4.0438 -1.7090 0.0000
3.8047 -1.8177 0.0000
2.0592 -0.2737 0.2943
2.1265 -0.3347 0.2932
2.0442 -0.3675 0.2589
1.9791 -0.2217 0.2766
1.8892 -0.2587 0.2274
1.9671 -0.3195 0.2457
1.9622 -0.4269 0.2102
1.8802 -0.3565 0.1992
1.7879 -0.3995 0.1516
1.8644 -0.4468 0.1680
1.8181 -0.5204 0.1319
1.7358 -0.4899 0.1132
-2.3215 -1.5332 0.0038
-2.3890 -1.8116 0.0005
3.7235 -3.7803 0.0000
3.7174 -4.0164 0.0000
3.4548 -4.0073 0.0000
0.0091 -1.2428 0.0001
-0.2228 -1.3217 0.0001
3.4975 0.4857 0.0000
2.7491 1.8029 0.0002
2.4849 1.7138 0.0009
0.2003 2.8304 0.0000
0.1172 2.5515 0.0000
1.2252 -4.2115 0.0000
1.1929 -4.4856 0.0000
4.0430 1.6983 0.0000
3.7700 1.6270 0.0000
0.4463 4.4480 0.0000
0.3093 4.1734 0.0000
2.2074 -3.2638 0.0000
2.2514 -3.5090 0.0000
1.9682 -3.4149 0.0000
2.0206 -3.6914 0.0000
1.7580 -3.7354 0.0000
0.4709 3.9430 0.0000
0.1859 3.8959 0.0000
3.2658 -1.4091 0.0000
3.1716 -1.7050 0.0000
2.7117 0.6945 0.0513
-3.7549 3.7485 0.0000
-3.7598 3.5016 0.0000
-3.9880 3.2753 0.0000
-4.2640 3.9934 0.0000
-2.4106 2.3374 0.0000
-2.6668 2.4800 0.0000
-2.8858 2.3337 0.0000
2.9078 -2.2259 0.0000
2.7582 -2.4459 0.0000
4.3043 1.7798 0.0000
-2.5987 -1.6176 0.0013
-4.2758 2.1324 0.0000
-4.5043 1.9317 0.0000
-0.4201 4.2869 0.0000
-0.5927 4.0916 0.0000
-0.8882 4.1304 0.0000
-0.9814 3.8663 0.0000
3.0406 -0.5230 0.0058
2.7929 -0.5240 0.0481
2.8268 -0.7302 0.0223
2.8978 -0.9847 0.0052
2.6536 -0.9109 0.0340
2.6939 -1.1678 0.0091
2.4789 -1.3113 0.0097
2.5895 2.2742 0.0000
2.5269 1.9954 0.0001
2.2420 1.9015 0.0003
-4.7582 0.4483 0.0000
-3.8282 0.4496 0.0000
-3.9689 0.2462 0.0000
-4.0844 0.0209 0.0000
-3.3120 0.9834 0.0000
-3.5312 0.8489 0.0000
0.4876 -2.1391 0.0000
0.3905 -2.3685 0.0000
-2.0976 -0.6422 0.1841
-2.1546 -0.7252 0.1546
-2.1909 -0.6341 0.1982
-2.2457 -0.7141 0.1623
-2.2210 -0.8059 0.1244
-2.2613 -0.8952 0.0922
-2.3116 -0.7732 0.1337
-2.3449 -0.8470 0.1032
-2.3886 -0.9590 0.0660
-2.4043 -0.7519 0.1288
-2.4249 -0.8225 0.1005
-2.5129 -0.8798 0.0687
-2.4567 -1.1176 0.0304
-2.5393 -1.3408 0.0082
1.4779 2.4880 0.0000
0.1355 0.0000 0.0025
-4.7258 1.4836 0.0000
-4.7642 1.2562 0.0000
0.4757 -4.0336 0.0000
0.2394 -4.2211 0.0000
-1.0025 1.5805 0.0001
-1.1285 1.3408 0.0006
-1.3407 1.5113 0.0005
-3.8950 -3.2930 0.0000
-4.1471 -3.4129 0.0000
-1.8474 -0.3636 0.2113
-1.8036 -0.4513 0.1686
-1.9105 -0.4253 0.2187
-1.8847 -0.5136 0.1788
-1.9752 -0.4965 0.2161
-1.9307 -0.5913 0.1659
-2.0335 -0.5713 0.2020
-1.4824 3.5803 0.0000
-2.4311 2.0191 0.0001
3.8785 -0.7468 0.0000
3.9283 -1.0148 0.0000
-1.2531 2.3307 0.0000
-1.4402 2.1646 0.0000
-3.8916 4.7574 0.0000
2.4377 3.1578 0.0000
2.1749 3.1084 0.0000
3.5728 -1.9084 0.0000
3.3123 -1.9540 0.0000
-0.8822 -1.6206 0.0000
-1.0543 -1.3783 0.0004
3.9449 4.7461 0.0000
3.7532 4.6055 0.0000
4.7656 -3.6245 0.0000
4.7441 -3.9100 0.0000
-2.1852 3.8186 0.0000
-2.4645 3.7407 0.0000
4.8017 -0.5066 0.0000
4.5097 -3.1389 0.0000
4.4591 -3.4255 0.0000
-1.4079 2.8271 0.0000
-1.5838 2.6691 0.0000
-4.4858 -2.7306 0.0000
-4.4945 -3.0024 0.0000
4.4557 2.1204 0.0000
4.1671 1.9924 0.0000
4.1936 -4.1924 0.0000
4.0285 -4.4855 0.0000
3.4876 -3.7320 0.0000
3.2301 -3.8177 0.0000
2.9873 -3.9462 0.0000
4.6947 -0.2648 0.0000
-3.7090 1.3159 0.0000
2.8759 3.7295 0.0000
2.8860 3.4522 0.0000
0.6903 0.4031 0.0042
-4.4465 2.7063 0.0000
-4.7473 2.6184 0.0000
-1.9687 3.9543 0.0000
-1.9763 3.6384 0.0000
3.0870 4.5143 0.0000
3.1448 4.1949 0.0000
2.0207 -2.2902 0.0000
1.0190 -2.8193 0.0000
1.0010 -3.1392 0.0000
-1.6556 4.3194 0.0000
-1.8970 4.2324 0.0000
-2.1624 4.1908 0.0000
-2.3410 3.9995 0.0000
-2.9376 2.0411 0.0000
-2.9488 1.7561 0.0001
-3.2232 1.6377 0.0000
0.1198 -1.4472 0.0000
-0.0915 -1.5879 0.0000
2.9282 2.3608 0.0000
2.8053 2.1058 0.0000
2.0105 2.0587 0.0001
1.9541 1.7345 0.0007
-4.5140 -4.2607 0.0000
-1.0232 -3.8880 0.0000
-1.2606 -4.0255 0.0000
-1.4706 -4.2157 0.0000
-2.8178 -1.4408 0.0014
-4.2538 3.7467 0.0000
-1.6294 2.0077 0.0000
-1.7711 1.7856 0.0004
-1.4216 -0.9534 0.0113
-1.6206 -1.0665 0.0137
0.4367 0.3879 0.0025
0.4187 0.1458 0.0032
2.4085 0.5216 0.1991
2.3729 0.4347 0.2440
2.3214 0.3532 0.2884
2.4009 0.6066 0.1677
2.3158 0.6100 0.1819
2.3209 0.5226 0.2185
2.2409 0.5952 0.1936
2.2289 0.5205 0.2264
2.2734 0.4374 0.2609
2.2218 0.3583 0.2953
2.2734 0.2764 0.3234
2.2465 0.1985 0.3485
2.1762 0.2698 0.3241
2.0989 0.2310 0.3197
3.6270 -0.7705 0.0000
3.3767 -0.9176 0.0000
-1.4646 0.5337 0.0508
-1.5687 0.4188 0.0897
-1.6534 0.3485 0.1290
-1.6577 0.2478 0.1473
-1.7334 0.3965 0.1500
-1.8180 0.3550 0.1966
-1.7387 0.2953 0.1743
-1.8270 0.2631 0.2236
-1.7522 0.1903 0.1994
-1.8586 0.1782 0.2576
-1.9029 0.0889 0.2952
1.4958 2.0312 0.0000
1.4507 1.8122 0.0001
1.1825 1.7870 0.0000
-2.9979 2.5405 0.0000
-3.2424 2.4452 0.0000
-3.1198 2.2356 0.0000
-3.3206 2.1253 0.0000
1.6028 3.2892 0.0000
1.4874 2.7432 0.0000
-1.2114 3.7005 0.0000
-3.0242 -1.2365 0.0008
-1.8679 -3.5927 0.0000
-1.8477 -3.8545 0.0000
1.1981 -0.7500 0.0095
1.0875 -1.0099 0.0024
0.9892 -1.2764 0.0005
-4.0169 0.6025 0.0000
-4.2822 0.6485 0.0000
-4.5132 0.5843 0.0000
-0.4985 -3.3621 0.0000
-1.9445 1.4585 0.0047
-1.9779 1.2049 0.0195
-2.2134 1.2955 0.0161
-2.4379 1.1690 0.0250
-2.3082 1.0479 0.0524
-2.1493 1.0830 0.0449
-2.1909 0.9354 0.0842
-2.2262 0.8387 0.1182
-2.3098 0.7888 0.1341
-2.4321 0.9515 0.0658
-2.3075 0.8971 0.0947
-2.3879 0.8339 0.1075
-2.4300 0.7611 0.1254
-0.9651 -1.1021 0.0011
-0.5572 -0.8123 0.0011
-0.8581 -0.8338 0.0024
-4.4928 0.3137 0.0000
1.7174 -3.5043 0.0000
1.4868 -3.7489 0.0000
1.2180 -3.8997 0.0000
2.1885 4.5118 0.0000
-1.7201 0.6887 0.0779
-1.8214 0.6460 0.1143
-1.8035 0.5571 0.1339
-1.9007 0.5875 0.1570
-1.8851 0.5004 0.1809
-1.9733 0.5120 0.2096
-2.0680 0.5409 0.2272
-2.0537 0.4487 0.2629
-1.9709 0.4219 0.2430
-2.0713 0.3718 0.3004
-2.0990 0.3004 0.3369
-4.2065 -4.7482 0.0000
2.9751 1.6302 0.0001
2.6855 1.4899 0.0018
-3.9117 -0.8000 0.0000
-4.0299 -1.0545 0.0000
4.4825 -1.2915 0.0000
-2.4570 4.2438 0.0000
-2.6192 3.9949 0.0000
-2.9116 3.9557 0.0000
3.2125 1.4732 0.0000
2.9485 1.3597 0.0007
4.2377 -3.8710 0.0000
3.9823 -3.9840 0.0000
1.4538 4.2629 0.0000
1.3211 4.0100 0.0000
0.5998 -1.8996 0.0000
0.2463 -2.0379 0.0000
-3.9754 2.5179 0.0000
-4.2609 2.4371 0.0000
0.3023 -4.5005 0.0000
3.1883 0.1659 0.0019
2.9564 0.0195 0.0245
2.8139 0.1812 0.0688
2.7160 0.1262 0.1243
2.7924 0.0348 0.0838
2.7094 0.0528 0.1317
2.7025 -0.0344 0.1367
1.8872 4.0257 0.0000
2.2562 0.1006 0.3676
2.2236 0.0112 0.3753
2.1305 -0.0210 0.3616
2.0703 -0.1841 0.3217
2.0787 -0.0838 0.3414
1.9937 -0.1252 0.3015
-2.4639 -3.4479 0.0000
-2.7462 -3.4245 0.0000
-3.1319 3.1049 0.0000
-3.3406 2.9197 0.0000
3.6586 -1.0306 0.0000
3.4430 -1.1834 0.0000
-0.9970 -4.1914 0.0000
-1.2305 -4.3007 0.0000
-3.2205 1.3451 0.0000
-3.4427 1.1957 0.0000
4.6732 -3.4357 0.0000
4.4974 -3.7158 0.0000
-3.0992 -1.5274 0.0001
-1.9795 4.7388 0.0000
-2.2075 4.7450 0.0000
1.2904 2.3152 0.0000
-0.2550 1.4837 0.0000
4.5320 1.8697 0.0000
4.5165 1.5954 0.0000
4.2481 1.4944 0.0000
4.7614 -4.4925 0.0000
-2.6625 2.1731 0.0000
-2.5947 -4.4811 0.0000
-1.3243 3.1033 0.0000
-1.5994 3.0167 0.0000
-2.2546 0.3658 0.3313
-2.2827 0.2710 0.3666
-2.3691 0.2593 0.3474
-2.3691 0.1829 0.3696
-2.4492 0.1743 0.3300
-2.4919 0.0886 0.3151
-2.5310 -0.0009 0.2903
-2.5951 -0.0891 0.2357
-2.5471 0.1632 0.2641
-2.5890 0.0774 0.2412
-2.6217 -0.0120 0.2174
-0.0776 2.0169 0.0000
-0.1671 1.7535 0.0000
-4.0025 -4.4730 0.0000
-3.6664 1.0478 0.0000
-3.8265 0.7984 0.0000
-4.7353 -2.7421 0.0000
-4.7449 -2.9947 0.0000
4.7852 4.1922 0.0000
4.5794 4.2652 0.0000
4.4577 4.0191 0.0000
2.1410 0.5444 0.2100
2.0866 0.4312 0.2471
2.0206 0.3861 0.2455
1.9650 0.3050 0.2509
1.9048 0.2351 0.2422
1.8389 0.1649 0.2231
2.1036 0.6788 0.1503
2.0666 0.6069 0.1726
1.9847 0.5651 0.1706
2.0600 0.5062 0.2111
1.9783 0.4660 0.2040
1.9262 0.3916 0.2106
1.8672 0.3244 0.2056
1.8089 0.2567 0.1950
1.7488 0.1857 0.1791
1.6855 0.1233 0.1575
1.6793 0.0327 0.1582
1.9022 0.5093 0.1661
1.8647 0.4366 0.1752
1.7879 0.4650 0.1414
1.7977 0.3719 0.1670
1.7090 0.3892 0.1312
1.7365 0.2985 0.1578
1.6383 0.3271 0.1173
1.6737 0.2322 0.1429
1.6080 0.1666 0.1245
1.5906 0.0770 0.1226
1.6701 -0.0611 0.1525
1.5772 0.2542 0.1061
1.5251 0.1600 0.0972
1.4878 0.0805 0.0893
1.4864 -0.0105 0.0895
1.5827 -0.0088 0.1203
1.5007 -0.0962 0.0913
0.4037 2.6273 0.0000
0.3084 2.3519 0.0000
0.7193 -4.1839 0.0000
0.4884 -4.3278 0.0000
-0.9714 -4.4915 0.0000
-0.9089 -4.7639 0.0000
0.6444 3.7214 0.0000
0.3602 3.6696 0.0000
-4.0076 3.5160 0.0000
-4.2522 3.4950 0.0000
2.7891 -0.0800 0.0845
2.8299 -0.1883 0.0611
2.7009 -0.1267 0.1339
2.7077 -0.2162 0.1223
2.6961 -0.2973 0.1196
2.8308 -0.3488 0.0510
2.6999 -0.3948 0.1033
2.6209 -0.3577 0.1531
-3.0416 0.5317 0.0064
-2.9402 3.3193 0.0000
-2.8170 3.0468 0.0000
4.2672 -2.3681 0.0000
4.0311 -2.5272 0.0000
-0.9217 4.4728 0.0000
-1.1420 4.2660 0.0000
-0.5057 -4.1540 0.0000
-0.7404 -4.3344 0.0000
-0.4879 -4.4471 0.0000
-0.6917 -4.6545 0.0000
-1.5335 3.2964 0.0000
-1.8104 3.1806 0.0000
-1.9543 2.9828 0.0000
2.7501 -4.0843 0.0000
3.6448 3.1894 0.0000
3.2533 3.0840 0.0000
3.4993 2.9449 0.0000
3.2640 2.8132 0.0000
3.0548 2.6128 0.0000
3.0653 -2.5060 0.0000
2.8210 -2.7261 0.0000
4.2886 -4.4813 0.0000
0.6408 0.8937 0.0011
0.3419 0.8466 0.0008
-1.2772 -3.7196 0.0000
-1.4835 -3.8901 0.0000
4.2719 -1.1208 0.0000
4.0729 -1.2440 0.0000
-3.6940 -3.4761 0.0000
-3.9380 -3.6140 0.0000
1.2118 -1.4751 0.0003
-2.0101 2.7131 0.0000
-2.1992 2.5183 0.0000
0.4253 -0.0890 0.0032
0.5627 -0.3319 0.0034
0.9294 3.7533 0.0000
0.8368 3.5084 0.0000
-0.0893 -2.4143 0.0000
-0.2680 -2.6286 0.0000
3.9810 -3.1114 0.0000
3.9830 -3.3957 0.0000
2.9405 4.7556 0.0000
2.5934 -2.1854 0.0000
2.4631 -2.4355 0.0000
2.2979 -2.2194 0.0000
2.2112 -2.5248 0.0000
2.0728 -2.8057 0.0000
-0.3846 -1.0579 0.0003
-0.6763 -1.0666 0.0006
-0.5044 -1.3099 0.0001
1.9045 -0.1601 0.2537
1.8163 -0.1946 0.2055
1.7284 -0.2247 0.1614
1.7064 -0.3195 0.1373
1.7985 -0.2983 0.1783
1.6351 -0.2545 0.1213
1.5329 -0.2717 0.0874
1.6055 -0.3531 0.0982
1.4634 -0.3691 0.0611
1.6999 -0.4037 0.1194
1.6181 -0.4538 0.0863
1.4859 -0.5152 0.0499
1.2815 -0.5085 0.0250
-1.2021 1.7219 0.0001
-1.4770 1.7851 0.0001
-0.0457 3.9652 0.0000
-0.1799 3.7577 0.0000
-2.7533 3.4996 0.0000
-4.5025 -4.5096 0.0000
-4.5584 4.4910 0.0000
-4.7743 4.4989 0.0000
0.1816 -3.6821 0.0000
-0.0792 -3.7698 0.0000
3.3819 -2.4627 0.0000
3.3000 -2.7435 0.0000
3.0583 -2.7958 0.0000
2.8968 -3.0228 0.0000
3.1859 -3.0409 0.0000
3.0303 -3.3152 0.0000
2.7273 -3.2300 0.0000
2.4930 -3.4228 0.0000
-0.6145 2.8458 0.0000
-0.6972 2.6098 0.0000
-0.0588 1.2657 0.0001
-0.3487 1.2044 0.0002
3.5934 -0.5196 0.0000
-2.1346 -3.5944 0.0000
-2.0781 -3.8405 0.0000
0.2168 -2.6102 0.0000
-0.0440 -2.7237 0.0000
-3.4687 1.4921 0.0000
-2.7108 4.7457 0.0000
-2.9972 4.7481 0.0000
-2.8729 4.4878 0.0000
-3.1569 4.4888 0.0000
-3.4431 4.4975 0.0000
-3.3102 4.2284 0.0000
-1.8088 0.1035 0.2405
-1.8376 0.0197 0.2621
-1.7579 -0.0024 0.2181
-1.8680 -0.0610 0.2784
-1.9362 -0.0032 0.3191
-1.9230 -0.1196 0.3039
-2.0014 -0.0737 0.3510
-2.0013 -0.1707 0.3361
-2.0782 -0.2168 0.3574
-2.1304 -0.2732 0.3549
-4.7353 -4.0003 0.0000
-4.7550 -4.2499 0.0000
4.7380 1.3214 0.0000
4.7421 1.0659 0.0000
2.2108 -1.7201 0.0011
1.9183 -1.7974 0.0005
4.2615 -2.9785 0.0000
2.5555 0.7989 0.0703
2.4361 0.8833 0.0715
2.4116 0.7827 0.1032
2.3235 0.7811 0.1150
2.3671 0.6928 0.1415
2.2631 0.6950 0.1513
2.1756 0.6313 0.1765
0.9352 -1.5462 0.0001
3.7531 -2.9323 0.0000
3.4774 -2.9898 0.0000
3.6911 -3.2279 0.0000
3.5241 -3.4720 0.0000
3.3580 -3.2553 0.0000
3.2534 -3.5257 0.0000
3.0036 -3.6402 0.0000
2.3654 -0.4213 0.2545
2.4074 -0.5049 0.2118
2.4487 -0.5949 0.1677
2.3053 -0.4930 0.2386
2.3491 -0.5808 0.1978
2.3888 -0.6710 0.1570
2.3227 -0.7312 0.1448
2.2866 -0.6526 0.1773
2.2502 -0.7656 0.1352
0.6918 2.7034 0.0000
0.6039 2.4269 0.0000
-3.7867 -4.2195 0.0000
-4.0344 -4.2136 0.0000
-3.9380 1.1018 0.0000
-4.1316 0.8911 0.0000
0.9719 -4.0434 0.0000
0.9485 -4.3308 0.0000
-2.7076 -0.0377 0.1507
-2.7916 -0.0788 0.0946
-2.8147 -0.2271 0.0750
