5.0000 5.0000 0.0000
0.0000 5.0000 0.0000
2.5000 5.0000 0.0000
3.7500 5.0000 0.0000
4.3750 5.0000 0.0000
4.6875 5.0000 0.0000
4.0625 5.0000 0.0000
3.1250 5.0000 0.0000
3.4375 5.0000 0.0000
2.8125 5.0000 0.0000
1.2500 5.0000 0.0000
1.8750 5.0000 0.0000
2.1875 5.0000 0.0000
1.5625 5.0000 0.0000
0.6250 5.0000 0.0000
0.9375 5.0000 0.0000
0.3125 5.0000 0.0000
-2.5000 5.0000 0.0000
-1.2500 5.0000 0.0000
-0.6250 5.0000 0.0000
-0.3125 5.0000 0.0000
-0.9375 5.0000 0.0000
-1.8750 5.0000 0.0000
-1.5625 5.0000 0.0000
-2.1875 5.0000 0.0000
-3.7500 5.0000 0.0000
-3.1250 5.0000 0.0000
-2.8125 5.0000 0.0000
-3.4375 5.0000 0.0000
-4.3750 5.0000 0.0000
-4.0625 5.0000 0.0000
-4.6875 5.0000 0.0000
5.0000 -5.0000 0.0000
5.0000 0.0000 0.0000
5.0000 -2.5000 0.0000
5.0000 -3.7500 0.0000
5.0000 -4.3750 0.0000
5.0000 -4.6875 0.0000
5.0000 -4.0625 0.0000
5.0000 -3.1250 0.0000
5.0000 -3.4375 0.0000
5.0000 -2.8125 0.0000
5.0000 -1.2500 0.0000
5.0000 -1.8750 0.0000
5.0000 -2.1875 0.0000
5.0000 -1.5625 0.0000
5.0000 -0.6250 0.0000
5.0000 -0.9375 0.0000
5.0000 -0.3125 0.0000
5.0000 2.5000 0.0000
5.0000 1.2500 0.0000
5.0000 0.6250 0.0000
5.0000 0.3125 0.0000
5.0000 0.9375 0.0000
5.0000 1.8750 0.0000
5.0000 1.5625 0.0000
5.0000 2.1875 0.0000
5.0000 3.7500 0.0000
5.0000 3.1250 0.0000
5.0000 2.8125 0.0000
5.0000 3.4375 0.0000
5.0000 4.3750 0.0000
5.0000 4.0625 0.0000
5.0000 4.6875 0.0000
-5.0000 -5.0000 0.0000
0.0000 -5.0000 0.0000
-2.5000 -5.0000 0.0000
-3.7500 -5.0000 0.0000
-4.3750 -5.0000 0.0000
-4.6875 -5.0000 0.0000
-4.0625 -5.0000 0.0000
-3.1250 -5.0000 0.0000
-3.4375 -5.0000 0.0000
-2.8125 -5.0000 0.0000
-1.2500 -5.0000 0.0000
-1.8750 -5.0000 0.0000
-2.1875 -5.0000 0.0000
-1.5625 -5.0000 0.0000
-0.6250 -5.0000 0.0000
-0.9375 -5.0000 0.0000
-0.3125 -5.0000 0.0000
2.5000 -5.0000 0.0000
1.2500 -5.0000 0.0000
0.6250 -5.0000 0.0000
0.3125 -5.0000 0.0000
0.9375 -5.0000 0.0000
1.8750 -5.0000 0.0000
1.5625 -5.0000 0.0000
2.1875 -5.0000 0.0000
3.7500 -5.0000 0.0000
3.1250 -5.0000 0.0000
2.8125 -5.0000 0.0000
3.4375 -5.0000 0.0000
4.3750 -5.0000 0.0000
4.0625 -5.0000 0.0000
4.6875 -5.0000 0.0000
-5.0000 5.0000 0.0000
-5.0000 0.0000 0.0000
-5.0000 2.5000 0.0000
-5.0000 3.7500 0.0000
-5.0000 4.3750 0.0000
-5.0000 4.6875 0.0000
-5.0000 4.0625 0.0000
-5.0000 3.1250 0.0000
-5.0000 3.4375 0.0000
-5.0000 2.8125 0.0000
-5.0000 1.2500 0.0000
-5.0000 1.8750 0.0000
-5.0000 2.1875 0.0000
-5.0000 1.5625 0.0000
-5.0000 0.6250 0.0000
-5.0000 0.9375 0.0000
-5.0000 0.3125 0.0000
-5.0000 -2.5000 0.0000
-5.0000 -1.2500 0.0000
-5.0000 -0.6250 0.0000
-5.0000 -0.3125 0.0000
-5.0000 -0.9375 0.0000
-5.0000 -1.8750 0.0000
-5.0000 -1.5625 0.0000
-5.0000 -2.1875 0.0000
-5.0000 -3.7500 0.0000
-5.0000 -3.1250 0.0000
-5.0000 -2.8125 0.0000
-5.0000 -3.4375 0.0000
-5.0000 -4.3750 0.0000
-5.0000 -4.0625 0.0000
-5.0000 -4.6875 0.0000
4.1764 -1.9994 0.0000
3.9923 -2.2481 0.0000
1.1349 4.7555 0.0000
0.8471 4.3913 0.0000
-4.3579 1.4084 0.0000
-0.2527 3.6541 0.0000
-0.4484 3.4398 0.0000
3.9459 -1.5125 0.0000
3.9937 -1.7651 0.0000
-2.0348 0.2721 0.3208
-2.1005 0.2119 0.3641
-2.2547 0.1510 0.4028
-2.2373 0.0610 0.4183
-2.3307 0.0857 0.4001
-2.3129 -0.0111 0.4108
-2.4800 -0.0321 0.3264
-2.3874 -0.0636 0.3800
-2.4568 -0.1222 0.3334
-2.5121 -0.2066 0.2804
2.7972 -0.8877 0.0160
2.5819 -0.8620 0.0538
2.4438 -1.0398 0.0396
-4.5063 2.9505 0.0000
-4.7333 2.6577 0.0000
-3.4315 -4.3517 0.0000
-3.4199 -4.6121 0.0000
-3.6853 -4.5128 0.0000
-3.5951 -4.7841 0.0000
0.7183 0.3298 0.0051
0.4625 0.2797 0.0031
0.3422 0.0185 0.0030
0.3054 -0.2399 0.0025
-1.1209 1.8461 0.0000
-3.6577 -0.6714 0.0000
-3.8467 -0.8329 0.0000
-4.0142 -1.0136 0.0000
-1.6233 -4.5194 0.0000
-1.7431 -4.7644 0.0000
4.7552 -2.3505 0.0000
-4.0980 0.9845 0.0000
-4.2614 0.7994 0.0000
-4.4874 0.6443 0.0000
1.8092 -0.4576 0.1466
1.7192 -0.4307 0.1218
1.8203 -0.5547 0.1249
1.7325 -0.5294 0.1050
1.6470 -0.6288 0.0651
1.8995 -0.5825 0.1405
-4.7646 -3.5830 0.0000
-4.7556 -3.8891 0.0000
-1.3018 4.2299 0.0000
1.3572 4.4517 0.0000
-2.3782 1.9369 0.0002
-3.1827 -3.4587 0.0000
-3.2425 -3.7579 0.0000
-3.4333 -3.3058 0.0000
-1.6771 -0.1264 0.1726
-1.7185 -0.2075 0.1835
-1.8721 -0.3079 0.2371
-1.6715 -0.2842 0.1520
-1.7729 -0.2849 0.1958
-1.7151 -0.3712 0.1537
-1.8134 -0.3793 0.1918
-1.9199 -0.3824 0.2363
-1.8639 -0.4623 0.1878
-1.9499 -0.4735 0.2156
-2.0336 -0.4858 0.2383
-1.8390 -0.5485 0.1521
-1.8795 -0.6371 0.1357
-1.9363 -0.5562 0.1802
-1.9790 -0.6483 0.1571
-2.0363 -0.7231 0.1400
3.5914 -2.0064 0.0000
3.3527 -2.0682 0.0000
3.3811 -2.3314 0.0000
4.7349 -0.2476 0.0000
1.0871 -2.7877 0.0000
0.8060 -2.7594 0.0000
0.6192 -3.0331 0.0000
0.5524 -3.3520 0.0000
-0.4492 -1.8744 0.0000
4.7547 -4.7558 0.0000
-1.3259 -4.1377 0.0000
-1.5024 -4.2820 0.0000
0.0864 -1.0748 0.0002
-0.1981 -1.0839 0.0002
-1.8786 0.7612 0.0943
-1.9671 0.7514 0.1162
-0.3315 1.7996 0.0000
-4.2407 -2.3426 0.0000
-4.4965 -2.5115 0.0000
-3.4181 1.7902 0.0000
-3.6014 1.5798 0.0000
2.3191 3.1727 0.0000
2.1266 2.9521 0.0000
-3.3117 1.5286 0.0000
-3.4726 1.3293 0.0000
-0.9184 3.3126 0.0000
-0.9355 3.0451 0.0000
-1.1840 2.8943 0.0000
-4.0298 1.7688 0.0000
-4.4850 0.9564 0.0000
-0.3472 -0.8300 0.0007
-2.9857 -3.6539 0.0000
2.7351 -4.0767 0.0000
3.9667 0.9523 0.0000
-3.4801 -2.7442 0.0000
-3.7111 -2.8972 0.0000
-3.6855 -3.1783 0.0000
-3.9224 -3.3425 0.0000
-2.8562 2.4793 0.0000
2.2345 3.9687 0.0000
-2.8506 -2.7472 0.0000
-3.0008 -2.9820 0.0000
1.3457 -2.8031 0.0000
0.7281 -0.6367 0.0031
-2.1963 -0.1531 0.4023
-2.2876 -0.1903 0.3899
-2.3467 -0.2475 0.3576
-2.2208 -0.2447 0.3776
-2.2793 -0.3022 0.3532
-2.3670 -0.3413 0.3163
-2.4426 -0.2774 0.3052
-2.3775 -0.4350 0.2728
-2.4608 -0.3708 0.2636
-2.5383 -0.3023 0.2390
-2.5541 -0.4035 0.1999
-2.4768 -0.4649 0.2202
-2.5683 -0.5026 0.1616
-2.6463 -0.5080 0.1208
-2.7195 -0.5166 0.0850
2.0502 -0.2740 0.2934
2.0420 -0.3708 0.2590
1.9619 -0.3246 0.2439
2.0128 -0.4595 0.2177
1.9476 -0.4052 0.2134
1.8729 -0.2919 0.2141
1.7885 -0.3510 0.1644
1.8705 -0.3869 0.1886
1.9049 -0.4876 0.1718
-0.2833 -2.1107 0.0000
-0.5704 -2.1528 0.0000
4.7637 -2.9734 0.0000
-1.5025 2.3268 0.0000
1.7960 1.6975 0.0006
0.4009 3.2085 0.0000
0.2430 -0.5152 0.0015
1.7911 3.7410 0.0000
-3.9879 4.4255 0.0000
-4.4636 2.7098 0.0000
-4.4826 2.4496 0.0000
2.7215 0.2084 0.1158
2.8458 0.1587 0.0566
2.7518 0.0955 0.1054
2.6488 1.2420 0.0083
2.6180 1.0009 0.0275
2.4425 0.9106 0.0641
2.3411 0.8186 0.1011
2.2752 0.7473 0.1311
2.4366 0.7720 0.1027
2.3632 0.7108 0.1362
2.2828 0.6562 0.1670
-2.1715 0.7548 0.1464
-2.2256 0.8410 0.1148
-2.2745 0.7584 0.1463
-2.2243 0.6797 0.1811
-2.3570 0.7297 0.1496
-2.3089 0.6531 0.1890
-2.4086 0.6601 0.1674
-2.3522 0.5703 0.2194
-2.4433 0.5779 0.1905
-0.5146 -0.5975 0.0019
-4.7503 2.3436 0.0000
-4.7604 2.0359 0.0000
-4.2709 -3.7352 0.0000
-4.4932 -3.9663 0.0000
3.0214 -3.4280 0.0000
-3.2023 -2.3652 0.0000
-3.3687 -2.5469 0.0000
0.5404 1.0805 0.0004
0.3125 1.2641 0.0001
-0.8459 -1.4504 0.0001
-0.9721 -1.7112 0.0000
-4.2846 0.1889 0.0000
-3.8254 -2.3157 0.0000
3.1625 -0.4110 0.0018
3.0381 -0.8825 0.0021
0.5517 -2.7183 0.0000
0.3489 -2.8901 0.0000
0.3514 -3.1692 0.0000
-1.3291 -4.4947 0.0000
-2.4392 4.3222 0.0000
-1.6695 -2.9505 0.0000
-1.8600 -3.1772 0.0000
-2.0439 -3.4065 0.0000
3.1023 -4.6000 0.0000
2.9572 -4.7899 0.0000
-4.0048 -3.8265 0.0000
-0.6342 -0.8565 0.0011
-0.8520 -0.9551 0.0014
0.6890 2.4071 0.0000
-2.7742 -3.8491 0.0000
1.9348 -4.2247 0.0000
1.8564 -4.4965 0.0000
1.7222 -4.7564 0.0000
3.1985 -4.4022 0.0000
2.8346 -4.5350 0.0000
2.6515 -4.7543 0.0000
-2.8854 -0.9333 0.0089
-3.0961 -1.1852 0.0005
-3.3415 -1.3718 0.0000
-3.5114 -1.5632 0.0000
0.4443 -3.6658 0.0000
0.2461 -3.9099 0.0000
-0.2607 -0.5710 0.0014
-1.3727 -3.0221 0.0000
-1.5763 -3.2189 0.0000
-1.7763 2.4434 0.0000
-4.3009 -0.6077 0.0000
4.2117 1.3761 0.0000
3.9402 1.2377 0.0000
-4.0129 -0.6574 0.0000
-4.2194 -0.8502 0.0000
2.8059 -0.1932 0.0722
2.7196 -0.2505 0.1130
2.6354 -0.2448 0.1657
2.6361 -0.3389 0.1493
2.5464 -0.3905 0.1890
2.7209 -0.3354 0.1020
2.7180 -0.4386 0.0888
2.6289 -0.4287 0.1352
-2.2401 -3.6201 0.0000
-2.4797 -3.4892 0.0000
0.2635 -3.4287 0.0000
-3.9910 -4.5180 0.0000
-4.2332 2.2912 0.0000
-4.2527 2.0145 0.0000
-4.2904 1.7354 0.0000
3.0612 0.0897 0.0086
-3.7853 0.5615 0.0000
-3.1112 1.7209 0.0000
2.7744 3.2986 0.0000
3.1055 -2.1615 0.0000
2.8487 -2.2092 0.0000
4.7692 -0.7997 0.0000
1.8364 2.9996 0.0000
4.2211 1.6501 0.0000
-0.0628 1.9404 0.0000
3.5953 4.7797 0.0000
3.5915 3.6510 0.0000
-0.0211 -0.5828 0.0011
-0.0823 -0.8357 0.0005
-1.7106 0.2199 0.1742
-1.7845 0.1483 0.2214
-1.8657 0.1100 0.2711
-1.8931 0.0241 0.2934
-1.8886 0.1907 0.2708
-1.9627 0.1010 0.3261
-2.0618 0.0604 0.3791
-1.9241 -0.0657 0.3094
-1.9894 0.0001 0.3475
-2.0803 -0.0362 0.3890
-2.0178 -0.1026 0.3554
-2.0970 -0.1461 0.3812
-2.1312 -0.2360 0.3676
-0.0312 3.8419 0.0000
0.0340 3.5597 0.0000
-0.1820 3.3868 0.0000
1.5126 1.1533 0.0057
-2.3650 0.3980 0.2931
-2.4337 0.3250 0.2936
-2.4432 0.4947 0.2241
-2.4520 0.4124 0.2525
-2.5349 0.4608 0.1932
-2.5290 0.3632 0.2276
-2.6086 0.3136 0.1891
-2.5098 0.2711 0.2662
-2.5790 0.2165 0.2301
-2.6499 0.1625 0.1848
0.5407 3.9824 0.0000
0.2384 3.7738 0.0000
0.4842 1.6503 0.0000
4.1862 2.7182 0.0000
3.9597 2.9188 0.0000
3.8752 2.6274 0.0000
2.6126 0.5521 0.1124
2.6126 0.4576 0.1353
2.5127 0.4041 0.2008
2.5264 0.6033 0.1317
2.5219 0.5027 0.1653
2.4390 0.5545 0.1785
2.4285 0.4584 0.2187
2.4221 0.3693 0.2541
2.3307 0.4024 0.2696
2.3677 0.3056 0.2962
4.7621 3.9093 0.0000
4.5138 -3.1286 0.0000
4.2639 -3.2597 0.0000
-2.9772 3.2669 0.0000
-1.5556 -0.2819 0.1090
-1.5071 -0.3907 0.0797
-1.6190 -0.3498 0.1217
-1.6087 -0.4341 0.1035
-1.6841 -0.4522 0.1251
-1.7684 -0.4674 0.1512
-1.5388 -0.5316 0.0670
-1.6601 -0.5301 0.1002
-1.7434 -0.5558 0.1197
-1.7867 -0.6416 0.1091
2.0810 4.2317 0.0000
-4.7199 -4.2006 0.0000
-4.7463 0.5266 0.0000
3.1851 -2.8950 0.0000
3.3796 -3.1060 0.0000
1.3308 4.1581 0.0000
1.0895 4.2154 0.0000
0.8208 4.1067 0.0000
-1.0246 2.1297 0.0000
-1.2022 2.3539 0.0000
-2.0268 -4.0429 0.0000
-3.4515 4.0411 0.0000
-3.6250 3.7852 0.0000
-3.6628 3.5613 0.0000
-3.9217 3.8263 0.0000
-3.9009 3.5631 0.0000
-4.0633 3.3524 0.0000
0.2864 0.4989 0.0017
0.1734 0.2405 0.0023
0.0789 -0.0373 0.0024
-2.6763 3.3643 0.0000
-2.2836 2.9715 0.0000
1.6414 0.3819 0.1108
1.5275 0.3837 0.0764
1.6240 0.2934 0.1185
1.6060 0.2008 0.1226
1.5251 0.2568 0.0905
1.5199 0.1440 0.0977
-0.0305 2.2172 0.0000
3.2824 4.7235 0.0000
-4.0664 -1.8516 0.0000
-4.2815 -2.0458 0.0000
-4.5108 -2.2127 0.0000
-3.8732 1.5475 0.0000
0.5851 4.2560 0.0000
0.3542 4.2525 0.0000
0.2885 4.0139 0.0000
-3.2602 0.9085 0.0001
-3.4223 0.7022 0.0000
-3.5205 0.4884 0.0000
-0.0835 1.6684 0.0000
-4.7697 -2.9405 0.0000
-4.6412 -3.1105 0.0000
-4.7692 -3.2923 0.0000
3.8332 4.3485 0.0000
2.8955 -1.6672 0.0001
2.6275 -1.7203 0.0005
0.3023 3.4837 0.0000
2.6919 2.8242 0.0000
2.4966 2.6075 0.0000
3.0156 -3.9879 0.0000
-3.8846 -4.7597 0.0000
2.4898 -4.0321 0.0000
-2.2245 0.3180 0.3488
-2.3192 0.3271 0.3352
-2.1913 0.2224 0.3815
-2.2841 0.2416 0.3739
-2.3802 0.2655 0.3387
-2.3527 0.1768 0.3754
-2.4510 0.2110 0.3189
-2.4275 0.1198 0.3515
-2.4064 0.0282 0.3725
-2.5246 0.1537 0.2814
-2.5018 0.0610 0.3091
-2.5975 0.0903 0.2327
-2.5703 -0.0057 0.2582
-2.6639 0.0106 0.1833
1.7109 -3.9982 0.0000
1.6487 -4.2653 0.0000
1.5524 -4.5257 0.0000
1.4121 -4.7700 0.0000
-0.9961 -1.2012 0.0008
-2.1465 1.1740 0.0288
-2.2865 0.9212 0.0861
-2.3344 0.8283 0.1144
-2.3518 1.0711 0.0446
-2.3995 0.9139 0.0788
-2.4640 0.8332 0.0924
-3.0614 2.2125 0.0000
-3.2162 1.9926 0.0000
0.0599 -4.1287 0.0000
-0.2718 -4.0847 0.0000
-0.1307 -4.2804 0.0000
-0.1543 -4.5431 0.0000
-0.4180 -4.7023 0.0000
-3.6882 0.2980 0.0000
-1.5027 1.5071 0.0009
-1.3606 1.2612 0.0021
-1.1129 1.2285 0.0010
-1.5071 0.9943 0.0131
-0.1868 -3.1727 0.0000
-3.7169 -3.9637 0.0000
-1.1662 3.2301 0.0000
2.4069 2.8874 0.0000
2.2134 2.6755 0.0000
1.9991 2.4870 0.0000
-2.3169 2.2046 0.0000
-2.5443 2.2725 0.0000
-0.6422 0.1139 0.0059
4.7573 2.4872 0.0000
4.5197 2.3310 0.0000
3.9723 1.7942 0.0000
0.7380 -3.5480 0.0000
0.7164 -3.7918 0.0000
0.5183 -3.9778 0.0000
0.3943 -1.0490 0.0004
1.0841 2.8420 0.0000
0.9056 2.6046 0.0000
-1.6684 -4.0743 0.0000
-1.7982 -4.2724 0.0000
-1.9116 -4.5224 0.0000
1.5874 -3.5081 0.0000
1.2895 -3.5542 0.0000
1.5099 -3.7776 0.0000
1.2347 -3.8115 0.0000
0.9767 -3.8022 0.0000
3.2762 -3.3782 0.0000
0.1914 1.7704 0.0000
0.2533 1.5109 0.0000
0.0325 1.4420 0.0000
4.7325 -0.0029 0.0000
3.7005 1.6773 0.0000
3.4222 1.6027 0.0000
-3.4549 4.6027 0.0000
-3.7179 4.5278 0.0000
1.0783 0.8436 0.0044
0.8451 0.6657 0.0036
0.5866 0.5477 0.0026
1.5958 2.9212 0.0000
-1.7688 -3.4632 0.0000
-4.2464 -1.1424 0.0000
-1.4623 -0.6914 0.0334
2.6715 0.1244 0.1546
2.6235 0.0438 0.1928
2.5703 0.1262 0.2253
2.5162 0.0499 0.2690
2.5584 -0.0300 0.2403
2.4447 -0.0249 0.3149
2.7150 0.0223 0.1300
2.8380 -0.0227 0.0627
2.7351 -0.0746 0.1161
2.7198 -0.1449 0.1221
2.6607 -0.1669 0.1586
2.6567 -0.0529 0.1689
2.6002 -0.1201 0.2050
2.5553 -0.1973 0.2262
-0.1034 0.2014 0.0024
-0.1920 -0.0722 0.0027
0.4507 -0.7310 0.0013
3.3331 1.3490 0.0000
3.2138 1.0172 0.0002
4.7420 0.5151 0.0000
3.3308 3.7880 0.0000
3.3220 4.0950 0.0000
3.0827 3.9302 0.0000
2.8246 3.8001 0.0000
3.7043 -4.4135 0.0000
3.4277 -4.4788 0.0000
-0.1813 -2.6242 0.0000
-1.9618 -2.8955 0.0000
-2.1408 -3.1120 0.0000
-2.3096 -3.3193 0.0000
-1.8605 -0.7259 0.1031
-1.9332 -0.7194 0.1212
-1.9735 -0.7853 0.1070
-2.0214 -0.8813 0.0836
-2.1451 -0.9698 0.0682
-2.3153 -1.3975 0.0085
-2.5273 -1.5882 0.0019
-1.9769 -2.1217 0.0000
-2.5229 0.5450 0.1708
-2.6172 0.5076 0.1359
-2.7109 0.4754 0.0955
-2.6153 0.4131 0.1613
-2.6935 0.3661 0.1243
-2.7362 0.2983 0.1093
-2.8369 0.2565 0.0615
-2.8217 0.4088 0.0556
-2.6703 0.2533 0.1578
-2.7366 0.1939 0.1206
-2.7831 0.1253 0.0968
-2.7028 0.0932 0.1512
-2.7670 0.0200 0.1098
-2.8426 -0.0828 0.0673
1.0015 1.6958 0.0000
-3.9760 -2.7727 0.0000
-3.9493 -3.0575 0.0000
-4.1723 -3.2392 0.0000
-4.2715 -3.4630 0.0000
-4.5130 -3.4014 0.0000
-4.5216 -3.6822 0.0000
-0.2201 -3.6955 0.0000
-0.5000 -3.6166 0.0000
-0.4011 -3.8849 0.0000
-0.6598 -3.8385 0.0000
4.0209 -4.0226 0.0000
1.4193 4.7317 0.0000
-1.7923 2.1906 0.0000
-1.6748 1.7364 0.0004
2.3398 -3.5687 0.0000
-1.2343 -0.2733 0.0349
-1.3465 -0.4795 0.0375
-0.4900 -1.0816 0.0003
-0.7113 -1.1874 0.0003
0.1788 2.7142 0.0000
0.0372 2.4957 0.0000
-2.9226 -3.3068 0.0000
-3.1880 -3.1694 0.0000
-1.0880 -0.4755 0.0150
-4.0528 -1.3569 0.0000
-4.1710 -1.5973 0.0000
-4.3553 -1.7596 0.0000
-4.5434 -1.9159 0.0000
3.5328 -1.1819 0.0000
2.1678 -1.3283 0.0118
1.9065 -1.4427 0.0040
-4.7319 -0.1963 0.0000
1.9331 3.9783 0.0000
1.3184 -1.5257 0.0004
4.4855 0.9577 0.0000
1.7826 2.1907 0.0000
-1.0702 3.5596 0.0000
2.3149 -2.3853 0.0000
2.1973 -2.6032 0.0000
0.2216 -2.2427 0.0000
0.0217 -2.0910 0.0000
2.0681 -3.6466 0.0000
1.9905 -3.9330 0.0000
1.7908 -3.7190 0.0000
-0.9574 1.3816 0.0003
-3.5145 2.0491 0.0000
-3.7375 1.8413 0.0000
1.7461 3.2449 0.0000
2.9852 -2.7022 0.0000
2.8734 -2.9769 0.0000
2.5674 -3.0317 0.0000
4.2843 4.2508 0.0000
-2.2780 -0.3906 0.3153
-2.2954 -0.4786 0.2712
-2.4869 -0.5646 0.1773
-2.3269 -0.5568 0.2285
-2.4024 -0.5228 0.2255
-2.4002 -0.6274 0.1802
-2.4363 -0.7229 0.1329
-2.5049 -0.6584 0.1363
-2.6078 -0.6911 0.0914
-2.5809 -0.5933 0.1282
-2.6654 -0.5971 0.0921
-2.7727 -0.6964 0.0414
-2.5287 -0.7597 0.0970
-2.6441 -0.8512 0.0487
-3.9884 4.1200 0.0000
4.4852 3.4741 0.0000
-0.8323 0.3169 0.0086
-0.8963 0.0509 0.0124
3.7033 1.0749 0.0000
3.4760 0.8444 0.0000
-3.3568 -1.0764 0.0000
-3.5604 -1.2344 0.0000
-3.7215 -1.4205 0.0000
-3.8897 -1.6127 0.0000
4.4724 2.0899 0.0000
0.6784 -1.1514 0.0004
-1.9305 -0.2399 0.2838
-1.9820 -0.3101 0.2877
-2.0202 -0.3980 0.2707
-2.0777 -0.3109 0.3252
-2.1118 -0.3974 0.2992
-2.1841 -0.3364 0.3394
-2.1978 -0.4494 0.2886
-2.1297 -0.5568 0.2282
-2.2244 -0.5457 0.2422
-1.6148 -0.8438 0.0343
-1.6547 -0.6545 0.0720
-1.7642 -0.7606 0.0727
-1.8742 -0.8572 0.0694
-1.7376 -0.9820 0.0292
-1.8244 -1.1946 0.0139
-1.9704 -1.0426 0.0403
-1.9862 -1.3604 0.0081
-2.1483 -1.1854 0.0262
-2.1369 -1.5687 0.0028
-0.0634 -1.3498 0.0001
-1.9819 1.0252 0.0454
-2.0542 0.9020 0.0823
-2.1706 0.9727 0.0707
-2.1292 0.8421 0.1095
-1.8902 0.8802 0.0657
-1.9918 0.8338 0.0943
-2.0659 0.7710 0.1276
2.5465 -0.2912 0.2136
2.4599 -0.3483 0.2458
2.2886 -0.3414 0.3024
2.4643 -0.4413 0.2137
2.3764 -0.4849 0.2283
2.3732 -0.3928 0.2646
2.2844 -0.4392 0.2641
2.2924 -0.5310 0.2247
2.1923 -0.4924 0.2424
2.3037 -0.6297 0.1821
2.2220 -0.5858 0.2038
2.1429 -0.5855 0.1975
2.2160 -0.6714 0.1677
2.1325 -0.6769 0.1589
2.0399 -0.7171 0.1294
-1.2611 0.3479 0.0361
-1.0752 0.2319 0.0213
-1.1209 -0.0029 0.0277
-1.4220 0.2526 0.0708
-1.2884 0.1273 0.0497
-1.4401 0.1295 0.0835
-1.4273 0.0077 0.0835
-1.5259 0.0684 0.1127
-1.5436 -0.0164 0.1209
-1.2855 -0.0819 0.0497
-1.4548 -0.0829 0.0905
-1.5225 -0.0914 0.1122
-1.5878 -0.1196 0.1351
-1.4176 -0.2921 0.0673
-1.3994 -0.1641 0.0718
-1.5161 -0.1886 0.1047
-1.6175 -0.2109 0.1397
-2.5841 1.4569 0.0036
3.9513 -4.5312 0.0000
3.9090 -4.7595 0.0000
0.8232 -4.0539 0.0000
0.8515 -4.3047 0.0000
3.0798 -3.1602 0.0000
2.7712 -3.2595 0.0000
0.0899 -2.7506 0.0000
4.7319 -2.6557 0.0000
4.3285 -2.7020 0.0000
4.4711 0.3914 0.0000
4.2164 0.5272 0.0000
3.9379 0.3803 0.0000
2.0145 -0.7969 0.0990
1.9251 -0.8527 0.0700
1.7871 -0.9756 0.0315
1.5957 -1.4730 0.0014
-4.2164 -4.0145 0.0000
-4.4087 -4.2318 0.0000
-2.4500 -2.2723 0.0000
-2.8671 -1.9857 0.0000
-2.7248 -2.2285 0.0000
-3.0220 -2.2041 0.0000
-2.6374 -2.5162 0.0000
2.2862 2.3933 0.0000
-3.5523 -2.3935 0.0000
-3.7277 -2.6036 0.0000
4.7477 1.6898 0.0000
4.7461 1.3947 0.0000
-0.1164 -2.3309 0.0000
3.4471 2.9367 0.0000
2.6528 -0.5256 0.1029
2.5567 -0.4973 0.1543
2.7070 -0.6856 0.0539
2.6196 -0.6029 0.0997
2.5447 -0.5960 0.1310
3.5508 -3.6114 0.0000
3.3127 -3.6205 0.0000
-1.6328 1.2417 0.0064
-1.7469 1.0084 0.0274
-1.9023 1.2328 0.0147
-2.1862 3.1879 0.0000
-0.3210 -1.5975 0.0000
3.2357 -1.3019 0.0000
4.2727 -3.5253 0.0000
4.1316 -3.7634 0.0000
-0.4749 -2.6381 0.0000
0.7957 0.1040 0.0079
0.5827 0.0475 0.0046
0.5909 -0.1867 0.0044
0.5195 -0.4487 0.0027
2.8935 3.0473 0.0000
4.7621 2.2330 0.0000
4.7338 1.9812 0.0000
0.3162 4.5151 0.0000
-0.7335 4.2578 0.0000
1.9607 -3.1587 0.0000
3.8610 -2.0038 0.0000
3.6781 -2.2670 0.0000
-3.6457 -0.1756 0.0000
-3.8220 -0.4486 0.0000
-4.5468 1.2458 0.0000
-3.1004 -1.4711 0.0001
-3.2949 -1.6996 0.0000
-3.4719 -1.9121 0.0000
-2.3442 1.3181 0.0134
-4.5035 2.1692 0.0000
-4.5222 1.8824 0.0000
-4.7636 1.7257 0.0000
-4.4864 -0.9333 0.0000
-4.3450 -1.4128 0.0000
2.0156 2.2311 0.0000
2.0009 1.9433 0.0002
-3.3664 -4.0222 0.0000
-3.5835 -4.1641 0.0000
4.0027 2.0804 0.0000
4.4876 1.8052 0.0000
4.4844 1.5243 0.0000
2.7219 0.6069 0.0614
2.7501 0.4658 0.0711
-0.8150 4.0023 0.0000
-0.8266 3.7595 0.0000
-0.9778 -2.5849 0.0000
2.2062 4.4918 0.0000
-2.5562 0.9455 0.0478
-2.7267 0.7811 0.0404
1.4107 -4.0490 0.0000
1.3666 -4.2991 0.0000
-2.6917 4.5133 0.0000
-2.7208 4.2366 0.0000
-2.9439 4.0962 0.0000
-3.2043 4.2316 0.0000
-3.1782 3.9596 0.0000
1.1053 -4.3037 0.0000
1.2512 -4.5468 0.0000
1.0990 -4.7783 0.0000
4.2705 3.3099 0.0000
-1.2794 -2.5057 0.0000
-1.4737 -2.7375 0.0000
-3.9959 0.3280 0.0000
-0.6135 4.5109 0.0000
-0.9091 4.4860 0.0000
4.4689 -1.9277 0.0000
4.5262 -2.1901 0.0000
4.0019 3.2004 0.0000
3.8701 -2.5112 0.0000
-1.7888 4.0327 0.0000
-1.8463 3.7832 0.0000
-1.8884 3.5315 0.0000
-1.9027 3.2567 0.0000
-4.7607 -0.7933 0.0000
-0.6289 1.7298 0.0000
4.4659 -3.7443 0.0000
4.2823 -4.0027 0.0000
1.3072 3.8878 0.0000
1.0372 3.6725 0.0000
0.9590 3.4093 0.0000
-0.7877 -3.1425 0.0000
-0.6361 -3.3743 0.0000
-4.5223 1.5830 0.0000
-4.7490 1.4155 0.0000
1.6821 -3.2363 0.0000
1.9273 2.7459 0.0000
1.7517 2.4505 0.0000
1.1563 -0.7771 0.0075
0.9173 -0.8457 0.0027
0.9505 -1.0883 0.0010
0.6603 -0.9069 0.0011
-0.3957 -4.3788 0.0000
-0.6597 -4.4743 0.0000
-0.6882 -4.7398 0.0000
-0.9092 -4.7758 0.0000
-4.1139 -4.2737 0.0000
-1.0336 4.1940 0.0000
-1.0801 3.8857 0.0000
4.2389 -4.2582 0.0000
-3.9298 -4.0666 0.0000
-3.8056 -4.2886 0.0000
0.0584 1.2055 0.0001
-0.2104 1.1958 0.0002
-0.3527 0.9477 0.0006
-0.5051 0.6813 0.0018
-0.7777 0.5847 0.0045
2.5055 4.4953 0.0000
2.3568 4.2250 0.0000
2.6038 3.6340 0.0000
4.5409 4.3633 0.0000
4.2272 0.8147 0.0000
4.0730 4.4748 0.0000
4.7446 2.7398 0.0000
4.4914 2.6187 0.0000
4.2918 2.4551 0.0000
4.7205 -1.4148 0.0000
-1.8658 0.5824 0.1455
-1.8398 0.4819 0.1680
-1.9669 0.5894 0.1748
-2.0671 0.5992 0.1977
-1.9294 0.4994 0.1960
-1.8943 0.3991 0.2166
-1.9694 0.3408 0.2695
-2.0279 0.5175 0.2224
-1.9941 0.4300 0.2466
-2.0657 0.3663 0.2978
-2.1315 0.3007 0.3430
-2.0951 0.4565 0.2680
-2.1651 0.3940 0.3106
-1.3160 3.9891 0.0000
-1.3312 3.7150 0.0000
-4.7507 -0.4810 0.0000
0.2087 2.0620 0.0000
2.9506 -1.1426 0.0017
4.4772 -0.4161 0.0000
4.4999 -0.6872 0.0000
4.2343 -0.6034 0.0000
4.2742 -0.9117 0.0000
4.0204 -1.0158 0.0000
-4.7543 -2.3542 0.0000
2.5653 -0.6981 0.0954
2.4753 -0.7810 0.0967
2.4096 -0.8746 0.0810
2.4655 -0.5323 0.1819
2.4643 -0.6235 0.1506
2.4761 -0.7025 0.1208
2.3820 -0.7692 0.1185
2.3803 -0.5793 0.1901
2.3880 -0.6797 0.1498
2.3008 -0.7238 0.1447
2.2939 -0.8230 0.1086
2.2136 -0.7560 0.1342
2.1977 -0.8377 0.1044
2.1653 -0.9277 0.0753
2.2946 -0.9424 0.0715
-2.1525 3.4404 0.0000
-4.4934 0.0029 0.0000
3.5154 4.5254 0.0000
3.2985 4.3901 0.0000
3.0759 4.2160 0.0000
1.7157 1.9632 0.0001
1.4571 2.0319 0.0000
1.5122 1.7484 0.0002
1.2352 1.8449 0.0000
4.4892 -4.2901 0.0000
4.4564 -4.5356 0.0000
3.0950 1.2285 0.0004
2.8740 1.3972 0.0011
2.8703 1.0783 0.0050
3.0063 0.8537 0.0038
2.9263 0.6058 0.0158
-1.4968 -1.9817 0.0000
-1.6940 -2.1922 0.0000
-4.2329 4.5107 0.0000
-4.4957 4.7639 0.0000
-4.4764 4.5366 0.0000
-4.7576 4.7575 0.0000
-4.7410 4.4939 0.0000
-4.4851 4.0259 0.0000
-4.5016 4.3003 0.0000
-4.7507 4.1960 0.0000
-4.7407 3.8968 0.0000
1.8794 0.6716 0.1109
1.7373 0.7849 0.0540
1.8030 0.6945 0.0869
1.7966 0.6066 0.1083
1.6923 0.6180 0.0786
1.7278 0.5252 0.1090
1.6563 0.4657 0.1001
1.5729 0.5276 0.0667
1.8912 0.8335 0.0688
1.9143 0.7391 0.0983
-3.2704 4.7813 0.0000
-3.2025 4.5094 0.0000
-3.4720 4.3263 0.0000
-3.7311 4.2685 0.0000
-0.2991 3.9267 0.0000
-3.6859 -3.4650 0.0000
-4.0228 -3.5571 0.0000
4.7707 4.2147 0.0000
-2.2871 2.4846 0.0000
-2.5889 2.5082 0.0000
1.5675 0.9253 0.0187
1.5402 0.7062 0.0364
-1.1345 -0.9525 0.0038
-1.2382 -0.7039 0.0141
-1.4094 -0.9365 0.0114
-1.5588 -1.1578 0.0071
3.0848 3.6418 0.0000
2.8416 3.5257 0.0000
-4.1882 -4.7568 0.0000
-1.5850 -2.4689 0.0000
-1.7740 -2.6797 0.0000
-3.9185 0.8066 0.0000
-4.0784 0.6168 0.0000
-4.2790 0.4671 0.0000
2.2946 0.9509 0.0658
2.1511 0.9223 0.0728
2.1232 0.8227 0.1011
2.2326 0.8341 0.1013
2.0237 0.8160 0.0930
2.0909 0.7293 0.1306
1.9954 0.7193 0.1198
-1.3923 1.7834 0.0001
0.4065 2.5381 0.0000
0.2252 2.3501 0.0000
1.7705 -0.6380 0.0909
1.6294 -0.7901 0.0387
1.5266 -1.0032 0.0121
1.2360 -1.0170 0.0039
1.4153 -1.2503 0.0025
1.1321 -1.2946 0.0007
2.3584 0.6053 0.1786
2.3480 0.5058 0.2226
2.2557 0.4751 0.2479
2.2330 0.3881 0.2860
2.2700 0.3038 0.3173
2.2709 0.5654 0.2070
2.1920 0.5822 0.1999
2.1738 0.4986 0.2354
2.1523 0.4185 0.2672
2.1573 0.3256 0.3048
2.0729 0.4722 0.2296
2.0693 0.3743 0.2668
2.0730 0.2768 0.3013
2.1896 0.2529 0.3342
2.1305 0.2005 0.3390
1.9724 0.2487 0.2713
2.0379 0.1851 0.3131
1.9414 0.1683 0.2741
2.0056 0.0962 0.3140
1.9100 0.0874 0.2688
1.8855 0.0037 0.2596
1.0710 -0.0458 0.0204
0.8547 -0.1239 0.0095
0.8083 -0.3759 0.0066
-3.7759 -3.6923 0.0000
4.7511 3.6041 0.0000
4.7474 3.3076 0.0000
4.7467 3.0114 0.0000
4.5008 3.1664 0.0000
3.6546 2.4668 0.0000
3.5597 2.1816 0.0000
3.4844 1.8836 0.0000
-4.7786 -4.5041 0.0000
-4.7550 -4.7605 0.0000
-3.6544 -2.1159 0.0000
-4.0158 -2.1529 0.0000
-0.3990 -2.3850 0.0000
-0.7106 -2.4196 0.0000
2.9714 -1.4046 0.0004
2.6996 -1.4031 0.0026
-1.7391 0.8001 0.0583
-1.8238 0.6766 0.1051
-1.9183 0.6682 0.1326
-2.0164 0.6772 0.1539
0.4989 -1.3755 0.0001
0.3770 -1.6509 0.0000
-0.3315 2.8984 0.0000
-2.1113 0.6878 0.1678
-2.1630 0.6195 0.2049
-2.1341 0.5372 0.2392
-2.2435 0.5761 0.2292
-2.1992 0.4831 0.2728
-2.2676 0.4084 0.3078
2.1245 -0.7694 0.1232
2.0790 -0.8495 0.0916
2.0148 -0.9794 0.0520
1.9619 -1.1757 0.0196
1.7052 -1.2190 0.0080
1.1896 0.3492 0.0232
-1.4115 -2.2501 0.0000
4.4215 -1.4260 0.0000
4.1838 -1.4754 0.0000
0.7497 3.2342 0.0000
0.5938 3.0427 0.0000
0.4462 2.8404 0.0000
-3.6180 4.7873 0.0000
1.6325 4.5164 0.0000
-0.3437 -1.3101 0.0001
-0.5659 -1.4107 0.0001
-0.6486 -1.6671 0.0000
-0.9577 -3.3771 0.0000
-3.9487 -0.1913 0.0000
-4.1399 -0.3949 0.0000
-2.1124 -0.4808 0.2610
-2.0315 -0.5658 0.2034
-2.0855 -0.6440 0.1809
-2.1845 -0.6364 0.1964
-2.2865 -0.6333 0.1971
-2.2381 -0.7145 0.1621
-2.2859 -0.7945 0.1271
1.0254 -1.5493 0.0001
0.8819 -1.7594 0.0000
3.7051 2.8239 0.0000
3.5130 2.6658 0.0000
3.2800 2.6297 0.0000
3.0582 2.5224 0.0000
0.7393 -1.9780 0.0000
0.5348 -1.8508 0.0000
0.3589 -2.0271 0.0000
1.2718 3.5961 0.0000
1.4404 3.3822 0.0000
1.1974 3.3233 0.0000
3.0683 -3.7052 0.0000
4.7523 -1.7368 0.0000
4.7334 0.2436 0.0000
3.9782 -4.2776 0.0000
-4.2835 -4.5010 0.0000
-4.4898 -4.7339 0.0000
-2.7912 -4.5052 0.0000
-2.9570 -4.3284 0.0000
-2.9594 -4.7321 0.0000
-3.2547 -4.7839 0.0000
0.1686 -1.8449 0.0000
3.5672 4.2609 0.0000
3.3993 -1.7867 0.0000
3.1112 -1.8861 0.0000
1.5125 3.1498 0.0000
1.2785 3.0634 0.0000
3.2295 0.7383 0.0004
3.1615 0.5102 0.0017
2.9614 0.3406 0.0187
2.7720 0.3174 0.0786
2.6599 0.2908 0.1425
-1.5831 3.7675 0.0000
-4.5275 -1.5757 0.0000
-4.7481 -1.7291 0.0000
-0.2214 1.4362 0.0000
-0.0638 -3.4927 0.0000
-0.1972 0.7022 0.0010
-0.2944 0.4404 0.0021
-0.5656 0.3906 0.0038
2.7648 2.0207 0.0000
2.5809 1.8029 0.0004
2.3597 1.6004 0.0022
-1.8675 1.9397 0.0002
-1.9641 1.6887 0.0012
2.8240 4.0619 0.0000
2.5413 3.9469 0.0000
2.3597 3.7026 0.0000
-0.7455 -1.9236 0.0000
-4.7668 -2.0498 0.0000
-3.5269 -3.8093 0.0000
3.9731 0.6670 0.0000
-4.4673 -0.3466 0.0000
4.4577 0.1206 0.0000
4.4595 -0.1462 0.0000
4.2067 -0.3125 0.0000
-2.5433 -0.1051 0.2739
-2.6003 -0.1773 0.2206
-2.7033 -0.2426 0.1372
-2.7127 -0.3246 0.1199
-2.6301 -0.0800 0.2075
-2.7227 -0.0691 0.1384
-2.6870 -0.1562 0.1581
-2.7738 -0.1657 0.1004
-2.8385 -0.2621 0.0616
-2.6186 -0.2548 0.1940
-2.6340 -0.3407 0.1662
-2.6414 -0.4280 0.1421
-2.7043 -0.4173 0.1095
-2.7859 -0.3841 0.0741
-2.8467 -0.5100 0.0401
-3.0375 -0.6636 0.0055
-3.3435 -0.6868 0.0001
-3.1652 -0.9013 0.0006
2.0849 -0.5188 0.2145
1.9877 -0.5489 0.1776
-0.6737 3.2711 0.0000
-0.6844 3.0294 0.0000
-1.3937 4.7506 0.0000
-1.2804 -1.1924 0.0022
-1.4188 -1.4360 0.0009
-1.6907 -1.4200 0.0027
-1.1612 -4.7176 0.0000
1.1464 -3.0574 0.0000
0.9005 -3.0222 0.0000
0.8453 -3.2787 0.0000
-2.9100 -2.4573 0.0000
-3.1135 -2.6436 0.0000
-3.2253 -2.8558 0.0000
-3.4395 -3.0260 0.0000
2.0407 4.7461 0.0000
-4.7427 0.8050 0.0000
0.1157 -3.0446 0.0000
0.0456 -3.2813 0.0000
-2.6509 -4.7533 0.0000
4.7457 0.8037 0.0000
4.4832 0.6713 0.0000
3.6217 -4.7149 0.0000
3.3056 -4.7463 0.0000
4.7454 -3.5948 0.0000
-0.1519 -1.8577 0.0000
-2.0806 -0.7974 0.1183
-2.1343 -0.8557 0.1025
-2.1391 -0.7280 0.1519
-2.1943 -0.8014 0.1255
-2.2361 -0.8881 0.0947
-2.3385 -0.8618 0.0989
-2.3316 -0.9576 0.0705
-2.3968 -1.1430 0.0298
-2.3404 -0.7137 0.1549
-2.3816 -0.8011 0.1149
-2.4611 -0.8316 0.0915
-2.4795 -0.9439 0.0594
-2.6466 -1.0720 0.0209
-2.8517 -1.2296 0.0033
0.7472 4.7686 0.0000
2.0822 -2.8349 0.0000
2.3850 -2.8067 0.0000
2.2401 -3.0676 0.0000
-2.5231 3.0103 0.0000
-2.7465 3.1021 0.0000
-2.7309 2.7880 0.0000
-0.9167 1.6499 0.0000
-1.2059 1.5369 0.0002
1.1287 -3.2982 0.0000
1.0056 -3.5529 0.0000
1.3177 -2.0299 0.0000
1.2630 -2.5395 0.0000
-0.3641 -2.8811 0.0000
-0.4631 -3.1458 0.0000
0.9555 -4.5524 0.0000
0.7829 -4.7722 0.0000
0.1922 -0.8074 0.0007
2.7866 -3.8211 0.0000
-0.3212 -3.4044 0.0000
3.5777 3.3848 0.0000
3.3736 3.1986 0.0000
-1.2707 -1.9193 0.0000
2.1580 -3.3570 0.0000
-3.7293 1.3062 0.0000
-3.8078 1.0558 0.0000
-0.7999 -3.6060 0.0000
-0.9886 -3.7563 0.0000
-0.8485 -3.9742 0.0000
-1.0657 -4.0801 0.0000
-0.4174 2.6090 0.0000
-0.5165 2.3257 0.0000
2.0800 3.7218 0.0000
4.5265 4.0743 0.0000
0.1911 -1.5253 0.0000
-0.0202 -1.6224 0.0000
4.5251 -2.8404 0.0000
-0.1381 2.6920 0.0000
2.9405 -0.6268 0.0121
3.8738 3.6019 0.0000
4.5073 -1.6461 0.0000
4.2530 -1.7181 0.0000
4.2871 -2.2393 0.0000
4.1654 -2.4841 0.0000
1.6274 0.1030 0.1372
1.5656 0.0454 0.1161
1.5009 0.0388 0.0951
1.3951 0.0787 0.0660
1.6431 -0.0012 0.1450
1.6385 -0.1139 0.1383
1.5632 -0.0468 0.1143
1.4526 -0.0581 0.0806
1.5376 -0.1387 0.1014
1.4392 -0.2018 0.0706
1.2856 -0.1045 0.0444
-0.8367 -0.4091 0.0070
-0.1402 4.3722 0.0000
-0.2063 4.1452 0.0000
4.2180 1.0992 0.0000
3.9404 1.5124 0.0000
3.5812 -2.5539 0.0000
3.2895 -2.6206 0.0000
3.4847 -2.8370 0.0000
-4.1519 1.5045 0.0000
-4.0220 1.2720 0.0000
-4.2809 1.1560 0.0000
-1.9795 -3.7081 0.0000
-2.2354 -3.9204 0.0000
-2.3240 -4.2224 0.0000
0.4713 -4.7562 0.0000
-2.7178 -1.7586 0.0003
-3.0106 -1.7409 0.0001
-3.1810 -1.9863 0.0000
-3.3722 -2.1884 0.0000
-1.5531 -1.7012 0.0003
-1.8535 -1.6339 0.0011
-1.7728 -1.9090 0.0001
2.0561 -0.6168 0.1695
1.9681 -0.6468 0.1383
1.8669 -0.6616 0.1086
1.9348 -0.7343 0.1033
1.7983 -0.7679 0.0682
-2.5871 -1.3243 0.0076
-2.8255 -1.4966 0.0009
-0.8710 2.7769 0.0000
-1.3339 2.6071 0.0000
2.0364 3.2214 0.0000
0.5059 3.7083 0.0000
0.5740 3.4069 0.0000
1.3885 0.2655 0.0550
1.2264 0.1212 0.0344
1.0002 0.1825 0.0144
4.0212 -3.5205 0.0000
3.7872 -3.5670 0.0000
3.8419 -3.8084 0.0000
-4.5508 -4.4658 0.0000
-2.2896 0.4944 0.2652
-2.3684 0.4803 0.2560
-1.4123 3.1218 0.0000
-1.4823 2.8534 0.0000
-1.6095 2.6230 0.0000
0.1204 -3.6632 0.0000
-0.0638 -3.8950 0.0000
-0.8585 -2.1930 0.0000
-2.4348 3.2513 0.0000
-2.8938 3.5418 0.0000
-3.1713 3.5116 0.0000
-3.2401 3.2486 0.0000
1.4911 -1.7769 0.0001
1.5967 -2.0490 0.0000
1.8320 -2.1870 0.0000
1.4608 -2.2866 0.0000
0.4618 2.2299 0.0000
1.5753 1.4654 0.0013
1.3194 1.2965 0.0014
1.2849 1.5705 0.0003
1.0421 1.4118 0.0003
-1.0960 4.7385 0.0000
-1.1832 4.4748 0.0000
4.7382 4.5222 0.0000
2.2101 -1.1020 0.0371
-1.0510 -2.3426 0.0000
-2.0423 2.2970 0.0000
-2.0935 2.0281 0.0001
-0.4741 4.7613 0.0000
-0.7842 4.7511 0.0000
4.7484 -0.5154 0.0000
3.7489 -4.1034 0.0000
4.2345 1.9275 0.0000
-1.6837 4.7549 0.0000
-1.7639 0.6286 0.1018
-1.7772 0.5483 0.1267
-1.7340 0.4696 0.1321
-1.7935 0.4147 0.1689
-1.7968 0.3516 0.1869
-4.5254 0.3216 0.0000
-1.5357 0.2337 0.1037
-1.6235 0.2257 0.1360
-1.5377 0.1538 0.1117
-1.6173 0.1401 0.1427
-1.6979 0.1360 0.1790
-1.6157 0.0529 0.1477
-1.6996 0.0598 0.1857
-1.7911 0.0512 0.2341
-1.8237 -0.0449 0.2533
-1.6362 -0.0400 0.1579
-1.7216 -0.0201 0.1986
-1.7520 -0.0961 0.2115
-1.7822 -0.1657 0.2203
-1.8603 -0.1318 0.2668
-1.8433 -0.2212 0.2430
-1.9449 -0.1594 0.3090
-2.0289 -0.2163 0.3373
1.1138 -4.0648 0.0000
-2.8446 1.6048 0.0003
-3.0735 1.4096 0.0001
-4.2160 3.9286 0.0000
4.7550 -2.0340 0.0000
4.2117 4.7548 0.0000
0.1082 4.3037 0.0000
0.0396 4.0723 0.0000
2.3689 0.1420 0.3390
2.2778 0.1124 0.3670
2.2537 0.2002 0.3510
2.1927 0.1379 0.3636
2.4213 0.0581 0.3259
2.3411 0.0448 0.3602
2.3377 -0.0419 0.3613
2.2489 0.0183 0.3779
2.1684 0.0571 0.3709
2.2379 -0.0804 0.3738
2.0968 0.1110 0.3474
2.0690 0.0171 0.3453
1.9742 0.0114 0.3042
2.1549 -0.0326 0.3696
2.1452 -0.1283 0.3569
2.1348 -0.2275 0.3321
2.0644 -0.0770 0.3395
1.9844 -0.0631 0.3064
1.8962 -0.0866 0.2608
2.0542 -0.1729 0.3206
1.9720 -0.1447 0.2907
1.9664 -0.2352 0.2698
1.8864 -0.1893 0.2419
1.9869 -2.4895 0.0000
1.7293 -2.4085 0.0000
1.8296 -2.6870 0.0000
1.5222 -2.5497 0.0000
1.5910 -2.7664 0.0000
-2.0538 -4.2613 0.0000
-2.2005 -4.5037 0.0000
-2.4828 -4.5065 0.0000
-2.0471 -4.7607 0.0000
-2.3464 -4.7572 0.0000
-1.3079 2.0808 0.0000
-1.5772 2.0168 0.0000
-2.9918 2.9835 0.0000
-3.2395 2.7441 0.0000
-3.4378 2.5555 0.0000
-3.3699 2.2696 0.0000
2.5953 3.0985 0.0000
-3.3274 0.3449 0.0002
-3.4922 0.0982 0.0000
-2.6210 2.0217 0.0001
-2.5927 1.7465 0.0005
1.9839 0.3361 0.2513
1.8902 0.2876 0.2262
1.7908 0.2572 0.1891
1.8676 0.2013 0.2335
1.7715 0.1734 0.1927
1.8361 0.1209 0.2289
1.8045 0.0492 0.2177
1.6876 0.1900 0.1548
1.7214 0.0993 0.1763
1.7234 0.0170 0.1795
1.8051 -0.0450 0.2173
1.7212 -0.0714 0.1759
0.1624 4.7734 0.0000
1.1314 4.4770 0.0000
4.4856 -2.4849 0.0000
3.4512 0.5387 0.0000
2.1824 0.7500 0.1303
2.2059 0.6697 0.1630
2.1271 0.6510 0.1651
2.0417 0.6343 0.1587
1.9570 0.6351 0.1406
1.8885 0.5769 0.1422
2.0958 0.5592 0.1985
1.9921 0.5395 0.1832
1.9871 0.4342 0.2198
1.9005 0.3839 0.2051
1.8125 0.5181 0.1369
1.9053 0.4825 0.1770
1.8185 0.4316 0.1618
1.7372 0.4360 0.1324
1.8073 0.3437 0.1788
1.7225 0.3543 0.1441
1.7067 0.2718 0.1521
1.3181 0.9827 0.0062
1.3344 0.7349 0.0159
1.1289 0.5859 0.0116
0.9263 0.4187 0.0084
-2.9961 2.7208 0.0000
-3.1486 2.4697 0.0000
-2.4450 4.6762 0.0000
-2.6897 4.7798 0.0000
-2.9690 4.7139 0.0000
-2.9536 4.4001 0.0000
3.7224 -0.6664 0.0000
3.9942 -0.7602 0.0000
3.7504 -0.9656 0.0000
3.4897 -0.8557 0.0000
3.2625 -1.0267 0.0001
-3.0543 -3.9708 0.0000
-3.1913 -4.2168 0.0000
-3.1491 -4.5116 0.0000
2.1976 -4.1368 0.0000
2.1710 -4.4591 0.0000
2.0289 -4.7383 0.0000
4.7605 -4.1991 0.0000
4.7301 -4.4927 0.0000
0.6108 0.8287 0.0013
0.3805 0.7579 0.0010
-2.5531 -2.7979 0.0000
-2.4423 -3.0766 0.0000
-2.7372 -3.0308 0.0000
3.0621 4.5150 0.0000
0.8264 -1.3803 0.0002
0.6760 -1.6146 0.0000
3.6476 1.3760 0.0000
3.4478 1.1310 0.0000
4.4607 -1.1884 0.0000
4.1783 -1.2242 0.0000
3.8773 -1.2422 0.0000
1.0800 1.1310 0.0014
0.7691 1.5369 0.0001
0.5443 1.3774 0.0001
-1.4433 -4.7556 0.0000
-1.0201 -1.9762 0.0000
-1.1982 -2.1665 0.0000
4.5140 3.7742 0.0000
4.7521 -3.8885 0.0000
4.5255 -4.0346 0.0000
-0.5930 2.8179 0.0000
-0.7040 2.5446 0.0000
-0.9054 2.3990 0.0000
-1.0583 2.6109 0.0000
4.7459 1.0989 0.0000
4.4825 1.2424 0.0000
2.6745 0.3822 0.1189
2.4825 0.3076 0.2454
2.5864 0.3622 0.1723
2.6206 0.2056 0.1806
2.5659 0.2846 0.2022
2.5208 0.2100 0.2462
2.4682 0.1370 0.2911
2.4276 0.2305 0.2943
2.3312 0.2216 0.3329
4.7862 4.7877 0.0000
-4.2609 -0.1416 0.0000
2.6701 -4.3263 0.0000
2.4153 -4.2820 0.0000
2.4936 -4.5356 0.0000
2.3270 -4.7478 0.0000
-3.7188 4.0285 0.0000
1.1886 -1.7790 0.0000
1.7122 1.2306 0.0074
1.7863 1.0029 0.0266
3.0797 -2.4292 0.0000
2.7922 -2.4880 0.0000
2.5118 -2.5563 0.0000
2.6898 -2.7661 0.0000
1.6494 3.4890 0.0000
1.7379 4.7582 0.0000
-3.7517 2.1483 0.0000
-3.9920 2.2701 0.0000
-3.9983 2.0148 0.0000
1.0034 -0.5611 0.0085
0.0949 3.2547 0.0000
0.8013 1.2464 0.0004
0.8343 0.9715 0.0013
-3.2387 3.0010 0.0000
-3.4890 2.8566 0.0000
-3.7022 2.6741 0.0000
-1.9555 4.7498 0.0000
-2.2000 4.7707 0.0000
3.7192 0.7962 0.0000
3.7093 0.5395 0.0000
4.7569 -1.1133 0.0000
-4.7754 0.2778 0.0000
0.5830 -4.2546 0.0000
0.6598 -4.5262 0.0000
1.8542 -2.9500 0.0000
-0.1819 3.1469 0.0000
-0.4363 3.1490 0.0000
-3.6680 -1.7541 0.0000
-3.8255 -1.9471 0.0000
-0.7437 -0.1548 0.0074
-1.0178 -0.2048 0.0169
3.7494 1.9729 0.0000
-2.4417 2.7357 0.0000
-0.5410 3.7386 0.0000
-0.7405 3.5249 0.0000
-4.0124 -2.4923 0.0000
-4.2510 -2.6532 0.0000
-4.4959 -2.8328 0.0000
-4.7621 1.0946 0.0000
-3.9294 4.7261 0.0000
-4.2121 4.7537 0.0000
3.3252 3.4942 0.0000
3.0717 3.3347 0.0000
-2.1567 3.7302 0.0000
-2.4082 3.5212 0.0000
-4.2169 -2.9421 0.0000
-4.4209 -3.1427 0.0000
2.4443 -3.2828 0.0000
2.6079 -3.5020 0.0000
2.5467 -3.7702 0.0000
-4.7556 -1.0894 0.0000
1.6903 2.7002 0.0000
1.5311 2.2642 0.0000
-2.9275 0.0937 0.0344
-3.1936 0.0930 0.0019
4.5193 4.7323 0.0000
3.9616 -3.0286 0.0000
4.0244 -3.2704 0.0000
3.6772 -3.0712 0.0000
3.7851 -3.3149 0.0000
3.5341 -3.3506 0.0000
-2.2216 4.5104 0.0000
-2.1177 4.2538 0.0000
-2.0398 3.9942 0.0000
-2.3074 4.0383 0.0000
-2.4461 3.7996 0.0000
-0.0003 -0.3152 0.0019
2.2911 1.8657 0.0004
2.0825 1.6524 0.0014
1.8873 1.4400 0.0038
0.7193 2.1169 0.0000
0.9654 1.9867 0.0000
0.7275 1.8206 0.0000
0.4622 1.9370 0.0000
3.1444 3.0754 0.0000
-3.4559 3.4431 0.0000
-3.5065 3.1516 0.0000
-3.7408 2.9769 0.0000
-3.9681 2.7786 0.0000
-2.8047 3.8841 0.0000
-3.0304 3.7614 0.0000
-3.3573 3.7306 0.0000
4.0281 2.4239 0.0000
3.8340 2.2703 0.0000
1.8754 -3.4400 0.0000
-4.5206 3.1945 0.0000
-4.7529 2.9579 0.0000
2.2294 3.4558 0.0000
-4.2464 4.2345 0.0000
-4.4700 3.7249 0.0000
-4.7730 3.6114 0.0000
-4.5989 3.4575 0.0000
-4.7736 3.2598 0.0000
-0.3751 0.1638 0.0034
-0.4684 -0.1062 0.0041
1.9320 3.4809 0.0000
0.2588 0.9858 0.0004
-0.0533 0.9524 0.0004
0.1026 0.7264 0.0008
-0.0078 0.4694 0.0016
-0.6313 0.9427 0.0010
-0.8349 0.8060 0.0027
-0.9626 1.0185 0.0017
-1.0436 0.4953 0.0128
-1.0897 0.7429 0.0076
-1.3074 0.5604 0.0275
2.5057 -0.1016 0.2721
2.4047 -0.1105 0.3287
2.3810 -0.2035 0.3215
2.2953 -0.2413 0.3350
2.4721 -0.1782 0.2821
2.4618 -0.2592 0.2700
2.3742 -0.2982 0.2973
2.3107 -0.1399 0.3566
2.2220 -0.1821 0.3557
2.2111 -0.2851 0.3254
2.1278 -0.3295 0.2979
2.2030 -0.3890 0.2862
2.1147 -0.4297 0.2569
0.6009 4.5218 0.0000
-1.9875 2.5758 0.0000
-1.2370 0.9926 0.0049
-1.3520 0.7711 0.0175
-1.5512 0.7667 0.0359
-1.6708 0.6613 0.0719
-1.6767 0.5536 0.0950
-1.6356 0.4686 0.1001
-1.4537 0.4039 0.0631
-1.5233 0.5630 0.0575
-1.5866 0.3994 0.0973
-1.5463 0.3140 0.0975
-1.6393 0.3086 0.1299
-1.6944 0.3868 0.1363
-1.7361 0.3026 0.1709
-1.8117 0.2399 0.2201
3.6872 -1.4306 0.0000
3.6970 -1.7223 0.0000
2.6662 -1.1183 0.0132
2.4219 -1.2722 0.0136
2.4427 -1.5247 0.0032
2.2026 -1.5483 0.0034
3.8139 3.3721 0.0000
3.6959 3.1099 0.0000
4.5180 -3.4280 0.0000
3.2086 2.8531 0.0000
2.9709 2.7787 0.0000
1.1759 2.5740 0.0000
1.2831 2.3366 0.0000
1.2031 2.1139 0.0000
0.9767 2.3071 0.0000
-1.1305 -1.4495 0.0003
-1.2660 -1.6911 0.0001
-2.0949 1.4449 0.0065
-2.3383 1.5986 0.0026
2.4155 1.3460 0.0092
2.4085 1.1165 0.0293
2.1873 1.1156 0.0330
2.1677 1.3656 0.0088
1.9645 1.1864 0.0174
2.0069 0.9682 0.0517
-1.9899 2.9723 0.0000
-2.1551 2.7569 0.0000
4.1938 0.2480 0.0000
4.1872 -0.0285 0.0000
3.9116 0.1022 0.0000
3.9647 -0.4798 0.0000
3.9364 -0.1889 0.0000
3.7010 -0.3701 0.0000
-0.2874 -0.3354 0.0023
-0.5648 -0.3674 0.0037
-1.3830 -3.6705 0.0000
-1.4905 -3.9283 0.0000
0.9147 4.6398 0.0000
4.0413 4.1304 0.0000
3.7930 4.0883 0.0000
3.7961 3.8512 0.0000
3.5496 3.9551 0.0000
-1.3697 3.4387 0.0000
-1.6313 3.5379 0.0000
-1.6366 3.2916 0.0000
-2.1685 -2.3377 0.0000
-2.3572 -2.5643 0.0000
2.3435 4.7487 0.0000
4.5439 -0.9447 0.0000
-1.7940 1.4734 0.0029
-2.8111 1.2993 0.0026
-3.0222 1.1051 0.0011
2.7850 2.5386 0.0000
2.8227 2.2681 0.0000
2.5595 2.3274 0.0000
2.5092 2.0844 0.0001
2.2567 2.1340 0.0000
-1.7014 3.0181 0.0000
-1.8147 2.7689 0.0000
-1.8804 -2.4054 0.0000
-2.0693 -2.6218 0.0000
-2.2597 -2.8443 0.0000
0.0169 4.5681 0.0000
0.5713 -2.1813 0.0000
0.4223 -2.3839 0.0000
0.0938 -2.4650 0.0000
2.7612 0.8093 0.0279
2.6102 0.6750 0.0843
2.5675 0.8132 0.0651
2.5082 0.7021 0.1075
2.4372 0.6538 0.1422
-1.6967 4.5138 0.0000
-1.8368 4.2608 0.0000
-1.2744 -3.3132 0.0000
-1.4933 -3.4680 0.0000
1.7255 -0.1633 0.1698
1.5977 -0.1983 0.1160
1.5341 -0.2717 0.0888
1.8106 -0.1333 0.2129
1.7997 -0.2297 0.1937
1.6737 -0.2269 0.1404
1.7372 -0.2771 0.1582
1.6910 -0.3509 0.1275
1.6235 -0.2963 0.1129
1.6018 -0.3889 0.0929
1.4806 -0.3889 0.0633
1.6285 -0.4846 0.0849
1.4883 -0.5557 0.0463
1.2691 -0.5283 0.0231
1.4094 -0.7631 0.0195
-0.1648 4.7513 0.0000
-0.3238 4.5205 0.0000
-2.8962 1.9247 0.0000
1.9042 4.4863 0.0000
1.5717 4.2710 0.0000
1.8084 4.2278 0.0000
1.6100 3.9881 0.0000
1.5144 3.7101 0.0000
-0.4258 1.5322 0.0000
-0.4854 1.2312 0.0002
-0.6912 1.4497 0.0001
-0.7739 1.1739 0.0005
-4.5249 -1.2318 0.0000
-4.7435 -1.4066 0.0000
2.8414 -1.9514 0.0000
2.5798 -1.9970 0.0001
2.3304 -1.8097 0.0006
2.0805 -1.9901 0.0002
3.6658 -0.0681 0.0000
3.4295 0.0545 0.0000
3.2431 -0.0997 0.0009
3.0013 -0.1745 0.0150
2.8721 -0.3772 0.0365
0.2492 3.0031 0.0000
-0.0159 2.9443 0.0000
1.0629 3.9435 0.0000
0.7874 3.8348 0.0000
0.7632 3.5700 0.0000
3.3076 -3.8947 0.0000
1.0267 -2.0143 0.0000
0.8579 -2.2476 0.0000
1.1554 -2.2753 0.0000
0.9714 -2.5145 0.0000
0.6755 -2.4766 0.0000
1.3795 0.4975 0.0354
4.2459 -2.9858 0.0000
-1.6734 -3.7263 0.0000
-1.8452 -3.9387 0.0000
-1.9612 4.5109 0.0000
2.5848 -2.2707 0.0000
2.3307 -2.1087 0.0001
2.0798 -2.2687 0.0000
-2.4967 -3.7577 0.0000
-2.5336 -4.0250 0.0000
-2.6255 -4.2844 0.0000
-2.8310 -4.1242 0.0000
-2.7719 1.0160 0.0130
-2.9810 0.8270 0.0050
-2.8914 0.5882 0.0228
-3.1761 0.5993 0.0011
-2.0580 -1.8410 0.0004
-2.2638 -2.0461 0.0001
-2.3442 -1.7551 0.0008
-2.5495 -1.9706 0.0001
-4.5314 -0.6546 0.0000
-1.8625 0.3115 0.2282
-1.9295 0.2676 0.2735
-1.9858 0.1980 0.3199
-2.0525 0.1459 0.3624
-2.1528 0.1253 0.3998
-2.1481 0.0279 0.4105
-2.1533 -0.0774 0.4083
-2.2170 -0.0299 0.4206
-2.2708 -0.0952 0.4123
-2.3499 -0.1321 0.3865
-2.4093 -0.1894 0.3477
3.3559 2.3819 0.0000
3.0773 2.2744 0.0000
3.2903 2.0877 0.0000
3.0173 2.0017 0.0000
-3.5063 -0.8887 0.0000
-3.6964 -1.0305 0.0000
-3.8687 -1.2098 0.0000
4.2190 2.2130 0.0000
0.4569 4.7637 0.0000
3.6318 0.2588 0.0000
3.2830 0.2660 0.0005
0.3144 -4.2050 0.0000
0.1031 -4.4372 0.0000
0.3761 -4.4892 0.0000
0.1588 -4.7244 0.0000
-0.1266 -4.7766 0.0000
-3.2629 1.2024 0.0000
-3.5160 1.0487 0.0000
-3.6385 0.8067 0.0000
-2.1757 1.7753 0.0008
1.6222 -3.0045 0.0000
1.3846 -3.0445 0.0000
1.4063 -3.2865 0.0000
4.2821 3.9546 0.0000
4.0438 3.8299 0.0000
-3.0388 -0.1387 0.0120
-3.3263 -0.1726 0.0003
-3.0174 -0.3717 0.0120
-3.2301 -0.4357 0.0009
-3.5115 -0.4249 0.0000
-2.5903 4.0244 0.0000
-2.6708 3.6695 0.0000
2.7723 4.5583 0.0000
2.8399 4.3358 0.0000
2.6126 4.2418 0.0000
-2.5635 1.1786 0.0169
-0.2360 2.4042 0.0000
-0.3013 2.1140 0.0000
-0.5491 2.0034 0.0000
-4.7466 -2.6537 0.0000
0.3255 -2.5958 0.0000
-0.1188 -2.9312 0.0000
3.9216 4.7489 0.0000
3.7629 4.5634 0.0000
-1.5585 4.2581 0.0000
-1.5556 4.0071 0.0000
-0.7210 -2.6857 0.0000
-1.1539 -3.5597 0.0000
-1.2098 -3.8693 0.0000
-3.4496 -3.5724 0.0000
-4.7451 0.0678 0.0000
4.3575 4.5261 0.0000
-3.6539 2.3744 0.0000
-3.9186 2.4910 0.0000
2.0251 -1.7165 0.0010
1.8142 -1.9150 0.0002
1.7455 -1.6831 0.0006
-0.7659 -0.6293 0.0035
-0.9758 -0.7170 0.0051
3.2264 -4.1619 0.0000
2.9561 -4.2815 0.0000
-0.6258 -2.9204 0.0000
-0.9158 -2.8791 0.0000
-1.0863 -3.0991 0.0000
-4.1696 3.6496 0.0000
-4.3371 3.4320 0.0000
0.9869 3.1134 0.0000
0.8050 2.9019 0.0000
0.6477 2.6914 0.0000
1.3296 -0.3223 0.0422
1.0947 -0.3001 0.0189
4.2073 -4.5089 0.0000
4.2037 -4.7576 0.0000
2.9643 4.7690 0.0000
2.5107 3.3950 0.0000
3.4411 -0.2648 0.0000
3.4545 -0.5471 0.0000
3.2288 -0.7056 0.0004
-2.8043 2.2260 0.0000
3.4817 -4.1833 0.0000
4.4920 -4.7620 0.0000
-0.4391 4.2631 0.0000
-0.5517 4.0148 0.0000
-1.1434 -4.3459 0.0000
4.2601 3.6534 0.0000
4.0911 3.4828 0.0000
-0.5797 -4.1412 0.0000
-0.8494 -4.2613 0.0000
-0.9498 -4.5249 0.0000
3.2002 1.7978 0.0000
2.8829 1.7240 0.0001
3.1179 1.5324 0.0001
2.6388 1.5323 0.0018
3.5726 -3.8701 0.0000
-0.7419 2.1991 0.0000
-0.8345 1.9242 0.0000
-2.6322 -3.2825 0.0000
-2.7374 -3.5564 0.0000
1.3713 2.8065 0.0000
1.4715 2.5539 0.0000
-1.4359 4.5087 0.0000
3.7702 -2.7909 0.0000
-2.4099 0.7816 0.1203
-2.4751 0.7235 0.1255
-2.5560 0.7802 0.0853
-2.6021 0.6871 0.0952
-2.5111 0.6460 0.1407
-2.5882 0.5908 0.1270
-2.7015 0.5997 0.0769
-3.0397 0.3421 0.0092
4.7601 -3.2820 0.0000
-3.8070 0.0635 0.0000
-4.0825 0.0508 0.0000
-3.7631 3.2881 0.0000
-3.9947 3.0738 0.0000
-4.2634 3.1477 0.0000
-4.2304 2.8743 0.0000
-4.1935 2.5693 0.0000
2.6402 4.7718 0.0000
0.2341 -1.3018 0.0001
4.4739 2.8821 0.0000
4.2315 3.0201 0.0000
3.4443 -1.5023 0.0000
3.1768 -1.5999 0.0000
4.0520 -2.7530 0.0000
2.8214 -3.5721 0.0000
2.2676 -3.8527 0.0000
-1.1878 -2.7985 0.0000
