5.0000 5.0000 0.0000
0.0000 5.0000 0.0000
2.5000 5.0000 0.0000
3.7500 5.0000 0.0000
4.3750 5.0000 0.0000
4.6875 5.0000 0.0000
4.0625 5.0000 0.0000
3.1250 5.0000 0.0000
3.4375 5.0000 0.0000
2.8125 5.0000 0.0000
1.2500 5.0000 0.0000
1.8750 5.0000 0.0000
2.1875 5.0000 0.0000
1.5625 5.0000 0.0000
0.6250 5.0000 0.0000
0.9375 5.0000 0.0000
0.3125 5.0000 0.0000
-2.5000 5.0000 0.0000
-1.2500 5.0000 0.0000
-0.6250 5.0000 0.0000
-0.3125 5.0000 0.0000
-0.9375 5.0000 0.0000
-1.8750 5.0000 0.0000
-1.5625 5.0000 0.0000
-2.1875 5.0000 0.0000
-3.7500 5.0000 0.0000
-3.1250 5.0000 0.0000
-2.8125 5.0000 0.0000
-3.4375 5.0000 0.0000
-4.3750 5.0000 0.0000
-4.0625 5.0000 0.0000
-4.6875 5.0000 0.0000
5.0000 -5.0000 0.0000
5.0000 0.0000 0.0000
5.0000 -2.5000 0.0000
5.0000 -3.7500 0.0000
5.0000 -4.3750 0.0000
5.0000 -4.6875 0.0000
5.0000 -4.0625 0.0000
5.0000 -3.1250 0.0000
5.0000 -3.4375 0.0000
5.0000 -2.8125 0.0000
5.0000 -1.2500 0.0000
5.0000 -1.8750 0.0000
5.0000 -2.1875 0.0000
5.0000 -1.5625 0.0000
5.0000 -0.6250 0.0000
5.0000 -0.9375 0.0000
5.0000 -0.3125 0.0000
5.0000 2.5000 0.0000
5.0000 1.2500 0.0000
5.0000 0.6250 0.0000
5.0000 0.3125 0.0000
5.0000 0.9375 0.0000
5.0000 1.8750 0.0000
5.0000 1.5625 0.0000
5.0000 2.1875 0.0000
5.0000 3.7500 0.0000
5.0000 3.1250 0.0000
5.0000 2.8125 0.0000
5.0000 3.4375 0.0000
5.0000 4.3750 0.0000
5.0000 4.0625 0.0000
5.0000 4.6875 0.0000
-5.0000 -5.0000 0.0000
0.0000 -5.0000 0.0000
-2.5000 -5.0000 0.0000
-3.7500 -5.0000 0.0000
-4.3750 -5.0000 0.0000
-4.6875 -5.0000 0.0000
-4.0625 -5.0000 0.0000
-3.1250 -5.0000 0.0000
-3.4375 -5.0000 0.0000
-2.8125 -5.0000 0.0000
-1.2500 -5.0000 0.0000
-1.8750 -5.0000 0.0000
-2.1875 -5.0000 0.0000
-1.5625 -5.0000 0.0000
-0.6250 -5.0000 0.0000
-0.9375 -5.0000 0.0000
-0.3125 -5.0000 0.0000
2.5000 -5.0000 0.0000
1.2500 -5.0000 0.0000
0.6250 -5.0000 0.0000
0.3125 -5.0000 0.0000
0.9375 -5.0000 0.0000
1.8750 -5.0000 0.0000
1.5625 -5.0000 0.0000
2.1875 -5.0000 0.0000
3.7500 -5.0000 0.0000
3.1250 -5.0000 0.0000
2.8125 -5.0000 0.0000
3.4375 -5.0000 0.0000
4.3750 -5.0000 0.0000
4.0625 -5.0000 0.0000
4.6875 -5.0000 0.0000
-5.0000 5.0000 0.0000
-5.0000 0.0000 0.0000
-5.0000 2.5000 0.0000
-5.0000 3.7500 0.0000
-5.0000 4.3750 0.0000
-5.0000 4.6875 0.0000
-5.0000 4.0625 0.0000
-5.0000 3.1250 0.0000
-5.0000 3.4375 0.0000
-5.0000 2.8125 0.0000
-5.0000 1.2500 0.0000
-5.0000 1.8750 0.0000
-5.0000 2.1875 0.0000
-5.0000 1.5625 0.0000
-5.0000 0.6250 0.0000
-5.0000 0.9375 0.0000
-5.0000 0.3125 0.0000
-5.0000 -2.5000 0.0000
-5.0000 -1.2500 0.0000
-5.0000 -0.6250 0.0000
-5.0000 -0.3125 0.0000
-5.0000 -0.9375 0.0000
-5.0000 -1.8750 0.0000
-5.0000 -1.5625 0.0000
-5.0000 -2.1875 0.0000
-5.0000 -3.7500 0.0000
-5.0000 -3.1250 0.0000
-5.0000 -2.8125 0.0000
-5.0000 -3.4375 0.0000
-5.0000 -4.3750 0.0000
-5.0000 -4.0625 0.0000
-5.0000 -4.6875 0.0000
-1.8621 -4.5176 0.0000
-2.0233 -4.7632 0.0000
4.0235 3.7493 0.0000
2.0419 2.8039 0.0000
2.0984 -4.4567 0.0000
2.0495 -4.7368 0.0000
1.2161 4.1809 0.0000
4.7331 -0.3820 0.0000
2.4607 0.4930 0.1949
2.3920 0.4131 0.2505
2.4038 0.3162 0.2815
2.2749 0.5353 0.2218
2.3681 0.5139 0.2162
2.2950 0.4440 0.2600
2.3094 0.3525 0.2959
2.3165 0.2623 0.3268
2.2145 0.3816 0.2908
2.2276 0.2855 0.3282
2.2284 0.1938 0.3564
2.1444 0.2213 0.3398
2.1632 0.1140 0.3671
2.0727 0.1617 0.3343
1.9964 0.1072 0.3122
2.0831 0.0641 0.3519
2.0105 0.0046 0.3251
-2.7507 2.5141 0.0000
4.4711 -0.6771 0.0000
4.2809 -1.0092 0.0000
-4.7512 -3.9249 0.0000
0.5835 3.0550 0.0000
0.5365 2.7638 0.0000
0.2651 2.6349 0.0000
0.2991 2.3574 0.0000
0.0731 2.3079 0.0000
1.0980 -3.8538 0.0000
0.9533 -4.1121 0.0000
-1.5480 -2.1782 0.0000
-4.2609 -2.0269 0.0000
3.9591 -4.4168 0.0000
-2.8887 2.7712 0.0000
-3.0224 2.5192 0.0000
-0.8421 -1.8640 0.0000
2.8288 -3.3721 0.0000
2.6150 -3.5373 0.0000
-0.4077 3.2021 0.0000
-0.6707 3.1725 0.0000
-3.4911 -4.0316 0.0000
-4.7546 -1.4015 0.0000
-3.5901 4.7641 0.0000
0.0617 -2.3277 0.0000
0.3290 0.6370 0.0014
0.1082 0.4514 0.0017
-1.1909 -0.6004 0.0156
0.4328 4.1772 0.0000
0.2227 3.9612 0.0000
4.7588 -1.1108 0.0000
4.7551 -1.4002 0.0000
4.5121 -1.5283 0.0000
4.2868 -3.9633 0.0000
4.0660 -4.1011 0.0000
2.6074 3.5176 0.0000
-1.8183 0.6661 0.1056
-1.8221 0.5769 0.1319
-1.8611 0.4849 0.1738
-1.9548 0.4755 0.2129
-1.9220 0.3958 0.2283
-1.7598 0.7514 0.0714
-1.8776 0.7894 0.0856
-1.9267 0.7207 0.1164
-1.8909 0.6550 0.1284
-1.9137 0.5631 0.1663
-1.9764 0.6303 0.1607
-2.0126 0.5440 0.2053
-2.0458 0.4559 0.2526
-2.0130 0.3904 0.2678
-2.0759 0.3317 0.3134
-2.1268 0.4157 0.2922
-2.2229 0.3926 0.3148
-2.1593 0.3182 0.3404
-1.9786 0.3114 0.2819
-2.0475 0.2418 0.3340
-2.1440 0.2339 0.3680
-2.2377 0.2078 0.3867
-2.0813 0.1516 0.3706
-2.1672 0.1374 0.3985
-2.2548 0.1078 0.4095
-2.3432 0.0613 0.3968
-3.6319 -4.2973 0.0000
-3.9023 -4.3650 0.0000
-1.6289 1.3798 0.0030
-1.8092 1.1394 0.0181
-1.9471 0.9560 0.0558
-2.0536 0.9122 0.0790
-2.0866 0.8416 0.1048
0.7960 4.7560 0.0000
0.8019 4.5203 0.0000
2.0395 0.6834 0.1416
1.7586 0.7444 0.0668
1.8523 0.6886 0.1008
1.7118 0.6381 0.0799
1.6529 0.5348 0.0865
1.5232 0.4891 0.0621
1.9927 0.6188 0.1562
1.9166 0.6262 0.1356
1.8805 0.5499 0.1503
1.8161 0.6084 0.1144
1.8222 0.4738 0.1542
1.7625 0.5386 0.1177
1.7270 0.4515 0.1274
1.6460 0.4261 0.1059
1.5715 0.3593 0.0934
1.4359 0.3283 0.0609
1.7732 0.3754 0.1611
1.6864 0.3422 0.1353
1.6085 0.2823 0.1165
1.5457 0.2424 0.0999
1.4827 0.1802 0.0856
1.4523 0.0687 0.0820
1.3119 0.1682 0.0463
1.2010 -0.2025 0.0309
1.1280 0.0394 0.0251
0.9535 -0.1267 0.0132
3.3032 -4.7869 0.0000
-2.8391 4.1573 0.0000
-3.1191 4.0945 0.0000
3.6947 0.6693 0.0000
3.4140 0.6804 0.0000
2.8186 1.2925 0.0027
3.5516 4.1305 0.0000
3.5429 3.8740 0.0000
3.7401 -3.0882 0.0000
4.2198 0.5447 0.0000
4.4429 0.3513 0.0000
4.2784 0.0881 0.0000
3.9982 0.0933 0.0000
-1.9432 1.3575 0.0082
-2.0720 1.1251 0.0336
-2.3242 1.1077 0.0392
-3.8406 -0.8053 0.0000
-4.0747 -0.9604 0.0000
-4.2920 -1.1194 0.0000
-3.6481 3.9432 0.0000
2.8762 3.4523 0.0000
2.6958 3.2226 0.0000
2.4691 3.1011 0.0000
3.1264 -4.1018 0.0000
-4.4775 1.8706 0.0000
-2.4110 -4.5160 0.0000
-2.6502 -4.7214 0.0000
2.5364 1.8597 0.0003
2.3469 1.6287 0.0018
-1.4229 -1.3958 0.0012
-1.2764 -1.6290 0.0002
-1.7168 -2.4512 0.0000
3.2897 0.9111 0.0001
3.0608 0.8493 0.0023
2.8452 0.7178 0.0218
-3.4562 -4.5319 0.0000
-2.1955 4.5045 0.0000
-2.3403 4.2611 0.0000
-0.5155 -3.4265 0.0000
-0.7199 -3.6188 0.0000
2.7929 -3.0633 0.0000
0.8794 3.4968 0.0000
-0.1794 4.7509 0.0000
-2.8872 -2.3132 0.0000
0.4114 -1.4931 0.0000
-2.4602 -3.8484 0.0000
-2.2439 0.2990 0.3547
-2.3273 0.2599 0.3568
-2.4119 0.2076 0.3396
-2.4937 0.1459 0.3030
-2.3281 0.1628 0.3850
-2.4106 0.1109 0.3604
-2.4626 0.0409 0.3359
-2.5168 -0.0277 0.2979
-2.5503 0.0758 0.2694
-2.5965 -0.0009 0.2355
-2.6158 -0.0893 0.2168
-3.2290 -4.0095 0.0000
-3.3409 -4.2780 0.0000
-1.4283 3.0884 0.0000
-2.9582 1.2695 0.0009
-3.1879 1.1667 0.0001
4.2182 -0.7145 0.0000
4.0032 -0.9129 0.0000
2.8173 2.9437 0.0000
2.5744 2.8978 0.0000
2.2503 3.0162 0.0000
1.4414 0.9531 0.0109
1.7702 -2.4975 0.0000
1.8950 -2.7410 0.0000
-1.4802 4.4494 0.0000
-0.6765 0.2017 0.0060
0.6314 -4.5108 0.0000
-3.1031 -2.4845 0.0000
2.1342 -1.4175 0.0070
-3.3234 3.0294 0.0000
0.3940 1.2127 0.0002
-0.4006 -1.5852 0.0000
1.0630 3.9303 0.0000
0.7241 2.0076 0.0000
0.4882 1.8771 0.0000
0.2639 1.7377 0.0000
1.0033 -2.3137 0.0000
-2.2859 -1.9709 0.0002
-2.6276 -2.2798 0.0000
-3.5112 -0.3644 0.0000
-3.7482 -0.1877 0.0000
-3.7757 -0.4882 0.0000
-4.0231 -0.6161 0.0000
-0.3437 4.0112 0.0000
-0.7904 -0.8322 0.0019
-1.7171 4.7534 0.0000
-2.0271 4.7604 0.0000
-1.9850 0.8096 0.1000
-2.0837 0.7711 0.1295
-2.0178 0.7072 0.1417
-2.1225 0.6869 0.1689
-2.1647 0.5923 0.2165
-2.2570 0.5690 0.2310
-2.3385 0.5370 0.2363
-2.0701 0.6144 0.1905
-2.1076 0.5201 0.2406
-2.1963 0.4918 0.2670
-2.2841 0.4617 0.2800
-2.3248 0.3641 0.3170
-2.1802 0.7664 0.1416
-2.2168 0.6696 0.1846
-2.3075 0.6456 0.1916
-2.3865 0.6086 0.1937
-2.4373 0.5201 0.2149
-2.3762 0.4513 0.2652
-2.4287 0.3943 0.2688
-2.5022 0.4441 0.2148
-2.5058 0.3421 0.2467
-2.4109 0.3058 0.3097
-2.5884 0.3827 0.1845
-2.5915 0.2859 0.2058
-2.4944 0.2501 0.2802
-2.5658 0.1942 0.2424
-2.6172 0.1304 0.2120
-0.5032 2.9060 0.0000
-0.4617 2.6041 0.0000
-0.7032 2.6697 0.0000
1.6836 3.8022 0.0000
3.9935 0.7118 0.0000
-0.7824 4.7519 0.0000
1.0165 2.6940 0.0000
2.8172 0.9920 0.0106
3.9199 -4.7179 0.0000
-4.2775 -1.4346 0.0000
-2.9831 0.2315 0.0188
3.8109 0.9438 0.0000
-2.8061 -2.5483 0.0000
-2.9651 -2.7702 0.0000
-0.2627 1.8941 0.0000
2.5886 1.1017 0.0205
2.4684 0.9289 0.0579
2.3171 0.9319 0.0706
2.4061 0.7572 0.1143
2.4432 0.8183 0.0891
2.3485 0.8307 0.0978
2.2919 0.7806 0.1193
2.1962 0.7640 0.1269
2.3479 0.7114 0.1397
2.2620 0.6906 0.1555
2.2328 0.6086 0.1910
-0.6906 -3.9159 0.0000
-4.7416 1.7184 0.0000
-4.4590 2.9218 0.0000
-0.3199 4.5030 0.0000
-0.4749 4.2526 0.0000
-3.0395 -1.5682 0.0001
-0.0798 -4.4652 0.0000
-3.2584 0.8771 0.0001
-3.0680 0.6548 0.0034
-3.3220 0.5909 0.0001
1.9778 2.3194 0.0000
1.7590 2.1426 0.0000
4.7374 3.9212 0.0000
4.5277 3.4821 0.0000
-0.8308 -1.3390 0.0002
4.7782 2.1718 0.0000
-3.2785 -1.9714 0.0000
-3.2545 -2.2690 0.0000
-4.2714 0.4184 0.0000
-4.5183 0.2786 0.0000
-4.5137 0.5991 0.0000
-4.7569 0.4742 0.0000
-4.7643 0.1964 0.0000
-4.7393 -0.0152 0.0000
1.4015 4.7526 0.0000
-2.9616 -0.2985 0.0221
-3.0570 -0.5292 0.0061
-3.3085 -0.5630 0.0002
-3.3572 -0.8529 0.0001
2.5922 -4.2628 0.0000
2.5765 -4.4978 0.0000
-0.9238 0.3417 0.0109
-1.2614 1.7916 0.0001
-1.3266 1.5168 0.0004
-1.6769 0.4824 0.1089
-1.6101 0.5930 0.0700
-1.7404 0.5565 0.1117
-1.7742 0.4760 0.1436
-1.5604 0.4732 0.0781
-1.7294 0.3921 0.1473
-1.6360 0.3909 0.1138
-1.5685 0.3472 0.0993
-1.5844 0.2750 0.1144
-1.6539 0.2090 0.1495
-1.6794 0.3041 0.1454
-1.7477 0.2206 0.1902
-1.7113 0.1308 0.1845
-1.8271 0.3938 0.1874
-1.8815 0.3108 0.2359
-1.7823 0.3083 0.1891
-1.8436 0.2258 0.2375
-1.8091 0.1355 0.2343
-1.9428 0.2307 0.2880
-1.9015 0.1456 0.2835
2.8032 0.3041 0.0665
2.7343 0.2261 0.1073
2.7483 0.4170 0.0784
2.6562 0.3923 0.1274
2.6762 0.3082 0.1308
2.5811 0.2862 0.1933
2.4945 0.3310 0.2335
2.4813 0.2461 0.2637
2.3979 0.2138 0.3142
-2.1534 0.9775 0.0686
-2.3573 0.9001 0.0880
-2.4602 0.9592 0.0597
-2.5289 0.8198 0.0821
-2.1678 0.8602 0.1056
-2.2712 0.9473 0.0787
-2.2536 0.8394 0.1149
-2.3392 0.8105 0.1203
-2.4252 0.8096 0.1078
-2.4770 0.7247 0.1245
-2.5544 0.6876 0.1119
-2.2801 0.7404 0.1528
-2.3829 0.7112 0.1520
-2.4776 0.6242 0.1599
-2.5850 0.6081 0.1231
-2.6351 0.7508 0.0697
-2.7025 0.6354 0.0699
0.5720 0.7875 0.0013
-2.8719 -0.7405 0.0188
-3.1126 -0.8091 0.0016
-3.1175 -1.0767 0.0006
0.4928 3.8646 0.0000
2.9651 2.3603 0.0000
-0.2585 -3.5380 0.0000
-0.4486 -3.7339 0.0000
-2.7388 -1.7638 0.0003
-3.5514 -1.5613 0.0000
-3.7629 -2.0211 0.0000
-3.9945 -2.1805 0.0000
3.0844 -1.0284 0.0007
3.2591 -1.2535 0.0000
2.9514 -1.2562 0.0010
1.9782 3.0526 0.0000
4.7243 1.6946 0.0000
3.9002 0.4558 0.0000
-1.1280 -1.8713 0.0000
-1.4240 -1.8907 0.0000
0.8433 1.4657 0.0001
0.6177 1.3450 0.0001
-3.8020 3.7524 0.0000
-3.9485 3.5349 0.0000
0.1070 -3.5302 0.0000
-1.9720 -3.2521 0.0000
-1.7421 -3.4125 0.0000
-1.9879 -3.5601 0.0000
-2.2246 -3.7066 0.0000
0.9491 2.1510 0.0000
1.0068 1.8972 0.0000
-0.6696 -2.0709 0.0000
-0.7759 -2.2854 0.0000
3.6985 -4.4836 0.0000
3.4261 -4.5307 0.0000
3.5750 -3.3276 0.0000
-3.5985 -4.7748 0.0000
-0.5822 -3.1301 0.0000
-0.7833 -3.3215 0.0000
-0.9898 -3.5094 0.0000
-1.9908 -4.2224 0.0000
3.7641 3.6872 0.0000
1.5537 1.7023 0.0003
2.5590 -3.2479 0.0000
2.3585 -3.4487 0.0000
2.3810 -3.7296 0.0000
2.6825 -1.2108 0.0079
2.4484 -1.3935 0.0067
3.5290 2.4205 0.0000
-0.1742 3.5239 0.0000
-0.4169 3.4588 0.0000
-1.8370 -2.1949 0.0000
1.6151 3.4583 0.0000
0.1187 4.2247 0.0000
-0.1758 4.2565 0.0000
-0.0607 3.9931 0.0000
2.3296 4.3012 0.0000
2.4538 4.0600 0.0000
-2.5346 -2.5342 0.0000
-3.3529 -1.1226 0.0000
-3.6023 -0.9697 0.0000
-3.5837 -1.2676 0.0000
-3.8089 -1.4230 0.0000
3.5668 3.1512 0.0000
-2.5376 -3.0397 0.0000
3.5844 4.3757 0.0000
3.0541 2.6120 0.0000
2.8220 2.6759 0.0000
-2.0188 -2.4364 0.0000
3.1080 -2.6587 0.0000
-4.4997 -0.0162 0.0000
-1.7208 1.8709 0.0002
-1.8292 1.6044 0.0014
1.2759 2.7936 0.0000
0.7851 -4.7578 0.0000
-1.3548 1.2399 0.0023
2.2529 3.8349 0.0000
2.3239 3.5903 0.0000
-2.6443 3.4314 0.0000
-2.8778 3.3352 0.0000
-3.3915 1.9583 0.0000
-3.4460 1.6397 0.0000
3.8083 1.7059 0.0000
-2.1337 -4.5096 0.0000
-2.3284 -4.7622 0.0000
-1.0775 -0.8484 0.0048
-0.9708 -1.0951 0.0012
-1.1317 -1.3541 0.0006
0.2946 4.6951 0.0000
3.0327 3.9561 0.0000
2.7961 3.7466 0.0000
-0.0681 -3.3561 0.0000
-2.3071 -1.4693 0.0055
-3.1369 -3.5022 0.0000
-3.2518 -3.7625 0.0000
4.7279 0.4549 0.0000
1.0207 4.4211 0.0000
0.9331 4.1582 0.0000
4.7493 1.0926 0.0000
2.7135 2.3943 0.0000
2.3312 2.7619 0.0000
2.1842 2.5304 0.0000
-1.2001 -4.5204 0.0000
-1.0705 -4.7560 0.0000
-3.8631 -3.0749 0.0000
-3.8767 -3.3508 0.0000
3.4454 4.6008 0.0000
0.7118 3.9952 0.0000
3.6907 3.4119 0.0000
4.7396 -4.2234 0.0000
4.4751 -4.5055 0.0000
-3.5466 0.4941 0.0000
-3.7325 0.1135 0.0000
3.0408 -2.2978 0.0000
2.8907 -2.5258 0.0000
2.6091 -2.4701 0.0000
2.0222 4.2938 0.0000
-1.6924 -4.3107 0.0000
-1.5682 -4.5701 0.0000
-1.7204 -4.7744 0.0000
-2.2988 1.8519 0.0005
-3.0142 -1.8324 0.0000
-2.8052 -2.0390 0.0000
-3.0555 -2.1272 0.0000
2.0089 3.7875 0.0000
2.0180 -2.9758 0.0000
-4.0055 -2.4914 0.0000
-4.2245 -2.6954 0.0000
-4.4907 -2.7601 0.0000
-2.2129 1.3315 0.0132
2.4087 -0.1973 0.3133
2.3597 -0.2939 0.3053
2.2774 -0.3560 0.3001
2.2069 -0.4160 0.2774
2.1286 -0.4766 0.2427
2.0426 -0.5152 0.2077
2.1265 -0.3840 0.2800
2.0484 -0.4195 0.2461
1.9625 -0.4493 0.2069
-3.6730 1.8019 0.0000
3.5000 3.6168 0.0000
3.4107 3.3750 0.0000
4.7557 -1.7036 0.0000
4.5031 -1.8275 0.0000
-0.9363 0.0890 0.0139
-0.9689 -0.1509 0.0147
-1.1737 -0.0396 0.0326
-1.1436 0.2095 0.0276
-1.3246 -0.2067 0.0519
-2.6114 -4.4063 0.0000
-2.8721 -4.4960 0.0000
-0.9444 0.5975 0.0071
3.4457 -0.4328 0.0000
3.2388 -0.5891 0.0005
3.1221 -0.7847 0.0012
2.9578 -2.0089 0.0000
2.7727 -2.2371 0.0000
1.0636 1.6256 0.0001
0.8661 -1.2960 0.0003
0.7386 -1.5575 0.0000
-3.1611 -4.5193 0.0000
0.4176 3.4857 0.0000
0.6491 3.3373 0.0000
3.6052 0.4059 0.0000
3.4408 0.1698 0.0000
0.7063 4.2749 0.0000
-1.6030 4.1881 0.0000
-4.4168 1.2212 0.0000
-4.6370 1.2475 0.0000
-4.7637 1.0671 0.0000
-4.5126 0.9263 0.0000
-4.7540 0.7712 0.0000
4.7253 -0.6161 0.0000
4.7675 -0.8379 0.0000
4.5249 -0.9217 0.0000
1.7148 4.7640 0.0000
2.5116 -2.9706 0.0000
2.2564 -3.1662 0.0000
2.1065 -3.4176 0.0000
2.1284 -3.6663 0.0000
2.3463 -4.7549 0.0000
-3.9701 1.7002 0.0000
-4.2388 1.4436 0.0000
2.0941 1.4686 0.0046
1.8710 1.2974 0.0082
1.6541 1.1360 0.0101
3.2627 4.7539 0.0000
3.9200 4.7632 0.0000
3.1073 4.5083 0.0000
2.8099 4.5089 0.0000
4.7319 1.9473 0.0000
2.8211 2.0990 0.0000
2.5367 2.1368 0.0000
4.2423 -1.9432 0.0000
3.9749 -2.0571 0.0000
4.2222 -2.2290 0.0000
4.1939 -2.5104 0.0000
3.9507 -2.3403 0.0000
3.9206 -2.6265 0.0000
3.6885 -2.4635 0.0000
0.1740 -0.9434 0.0004
-0.0338 -1.1408 0.0002
3.3128 4.3841 0.0000
3.2657 4.1561 0.0000
-1.5404 -2.6592 0.0000
-1.8921 -2.6570 0.0000
-1.7292 -2.8316 0.0000
-1.9485 -2.9783 0.0000
4.7108 4.5035 0.0000
4.7541 4.2016 0.0000
4.5115 4.2832 0.0000
1.2583 -4.5423 0.0000
1.0910 -4.7535 0.0000
-2.8155 1.9962 0.0000
-2.8850 1.7469 0.0001
-4.7373 -0.8022 0.0000
4.7818 4.7748 0.0000
4.5138 4.7497 0.0000
4.2161 4.7542 0.0000
1.9556 -0.5502 0.1697
1.8793 -0.4902 0.1642
1.8648 -0.5924 0.1291
1.7679 -0.6435 0.0898
1.8587 -0.6962 0.0985
1.7553 -0.8005 0.0551
4.2175 -4.7706 0.0000
-1.2361 -2.6527 0.0000
-1.4463 -2.9195 0.0000
-1.3206 -3.1390 0.0000
-1.5043 -3.2974 0.0000
1.6054 -2.7704 0.0000
1.7346 -3.0113 0.0000
1.4286 -3.0388 0.0000
1.3633 -3.3313 0.0000
-0.7700 1.8127 0.0000
4.4216 1.7634 0.0000
2.9109 1.5749 0.0003
-4.5091 -1.2910 0.0000
-2.7924 -4.2133 0.0000
-3.0619 -4.2581 0.0000
1.9257 -3.2347 0.0000
1.6429 -3.2838 0.0000
1.5316 -3.5524 0.0000
1.2299 -3.5710 0.0000
4.7705 3.6064 0.0000
4.7447 3.2942 0.0000
4.3903 3.2873 0.0000
0.7993 -3.8923 0.0000
0.6149 -4.0985 0.0000
-2.3690 2.9463 0.0000
-2.5490 2.7023 0.0000
-0.1757 0.5431 0.0015
-0.4000 0.3230 0.0029
1.5433 -2.2946 0.0000
1.4767 -2.5255 0.0000
1.3184 -2.7517 0.0000
0.0642 -1.3886 0.0001
-0.2373 -1.3414 0.0001
-1.8221 4.0124 0.0000
-1.6722 3.8020 0.0000
-1.9303 3.7220 0.0000
-2.2145 3.7181 0.0000
-2.0882 3.4417 0.0000
2.9613 4.7569 0.0000
2.6565 4.7589 0.0000
2.4976 4.5262 0.0000
-1.5503 1.0971 0.0096
-1.4133 0.8484 0.0164
-1.5896 0.7508 0.0423
-1.6360 0.9308 0.0264
-1.7910 0.9145 0.0449
-1.7193 0.6424 0.0860
-4.5174 -4.7342 0.0000
-0.6949 -1.5907 0.0000
3.8685 -0.1236 0.0000
3.6931 -0.3092 0.0000
3.6846 -0.5764 0.0000
3.4568 -0.7405 0.0000
0.8455 0.0904 0.0093
0.6493 -0.0740 0.0053
0.4739 -0.2699 0.0031
0.2685 -0.1311 0.0027
0.1041 -0.3300 0.0019
2.9614 -4.7626 0.0000
3.0393 -1.5152 0.0001
-0.0178 1.0158 0.0003
-2.2118 -3.4052 0.0000
-2.4906 -3.5437 0.0000
-2.7095 -3.6992 0.0000
0.2986 1.4504 0.0000
-0.1116 1.3344 0.0001
1.1514 -3.2046 0.0000
0.8790 -3.1296 0.0000
-1.1675 0.4645 0.0208
-1.4096 0.5709 0.0381
-1.3252 0.3273 0.0459
-1.4727 0.3803 0.0696
-1.4686 0.2373 0.0830
-1.5583 0.1886 0.1150
-1.5237 0.1129 0.1089
-1.6185 0.1173 0.1439
-1.6644 0.0385 0.1683
-0.4551 -4.0448 0.0000
-0.7036 -4.2387 0.0000
-0.8897 -4.4977 0.0000
-3.4691 2.7766 0.0000
-0.6068 -4.5111 0.0000
-0.7706 -4.7566 0.0000
1.8948 2.5799 0.0000
1.5191 2.6161 0.0000
4.4771 -3.4773 0.0000
4.2421 -3.6594 0.0000
3.9980 -3.8612 0.0000
1.7480 2.7907 0.0000
2.7027 -0.1233 0.1350
2.6338 -0.0693 0.1855
2.8043 -0.1799 0.0740
2.7068 -0.3007 0.1147
2.7018 -0.2160 0.1277
2.6146 -0.1628 0.1915
2.5187 -0.1956 0.2518
2.6138 -0.2525 0.1792
2.6195 -0.3467 0.1580
2.5352 -0.2979 0.2197
2.5311 -0.3898 0.1979
2.4551 -0.2686 0.2726
2.4442 -0.3519 0.2530
2.6150 -0.4395 0.1402
2.4525 -0.4438 0.2182
2.3637 -0.3981 0.2665
2.5422 -0.4888 0.1637
2.4671 -0.5353 0.1803
1.0196 -3.4051 0.0000
0.7716 -3.3598 0.0000
-0.6857 1.5342 0.0000
1.5328 -4.0519 0.0000
1.2479 -4.0783 0.0000
-2.6641 2.2266 0.0000
-2.9546 2.2632 0.0000
3.9275 2.7083 0.0000
3.8224 2.4526 0.0000
-0.0756 -3.6956 0.0000
-0.2332 -3.9054 0.0000
2.1272 -1.8304 0.0005
1.9768 -1.6395 0.0015
1.7936 -1.8610 0.0002
0.0559 0.7385 0.0008
-4.5002 -2.2010 0.0000
-4.7637 -2.3406 0.0000
3.6084 -4.7567 0.0000
-4.7382 -3.5994 0.0000
-3.9377 1.0688 0.0000
-4.0106 0.8399 0.0000
-4.2447 0.9858 0.0000
-4.2702 0.7137 0.0000
0.2745 4.4511 0.0000
4.3674 1.0347 0.0000
-1.0015 1.6060 0.0001
-1.1225 1.3490 0.0005
1.5346 3.2144 0.0000
1.4895 2.9272 0.0000
2.1816 4.5337 0.0000
1.8742 4.5292 0.0000
4.4417 4.0303 0.0000
4.2845 3.7944 0.0000
-1.1083 -0.3408 0.0194
-1.4683 -0.3062 0.0786
-1.3277 -0.4103 0.0389
-1.5047 -0.4386 0.0716
-1.5894 -0.5522 0.0750
0.0403 2.8329 0.0000
1.5576 -0.9213 0.0189
1.4072 -1.1405 0.0041
0.2167 -2.5777 0.0000
-0.0517 -2.5741 0.0000
-0.1766 -2.7609 0.0000
2.9026 -0.7068 0.0136
2.8468 -0.9669 0.0085
-4.2893 3.9422 0.0000
-4.1920 3.6843 0.0000
-4.4804 3.7295 0.0000
-4.4913 3.4572 0.0000
-0.1561 -4.1931 0.0000
-1.0512 -3.2201 0.0000
-1.2564 -3.4174 0.0000
-1.4935 -3.5903 0.0000
-0.9883 -2.1313 0.0000
-0.9744 -2.4668 0.0000
1.2194 0.3356 0.0267
1.0370 0.2297 0.0158
-2.4828 4.5099 0.0000
-2.6792 4.3807 0.0000
0.0465 -3.9368 0.0000
2.6457 4.2819 0.0000
2.5334 3.8002 0.0000
-2.0891 4.2334 0.0000
-2.0894 3.9851 0.0000
-2.3615 3.9731 0.0000
-2.5075 3.7046 0.0000
-4.7481 3.6116 0.0000
-4.7536 3.3366 0.0000
3.6671 0.0182 0.0000
-0.7013 -2.5603 0.0000
4.4471 -4.2636 0.0000
4.2137 -4.2747 0.0000
-0.2867 1.1239 0.0002
-0.2298 0.8277 0.0007
3.8976 1.2180 0.0000
-3.5101 -3.7835 0.0000
-3.7659 -3.8287 0.0000
-3.7514 -4.0678 0.0000
-4.5206 -1.5855 0.0000
-4.7605 -1.7239 0.0000
3.4308 2.9045 0.0000
3.3320 2.6532 0.0000
-0.6376 -0.5756 0.0028
1.2248 2.1345 0.0000
0.3275 -4.0332 0.0000
0.0215 -1.8490 0.0000
4.7665 0.1804 0.0000
4.5412 0.1000 0.0000
4.7309 -0.1227 0.0000
-3.1956 2.7568 0.0000
1.9060 -0.0234 0.2733
1.8794 -0.1038 0.2540
1.7981 -0.0757 0.2151
1.7757 -0.1534 0.1966
1.6936 -0.1317 0.1616
1.6841 -0.2174 0.1479
-2.5330 -0.4381 0.1994
-2.6209 -0.4704 0.1421
-2.7010 -0.4642 0.1021
-2.6426 -0.5517 0.1113
-2.7202 -0.5972 0.0705
2.3434 4.7644 0.0000
2.0282 4.7669 0.0000
0.1380 -4.7352 0.0000
-3.2634 2.4900 0.0000
-3.4937 2.5265 0.0000
-4.0080 -0.3205 0.0000
-4.2539 -0.1685 0.0000
-4.2619 -0.4615 0.0000
-4.4966 -0.6195 0.0000
-3.5143 0.7885 0.0000
-0.4469 0.6323 0.0018
-0.6747 0.4716 0.0042
-2.1133 -2.7709 0.0000
1.8374 -3.5363 0.0000
1.9390 -3.8323 0.0000
1.6666 -3.7883 0.0000
1.3812 -3.8111 0.0000
-1.8472 4.2782 0.0000
-2.0031 1.8386 0.0005
-2.1345 1.5828 0.0029
-1.1042 2.3871 0.0000
-1.2371 2.1013 0.0000
-1.4824 1.9837 0.0000
-1.5409 1.6748 0.0004
0.7643 -1.0494 0.0008
0.5832 -1.2797 0.0002
3.1015 -4.3938 0.0000
3.1536 -4.6087 0.0000
4.2848 2.2695 0.0000
2.6679 -1.9593 0.0001
-3.7766 0.6957 0.0000
-4.0222 0.5502 0.0000
4.4475 2.5297 0.0000
1.6150 -0.2824 0.1136
1.5320 -0.3695 0.0781
-2.8390 4.5420 0.0000
-3.0046 4.3566 0.0000
3.1413 0.6155 0.0018
2.9483 0.4569 0.0179
3.3453 0.4422 0.0002
3.1583 0.2900 0.0025
2.9414 0.1581 0.0271
2.6919 0.1361 0.1410
2.7835 0.1473 0.0862
2.7487 0.0546 0.1091
2.6917 -0.0152 0.1463
2.9878 -0.1534 0.0175
2.8526 -0.0108 0.0571
2.7625 -0.0658 0.1008
2.4918 -2.1941 0.0000
2.2060 -2.1589 0.0000
2.0203 -2.3756 0.0000
1.7280 -4.7646 0.0000
1.2567 -0.4710 0.0254
1.0432 -0.3832 0.0141
0.8714 -0.5875 0.0053
0.7691 -0.3196 0.0063
-2.2216 -4.0116 0.0000
-2.2818 -4.2836 0.0000
-2.5020 -4.1475 0.0000
2.6453 0.2120 0.1641
2.5497 0.1915 0.2318
2.5921 0.1215 0.2115
2.4704 0.1447 0.2904
2.4292 0.0512 0.3244
2.6466 0.0565 0.1767
2.5251 0.0713 0.2632
2.5807 0.0012 0.2259
2.5444 -0.0976 0.2478
2.3738 0.1197 0.3433
2.2859 -0.0456 0.3761
2.4865 -0.0223 0.2914
2.4505 -0.1138 0.3066
2.3874 -0.0341 0.3459
2.3503 -0.1187 0.3520
2.2514 -0.1383 0.3679
2.3149 -0.2034 0.3444
2.2627 -0.2658 0.3340
2.1992 -0.2053 0.3517
2.1092 -0.2311 0.3280
2.1800 -0.3089 0.3171
2.0755 -0.3178 0.2911
1.9864 -0.3508 0.2488
-3.4481 -2.4629 0.0000
-3.0896 -1.3253 0.0003
-3.3206 -1.3972 0.0000
-2.3920 2.1494 0.0000
-2.5657 1.9201 0.0002
2.7722 1.8319 0.0001
2.1288 -0.5726 0.2022
2.0411 -0.6113 0.1700
1.9470 -0.6444 0.1354
1.9394 -0.7380 0.1044
-0.5480 -0.2700 0.0040
-0.8131 -0.3490 0.0073
-0.9343 -0.5862 0.0066
-1.7199 2.9905 0.0000
-0.5312 -1.3283 0.0001
-0.5437 -1.8326 0.0000
1.1298 -2.9430 0.0000
1.7662 -0.2351 0.1803
1.7130 -0.3054 0.1458
1.6434 -0.3789 0.1084
1.6117 -0.4803 0.0825
-1.7559 0.0498 0.2131
-1.8383 0.0493 0.2583
-1.8252 -0.0333 0.2520
-1.9144 0.0655 0.3003
-1.9194 -0.0198 0.3057
-1.9607 -0.1028 0.3226
-2.0560 -0.1083 0.3681
-2.0959 -0.2010 0.3636
-2.1507 -0.1240 0.3970
-2.1933 -0.2158 0.3813
-2.2781 -0.2475 0.3702
-2.3041 -0.3302 0.3346
-1.7290 -0.0363 0.2003
-1.7757 -0.1223 0.2196
-1.8681 -0.1147 0.2704
-1.9125 -0.1933 0.2821
-2.0015 -0.1880 0.3282
-1.9348 -0.2704 0.2749
-2.0303 -0.2736 0.3171
-2.1238 -0.2940 0.3415
-1.9717 -0.3455 0.2683
-2.0599 -0.3694 0.2929
-2.1520 -0.3930 0.3063
-2.2121 -0.3170 0.3462
-2.2463 -0.4117 0.3046
-2.0834 -0.4627 0.2597
-2.1828 -0.4892 0.2650
-2.2862 -0.5023 0.2582
-2.2268 -0.5716 0.2268
-2.2963 -0.6233 0.1987
-2.3570 -0.5675 0.2155
-2.3976 -0.6619 0.1646
2.8682 -1.7404 0.0001
-2.8031 -1.5335 0.0009
2.3978 3.3388 0.0000
-4.7848 -4.7845 0.0000
-4.7706 2.0073 0.0000
4.5454 -3.1600 0.0000
4.3357 -3.2638 0.0000
4.1399 -3.4011 0.0000
-0.0987 2.1201 0.0000
-0.3901 2.1483 0.0000
1.2545 -0.9344 0.0060
0.9654 -0.8561 0.0030
-4.7427 -4.2357 0.0000
-3.5748 -0.6722 0.0000
-3.8313 -1.1156 0.0000
2.3264 -0.7458 0.1340
2.2596 -0.8056 0.1163
2.2152 -0.8876 0.0890
2.1027 -0.8656 0.0899
1.9771 -0.9464 0.0560
-2.9937 1.5127 0.0002
-3.2500 1.4202 0.0000
3.7015 1.4418 0.0000
1.3402 3.9192 0.0000
1.4584 3.6812 0.0000
3.3904 -3.5434 0.0000
3.2053 -3.7873 0.0000
3.2452 2.3842 0.0000
3.4245 2.1557 0.0000
3.1271 2.1213 0.0000
3.0345 1.8573 0.0000
4.2964 3.0116 0.0000
4.2265 2.7414 0.0000
-2.2067 2.3821 0.0000
-3.9094 3.0268 0.0000
-4.1835 2.9681 0.0000
0.0075 2.5494 0.0000
-0.2370 2.4000 0.0000
-3.7541 4.5446 0.0000
-3.9426 4.3465 0.0000
-0.3225 -4.5287 0.0000
1.6966 2.4328 0.0000
1.5156 2.2616 0.0000
1.5006 1.9991 0.0000
4.2213 2.0074 0.0000
3.9159 1.9661 0.0000
-0.0989 0.2771 0.0022
-0.2128 0.0725 0.0028
-0.4676 0.0162 0.0041
-0.7250 -0.0719 0.0073
-2.4509 1.3713 0.0085
-2.5775 1.1608 0.0175
-2.8149 1.0997 0.0066
-0.1579 -4.7556 0.0000
3.1554 3.4141 0.0000
2.9851 3.1733 0.0000
0.7750 -4.2875 0.0000
1.3325 3.4186 0.0000
1.2714 3.1207 0.0000
1.0773 3.3209 0.0000
0.8665 3.1653 0.0000
-3.7557 3.2917 0.0000
-4.0298 3.2617 0.0000
1.8188 3.6031 0.0000
1.8593 3.3165 0.0000
2.0873 3.5240 0.0000
-4.7918 -1.1046 0.0000
-2.8008 3.6594 0.0000
-3.0227 3.5407 0.0000
3.3297 -2.7883 0.0000
2.9748 -2.8632 0.0000
1.4617 -0.5264 0.0459
-4.0353 2.2130 0.0000
-0.9335 -2.7414 0.0000
-0.8540 -3.0242 0.0000
-1.1401 -2.9313 0.0000
0.2675 -3.3467 0.0000
0.2473 -3.7409 0.0000
0.0281 3.7218 0.0000
0.5916 0.5049 0.0029
0.3634 0.3374 0.0025
3.4915 -1.7071 0.0000
3.1860 -1.8032 0.0000
3.2203 -2.1066 0.0000
-0.7614 3.7008 0.0000
-1.0437 3.7202 0.0000
-4.5172 4.0251 0.0000
-4.7539 3.8970 0.0000
2.5666 -1.6858 0.0008
2.2951 -1.6302 0.0020
-4.2320 4.7608 0.0000
-4.5227 4.7765 0.0000
-0.9273 3.4426 0.0000
-1.1925 3.4849 0.0000
-1.1890 3.2211 0.0000
2.4915 -0.6181 0.1436
2.4069 -0.6887 0.1425
2.4153 -0.7846 0.1079
2.3352 -0.8533 0.0959
2.3091 -0.9883 0.0592
0.1275 1.2286 0.0001
-1.3306 0.1286 0.0575
-1.4478 0.1128 0.0858
-1.4691 0.0175 0.0951
-1.4891 -0.1904 0.0955
-1.3628 -0.0296 0.0667
-1.4526 -0.1039 0.0890
-1.5646 0.0332 0.1268
-1.5709 -0.1358 0.1269
-1.5649 -0.2502 0.1153
-1.5270 -0.0566 0.1139
-1.6228 -0.0470 0.1507
-1.6784 -0.1198 0.1721
-1.6319 -0.1980 0.1458
-1.7272 -0.2060 0.1860
-1.6619 -0.2844 0.1471
-1.7602 -0.2950 0.1863
-1.5860 -0.3457 0.1101
-1.6940 -0.3746 0.1437
-1.6258 -0.4361 0.1078
-1.6832 -0.5012 0.1128
-1.8249 -0.2125 0.2328
-1.8584 -0.3013 0.2300
-1.8005 -0.3826 0.1839
-1.9005 -0.3858 0.2247
-1.7321 -0.5671 0.1122
-1.7439 -0.4498 0.1455
-1.8571 -0.4575 0.1850
-1.9845 -0.4396 0.2386
-1.7986 -0.5122 0.1482
-1.8641 -0.5679 0.1524
-1.9561 -0.6054 0.1660
-0.2633 -1.8505 0.0000
-0.3991 -2.1075 0.0000
2.6254 1.5748 0.0014
2.5584 1.3412 0.0069
2.3363 1.3530 0.0097
2.3509 1.1135 0.0323
2.2287 0.8567 0.0950
4.7634 1.3929 0.0000
4.5035 1.2460 0.0000
-4.4383 -4.4412 0.0000
3.3231 1.8953 0.0000
-1.3414 3.7138 0.0000
-1.5642 3.5898 0.0000
-1.4300 3.3859 0.0000
-1.6514 3.2652 0.0000
2.9632 -3.9037 0.0000
-3.1555 3.7557 0.0000
-0.6072 3.9683 0.0000
3.7773 4.5342 0.0000
1.6704 -1.2070 0.0077
1.5012 -1.4205 0.0013
1.2775 -1.6031 0.0002
-4.0926 -3.1614 0.0000
-4.3271 -3.2430 0.0000
-4.4713 -3.4975 0.0000
-1.6944 4.5076 0.0000
1.9770 0.5324 0.1838
1.9211 0.4648 0.1902
1.9517 0.3795 0.2284
1.8659 0.3919 0.1923
1.8542 0.3097 0.2085
1.7678 0.2742 0.1791
1.6801 0.2435 0.1481
1.7195 0.1722 0.1724
1.6677 0.1049 0.1555
1.6439 0.0184 0.1476
1.6113 -0.0739 0.1322
1.6052 -0.1771 0.1223
1.4101 -4.7711 0.0000
0.4854 -4.7820 0.0000
-4.2340 -0.7641 0.0000
-4.4517 -0.9068 0.0000
-4.5999 -1.0778 0.0000
0.1888 -1.6057 0.0000
-0.1136 -1.6032 0.0000
1.2883 -2.1941 0.0000
1.2247 -2.4622 0.0000
-1.4300 -0.6056 0.0368
-1.5614 -0.7558 0.0376
-1.6646 -0.6487 0.0745
-1.7673 -0.7078 0.0853
-1.7316 -0.8485 0.0477
-1.8720 -0.7659 0.0926
-1.9079 -0.9066 0.0614
-3.5950 -3.2349 0.0000
-3.6813 -3.5427 0.0000
-3.9570 -3.6266 0.0000
0.5213 -3.8229 0.0000
-0.4080 -2.6244 0.0000
-0.3899 -2.9328 0.0000
-0.6452 -2.8300 0.0000
-0.5135 -2.3506 0.0000
2.1592 3.2727 0.0000
-0.0151 -0.0921 0.0024
-4.1106 -4.4945 0.0000
-4.2364 -4.7383 0.0000
-0.6599 -1.0780 0.0005
3.2969 -3.2718 0.0000
4.1229 2.4906 0.0000
0.4446 -3.5386 0.0000
-3.7490 -4.5569 0.0000
-3.9304 -4.7386 0.0000
-4.0263 -3.9002 0.0000
-4.2716 -3.9788 0.0000
-2.0357 -1.0446 0.0439
-2.1616 -1.2390 0.0197
-2.4044 -1.2188 0.0203
-2.5781 -1.4333 0.0043
-0.8110 2.4119 0.0000
-0.6990 2.1103 0.0000
-0.9507 2.1534 0.0000
-1.0091 1.9056 0.0000
-0.9464 -3.7910 0.0000
-1.2159 -3.6888 0.0000
-1.7595 -3.6931 0.0000
-1.9714 -3.8767 0.0000
0.1203 3.4284 0.0000
-0.1439 3.2745 0.0000
-1.6839 -3.1113 0.0000
0.3529 3.2235 0.0000
0.3100 2.9342 0.0000
0.0829 3.1199 0.0000
1.7131 -1.5674 0.0012
1.5186 -1.7391 0.0002
1.5471 -2.0225 0.0000
-2.6587 0.2186 0.1701
-2.7245 0.2610 0.1205
-2.8040 0.2054 0.0802
-2.7178 0.1432 0.1364
-1.4097 -3.8783 0.0000
-1.6289 -3.8585 0.0000
-1.7611 -4.0445 0.0000
-3.7167 1.5323 0.0000
-3.7554 1.2494 0.0000
-1.1639 -3.9701 0.0000
-1.4892 -4.1190 0.0000
-1.0923 4.7484 0.0000
-1.4131 4.7283 0.0000
2.8417 -4.5151 0.0000
2.6469 -4.7512 0.0000
0.7164 2.3015 0.0000
0.4715 2.1654 0.0000
2.1745 -3.9683 0.0000
2.0041 -4.2002 0.0000
1.7145 -4.2887 0.0000
3.7031 -2.1715 0.0000
3.4372 -2.2799 0.0000
3.2246 -2.4449 0.0000
3.4465 -2.5710 0.0000
0.9450 -3.6436 0.0000
0.6990 -3.5983 0.0000
-3.4747 3.7632 0.0000
-3.6276 3.5433 0.0000
4.7434 2.6803 0.0000
4.7371 2.4197 0.0000
1.0646 -1.1226 0.0013
-2.7066 -0.1218 0.1457
-2.6183 -0.1887 0.2039
-2.7072 -0.2096 0.1375
-2.8196 -0.1780 0.0743
-2.6649 -0.2912 0.1544
-2.6954 -0.3778 0.1206
-2.7586 -0.2765 0.0988
-2.7899 -0.3528 0.0751
-2.8239 -0.5011 0.0474
-3.2155 0.3635 0.0011
-3.4728 0.2422 0.0000
1.8058 -0.3362 0.1774
1.7268 -0.3917 0.1343
1.7158 -0.4707 0.1139
1.8079 -0.4341 0.1541
1.7904 -0.5332 0.1227
1.6838 -0.5671 0.0852
1.0378 -2.6532 0.0000
0.3389 -3.0659 0.0000
0.0808 -3.1617 0.0000
-3.7853 -1.7224 0.0000
-4.0198 -1.8812 0.0000
0.4920 -2.5388 0.0000
0.4039 -2.8029 0.0000
0.1081 -2.8537 0.0000
3.2202 -0.2783 0.0010
3.0203 -0.4590 0.0084
-0.8951 3.9727 0.0000
2.7410 0.5487 0.0635
2.6168 0.5645 0.1082
2.6422 0.4767 0.1170
2.5591 0.4680 0.1595
2.5795 0.3785 0.1729
2.4824 0.4080 0.2155
-2.9810 4.7558 0.0000
-3.1653 4.5453 0.0000
-3.2971 4.7659 0.0000
-3.4618 4.5012 0.0000
-1.4647 2.8251 0.0000
0.7904 -2.1464 0.0000
0.6394 -2.3354 0.0000
-1.3328 -0.8286 0.0130
-1.2877 -1.1076 0.0034
-1.5367 -0.9798 0.0150
-1.5979 -1.2124 0.0063
-1.7861 -1.0611 0.0230
-1.9068 -1.2459 0.0126
4.3739 4.5129 0.0000
4.2187 4.2632 0.0000
4.1069 4.0233 0.0000
0.2922 3.6888 0.0000
-2.8256 -3.0379 0.0000
-2.9918 -3.2599 0.0000
3.2994 3.9005 0.0000
3.2767 3.6618 0.0000
3.0430 3.6855 0.0000
4.7372 -3.3364 0.0000
4.7509 -3.6119 0.0000
4.5083 -3.7610 0.0000
4.7683 -3.9072 0.0000
4.5342 -4.0352 0.0000
4.5048 -1.2187 0.0000
4.2791 -1.3526 0.0000
4.2595 -1.6513 0.0000
3.9990 -1.7701 0.0000
0.0971 4.7587 0.0000
-0.0071 4.5022 0.0000
4.7576 -4.7581 0.0000
-4.2476 3.4442 0.0000
-4.2760 3.1891 0.0000
-3.3072 3.9443 0.0000
-0.4684 -4.7647 0.0000
2.7597 -4.0258 0.0000
2.8722 -4.2464 0.0000
3.3193 1.1538 0.0000
-2.5441 -0.5434 0.1590
-2.5085 -0.6466 0.1383
-2.5638 -0.7321 0.0942
-2.5974 -0.6275 0.1111
-2.6702 -0.7148 0.0662
-2.6727 -0.9014 0.0360
-2.8844 -1.0129 0.0067
1.5609 -4.5356 0.0000
4.0646 -1.1943 0.0000
4.0220 -1.4783 0.0000
-2.5628 4.1666 0.0000
-2.6685 3.9202 0.0000
-2.9514 3.8854 0.0000
-3.7399 -2.3276 0.0000
-3.7352 -2.6103 0.0000
-3.9493 -2.8045 0.0000
3.5122 1.6707 0.0000
1.0139 -1.7428 0.0000
0.7657 -1.8691 0.0000
0.5244 -1.7363 0.0000
-4.7331 -4.5170 0.0000
3.1146 1.3734 0.0002
3.0503 1.1140 0.0010
-0.2039 2.9974 0.0000
-0.2282 2.7185 0.0000
0.2919 0.9417 0.0005
4.1189 0.3218 0.0000
3.7873 0.2192 0.0000
0.8560 3.7845 0.0000
-4.7698 4.7503 0.0000
-1.2814 -2.1174 0.0000
-1.1900 -2.3483 0.0000
-1.4311 -2.4153 0.0000
-2.3915 -0.3263 0.3102
-2.4401 -0.3998 0.2606
-2.3433 -0.4135 0.2898
-2.3817 -0.4875 0.2457
-2.4602 -0.4915 0.2153
-2.4471 -0.5769 0.1858
-4.7606 -0.2216 0.0000
-1.8283 2.0904 0.0000
-2.1234 2.0920 0.0001
3.8568 -4.1810 0.0000
3.6117 -4.2364 0.0000
-1.3248 4.2121 0.0000
-1.1856 3.9668 0.0000
-4.5122 3.1775 0.0000
-4.7605 3.0824 0.0000
-4.7216 2.8687 0.0000
-4.7621 2.6099 0.0000
1.7854 1.8641 0.0002
1.8290 1.5809 0.0014
3.6499 -2.7850 0.0000
3.4703 -3.0381 0.0000
-3.2327 2.2369 0.0000
-3.4948 2.2725 0.0000
-3.6587 2.0658 0.0000
1.2387 2.5311 0.0000
1.0171 2.3957 0.0000
4.5240 3.7438 0.0000
4.2474 3.5320 0.0000
3.9658 3.4705 0.0000
-2.3636 3.4746 0.0000
-2.3672 3.2576 0.0000
-2.5724 3.1727 0.0000
-2.6789 2.9110 0.0000
1.5699 4.0274 0.0000
-2.2257 -3.0682 0.0000
-2.4235 -3.2717 0.0000
-2.6885 -3.3098 0.0000
-4.1597 -3.4425 0.0000
-4.2433 -3.6997 0.0000
1.4109 -4.3049 0.0000
1.1083 -4.3259 0.0000
-3.2411 -2.7283 0.0000
-3.4018 -2.9942 0.0000
-4.5067 -3.8007 0.0000
-2.8519 -3.4999 0.0000
-2.9832 -3.7488 0.0000
4.0071 2.2264 0.0000
3.7169 2.1913 0.0000
3.6181 1.9307 0.0000
2.1364 -1.0174 0.0522
1.9826 -1.1671 0.0216
1.8555 -1.3672 0.0058
-2.7154 -3.9535 0.0000
-2.9716 -3.9861 0.0000
4.1593 -0.1744 0.0000
3.9604 -0.3962 0.0000
3.9405 -0.6464 0.0000
4.5271 2.2400 0.0000
4.4944 2.0025 0.0000
-3.4590 3.2900 0.0000
1.0853 0.7737 0.0059
1.0878 0.5247 0.0116
4.1088 1.7469 0.0000
3.9910 1.4804 0.0000
3.9543 -3.6210 0.0000
3.7362 -3.9297 0.0000
-3.2294 0.0654 0.0012
-3.4821 -0.0671 0.0000
-3.9962 -0.0280 0.0000
0.9340 -4.5129 0.0000
-0.8490 1.3239 0.0003
-3.7737 2.2954 0.0000
-3.8992 1.9818 0.0000
-4.1706 1.9382 0.0000
-3.8939 4.7846 0.0000
-4.0508 4.6034 0.0000
1.5776 4.5162 0.0000
1.2865 4.4867 0.0000
0.3035 -1.8344 0.0000
-1.3835 -4.7473 0.0000
-2.6752 -2.7940 0.0000
-3.1202 -3.0049 0.0000
-0.9405 3.1845 0.0000
-0.8305 2.9223 0.0000
-1.1530 2.9258 0.0000
-3.6123 3.0407 0.0000
3.2656 3.1343 0.0000
3.1087 2.8837 0.0000
-3.2826 -1.6788 0.0000
-3.5286 -1.8526 0.0000
-3.5101 -2.1559 0.0000
-2.6419 1.6741 0.0007
-2.7189 1.4189 0.0023
-0.2554 3.7699 0.0000
4.5681 0.9142 0.0000
4.5010 0.6435 0.0000
-0.4841 -0.8173 0.0010
-1.7975 3.4833 0.0000
-1.9171 3.1969 0.0000
-2.1767 3.1526 0.0000
-1.7356 -1.4344 0.0029
-1.8674 -1.6959 0.0007
-2.0295 -1.4746 0.0043
-2.1703 -1.7170 0.0010
-4.5156 -1.8900 0.0000
-4.7547 -2.0373 0.0000
-0.7585 4.2353 0.0000
-0.9903 0.8590 0.0036
-1.2058 0.7135 0.0124
1.1462 3.6472 0.0000
-4.1812 -2.9442 0.0000
-4.4213 -2.9995 0.0000
-4.7308 -2.9753 0.0000
-4.5812 -3.2321 0.0000
3.4105 1.4118 0.0000
3.2137 1.6324 0.0000
-4.2191 4.4227 0.0000
-4.4382 4.5541 0.0000
-4.4538 4.2711 0.0000
-3.4988 1.3401 0.0000
-3.4559 1.0908 0.0000
-3.7055 0.9745 0.0000
-0.4988 0.9319 0.0008
-0.7162 0.7515 0.0023
-4.5010 -4.1203 0.0000
4.7671 2.9725 0.0000
-2.2513 -2.5283 0.0000
-2.3880 -2.7974 0.0000
0.4295 -4.3030 0.0000
3.8160 3.9729 0.0000
-2.3400 4.7575 0.0000
-1.9426 4.5192 0.0000
4.0266 2.9670 0.0000
3.7374 2.9312 0.0000
3.6282 2.6791 0.0000
-0.5774 1.2254 0.0002
-0.7706 1.0321 0.0009
-2.8331 0.7813 0.0202
-2.5311 0.5374 0.1688
-2.6476 0.5379 0.1130
-2.5966 0.4736 0.1553
-2.6783 0.4203 0.1225
-2.6734 0.3301 0.1424
-2.8617 0.5300 0.0328
-2.7301 0.4895 0.0839
-2.8027 0.3563 0.0683
-2.8411 0.0738 0.0674
4.7429 -2.3063 0.0000
4.7195 -2.5967 0.0000
-0.4771 4.7527 0.0000
-0.6226 4.5014 0.0000
-0.4924 3.7074 0.0000
-0.6665 3.4295 0.0000
3.6141 4.7631 0.0000
2.7263 -2.7557 0.0000
2.4350 -2.6866 0.0000
-4.0538 -1.2737 0.0000
-1.0349 1.1200 0.0013
-1.2510 1.0081 0.0047
-0.1259 -0.8913 0.0005
-0.3486 -1.0676 0.0003
0.8337 -2.5007 0.0000
0.6794 -2.7028 0.0000
0.8713 -2.8530 0.0000
4.5469 3.1146 0.0000
4.5066 2.8216 0.0000
0.1916 -2.0790 0.0000
2.7461 -1.4718 0.0014
1.2247 -1.3138 0.0009
1.0257 -1.4760 0.0002
0.6280 3.6461 0.0000
2.2453 2.2235 0.0000
2.0218 2.0344 0.0001
2.2876 1.9374 0.0002
2.0674 1.7495 0.0007
1.2816 1.8217 0.0000
1.6029 1.4105 0.0020
1.3329 1.5206 0.0004
1.1127 1.3329 0.0006
-0.2071 1.6277 0.0000
-0.3895 1.4079 0.0001
2.4307 2.4229 0.0000
0.7642 1.7229 0.0000
0.5274 1.5843 0.0000
-2.8315 3.1139 0.0000
-3.0399 3.0068 0.0000
1.6006 -0.6821 0.0491
1.3874 -0.7220 0.0209
4.4430 -0.1712 0.0000
4.4783 -0.4183 0.0000
4.2265 -0.4475 0.0000
-4.3177 2.1635 0.0000
-4.5740 2.1452 0.0000
3.6010 1.1760 0.0000
3.5457 0.9222 0.0000
2.1203 0.4112 0.2671
2.1348 0.3172 0.3066
2.0529 0.2588 0.3033
1.9779 0.2000 0.2882
1.8968 0.1451 0.2594
2.1654 0.5633 0.2081
2.1996 0.4780 0.2484
2.1660 0.6756 0.1602
2.1048 0.6259 0.1743
2.0568 0.5625 0.1917
2.1018 0.5003 0.2264
2.0235 0.4505 0.2274
2.0417 0.3525 0.2691
1.9555 0.2948 0.2552
1.8851 0.2338 0.2388
1.8093 0.1939 0.2103
1.7779 0.1103 0.2045
1.9271 0.0546 0.2832
1.8457 0.0770 0.2404
1.8216 0.0008 0.2301
1.7402 0.0372 0.1898
1.7158 -0.0487 0.1771
-1.4771 3.9510 0.0000
-1.7953 -0.6184 0.1168
-1.8767 -0.6653 0.1245
-1.9686 -0.7003 0.1341
-1.9704 -0.7935 0.1026
-2.0546 -0.7519 0.1306
-2.0448 -0.8671 0.0896
-1.9258 -0.5061 0.1933
-2.0202 -0.5377 0.2101
-2.1136 -0.5531 0.2247
-2.0559 -0.6428 0.1742
-2.1384 -0.7159 0.1551
-2.1394 -0.8141 0.1166
-2.2243 -0.7751 0.1348
-2.1478 -0.9281 0.0793
-2.2627 -1.0372 0.0527
-2.2410 -0.8750 0.0980
0.8569 0.3836 0.0072
0.6344 0.2299 0.0047
0.4277 0.0619 0.0035
0.1384 0.1421 0.0024
-2.1570 -0.6240 0.1976
-2.2259 -0.6792 0.1758
-2.3111 -0.7166 0.1552
-2.3908 -0.7643 0.1253
-2.3158 -0.8101 0.1175
-2.3553 -0.9071 0.0820
-2.4679 -0.7339 0.1201
-2.4244 -0.8398 0.0940
-2.5206 -0.8343 0.0779
-2.4746 -1.0003 0.0475
-2.6446 -1.1547 0.0141
-2.8553 -1.2817 0.0024
4.2751 0.7985 0.0000
4.0826 0.9992 0.0000
2.3736 -1.9241 0.0002
2.0070 -2.0277 0.0001
1.8059 -2.1864 0.0000
4.7508 -2.0068 0.0000
4.4908 -2.1207 0.0000
-0.5493 2.3671 0.0000
3.4622 -0.1366 0.0000
3.1950 0.0132 0.0018
-3.7745 0.3911 0.0000
-4.0120 0.2575 0.0000
-4.2580 0.1250 0.0000
-2.9972 -0.0556 0.0186
-3.2298 -0.2545 0.0011
3.8813 4.2533 0.0000
4.2051 1.2646 0.0000
-2.0295 2.8941 0.0000
-2.2626 2.6754 0.0000
3.1805 -2.9991 0.0000
3.0283 -3.2021 0.0000
4.4950 -4.7503 0.0000
-2.4045 1.6052 0.0023
0.3624 -4.5832 0.0000
0.5838 -0.5297 0.0027
0.2956 -0.4733 0.0018
0.0677 -0.6573 0.0010
-0.2542 -0.6864 0.0010
-4.0029 2.7458 0.0000
-4.2628 2.6906 0.0000
2.8356 -0.3249 0.0517
2.7051 -0.4033 0.1006
2.7988 -0.5008 0.0493
2.6567 -0.5108 0.1043
2.6714 -0.7938 0.0469
2.6134 -0.9798 0.0307
2.6995 -0.6307 0.0652
2.5761 -0.5699 0.1257
2.5775 -0.6746 0.0977
2.4926 -0.7096 0.1142
2.5281 -0.7991 0.0800
2.4541 -0.9151 0.0647
-1.0445 4.2309 0.0000
-0.9222 -4.0799 0.0000
-1.0382 -4.2960 0.0000
-1.2450 -4.1884 0.0000
-1.4019 -4.3896 0.0000
1.7368 3.0617 0.0000
-3.1522 3.2721 0.0000
0.2127 2.0451 0.0000
0.0053 1.8399 0.0000
0.0542 1.5464 0.0000
2.3119 0.1753 0.3520
2.2618 0.1055 0.3730
2.3246 0.0425 0.3681
2.2165 0.0270 0.3813
2.1300 -0.0017 0.3687
2.1902 -0.0692 0.3762
2.0744 -0.0652 0.3483
2.1371 -0.1353 0.3576
1.9771 -0.0895 0.3045
2.0414 -0.1600 0.3221
1.9427 -0.1856 0.2733
2.0109 -0.2523 0.2881
1.8546 -0.1840 0.2306
1.8423 -0.2639 0.2096
1.9189 -0.2822 0.2403
1.8905 -0.3779 0.2019
-2.4698 2.4387 0.0000
4.1345 3.2434 0.0000
3.8571 3.1933 0.0000
0.8549 0.9182 0.0018
0.8317 0.6497 0.0038
1.3511 2.3656 0.0000
2.1564 4.0681 0.0000
1.8769 4.0166 0.0000
-4.2353 -2.3031 0.0000
-4.3176 -2.4974 0.0000
-4.5359 -2.4849 0.0000
-4.7599 -2.6607 0.0000
-0.1101 -0.4326 0.0016
-4.2483 1.6852 0.0000
-4.5064 1.5368 0.0000
-4.7699 1.4248 0.0000
3.7000 -0.8610 0.0000
3.5412 -1.1123 0.0000
3.3424 -0.9510 0.0000
1.2801 -1.8954 0.0000
1.0358 -2.0264 0.0000
0.6266 -3.0086 0.0000
0.5474 -3.2749 0.0000
1.7383 4.2709 0.0000
1.4571 4.2566 0.0000
2.3163 -2.4242 0.0000
2.1235 -2.6364 0.0000
2.2426 -2.8765 0.0000
4.7721 0.7608 0.0000
2.2899 -0.4582 0.2567
2.3000 -0.5579 0.2128
2.2128 -0.5173 0.2340
2.3761 -0.4990 0.2231
2.3926 -0.5961 0.1805
2.3112 -0.6528 0.1719
2.2172 -0.6152 0.1917
2.2283 -0.7101 0.1526
2.1739 -0.7835 0.1228
2.1312 -0.6733 0.1612
2.0956 -0.7583 0.1246
0.8738 1.1842 0.0006
0.6035 1.0530 0.0005
-3.9748 1.4253 0.0000
-4.1179 1.2048 0.0000
-2.1776 0.0446 0.4130
-2.2724 0.0160 0.4165
-2.3126 -0.0614 0.4059
-2.3705 -0.1211 0.3780
-1.9946 0.1522 0.3318
-1.9943 0.0699 0.3433
-2.0838 0.0635 0.3849
-2.0151 -0.0171 0.3569
-2.1137 -0.0305 0.3977
-2.2093 -0.0489 0.4162
-2.2463 -0.1354 0.4042
-2.3144 -0.1725 0.3859
-2.3718 -0.2376 0.3489
-2.3881 -0.0095 0.3805
-2.4432 -0.0743 0.3461
-2.4414 -0.1745 0.3313
-2.5315 -0.1210 0.2794
-2.5260 -0.2150 0.2672
-2.4621 -0.2746 0.2930
-2.5106 -0.3432 0.2430
-2.5755 -0.2833 0.2172
-2.6076 -0.3767 0.1735
1.3805 1.2251 0.0026
1.1529 1.0344 0.0028
-2.4717 -1.7087 0.0010
-2.5435 -2.0032 0.0001
-2.6609 0.0606 0.1830
-2.7429 0.0469 0.1240
-2.6938 -0.0283 0.1590
-2.7978 -0.0542 0.0901
4.4710 -2.4065 0.0000
4.4374 -2.6850 0.0000
4.1764 -2.7911 0.0000
3.9325 -2.8973 0.0000
-0.1116 -2.1050 0.0000
-0.2359 -2.3807 0.0000
0.6711 -0.7913 0.0017
0.3743 -0.7380 0.0011
0.4697 -1.0094 0.0005
0.2782 -1.2335 0.0001
4.7329 -4.4971 0.0000
-3.2979 4.2900 0.0000
-3.4750 4.1195 0.0000
1.8092 -4.0353 0.0000
-4.5125 -0.3091 0.0000
-4.7513 -0.4991 0.0000
1.6121 0.1807 0.1287
1.5662 0.1023 0.1168
1.5553 0.0048 0.1144
1.4735 -0.0473 0.0879
1.5309 -0.1238 0.1016
1.5149 -0.2394 0.0878
1.3989 -0.1635 0.0647
1.3178 -0.0221 0.0513
1.3740 -0.3281 0.0494
-3.4952 -2.7271 0.0000
-3.6715 -2.9173 0.0000
-3.6489 4.2863 0.0000
-3.8476 4.0907 0.0000
-4.1608 4.1537 0.0000
-4.0097 3.8831 0.0000
-0.9836 2.6664 0.0000
-1.2575 2.6286 0.0000
-1.5213 2.5509 0.0000
-1.7339 2.4270 0.0000
-1.3839 2.3312 0.0000
-1.6036 2.2070 0.0000
0.1168 -4.2003 0.0000
0.1660 -4.4285 0.0000
-2.6668 0.9358 0.0319
-3.0022 0.9519 0.0025
-1.5739 -1.6581 0.0004
-1.7060 -1.9318 0.0001
4.7187 -2.8511 0.0000
4.7800 -3.0679 0.0000
4.4766 -2.9280 0.0000
-2.6540 4.7408 0.0000
-4.5154 2.6482 0.0000
-4.7600 2.3377 0.0000
0.5090 -2.0471 0.0000
0.3510 -2.3027 0.0000
-1.9478 2.3098 0.0000
-0.5239 1.8984 0.0000
-0.4718 1.6694 0.0000
3.8059 -1.1121 0.0000
3.7907 -1.3410 0.0000
3.5357 -1.3941 0.0000
3.2938 -1.5299 0.0000
-4.2301 2.4421 0.0000
-4.4919 2.4099 0.0000
3.1057 -3.4997 0.0000
2.8901 -3.6637 0.0000
0.5217 4.7455 0.0000
-3.3179 3.5350 0.0000
-0.1294 -3.0313 0.0000
-0.3058 -3.2302 0.0000
-3.9865 -4.1438 0.0000
-4.2219 -4.2427 0.0000
-4.7825 -3.3113 0.0000
0.5356 4.4861 0.0000
-0.9848 -1.6053 0.0001
3.4140 -4.0293 0.0000
3.3477 -4.3024 0.0000
4.2138 -4.5335 0.0000
-3.7413 2.7873 0.0000
-1.9964 -1.9491 0.0002
-1.7547 2.7239 0.0000
-1.9949 2.5905 0.0000
-0.4038 -4.2952 0.0000
1.1469 -0.6623 0.0106
1.0667 2.9796 0.0000
0.8003 2.8757 0.0000
0.7735 2.5815 0.0000
0.5168 2.4835 0.0000
2.5633 2.6414 0.0000
-4.7144 4.4882 0.0000
-4.7482 4.2016 0.0000
-3.2873 -3.2500 0.0000
-3.4165 -3.5015 0.0000
3.7558 -1.6077 0.0000
3.7320 -1.8879 0.0000
3.4605 -1.9834 0.0000
2.0259 -0.7037 0.1329
2.0124 -0.8049 0.0973
1.8934 -0.8317 0.0710
1.7950 -1.0121 0.0280
-3.0912 1.9889 0.0000
-3.1853 1.7248 0.0000
1.8515 -4.5118 0.0000
2.6573 -3.7987 0.0000
2.4642 -4.0066 0.0000
2.3060 -4.2453 0.0000
2.3427 -4.5154 0.0000
4.0659 4.5019 0.0000
-0.2652 -0.2096 0.0026
-0.3914 -0.4802 0.0020
-3.7242 2.5491 0.0000
-3.9784 2.5019 0.0000
2.6319 0.8532 0.0460
2.5198 0.7488 0.0925
2.6406 0.6758 0.0753
2.5293 0.6427 0.1198
2.4376 0.6767 0.1353
2.5355 0.5556 0.1438
2.4402 0.5848 0.1679
2.3407 0.6145 0.1794
-3.2863 -4.7656 0.0000
3.6952 -3.6174 0.0000
3.4923 -3.7885 0.0000
4.2474 -3.0280 0.0000
4.0312 -3.1445 0.0000
3.8498 -3.3616 0.0000
1.0863 4.7202 0.0000
4.5147 1.5018 0.0000
4.2691 1.5140 0.0000
-0.9167 4.4951 0.0000
-1.2065 4.4868 0.0000
2.1151 1.1978 0.0212
1.9093 1.0373 0.0323
2.1531 0.9893 0.0566
2.1224 0.8375 0.0973
2.1025 0.7442 0.1278
2.0194 0.8931 0.0712
2.0162 0.7804 0.1042
1.9444 0.7148 0.1129
1.8868 0.8260 0.0706
1.6923 0.8965 0.0320
1.5479 0.6944 0.0397
1.3082 0.7558 0.0137
1.3387 0.5340 0.0284
-2.9723 -4.7559 0.0000
2.9747 4.2512 0.0000
2.7511 4.0265 0.0000
2.4525 -1.1296 0.0260
2.2405 -1.1998 0.0229
-2.1181 -2.2031 0.0000
-2.3608 -2.2708 0.0000
-4.0365 -1.5817 0.0000
-4.2742 -1.7342 0.0000
