5.0000 5.0000 0.0000
0.0000 5.0000 0.0000
2.5000 5.0000 0.0000
3.7500 5.0000 0.0000
4.3750 5.0000 0.0000
4.6875 5.0000 0.0000
4.0625 5.0000 0.0000
3.1250 5.0000 0.0000
3.4375 5.0000 0.0000
2.8125 5.0000 0.0000
1.2500 5.0000 0.0000
1.8750 5.0000 0.0000
2.1875 5.0000 0.0000
1.5625 5.0000 0.0000
0.6250 5.0000 0.0000
0.9375 5.0000 0.0000
0.3125 5.0000 0.0000
-2.5000 5.0000 0.0000
-1.2500 5.0000 0.0000
-0.6250 5.0000 0.0000
-0.3125 5.0000 0.0000
-0.9375 5.0000 0.0000
-1.8750 5.0000 0.0000
-1.5625 5.0000 0.0000
-2.1875 5.0000 0.0000
-3.7500 5.0000 0.0000
-3.1250 5.0000 0.0000
-2.8125 5.0000 0.0000
-3.4375 5.0000 0.0000
-4.3750 5.0000 0.0000
-4.0625 5.0000 0.0000
-4.6875 5.0000 0.0000
5.0000 -5.0000 0.0000
5.0000 0.0000 0.0000
5.0000 -2.5000 0.0000
5.0000 -3.7500 0.0000
5.0000 -4.3750 0.0000
5.0000 -4.6875 0.0000
5.0000 -4.0625 0.0000
5.0000 -3.1250 0.0000
5.0000 -3.4375 0.0000
5.0000 -2.8125 0.0000
5.0000 -1.2500 0.0000
5.0000 -1.8750 0.0000
5.0000 -2.1875 0.0000
5.0000 -1.5625 0.0000
5.0000 -0.6250 0.0000
5.0000 -0.9375 0.0000
5.0000 -0.3125 0.0000
5.0000 2.5000 0.0000
5.0000 1.2500 0.0000
5.0000 0.6250 0.0000
5.0000 0.3125 0.0000
5.0000 0.9375 0.0000
5.0000 1.8750 0.0000
5.0000 1.5625 0.0000
5.0000 2.1875 0.0000
5.0000 3.7500 0.0000
5.0000 3.1250 0.0000
5.0000 2.8125 0.0000
5.0000 3.4375 0.0000
5.0000 4.3750 0.0000
5.0000 4.0625 0.0000
5.0000 4.6875 0.0000
-5.0000 -5.0000 0.0000
0.0000 -5.0000 0.0000
-2.5000 -5.0000 0.0000
-3.7500 -5.0000 0.0000
-4.3750 -5.0000 0.0000
-4.6875 -5.0000 0.0000
-4.0625 -5.0000 0.0000
-3.1250 -5.0000 0.0000
-3.4375 -5.0000 0.0000
-2.8125 -5.0000 0.0000
-1.2500 -5.0000 0.0000
-1.8750 -5.0000 0.0000
-2.1875 -5.0000 0.0000
-1.5625 -5.0000 0.0000
-0.6250 -5.0000 0.0000
-0.9375 -5.0000 0.0000
-0.3125 -5.0000 0.0000
2.5000 -5.0000 0.0000
1.2500 -5.0000 0.0000
0.6250 -5.0000 0.0000
0.3125 -5.0000 0.0000
0.9375 -5.0000 0.0000
1.8750 -5.0000 0.0000
1.5625 -5.0000 0.0000
2.1875 -5.0000 0.0000
3.7500 -5.0000 0.0000
3.1250 -5.0000 0.0000
2.8125 -5.0000 0.0000
3.4375 -5.0000 0.0000
4.3750 -5.0000 0.0000
4.0625 -5.0000 0.0000
4.6875 -5.0000 0.0000
-5.0000 5.0000 0.0000
-5.0000 0.0000 0.0000
-5.0000 2.5000 0.0000
-5.0000 3.7500 0.0000
-5.0000 4.3750 0.0000
-5.0000 4.6875 0.0000
-5.0000 4.0625 0.0000
-5.0000 3.1250 0.0000
-5.0000 3.4375 0.0000
-5.0000 2.8125 0.0000
-5.0000 1.2500 0.0000
-5.0000 1.8750 0.0000
-5.0000 2.1875 0.0000
-5.0000 1.5625 0.0000
-5.0000 0.6250 0.0000
-5.0000 0.9375 0.0000
-5.0000 0.3125 0.0000
-5.0000 -2.5000 0.0000
-5.0000 -1.2500 0.0000
-5.0000 -0.6250 0.0000
-5.0000 -0.3125 0.0000
-5.0000 -0.9375 0.0000
-5.0000 -1.8750 0.0000
-5.0000 -1.5625 0.0000
-5.0000 -2.1875 0.0000
-5.0000 -3.7500 0.0000
-5.0000 -3.1250 0.0000
-5.0000 -2.8125 0.0000
-5.0000 -3.4375 0.0000
-5.0000 -4.3750 0.0000
-5.0000 -4.0625 0.0000
-5.0000 -4.6875 0.0000
-0.5509 -3.9424 0.0000
2.6661 0.3499 0.1314
-0.8877 -1.9201 0.0000
1.4269 -2.5240 0.0000
1.2328 -2.6434 0.0000
1.2916 -2.8666 0.0000
1.0401 -2.9388 0.0000
2.5816 2.7969 0.0000
2.6475 2.5108 0.0000
2.3752 2.5972 0.0000
2.0002 4.5245 0.0000
3.8851 4.7643 0.0000
3.7742 4.4099 0.0000
-0.2724 -2.9145 0.0000
-0.5348 -3.4170 0.0000
-2.7303 -0.2402 0.1191
-2.5657 -0.2629 0.2280
-2.6529 -0.3118 0.1582
-2.7250 -0.3487 0.1083
1.8146 0.6317 0.1081
1.6877 0.6775 0.0666
1.7524 0.5613 0.1093
1.6756 0.5275 0.0949
1.5662 0.5626 0.0607
1.6965 0.4440 0.1188
1.6063 0.4352 0.0922
3.3342 -0.0373 0.0002
3.0254 0.0374 0.0129
3.0341 -0.2103 0.0106
-0.7821 -4.7354 0.0000
-1.0897 -4.7846 0.0000
-4.0196 0.2014 0.0000
0.0252 0.3569 0.0019
-0.9589 2.0874 0.0000
-2.0358 -2.1070 0.0001
4.3244 1.6034 0.0000
4.1316 1.4336 0.0000
3.9321 1.2615 0.0000
3.8426 1.0370 0.0000
-2.4135 3.2187 0.0000
-2.6677 3.1054 0.0000
-2.2480 -1.4089 0.0078
-2.2727 -1.7044 0.0012
2.1173 0.7868 0.1146
2.0506 0.7140 0.1327
-4.2456 -2.8682 0.0000
-4.4709 -3.1390 0.0000
4.7861 1.7371 0.0000
4.5675 1.6417 0.0000
4.7524 1.4040 0.0000
4.4834 1.3856 0.0000
4.5195 1.1391 0.0000
-3.4250 -1.6493 0.0000
-3.6154 -1.8177 0.0000
-3.7719 -1.6302 0.0000
-3.9155 -1.8916 0.0000
-3.9421 -2.1732 0.0000
4.7594 -3.6068 0.0000
1.0086 1.8220 0.0000
1.1808 1.5646 0.0002
1.0722 1.2867 0.0006
0.7856 1.2426 0.0003
2.3250 1.8427 0.0004
2.3064 1.6032 0.0022
2.0533 1.6213 0.0017
1.9229 1.3490 0.0069
-0.5765 4.3068 0.0000
-0.1150 0.1178 0.0024
2.2488 -4.4929 0.0000
2.0840 -4.7479 0.0000
4.7628 3.2878 0.0000
4.5787 3.1132 0.0000
-3.1205 4.0080 0.0000
-3.1710 3.7362 0.0000
-3.4040 3.9316 0.0000
-3.4327 3.6120 0.0000
-3.5879 3.4057 0.0000
-3.6448 3.7412 0.0000
-3.8070 3.5353 0.0000
-3.6977 3.1462 0.0000
3.5738 1.9788 0.0000
-2.1124 -4.5088 0.0000
-2.1987 -4.7624 0.0000
3.8224 -3.9952 0.0000
4.7599 0.1479 0.0000
-0.2379 2.5730 0.0000
-0.2465 2.2800 0.0000
4.7522 -1.9697 0.0000
-2.0421 -4.0474 0.0000
-4.4456 4.1758 0.0000
2.7487 1.4394 0.0018
2.6079 0.1175 0.2029
2.7028 -0.0015 0.1406
2.6063 0.0257 0.2092
2.5335 -0.0340 0.2619
2.6257 -0.0677 0.1936
2.5452 -0.1310 0.2462
2.5522 -0.2339 0.2253
2.4547 -0.0900 0.3095
3.8598 0.5432 0.0000
-1.5383 -2.6977 0.0000
-1.7401 -2.8745 0.0000
-1.8860 -3.0797 0.0000
0.4437 -4.7547 0.0000
2.4262 3.3822 0.0000
1.1660 3.0086 0.0000
-1.6310 0.5604 0.0800
-1.7348 0.5903 0.1011
-1.7164 0.4954 0.1177
-1.7821 0.4399 0.1549
-1.6578 0.4357 0.1115
-1.8041 0.3302 0.1926
-1.8584 0.4136 0.1935
-1.9049 0.3351 0.2383
-1.6371 0.3464 0.1212
-1.7262 0.3780 0.1481
-1.7100 0.2846 0.1607
-1.8676 0.2568 0.2414
-1.9667 0.2806 0.2840
-1.6972 0.1949 0.1698
-1.7845 0.2255 0.2062
-1.8485 0.1590 0.2511
-1.8769 0.0884 0.2761
-1.9305 0.1950 0.2882
-2.0493 0.2787 0.3204
-2.1247 0.2409 0.3580
-2.0297 0.1905 0.3380
-1.9626 0.1147 0.3198
-1.9364 0.0305 0.3135
-2.0241 0.0142 0.3598
-2.0473 0.0944 0.3641
-2.1245 0.1456 0.3838
-2.2115 0.1059 0.4070
-2.1301 0.0413 0.4000
-1.5750 -2.4292 0.0000
4.0370 2.2917 0.0000
3.7958 2.1466 0.0000
-2.6150 -2.9512 0.0000
-3.6145 0.5903 0.0000
-3.5659 0.2967 0.0000
-2.9564 -4.7613 0.0000
-1.0809 -3.7240 0.0000
4.2462 0.7504 0.0000
-0.8224 -3.8646 0.0000
-1.0617 -4.0211 0.0000
-3.7145 -4.5314 0.0000
-3.6623 -4.7727 0.0000
3.8558 1.5413 0.0000
-4.1981 -0.6063 0.0000
-0.1964 -1.5990 0.0000
-0.4010 -1.7621 0.0000
-0.6059 -1.8940 0.0000
3.4382 0.7288 0.0000
-3.8239 1.4326 0.0000
-4.4609 -4.2837 0.0000
-4.4709 -4.5216 0.0000
3.0023 4.2283 0.0000
2.7919 4.0242 0.0000
0.7810 4.7482 0.0000
2.1612 2.4048 0.0000
-2.1116 -3.2021 0.0000
-3.7556 -3.8003 0.0000
-3.5923 -4.0169 0.0000
-4.0154 -3.8099 0.0000
-0.0574 4.0833 0.0000
-0.2732 3.8882 0.0000
-0.5212 3.7426 0.0000
-1.0450 -4.5876 0.0000
2.4623 -0.1824 0.2913
2.4574 -0.2718 0.2731
2.3741 -0.2345 0.3208
2.3873 -0.3314 0.2858
2.2868 -0.2008 0.3522
2.2118 -0.2705 0.3345
2.2991 -0.2992 0.3203
2.1396 -0.3427 0.2994
2.2257 -0.3687 0.2992
2.1496 -0.4495 0.2589
2.0624 -0.3996 0.2584
2.0488 -0.4856 0.2216
2.0209 -0.5707 0.1814
-3.7547 2.8445 0.0000
-3.8247 2.5459 0.0000
4.0151 -0.6583 0.0000
0.1571 3.1916 0.0000
0.2211 -3.5171 0.0000
4.0705 2.8768 0.0000
3.8177 2.7650 0.0000
-0.3368 -4.5433 0.0000
-0.4881 -4.7602 0.0000
0.1311 0.8529 0.0006
3.4760 0.2350 0.0000
1.2752 4.0091 0.0000
-1.9593 4.4932 0.0000
-2.2206 4.4603 0.0000
-2.0698 -2.3940 0.0000
-2.2026 -2.6003 0.0000
0.3685 2.9703 0.0000
0.0983 2.8955 0.0000
1.9092 4.7628 0.0000
1.6711 4.7356 0.0000
2.7045 4.2484 0.0000
2.4532 4.1842 0.0000
2.2594 3.9504 0.0000
-2.6808 -4.7254 0.0000
2.8765 1.2037 0.0029
2.5994 1.1881 0.0133
2.5395 0.9594 0.0434
2.3596 0.9455 0.0649
1.9687 -0.6551 0.1378
1.8988 -0.7278 0.0991
1.9618 -0.4774 0.1973
1.9384 -0.5609 0.1613
1.8789 -0.6210 0.1249
1.8674 -0.5110 0.1538
1.7995 -0.5724 0.1154
1.8065 -0.6901 0.0881
1.6937 -0.6290 0.0753
1.7220 -0.8146 0.0477
1.5989 -1.0626 0.0120
1.4653 -1.2746 0.0027
-0.2626 -2.3772 0.0000
-0.6882 3.5507 0.0000
-4.7600 -4.7563 0.0000
3.1215 1.6731 0.0000
2.4485 2.3121 0.0000
2.2554 2.1255 0.0001
2.0794 1.9163 0.0002
-4.4795 0.3824 0.0000
-4.2869 0.1586 0.0000
-4.5534 0.1194 0.0000
-4.7766 0.1325 0.0000
-1.1062 -0.0671 0.0247
-1.2163 -0.2854 0.0308
2.5472 -3.9707 0.0000
2.2586 -3.9904 0.0000
2.4015 -4.2374 0.0000
1.9937 -3.9631 0.0000
2.1130 -4.2352 0.0000
1.9674 -4.4858 0.0000
-4.2529 -0.3447 0.0000
2.7319 -3.4190 0.0000
0.7454 -4.0458 0.0000
0.4962 -4.1715 0.0000
1.2672 -4.2267 0.0000
0.9937 -4.2287 0.0000
0.8843 -4.5162 0.0000
-3.4627 -4.5093 0.0000
-3.4264 -4.7518 0.0000
3.7662 -0.7954 0.0000
3.2616 -1.1071 0.0001
3.2605 -4.2617 0.0000
1.3678 3.4818 0.0000
1.2273 3.2663 0.0000
-2.0812 -0.0463 0.3835
-2.1475 -0.0947 0.3994
-2.2243 -0.1265 0.4043
-2.2627 -0.2193 0.3796
-1.9642 -0.0559 0.3279
-2.0275 -0.1152 0.3533
-2.0979 -0.1609 0.3730
-2.1757 -0.1991 0.3826
-2.2947 -0.3123 0.3422
-2.0112 -0.2156 0.3251
-2.1050 -0.2556 0.3488
-2.0406 -0.3198 0.3044
-2.1274 -0.3481 0.3198
-2.2017 -0.2924 0.3540
-2.2087 -0.3878 0.3140
-2.0928 -0.4159 0.2821
-2.1670 -0.4679 0.2726
-2.2609 -0.4841 0.2680
-2.3786 -0.3503 0.3046
-2.2948 -0.4050 0.3022
-2.3725 -0.4423 0.2676
-2.4498 -0.4971 0.2165
4.7648 -3.9172 0.0000
4.7653 -4.2251 0.0000
-4.4801 -0.6447 0.0000
-0.7501 2.5747 0.0000
-0.9954 2.3769 0.0000
-1.2618 2.4722 0.0000
-1.9478 -4.7495 0.0000
2.7642 1.0003 0.0141
-3.1100 0.5802 0.0027
0.1777 4.7615 0.0000
-0.1406 4.7304 0.0000
4.7844 -0.4836 0.0000
4.5229 -0.6087 0.0000
2.3464 -0.7056 0.1485
2.2629 -0.6893 0.1621
2.2571 -0.7746 0.1287
2.2181 -0.8408 0.1049
2.1523 -0.9199 0.0777
2.1799 -0.7322 0.1435
2.1328 -0.8118 0.1105
2.0422 -0.8394 0.0914
2.0234 -0.9813 0.0529
2.0931 -0.7298 0.1354
2.0027 -0.7442 0.1153
1.9077 -0.8422 0.0707
1.8255 -1.0164 0.0295
1.0459 -4.7565 0.0000
-0.2629 -0.6307 0.0012
-3.4494 -0.2753 0.0000
-2.3722 0.2082 0.3550
-2.4598 0.2353 0.3034
-2.4807 0.1421 0.3105
-2.5575 0.2101 0.2440
-2.5769 0.1177 0.2434
-2.5205 0.0461 0.2927
-2.6175 0.0337 0.2171
3.0381 -3.7910 0.0000
2.8315 -3.9802 0.0000
2.9645 -4.2595 0.0000
-3.6257 2.3729 0.0000
-3.5314 2.1262 0.0000
-3.7129 1.9074 0.0000
-0.8805 -2.9215 0.0000
-0.9724 -3.2065 0.0000
-1.0927 -3.4203 0.0000
-1.3278 -3.5746 0.0000
-1.3087 -3.8808 0.0000
1.4993 4.5002 0.0000
1.2303 4.5032 0.0000
0.5810 2.2324 0.0000
0.1081 2.1500 0.0000
4.4932 4.7459 0.0000
-0.6626 0.1298 0.0060
1.9124 0.6084 0.1406
3.3484 -3.9786 0.0000
3.5426 -4.2219 0.0000
3.1068 -4.0289 0.0000
4.7548 -0.1488 0.0000
4.6014 -0.3374 0.0000
-3.9594 -4.3802 0.0000
-3.9468 -4.7137 0.0000
-4.2312 -4.7758 0.0000
1.1526 -4.4885 0.0000
1.4721 1.5679 0.0006
1.3546 1.3202 0.0015
0.9980 1.0076 0.0019
4.0513 -3.8423 0.0000
3.7973 -3.7213 0.0000
3.5317 -3.6833 0.0000
3.5891 -3.9436 0.0000
-0.0987 4.3529 0.0000
-0.3208 4.1885 0.0000
-0.5434 4.0216 0.0000
-1.3333 -1.7174 0.0001
3.5419 4.2837 0.0000
3.3012 4.0173 0.0000
3.0642 3.9501 0.0000
3.3239 3.7718 0.0000
3.1163 3.6646 0.0000
-4.5333 -0.9303 0.0000
-4.7530 -1.1033 0.0000
-2.1891 -0.0229 0.4134
-2.2818 -0.0564 0.4104
-2.3184 -0.1435 0.3898
-2.4065 -0.1686 0.3502
-2.3506 -0.2375 0.3552
-2.4809 -0.2155 0.2964
-2.4140 -0.2790 0.3158
-2.4872 -0.3136 0.2652
-2.5630 -0.3624 0.2044
-2.4609 -0.3971 0.2507
-2.5384 -0.4562 0.1898
4.4717 3.9881 0.0000
2.5999 -1.2156 0.0112
2.4967 -1.4592 0.0042
2.1817 -1.3933 0.0084
2.2974 -1.6035 0.0024
0.7581 -2.9435 0.0000
0.4825 -3.0487 0.0000
-1.8596 -2.6059 0.0000
2.0311 0.8066 0.0987
1.9249 0.8089 0.0821
1.9641 0.7156 0.1173
1.8912 0.6888 0.1104
1.8162 0.7587 0.0752
1.7927 1.1199 0.0163
2.6832 -2.2849 0.0000
-0.6894 2.0007 0.0000
3.7887 4.1189 0.0000
3.8340 3.8525 0.0000
3.5423 4.0311 0.0000
3.5789 3.8010 0.0000
4.0028 4.5479 0.0000
4.0266 4.2798 0.0000
-4.7220 3.2487 0.0000
-4.7443 2.9470 0.0000
-3.6750 -2.0898 0.0000
-3.9882 -2.4157 0.0000
-4.0977 -2.6571 0.0000
-3.7095 -3.1364 0.0000
-3.9436 -3.2668 0.0000
-3.7043 -0.3429 0.0000
-3.3606 2.4136 0.0000
-3.2729 2.1716 0.0000
-4.4906 4.7295 0.0000
3.7716 -1.3754 0.0000
-1.0082 -2.6936 0.0000
-1.2377 -2.7709 0.0000
-1.1518 -3.0241 0.0000
0.4262 0.8705 0.0008
1.0496 -2.4591 0.0000
0.9841 -2.7091 0.0000
0.7624 -2.6490 0.0000
1.0919 2.7614 0.0000
-0.5907 -4.4641 0.0000
-0.8586 -4.4550 0.0000
-3.9150 1.7101 0.0000
-4.2041 1.7609 0.0000
2.6706 0.2592 0.1432
0.4038 3.2364 0.0000
-3.2817 4.7597 0.0000
-0.0335 -4.5187 0.0000
-0.1737 -4.7568 0.0000
-1.9455 -1.3396 0.0083
-2.0706 -1.5510 0.0029
-4.7529 4.7745 0.0000
-0.7425 -2.6592 0.0000
-1.7807 4.7293 0.0000
1.3818 4.7581 0.0000
1.0833 4.7534 0.0000
-3.2758 1.3688 0.0000
-2.9249 3.0133 0.0000
-0.7714 3.8505 0.0000
-1.1402 -0.5300 0.0154
-1.1841 -0.7812 0.0090
-1.4134 -0.6599 0.0296
-1.3973 -0.9251 0.0114
-1.6294 -1.0457 0.0154
-3.3997 3.2112 0.0000
0.8316 -0.7055 0.0034
0.7463 -0.9552 0.0011
2.4595 0.2566 0.2751
2.3584 0.2727 0.3138
2.3977 0.1843 0.3230
2.2896 0.2007 0.3512
2.3243 0.1215 0.3610
2.2424 0.0770 0.3788
2.2504 -0.0177 0.3824
2.1688 -0.0812 0.3727
2.1568 0.0096 0.3751
2.0691 -0.0504 0.3475
2.1904 -0.1753 0.3595
2.0954 -0.1461 0.3444
2.1227 -0.2432 0.3288
2.0314 -0.2235 0.3038
2.0511 -0.3094 0.2863
1.9704 -0.3233 0.2509
1.9809 -0.3970 0.2315
2.0016 -0.1425 0.3082
1.9520 -0.2436 0.2645
1.8912 -0.4049 0.1940
3.7735 -1.0893 0.0000
4.7787 -2.6936 0.0000
4.4909 -2.4917 0.0000
3.4468 3.5420 0.0000
-4.7693 2.0294 0.0000
-0.0719 -3.7229 0.0000
3.5978 2.5828 0.0000
3.3813 2.5048 0.0000
3.5310 -2.6486 0.0000
3.3198 -2.6749 0.0000
0.1747 0.1118 0.0024
0.0239 -0.1317 0.0022
2.4381 -1.0267 0.0431
2.3468 -1.2475 0.0176
-4.7506 -3.2749 0.0000
0.9299 -0.2156 0.0115
0.9129 -0.4710 0.0079
0.7012 -0.3644 0.0048
0.6135 -0.5901 0.0026
-4.0120 2.7234 0.0000
-4.2307 2.5753 0.0000
-3.8330 0.4114 0.0000
-3.7703 0.1293 0.0000
4.2127 4.7423 0.0000
1.8712 2.5013 0.0000
-0.8355 -1.1351 0.0006
-0.8965 -1.4607 0.0001
4.2186 -2.3745 0.0000
4.0036 -2.5789 0.0000
3.2418 -0.2744 0.0008
3.8018 -4.2455 0.0000
3.7104 -4.4982 0.0000
3.4214 -4.5006 0.0000
2.8785 1.6697 0.0002
2.5867 1.6989 0.0007
-3.8943 4.7555 0.0000
-1.8693 4.2555 0.0000
-2.1058 4.1735 0.0000
-4.7575 -0.7798 0.0000
-1.3266 -3.2592 0.0000
-1.5778 -3.4466 0.0000
1.6773 2.3131 0.0000
1.4688 2.1038 0.0000
0.8640 3.7632 0.0000
3.9533 -3.2617 0.0000
3.7393 -3.4408 0.0000
3.6398 -0.0159 0.0000
0.3219 2.6850 0.0000
0.0443 2.6305 0.0000
4.7575 4.7589 0.0000
4.5111 4.5023 0.0000
4.7840 2.9627 0.0000
0.3015 -0.6952 0.0011
0.1958 -0.9140 0.0005
0.0564 -1.1335 0.0002
-4.4819 3.8823 0.0000
-3.1462 4.5089 0.0000
-3.0554 0.0715 0.0100
-3.2473 -0.0937 0.0009
1.0089 -3.6779 0.0000
3.7340 3.5714 0.0000
3.9378 3.3747 0.0000
-0.6952 -2.1487 0.0000
1.9368 0.1801 0.2727
1.8462 0.1476 0.2335
1.8505 0.0689 0.2426
1.7791 0.0326 0.2080
1.6830 0.0305 0.1634
1.7305 -0.0543 0.1832
1.6337 -0.0552 0.1414
1.5540 -0.0872 0.1107
1.4697 -0.1377 0.0826
-1.7452 3.7277 0.0000
-2.1721 3.3719 0.0000
2.4298 -2.1330 0.0000
2.4265 -2.4158 0.0000
3.4323 -2.0582 0.0000
3.1972 -2.2018 0.0000
-0.0473 1.1029 0.0002
0.3910 -4.3725 0.0000
0.2525 -4.5636 0.0000
-2.7680 1.2714 0.0040
0.2188 -3.7726 0.0000
-2.0753 -2.8704 0.0000
-1.0494 -1.2813 0.0006
-1.2358 -1.4431 0.0005
3.0188 -2.7055 0.0000
-1.0703 4.2406 0.0000
-1.2960 4.0524 0.0000
-1.5231 3.9083 0.0000
-1.0421 1.8498 0.0000
2.4207 -0.7633 0.1152
2.3286 -0.7985 0.1158
2.2908 -0.9106 0.0815
2.2160 -1.0728 0.0429
2.3089 2.8844 0.0000
-1.4990 2.3062 0.0000
-1.7732 2.1763 0.0000
-4.2916 -0.8970 0.0000
-4.2375 -1.1600 0.0000
-4.4847 -1.1799 0.0000
-1.8196 -2.2951 0.0000
-0.2086 2.8524 0.0000
-0.4884 2.7623 0.0000
-0.4927 2.4628 0.0000
-0.7343 2.2877 0.0000
-2.6249 1.0399 0.0249
-2.8561 0.9725 0.0085
3.5392 -1.5277 0.0000
3.3378 -1.7030 0.0000
1.9508 4.2853 0.0000
-0.7524 -1.6742 0.0000
1.4488 3.1311 0.0000
1.4050 2.8451 0.0000
1.3098 2.6190 0.0000
1.3462 -0.0649 0.0564
1.1628 -0.1326 0.0283
-3.5217 -2.5808 0.0000
-3.2976 -2.7749 0.0000
-3.6171 -2.8544 0.0000
-1.2276 2.1821 0.0000
-1.2799 1.9297 0.0000
-1.5224 2.0418 0.0000
-4.7290 1.4118 0.0000
3.2936 -1.4067 0.0000
3.0744 -1.5926 0.0000
-4.2937 -3.5913 0.0000
-4.5348 -3.7333 0.0000
0.4808 4.7499 0.0000
4.1728 -3.1055 0.0000
-4.1883 -1.7493 0.0000
-4.1831 -2.0664 0.0000
-4.2431 -2.3573 0.0000
-4.7686 1.1114 0.0000
0.8510 3.5220 0.0000
0.6453 3.3773 0.0000
4.4768 -3.1953 0.0000
2.6067 0.1910 0.1952
2.5078 0.1745 0.2645
2.5285 0.0835 0.2624
2.4246 0.0933 0.3254
2.4732 0.0193 0.3025
2.3404 0.0335 0.3657
2.4096 -0.0226 0.3382
2.3362 -0.0629 0.3652
2.3707 -0.1397 0.3435
2.2629 -0.1131 0.3730
-1.4469 4.5326 0.0000
-1.6748 4.4650 0.0000
-2.3464 -3.3668 0.0000
2.0501 0.5484 0.1960
2.1126 0.4936 0.2314
2.0350 0.4403 0.2345
2.0687 0.3391 0.2821
2.0189 0.2426 0.2949
1.9431 0.4351 0.2070
1.9796 0.3484 0.2484
1.9268 0.2729 0.2482
3.2969 -0.8211 0.0001
0.3983 0.6131 0.0015
0.3079 0.3500 0.0023
-0.1286 2.0531 0.0000
-0.4767 2.1801 0.0000
0.0180 -3.9790 0.0000
-0.1007 -4.2040 0.0000
1.6627 2.9708 0.0000
1.6284 2.6646 0.0000
1.4948 2.4576 0.0000
-0.9282 3.3922 0.0000
-0.2586 -0.1320 0.0027
-4.4987 2.4720 0.0000
-2.8741 3.8278 0.0000
-2.9688 3.5380 0.0000
-3.2336 3.4460 0.0000
-4.7543 3.7617 0.0000
-4.5191 3.5892 0.0000
-4.7562 3.5063 0.0000
0.6938 3.9840 0.0000
0.7762 -2.0659 0.0000
-2.4173 3.4976 0.0000
-2.6471 3.3955 0.0000
-1.2542 3.7738 0.0000
-1.2100 3.4913 0.0000
4.1698 -0.1436 0.0000
3.8403 -0.2203 0.0000
1.7379 4.4598 0.0000
1.4292 4.2488 0.0000
1.9432 -1.4871 0.0035
1.6442 -1.5118 0.0014
3.5292 -0.3116 0.0000
3.5234 -0.6343 0.0000
-0.5781 3.0216 0.0000
-0.7913 2.8484 0.0000
-2.9616 -0.1731 0.0246
-3.1704 -0.3560 0.0021
-3.3902 -0.5447 0.0001
-2.6772 4.2717 0.0000
-2.8545 4.0980 0.0000
-1.3716 -4.7348 0.0000
2.9715 -4.7560 0.0000
-3.1579 -1.1907 0.0002
-3.4286 -1.3046 0.0000
-3.5847 -1.4777 0.0000
-3.9820 -1.6034 0.0000
-1.0264 0.4179 0.0140
-0.9203 0.1334 0.0129
-1.1300 0.1792 0.0269
-1.2861 0.0712 0.0508
-1.2414 0.3369 0.0345
-1.4182 0.0053 0.0815
-1.3385 -0.1193 0.0589
-1.4864 -0.0784 0.1008
-1.4943 -0.1759 0.0985
-1.4067 -0.2743 0.0651
-1.5140 -0.2740 0.0957
-1.5844 -0.3150 0.1140
-1.5179 -0.3798 0.0832
-1.6327 -0.3963 0.1174
-0.1538 0.8610 0.0006
-2.5458 0.6401 0.1289
-2.5999 0.5564 0.1303
-2.7109 0.5460 0.0825
-2.6488 0.4603 0.1297
-2.7219 0.4223 0.0985
-2.6049 0.3775 0.1745
-2.6857 0.3536 0.1301
-2.7702 0.3058 0.0890
-2.6480 0.1702 0.1832
-2.7253 0.2046 0.1256
-2.8665 0.1965 0.0524
-2.7633 0.1171 0.1080
-2.8247 -3.3880 0.0000
-2.8469 -3.7051 0.0000
-4.2989 4.4745 0.0000
1.8525 0.2391 0.2221
1.7691 0.2028 0.1900
1.7430 0.1133 0.1872
1.6295 0.1068 0.1392
1.5836 0.0221 0.1237
1.5133 -0.0214 0.0995
2.7469 -2.8362 0.0000
2.5075 -2.9786 0.0000
0.6928 -0.0723 0.0061
0.4927 -0.2480 0.0034
0.3957 -0.4743 0.0021
0.9981 -3.9485 0.0000
0.2468 3.7106 0.0000
3.6007 1.6635 0.0000
3.3622 1.5170 0.0000
1.6549 -2.0015 0.0001
1.5438 -2.2533 0.0000
1.2762 -2.3118 0.0000
4.0101 -1.5219 0.0000
3.7612 -1.6719 0.0000
3.7729 -1.9617 0.0000
3.5412 -1.8427 0.0000
-2.6677 4.7474 0.0000
-2.9740 4.7499 0.0000
-1.2570 1.6333 0.0002
-1.5202 1.7622 0.0002
-1.7768 1.6208 0.0010
-4.2401 0.9954 0.0000
3.5693 2.8198 0.0000
-1.5665 2.8768 0.0000
-1.7802 2.7415 0.0000
-2.0022 2.6095 0.0000
-1.5254 2.5933 0.0000
-1.7620 2.4510 0.0000
0.8017 4.2451 0.0000
-1.4558 0.1079 0.0892
-1.5149 0.2823 0.0915
-1.6124 0.2631 0.1255
-1.3796 0.2177 0.0641
-1.5201 0.1892 0.1026
-1.6073 0.1824 0.1336
-1.6668 0.1082 0.1656
-1.5667 0.0974 0.1256
-1.6269 0.0257 0.1527
-1.5192 0.0232 0.1120
-1.5734 -0.0378 0.1319
-1.5836 -0.1249 0.1331
-1.6740 -0.0657 0.1735
-1.7654 0.1209 0.2122
-1.7208 0.0282 0.1959
-1.7763 -0.0495 0.2247
-1.7534 -0.1392 0.2070
-1.8158 0.0397 0.2456
-1.8734 -0.0345 0.2787
-1.6669 -0.1662 0.1641
-1.5966 -0.2202 0.1304
-1.6605 -0.2897 0.1460
-1.7226 -0.2350 0.1804
-1.8492 -0.1230 0.2589
-1.9335 -0.1381 0.3026
-1.9108 -0.2195 0.2753
-1.7804 -0.3034 0.1939
-1.8248 -0.3973 0.1899
-1.8205 -0.2132 0.2305
-1.8685 -0.3060 0.2335
-1.9598 -0.3010 0.2772
1.2231 -3.1770 0.0000
0.9308 -3.1897 0.0000
-2.3819 -2.7886 0.0000
-2.3422 -3.0618 0.0000
2.4390 -0.3924 0.2443
2.3205 -0.3947 0.2806
2.3108 -0.5234 0.2285
2.2620 -0.6061 0.1971
2.2046 -0.5364 0.2273
2.1679 -0.6388 0.1806
2.2529 -0.4560 0.2627
2.1143 -0.5548 0.2087
2.0689 -0.6495 0.1620
-3.6827 -4.2758 0.0000
3.6073 -3.2020 0.0000
3.4514 -3.4310 0.0000
-2.5217 -4.1656 0.0000
-2.6244 -4.4514 0.0000
0.1498 0.6088 0.0012
-0.1100 0.6112 0.0012
4.0110 -2.0604 0.0000
3.9508 -2.2886 0.0000
3.7356 -2.4697 0.0000
0.9366 4.4986 0.0000
4.5012 -1.4839 0.0000
4.2617 -1.8298 0.0000
4.0155 -1.7983 0.0000
4.1067 3.1665 0.0000
-0.0877 -0.8692 0.0005
-0.2295 -1.1228 0.0002
-4.7541 -0.4795 0.0000
-4.5295 1.1659 0.0000
3.7903 2.4424 0.0000
3.5361 2.2811 0.0000
-1.3542 4.3033 0.0000
0.1144 3.4427 0.0000
-0.1580 3.3423 0.0000
-0.0785 3.1041 0.0000
-0.3547 3.1091 0.0000
-3.7969 -3.5169 0.0000
-4.0420 -3.5587 0.0000
-3.0296 -2.3307 0.0000
-3.2550 -2.4822 0.0000
2.0853 -1.7233 0.0010
4.7582 -4.5202 0.0000
4.5264 -4.4019 0.0000
4.7666 -4.7806 0.0000
4.4942 -4.7153 0.0000
2.0582 3.7376 0.0000
1.5068 -0.8784 0.0185
1.3013 -0.7692 0.0130
1.0430 -0.8948 0.0033
0.9569 -1.1680 0.0007
3.1928 2.3251 0.0000
2.9159 2.4286 0.0000
2.9889 2.1602 0.0000
3.5858 1.0657 0.0000
3.3399 0.9632 0.0000
-3.3040 1.6203 0.0000
-3.5918 1.6249 0.0000
-1.7803 1.8995 0.0002
-2.0284 1.5089 0.0040
-1.7432 1.3678 0.0045
-1.9680 1.2783 0.0133
0.2611 1.5813 0.0000
0.0959 1.3388 0.0001
-0.1669 1.4064 0.0001
-0.2905 1.1951 0.0002
4.5082 -3.4839 0.0000
-1.1572 0.8408 0.0067
-0.9477 0.6690 0.0060
-1.2373 0.5816 0.0203
-1.4108 0.4074 0.0540
-1.4175 0.7865 0.0206
-1.4727 0.5942 0.0442
-1.5615 0.4629 0.0793
-1.5558 0.3635 0.0927
3.1952 3.3978 0.0000
1.9750 -2.4738 0.0000
2.2073 -2.5780 0.0000
1.8875 -2.7326 0.0000
1.5638 -2.7563 0.0000
4.2709 -1.0519 0.0000
4.2659 -1.3254 0.0000
4.0238 -1.2369 0.0000
4.2473 -1.5801 0.0000
4.7652 2.3493 0.0000
4.5244 2.2050 0.0000
4.2832 2.1305 0.0000
-3.4043 -3.8535 0.0000
-0.1508 -3.2066 0.0000
3.1279 4.5016 0.0000
2.8426 4.4931 0.0000
4.7441 -2.2169 0.0000
4.4912 -2.2346 0.0000
-2.4117 -1.2391 0.0181
-2.4725 -1.5151 0.0035
4.2657 -2.6798 0.0000
4.0564 -2.8767 0.0000
4.2402 -3.3733 0.0000
4.0140 -3.5456 0.0000
4.7551 4.4962 0.0000
4.5233 4.2547 0.0000
4.2694 4.4603 0.0000
4.2755 4.1728 0.0000
0.2782 -1.2320 0.0001
0.1761 -1.4674 0.0000
-2.6405 -0.4139 0.1443
-2.7416 -0.4341 0.0872
-2.6122 -0.5034 0.1374
-2.6954 -0.5111 0.0955
-2.7570 -0.6056 0.0565
-2.9133 -0.4657 0.0261
-3.1091 -0.6206 0.0028
-2.8927 -0.7618 0.0150
-3.0531 -0.9416 0.0020
3.2803 3.0738 0.0000
2.9981 3.1897 0.0000
3.0615 2.8997 0.0000
2.8513 2.7112 0.0000
-1.8235 -3.6327 0.0000
-1.8048 -3.9388 0.0000
-2.3991 4.2214 0.0000
2.4884 -3.2694 0.0000
2.2309 -3.4316 0.0000
2.1162 -3.7012 0.0000
4.5294 0.2712 0.0000
0.8198 -1.4085 0.0001
0.8587 -1.7544 0.0000
1.3558 -1.5234 0.0004
3.0951 1.9340 0.0000
2.8098 1.9263 0.0001
-4.5020 -4.7567 0.0000
2.8881 -1.7868 0.0001
2.6610 -1.9772 0.0001
3.7833 -2.7658 0.0000
3.8267 -3.0440 0.0000
3.5281 -2.9346 0.0000
4.7517 -1.3999 0.0000
4.7573 -1.6940 0.0000
4.5173 -1.7250 0.0000
-1.3458 -4.1994 0.0000
-1.6890 -4.2229 0.0000
-1.5250 -4.4679 0.0000
-1.8098 -4.4993 0.0000
1.8589 2.8058 0.0000
4.7386 -2.4462 0.0000
-0.2913 -3.4579 0.0000
-0.3444 -3.7083 0.0000
-0.5870 -0.6306 0.0021
-0.8597 -0.4936 0.0064
-0.8950 -0.7354 0.0037
-1.0010 -0.9613 0.0024
1.2938 2.3099 0.0000
1.1782 2.0457 0.0000
1.0756 2.4849 0.0000
1.0113 2.2230 0.0000
0.8437 2.0493 0.0000
0.6119 1.9578 0.0000
-3.9000 -4.0860 0.0000
-4.2130 -4.2853 0.0000
0.7447 -3.7690 0.0000
3.1201 -4.5096 0.0000
-1.7193 -0.3542 0.1577
-1.7337 -0.4414 0.1438
-1.8125 -0.4981 0.1568
-1.9093 -0.4744 0.1985
-1.8862 -0.5649 0.1600
-1.9399 -0.6409 0.1485
-1.9039 -0.7310 0.1097
-1.9910 -0.7123 0.1341
-2.0226 -0.7843 0.1139
-1.9264 -0.3863 0.2351
-1.9919 -0.5676 0.1897
-2.1048 -0.7400 0.1413
-2.0108 -0.3998 0.2630
-1.9965 -0.4816 0.2256
-2.0796 -0.4975 0.2423
-2.0914 -0.5729 0.2108
-2.1859 -0.5601 0.2298
-2.0486 -0.6558 0.1669
-2.1473 -0.6527 0.1829
-2.2017 -0.7380 0.1491
-2.1044 -0.8393 0.1046
-2.1952 -0.8216 0.1160
-2.2426 -0.6518 0.1876
-2.3023 -0.7299 0.1498
-2.2792 -0.8162 0.1171
-2.3688 -0.8095 0.1118
-2.1721 -0.9273 0.0804
-2.2834 -0.9016 0.0879
-2.3983 -0.9183 0.0744
-2.8335 4.4922 0.0000
-3.0175 4.2816 0.0000
2.2654 -3.1058 0.0000
-1.4395 -2.9694 0.0000
-1.6198 -3.1667 0.0000
-1.8483 -3.3502 0.0000
-1.2938 -2.2390 0.0000
-1.6888 -1.3084 0.0049
-1.5192 -1.5146 0.0009
-1.8016 -1.5991 0.0012
2.1598 4.7517 0.0000
0.2666 -2.7494 0.0000
0.2538 -2.9953 0.0000
-0.0061 -2.9697 0.0000
0.1520 -3.2359 0.0000
-0.6864 1.5017 0.0001
0.5811 3.6840 0.0000
0.3787 3.4801 0.0000
-0.0587 -1.3702 0.0001
2.9815 4.7526 0.0000
-2.8527 0.4524 0.0413
-2.4240 -4.7310 0.0000
0.3074 -0.1254 0.0028
0.1752 -0.3732 0.0019
0.0499 -0.6229 0.0011
3.5859 -4.7532 0.0000
-0.4414 4.7680 0.0000
-0.5955 4.5590 0.0000
-3.3505 0.4635 0.0001
-3.0242 0.3430 0.0109
-3.2399 0.2494 0.0009
2.5593 3.9029 0.0000
2.3632 3.6855 0.0000
2.1920 1.3500 0.0099
2.0693 1.1175 0.0298
1.9099 0.9448 0.0479
-2.3171 0.0965 0.3979
-2.3920 0.1318 0.3640
-2.4250 0.0543 0.3565
-2.4607 -0.0251 0.3362
-2.5598 -0.0483 0.2626
-2.6327 -0.1032 0.2017
-2.2530 0.0311 0.4151
-2.3518 0.0131 0.3939
-2.3844 -0.0723 0.3766
-2.4808 -0.1134 0.3156
-2.5614 -0.1592 0.2507
-2.6396 -0.2100 0.1846
-2.7020 -0.1448 0.1468
-3.2065 2.9653 0.0000
-3.2846 2.6999 0.0000
-1.1785 1.3676 0.0006
-1.5004 1.4861 0.0010
2.9092 3.4723 0.0000
2.7064 3.2879 0.0000
1.1143 4.2559 0.0000
0.9853 4.0112 0.0000
-1.0807 2.9318 0.0000
-1.0254 2.6570 0.0000
-2.3277 -3.6603 0.0000
-2.5893 -3.5384 0.0000
-0.1838 1.7747 0.0000
-3.7279 4.5128 0.0000
-3.8498 4.2512 0.0000
-3.9665 4.0299 0.0000
-4.1538 4.2346 0.0000
-4.2042 3.9434 0.0000
-0.2584 0.3809 0.0021
-0.4292 -3.1695 0.0000
-0.6883 -3.1191 0.0000
-0.7616 -3.3561 0.0000
-0.6062 -3.6572 0.0000
-0.8585 -3.5673 0.0000
-2.2866 1.6143 0.0024
-2.2433 1.3227 0.0136
-2.4850 1.2094 0.0182
-4.1821 0.4381 0.0000
4.7556 4.2123 0.0000
4.7553 3.9305 0.0000
4.5629 3.7504 0.0000
4.3676 3.6226 0.0000
-0.9899 -2.1881 0.0000
-0.8077 4.1491 0.0000
2.7182 2.2204 0.0000
2.5339 2.0124 0.0001
-0.0310 -3.4751 0.0000
-1.6249 -1.7937 0.0002
-1.7809 -1.9851 0.0001
4.0587 3.9988 0.0000
4.0299 3.6680 0.0000
-4.5505 4.4579 0.0000
2.2718 3.1670 0.0000
2.2051 0.1587 0.3646
2.1415 0.0970 0.3655
2.0241 0.1329 0.3204
2.0676 0.0559 0.3468
1.9945 0.0182 0.3172
1.9416 0.0889 0.2875
1.9010 -0.0031 0.2705
1.9697 -0.0696 0.3023
1.8219 -0.0402 0.2285
1.8848 -0.1043 0.2561
1.7915 -0.1334 0.2060
1.9211 -0.1739 0.2645
1.8437 -0.2114 0.2199
1.6859 -0.1387 0.1572
1.5988 -0.1534 0.1219
1.7370 -0.2167 0.1697
1.8823 -0.3042 0.2178
1.7880 -0.2863 0.1799
1.8026 -0.3664 0.1684
1.7227 -0.4159 0.1272
1.7007 -0.3196 0.1379
1.6414 -0.2372 0.1284
1.5979 -0.3205 0.1025
-1.2876 4.7625 0.0000
-1.5435 4.7698 0.0000
-1.6374 1.1650 0.0094
-1.3685 1.0302 0.0066
-1.6168 0.9349 0.0242
4.2915 -3.9612 0.0000
4.0440 2.0030 0.0000
3.8178 1.8422 0.0000
-3.1109 0.8690 0.0011
-3.3769 0.7565 0.0000
-3.2558 -0.8129 0.0003
-3.3856 -1.0325 0.0000
-3.6447 -1.1230 0.0000
1.7994 -1.7480 0.0005
0.7949 -2.3689 0.0000
0.5111 -2.7758 0.0000
2.1041 2.6895 0.0000
2.7422 -0.6038 0.0562
2.6079 -0.5924 0.1088
-3.7160 -2.3722 0.0000
-3.8113 -2.6510 0.0000
-3.9311 -2.9306 0.0000
-4.4314 -1.9118 0.0000
-4.4756 -2.1648 0.0000
-4.7345 -2.1152 0.0000
-4.5363 -2.4120 0.0000
-4.7728 -2.3667 0.0000
-4.2098 -4.5356 0.0000
0.6359 4.4874 0.0000
0.3452 4.4984 0.0000
0.1903 4.2619 0.0000
-3.5394 -0.8067 0.0000
-2.3517 -0.5243 0.2357
-2.4185 -0.5889 0.1892
-2.4718 -0.6586 0.1453
-2.5715 -0.6540 0.1129
-2.2832 -0.5741 0.2225
-2.3463 -0.6391 0.1840
-2.4026 -0.7111 0.1430
-2.4570 -0.7849 0.1052
-2.5282 -0.7346 0.1033
-2.5268 -0.8738 0.0668
-2.6407 -0.8140 0.0554
-2.7468 -0.9503 0.0206
-2.5237 -0.5631 0.1605
-2.6246 -0.5867 0.1101
-2.6753 -0.7100 0.0653
-2.8683 -1.1276 0.0046
3.2920 -3.1757 0.0000
-1.4081 1.2664 0.0024
1.4768 0.4132 0.0612
1.3128 0.3180 0.0387
-0.9791 3.6662 0.0000
1.0573 0.2731 0.0162
0.7712 0.1946 0.0071
-0.7568 4.7606 0.0000
-0.8615 4.4607 0.0000
-4.1464 0.7639 0.0000
4.7332 0.4716 0.0000
4.0378 0.3033 0.0000
3.7588 0.2621 0.0000
-1.4318 -1.9727 0.0000
1.2256 0.0942 0.0351
0.9749 0.0316 0.0144
-3.4860 2.9303 0.0000
-3.5536 2.6441 0.0000
-0.3576 -1.3807 0.0001
-0.5396 -1.5500 0.0000
-4.1434 1.4951 0.0000
-4.2804 1.2377 0.0000
-3.0877 -3.2452 0.0000
-3.3441 -3.3055 0.0000
-3.3160 -3.5398 0.0000
-1.0554 -1.6700 0.0001
3.1026 1.0877 0.0006
-1.1476 3.2155 0.0000
-1.4332 3.3098 0.0000
-2.5604 -3.8314 0.0000
-2.7650 -3.9948 0.0000
-0.6838 -0.9143 0.0010
3.0712 1.4017 0.0002
1.7758 3.8082 0.0000
1.6158 3.6140 0.0000
1.5986 3.3305 0.0000
0.2936 2.3796 0.0000
-0.0080 2.3730 0.0000
-1.3556 3.0383 0.0000
-1.2988 2.7559 0.0000
2.5272 0.7918 0.0802
2.4189 0.8322 0.0893
2.4220 0.7399 0.1178
2.3866 0.6564 0.1552
2.3290 0.7412 0.1313
2.2946 0.6498 0.1710
2.2586 0.5609 0.2122
2.5918 0.6986 0.0862
2.4964 0.6707 0.1226
2.4473 0.5936 0.1640
2.3587 0.5535 0.2030
2.4599 0.5092 0.1911
2.3881 0.4488 0.2392
2.2045 0.4794 0.2487
2.2983 0.4700 0.2496
2.4139 0.3495 0.2678
2.3261 0.3724 0.2862
2.2662 0.2984 0.3232
2.2346 0.3920 0.2876
2.1699 0.3259 0.3099
2.1967 0.2386 0.3430
2.1115 0.2561 0.3221
2.1038 0.1730 0.3420
2.0238 -1.2028 0.0194
1.7647 -1.2673 0.0075
4.0187 -0.9422 0.0000
-2.1738 3.0718 0.0000
-2.1187 2.8178 0.0000
-2.3417 2.7138 0.0000
-2.4378 2.9339 0.0000
-2.5634 2.6055 0.0000
-2.7067 2.8126 0.0000
-2.8195 2.4952 0.0000
3.2791 -4.7543 0.0000
-0.8013 1.7733 0.0000
-0.9732 1.5568 0.0001
4.3893 -0.2753 0.0000
4.2847 -0.4906 0.0000
4.2661 -0.7643 0.0000
-0.3217 3.6100 0.0000
-0.4372 3.3881 0.0000
-1.5809 4.1988 0.0000
-1.7958 4.0111 0.0000
-2.0165 3.8777 0.0000
-2.2128 3.6750 0.0000
-4.1956 4.7462 0.0000
-3.0121 -3.9672 0.0000
-3.2630 -4.0546 0.0000
-3.4051 -4.2493 0.0000
0.7166 -4.3132 0.0000
0.5810 -4.5294 0.0000
-3.0162 1.4384 0.0002
1.6383 -0.4074 0.1014
1.8061 -0.4562 0.1474
1.7477 -0.5073 0.1153
1.6782 -0.5156 0.0932
1.5782 -0.5029 0.0705
1.5287 -0.6530 0.0416
1.3501 -0.5126 0.0320
1.1093 -0.6220 0.0104
-0.8688 1.2770 0.0003
-1.1140 1.1153 0.0018
3.3162 2.1087 0.0000
3.3567 1.8144 0.0000
3.6829 -2.1869 0.0000
3.4497 -2.3692 0.0000
3.1918 -2.4925 0.0000
0.5237 -0.8185 0.0011
0.4254 -1.0442 0.0004
4.3747 3.2712 0.0000
0.5328 -2.2268 0.0000
0.2357 -2.2445 0.0000
-2.2836 -2.2472 0.0000
-2.4302 -2.4411 0.0000
-4.7272 4.0053 0.0000
2.6688 -4.7541 0.0000
2.3724 -4.7510 0.0000
-0.5269 -2.3733 0.0000
-1.0577 -4.2817 0.0000
-1.2499 -4.4777 0.0000
1.5607 1.1722 0.0063
-1.3689 -0.4429 0.0420
-1.5368 -0.4989 0.0701
-1.6155 -0.6125 0.0695
-1.7238 -0.6684 0.0841
-1.6167 -0.8044 0.0381
-1.8246 -0.9161 0.0478
-1.6512 -0.4882 0.1051
-1.7212 -0.5423 0.1147
-1.7885 -0.5941 0.1214
-1.8448 -0.6590 0.1180
-1.7959 -0.7627 0.0773
-1.9256 -0.8151 0.0881
-1.8782 -1.1118 0.0232
-2.0652 -1.0412 0.0463
-2.1391 -1.2218 0.0211
-0.7662 -4.1709 0.0000
-4.4814 0.9078 0.0000
-4.3700 0.6602 0.0000
-4.6474 0.6290 0.0000
-4.7557 0.3976 0.0000
-2.5504 -1.0522 0.0315
1.9546 -1.9944 0.0001
1.8353 -2.2379 0.0000
1.7023 -2.5006 0.0000
-3.0626 -3.5053 0.0000
-3.7894 0.7683 0.0000
-3.9764 0.6009 0.0000
1.3335 -2.0224 0.0000
1.0402 -2.1820 0.0000
4.5088 -1.9776 0.0000
4.2430 -2.0993 0.0000
-3.3913 1.8764 0.0000
-4.5255 2.1862 0.0000
1.5498 -0.2116 0.1004
1.5030 -0.2699 0.0815
1.4925 -0.3985 0.0653
1.3539 -0.2663 0.0498
1.1523 -0.3675 0.0213
4.2448 3.8362 0.0000
4.1972 3.4583 0.0000
-0.2510 -4.3501 0.0000
-0.4586 -4.2141 0.0000
-3.1631 -3.7576 0.0000
0.5220 -2.4959 0.0000
0.2827 -2.5058 0.0000
0.0247 -2.7286 0.0000
2.4087 4.7369 0.0000
2.2665 4.4634 0.0000
-0.3910 0.1291 0.0034
-0.5350 -0.1153 0.0044
-0.8228 -0.1135 0.0094
-0.9874 -0.2952 0.0136
-2.9941 2.7419 0.0000
-3.1024 2.4820 0.0000
4.3386 0.4184 0.0000
4.1354 0.5372 0.0000
3.2862 4.7522 0.0000
4.4926 -0.0253 0.0000
2.6834 -4.2376 0.0000
2.5347 -4.4969 0.0000
4.5242 -3.7854 0.0000
-4.7602 2.3414 0.0000
2.7956 -2.5455 0.0000
2.5606 -2.6218 0.0000
1.3963 3.7498 0.0000
1.1316 3.7506 0.0000
3.1721 -1.9061 0.0000
2.9259 -2.0822 0.0000
3.6379 1.3471 0.0000
3.3470 1.2474 0.0000
4.5342 2.5149 0.0000
4.2873 2.4094 0.0000
-2.5458 1.7574 0.0006
-2.7790 1.5892 0.0006
3.5779 0.4989 0.0000
3.2553 0.4849 0.0005
-1.6657 -4.7446 0.0000
2.7056 -3.7236 0.0000
2.4796 -3.5490 0.0000
2.3724 -3.7544 0.0000
2.8226 -4.5050 0.0000
-2.6654 -1.2911 0.0067
0.5986 2.8098 0.0000
0.5569 2.5220 0.0000
-3.5875 4.7586 0.0000
-2.8467 -2.1540 0.0000
-2.9984 -2.6067 0.0000
-0.7954 -2.4184 0.0000
3.6881 3.3035 0.0000
3.4424 3.2898 0.0000
3.8380 3.0568 0.0000
3.5641 3.0431 0.0000
0.9295 3.2342 0.0000
0.8757 2.9406 0.0000
0.6483 3.0950 0.0000
-4.7504 2.6435 0.0000
-1.0243 4.7414 0.0000
-1.1555 4.5039 0.0000
0.0537 4.5312 0.0000
-0.3166 4.4962 0.0000
-4.4817 -1.6559 0.0000
-4.6886 -1.8938 0.0000
-0.3799 1.9508 0.0000
-0.5291 1.7396 0.0000
2.4678 1.4004 0.0063
2.3433 1.1394 0.0290
2.0686 0.9174 0.0704
0.1266 -4.7763 0.0000
1.7150 0.2765 0.1563
1.6742 0.1861 0.1513
1.5674 0.1876 0.1113
1.5244 0.0995 0.1020
1.4425 0.0162 0.0793
-4.1156 -0.0803 0.0000
-4.4196 -0.1084 0.0000
2.1779 4.2134 0.0000
1.9500 4.0102 0.0000
1.8303 -4.2239 0.0000
1.6934 -4.4794 0.0000
1.5434 -4.2274 0.0000
1.4228 -4.4827 0.0000
1.3161 -4.7447 0.0000
1.6329 -3.5036 0.0000
1.2447 -3.7313 0.0000
-3.5942 0.9302 0.0000
-4.0060 2.3727 0.0000
-4.2560 2.2749 0.0000
-1.9980 -1.8208 0.0004
-2.2870 -1.9744 0.0002
-2.5254 -1.8157 0.0004
-2.5597 -2.1369 0.0000
-2.7432 -2.4231 0.0000
-1.3104 -2.5227 0.0000
-2.0889 -3.4950 0.0000
4.2679 -4.5094 0.0000
4.1878 -4.7541 0.0000
3.8971 -4.7349 0.0000
2.9582 0.8807 0.0055
0.3568 2.0523 0.0000
0.4435 1.7440 0.0000
0.1298 1.8571 0.0000
-0.0063 1.6047 0.0000
-2.5900 -3.2328 0.0000
-2.8538 -3.0929 0.0000
2.7380 -0.2741 0.1018
2.6881 -0.3488 0.1198
2.6289 -0.4209 0.1391
2.5661 -0.5022 0.1509
2.6337 -0.1635 0.1803
2.6520 -0.2575 0.1557
2.5917 -0.3289 0.1806
2.5038 -0.3298 0.2321
2.5359 -0.4130 0.1912
2.3742 -0.4574 0.2429
2.4699 -0.4818 0.2004
2.5013 -0.5731 0.1571
2.4079 -0.5521 0.1960
2.3478 -0.6179 0.1832
-3.7865 -1.3431 0.0000
-4.0403 -1.3754 0.0000
4.2985 2.6958 0.0000
4.0401 2.5817 0.0000
1.5012 -1.7695 0.0002
1.9293 -3.4834 0.0000
1.8035 -3.7359 0.0000
1.5080 -3.7383 0.0000
1.7181 -3.9810 0.0000
1.4748 -3.9811 0.0000
1.2369 -3.9793 0.0000
-2.5762 -2.6399 0.0000
-2.7794 -2.7609 0.0000
-3.0051 -2.8878 0.0000
-3.1951 -3.0350 0.0000
1.7267 -2.9914 0.0000
1.4836 -3.0348 0.0000
1.4949 -3.2729 0.0000
1.3185 -3.4828 0.0000
1.0480 -3.4232 0.0000
-3.7718 -0.8812 0.0000
-3.9560 -1.1066 0.0000
-3.1993 -4.7265 0.0000
0.2539 -4.0729 0.0000
0.1291 -4.2960 0.0000
4.2722 1.2388 0.0000
4.1516 1.0331 0.0000
3.9773 0.7957 0.0000
3.6858 0.7933 0.0000
2.7211 0.7788 0.0392
2.6084 0.6220 0.0990
2.7219 0.5937 0.0645
2.6291 0.5276 0.1131
2.7757 0.4453 0.0649
2.6519 0.4457 0.1204
2.5401 0.5755 0.1375
2.5536 0.4766 0.1614
2.4809 0.4187 0.2144
2.5773 0.3818 0.1752
2.5715 0.2762 0.2036
2.5027 0.3325 0.2305
4.7727 2.6552 0.0000
-2.3008 2.1952 0.0000
-2.5573 2.0530 0.0001
-2.8101 1.8947 0.0001
-3.0565 1.7030 0.0000
3.2120 0.2148 0.0014
-3.4300 4.5116 0.0000
-3.3095 4.2254 0.0000
-3.5651 4.2728 0.0000
-3.6465 4.0400 0.0000
-3.4115 0.0930 0.0001
-3.5884 -0.0596 0.0000
-3.8585 -0.1145 0.0000
-3.9784 -0.3763 0.0000
-4.5054 -0.3767 0.0000
-4.2755 -1.4600 0.0000
-4.5297 -1.4023 0.0000
-4.7619 -1.3872 0.0000
-4.7459 -1.6572 0.0000
-0.3937 0.9747 0.0005
-0.6399 0.8469 0.0014
0.7440 1.7403 0.0000
0.9028 1.5184 0.0001
0.6064 1.4853 0.0001
0.5353 1.1470 0.0003
0.3893 1.3628 0.0001
0.2516 1.1049 0.0002
-4.7441 0.8517 0.0000
3.5700 4.7885 0.0000
3.6684 4.5997 0.0000
3.4208 4.5136 0.0000
3.2724 4.2548 0.0000
-0.5183 -1.1483 0.0003
-0.6847 -1.3438 0.0002
-4.2077 3.1783 0.0000
-4.4801 3.0645 0.0000
4.0621 -4.1555 0.0000
2.8442 0.1775 0.0580
2.7785 0.0817 0.0927
2.7703 0.2984 0.0830
2.7082 0.1788 0.1289
2.6886 0.0914 0.1479
-1.8065 0.8880 0.0519
-1.6469 0.7216 0.0553
-1.8041 0.7572 0.0789
-1.7849 0.6616 0.0975
-1.8544 0.6158 0.1295
-1.9303 0.7946 0.0950
-1.8926 0.7009 0.1143
-1.9615 0.6483 0.1496
0.4992 -3.5968 0.0000
0.4858 -3.8901 0.0000
-0.4893 1.3542 0.0001
-0.6286 1.1388 0.0004
-0.8803 0.9532 0.0017
4.5316 -4.0920 0.0000
4.2932 -4.2522 0.0000
1.2812 -1.0575 0.0039
-4.4447 1.6755 0.0000
-4.7361 1.7037 0.0000
-4.1767 -4.0667 0.0000
4.7622 -0.7795 0.0000
4.5180 -0.9095 0.0000
4.7628 -1.0843 0.0000
4.5199 -1.2029 0.0000
1.7025 4.1771 0.0000
1.5671 3.9584 0.0000
-4.7652 -3.5863 0.0000
2.8418 3.7573 0.0000
2.6297 3.5854 0.0000
3.2545 -2.8885 0.0000
3.0073 -3.0034 0.0000
-2.6839 0.0938 0.1632
-2.6733 -0.0312 0.1737
-2.7529 -0.0712 0.1164
-2.7302 0.0260 0.1325
-2.8384 0.0095 0.0692
-2.8022 -0.1555 0.0840
-2.8214 -0.3040 0.0652
-2.7157 3.6282 0.0000
-2.8816 3.3069 0.0000
0.6459 -1.5936 0.0000
2.0337 2.9928 0.0000
-2.3023 3.9523 0.0000
-2.5027 3.7415 0.0000
-3.8441 3.8631 0.0000
-4.0139 3.6939 0.0000
-4.1628 3.4541 0.0000
-4.2891 3.6755 0.0000
-4.4432 3.3553 0.0000
-2.0232 2.3226 0.0000
-2.0405 2.0492 0.0001
-2.0385 1.7746 0.0008
-2.2986 1.9073 0.0003
-2.5203 1.4602 0.0043
-0.3958 -0.8782 0.0007
-1.9214 0.5688 0.1659
-2.0172 0.5667 0.1963
-1.8108 0.5346 0.1393
-1.8832 0.4918 0.1786
-1.9758 0.4858 0.2151
-1.9502 0.4066 0.2347
-2.0515 0.4457 0.2568
-2.1290 0.4201 0.2884
-2.0214 0.3653 0.2785
-2.1144 0.3415 0.3183
-2.2091 0.3960 0.3101
-2.2006 0.3089 0.3467
-2.2065 0.2064 0.3831
-2.2981 0.3737 0.3155
-2.3710 0.2985 0.3263
-2.2844 0.2720 0.3584
-2.2908 0.1772 0.3872
2.0510 3.2766 0.0000
1.8067 3.1692 0.0000
-4.7326 -4.4923 0.0000
-1.8529 1.0828 0.0270
-2.0987 1.0837 0.0420
-2.1077 0.9122 0.0848
-2.3088 1.0898 0.0426
-2.2080 0.9460 0.0794
-2.2237 0.8464 0.1126
-2.2979 0.7500 0.1476
-2.3177 0.9256 0.0831
-2.3077 0.8308 0.1157
-2.3797 0.7368 0.1423
-2.4448 0.9605 0.0609
-2.3955 0.8295 0.1060
-2.4755 0.7966 0.1012
-2.4631 0.7180 0.1303
-2.5528 0.7277 0.1005
2.1536 -2.2530 0.0000
2.3929 -2.7736 0.0000
-0.2676 -3.9899 0.0000
-3.5377 1.3280 0.0000
-3.7355 1.1362 0.0000
-2.0698 4.7470 0.0000
-2.3592 4.7418 0.0000
-2.5180 4.4992 0.0000
-1.4810 3.6058 0.0000
-1.6996 3.4247 0.0000
-1.9582 3.5572 0.0000
-1.6582 3.1249 0.0000
-1.9248 3.2494 0.0000
-1.8906 2.9644 0.0000
-0.6623 3.2637 0.0000
-0.8763 3.1113 0.0000
1.8119 -4.7422 0.0000
1.5643 -4.7465 0.0000
-0.3485 1.5741 0.0000
4.5472 -2.7418 0.0000
4.3824 -2.9401 0.0000
-4.1798 -3.0868 0.0000
-4.2391 -3.3359 0.0000
-4.5190 -3.4311 0.0000
0.7257 0.9407 0.0011
0.6653 0.6688 0.0023
3.2653 -0.5158 0.0004
2.9702 -0.4909 0.0130
3.0794 -0.7144 0.0024
2.8460 -0.7871 0.0166
-4.2392 2.8881 0.0000
-4.4910 2.7647 0.0000
0.7512 -4.7597 0.0000
-3.6579 -0.5718 0.0000
-3.8954 -0.6322 0.0000
-4.0514 -0.8643 0.0000
-4.3892 -2.6231 0.0000
-4.5027 -2.8729 0.0000
-4.7196 -2.6628 0.0000
-4.7515 -2.9777 0.0000
-3.0486 -1.9761 0.0000
-3.2051 -2.1609 0.0000
-3.4060 -1.9912 0.0000
-3.4463 -2.2853 0.0000
2.1596 -2.8598 0.0000
1.9657 -3.0033 0.0000
2.0284 -3.2251 0.0000
1.7575 -3.2449 0.0000
-2.7320 -1.5920 0.0009
-2.7805 -1.8853 0.0001
0.8034 2.3742 0.0000
-2.6050 3.9799 0.0000
-4.0153 1.2233 0.0000
-3.9505 0.9546 0.0000
2.2018 0.6468 0.1746
2.1605 0.5645 0.2075
2.1343 0.4084 0.2712
-0.4006 0.6633 0.0015
-0.5288 0.3879 0.0033
-0.7057 0.6069 0.0034
-0.8022 0.3692 0.0070
0.3523 -1.7088 0.0000
0.0520 -1.6913 0.0000
0.1325 -1.9566 0.0000
-0.0666 -2.1725 0.0000
4.7700 2.0459 0.0000
4.5387 1.9123 0.0000
4.3061 1.8702 0.0000
4.0705 1.7184 0.0000
4.7535 1.1003 0.0000
4.7267 0.8030 0.0000
-2.0038 -0.9104 0.0723
-2.2904 -1.0582 0.0476
1.1660 -1.3373 0.0006
1.0232 -1.5574 0.0001
1.4843 0.9712 0.0120
1.7058 0.8902 0.0339
1.4977 0.7494 0.0279
1.2632 1.0694 0.0035
1.2321 0.7951 0.0091
-4.7248 -0.1613 0.0000
-2.8051 -4.2423 0.0000
-2.9177 -4.5056 0.0000
-1.1617 -1.9566 0.0000
4.0578 -0.3917 0.0000
3.7734 -0.4968 0.0000
-2.9429 -1.3961 0.0007
-3.2213 -1.4859 0.0000
-3.0065 -1.6809 0.0001
-3.2459 -1.8077 0.0000
-2.5368 0.8649 0.0686
-2.6689 0.8147 0.0486
-2.6563 0.6572 0.0822
-2.8637 0.6920 0.0214
4.3265 2.9868 0.0000
-3.8104 2.1921 0.0000
-4.0231 2.0211 0.0000
4.2748 -3.6621 0.0000
4.4487 0.9201 0.0000
4.4915 0.6198 0.0000
2.9664 -2.3636 0.0000
1.6270 0.3531 0.1122
1.5396 0.3144 0.0898
1.6228 0.2635 0.1232
1.4753 0.2380 0.0791
1.4010 0.1334 0.0664
2.8389 -0.0172 0.0636
2.7203 -0.0969 0.1268
2.8422 -0.1585 0.0590
2.7240 -0.1920 0.1180
2.8381 -0.3183 0.0519
2.7559 -0.4456 0.0724
2.6570 -0.5087 0.1062
-3.1159 3.2238 0.0000
-2.0660 -3.7789 0.0000
-2.3084 -3.9562 0.0000
2.6335 -1.6804 0.0007
2.4215 -1.8179 0.0005
2.2195 -1.9596 0.0002
0.5817 0.3884 0.0033
0.4787 0.1017 0.0036
-4.3016 2.0006 0.0000
1.9576 0.5238 0.1814
1.8569 0.5337 0.1481
1.8634 0.4454 0.1759
1.8801 0.3507 0.2084
1.8003 0.3012 0.1869
1.7756 0.4755 0.1378
1.7865 0.3866 0.1629
1.7067 0.3594 0.1390
3.0226 -0.9779 0.0017
2.6810 -0.9628 0.0243
0.0163 -2.4595 0.0000
-0.2273 -2.6563 0.0000
-0.4768 -2.6219 0.0000
-0.5502 -2.8816 0.0000
2.7502 -3.1321 0.0000
-4.0179 4.4965 0.0000
0.4844 4.2184 0.0000
0.4360 3.9365 0.0000
0.2038 4.0024 0.0000
0.6346 -1.2068 0.0003
0.4679 -1.4109 0.0001
3.5269 -0.9488 0.0000
3.5209 -1.2350 0.0000
3.3322 2.7922 0.0000
3.1199 2.6127 0.0000
1.3574 0.5641 0.0284
1.1292 0.5212 0.0137
-4.7776 4.5317 0.0000
-1.0296 3.9554 0.0000
-1.1991 -1.0930 0.0026
-1.4155 -1.2293 0.0031
-3.9268 3.3121 0.0000
-3.9723 3.0208 0.0000
-4.5327 1.9033 0.0000
0.9472 0.7320 0.0043
0.8601 0.4604 0.0065
-3.4430 -3.0669 0.0000
-3.5914 -3.3596 0.0000
-3.0657 -4.2365 0.0000
-3.1987 -4.4713 0.0000
-1.9792 0.9280 0.0671
-2.0418 0.8160 0.1080
-2.0034 0.7267 0.1318
-2.0621 0.6473 0.1745
-2.1380 0.8237 0.1168
-2.1044 0.7325 0.1476
-2.2082 0.7531 0.1483
-2.1712 0.6655 0.1834
-2.0840 0.5206 0.2335
-2.1254 0.5908 0.2108
-2.2156 0.5744 0.2273
-2.1657 0.4950 0.2605
-2.2547 0.4760 0.2734
2.6869 4.7454 0.0000
2.5478 4.4805 0.0000
2.2144 0.9675 0.0639
2.3200 0.8259 0.1022
2.2360 0.8357 0.1023
2.1562 0.8431 0.0982
2.2320 0.7454 0.1348
2.1452 0.7200 0.1414
2.0994 0.6306 0.1719
1.9980 0.6279 0.1544
4.7642 3.5995 0.0000
4.5444 3.4418 0.0000
4.2533 0.1407 0.0000
3.9507 0.0380 0.0000
1.9679 2.1949 0.0000
1.7509 2.0568 0.0000
1.5845 1.8304 0.0001
1.3131 1.8192 0.0001
2.6402 -0.7417 0.0645
2.5453 -0.6529 0.1163
2.4395 -0.6553 0.1486
2.5071 -0.7335 0.1045
2.5226 -0.8547 0.0684
2.3984 -0.8696 0.0849
-0.1549 -1.8982 0.0000
-0.3822 -2.0937 0.0000
-1.0624 -2.4549 0.0000
1.0998 3.5061 0.0000
0.6013 -1.8734 0.0000
0.3961 -2.0059 0.0000
0.8294 2.6513 0.0000
2.8421 -1.1435 0.0041
3.0471 -1.2957 0.0003
2.8005 -1.4508 0.0011
3.1662 0.7550 0.0009
2.9376 0.6048 0.0147
2.9797 0.3432 0.0164
-3.5360 -3.6403 0.0000
-0.4059 -0.3837 0.0024
-0.6769 -0.3408 0.0049
3.0021 -3.2863 0.0000
3.2835 -3.7313 0.0000
3.2050 -3.4856 0.0000
2.9525 -3.5754 0.0000
-4.7462 4.2551 0.0000
-2.2414 2.4920 0.0000
-2.4787 2.3856 0.0000
-2.6843 2.2748 0.0000
-2.8797 2.1441 0.0000
-3.0415 2.2666 0.0000
-3.1093 1.9563 0.0000
0.6837 -3.2472 0.0000
0.4278 -3.3201 0.0000
-1.9529 -4.2693 0.0000
-2.2504 -4.2457 0.0000
-2.3830 -4.4816 0.0000
-4.4499 1.4503 0.0000
-2.3082 0.5649 0.2271
-2.3484 0.4713 0.2620
-2.2694 0.6626 0.1865
-2.3624 0.6503 0.1805
-2.4536 0.6375 0.1623
-2.4030 0.5539 0.2112
-2.5012 0.5516 0.1762
-2.4520 0.4661 0.2288
-2.5586 0.4727 0.1748
-2.3956 0.3923 0.2810
-2.4565 0.3303 0.2763
-2.5092 0.3954 0.2259
-2.5448 0.3011 0.2321
-2.6444 0.2712 0.1710
-1.5814 -2.1571 0.0000
-0.0076 3.8062 0.0000
-0.0887 3.5970 0.0000
1.2119 -1.7346 0.0001
1.0473 -1.9214 0.0000
4.5477 2.8152 0.0000
2.1746 3.4868 0.0000
1.8677 3.4935 0.0000
4.7155 -2.9902 0.0000
4.7482 -3.2968 0.0000
0.7657 -3.4844 0.0000
1.8621 1.8428 0.0003
1.7701 1.6025 0.0011
1.6587 1.3757 0.0030
-4.2734 -3.8274 0.0000
-4.4752 -4.0261 0.0000
-4.7542 -3.9063 0.0000
-4.7319 -4.2086 0.0000
-0.1153 -0.3834 0.0018
-1.5675 -3.7368 0.0000
-1.5406 -4.0077 0.0000
-3.0629 1.1585 0.0005
-3.3596 1.0766 0.0000
2.7909 2.9979 0.0000
2.5236 3.0820 0.0000
4.0115 -4.4558 0.0000
