5.0000 5.0000 0.0000
0.0000 5.0000 0.0000
2.5000 5.0000 0.0000
3.7500 5.0000 0.0000
4.3750 5.0000 0.0000
4.6875 5.0000 0.0000
4.0625 5.0000 0.0000
3.1250 5.0000 0.0000
3.4375 5.0000 0.0000
2.8125 5.0000 0.0000
1.2500 5.0000 0.0000
1.8750 5.0000 0.0000
2.1875 5.0000 0.0000
1.5625 5.0000 0.0000
0.6250 5.0000 0.0000
0.9375 5.0000 0.0000
0.3125 5.0000 0.0000
-2.5000 5.0000 0.0000
-1.2500 5.0000 0.0000
-0.6250 5.0000 0.0000
-0.3125 5.0000 0.0000
-0.9375 5.0000 0.0000
-1.8750 5.0000 0.0000
-1.5625 5.0000 0.0000
-2.1875 5.0000 0.0000
-3.7500 5.0000 0.0000
-3.1250 5.0000 0.0000
-2.8125 5.0000 0.0000
-3.4375 5.0000 0.0000
-4.3750 5.0000 0.0000
-4.0625 5.0000 0.0000
-4.6875 5.0000 0.0000
5.0000 -5.0000 0.0000
5.0000 0.0000 0.0000
5.0000 -2.5000 0.0000
5.0000 -3.7500 0.0000
5.0000 -4.3750 0.0000
5.0000 -4.6875 0.0000
5.0000 -4.0625 0.0000
5.0000 -3.1250 0.0000
5.0000 -3.4375 0.0000
5.0000 -2.8125 0.0000
5.0000 -1.2500 0.0000
5.0000 -1.8750 0.0000
5.0000 -2.1875 0.0000
5.0000 -1.5625 0.0000
5.0000 -0.6250 0.0000
5.0000 -0.9375 0.0000
5.0000 -0.3125 0.0000
5.0000 2.5000 0.0000
5.0000 1.2500 0.0000
5.0000 0.6250 0.0000
5.0000 0.3125 0.0000
5.0000 0.9375 0.0000
5.0000 1.8750 0.0000
5.0000 1.5625 0.0000
5.0000 2.1875 0.0000
5.0000 3.7500 0.0000
5.0000 3.1250 0.0000
5.0000 2.8125 0.0000
5.0000 3.4375 0.0000
5.0000 4.3750 0.0000
5.0000 4.0625 0.0000
5.0000 4.6875 0.0000
-5.0000 -5.0000 0.0000
0.0000 -5.0000 0.0000
-2.5000 -5.0000 0.0000
-3.7500 -5.0000 0.0000
-4.3750 -5.0000 0.0000
-4.6875 -5.0000 0.0000
-4.0625 -5.0000 0.0000
-3.1250 -5.0000 0.0000
-3.4375 -5.0000 0.0000
-2.8125 -5.0000 0.0000
-1.2500 -5.0000 0.0000
-1.8750 -5.0000 0.0000
-2.1875 -5.0000 0.0000
-1.5625 -5.0000 0.0000
-0.6250 -5.0000 0.0000
-0.9375 -5.0000 0.0000
-0.3125 -5.0000 0.0000
2.5000 -5.0000 0.0000
1.2500 -5.0000 0.0000
0.6250 -5.0000 0.0000
0.3125 -5.0000 0.0000
0.9375 -5.0000 0.0000
1.8750 -5.0000 0.0000
1.5625 -5.0000 0.0000
2.1875 -5.0000 0.0000
3.7500 -5.0000 0.0000
3.1250 -5.0000 0.0000
2.8125 -5.0000 0.0000
3.4375 -5.0000 0.0000
4.3750 -5.0000 0.0000
4.0625 -5.0000 0.0000
4.6875 -5.0000 0.0000
-5.0000 5.0000 0.0000
-5.0000 0.0000 0.0000
-5.0000 2.5000 0.0000
-5.0000 3.7500 0.0000
-5.0000 4.3750 0.0000
-5.0000 4.6875 0.0000
-5.0000 4.0625 0.0000
-5.0000 3.1250 0.0000
-5.0000 3.4375 0.0000
-5.0000 2.8125 0.0000
-5.0000 1.2500 0.0000
-5.0000 1.8750 0.0000
-5.0000 2.1875 0.0000
-5.0000 1.5625 0.0000
-5.0000 0.6250 0.0000
-5.0000 0.9375 0.0000
-5.0000 0.3125 0.0000
-5.0000 -2.5000 0.0000
-5.0000 -1.2500 0.0000
-5.0000 -0.6250 0.0000
-5.0000 -0.3125 0.0000
-5.0000 -0.9375 0.0000
-5.0000 -1.8750 0.0000
-5.0000 -1.5625 0.0000
-5.0000 -2.1875 0.0000
-5.0000 -3.7500 0.0000
-5.0000 -3.1250 0.0000
-5.0000 -2.8125 0.0000
-5.0000 -3.4375 0.0000
-5.0000 -4.3750 0.0000
-5.0000 -4.0625 0.0000
-5.0000 -4.6875 0.0000
4.5163 2.1594 0.0000
4.2463 2.0339 0.0000
3.4870 -2.7884 0.0000
3.4485 -3.5266 0.0000
3.1995 -3.6474 0.0000
3.0905 -3.9116 0.0000
4.4998 -3.2548 0.0000
-1.3685 -0.4563 0.0416
-1.4391 -0.3032 0.0704
-4.2744 -0.7588 0.0000
-4.5089 -0.6062 0.0000
-0.6576 -2.5640 0.0000
2.6772 3.9941 0.0000
-4.7355 -2.2343 0.0000
-3.5980 -3.2698 0.0000
-3.7401 -3.4696 0.0000
-4.0132 -3.4812 0.0000
2.2770 3.2956 0.0000
1.3613 3.5607 0.0000
-1.7363 3.2524 0.0000
-0.4641 3.3064 0.0000
-0.3570 3.0402 0.0000
0.1512 -4.7567 0.0000
-1.1557 -1.1086 0.0021
-4.2171 -3.2707 0.0000
-4.2960 -3.5109 0.0000
1.0645 3.2677 0.0000
1.3746 -2.9417 0.0000
-3.8476 3.3359 0.0000
2.5973 0.7376 0.0756
2.5741 0.6574 0.1020
2.5743 0.5716 0.1252
2.4804 0.5345 0.1743
2.4051 0.5902 0.1772
2.3797 0.4944 0.2233
2.2943 0.4274 0.2693
2.4671 0.4379 0.2142
2.3797 0.3927 0.2645
2.2907 0.3233 0.3122
2.2062 0.3842 0.2911
2.1937 0.3012 0.3228
2.1328 0.2253 0.3379
4.4977 -2.9788 0.0000
-1.4551 1.7623 0.0001
3.3261 -3.0369 0.0000
3.2361 -3.3419 0.0000
-2.9072 4.1296 0.0000
3.4352 2.9231 0.0000
4.7068 2.8013 0.0000
4.7639 2.5895 0.0000
-1.3140 3.0042 0.0000
-1.4283 2.7498 0.0000
2.2917 -0.0808 0.3738
2.2025 -0.0855 0.3773
2.1282 -0.1174 0.3601
2.0533 -0.1550 0.3292
2.2479 -0.1557 0.3660
2.1615 -0.1948 0.3509
2.0797 -0.2380 0.3185
1.9966 -0.2684 0.2790
1.9493 -0.3535 0.2342
1.8429 -0.3452 0.1917
1.7505 -0.3568 0.1510
2.2467 -0.2427 0.3431
2.1573 -0.2960 0.3192
2.1478 -0.3857 0.2836
2.0761 -0.4319 0.2495
2.0556 -0.3415 0.2775
1.9897 -0.4406 0.2200
1.8891 -0.4317 0.1863
2.0868 -0.5074 0.2215
2.0114 -0.5332 0.1923
1.9219 -0.5221 0.1691
1.8924 -0.6053 0.1335
1.8292 -0.5134 0.1410
1.8126 -0.6014 0.1121
1.7727 -0.6844 0.0820
1.7894 -0.4342 0.1478
1.7147 -0.4763 0.1124
1.7430 -0.5505 0.1047
1.6624 -0.6176 0.0705
-3.6460 1.0135 0.0000
-3.7328 0.7947 0.0000
3.9005 0.7426 0.0000
3.8010 0.4135 0.0000
-2.7216 1.7417 0.0003
-2.9752 1.7259 0.0001
0.7753 2.3168 0.0000
-3.0946 -4.4546 0.0000
-3.2763 2.6610 0.0000
-3.3288 2.3729 0.0000
-3.4048 -1.7285 0.0000
-0.6431 3.8968 0.0000
-0.8277 3.6636 0.0000
-1.0036 3.4447 0.0000
-0.8042 4.1341 0.0000
-0.9381 3.9212 0.0000
-0.3965 -1.0100 0.0004
-0.6509 -1.1426 0.0004
1.3844 -1.7747 0.0001
0.3010 4.5340 0.0000
2.0413 4.2973 0.0000
3.4865 -4.1837 0.0000
3.5021 -4.4877 0.0000
3.2939 -4.7199 0.0000
3.2832 -4.3800 0.0000
3.0960 -4.5053 0.0000
2.9832 -4.7582 0.0000
-3.2599 1.7425 0.0000
-3.5070 1.7926 0.0000
-3.6108 1.5780 0.0000
-3.7156 1.3652 0.0000
-3.8246 1.6968 0.0000
-3.9677 1.4323 0.0000
-3.6655 -4.2819 0.0000
0.4252 -0.2827 0.0027
-0.1744 -2.3165 0.0000
-0.4161 -2.4827 0.0000
1.9787 4.0341 0.0000
4.0218 -4.2940 0.0000
4.1229 2.5663 0.0000
3.8466 2.5439 0.0000
4.0690 2.2903 0.0000
-3.4827 2.8708 0.0000
-3.6747 3.0970 0.0000
-3.9525 3.0340 0.0000
-2.9362 3.0174 0.0000
-3.2068 2.9475 0.0000
2.5702 -2.2411 0.0000
2.2913 -2.3369 0.0000
2.7605 3.2465 0.0000
2.5205 3.1217 0.0000
3.7798 4.5239 0.0000
-1.6971 4.7516 0.0000
-0.7117 -2.0211 0.0000
-0.9816 -2.1544 0.0000
-4.4302 -2.9215 0.0000
4.3796 4.5211 0.0000
3.9387 -1.2623 0.0000
3.6912 -1.4021 0.0000
-1.7202 2.7264 0.0000
-1.9749 2.7589 0.0000
-1.1919 1.2701 0.0011
-1.4304 1.2444 0.0029
-1.6711 1.2152 0.0077
-1.7549 0.9862 0.0304
-2.3878 -0.1788 0.3563
-2.4742 -0.2207 0.2988
-2.5049 -0.3193 0.2523
-2.5868 -0.3928 0.1808
-2.6027 -0.4797 0.1480
-2.3129 0.1565 0.3879
-2.3770 0.0994 0.3762
-2.3856 0.0162 0.3790
-2.3833 -0.0805 0.3758
-2.4681 -0.0331 0.3306
-2.4638 -0.1240 0.3248
-2.5551 -0.0718 0.2646
-2.5443 -0.1489 0.2645
-2.5634 -0.2358 0.2349
-2.6135 -0.2994 0.1864
-2.6795 -0.3550 0.1331
-2.6859 -0.4487 0.1117
-2.6287 -0.1662 0.1982
-2.6754 -0.2368 0.1551
-2.7416 -0.2896 0.1066
-2.8013 -0.3899 0.0659
-2.8113 -0.5509 0.0457
-2.6481 -0.5525 0.1076
-2.6863 -0.6661 0.0695
-2.9357 4.7227 0.0000
2.9290 0.9786 0.0049
2.7599 0.7923 0.0304
-1.9585 1.6669 0.0013
0.0802 -3.6564 0.0000
0.0404 -3.9254 0.0000
-0.2003 -4.0595 0.0000
-0.4794 -4.2125 0.0000
-4.4971 -1.7398 0.0000
-4.7539 -1.9718 0.0000
-3.6585 -1.8638 0.0000
-3.5600 -2.2272 0.0000
-3.7576 -2.0770 0.0000
2.1398 -0.5730 0.2034
2.0574 -0.6156 0.1716
2.0552 -0.7120 0.1351
1.9724 -0.6180 0.1509
1.9708 -0.6984 0.1234
1.9498 -0.7808 0.0941
1.8352 -0.8074 0.0671
1.8826 -0.6914 0.1055
1.6385 -0.8002 0.0384
1.7505 -0.9815 0.0281
1.5611 -1.0851 0.0095
1.3388 -1.1977 0.0024
1.6683 -1.2802 0.0053
1.4706 -1.4116 0.0013
1.2732 -1.5527 0.0003
-1.1805 -4.7318 0.0000
4.7400 0.7803 0.0000
2.7162 0.0495 0.1304
2.6293 -0.0252 0.1914
2.6945 -0.1282 0.1412
2.6122 -0.1024 0.2003
2.5425 -0.0037 0.2551
2.5353 -0.0991 0.2554
2.5286 -0.1930 0.2472
2.6197 -0.1893 0.1860
2.5127 -0.2851 0.2374
2.6039 -0.2806 0.1819
2.5006 -0.3805 0.2177
2.5879 -0.3703 0.1726
2.5587 -0.4626 0.1642
2.4568 -0.0461 0.3108
2.4473 -0.1371 0.3065
2.4249 -0.2243 0.3004
2.3701 -0.1160 0.3468
2.3344 -0.1902 0.3439
2.3367 -0.2878 0.3148
2.2459 -0.3285 0.3134
2.4690 -0.4797 0.1997
2.4259 -0.5639 0.1840
2.3695 -0.4845 0.2312
2.3240 -0.5706 0.2043
2.4209 -0.3197 0.2748
2.3260 -0.3876 0.2806
2.2309 -0.4074 0.2819
2.1751 -0.4814 0.2471
2.4121 -0.4050 0.2488
2.2772 -0.4838 0.2472
2.2293 -0.5683 0.2119
-2.4566 4.5149 0.0000
-2.6014 4.2648 0.0000
-4.7711 1.0825 0.0000
-4.2304 4.7541 0.0000
4.7320 0.0067 0.0000
4.7430 -0.2366 0.0000
-1.6059 -4.2565 0.0000
4.7524 3.9074 0.0000
4.7590 3.6213 0.0000
-3.4973 0.7026 0.0000
-2.6251 -1.4248 0.0038
-2.6890 -1.6775 0.0006
1.3466 2.7902 0.0000
4.0397 0.2496 0.0000
-2.0372 1.3826 0.0084
2.0616 1.5820 0.0022
-2.1429 3.5191 0.0000
-2.4194 3.5392 0.0000
0.0568 2.4161 0.0000
1.6944 4.7594 0.0000
1.5613 4.5148 0.0000
-1.6839 -4.0269 0.0000
-1.7257 -2.8873 0.0000
-1.9251 -2.5890 0.0000
-1.9692 -2.8248 0.0000
-2.2349 -3.0355 0.0000
1.2132 2.5605 0.0000
1.0545 2.3433 0.0000
0.9656 2.1012 0.0000
0.7144 -0.6946 0.0026
-3.7603 3.6409 0.0000
-0.5306 4.4917 0.0000
-1.5550 -4.4940 0.0000
3.3162 -2.3493 0.0000
2.6626 -2.7513 0.0000
2.3917 -2.8198 0.0000
-0.4750 1.0970 0.0004
-0.6882 0.9376 0.0011
-0.9479 0.8495 0.0032
-2.3019 3.2625 0.0000
-2.5642 3.3040 0.0000
-2.6649 3.0670 0.0000
-4.1988 -1.0267 0.0000
-4.4232 -1.2029 0.0000
-1.8626 3.5077 0.0000
-4.2703 -0.4518 0.0000
0.1548 1.8962 0.0000
-0.8523 0.3730 0.0083
-0.8958 0.1197 0.0119
-1.6646 -1.5734 0.0010
-1.9008 -1.5404 0.0022
3.0817 1.4508 0.0001
2.8601 1.2491 0.0025
3.3085 2.4168 0.0000
3.0875 2.2421 0.0000
3.2088 1.9367 0.0000
3.2911 1.6536 0.0000
3.0169 1.7323 0.0000
-1.2393 -0.6521 0.0164
-1.3909 -0.9055 0.0123
-1.4160 -1.1897 0.0038
-1.6637 -1.3129 0.0045
0.0976 -2.4382 0.0000
-0.1340 -2.6002 0.0000
-0.3405 0.9180 0.0006
-0.4949 0.7258 0.0015
-0.7882 0.6571 0.0038
-1.0294 0.5491 0.0107
-4.4727 -3.7465 0.0000
-4.7547 -3.8911 0.0000
-4.7688 -4.1984 0.0000
4.7522 -3.3651 0.0000
-4.1591 -2.4114 0.0000
1.5470 0.7787 0.0307
1.2809 0.9267 0.0069
1.2688 0.6771 0.0149
1.2605 0.4375 0.0266
1.0260 0.5063 0.0101
4.1061 0.5333 0.0000
-0.7114 -4.7511 0.0000
-0.9378 -4.7670 0.0000
-2.1664 2.9869 0.0000
-3.5305 -3.6442 0.0000
-0.2066 1.5481 0.0000
-0.4421 1.6152 0.0000
0.0012 1.3331 0.0001
-0.2641 1.2665 0.0001
-0.4903 1.3733 0.0001
-0.7278 1.2325 0.0003
2.2054 -2.6093 0.0000
1.8876 -2.7280 0.0000
1.7340 -2.9792 0.0000
-0.2242 2.3765 0.0000
-0.3087 2.0921 0.0000
-0.6104 2.0583 0.0000
-0.4256 1.8411 0.0000
-0.7106 1.8143 0.0000
-1.6994 3.7569 0.0000
3.1050 4.2135 0.0000
3.6459 1.2978 0.0000
3.4355 1.0833 0.0000
-0.9098 4.4934 0.0000
-1.1817 4.4869 0.0000
-4.1461 2.4612 0.0000
4.7568 3.3324 0.0000
4.7421 3.0564 0.0000
-3.5589 2.5730 0.0000
-3.9543 -2.2478 0.0000
4.7569 4.2035 0.0000
3.4658 4.0673 0.0000
3.2398 3.9640 0.0000
4.5127 3.5092 0.0000
4.4977 3.2337 0.0000
4.2498 3.1320 0.0000
-0.8730 -0.3800 0.0085
-1.1222 -0.4337 0.0177
-1.8401 -4.3145 0.0000
-2.7250 2.8069 0.0000
-2.9920 2.7387 0.0000
4.2060 -4.7673 0.0000
4.0335 -4.5275 0.0000
3.9017 -4.7712 0.0000
3.5964 -4.7573 0.0000
2.6967 2.5974 0.0000
-2.9798 -2.1974 0.0000
-2.9924 -2.4747 0.0000
-1.9168 0.9068 0.0636
-1.7811 0.8036 0.0649
-1.9033 0.7705 0.0972
-1.9729 0.7001 0.1352
-1.7995 0.7038 0.0916
-1.8827 0.6750 0.1208
-1.9761 0.5137 0.2055
-1.9479 0.5967 0.1655
-2.0571 0.5388 0.2200
-0.2744 4.5946 0.0000
1.7571 0.7414 0.0678
1.9018 0.8175 0.0757
1.9855 0.7346 0.1150
1.9576 0.6499 0.1382
1.8887 0.7066 0.1044
1.8465 0.6342 0.1157
1.7484 0.6209 0.0936
1.9166 0.5706 0.1547
1.8205 0.5447 0.1342
1.7334 0.5271 0.1121
1.6326 0.5796 0.0733
0.0738 -1.8733 0.0000
0.0781 -2.1564 0.0000
-0.1889 -2.0318 0.0000
-3.6536 -1.5770 0.0000
2.8943 -3.7109 0.0000
2.8430 -4.0055 0.0000
2.6116 -3.7904 0.0000
2.5643 -4.0610 0.0000
2.3492 -4.1967 0.0000
-0.6515 -0.8440 0.0013
-0.8894 -0.9780 0.0015
-0.9259 -0.6641 0.0052
-1.1220 -0.8546 0.0055
-4.0071 -3.9693 0.0000
2.9027 4.5126 0.0000
2.8207 4.2764 0.0000
-2.0421 -2.0040 0.0001
-2.2177 -2.2152 0.0000
-2.0023 0.8030 0.1060
-2.0656 0.8747 0.0917
-2.1171 0.7915 0.1261
-2.0617 0.7311 0.1417
-2.1282 0.6742 0.1750
-2.1824 0.7425 0.1511
-2.0349 0.6306 0.1762
-2.1187 0.5920 0.2099
-2.1844 0.5609 0.2325
-2.2335 0.8161 0.1232
-2.2764 0.7307 0.1565
-2.2182 0.6478 0.1939
-2.2782 0.5659 0.2303
-2.3187 0.6476 0.1886
-2.4162 0.6486 0.1690
-2.3739 0.5663 0.2143
-2.1353 0.4808 0.2634
-2.2372 0.4832 0.2713
-2.3372 0.4847 0.2593
-2.2001 0.4012 0.3083
-2.2261 0.3191 0.3447
-2.2920 0.4028 0.3046
-2.3029 0.3222 0.3370
-2.3852 0.3142 0.3160
-2.4683 0.5776 0.1802
-2.4414 0.4925 0.2237
-2.5391 0.4678 0.1872
-2.3828 0.4012 0.2829
-2.4672 0.3209 0.2743
-2.4801 0.2410 0.2899
-2.4679 0.4053 0.2450
-2.5528 0.3657 0.2102
-2.6470 0.3384 0.1571
-3.4717 -4.1439 0.0000
-4.0226 4.4824 0.0000
-4.0363 4.2142 0.0000
3.7457 3.0803 0.0000
1.3560 -3.4843 0.0000
1.3467 -3.7604 0.0000
1.1136 -3.5867 0.0000
1.0717 -3.8803 0.0000
-4.6338 -0.0127 0.0000
-2.5059 -3.9846 0.0000
-3.8428 -4.4709 0.0000
-4.1113 -4.5082 0.0000
-4.0057 -4.7559 0.0000
-4.2600 -4.7579 0.0000
-1.2060 2.0516 0.0000
-3.4803 3.6867 0.0000
1.8709 1.3816 0.0052
-4.4700 -3.1868 0.0000
3.9810 -2.4194 0.0000
3.7090 -2.2961 0.0000
3.5092 -2.4935 0.0000
2.5448 2.8220 0.0000
-0.0964 -0.3219 0.0020
-0.1000 -0.5992 0.0011
-2.7439 4.5220 0.0000
-2.8780 4.3382 0.0000
-4.7554 -3.2860 0.0000
-1.4218 4.5210 0.0000
-1.6360 4.4882 0.0000
0.0692 1.6165 0.0000
-2.4640 2.5295 0.0000
-2.5566 2.2443 0.0000
-4.7446 -1.7096 0.0000
0.7168 1.6725 0.0000
2.7632 -2.4675 0.0000
2.4865 -2.5327 0.0000
3.6556 2.0809 0.0000
3.4840 1.8640 0.0000
-3.2103 -3.2319 0.0000
-3.3864 -3.4170 0.0000
2.9841 -1.9210 0.0000
3.9161 4.7634 0.0000
1.7984 3.2800 0.0000
1.5337 3.1050 0.0000
-4.1998 -2.7494 0.0000
-3.9601 1.9435 0.0000
-4.1152 1.6859 0.0000
2.2766 3.5920 0.0000
2.0264 3.4735 0.0000
-4.3461 2.2321 0.0000
-4.5145 1.9612 0.0000
4.4989 4.0304 0.0000
2.4410 3.9109 0.0000
2.1905 3.8281 0.0000
1.9301 3.7531 0.0000
-3.5353 -0.3951 0.0000
1.0730 -1.6875 0.0001
0.8259 -1.7562 0.0000
-1.6735 2.2309 0.0000
3.4462 -1.5589 0.0000
3.4694 -1.8493 0.0000
1.5480 1.3889 0.0019
-2.5151 -3.4626 0.0000
1.0432 1.3212 0.0005
-4.7625 4.7584 0.0000
-4.7549 4.4932 0.0000
-4.7559 4.2069 0.0000
2.4533 2.5153 0.0000
-2.8567 -1.2428 0.0029
1.4022 -2.3709 0.0000
0.4156 3.2505 0.0000
0.1222 3.2369 0.0000
0.0009 2.9907 0.0000
-0.2089 4.0707 0.0000
-3.4096 -2.0059 0.0000
0.2695 3.4682 0.0000
-0.0029 3.4952 0.0000
-0.1672 3.2362 0.0000
-1.0482 4.2363 0.0000
-1.3742 4.2545 0.0000
-2.2576 -3.5243 0.0000
-2.3187 -3.7563 0.0000
-4.4012 0.0597 0.0000
-2.3243 4.7598 0.0000
3.5495 0.1940 0.0000
3.2620 0.2437 0.0006
4.2414 -3.6857 0.0000
4.2291 -3.9796 0.0000
3.9910 -3.8096 0.0000
3.9530 -4.0536 0.0000
-2.4799 -2.6624 0.0000
-2.7229 -2.3358 0.0000
-2.7309 -2.6110 0.0000
-2.9686 -2.7793 0.0000
-3.1813 -2.9406 0.0000
4.2181 0.7934 0.0000
4.7502 -2.5875 0.0000
3.9930 -2.9967 0.0000
3.8005 -3.1950 0.0000
3.7166 -3.4378 0.0000
-3.0451 2.4752 0.0000
2.5795 -0.6445 0.1051
2.5303 -0.5595 0.1482
2.4802 -0.6427 0.1392
2.5230 -0.7309 0.0994
2.4311 -0.7289 0.1230
2.3971 -0.8103 0.1024
2.3309 -0.7372 0.1364
2.3016 -0.8337 0.1047
2.3836 -0.6501 0.1615
2.2344 -0.7432 0.1394
2.2063 -0.8335 0.1064
2.1112 -0.9060 0.0791
2.3912 -0.9440 0.0652
2.2418 -0.9541 0.0703
2.1069 -1.0725 0.0408
2.2936 -0.6556 0.1721
2.2155 -0.6542 0.1748
2.1385 -0.6600 0.1670
2.1464 -0.7433 0.1353
2.1196 -0.8114 0.1088
2.0379 -0.8014 0.1024
1.9625 -0.9272 0.0591
1.8875 -1.1559 0.0188
1.8514 -1.4417 0.0038
0.3719 -0.0133 0.0033
0.1501 -0.1833 0.0023
1.1417 -4.4843 0.0000
1.0166 -4.7408 0.0000
-2.9396 0.6968 0.0110
-3.2250 0.7058 0.0004
1.4713 1.6875 0.0002
4.2193 4.7626 0.0000
4.0803 4.5194 0.0000
-2.1939 -2.5138 0.0000
-2.2144 -2.7714 0.0000
-2.4625 -2.9308 0.0000
-2.7201 -2.8947 0.0000
4.7097 4.5024 0.0000
3.8384 0.1111 0.0000
3.9737 -0.1048 0.0000
3.6508 -0.0492 0.0000
-1.4751 -1.7784 0.0001
-1.7971 -1.8250 0.0003
-1.5692 -2.0317 0.0000
-1.8179 -2.1161 0.0000
-1.9625 -2.3314 0.0000
-0.5267 2.8351 0.0000
-0.6882 2.6252 0.0000
2.8428 -2.9654 0.0000
3.0431 -3.1500 0.0000
2.9680 -3.4398 0.0000
1.5386 -0.2833 0.0906
1.6484 -0.3109 0.1216
1.6752 -0.3973 0.1156
1.5681 -0.3771 0.0870
1.4224 -0.4201 0.0504
1.2270 -0.5282 0.0203
-0.2098 -4.3107 0.0000
-0.2939 -4.5380 0.0000
-4.4376 -1.4886 0.0000
4.7447 1.3944 0.0000
4.3714 1.4260 0.0000
-3.7901 4.1712 0.0000
0.8090 -3.9613 0.0000
0.7092 -4.2306 0.0000
0.4047 -4.2520 0.0000
0.2754 -4.4954 0.0000
-0.5891 0.4752 0.0033
-0.6334 0.2022 0.0054
-0.8360 -0.1076 0.0098
-2.0172 4.7642 0.0000
4.0251 3.2832 0.0000
-3.4906 4.7837 0.0000
-3.5607 4.4643 0.0000
-3.7086 4.6974 0.0000
-3.7961 4.4263 0.0000
-2.8839 -3.6588 0.0000
-3.2034 -3.6277 0.0000
0.4989 -2.7414 0.0000
0.5827 -2.9787 0.0000
0.3065 -2.9339 0.0000
0.5633 -3.2267 0.0000
0.3225 -3.2113 0.0000
0.3292 -3.4887 0.0000
0.0733 -3.3630 0.0000
-2.5633 0.2729 0.2270
-2.6578 0.2411 0.1667
-2.7251 0.1939 0.1268
-2.7732 0.1270 0.1016
-2.5905 0.1857 0.2242
-2.6664 0.1234 0.1742
-2.8482 0.0270 0.0647
-2.3081 0.2403 0.3658
-2.3927 0.2256 0.3417
-2.4225 0.1530 0.3443
-2.5041 0.1623 0.2912
-2.4724 0.0680 0.3254
-2.5723 0.0952 0.2491
-2.5499 0.0101 0.2711
-2.6376 0.0192 0.2015
-2.7236 0.0411 0.1369
-2.6368 -0.0695 0.2005
-2.7296 -0.0468 0.1327
-2.8270 -0.0971 0.0738
-2.7081 -0.1295 0.1438
-2.7548 -0.1860 0.1091
-2.8727 -0.2386 0.0488
-3.0213 -0.4109 0.0108
-3.0585 -0.0771 0.0098
-3.3071 -0.1895 0.0004
-3.2614 -0.3928 0.0006
1.5978 -2.7439 0.0000
1.3627 -2.6460 0.0000
1.0885 -2.7617 0.0000
4.1593 1.2873 0.0000
3.9206 1.2520 0.0000
3.7424 1.0061 0.0000
0.8586 4.2381 0.0000
0.7875 3.9614 0.0000
-2.5252 -0.5031 0.1800
-2.5627 -0.5809 0.1376
-2.4826 -0.6111 0.1588
-2.5869 -0.6638 0.1043
-2.1217 -0.5057 0.2471
-2.1808 -0.5314 0.2429
-2.1831 -0.6164 0.2025
-2.2645 -0.5700 0.2254
-2.3023 -0.6396 0.1894
-2.3805 -0.6024 0.1930
-2.3397 -0.7091 0.1543
-2.4247 -0.6881 0.1467
-2.5218 -0.6886 0.1190
-2.4952 -0.7701 0.1011
-2.6202 -0.8068 0.0613
-2.7602 -0.9882 0.0164
-2.2030 1.5923 0.0028
-2.8500 -0.7700 0.0198
-3.0447 -0.9846 0.0018
-4.2262 3.7765 0.0000
-4.4982 3.7324 0.0000
-4.5572 3.4383 0.0000
-4.7541 3.2725 0.0000
1.6153 0.0605 0.1357
1.5457 -0.0029 0.1106
1.6344 0.1819 0.1364
1.5666 0.1290 0.1151
1.5040 0.0660 0.0966
1.3938 0.0539 0.0669
1.4613 -0.0793 0.0831
1.3010 -0.1063 0.0472
1.1931 -0.3010 0.0270
2.0425 2.8413 0.0000
2.0438 3.1492 0.0000
1.8047 2.9888 0.0000
1.5753 2.8372 0.0000
4.2228 3.7394 0.0000
1.7154 1.1845 0.0096
1.7709 0.9420 0.0342
1.5227 1.0462 0.0096
3.5154 3.1993 0.0000
4.4852 3.7628 0.0000
4.2671 3.4467 0.0000
-3.3279 4.3312 0.0000
-3.5312 4.1856 0.0000
-3.6534 3.9170 0.0000
-0.3113 -3.0145 0.0000
-0.4399 -3.3287 0.0000
-2.2335 -4.0197 0.0000
-4.7314 -1.4452 0.0000
-4.2281 -2.1346 0.0000
-4.4964 -2.0241 0.0000
0.5002 2.2830 0.0000
0.6873 -0.3919 0.0046
0.4418 -0.5638 0.0019
0.4243 -0.8340 0.0009
0.9025 -0.2228 0.0108
0.9677 -0.4774 0.0092
-0.0870 -2.8791 0.0000
1.6154 -1.6124 0.0007
1.9966 -2.4590 0.0000
1.6790 -2.4858 0.0000
-0.4949 4.1605 0.0000
-3.3846 0.4110 0.0001
3.0062 4.7602 0.0000
-3.7565 2.7965 0.0000
3.0124 3.3234 0.0000
1.8822 -1.9926 0.0001
1.9452 -4.4766 0.0000
4.0216 4.0449 0.0000
3.9417 3.8123 0.0000
3.7277 3.6528 0.0000
1.7416 3.5828 0.0000
-4.0217 3.5765 0.0000
-4.2918 3.5133 0.0000
-3.1034 1.4782 0.0001
-3.2301 1.2208 0.0001
-3.0919 0.9637 0.0009
-3.8507 1.1376 0.0000
2.5607 -3.0404 0.0000
3.1973 -1.7225 0.0000
-4.2675 1.4259 0.0000
-0.7661 2.3679 0.0000
-1.0639 2.2905 0.0000
2.7933 -1.7294 0.0002
2.7030 -2.0043 0.0000
-2.0369 -3.8519 0.0000
3.7502 -4.2690 0.0000
3.7728 -4.5239 0.0000
-1.1675 -2.6377 0.0000
-1.6695 4.2530 0.0000
-1.6846 4.0031 0.0000
-1.5880 0.4448 0.0888
-1.6664 0.3838 0.1243
-1.7458 0.3639 0.1590
-1.6312 0.3112 0.1244
-1.7184 0.2735 0.1658
-1.7992 0.2147 0.2149
-1.8755 0.1405 0.2678
-1.9417 0.0715 0.3128
-1.8905 0.2372 0.2573
-1.9641 0.1679 0.3107
-2.0372 0.1029 0.3578
2.9369 -2.6969 0.0000
-0.1441 0.7705 0.0008
0.0142 0.5344 0.0015
-0.2778 0.5647 0.0015
-0.3693 0.3463 0.0026
-0.3472 0.0940 0.0031
-2.0287 1.9121 0.0003
-3.7906 -0.5487 0.0000
-4.0420 -0.6337 0.0000
4.7485 -2.0117 0.0000
4.7506 -2.3035 0.0000
2.6987 -4.2720 0.0000
2.4989 -4.4112 0.0000
4.5590 1.5808 0.0000
-0.6709 -1.4385 0.0001
-0.9676 -1.8639 0.0000
-1.2027 -1.6894 0.0001
-1.2466 -1.9971 0.0000
-1.1480 0.7593 0.0086
-1.4882 0.5539 0.0513
1.5988 -0.4990 0.0760
1.4660 -0.6402 0.0345
1.4379 -0.9007 0.0130
1.2360 -0.7545 0.0110
1.1813 -0.9982 0.0035
1.0060 -0.7199 0.0055
0.8949 -0.9376 0.0018
0.9886 -1.1687 0.0008
0.7691 -1.2628 0.0003
4.5517 0.3255 0.0000
4.2977 0.3252 0.0000
-3.2039 3.7173 0.0000
-3.3024 3.4511 0.0000
2.0562 2.5429 0.0000
1.7910 2.3960 0.0000
1.8162 2.0978 0.0000
1.2032 2.0728 0.0000
1.1917 1.8056 0.0000
-2.1014 -1.7271 0.0010
-2.3060 -1.9212 0.0003
4.5060 -4.7157 0.0000
-0.9565 -3.7469 0.0000
-1.2167 -3.7136 0.0000
1.5639 3.4028 0.0000
1.3193 3.2970 0.0000
-1.1313 0.3084 0.0238
-1.2757 0.5274 0.0261
-1.3940 0.3526 0.0553
-1.5344 0.3601 0.0865
-1.5454 0.2592 0.1023
-1.4556 0.2044 0.0814
-1.5565 0.1583 0.1159
-2.5986 -3.1670 0.0000
-2.9217 -3.1162 0.0000
0.1649 4.7664 0.0000
-0.1304 4.7812 0.0000
0.1709 -0.4613 0.0017
-4.4890 2.4959 0.0000
-4.7512 2.6568 0.0000
-4.7786 2.3706 0.0000
-4.3460 0.3739 0.0000
-4.5788 0.2936 0.0000
2.5541 0.8794 0.0553
2.4853 0.7370 0.1048
2.4928 0.6351 0.1352
2.4226 0.8218 0.0916
2.3627 0.7535 0.1227
2.4096 0.6813 0.1410
2.3199 0.6723 0.1594
2.2650 0.7399 0.1367
2.1950 0.6889 0.1574
2.2450 0.6261 0.1844
2.3263 0.5881 0.1941
2.2834 0.5220 0.2285
2.1942 0.5620 0.2120
2.1319 0.6379 0.1740
2.1046 0.5520 0.2064
2.2050 0.4721 0.2528
-3.8449 -3.7388 0.0000
-1.1408 -2.9286 0.0000
-1.5125 -3.3305 0.0000
3.2063 0.8985 0.0004
3.0081 0.6846 0.0063
4.2806 1.0842 0.0000
4.0246 1.0007 0.0000
2.1108 -2.8538 0.0000
1.9941 -3.0787 0.0000
1.8268 -3.2786 0.0000
-3.6065 0.1878 0.0000
-3.8816 -0.0172 0.0000
-4.1201 1.1639 0.0000
1.4650 0.5619 0.0429
1.7805 0.4518 0.1458
1.6877 0.4482 0.1152
1.6868 0.3540 0.1331
1.6837 0.2529 0.1478
1.5851 0.4259 0.0876
1.6028 0.3154 0.1098
1.5737 0.2319 0.1098
1.5033 0.2891 0.0821
1.4766 0.1822 0.0835
1.4522 0.3781 0.0599
1.3286 0.2372 0.0462
1.1999 0.0820 0.0323
-0.4278 -1.5977 0.0000
-0.6946 -1.7327 0.0000
-0.4455 -1.8944 0.0000
-1.3736 2.2695 0.0000
-1.4894 2.0037 0.0000
-0.0066 -4.5132 0.0000
2.9168 4.0439 0.0000
2.7767 3.7710 0.0000
-0.3699 -2.7573 0.0000
-0.5428 -3.0731 0.0000
-2.0220 3.2541 0.0000
2.2410 0.2259 0.3494
2.1832 0.1471 0.3661
2.0286 0.0293 0.3340
2.2872 0.1403 0.3662
2.2277 0.0723 0.3805
2.1223 0.0610 0.3659
2.1873 -0.0102 0.3812
2.1016 -0.0366 0.3612
2.0217 -0.0745 0.3278
1.9404 -0.1103 0.2854
1.9378 -0.0202 0.2908
-3.3452 -3.8817 0.0000
-0.4910 2.5126 0.0000
3.9356 4.2771 0.0000
3.6559 4.2744 0.0000
3.7497 4.0077 0.0000
2.8111 0.0443 0.0759
2.7148 -0.0398 0.1316
2.7209 2.1087 0.0000
-3.5691 -0.1020 0.0000
-3.7874 -0.2624 0.0000
-3.9365 -2.8819 0.0000
-4.1725 -3.0283 0.0000
-4.0134 -0.3489 0.0000
3.6080 4.7604 0.0000
2.8198 -1.4005 0.0013
-2.0051 -3.0618 0.0000
-2.3239 -3.2491 0.0000
-3.9607 4.7350 0.0000
3.4318 -1.2616 0.0000
3.1960 -1.4129 0.0000
1.9617 1.8516 0.0003
1.6751 1.8866 0.0001
3.9797 3.0330 0.0000
-4.0282 2.7464 0.0000
1.5490 3.7480 0.0000
1.0860 -3.0470 0.0000
0.8336 -2.8853 0.0000
0.8190 -3.1709 0.0000
-3.6373 -1.2879 0.0000
0.0150 4.5138 0.0000
-0.2453 4.3366 0.0000
2.1007 -1.5676 0.0028
1.8734 -1.7267 0.0007
2.3713 2.1509 0.0000
1.3171 -4.2819 0.0000
1.4345 -4.5212 0.0000
0.9539 4.4963 0.0000
0.0651 -3.0720 0.0000
-0.1768 -3.2113 0.0000
4.7501 0.5050 0.0000
0.5431 1.8139 0.0000
0.3464 1.6768 0.0000
-1.1788 3.2486 0.0000
3.9517 -0.9823 0.0000
3.6564 -1.0982 0.0000
3.2473 -2.0065 0.0000
3.3278 3.7019 0.0000
2.6983 -0.6123 0.0692
2.6606 -0.7885 0.0501
2.5019 -0.8419 0.0747
2.3316 -1.1369 0.0308
2.1040 -1.2973 0.0135
-1.4153 -2.8048 0.0000
-1.5061 -3.0473 0.0000
2.0338 2.2389 0.0000
2.1597 2.0264 0.0001
2.2860 2.9886 0.0000
-4.6081 1.2500 0.0000
0.9044 1.8606 0.0000
-2.0766 2.5121 0.0000
-2.2681 2.3581 0.0000
-1.6346 0.2128 0.1397
-1.7126 0.1669 0.1795
-1.7923 0.1220 0.2251
-1.8375 0.0396 0.2565
-1.6330 0.1028 0.1498
-1.6590 0.0011 0.1655
-1.7280 0.0643 0.1965
-1.7528 -0.0286 0.2114
-1.8362 -0.0593 0.2556
-1.9223 -0.0193 0.3054
-1.9838 -0.0940 0.3338
-1.8970 -0.1159 0.2847
-1.7813 -0.1321 0.2203
-1.8576 -0.1892 0.2526
-1.9550 -0.1966 0.3018
-2.0517 -0.1624 0.3544
-2.0285 -0.2468 0.3230
-1.8068 -0.2429 0.2170
-1.8156 -0.3172 0.2052
-1.9032 -0.2824 0.2551
-1.9865 -0.3186 0.2824
-2.0786 -0.3246 0.3150
-1.9280 -0.3835 0.2359
-2.0444 -0.4056 0.2717
-2.0569 -0.4950 0.2373
-2.1564 -0.3340 0.3307
-2.5230 1.9427 0.0002
1.0093 0.7840 0.0044
0.7831 0.6004 0.0037
0.5462 0.7069 0.0017
0.5280 0.4439 0.0028
2.2712 1.7779 0.0007
2.1369 1.3011 0.0127
0.7549 2.8302 0.0000
-4.7912 -4.7778 0.0000
-0.3471 -0.1805 0.0031
-0.5957 -0.0370 0.0054
-0.6099 -0.2992 0.0043
-3.9041 -1.4335 0.0000
-3.9081 -1.7275 0.0000
-4.0000 -1.9552 0.0000
-2.9080 -1.5190 0.0004
-3.1500 -1.4965 0.0001
-3.1669 -1.7371 0.0000
2.5925 1.3492 0.0059
2.3843 1.1931 0.0213
1.9541 1.1271 0.0236
2.3884 0.9749 0.0559
2.3112 0.8363 0.0995
2.2244 0.9205 0.0764
2.2081 0.8047 0.1133
2.1475 0.7470 0.1319
2.1776 1.0631 0.0421
2.0149 0.9404 0.0594
2.1237 0.8582 0.0915
2.0285 0.8136 0.0960
2.0836 0.7515 0.1241
2.0570 0.6676 0.1516
-3.8499 2.4911 0.0000
4.2049 -1.4159 0.0000
3.9562 -1.5545 0.0000
2.2556 2.3687 0.0000
-4.5271 -3.4462 0.0000
-4.7523 -3.5995 0.0000
-2.5447 -4.5032 0.0000
-2.6668 -4.7525 0.0000
-2.9729 -4.7388 0.0000
2.5572 -1.2662 0.0099
2.3392 -1.4060 0.0076
-0.1908 2.8701 0.0000
-0.3336 2.6611 0.0000
2.9776 -4.2541 0.0000
2.8072 -4.5166 0.0000
2.6872 -4.7759 0.0000
2.5306 -4.6241 0.0000
4.0434 1.7955 0.0000
4.1015 1.5343 0.0000
3.8522 1.5238 0.0000
-2.2715 2.0950 0.0001
-2.2754 1.8214 0.0006
3.8151 2.3111 0.0000
0.2879 3.0032 0.0000
0.1572 2.7509 0.0000
-0.0584 2.6395 0.0000
3.5414 0.8422 0.0000
3.3454 0.7047 0.0001
3.1938 0.5068 0.0012
2.9818 0.3403 0.0159
2.8105 0.3126 0.0633
2.8367 0.1677 0.0608
2.7222 0.1363 0.1226
2.6356 0.0568 0.1860
-2.5990 -3.7013 0.0000
-3.0592 -3.9003 0.0000
-3.2034 -4.1578 0.0000
-4.3625 -2.5661 0.0000
-4.5330 -2.7054 0.0000
0.7884 0.3057 0.0066
4.7734 1.7209 0.0000
0.5737 4.1614 0.0000
4.7743 2.3039 0.0000
4.5629 2.4483 0.0000
4.7648 2.0184 0.0000
4.5221 1.8788 0.0000
-4.7694 -2.7251 0.0000
-4.7187 -2.9919 0.0000
4.7529 1.0821 0.0000
-0.4479 -2.1936 0.0000
-0.9092 -1.2706 0.0004
-0.9359 -1.5673 0.0001
-1.1687 -1.3885 0.0005
-1.4181 -1.4829 0.0007
0.6085 -2.1263 0.0000
0.6013 -2.4273 0.0000
-4.7219 -4.5014 0.0000
2.2903 2.6990 0.0000
2.1306 -3.3808 0.0000
1.8674 -3.5588 0.0000
1.5948 -3.4387 0.0000
1.6069 -3.6969 0.0000
3.9969 3.5495 0.0000
3.7719 3.3521 0.0000
-3.0693 -0.6818 0.0036
2.7187 0.3293 0.1050
2.8166 0.5159 0.0438
2.7275 0.4153 0.0887
2.7206 0.2300 0.1157
2.6373 0.2372 0.1673
2.6369 0.1456 0.1789
-3.3532 -1.1672 0.0000
-3.3916 -1.4480 0.0000
-1.9590 4.2708 0.0000
-2.3838 -4.2604 0.0000
-2.6640 -4.2283 0.0000
-2.8202 -4.4823 0.0000
-4.1129 3.2751 0.0000
-4.2495 2.9854 0.0000
1.2734 -4.7535 0.0000
3.7645 -0.5264 0.0000
3.5231 -0.6225 0.0000
3.2927 -0.5178 0.0003
-4.7882 0.1605 0.0000
-2.0405 -3.3215 0.0000
-2.0085 -3.6036 0.0000
-2.8470 2.2684 0.0000
2.6864 0.6259 0.0711
2.6582 0.5087 0.1043
2.6390 0.4163 0.1330
2.6415 0.3255 0.1497
2.5598 0.4761 0.1587
2.5525 0.3800 0.1896
2.5471 0.2838 0.2171
2.4663 0.3383 0.2481
2.3834 0.3015 0.2964
2.3381 0.2263 0.3345
2.5501 0.1909 0.2336
2.5504 0.0881 0.2461
2.4755 0.1413 0.2901
2.4470 0.0515 0.3166
2.3729 -0.0237 0.3544
2.4517 0.2343 0.2852
2.3885 0.1468 0.3350
2.3430 0.0660 0.3632
2.2780 0.0035 0.3808
2.1059 -4.2570 0.0000
-1.1254 3.7140 0.0000
-1.4159 3.7588 0.0000
-1.2994 3.4945 0.0000
-1.5790 3.5040 0.0000
2.8205 -0.0793 0.0709
2.7656 -0.1862 0.0942
2.9207 -0.2472 0.0298
2.7787 -0.3201 0.0763
2.6958 -0.2466 0.1291
2.6791 -0.3520 0.1238
2.7825 -0.4685 0.0589
2.6546 -0.4483 0.1191
2.6229 -0.5367 0.1147
-2.2516 2.7150 0.0000
1.1125 -2.2132 0.0000
-2.6012 1.3855 0.0050
-4.6464 -1.2435 0.0000
-1.1809 -2.3401 0.0000
-0.4664 4.7724 0.0000
-1.0719 -0.1674 0.0209
-1.2732 -0.2511 0.0405
-3.3858 0.9620 0.0000
4.4963 4.2839 0.0000
-0.8984 -2.7357 0.0000
2.8876 -0.6921 0.0161
3.1777 -0.7423 0.0007
3.0611 -0.9468 0.0014
2.8361 -0.9277 0.0107
2.7858 -1.1436 0.0060
2.5742 -1.0108 0.0313
-2.0203 0.0061 0.3572
-2.0696 -0.0676 0.3764
-2.1303 -0.2359 0.3613
-2.1110 0.0420 0.3935
-2.1433 -0.0343 0.4034
-2.1397 -0.1354 0.3898
-2.2189 -0.0000 0.4159
-2.2912 0.0631 0.4078
-2.3030 -0.0355 0.4074
-2.2220 -0.0914 0.4094
-2.3036 -0.1347 0.3945
-2.2203 -0.1876 0.3892
-2.3190 -0.3269 0.3309
-2.2287 -0.2801 0.3591
-2.3104 -0.2315 0.3676
-2.4019 -0.2765 0.3216
-2.4127 -0.3682 0.2833
-2.2372 -0.3786 0.3180
-2.1438 -0.4235 0.2893
-2.2400 -0.4717 0.2742
-2.3258 -0.4225 0.2879
-2.3382 -0.5203 0.2398
-2.4976 -0.4218 0.2224
-2.4139 -0.4611 0.2447
-2.4471 -0.5341 0.2018
2.0806 -3.9989 0.0000
1.5658 -3.9777 0.0000
1.8267 -4.1736 0.0000
1.5533 -4.2311 0.0000
3.7101 -1.6991 0.0000
3.7187 -1.9972 0.0000
0.2483 0.3315 0.0022
-3.3838 1.4828 0.0000
-3.5096 1.2383 0.0000
-1.0901 4.7431 0.0000
-0.1811 -3.4934 0.0000
-0.1922 -3.7716 0.0000
-0.4416 -3.9096 0.0000
-0.6889 -4.0104 0.0000
4.7553 -3.1068 0.0000
-1.1157 0.0546 0.0267
-1.2996 0.1692 0.0497
-1.3061 -0.0407 0.0537
-1.4268 0.0733 0.0807
-1.5180 0.0903 0.1071
-1.4796 -0.0300 0.0974
-1.5660 0.0300 0.1263
-1.5890 -0.0625 0.1354
-1.6858 -0.0990 0.1756
-1.4197 -0.1551 0.0765
-1.5211 -0.1235 0.1086
-1.6052 -0.1600 0.1371
-1.6892 -0.1882 0.1697
-1.7477 -0.2154 0.1931
-1.5315 -0.2235 0.1052
-1.6355 -0.2572 0.1391
-1.7196 -0.2996 0.1667
-4.1826 -0.1486 0.0000
4.4693 2.9476 0.0000
4.4274 2.6620 0.0000
4.3180 2.3549 0.0000
0.1447 0.1017 0.0025
-0.0985 -0.0311 0.0025
3.0243 3.8365 0.0000
-0.7081 1.5411 0.0000
-0.9560 1.3919 0.0002
-0.9728 1.0919 0.0012
-1.2436 0.9986 0.0048
-0.9668 1.6651 0.0000
-1.2173 1.7933 0.0000
-1.2330 1.5257 0.0003
-1.4971 1.4911 0.0009
2.1475 -1.8645 0.0004
2.1020 -2.1573 0.0000
4.2001 2.8435 0.0000
0.6416 -1.0103 0.0007
0.5040 -1.2707 0.0001
0.3367 -1.0879 0.0003
0.1176 -1.2904 0.0001
0.3297 -1.4437 0.0000
0.0789 -1.5883 0.0000
0.5377 1.4656 0.0001
0.2742 1.3916 0.0001
0.1968 1.1161 0.0002
-0.0974 1.0525 0.0003
-2.4331 4.0297 0.0000
2.7120 4.7517 0.0000
2.6199 4.4815 0.0000
2.3395 4.4202 0.0000
-3.7646 -2.4123 0.0000
1.0157 1.0584 0.0017
0.7645 1.1727 0.0005
0.7265 0.9102 0.0012
-1.9845 2.2110 0.0000
-2.8160 1.4824 0.0009
-2.9384 1.2295 0.0014
-2.6981 1.1611 0.0101
-2.8287 0.9515 0.0113
-3.1176 -1.2544 0.0002
3.0336 -1.2184 0.0005
2.9825 -1.5741 0.0001
-4.7806 -0.1870 0.0000
-4.7465 -0.4668 0.0000
-4.4889 -0.2689 0.0000
-0.7254 4.3580 0.0000
4.7469 -1.7204 0.0000
-1.3952 4.7569 0.0000
4.5131 1.2251 0.0000
4.4968 0.9122 0.0000
-2.4864 1.6207 0.0017
1.5459 -3.1804 0.0000
2.5203 -1.8391 0.0003
2.3694 -2.0415 0.0001
-0.8418 2.1328 0.0000
-0.9621 1.9410 0.0000
4.6588 -1.2596 0.0000
4.4427 -1.2704 0.0000
-2.9159 -1.8171 0.0001
-3.1396 -1.9986 0.0000
-3.2597 -2.2967 0.0000
1.2671 1.5026 0.0004
1.3029 1.2105 0.0021
-4.6053 2.2194 0.0000
-4.7811 2.0284 0.0000
-0.6978 3.4135 0.0000
-0.6516 3.0891 0.0000
-0.8581 3.2201 0.0000
-1.0197 3.0476 0.0000
-1.7713 1.4368 0.0033
-1.9128 1.1651 0.0208
-2.1719 1.1669 0.0299
1.6768 -4.4586 0.0000
-3.3606 -4.4109 0.0000
-3.5682 -4.5201 0.0000
-3.7952 -4.7261 0.0000
3.7731 -2.8593 0.0000
3.6147 -3.0427 0.0000
3.5013 -3.2650 0.0000
-1.7689 1.9652 0.0001
-1.7054 1.7193 0.0005
4.4920 -1.5469 0.0000
4.2283 -1.6983 0.0000
-1.1935 3.9991 0.0000
-1.4601 4.0082 0.0000
-0.8320 2.8654 0.0000
-0.9620 2.5753 0.0000
3.4725 -2.1532 0.0000
-3.5798 3.3981 0.0000
4.2349 -2.2724 0.0000
3.5510 3.8217 0.0000
3.5209 3.4940 0.0000
-4.7505 -0.7700 0.0000
1.8450 -0.0802 0.2395
1.7276 -0.0930 0.1807
1.6385 -0.1373 0.1390
1.7095 -0.1977 0.1619
1.6236 -0.2305 0.1239
1.5372 -0.1775 0.1001
-4.4933 0.6332 0.0000
-0.7023 -2.2982 0.0000
-0.9318 -2.4555 0.0000
3.0511 -2.4655 0.0000
-2.7165 4.0103 0.0000
-2.5618 3.7788 0.0000
-2.8637 3.7782 0.0000
2.1190 0.3863 0.2784
2.1072 0.3071 0.3055
2.1271 0.4661 0.2468
2.0429 0.4739 0.2251
2.0325 0.3903 0.2538
2.0280 0.3070 0.2809
2.0354 0.2195 0.3088
2.0891 0.1403 0.3454
1.9462 0.2817 0.2557
1.9450 0.1830 0.2775
2.0129 0.1190 0.3192
1.9360 0.0759 0.2874
3.9858 -0.6947 0.0000
3.7202 -0.8191 0.0000
3.4259 -0.8821 0.0000
3.2754 -1.0816 0.0001
1.0722 0.2517 0.0175
0.8940 0.0625 0.0109
0.6548 -0.0766 0.0056
-3.0598 3.9197 0.0000
1.0871 -0.0809 0.0218
3.5721 1.5846 0.0000
3.3669 1.3731 0.0000
4.5021 -3.5355 0.0000
-3.8933 -1.1329 0.0000
-4.1616 -1.3145 0.0000
2.2402 -4.5019 0.0000
2.3434 -4.7646 0.0000
3.1322 -2.8671 0.0000
0.8470 -2.2984 0.0000
-1.2843 -3.1527 0.0000
-4.5031 -0.9324 0.0000
-4.7611 -1.0621 0.0000
3.7471 -0.2643 0.0000
3.4943 -0.3429 0.0000
-3.1221 3.2387 0.0000
-3.3998 3.1651 0.0000
0.2891 0.6181 0.0013
-0.0910 0.2740 0.0024
1.5644 -0.0881 0.1147
1.4137 -0.2405 0.0633
-3.1065 2.2044 0.0000
0.8663 -3.6753 0.0000
0.6078 -3.7192 0.0000
0.5345 -3.9930 0.0000
0.3405 -3.7569 0.0000
0.2650 -4.0114 0.0000
0.0824 -4.2335 0.0000
-2.7408 2.5332 0.0000
-2.8489 3.2924 0.0000
1.2916 -4.0371 0.0000
1.0195 -4.1938 0.0000
0.8663 -4.4720 0.0000
0.7406 -4.7427 0.0000
-1.4603 3.2450 0.0000
-1.6034 2.9856 0.0000
-2.3729 0.7289 0.1464
-2.4717 0.7172 0.1282
-2.5263 0.6450 0.1349
-2.6291 0.6257 0.0999
-2.5511 0.5548 0.1536
-2.6323 0.5179 0.1249
-2.6299 0.4264 0.1483
-2.7527 0.5683 0.0623
-2.7096 0.4532 0.0995
-2.7479 0.3729 0.0924
-2.7292 0.2901 0.1137
-2.7976 0.2544 0.0796
-3.1456 0.2315 0.0031
-3.3471 0.0811 0.0002
-3.5325 -0.6854 0.0000
-3.0620 1.9644 0.0000
-2.1545 4.0381 0.0000
-2.2625 3.7873 0.0000
0.3490 -2.2785 0.0000
0.3540 -2.5618 0.0000
0.1420 -2.7333 0.0000
0.9036 2.5784 0.0000
0.6145 2.5551 0.0000
0.6213 4.4639 0.0000
-2.4243 3.0164 0.0000
-2.4936 2.7873 0.0000
-4.7495 0.4802 0.0000
1.7578 1.6217 0.0009
-0.6105 -2.8199 0.0000
-0.8413 -3.0000 0.0000
3.9712 -2.1364 0.0000
1.5664 2.2142 0.0000
1.4418 1.9852 0.0000
-1.8388 -0.3942 0.1954
-1.8786 -0.4718 0.1875
-1.9100 -0.5515 0.1712
-1.9307 -0.6342 0.1479
-1.9464 -0.7184 0.1223
-1.9377 -0.8211 0.0878
-1.9702 -0.4721 0.2201
-2.0059 -0.5670 0.1933
-2.0274 -0.6630 0.1596
-2.0316 -0.7607 0.1232
-2.1065 -0.8077 0.1156
-2.0199 -0.8846 0.0809
-2.1144 -0.9936 0.0595
-2.1442 -0.8798 0.0937
-2.2459 -0.9673 0.0698
-2.3570 -1.0880 0.0398
-2.0957 -0.5951 0.2014
-2.1215 -0.7003 0.1593
-2.1882 -0.7753 0.1336
-2.2298 -0.8571 0.1038
-2.2289 -0.6864 0.1719
-2.2776 -0.7601 0.1391
-2.3174 -0.8342 0.1084
-2.3617 -0.9202 0.0776
-2.3881 -0.7822 0.1187
-2.4495 -0.8582 0.0843
-2.5323 -0.9631 0.0475
-2.5853 -1.1732 0.0164
2.9611 2.0266 0.0000
2.7550 1.8239 0.0002
2.5683 2.3020 0.0000
-4.0818 2.2070 0.0000
-1.6100 0.7690 0.0430
-1.6811 0.6613 0.0733
-1.7720 0.6260 0.1038
-1.6335 0.5634 0.0803
-1.7369 0.5496 0.1120
-1.8511 0.5915 0.1369
-1.8053 0.5161 0.1433
1.7699 -4.7259 0.0000
-3.6035 -1.0039 0.0000
-3.7669 -0.8147 0.0000
-3.9822 -0.8768 0.0000
-1.6165 -0.8264 0.0357
-1.6720 -1.0535 0.0171
-1.9217 -1.0355 0.0368
-1.9053 -1.2769 0.0107
-2.1468 -1.4457 0.0060
-1.7932 -4.5639 0.0000
-2.0548 -4.5029 0.0000
-2.0404 -4.7575 0.0000
-1.4509 -4.7392 0.0000
3.7552 -3.7119 0.0000
3.5237 -3.7260 0.0000
3.3793 -3.9045 0.0000
3.1988 -4.1391 0.0000
1.1367 -1.3517 0.0005
0.9125 -1.4825 0.0001
0.6125 -1.5458 0.0000
0.5852 -1.8512 0.0000
0.3390 -1.7170 0.0000
0.3345 -2.0012 0.0000
2.4951 1.9417 0.0002
2.5393 1.6467 0.0012
0.4809 4.7472 0.0000
1.2960 -3.2413 0.0000
4.4954 -2.4206 0.0000
4.2460 -2.8433 0.0000
2.5431 4.2090 0.0000
2.2698 4.1243 0.0000
4.7740 0.2234 0.0000
4.4919 -2.1360 0.0000
1.0531 -3.3438 0.0000
0.8103 -3.4398 0.0000
0.5704 -3.4723 0.0000
-4.1546 -3.7375 0.0000
-4.2725 -3.9969 0.0000
-3.9991 -4.2419 0.0000
-4.2575 -4.2476 0.0000
1.1348 -1.9169 0.0000
-2.7802 -3.9425 0.0000
-2.9369 -4.1945 0.0000
4.3081 1.7234 0.0000
3.9407 2.0462 0.0000
3.7693 1.8020 0.0000
0.1649 -0.7459 0.0008
0.1030 -1.0036 0.0003
-0.1338 -0.8716 0.0005
-0.1465 -1.1623 0.0002
-0.4086 -1.3038 0.0001
-0.1482 -4.7671 0.0000
0.9378 3.0388 0.0000
1.2497 3.0305 0.0000
1.0617 2.8036 0.0000
-1.8765 3.0055 0.0000
4.4931 -3.8161 0.0000
4.5033 -4.0965 0.0000
-1.7645 -3.4667 0.0000
3.2721 3.3969 0.0000
3.2509 3.1272 0.0000
-2.3904 -1.6227 0.0019
-2.5690 -1.8733 0.0002
-2.7789 -2.0342 0.0000
0.2866 4.0388 0.0000
0.5062 3.8751 0.0000
0.4740 3.6078 0.0000
0.2067 3.7460 0.0000
-4.7887 1.4231 0.0000
3.4369 -0.1194 0.0000
3.3007 0.0113 0.0004
3.0238 0.0247 0.0131
3.1877 -0.2518 0.0016
3.0137 -0.4771 0.0088
4.7533 -3.6441 0.0000
4.7534 -3.9308 0.0000
-0.7465 -3.2585 0.0000
4.2521 -3.1224 0.0000
4.2571 -3.4100 0.0000
4.0236 -3.2798 0.0000
3.9814 -3.5287 0.0000
2.7542 -3.2440 0.0000
2.6710 -3.5153 0.0000
2.2740 -3.1020 0.0000
2.4512 -3.3211 0.0000
2.3744 -3.5981 0.0000
-3.9898 0.8882 0.0000
-4.2781 0.9037 0.0000
-4.2031 0.6480 0.0000
-3.0778 4.4772 0.0000
-3.1600 4.1798 0.0000
-3.3557 3.9729 0.0000
1.7349 4.2309 0.0000
1.7017 3.9546 0.0000
1.4106 4.0299 0.0000
3.3032 4.7510 0.0000
3.1670 4.4966 0.0000
-1.7267 -4.7808 0.0000
4.7520 -2.8537 0.0000
4.4949 -2.7021 0.0000
1.8392 -2.2438 0.0000
1.6080 -2.1876 0.0000
-4.2366 1.9580 0.0000
-4.3981 1.7142 0.0000
-4.5265 1.4907 0.0000
-3.7898 -4.0875 0.0000
1.7987 2.6804 0.0000
1.5209 2.5325 0.0000
1.3216 2.2992 0.0000
-3.4823 -2.5056 0.0000
-3.2230 -2.6262 0.0000
-3.4459 -2.8035 0.0000
-3.7095 -2.6969 0.0000
-0.9389 -3.9990 0.0000
-1.1935 -3.9750 0.0000
-1.3782 -4.1865 0.0000
-1.0892 -4.2441 0.0000
-1.2923 -4.4599 0.0000
2.0172 0.5727 0.1802
1.9601 0.4771 0.1996
1.9457 0.3834 0.2259
1.8783 0.4823 0.1711
1.8595 0.4074 0.1861
1.8605 0.3196 0.2093
1.7706 0.3646 0.1625
1.8575 0.2257 0.2281
1.7723 0.2765 0.1806
1.7620 0.1819 0.1903
1.8584 0.1309 0.2428
1.7772 0.0836 0.2063
1.6875 0.1239 0.1626
1.8547 0.0256 0.2478
1.7718 -0.0185 0.2055
1.7018 0.0278 0.1726
1.6457 -0.0381 0.1476
-1.6956 0.4684 0.1171
-1.7736 0.4438 0.1509
-1.8187 0.3102 0.2040
-1.8487 0.4064 0.1918
-1.8868 0.4992 0.1784
-1.9444 0.4229 0.2271
-1.9133 0.3318 0.2432
-2.0095 0.3563 0.2777
-2.0416 0.4451 0.2549
-2.1092 0.3832 0.3007
-2.0704 0.2901 0.3246
-2.1541 0.3115 0.3400
-2.1449 0.2272 0.3677
-2.2273 0.2357 0.3754
-2.2277 0.1559 0.3978
-1.9813 0.2628 0.2960
-2.0539 0.1974 0.3463
-2.1316 0.1402 0.3867
-2.1976 0.0767 0.4098
1.2582 3.8022 0.0000
0.9889 3.7504 0.0000
1.1085 3.5326 0.0000
0.8587 3.4502 0.0000
0.7346 3.6790 0.0000
0.5991 3.3986 0.0000
2.8059 1.5355 0.0008
2.6399 1.0666 0.0196
-4.2884 2.6960 0.0000
3.1496 1.1756 0.0003
-4.7220 1.7260 0.0000
4.7640 -1.4396 0.0000
4.7659 -1.0770 0.0000
0.5012 1.1810 0.0002
0.3985 0.9153 0.0006
0.1160 0.8364 0.0006
1.8354 4.4995 0.0000
1.4668 4.2763 0.0000
-1.5431 2.4929 0.0000
-1.8253 2.4684 0.0000
-0.6936 -3.5014 0.0000
-0.9582 -3.4963 0.0000
-3.9531 3.8987 0.0000
-4.5343 -4.7513 0.0000
1.5281 -4.7627 0.0000
-1.9149 -4.0631 0.0000
-2.1115 -4.2420 0.0000
-2.2793 -4.5071 0.0000
-2.3479 -4.7520 0.0000
-2.3257 1.3568 0.0108
-2.4575 1.1586 0.0250
2.1058 -3.7025 0.0000
1.8393 -3.8613 0.0000
0.4539 2.7770 0.0000
0.3114 2.5145 0.0000
3.4796 4.5130 0.0000
3.3520 4.2825 0.0000
-1.4099 -2.2288 0.0000
-1.6728 -2.3491 0.0000
-1.4223 -2.5113 0.0000
-1.6777 -2.6283 0.0000
4.7545 -4.5197 0.0000
4.7773 -4.7853 0.0000
4.2440 -2.5550 0.0000
4.0060 -2.7047 0.0000
3.7474 -2.5912 0.0000
4.4860 -0.7003 0.0000
4.4808 -0.4226 0.0000
4.2349 -0.5521 0.0000
4.2287 -0.8460 0.0000
-3.2743 -4.7091 0.0000
-3.5435 -4.7594 0.0000
0.9963 1.5976 0.0001
0.7880 1.4020 0.0002
-4.5040 4.7513 0.0000
3.0024 3.0638 0.0000
3.1404 2.8426 0.0000
2.7738 2.9679 0.0000
2.8842 2.7485 0.0000
3.3583 2.6648 0.0000
3.0588 2.5487 0.0000
2.8385 2.3709 0.0000
-0.7606 4.7215 0.0000
-1.1321 2.7901 0.0000
-1.2472 2.5234 0.0000
-4.5238 -4.0289 0.0000
-4.5167 -4.2801 0.0000
-4.4025 -4.5120 0.0000
0.4471 -4.7487 0.0000
4.7390 -0.5071 0.0000
4.7472 -0.7971 0.0000
-1.5678 -0.3048 0.1084
-1.5306 -0.3718 0.0876
-1.5482 -0.4663 0.0783
-1.6407 -0.3610 0.1253
-1.6675 -0.4471 0.1182
-1.7420 -0.3955 0.1563
-1.7176 -0.5196 0.1183
-1.6249 -0.5463 0.0848
-1.7487 -0.5989 0.1077
-1.6457 -0.6496 0.0696
-1.4717 -0.6477 0.0382
-1.7602 -0.7134 0.0815
-1.7875 -0.4802 0.1520
-1.8248 -0.5624 0.1409
-1.8467 -0.6461 0.1217
-1.8641 -0.7377 0.0982
-1.8172 -0.8690 0.0564
-2.5022 -2.1386 0.0000
-2.4547 -2.4083 0.0000
4.2575 -4.2460 0.0000
4.2890 -4.5109 0.0000
-0.5123 -4.4586 0.0000
-0.4549 -4.7501 0.0000
-1.0222 -3.2226 0.0000
-1.2355 -3.4424 0.0000
0.0227 3.9665 0.0000
-0.1059 3.7505 0.0000
3.1190 -2.1994 0.0000
2.8721 -2.2093 0.0000
-1.9071 4.0104 0.0000
-1.9800 3.7697 0.0000
-1.8794 4.5212 0.0000
-2.1582 4.5151 0.0000
-2.2898 4.2776 0.0000
-0.3578 3.8511 0.0000
-0.2885 3.5267 0.0000
-0.5376 3.6258 0.0000
0.3336 4.3045 0.0000
0.0555 4.2477 0.0000
0.5746 -4.4917 0.0000
3.6857 -3.9741 0.0000
3.6039 2.6086 0.0000
3.5608 2.3626 0.0000
3.3684 2.1432 0.0000
-2.0308 1.0046 0.0536
-2.1797 0.9708 0.0710
-2.1661 0.8651 0.1033
-2.2816 0.9011 0.0922
-2.3323 0.8145 0.1191
-2.3303 1.0439 0.0512
-2.5666 0.9572 0.0442
-2.4088 0.9139 0.0778
-2.4300 0.8065 0.1076
-2.5306 0.8201 0.0813
-2.5768 0.7249 0.0936
-4.4549 -2.3216 0.0000
-4.6924 -2.4770 0.0000
4.4913 -0.9902 0.0000
4.2053 -1.1249 0.0000
-1.7680 -3.1724 0.0000
1.9696 4.7635 0.0000
3.0684 3.6016 0.0000
2.8018 3.5265 0.0000
-3.9800 -2.5869 0.0000
0.7810 4.7371 0.0000
-0.3629 -0.4548 0.0021
-0.3836 -0.7255 0.0011
-0.6440 -0.5685 0.0028
0.5189 0.1835 0.0039
2.0542 -4.7458 0.0000
1.2641 4.5142 0.0000
1.1694 4.2628 0.0000
1.0785 4.0183 0.0000
-3.4200 -3.0855 0.0000
-3.6827 -2.9913 0.0000
-3.9076 -3.1969 0.0000
-4.1657 -1.6053 0.0000
-4.2490 -1.8443 0.0000
4.4489 0.6047 0.0000
-3.1953 4.7803 0.0000
-3.3353 4.5983 0.0000
4.7590 -4.2241 0.0000
4.5203 -4.3884 0.0000
-3.6328 -3.9136 0.0000
-3.3659 2.0534 0.0000
-3.6772 1.9763 0.0000
-3.6743 0.4820 0.0000
-3.9153 0.5991 0.0000
-3.8634 0.2742 0.0000
-4.0805 0.4028 0.0000
-4.1324 0.1366 0.0000
-3.5880 2.2748 0.0000
-3.8443 2.2164 0.0000
-4.3933 1.1726 0.0000
4.5171 4.7534 0.0000
-2.8007 2.0139 0.0000
1.3986 4.7598 0.0000
1.0911 4.7525 0.0000
4.2281 4.2654 0.0000
4.2565 3.9992 0.0000
-4.7603 0.7739 0.0000
2.5313 3.6885 0.0000
2.5317 3.4196 0.0000
3.2585 -2.6468 0.0000
-0.7869 -4.2662 0.0000
-0.7177 -4.5194 0.0000
-0.9874 -4.5043 0.0000
1.1470 -2.4722 0.0000
0.9155 -2.5359 0.0000
0.7241 -2.6606 0.0000
0.7573 3.1960 0.0000
0.5790 3.0374 0.0000
-2.7060 0.7689 0.0467
-2.8926 0.4191 0.0320
-3.1099 0.4746 0.0033
-2.9206 0.1961 0.0341
0.6827 2.0385 0.0000
0.3900 2.0106 0.0000
3.9138 2.7849 0.0000
3.6692 2.8474 0.0000
4.4711 0.0732 0.0000
4.2036 0.0351 0.0000
4.4903 -0.1679 0.0000
4.2426 -0.2406 0.0000
4.0070 -0.3932 0.0000
1.9762 -0.1878 0.2898
1.8796 -0.1801 0.2447
1.7901 -0.1642 0.2031
1.9047 -0.2682 0.2385
1.8089 -0.2559 0.1968
1.7269 -0.2785 0.1568
0.2286 2.2140 0.0000
-0.5125 2.2936 0.0000
-2.7700 -3.3967 0.0000
-3.0403 -3.4113 0.0000
-1.3900 0.7559 0.0207
-1.5155 0.9839 0.0140
-2.7161 3.5416 0.0000
-3.0124 3.5330 0.0000
-3.2986 -0.6000 0.0002
-3.3137 -0.8877 0.0001
0.8766 -2.0093 0.0000
-4.3771 3.2528 0.0000
-4.5435 3.0915 0.0000
-4.5189 2.8134 0.0000
-4.7718 2.9590 0.0000
3.6640 0.6497 0.0000
3.4804 0.4621 0.0000
-0.4392 -3.6222 0.0000
-0.7043 -3.7541 0.0000
2.3321 -3.8989 0.0000
2.4414 4.6995 0.0000
2.2362 4.7748 0.0000
2.1248 4.5493 0.0000
-4.2636 4.5128 0.0000
-4.2833 4.2746 0.0000
-4.5122 4.5054 0.0000
-4.2402 4.0199 0.0000
-4.5175 4.2536 0.0000
-4.4894 4.0037 0.0000
-4.7465 3.9118 0.0000
-4.7654 3.6034 0.0000
-4.5412 0.9346 0.0000
2.3320 1.4761 0.0048
4.7834 4.7745 0.0000
4.4885 -1.8456 0.0000
4.2302 -1.9875 0.0000
-0.1603 -1.4483 0.0000
-0.1824 -1.7423 0.0000
2.5942 -1.5477 0.0018
2.3398 -1.6833 0.0014
1.6311 -1.9149 0.0001
1.3670 -2.0699 0.0000
-0.0315 2.1233 0.0000
-0.1455 1.8316 0.0000
-2.6298 4.7634 0.0000
-2.1454 -1.1806 0.0262
-2.3723 -1.3289 0.0119
-1.4965 -3.6132 0.0000
-1.4635 -3.9022 0.0000
-1.7555 -3.7666 0.0000
3.9705 -1.8448 0.0000
