5.0000 5.0000 0.0000
0.0000 5.0000 0.0000
2.5000 5.0000 0.0000
3.7500 5.0000 0.0000
4.3750 5.0000 0.0000
4.6875 5.0000 0.0000
4.0625 5.0000 0.0000
3.1250 5.0000 0.0000
3.4375 5.0000 0.0000
2.8125 5.0000 0.0000
1.2500 5.0000 0.0000
1.8750 5.0000 0.0000
2.1875 5.0000 0.0000
1.5625 5.0000 0.0000
0.6250 5.0000 0.0000
0.9375 5.0000 0.0000
0.3125 5.0000 0.0000
-2.5000 5.0000 0.0000
-1.2500 5.0000 0.0000
-0.6250 5.0000 0.0000
-0.3125 5.0000 0.0000
-0.9375 5.0000 0.0000
-1.8750 5.0000 0.0000
-1.5625 5.0000 0.0000
-2.1875 5.0000 0.0000
-3.7500 5.0000 0.0000
-3.1250 5.0000 0.0000
-2.8125 5.0000 0.0000
-3.4375 5.0000 0.0000
-4.3750 5.0000 0.0000
-4.0625 5.0000 0.0000
-4.6875 5.0000 0.0000
5.0000 -5.0000 0.0000
5.0000 0.0000 0.0000
5.0000 -2.5000 0.0000
5.0000 -3.7500 0.0000
5.0000 -4.3750 0.0000
5.0000 -4.6875 0.0000
5.0000 -4.0625 0.0000
5.0000 -3.1250 0.0000
5.0000 -3.4375 0.0000
5.0000 -2.8125 0.0000
5.0000 -1.2500 0.0000
5.0000 -1.8750 0.0000
5.0000 -2.1875 0.0000
5.0000 -1.5625 0.0000
5.0000 -0.6250 0.0000
5.0000 -0.9375 0.0000
5.0000 -0.3125 0.0000
5.0000 2.5000 0.0000
5.0000 1.2500 0.0000
5.0000 0.6250 0.0000
5.0000 0.3125 0.0000
5.0000 0.9375 0.0000
5.0000 1.8750 0.0000
5.0000 1.5625 0.0000
5.0000 2.1875 0.0000
5.0000 3.7500 0.0000
5.0000 3.1250 0.0000
5.0000 2.8125 0.0000
5.0000 3.4375 0.0000
5.0000 4.3750 0.0000
5.0000 4.0625 0.0000
5.0000 4.6875 0.0000
-5.0000 -5.0000 0.0000
0.0000 -5.0000 0.0000
-2.5000 -5.0000 0.0000
-3.7500 -5.0000 0.0000
-4.3750 -5.0000 0.0000
-4.6875 -5.0000 0.0000
-4.0625 -5.0000 0.0000
-3.1250 -5.0000 0.0000
-3.4375 -5.0000 0.0000
-2.8125 -5.0000 0.0000
-1.2500 -5.0000 0.0000
-1.8750 -5.0000 0.0000
-2.1875 -5.0000 0.0000
-1.5625 -5.0000 0.0000
-0.6250 -5.0000 0.0000
-0.9375 -5.0000 0.0000
-0.3125 -5.0000 0.0000
2.5000 -5.0000 0.0000
1.2500 -5.0000 0.0000
0.6250 -5.0000 0.0000
0.3125 -5.0000 0.0000
0.9375 -5.0000 0.0000
1.8750 -5.0000 0.0000
1.5625 -5.0000 0.0000
2.1875 -5.0000 0.0000
3.7500 -5.0000 0.0000
3.1250 -5.0000 0.0000
2.8125 -5.0000 0.0000
3.4375 -5.0000 0.0000
4.3750 -5.0000 0.0000
4.0625 -5.0000 0.0000
4.6875 -5.0000 0.0000
-5.0000 5.0000 0.0000
-5.0000 0.0000 0.0000
-5.0000 2.5000 0.0000
-5.0000 3.7500 0.0000
-5.0000 4.3750 0.0000
-5.0000 4.6875 0.0000
-5.0000 4.0625 0.0000
-5.0000 3.1250 0.0000
-5.0000 3.4375 0.0000
-5.0000 2.8125 0.0000
-5.0000 1.2500 0.0000
-5.0000 1.8750 0.0000
-5.0000 2.1875 0.0000
-5.0000 1.5625 0.0000
-5.0000 0.6250 0.0000
-5.0000 0.9375 0.0000
-5.0000 0.3125 0.0000
-5.0000 -2.5000 0.0000
-5.0000 -1.2500 0.0000
-5.0000 -0.6250 0.0000
-5.0000 -0.3125 0.0000
-5.0000 -0.9375 0.0000
-5.0000 -1.8750 0.0000
-5.0000 -1.5625 0.0000
-5.0000 -2.1875 0.0000
-5.0000 -3.7500 0.0000
-5.0000 -3.1250 0.0000
-5.0000 -2.8125 0.0000
-5.0000 -3.4375 0.0000
-5.0000 -4.3750 0.0000
-5.0000 -4.0625 0.0000
-5.0000 -4.6875 0.0000
4.0499 3.3842 0.0000
4.0166 3.1179 0.0000
-2.7973 -0.1324 0.1519
-2.8284 -0.2041 0.1193
-2.9515 -0.2220 0.0461
-2.8315 -0.3186 0.1043
-3.1895 -0.3142 0.0029
-2.9539 -0.4482 0.0336
-3.1960 -0.5849 0.0017
2.2926 0.0026 0.0949
2.2303 -0.0987 0.0945
2.1149 -0.1120 0.0889
2.0476 -0.2415 0.0746
2.1804 -0.2177 0.0863
2.1490 -0.3585 0.0714
1.9838 -0.3960 0.0548
4.1287 0.8982 0.0000
-1.4423 -4.2831 0.0000
-1.5865 -4.5135 0.0000
-1.7276 -4.7552 0.0000
0.7512 -4.7655 0.0000
0.4479 -4.7704 0.0000
-1.0699 4.7429 0.0000
-0.0060 3.0930 0.0000
-2.1234 2.5547 0.0000
-2.2909 2.3214 0.0000
-2.4713 2.0787 0.0001
2.1681 4.4327 0.0000
1.9523 4.2100 0.0000
1.7596 3.9832 0.0000
-1.5267 3.0006 0.0000
-1.8135 3.0293 0.0000
-2.0404 -4.2394 0.0000
-1.9399 0.8828 0.1260
-1.7423 -4.2480 0.0000
-1.8869 -4.4985 0.0000
2.0938 -1.7348 0.0004
-1.9320 -2.1619 0.0000
-1.7408 -2.4166 0.0000
-1.5321 -0.5009 0.1212
-1.5788 -0.5669 0.1222
-1.6231 -0.6353 0.1190
-1.4995 -0.6555 0.0751
-1.5900 -0.7473 0.0780
-1.7020 -0.7730 0.1020
-1.7035 -0.5866 0.1657
-1.6954 -0.6870 0.1279
-1.7963 -0.7429 0.1413
-1.7705 -0.8375 0.0997
-1.8574 -0.8452 0.1187
-1.8041 -0.9583 0.0699
-1.9240 -0.9588 0.0909
-1.0131 0.2510 0.0294
-1.3492 0.3051 0.0882
-1.1817 0.1405 0.0582
-1.3159 0.1947 0.0886
-1.4206 0.2278 0.1214
-1.3105 0.0795 0.0933
-1.3986 0.1285 0.1217
-4.2515 0.2191 0.0000
-4.2443 -0.0708 0.0000
-4.4941 -0.2347 0.0000
-1.5850 3.7977 0.0000
-1.8243 3.6999 0.0000
-1.1312 -4.2876 0.0000
4.7319 -3.9553 0.0000
4.4786 -4.1296 0.0000
2.2207 -1.1461 0.0073
1.9703 -1.2397 0.0039
1.7312 -1.3326 0.0015
1.6451 -1.5876 0.0004
4.0462 -1.7048 0.0000
3.7142 -0.1729 0.0000
4.0013 0.3363 0.0000
3.9131 0.0435 0.0000
-2.9844 4.7630 0.0000
3.9089 4.7612 0.0000
3.6040 4.7550 0.0000
-4.4813 -0.5189 0.0000
-4.4678 -0.7995 0.0000
-4.7366 -0.6806 0.0000
0.2685 1.3458 0.0001
-3.0120 2.5778 0.0000
-3.1897 2.4113 0.0000
-3.3808 2.6040 0.0000
0.2816 2.5752 0.0000
1.9130 -0.5843 0.0325
1.7739 -0.4127 0.0330
1.6613 -0.6107 0.0159
1.8162 -0.8115 0.0138
1.7115 -1.0721 0.0042
-4.1107 4.0161 0.0000
-4.2195 3.7341 0.0000
-4.3925 3.9439 0.0000
-4.5139 3.7059 0.0000
-0.6872 -1.1266 0.0002
1.7173 0.0610 0.0406
2.9041 -0.2719 0.0080
2.6966 -0.4278 0.0221
2.4873 -0.3582 0.0536
2.3171 -0.4520 0.0604
-0.8460 -2.8948 0.0000
-0.3580 -2.6217 0.0000
1.0488 -1.1185 0.0005
3.3061 0.6616 0.0001
-1.6313 3.2422 0.0000
2.9082 -4.2127 0.0000
4.1686 -4.2574 0.0000
-0.1306 -0.5692 0.0005
-4.0562 -1.8281 0.0000
-1.8122 0.8994 0.0888
-1.8684 0.8290 0.1283
-1.7937 0.7845 0.1221
-1.8734 0.7278 0.1738
-1.9494 0.7803 0.1757
-1.9594 0.6731 0.2378
4.5010 4.7737 0.0000
4.2701 4.4480 0.0000
4.2193 4.7401 0.0000
4.0394 4.5114 0.0000
3.9635 4.2597 0.0000
-3.9844 -0.1997 0.0000
-2.6414 -4.2350 0.0000
-2.7810 -4.4878 0.0000
3.5811 3.4810 0.0000
3.2994 3.4696 0.0000
3.1562 3.2318 0.0000
3.5265 -1.6186 0.0000
-0.7218 4.2847 0.0000
-3.7326 -0.0438 0.0000
-2.8359 -2.1853 0.0000
2.0889 -3.0453 0.0000
2.0659 -3.3787 0.0000
-0.6681 2.6830 0.0000
4.2401 4.1733 0.0000
-0.8749 4.5207 0.0000
-0.5622 -2.7840 0.0000
-1.1241 -3.2885 0.0000
-0.7682 -1.9834 0.0000
-1.0406 -2.0937 0.0000
-1.1927 -2.3437 0.0000
4.7358 -0.4892 0.0000
-4.7663 -4.2238 0.0000
-1.4023 4.7484 0.0000
-0.0541 -3.0474 0.0000
-0.1188 -3.3047 0.0000
0.1455 -3.2776 0.0000
-0.1155 -3.5531 0.0000
-4.7471 -3.1289 0.0000
0.1432 -2.3005 0.0000
0.0974 -2.7897 0.0000
2.3375 -2.9145 0.0000
1.2825 0.0140 0.0101
1.4946 0.1695 0.0192
1.5194 -0.0689 0.0219
1.3677 -0.2580 0.0118
1.7210 -4.7407 0.0000
0.2740 3.5639 0.0000
0.1298 3.3367 0.0000
2.4353 1.7835 0.0005
1.9806 1.6149 0.0011
-3.7803 -4.2927 0.0000
-4.5043 -2.4467 0.0000
-3.7330 0.8248 0.0000
-3.7399 0.5312 0.0000
4.2727 -3.5144 0.0000
4.1575 -3.7471 0.0000
1.8619 4.4923 0.0000
-1.7298 4.7446 0.0000
-1.5691 4.5321 0.0000
-1.9106 4.5222 0.0000
-2.7421 2.1176 0.0000
-2.7201 1.8500 0.0002
-0.9525 2.6489 0.0000
2.1036 0.4381 0.0593
2.0821 0.2813 0.0743
1.9311 0.3531 0.0528
1.8653 0.1993 0.0552
-1.4270 0.5281 0.0772
-1.4811 0.4283 0.1126
-1.3869 0.4013 0.0868
-1.4577 0.3263 0.1224
-1.5527 0.3535 0.1587
-1.6077 0.2630 0.2091
-1.7064 0.2659 0.2745
-1.5162 0.2531 0.1604
-1.5806 0.1736 0.2085
-1.6721 0.1874 0.2682
-1.8555 0.1847 0.4230
-3.9411 3.7726 0.0000
2.1314 -0.5227 0.0519
2.0701 -0.7357 0.0281
1.9995 -0.9811 0.0112
4.7591 3.2746 0.0000
0.8072 1.1538 0.0009
0.8098 0.8703 0.0019
-1.1834 -3.5709 0.0000
-2.9682 -2.9535 0.0000
-3.2062 -3.1579 0.0000
0.3977 2.3131 0.0000
0.1117 2.3110 0.0000
0.2170 2.0607 0.0000
-0.1099 2.0540 0.0000
-2.9288 -3.7077 0.0000
-3.0451 -3.9667 0.0000
-2.8300 -4.7444 0.0000
-3.0568 -4.7430 0.0000
3.0278 4.7734 0.0000
2.9985 4.5316 0.0000
4.4633 1.3301 0.0000
-4.3630 3.4814 0.0000
-3.9787 -2.9867 0.0000
-0.3579 -3.2319 0.0000
-0.3690 -3.4959 0.0000
-4.4810 -3.2635 0.0000
-4.7435 -3.3745 0.0000
-4.2578 -2.2890 0.0000
-1.8186 1.1743 0.0287
1.7738 3.0649 0.0000
1.4975 2.9738 0.0000
0.7851 -3.1154 0.0000
0.4810 -3.1836 0.0000
0.3831 -3.4144 0.0000
-4.2676 1.0667 0.0000
-0.2825 2.5622 0.0000
-2.0180 1.3007 0.0233
-2.1436 1.1317 0.0632
-2.2109 1.0360 0.0981
-2.2988 1.0355 0.0967
-2.2796 0.9333 0.1429
3.5023 0.9068 0.0000
2.8751 -2.7515 0.0000
-0.3009 0.6829 0.0021
-3.4541 -0.4586 0.0000
-3.7228 -0.3314 0.0000
-0.7110 1.1116 0.0009
-0.9812 1.0440 0.0027
-0.7836 0.8421 0.0034
-0.8596 0.5992 0.0094
-1.0693 0.7698 0.0113
-1.2854 0.6739 0.0323
-0.8345 0.3776 0.0137
-1.0821 0.4975 0.0253
-1.2105 0.3165 0.0543
-1.2835 0.4729 0.0536
-0.6198 -0.1580 0.0096
-4.4917 2.1512 0.0000
-4.7505 2.0046 0.0000
3.5299 3.9811 0.0000
-2.5190 -2.6768 0.0000
-2.7112 -2.9110 0.0000
-0.8251 -0.6669 0.0057
-0.9225 -0.9230 0.0025
-4.7601 -2.3245 0.0000
-3.7573 -2.2525 0.0000
-3.9106 -1.3627 0.0000
-2.7895 3.3114 0.0000
1.2656 -4.3141 0.0000
1.1719 1.2833 0.0012
1.0692 1.0398 0.0018
1.0557 0.7555 0.0024
0.8096 0.5885 0.0020
-2.8453 2.8011 0.0000
-3.1532 2.7917 0.0000
2.4984 -3.1121 0.0000
2.2827 -3.2131 0.0000
2.2960 0.7477 0.0288
2.2677 0.5031 0.0557
2.1426 0.6372 0.0390
-4.5152 -4.7306 0.0000
-4.7406 -4.5247 0.0000
-4.7844 -4.7883 0.0000
-2.9757 0.8782 0.0077
-3.2209 0.7821 0.0005
1.5425 -0.8336 0.0060
3.6823 -3.9867 0.0000
3.5266 -4.2285 0.0000
1.6033 -2.9379 0.0000
1.8331 -3.1516 0.0000
1.7715 -3.4316 0.0000
3.9928 -3.5000 0.0000
3.8466 -3.7440 0.0000
3.5453 -3.7279 0.0000
-1.9270 2.0233 0.0002
-4.4924 -2.7226 0.0000
-3.2329 3.0619 0.0000
2.9449 -2.4669 0.0000
-4.7235 -1.1805 0.0000
0.8446 -1.5818 0.0000
-1.7761 -0.6565 0.1687
-1.8717 -0.6545 0.2087
-1.8829 -0.7610 0.1613
-1.9310 -0.8675 0.1271
-1.9623 -0.7028 0.2181
-1.9687 -0.7971 0.1690
-2.0067 -0.9094 0.1242
-2.1179 -1.1110 0.0628
-2.0544 -0.7452 0.2214
-2.1361 -0.8018 0.2027
-2.0475 -0.8364 0.1672
-2.1065 -0.9091 0.1396
-2.1879 -0.9620 0.1212
-2.0343 -0.9977 0.0928
-2.1274 -1.0076 0.0982
-2.2675 -0.9247 0.1393
-2.2495 -1.0405 0.0898
4.0129 -1.2116 0.0000
4.0342 -1.4598 0.0000
-4.5313 -1.8841 0.0000
-4.5172 -2.1664 0.0000
2.0429 -2.0017 0.0001
1.9759 -2.2767 0.0000
2.7193 2.2803 0.0000
2.4540 2.1921 0.0000
2.2979 2.0136 0.0001
2.1479 1.7999 0.0005
-1.4257 -1.5948 0.0003
-1.6930 -1.6175 0.0009
-1.8194 -1.8785 0.0002
3.7800 2.9522 0.0000
1.7156 4.7539 0.0000
1.7040 -0.1643 0.0372
1.5967 -0.3270 0.0227
1.4598 -0.5134 0.0107
1.3269 -0.7222 0.0043
-3.9650 2.4280 0.0000
0.8705 2.1787 0.0000
0.7874 1.9727 0.0000
0.5334 2.0589 0.0000
0.6485 1.7605 0.0000
0.4523 1.5493 0.0000
4.7563 -2.3538 0.0000
-0.1726 -2.7849 0.0000
-0.3393 -2.9706 0.0000
-3.4590 4.5189 0.0000
-0.6286 2.1682 0.0000
-1.3892 3.9849 0.0000
-2.1152 -0.3680 0.5212
-2.0930 -0.4808 0.4254
-2.1784 -0.4333 0.4910
-2.1880 -0.5246 0.4173
-2.1210 -0.5888 0.3504
-2.1383 -0.6929 0.2759
-2.2072 -0.7488 0.2445
-2.2555 -0.8159 0.2006
-2.2804 -0.4697 0.4635
-2.2676 -0.5680 0.3836
-2.2059 -0.6302 0.3330
-2.2643 -0.6907 0.2866
-2.3169 -0.7582 0.2330
-2.3233 -0.6340 0.3221
-2.3793 -0.7004 0.2587
-2.4068 -0.7913 0.1929
-2.4307 -0.8861 0.1368
1.7657 -2.0743 0.0000
1.5917 2.3390 0.0000
0.1188 -0.0461 0.0017
-0.1443 -0.3038 0.0016
0.3171 0.5613 0.0024
-0.2099 3.7615 0.0000
-2.5721 0.9823 0.0701
-2.5551 0.8763 0.1092
-2.6488 0.8246 0.0912
-2.4614 0.8399 0.1566
-2.5402 0.7824 0.1534
-2.6195 0.7339 0.1350
-2.6948 0.6981 0.1074
4.2051 -0.8489 0.0000
-3.7614 4.5151 0.0000
-3.9259 4.2646 0.0000
0.4651 -4.2946 0.0000
0.1802 -4.2729 0.0000
-0.0035 -4.5122 0.0000
-1.2917 1.6186 0.0003
-1.2292 1.2873 0.0019
-1.6102 1.2361 0.0109
-2.6396 -3.7173 0.0000
-2.7736 -3.9729 0.0000
-2.9439 -4.2228 0.0000
-1.4978 3.5473 0.0000
-4.5024 0.0548 0.0000
-4.7520 -0.1188 0.0000
-4.7462 -0.4081 0.0000
3.2187 -4.2194 0.0000
3.0761 -4.4731 0.0000
1.1127 -1.4593 0.0001
1.0834 -1.7394 0.0000
-0.1049 -0.8651 0.0002
0.1188 -1.0641 0.0001
-0.1576 -1.1682 0.0001
-2.9522 1.6432 0.0001
-3.2396 1.5670 0.0000
-3.4135 1.2733 0.0000
4.0304 2.1996 0.0000
3.7460 2.0861 0.0000
3.4935 2.2004 0.0000
-2.2516 2.8160 0.0000
4.7422 -4.2398 0.0000
4.7477 -4.5193 0.0000
4.7856 -4.7878 0.0000
4.5232 -4.7167 0.0000
-2.9858 1.9441 0.0000
-3.2341 1.8244 0.0000
-3.4868 1.8113 0.0000
3.1383 -3.4557 0.0000
4.2469 -2.7569 0.0000
-0.6284 -4.4896 0.0000
-0.7809 -4.7521 0.0000
3.8040 -4.7371 0.0000
-2.3102 1.1729 0.0522
-2.4546 1.0874 0.0630
-2.3727 0.9817 0.1115
-2.4596 0.9376 0.1134
-2.6557 1.1620 0.0222
-2.7439 0.9525 0.0352
-1.9775 -1.6223 0.0024
1.0267 -2.0207 0.0000
3.0971 -0.0819 0.0020
1.2296 3.0874 0.0000
-4.2252 -3.1310 0.0000
-4.4887 -3.5355 0.0000
4.7689 1.1063 0.0000
-3.7929 -1.9564 0.0000
-4.0189 -2.1241 0.0000
2.4070 -2.6502 0.0000
2.9316 2.0640 0.0000
2.6465 1.9923 0.0001
-1.5220 -1.8729 0.0000
-1.3167 -2.0634 0.0000
-1.4728 -2.2802 0.0000
-1.6568 -2.1134 0.0000
-1.4108 -2.5444 0.0000
-0.6325 -3.3556 0.0000
1.5519 4.5230 0.0000
1.2340 4.5147 0.0000
-3.7298 -2.8398 0.0000
-3.9724 -3.2777 0.0000
-0.3948 -4.2674 0.0000
-0.6045 -4.1972 0.0000
3.6263 -1.8792 0.0000
0.7326 -2.1071 0.0000
-4.4827 -2.9949 0.0000
-2.3644 4.7705 0.0000
-2.6744 4.7649 0.0000
-4.2356 2.2941 0.0000
-1.7863 0.6895 0.1558
-1.7848 0.6022 0.1918
-1.8754 0.6307 0.2226
-1.9609 0.5684 0.3023
-2.0597 0.5301 0.3784
-1.7575 0.5141 0.2156
-1.8558 0.5372 0.2611
-1.9139 0.4695 0.3350
-1.9938 0.4717 0.3846
-2.1649 0.4822 0.4534
-2.2347 0.4056 0.5242
-1.9971 0.3852 0.4438
-1.9647 0.3071 0.4661
-2.0719 0.3291 0.5288
-2.0333 0.2557 0.5465
-2.1002 0.2035 0.6173
-2.1571 0.1475 0.6687
-2.1554 0.0507 0.6921
-2.0815 0.4318 0.4620
-2.1542 0.3715 0.5372
-2.3142 0.3386 0.5616
-2.1460 0.2690 0.6042
-2.2297 0.3045 0.5991
-2.2221 0.2034 0.6591
-2.3101 0.2436 0.6240
-3.9504 2.7217 0.0000
0.3068 4.5387 0.0000
0.1687 4.2815 0.0000
0.2355 4.0521 0.0000
-0.0140 3.9952 0.0000
-3.3179 4.2809 0.0000
-2.6301 1.5917 0.0021
-2.4927 1.3344 0.0164
-2.7992 1.3851 0.0028
1.5303 0.6818 0.0090
1.6977 0.2724 0.0328
1.5101 0.4295 0.0147
1.2617 0.2846 0.0080
-0.3950 0.4170 0.0044
-0.6131 0.3239 0.0078
4.7542 1.7246 0.0000
4.4967 1.6047 0.0000
-3.2436 -2.8527 0.0000
-3.4766 -2.9904 0.0000
-3.7321 -3.1290 0.0000
-3.7159 -3.4269 0.0000
-0.1193 -4.2623 0.0000
-0.3112 -4.5081 0.0000
-0.4537 -1.5776 0.0000
-0.7211 -1.6916 0.0000
-0.9861 -1.8033 0.0000
-1.2297 -1.8021 0.0000
-3.4932 3.5593 0.0000
-0.7438 -0.4026 0.0097
2.3822 1.0008 0.0116
2.5261 0.7789 0.0189
3.6785 1.1653 0.0000
-4.2527 0.7947 0.0000
-4.2533 0.5092 0.0000
-1.3591 -2.8224 0.0000
-1.3516 -3.1151 0.0000
4.0268 2.8159 0.0000
3.7731 2.6759 0.0000
-4.4398 -1.3619 0.0000
-2.9594 3.0508 0.0000
2.4908 -0.5576 0.0364
2.2880 -0.6517 0.0389
2.4800 -0.7895 0.0200
2.2509 -0.8885 0.0191
-0.4686 3.2206 0.0000
-1.9514 -3.4085 0.0000
-2.1123 -3.1779 0.0000
-2.2018 -3.4778 0.0000
-0.0722 1.5032 0.0000
-0.3621 1.4600 0.0001
-0.1902 1.2269 0.0002
-0.4489 1.1744 0.0004
-3.5046 -3.8789 0.0000
1.9448 1.9538 0.0002
1.7806 1.7651 0.0004
0.5789 -1.7337 0.0000
0.5053 -2.0083 0.0000
2.7778 0.7654 0.0073
-1.3986 3.3246 0.0000
-3.6407 3.7918 0.0000
-3.7925 3.5380 0.0000
-2.3434 -4.2424 0.0000
-3.5042 -4.1887 0.0000
-0.4736 -4.7485 0.0000
4.7758 -2.9215 0.0000
4.7419 -3.2003 0.0000
4.0353 3.9786 0.0000
4.0064 3.7131 0.0000
3.8507 3.4904 0.0000
-3.4949 -2.3875 0.0000
3.4650 -0.5865 0.0000
3.1980 -0.6699 0.0004
3.7108 -1.0602 0.0000
3.4138 -0.8759 0.0000
3.4627 -1.1212 0.0000
3.1691 -0.9646 0.0003
1.9790 2.8090 0.0000
1.7704 2.5594 0.0000
1.2799 0.5624 0.0056
1.0410 0.4934 0.0030
0.7476 0.3586 0.0019
0.7832 0.0976 0.0023
3.5781 0.6317 0.0000
3.4609 0.3825 0.0000
2.7345 0.2064 0.0243
2.8132 -0.0305 0.0167
4.5096 2.5029 0.0000
4.2537 2.3602 0.0000
4.4916 -1.0803 0.0000
4.7611 -1.3929 0.0000
4.5163 -1.2949 0.0000
4.2659 2.6589 0.0000
-2.5103 -2.1951 0.0000
-2.6701 -2.4067 0.0000
2.8603 3.7652 0.0000
2.5360 3.6665 0.0000
2.5676 3.3550 0.0000
2.3131 3.2115 0.0000
-4.5067 0.3486 0.0000
2.8619 0.4351 0.0089
-4.5140 -4.0948 0.0000
-3.6440 3.3117 0.0000
-4.4902 1.2470 0.0000
-4.5140 0.9394 0.0000
-0.5713 -3.9325 0.0000
-0.8581 -4.2910 0.0000
-0.0854 -2.2276 0.0000
-0.0641 -2.5204 0.0000
-1.3439 2.3724 0.0000
-1.4713 2.1598 0.0000
3.9996 1.9212 0.0000
3.7399 1.7932 0.0000
-2.7851 0.7596 0.0542
2.7735 2.8991 0.0000
2.5276 2.7676 0.0000
2.2729 2.9319 0.0000
2.2613 2.6544 0.0000
2.0336 2.5103 0.0000
-4.2330 2.8772 0.0000
-4.2208 2.5857 0.0000
-4.4920 2.4541 0.0000
-2.3470 1.5781 0.0050
-2.2376 1.3534 0.0206
0.5027 0.3895 0.0020
-1.2731 -4.5242 0.0000
-1.4186 -4.7595 0.0000
3.5366 -1.3549 0.0000
3.2199 -1.2102 0.0001
2.9849 -1.3369 0.0003
3.2933 -1.4428 0.0000
3.2202 4.4677 0.0000
3.3908 -2.6619 0.0000
3.1256 -2.6636 0.0000
0.9463 1.3691 0.0005
-4.7452 4.5316 0.0000
1.8453 -3.9250 0.0000
1.7457 -4.2276 0.0000
1.4737 -4.1872 0.0000
4.2951 -1.7026 0.0000
4.1610 -1.9607 0.0000
4.2147 0.1534 0.0000
-2.4990 -0.8044 0.1559
-2.5229 -0.8958 0.1088
-2.6787 -0.9281 0.0558
-2.3869 -0.4515 0.4398
-2.3564 -0.5403 0.3855
-2.4187 -0.6170 0.3017
-2.4730 -0.7108 0.2163
-2.5612 -0.6952 0.1802
-2.5784 -0.7741 0.1369
-2.5995 -0.8522 0.0999
-2.4526 -0.5239 0.3476
-2.5531 -0.5290 0.2708
-2.5083 -0.6133 0.2547
-2.6052 -0.6071 0.1938
-2.6523 -0.6826 0.1345
-2.6583 -0.7671 0.1037
-2.9201 -0.9729 0.0101
0.2814 0.2088 0.0022
-4.2429 -2.5695 0.0000
-1.9880 1.1019 0.0595
-1.8833 0.9855 0.0775
-2.0113 0.9919 0.0973
-2.1038 1.0024 0.1053
-2.0175 0.9197 0.1276
-2.1053 0.9054 0.1492
-4.2714 -4.2618 0.0000
-4.5331 -4.3787 0.0000
-3.1032 1.3535 0.0002
-2.9169 1.1399 0.0042
-3.1926 1.0742 0.0002
-3.4575 0.9635 0.0000
-1.6222 -0.3390 0.2023
-1.7113 -0.3270 0.2609
-1.7152 -0.1463 0.3094
-1.6757 -0.2453 0.2591
-1.7651 -0.2214 0.3333
-1.7692 -0.4014 0.2727
-1.8447 -0.1991 0.4087
-1.8744 -0.2765 0.4058
-1.7907 -0.3006 0.3278
-1.8568 -0.3720 0.3475
-1.9483 -0.3419 0.4330
-1.7408 -0.4959 0.2176
-1.8094 -0.5682 0.2220
-2.0377 -0.3058 0.5196
-2.0234 -0.4056 0.4449
-1.8355 -0.4719 0.2832
-1.9052 -0.5415 0.2865
-1.9247 -0.4367 0.3605
-1.9894 -0.4963 0.3623
-1.9600 -0.6091 0.2733
-2.0344 -0.5620 0.3388
-2.0478 -0.6538 0.2793
1.2711 3.9379 0.0000
1.0351 3.8201 0.0000
0.9592 4.0632 0.0000
0.7373 3.9429 0.0000
0.7956 3.6840 0.0000
-1.4890 0.6597 0.0685
-1.5343 0.5316 0.1087
-1.5661 0.4550 0.1400
-1.6464 0.3414 0.2127
-1.6155 0.6742 0.0994
-1.6038 0.5838 0.1202
-1.6517 0.5040 0.1646
-1.6416 0.4154 0.1878
-1.6951 0.5864 0.1563
-1.7272 0.4296 0.2322
-1.8205 0.4384 0.2888
-1.7329 0.3495 0.2661
-1.8106 0.3459 0.3242
-1.7855 0.2513 0.3406
-1.9031 0.3805 0.3780
-1.8763 0.2814 0.4053
-1.9452 0.2149 0.4935
-2.0199 0.1584 0.5789
-2.6193 3.5643 0.0000
-2.9059 3.5646 0.0000
-3.0694 3.3123 0.0000
-2.9077 -3.2015 0.0000
-3.0581 -3.4477 0.0000
-3.2291 -3.7208 0.0000
1.2359 -2.2140 0.0000
1.1659 -2.4882 0.0000
0.8795 -2.5568 0.0000
-2.9720 0.6152 0.0184
-3.2188 0.5038 0.0012
-3.7385 -2.5457 0.0000
-3.9839 -2.6997 0.0000
-4.2323 -2.8495 0.0000
4.7493 -0.1842 0.0000
4.5068 -0.3161 0.0000
-3.7539 1.9595 0.0000
-4.2466 1.9947 0.0000
-0.7015 -1.4025 0.0001
-0.9568 -1.5234 0.0001
0.1359 0.4463 0.0028
-2.3200 0.4282 0.4922
-2.3978 0.3877 0.4836
-2.3975 0.2887 0.5481
-2.4835 0.2383 0.4940
-2.4715 0.4400 0.3929
-2.4794 0.3393 0.4473
-2.5612 0.3912 0.3372
-2.6552 0.3501 0.2553
-2.5625 0.2930 0.3807
-2.5728 0.1848 0.4058
-2.6435 0.2609 0.2963
-2.6311 0.0898 0.3476
-2.6741 0.1773 0.2794
-2.7149 0.0975 0.2412
3.8049 0.8406 0.0000
3.8027 0.5420 0.0000
0.8083 -1.8573 0.0000
-2.5670 2.3429 0.0000
-2.8408 2.4029 0.0000
-3.0078 2.2238 0.0000
-3.3513 3.3219 0.0000
3.7218 3.7483 0.0000
3.4198 3.7237 0.0000
-3.0093 4.2870 0.0000
-3.1738 4.0465 0.0000
-3.3358 3.8038 0.0000
0.6147 -1.4245 0.0000
4.3825 -2.0203 0.0000
4.0116 -2.2027 0.0000
-3.6313 -1.4887 0.0000
-3.8574 -1.6513 0.0000
-1.8700 -3.6476 0.0000
-2.0743 -3.7386 0.0000
-2.1981 -3.9903 0.0000
-2.3556 -3.7267 0.0000
-2.4894 -3.9824 0.0000
2.5732 0.3676 0.0415
2.5408 0.1757 0.0567
-1.9702 2.7917 0.0000
0.9164 1.6580 0.0001
0.7103 1.4685 0.0001
0.5472 1.2585 0.0003
0.5545 0.9659 0.0011
4.4755 -4.4183 0.0000
0.7234 2.8306 0.0000
2.8161 -1.9921 0.0000
4.7558 0.3505 0.0000
4.7360 0.0905 0.0000
0.5113 3.8221 0.0000
0.2875 3.8256 0.0000
0.0619 3.7335 0.0000
-0.9582 -4.5317 0.0000
-1.1034 -4.7635 0.0000
-1.3199 -0.6188 0.0432
1.1859 -0.4836 0.0048
3.5769 0.0695 0.0000
3.9866 1.6348 0.0000
3.7375 1.4942 0.0000
-2.1003 -1.9073 0.0003
-2.2227 -2.1730 0.0000
2.0259 3.9046 0.0000
1.7862 3.6831 0.0000
1.5293 3.7980 0.0000
-2.2829 -1.6863 0.0021
-2.5925 -1.6924 0.0011
-4.7849 4.7921 0.0000
2.4881 1.2675 0.0037
-1.6482 -2.7002 0.0000
-1.8501 -2.9292 0.0000
-1.8520 -3.1675 0.0000
-1.1045 3.9287 0.0000
-1.2910 3.7021 0.0000
-3.2510 2.1036 0.0000
-2.7309 0.2592 0.1998
-2.7760 0.1735 0.1678
-2.8064 0.0892 0.1461
-2.8690 0.0478 0.0971
-2.9917 0.0079 0.0349
-2.8237 -0.0278 0.1328
-2.8846 -0.0997 0.0854
2.4210 -0.0038 0.0814
2.3487 -0.1019 0.0886
2.2967 -0.1932 0.0874
2.2802 -0.3192 0.0768
0.4356 2.8370 0.0000
0.1507 2.8381 0.0000
-1.3904 -3.3988 0.0000
3.9533 -0.9888 0.0000
-0.5050 -1.8727 0.0000
4.7559 2.0375 0.0000
4.5098 1.8975 0.0000
4.2493 1.7644 0.0000
0.3689 -1.5433 0.0000
-0.3608 2.2216 0.0000
-0.4229 1.9509 0.0000
0.6250 -0.8624 0.0004
0.3861 -0.9697 0.0002
1.5677 1.8721 0.0002
1.4689 1.6417 0.0005
1.1825 1.5720 0.0003
4.1376 -2.4925 0.0000
4.2774 -1.4094 0.0000
4.4594 -3.8175 0.0000
4.2498 -3.9986 0.0000
-3.2269 -4.2654 0.0000
-3.9996 -3.8585 0.0000
-4.2561 -3.9772 0.0000
-3.9806 -3.5631 0.0000
1.9421 -1.5266 0.0010
1.8311 -1.7995 0.0002
1.5567 -1.8546 0.0001
1.2966 -1.9223 0.0000
0.5223 -2.5712 0.0000
0.2429 -2.5442 0.0000
0.3805 -2.8002 0.0000
0.2577 -3.0414 0.0000
-0.0137 -1.9717 0.0000
-0.2937 -2.0542 0.0000
1.0955 -4.7810 0.0000
0.6243 -3.8600 0.0000
0.3618 -4.0195 0.0000
0.0405 -4.0409 0.0000
-1.1898 2.1094 0.0000
-1.3655 1.8866 0.0001
-1.6573 1.9571 0.0001
-1.5851 1.6813 0.0006
0.7739 4.7741 0.0000
0.6302 4.5230 0.0000
-0.5500 -2.1713 0.0000
-0.8130 -2.2670 0.0000
-0.9634 -2.4333 0.0000
0.3517 -0.3582 0.0008
0.1259 -0.5438 0.0005
-3.5022 2.0644 0.0000
-4.7455 -2.8817 0.0000
0.6477 -1.1400 0.0002
0.3580 -1.2617 0.0001
-3.3146 -4.7535 0.0000
1.8872 2.2914 0.0000
1.7250 2.0847 0.0000
1.6788 4.2710 0.0000
1.4948 4.0690 0.0000
1.3821 4.3007 0.0000
1.1918 4.1620 0.0000
-4.2038 -4.7552 0.0000
1.3035 2.3610 0.0000
1.4214 2.1030 0.0000
1.2681 1.8443 0.0001
-3.2792 -4.0151 0.0000
2.9998 1.5151 0.0001
2.7729 1.4828 0.0007
2.7765 1.2491 0.0015
-4.2393 -3.6927 0.0000
-4.5009 -3.8121 0.0000
1.5481 -4.4779 0.0000
1.2642 -4.5919 0.0000
4.3043 -3.0256 0.0000
4.0410 -2.9905 0.0000
4.1602 -3.2606 0.0000
2.7306 4.1285 0.0000
2.6513 3.8998 0.0000
4.1886 -0.1060 0.0000
4.2631 -0.3483 0.0000
-0.5990 4.0398 0.0000
4.5146 2.8079 0.0000
-3.4419 -0.7425 0.0000
-1.0206 0.0261 0.0334
-1.1021 -0.1710 0.0414
-0.9960 -0.3617 0.0227
-1.0126 -0.5865 0.0148
-1.3348 -0.3906 0.0748
-1.3933 -0.4772 0.0789
-1.4632 -0.5512 0.0864
-1.1932 -0.4714 0.0383
-1.1494 -0.7568 0.0145
-0.3688 3.5258 0.0000
-0.6036 3.4310 0.0000
1.9918 0.7830 0.0212
1.9474 0.5566 0.0369
0.3539 1.8164 0.0000
0.1676 1.5840 0.0000
0.0474 1.8170 0.0000
-0.2254 1.7424 0.0000
-3.7095 -0.6184 0.0000
-3.6926 -0.9077 0.0000
-3.9370 -1.0707 0.0000
2.6720 -2.5610 0.0000
2.6313 -2.8576 0.0000
1.7517 0.6878 0.0170
1.7473 0.4655 0.0279
2.5871 -1.7977 0.0002
2.3265 -1.8936 0.0002
2.5339 -2.0821 0.0000
2.2559 -2.1782 0.0000
2.1881 -2.4631 0.0000
-0.7143 3.6533 0.0000
-0.8705 -3.1880 0.0000
4.7573 2.6542 0.0000
-1.9233 3.2987 0.0000
0.9453 -3.4400 0.0000
0.7042 -3.3497 0.0000
0.8487 -3.6658 0.0000
0.6061 -3.5685 0.0000
-1.3592 -3.8055 0.0000
-1.5777 -4.0122 0.0000
-1.7369 4.3485 0.0000
-1.9159 4.1736 0.0000
1.6737 2.7996 0.0000
1.4704 2.6075 0.0000
-2.4049 2.5791 0.0000
-2.6853 2.5990 0.0000
-3.9916 0.9711 0.0000
-3.9945 0.6740 0.0000
-2.6753 3.0613 0.0000
3.8004 4.0029 0.0000
-2.0323 0.8280 0.1751
-2.0292 0.7351 0.2268
-2.0539 0.6355 0.3002
-2.1093 0.7260 0.2548
-2.1303 0.5755 0.3699
-2.1647 0.6599 0.3127
-2.2176 0.5754 0.3847
-2.2675 0.4986 0.4467
-3.2502 -2.5364 0.0000
-3.4872 -2.6909 0.0000
-3.7386 0.2435 0.0000
-3.9937 0.0898 0.0000
-1.2321 4.5391 0.0000
3.7702 4.5070 0.0000
3.4914 4.4943 0.0000
3.6647 4.2484 0.0000
2.6977 -4.3883 0.0000
2.8337 -4.5629 0.0000
2.6735 -4.7762 0.0000
2.5208 -4.5993 0.0000
0.8555 2.5776 0.0000
0.5638 2.5769 0.0000
0.6848 2.3224 0.0000
3.7720 -1.3249 0.0000
3.7834 -1.6172 0.0000
-1.5937 -2.9750 0.0000
-1.6149 -3.2375 0.0000
-1.6966 -3.4592 0.0000
-1.7041 -1.1358 0.0230
-1.9237 -1.1062 0.0490
-1.8248 -1.3695 0.0090
-2.0291 -1.2868 0.0238
-2.1599 -1.4532 0.0104
3.1968 -2.0758 0.0000
-3.9273 3.2648 0.0000
4.2728 -4.7561 0.0000
4.0386 -4.7624 0.0000
-3.6960 1.1098 0.0000
-4.1558 1.2467 0.0000
-0.3512 -0.7254 0.0005
-0.3910 -1.0047 0.0002
-0.4243 -1.2927 0.0001
-1.8656 1.7442 0.0011
-1.7852 1.4536 0.0055
-2.0626 1.5501 0.0057
1.0830 -2.7398 0.0000
0.8775 -2.8937 0.0000
0.7079 -2.7260 0.0000
0.5762 -2.9437 0.0000
1.7056 1.5023 0.0013
1.4385 1.3792 0.0012
1.6824 1.2046 0.0030
1.3793 1.1127 0.0022
1.3075 0.8494 0.0031
3.0578 1.2272 0.0003
2.6430 1.0157 0.0060
4.5576 1.1366 0.0000
4.7416 -2.6437 0.0000
-3.5217 -2.0938 0.0000
-4.5088 0.6440 0.0000
1.9690 -3.6572 0.0000
1.6729 -3.6984 0.0000
1.5671 -3.9617 0.0000
1.2288 -4.0191 0.0000
2.4610 -2.3672 0.0000
-3.4243 -1.0287 0.0000
-3.1608 -1.1422 0.0004
-3.3993 -1.3182 0.0000
-4.7520 1.0971 0.0000
0.4699 4.7563 0.0000
0.0109 4.5180 0.0000
-0.6296 -0.8630 0.0008
3.2159 -2.9156 0.0000
0.5492 3.5870 0.0000
3.2112 2.2100 0.0000
3.2203 1.9494 0.0000
2.9664 1.7910 0.0001
-4.5147 4.7287 0.0000
-0.8965 3.4199 0.0000
-4.1589 -1.5163 0.0000
-2.7099 -1.1358 0.0202
-2.9183 -1.2748 0.0026
0.1564 4.7669 0.0000
-0.1472 4.7612 0.0000
0.9055 -0.4279 0.0023
4.5413 -3.0008 0.0000
3.3844 4.2237 0.0000
3.2427 3.9585 0.0000
3.8855 -1.9278 0.0000
3.7160 -2.1628 0.0000
1.1112 -0.2226 0.0053
-1.0528 4.3792 0.0000
-1.2187 4.1869 0.0000
-0.6076 -2.4657 0.0000
3.3609 1.1549 0.0000
3.1929 0.9292 0.0002
2.9219 0.9839 0.0018
4.6734 0.8335 0.0000
2.5839 0.0026 0.0521
2.6370 -0.2078 0.0385
2.4718 -0.1460 0.0699
2.3989 -0.2565 0.0735
4.7606 2.9631 0.0000
-0.5310 1.6815 0.0000
-0.6603 1.4008 0.0002
-0.8174 1.6274 0.0000
-1.0494 1.5280 0.0002
-0.9288 1.3049 0.0006
0.2875 -1.8056 0.0000
0.2204 -2.0579 0.0000
-4.7344 -0.9302 0.0000
3.5018 2.6994 0.0000
0.6779 -4.1328 0.0000
0.7717 -4.3876 0.0000
-2.3973 -1.9326 0.0003
-2.6727 -1.9929 0.0001
0.8719 -0.9517 0.0006
0.8819 -1.2957 0.0002
-0.8130 -2.6301 0.0000
-1.1117 -2.6742 0.0000
-1.1049 -2.9836 0.0000
-3.6016 4.7602 0.0000
4.7564 2.3464 0.0000
4.5085 2.2020 0.0000
3.3020 -3.1832 0.0000
1.3115 2.8182 0.0000
1.1554 2.6063 0.0000
2.3207 3.4945 0.0000
2.0835 3.3780 0.0000
2.0369 3.1085 0.0000
2.5687 4.7554 0.0000
2.2926 4.7397 0.0000
2.0168 4.7330 0.0000
4.2702 3.8588 0.0000
4.2520 3.5627 0.0000
-2.3636 -2.4316 0.0000
1.9105 -2.5602 0.0000
3.6283 2.4417 0.0000
3.3553 2.4505 0.0000
4.5313 -1.5663 0.0000
4.5323 -1.8537 0.0000
-0.1273 2.8161 0.0000
-1.1815 3.4353 0.0000
-3.9712 -0.4891 0.0000
-4.2326 -0.3593 0.0000
-4.0512 -4.4694 0.0000
-4.3383 -4.5300 0.0000
-3.6684 -1.1976 0.0000
2.3401 -4.7725 0.0000
2.7778 4.6721 0.0000
2.6806 4.4298 0.0000
2.4432 4.5112 0.0000
2.4628 4.2232 0.0000
-1.3722 0.0156 0.1160
-1.4419 -0.0465 0.1449
-1.4873 0.1596 0.1584
-1.5227 0.0860 0.1832
-1.4430 0.0559 0.1445
-1.6015 0.0079 0.2352
-1.5232 -0.0012 0.1866
-1.6416 -0.0743 0.2612
-1.5434 -0.0896 0.1957
-1.6187 -0.1660 0.2351
1.0284 3.2547 0.0000
0.8625 3.0800 0.0000
2.8516 -3.4193 0.0000
-3.2149 -0.0525 0.0024
-2.6305 0.5436 0.2041
-2.7167 0.5076 0.1497
-2.6419 0.4463 0.2336
-2.7383 0.4198 0.1564
-2.7882 0.6192 0.0785
-2.8033 0.5240 0.0884
-2.8358 0.4469 0.0826
-2.7471 0.3374 0.1680
-2.8226 0.3393 0.1068
-2.8242 0.2553 0.1166
-2.9139 0.1749 0.0648
3.0399 -3.2010 0.0000
3.2635 2.7541 0.0000
2.9995 2.7348 0.0000
2.7805 2.5806 0.0000
2.9771 2.3636 0.0000
4.2704 2.9619 0.0000
1.2823 3.6560 0.0000
1.2839 3.3770 0.0000
1.0230 3.5264 0.0000
2.0257 -4.7328 0.0000
-3.5296 -4.4597 0.0000
-3.7840 -4.5491 0.0000
-3.9153 -4.7633 0.0000
-1.3936 4.3605 0.0000
-2.5397 0.6866 0.1994
-2.6251 0.6401 0.1684
-2.7033 0.5997 0.1318
-0.7325 1.8962 0.0000
-0.9101 2.1190 0.0000
-1.0512 1.8345 0.0000
2.6027 -3.3446 0.0000
2.3770 -3.4376 0.0000
0.0506 1.2563 0.0002
-0.2137 0.9550 0.0008
1.7023 -2.3598 0.0000
1.6390 -2.6515 0.0000
-0.7624 3.1853 0.0000
-1.0579 3.1725 0.0000
-1.3103 3.0995 0.0000
3.4647 3.2158 0.0000
3.0278 2.9954 0.0000
3.2901 2.9854 0.0000
2.9049 4.3211 0.0000
-2.6352 -3.1775 0.0000
-3.3089 -4.5156 0.0000
-3.1392 -1.4402 0.0001
-3.3655 -1.6151 0.0000
-3.5789 -1.7891 0.0000
4.7556 3.8877 0.0000
4.5110 3.7174 0.0000
-4.0180 -4.1532 0.0000
-4.2119 4.7601 0.0000
-4.0563 4.5152 0.0000
-4.3441 4.5102 0.0000
4.7586 3.5819 0.0000
-0.4154 -0.3997 0.0032
-0.5683 -0.6037 0.0026
-2.9697 0.3673 0.0318
-3.1830 0.2186 0.0033
-3.4726 0.1035 0.0000
-3.4693 -0.1803 0.0000
-3.4800 0.6691 0.0000
-3.4744 0.3810 0.0000
2.9937 -2.1996 0.0000
-3.9070 4.7604 0.0000
-0.5918 2.9686 0.0000
-0.8735 2.9222 0.0000
3.9799 -3.9992 0.0000
3.8397 -4.2412 0.0000
0.7424 4.2574 0.0000
0.4466 4.3235 0.0000
0.4892 4.0837 0.0000
2.5044 2.4809 0.0000
2.2424 2.3543 0.0000
2.0933 2.1536 0.0001
-1.1961 -1.0134 0.0061
-4.4860 3.0196 0.0000
-4.4828 2.7366 0.0000
-1.9373 -2.6673 0.0000
-2.1184 -2.9330 0.0000
-4.7195 3.5331 0.0000
-4.7692 3.2587 0.0000
-4.7402 3.0009 0.0000
-4.7300 2.7565 0.0000
-4.2277 3.1991 0.0000
-4.5238 3.2883 0.0000
4.2662 2.0542 0.0000
2.9528 -0.5287 0.0041
2.9444 -0.8053 0.0023
2.9275 -1.0940 0.0011
2.7014 -0.9369 0.0060
-1.7150 4.0061 0.0000
-1.9570 3.9036 0.0000
2.6162 -3.6399 0.0000
2.2673 -3.6554 0.0000
2.1417 -3.9003 0.0000
0.0069 2.5784 0.0000
-2.1954 -0.8680 0.1691
-2.3365 -0.8614 0.1669
-2.3466 -0.9611 0.1164
-2.4391 -0.9776 0.0966
-2.5412 -1.0112 0.0669
-2.3754 -1.0725 0.0724
-2.4887 -1.1996 0.0332
-4.7586 0.7876 0.0000
-0.9764 -1.2348 0.0005
-1.1878 -1.5217 0.0002
3.1345 2.5275 0.0000
-0.9225 4.1478 0.0000
-1.0029 3.6732 0.0000
-2.4045 -2.9481 0.0000
0.1293 -3.5427 0.0000
0.3788 -3.7160 0.0000
1.0183 2.3732 0.0000
1.1334 2.1105 0.0000
1.0074 1.8742 0.0000
-0.5061 0.0947 0.0078
-0.7837 0.1007 0.0152
-0.8684 -0.1531 0.0187
3.2825 0.1533 0.0003
2.7298 -2.2779 0.0000
-4.2156 4.2673 0.0000
-4.4386 4.1815 0.0000
-4.6568 4.0264 0.0000
-4.7582 3.8284 0.0000
-4.7527 2.5386 0.0000
-4.7451 2.2860 0.0000
4.4141 0.9747 0.0000
4.3514 0.7172 0.0000
-2.0468 4.7551 0.0000
-2.2346 4.5430 0.0000
-2.5358 4.5294 0.0000
3.9724 -0.2814 0.0000
3.7658 -0.4943 0.0000
1.4234 -1.0660 0.0019
1.2393 -1.2621 0.0005
3.8740 -3.2359 0.0000
3.7073 -3.4821 0.0000
3.4199 -3.4607 0.0000
-0.2919 3.0241 0.0000
-0.4146 2.7709 0.0000
4.2422 -4.5229 0.0000
3.9743 -4.4949 0.0000
-3.7542 -4.0156 0.0000
-3.0489 -4.4953 0.0000
-2.2045 2.0644 0.0001
-2.1601 1.8105 0.0010
-2.4452 1.8332 0.0007
3.3788 -3.9739 0.0000
-0.5041 0.8892 0.0015
-0.5981 0.6071 0.0045
-2.0366 3.5497 0.0000
-2.2116 3.3083 0.0000
-2.3357 3.5510 0.0000
-2.5049 3.3106 0.0000
-2.3803 3.0673 0.0000
-0.9040 -3.4970 0.0000
3.2465 -3.7160 0.0000
3.8440 -2.4437 0.0000
3.9535 -2.7205 0.0000
3.6716 -2.6933 0.0000
3.7666 -2.9657 0.0000
3.4901 -2.9385 0.0000
-4.7468 -1.4401 0.0000
-3.9979 1.5256 0.0000
2.2489 1.5035 0.0019
1.9591 1.3545 0.0026
4.7502 -3.4341 0.0000
4.7467 -3.6882 0.0000
3.7502 3.2282 0.0000
3.5464 2.9498 0.0000
1.3784 -3.7655 0.0000
0.9078 -3.9494 0.0000
0.9858 -4.2052 0.0000
-3.7323 2.2516 0.0000
-3.9929 2.1284 0.0000
0.1597 -0.7892 0.0003
4.5215 3.1118 0.0000
0.0755 -1.3282 0.0000
0.1494 -1.5241 0.0000
-0.1684 -1.4779 0.0000
0.0359 -1.7115 0.0000
-0.2365 -1.7693 0.0000
-3.1090 -1.7344 0.0000
-3.3084 -1.9238 0.0000
0.5866 -4.5399 0.0000
0.2946 -4.5276 0.0000
2.6858 -1.2203 0.0024
2.4421 -1.3240 0.0030
2.1920 -1.4201 0.0022
2.3131 -1.6256 0.0008
3.1113 4.2142 0.0000
2.9629 3.9960 0.0000
2.9405 -3.6881 0.0000
2.7667 -3.9180 0.0000
2.5921 -4.1381 0.0000
4.5389 0.5331 0.0000
-2.1197 0.8105 0.2033
-2.2049 0.7583 0.2465
-2.1889 0.9569 0.1317
-2.1987 0.8636 0.1806
-2.2863 0.8334 0.1970
-2.2976 0.7432 0.2535
-2.2597 0.6642 0.3143
-2.3710 0.8850 0.1567
-2.3768 0.7872 0.2099
-2.4542 0.7363 0.2144
-2.3117 0.5835 0.3699
-2.3779 0.4944 0.4163
-2.3661 0.6787 0.2836
-2.4616 0.6397 0.2693
-2.5447 0.5885 0.2475
-2.3949 0.5865 0.3390
-2.4686 0.5353 0.3328
-2.5532 0.4890 0.2943
0.1426 -4.7619 0.0000
-0.1629 -4.7554 0.0000
4.5458 -2.2047 0.0000
4.2747 -2.2607 0.0000
2.7267 1.7421 0.0002
2.5283 1.5220 0.0012
1.2020 -0.9341 0.0015
1.0189 -0.7226 0.0017
-2.8650 4.0524 0.0000
-3.0334 3.8102 0.0000
-3.1957 3.5650 0.0000
0.4394 3.3324 0.0000
0.2891 3.0903 0.0000
3.4871 1.6638 0.0000
3.4988 1.3949 0.0000
3.2546 1.4243 0.0000
-1.7625 0.1577 0.3468
-1.6024 0.0918 0.2319
-1.6814 0.1018 0.2886
-1.7626 0.0531 0.3620
-1.8428 0.0889 0.4329
-1.6844 0.0135 0.2968
-1.8270 -0.0157 0.4240
-1.7420 -0.0537 0.3435
-1.8132 -0.1189 0.3998
-1.9024 -0.0802 0.4916
-1.9309 0.1201 0.5111
-1.9144 0.0213 0.5091
-2.0032 0.0579 0.5890
-1.9926 -0.0363 0.5819
-1.9926 -0.1319 0.5642
-1.9174 -0.1699 0.4846
-1.9560 -0.2445 0.4897
-2.0985 -0.1662 0.6314
-2.0828 0.0997 0.6436
-2.0863 -0.0003 0.6579
-2.0722 -0.0920 0.6377
-2.1605 -0.0649 0.6912
-2.1664 -0.1546 0.6675
-2.2470 -0.1139 0.6929
-2.2201 -0.2194 0.6476
-2.2866 -0.2915 0.5979
-2.0327 -0.2078 0.5687
-2.1225 -0.2556 0.5996
-2.1906 -0.3148 0.5840
-2.2422 -0.3801 0.5395
-2.3321 -0.3789 0.5209
-1.2132 -0.0199 0.0676
-1.3166 -0.0380 0.0966
-1.3678 -0.0994 0.1129
-1.4518 -0.1442 0.1449
-1.2729 -0.1535 0.0794
-1.3715 -0.1963 0.1084
-1.4633 -0.2530 0.1390
-1.2314 -0.2870 0.0592
-1.3613 -0.2800 0.0967
-1.4321 -0.3486 0.1129
-1.4795 -0.4271 0.1171
-1.5817 -0.4293 0.1592
-1.6418 -0.5117 0.1636
-1.5292 -0.1831 0.1793
-1.5749 -0.2583 0.1932
-1.5258 -0.3408 0.1530
-1.6771 -0.4205 0.2098
4.7699 -1.7122 0.0000
4.7480 -2.0281 0.0000
-1.0876 -3.7997 0.0000
4.2449 -1.1284 0.0000
1.0067 0.2744 0.0037
1.0449 0.0345 0.0048
0.8443 -0.1665 0.0026
0.6055 -0.1576 0.0015
3.6734 -4.4795 0.0000
3.5382 -4.7403 0.0000
3.3762 -4.4779 0.0000
3.2564 -4.7389 0.0000
2.9795 -4.7693 0.0000
-0.4498 4.7618 0.0000
-0.5797 4.5234 0.0000
-2.0984 4.3318 0.0000
-2.3913 4.2914 0.0000
-0.7588 4.7638 0.0000
-3.7500 3.0337 0.0000
-3.9973 2.9924 0.0000
4.0576 0.6354 0.0000
-2.4947 -0.1404 0.5143
-2.6074 -0.1781 0.3625
-2.2106 -0.0009 0.7099
-2.2768 -0.0277 0.7054
-2.3418 -0.0838 0.6702
-2.3177 -0.1841 0.6481
-2.4066 -0.1382 0.6073
-2.3655 -0.2573 0.5846
-2.4318 -0.2203 0.5519
-2.5217 -0.2106 0.4595
-2.5784 -0.2792 0.3662
-2.4791 -0.2986 0.4668
-2.6418 -0.3510 0.2685
-2.6689 -0.2548 0.2681
-2.7653 -0.2426 0.1691
-2.7313 -0.3269 0.1850
-2.7667 -0.3953 0.1393
-2.3945 -0.3293 0.5212
-2.4485 -0.3939 0.4382
-2.5066 -0.4534 0.3523
-2.5459 -0.3691 0.3620
-2.6067 -0.4457 0.2655
-2.6944 -0.4211 0.1936
-2.7123 -0.4895 0.1581
-2.7698 -0.5057 0.1132
-2.8237 -0.5841 0.0691
-2.8148 -0.4403 0.0972
-2.6485 -0.5256 0.1959
-2.7064 -0.5912 0.1320
-2.7501 -0.6827 0.0843
-2.7621 -0.8043 0.0554
-0.7853 2.4063 0.0000
-1.0586 2.3686 0.0000
4.5128 3.4211 0.0000
4.2829 3.2548 0.0000
-2.2250 4.0556 0.0000
-2.1671 3.7751 0.0000
-2.4406 3.8132 0.0000
-4.0017 1.8267 0.0000
4.2247 1.4761 0.0000
3.9644 1.3417 0.0000
-1.4780 1.4240 0.0022
2.3832 0.3740 0.0647
2.2333 0.3294 0.0764
2.4190 0.1070 0.0798
2.4061 0.2432 0.0739
2.2926 0.2138 0.0861
2.3160 0.1099 0.0910
2.2180 0.0929 0.0947
2.1705 -0.0049 0.0950
-4.7513 -3.6438 0.0000
-4.7578 -3.9295 0.0000
2.7097 -0.6712 0.0124
2.4636 -1.0486 0.0087
1.8094 3.3654 0.0000
1.3582 -2.7364 0.0000
1.3406 -3.0145 0.0000
1.1126 -2.9907 0.0000
1.0217 -3.2107 0.0000
-1.1581 2.8807 0.0000
-1.4127 2.7621 0.0000
-1.2238 2.5982 0.0000
1.5555 -3.2217 0.0000
1.4758 -3.4921 0.0000
1.2692 -3.2760 0.0000
1.1862 -3.5219 0.0000
1.0977 -3.7574 0.0000
-0.1533 2.3445 0.0000
-2.0628 -2.4207 0.0000
-2.2308 -2.6810 0.0000
-4.0804 3.4893 0.0000
-3.5908 -4.7451 0.0000
3.1547 0.4178 0.0010
2.9932 0.1818 0.0045
0.5669 0.6748 0.0021
4.7636 4.7601 0.0000
4.7478 4.4907 0.0000
4.4979 4.5580 0.0000
-4.5452 4.3859 0.0000
-4.7676 4.2351 0.0000
-3.2378 -2.2335 0.0000
-4.7562 1.7070 0.0000
-2.4941 -3.4598 0.0000
-2.7728 -3.4534 0.0000
1.5477 3.5155 0.0000
1.5295 3.2367 0.0000
-3.1795 -0.8576 0.0010
-4.2180 -0.6473 0.0000
-4.4564 -1.0785 0.0000
-3.4829 4.0372 0.0000
-3.7938 4.0248 0.0000
-0.0014 0.2058 0.0035
-0.1354 -0.0362 0.0035
-0.3646 -0.1229 0.0052
4.5082 4.2928 0.0000
4.4747 -0.8720 0.0000
0.6186 -0.4072 0.0012
0.7477 -0.6518 0.0010
0.4265 -0.6499 0.0005
2.4086 -4.3703 0.0000
2.2180 -4.5422 0.0000
2.0811 -4.3643 0.0000
1.8621 -4.4860 0.0000
3.2878 -1.7320 0.0000
3.0598 -1.8688 0.0000
-3.2938 4.7615 0.0000
-4.5163 -1.5994 0.0000
-0.1172 -3.8033 0.0000
0.1377 -3.8000 0.0000
-0.3672 -3.7530 0.0000
-0.2918 -4.0281 0.0000
0.2858 0.8088 0.0013
0.0071 0.7092 0.0015
1.0260 4.3480 0.0000
3.0711 -3.9586 0.0000
-1.6910 2.7662 0.0000
-1.5517 2.5060 0.0000
-1.7145 2.2604 0.0000
-1.8395 2.5255 0.0000
-2.0066 2.2913 0.0000
-1.4097 -0.8246 0.0319
-1.6244 -0.9121 0.0485
-1.4563 -1.0760 0.0127
1.4990 -2.1453 0.0000
1.4351 -2.4402 0.0000
4.7589 4.1895 0.0000
4.5039 4.0172 0.0000
-3.4592 2.3345 0.0000
-4.2284 -3.4112 0.0000
4.7504 -1.0858 0.0000
2.9785 -2.9553 0.0000
2.7722 -3.1097 0.0000
3.0126 0.6782 0.0021
-4.2532 1.7021 0.0000
-4.2686 1.4270 0.0000
-3.9556 -0.7795 0.0000
-2.5400 2.8292 0.0000
-2.8435 4.5263 0.0000
-3.1522 4.5232 0.0000
-0.6077 -3.0703 0.0000
-3.7471 1.6754 0.0000
-3.4778 1.5493 0.0000
-0.1175 4.2536 0.0000
-0.3076 4.0200 0.0000
-1.0621 -4.0347 0.0000
-1.3046 -4.0551 0.0000
2.2048 1.2120 0.0054
2.1396 0.9345 0.0152
1.9446 1.0928 0.0070
1.8036 0.9194 0.0096
1.5792 0.9396 0.0051
2.2037 4.1163 0.0000
2.4042 3.9483 0.0000
2.2476 3.7502 0.0000
0.9583 -2.2878 0.0000
0.6835 -2.3667 0.0000
0.4267 -2.2825 0.0000
3.3767 -0.1150 0.0001
3.5116 -0.3283 0.0000
3.2086 -0.3695 0.0006
3.7231 0.2958 0.0000
-2.8608 -1.8424 0.0001
-3.0410 -2.0428 0.0000
-2.3954 0.1922 0.5990
-2.4781 0.1418 0.5348
-2.5509 0.0855 0.4555
-2.2361 0.0932 0.7007
-2.3100 0.1475 0.6692
-2.3929 0.0933 0.6330
-2.3128 0.0454 0.6925
-2.3861 -0.0104 0.6483
-2.4709 0.0394 0.5616
-2.4657 -0.0560 0.5654
-2.5619 -0.0050 0.4466
-2.5627 -0.0940 0.4381
-2.6482 -0.0859 0.3253
-2.7445 0.0193 0.2113
-2.6520 0.0037 0.3249
-2.7363 -0.0684 0.2187
-2.7104 -0.1658 0.2384
1.4763 -1.3456 0.0007
1.3538 -1.6107 0.0001
1.0222 2.8663 0.0000
-0.2805 4.5126 0.0000
-0.4243 4.2748 0.0000
4.7274 -0.7875 0.0000
-3.6889 2.8007 0.0000
-3.6757 2.5420 0.0000
-0.4975 3.7792 0.0000
-0.8103 3.9015 0.0000
1.3998 4.7585 0.0000
1.0886 4.7499 0.0000
4.0082 2.5185 0.0000
3.8236 2.3423 0.0000
-1.2630 -1.2885 0.0016
-1.5361 -1.3504 0.0034
-4.7568 0.4826 0.0000
-4.3055 -1.7214 0.0000
-4.2775 -2.0069 0.0000
-3.7065 1.3944 0.0000
-3.9408 1.2477 0.0000
4.7391 1.4088 0.0000
4.2693 0.4378 0.0000
-2.3558 -3.2140 0.0000
4.2229 1.1809 0.0000
3.9418 1.0812 0.0000
3.2998 4.7355 0.0000
4.4874 0.2432 0.0000
4.4620 -0.0480 0.0000
-2.5524 4.0554 0.0000
-2.6998 4.2901 0.0000
-2.7348 3.8135 0.0000
-2.2670 -1.2256 0.0380
-2.4165 -1.4459 0.0096
-2.1872 -4.4933 0.0000
-2.0286 -4.7499 0.0000
-2.3212 -4.7482 0.0000
-2.4920 -4.4959 0.0000
-2.5953 -4.7495 0.0000
-3.6246 4.2726 0.0000
-0.0628 3.5076 0.0000
-0.2038 3.2927 0.0000
3.4534 -2.1791 0.0000
3.5543 -2.4280 0.0000
3.2419 -2.3861 0.0000
-0.3297 -2.3522 0.0000
3.0609 -1.5701 0.0001
2.8305 -1.6956 0.0002
0.3094 1.0878 0.0005
0.0539 0.9980 0.0005
4.4294 -0.6023 0.0000
4.4585 -2.4914 0.0000
4.5048 -2.7626 0.0000
-1.5536 4.1794 0.0000
-0.5050 2.4500 0.0000
3.4037 -1.9309 0.0000
2.4501 -3.8889 0.0000
2.2841 -4.1474 0.0000
1.9944 -4.1446 0.0000
2.6717 0.5619 0.0199
2.4402 0.5615 0.0410
3.4768 1.9357 0.0000
3.2404 1.6863 0.0000
-1.2170 0.9843 0.0080
-1.4157 0.8574 0.0283
-1.4298 1.1088 0.0105
-1.5903 0.7938 0.0647
-1.7029 0.7506 0.1048
-1.6984 0.6654 0.1304
-1.6583 0.9856 0.0409
-1.7217 0.8464 0.0825
-0.6241 -3.6341 0.0000
-0.8497 -3.7721 0.0000
-0.8321 -4.0318 0.0000
1.0487 -4.4584 0.0000
0.9078 -4.6197 0.0000
4.7913 0.6044 0.0000
-3.4453 2.8443 0.0000
-2.6651 -1.3973 0.0064
-2.8740 -1.5636 0.0007
-0.1338 0.4514 0.0029
-0.2815 0.1888 0.0047
-2.0926 3.0557 0.0000
-4.7536 -2.6108 0.0000
3.5890 -3.2126 0.0000
4.4633 -3.2817 0.0000
4.5088 -3.5576 0.0000
-2.7935 -2.6503 0.0000
-3.0254 -2.6962 0.0000
-4.7552 0.1797 0.0000
2.7579 -1.4561 0.0007
2.5349 -1.5504 0.0009
3.1173 3.7100 0.0000
3.0119 3.4626 0.0000
2.7732 3.5353 0.0000
2.8330 3.2170 0.0000
2.5542 3.0655 0.0000
-4.5127 1.5556 0.0000
-4.7514 1.3990 0.0000
-3.9975 0.3804 0.0000
-3.5031 3.0852 0.0000
-3.4919 -3.2675 0.0000
-3.3153 -3.4379 0.0000
-3.5045 -3.5993 0.0000
-3.7504 -3.7248 0.0000
-1.5146 -3.6179 0.0000
-1.6918 -3.7902 0.0000
-1.8945 -3.9785 0.0000
2.1257 -2.7445 0.0000
1.8655 -2.8526 0.0000
2.0235 3.6097 0.0000
-3.9972 -2.4128 0.0000
0.9050 4.5449 0.0000
-1.7264 3.4820 0.0000
2.1764 0.1959 0.0877
2.1040 0.1008 0.0884
2.0171 0.1749 0.0757
1.9368 0.0600 0.0696
2.0464 -0.0001 0.0844
1.9848 -0.1136 0.0744
1.8566 -0.0536 0.0585
1.8735 -0.2439 0.0536
-4.7664 -1.7299 0.0000
-4.7672 -2.0299 0.0000
-4.2027 -0.9358 0.0000
-4.1848 -1.2252 0.0000
1.4305 -4.7693 0.0000
-4.5024 1.8528 0.0000
0.5423 0.1153 0.0014
0.3593 -0.0976 0.0011
0.0929 -0.2876 0.0009
4.1007 -0.5592 0.0000
3.9144 -0.7460 0.0000
3.6650 -0.8003 0.0000
-2.9885 -2.4019 0.0000
0.7503 3.3679 0.0000
0.5857 3.0952 0.0000
