5.0000 5.0000 0.0000
0.0000 5.0000 0.0000
2.5000 5.0000 0.0000
3.7500 5.0000 0.0000
4.3750 5.0000 0.0000
4.6875 5.0000 0.0000
4.0625 5.0000 0.0000
3.1250 5.0000 0.0000
3.4375 5.0000 0.0000
2.8125 5.0000 0.0000
1.2500 5.0000 0.0000
1.8750 5.0000 0.0000
2.1875 5.0000 0.0000
1.5625 5.0000 0.0000
0.6250 5.0000 0.0000
0.9375 5.0000 0.0000
0.3125 5.0000 0.0000
-2.5000 5.0000 0.0000
-1.2500 5.0000 0.0000
-0.6250 5.0000 0.0000
-0.3125 5.0000 0.0000
-0.9375 5.0000 0.0000
-1.8750 5.0000 0.0000
-1.5625 5.0000 0.0000
-2.1875 5.0000 0.0000
-3.7500 5.0000 0.0000
-3.1250 5.0000 0.0000
-2.8125 5.0000 0.0000
-3.4375 5.0000 0.0000
-4.3750 5.0000 0.0000
-4.0625 5.0000 0.0000
-4.6875 5.0000 0.0000
5.0000 -5.0000 0.0000
5.0000 0.0000 0.0000
5.0000 -2.5000 0.0000
5.0000 -3.7500 0.0000
5.0000 -4.3750 0.0000
5.0000 -4.6875 0.0000
5.0000 -4.0625 0.0000
5.0000 -3.1250 0.0000
5.0000 -3.4375 0.0000
5.0000 -2.8125 0.0000
5.0000 -1.2500 0.0000
5.0000 -1.8750 0.0000
5.0000 -2.1875 0.0000
5.0000 -1.5625 0.0000
5.0000 -0.6250 0.0000
5.0000 -0.9375 0.0000
5.0000 -0.3125 0.0000
5.0000 2.5000 0.0000
5.0000 1.2500 0.0000
5.0000 0.6250 0.0000
5.0000 0.3125 0.0000
5.0000 0.9375 0.0000
5.0000 1.8750 0.0000
5.0000 1.5625 0.0000
5.0000 2.1875 0.0000
5.0000 3.7500 0.0000
5.0000 3.1250 0.0000
5.0000 2.8125 0.0000
5.0000 3.4375 0.0000
5.0000 4.3750 0.0000
5.0000 4.0625 0.0000
5.0000 4.6875 0.0000
-5.0000 -5.0000 0.0000
0.0000 -5.0000 0.0000
-2.5000 -5.0000 0.0000
-3.7500 -5.0000 0.0000
-4.3750 -5.0000 0.0000
-4.6875 -5.0000 0.0000
-4.0625 -5.0000 0.0000
-3.1250 -5.0000 0.0000
-3.4375 -5.0000 0.0000
-2.8125 -5.0000 0.0000
-1.2500 -5.0000 0.0000
-1.8750 -5.0000 0.0000
-2.1875 -5.0000 0.0000
-1.5625 -5.0000 0.0000
-0.6250 -5.0000 0.0000
-0.9375 -5.0000 0.0000
-0.3125 -5.0000 0.0000
2.5000 -5.0000 0.0000
1.2500 -5.0000 0.0000
0.6250 -5.0000 0.0000
0.3125 -5.0000 0.0000
0.9375 -5.0000 0.0000
1.8750 -5.0000 0.0000
1.5625 -5.0000 0.0000
2.1875 -5.0000 0.0000
3.7500 -5.0000 0.0000
3.1250 -5.0000 0.0000
2.8125 -5.0000 0.0000
3.4375 -5.0000 0.0000
4.3750 -5.0000 0.0000
4.0625 -5.0000 0.0000
4.6875 -5.0000 0.0000
-5.0000 5.0000 0.0000
-5.0000 0.0000 0.0000
-5.0000 2.5000 0.0000
-5.0000 3.7500 0.0000
-5.0000 4.3750 0.0000
-5.0000 4.6875 0.0000
-5.0000 4.0625 0.0000
-5.0000 3.1250 0.0000
-5.0000 3.4375 0.0000
-5.0000 2.8125 0.0000
-5.0000 1.2500 0.0000
-5.0000 1.8750 0.0000
-5.0000 2.1875 0.0000
-5.0000 1.5625 0.0000
-5.0000 0.6250 0.0000
-5.0000 0.9375 0.0000
-5.0000 0.3125 0.0000
-5.0000 -2.5000 0.0000
-5.0000 -1.2500 0.0000
-5.0000 -0.6250 0.0000
-5.0000 -0.3125 0.0000
-5.0000 -0.9375 0.0000
-5.0000 -1.8750 0.0000
-5.0000 -1.5625 0.0000
-5.0000 -2.1875 0.0000
-5.0000 -3.7500 0.0000
-5.0000 -3.1250 0.0000
-5.0000 -2.8125 0.0000
-5.0000 -3.4375 0.0000
-5.0000 -4.3750 0.0000
-5.0000 -4.0625 0.0000
-5.0000 -4.6875 0.0000
4.7566 -0.4858 0.0000
-1.0125 -2.7088 0.0000
3.6093 -2.6623 0.0000
-2.9672 2.7270 0.0000
-0.9033 1.1892 0.0010
3.2387 1.1401 0.0001
-4.4759 3.8182 0.0000
0.9765 -1.9335 0.0000
2.3135 -3.3963 0.0000
1.4660 -3.9260 0.0000
-3.0425 1.3721 0.0003
-1.4435 3.4767 0.0000
-0.6478 -4.0017 0.0000
-0.8213 -4.2365 0.0000
-1.6139 0.4181 0.1726
-1.7078 0.4192 0.2250
-1.4670 0.4868 0.0963
-1.5177 0.4159 0.1291
-1.6586 0.3319 0.2232
-1.4553 0.3525 0.1171
-1.5606 0.3336 0.1671
-1.6057 0.2451 0.2120
-1.7571 0.3315 0.2909
-1.8562 0.3274 0.3695
-1.8122 0.2486 0.3652
-1.7069 0.2496 0.2801
-1.6558 0.1649 0.2615
-1.7582 0.1731 0.3411
-1.5915 0.1074 0.2251
-1.6522 0.0475 0.2729
-1.7139 0.0936 0.3179
-1.9213 0.2391 0.4643
-1.9463 0.1332 0.5244
-2.0205 0.1955 0.5667
-1.8602 0.1676 0.4343
-1.8867 0.0654 0.4811
-1.8114 0.0971 0.4042
-1.7034 -0.0161 0.3154
-1.7760 0.0253 0.3784
-1.7874 -0.0666 0.3868
-1.8589 -0.0111 0.4582
-1.9189 -0.0669 0.5127
-1.9640 -0.1501 0.5366
-2.0357 0.0999 0.6107
-2.0633 0.0078 0.6438
-1.9660 0.0226 0.5611
-2.0122 -0.0703 0.5976
-2.1048 -0.0808 0.6628
-2.0576 -0.1649 0.6070
-2.1279 0.0772 0.6761
-2.1614 -0.0009 0.6981
-2.1976 -0.0783 0.6992
0.6932 -0.7110 0.0008
4.3109 0.1634 0.0000
-1.2091 1.0085 0.0072
-1.3860 0.8304 0.0283
-1.0739 2.5094 0.0000
-1.7037 -0.9278 0.0584
-2.0299 -1.3056 0.0204
-1.9482 -1.0964 0.0521
-2.0639 -1.0031 0.0935
-2.1281 -1.1209 0.0601
-2.2539 -1.2903 0.0271
-2.4364 -1.1771 0.0405
-2.4660 -1.4186 0.0105
3.5240 0.6137 0.0000
3.3408 2.1550 0.0000
2.3634 3.4004 0.0000
2.4818 3.1439 0.0000
2.1875 3.1847 0.0000
2.2921 2.9210 0.0000
1.9997 2.9743 0.0000
-2.0860 2.5233 0.0000
-2.2972 2.3676 0.0000
2.4219 0.6473 0.0349
2.1878 0.6113 0.0434
2.3442 0.4701 0.0582
2.2803 0.3169 0.0784
2.2349 0.1907 0.0908
-3.7217 -0.1800 0.0000
3.0189 -1.5795 0.0001
2.7193 -1.4607 0.0008
-0.3435 2.9099 0.0000
-0.3798 2.6513 0.0000
-3.9062 2.3186 0.0000
-4.0269 2.0500 0.0000
3.5338 -2.1498 0.0000
3.2686 -2.2574 0.0000
1.2938 2.6753 0.0000
1.0999 2.4811 0.0000
0.8330 2.5442 0.0000
1.1828 1.4410 0.0006
3.4643 1.8947 0.0000
3.5589 1.6161 0.0000
-3.7349 1.7949 0.0000
-3.9930 1.7909 0.0000
-4.2722 1.5511 0.0000
0.2247 4.7645 0.0000
0.2268 4.5323 0.0000
-4.0709 -2.3842 0.0000
-4.2623 -2.6191 0.0000
-4.4987 -2.7981 0.0000
-4.7500 -2.9610 0.0000
-3.2917 -3.0622 0.0000
-3.2879 -3.4193 0.0000
-1.7608 3.2244 0.0000
-1.6697 2.9560 0.0000
-1.9497 2.9976 0.0000
-1.8920 2.7417 0.0000
0.7139 -2.9997 0.0000
0.8583 -3.1593 0.0000
0.6795 -3.3240 0.0000
0.6431 -3.6099 0.0000
4.7382 2.5587 0.0000
4.4333 2.4342 0.0000
-3.4993 -1.0342 0.0000
4.5070 4.0869 0.0000
4.2490 3.9553 0.0000
4.2503 3.6843 0.0000
4.0061 3.6859 0.0000
-1.3696 -2.2632 0.0000
-1.1908 -2.4839 0.0000
-1.3086 -2.7555 0.0000
0.6863 1.5309 0.0001
4.2782 1.3682 0.0000
2.5405 3.6099 0.0000
-4.5005 2.7116 0.0000
-4.7466 2.8774 0.0000
-4.7483 2.5971 0.0000
3.4430 -4.4974 0.0000
3.2854 -4.7517 0.0000
-1.8670 3.9444 0.0000
-2.0362 3.7186 0.0000
-2.3403 3.7592 0.0000
3.6106 -0.6522 0.0000
0.7844 0.5450 0.0021
-3.2629 -3.7191 0.0000
3.3503 -0.1298 0.0001
3.0397 -0.0947 0.0033
3.1778 -0.3490 0.0008
2.8555 -0.8544 0.0036
-0.3418 1.8472 0.0000
4.5258 2.7179 0.0000
4.2575 2.6861 0.0000
4.0929 2.4582 0.0000
-3.8436 2.7920 0.0000
-4.5079 1.8577 0.0000
-4.7651 1.7148 0.0000
-4.5228 1.5896 0.0000
-4.7499 1.4022 0.0000
-1.2727 2.3059 0.0000
-1.4654 2.0975 0.0000
-1.3808 1.8137 0.0001
-1.1626 -1.8095 0.0000
-0.3878 -3.7201 0.0000
-0.6443 -3.4794 0.0000
-0.6239 -3.7342 0.0000
2.3280 -0.6194 0.0419
3.1108 0.4105 0.0015
2.9542 0.1925 0.0062
3.7617 1.3260 0.0000
3.7305 1.0779 0.0000
3.7276 0.8239 0.0000
1.6410 -0.4790 0.0201
1.4607 -0.7414 0.0061
-2.4930 3.9952 0.0000
-4.4902 -1.8910 0.0000
-4.7569 -2.0277 0.0000
-4.5260 -4.7494 0.0000
-1.9586 0.8174 0.1608
-2.0502 0.8284 0.1800
-2.0117 0.7382 0.2196
-2.1317 0.6788 0.2925
-2.1695 0.6048 0.3550
-2.0525 0.6576 0.2845
-2.0899 0.5762 0.3560
-2.2392 0.6504 0.3253
-2.2839 0.5730 0.3819
-2.1360 0.5037 0.4273
-2.2057 0.4361 0.4960
-2.2150 0.5319 0.4187
-2.3027 0.4750 0.4568
-2.2707 0.3745 0.5428
-2.3534 0.3892 0.5040
-2.4083 0.4670 0.4158
-2.3793 0.3044 0.5463
-2.4498 0.3789 0.4450
-2.4315 0.2178 0.5502
-2.4867 0.2947 0.4580
-2.8448 0.2808 0.0973
-2.6849 0.2641 0.2439
-2.7488 0.2025 0.1880
-2.8483 0.1869 0.1035
-2.6981 0.1249 0.2540
-2.7878 0.1134 0.1592
4.7536 1.0916 0.0000
2.1935 4.1715 0.0000
2.0535 3.9558 0.0000
1.1817 -2.1076 0.0000
0.3516 -0.0049 0.0013
0.5772 -2.0330 0.0000
0.3418 -2.0799 0.0000
1.8489 4.5253 0.0000
1.6914 4.2783 0.0000
-2.7789 -3.7193 0.0000
-3.0129 -3.8762 0.0000
1.8741 -2.6274 0.0000
1.6044 -2.7467 0.0000
1.3111 -3.1437 0.0000
-2.0019 0.4042 0.4354
-1.9487 0.4908 0.3453
-2.0447 0.4857 0.4036
-2.1121 0.4167 0.4867
-1.9482 0.3341 0.4396
-2.0115 0.2836 0.5163
-2.0689 0.3466 0.5156
-2.1770 0.3343 0.5693
-2.1052 0.2607 0.5899
-2.1143 0.1687 0.6408
-2.1975 0.2308 0.6398
-0.4150 1.0921 0.0006
-1.8120 2.4594 0.0000
-2.0148 2.2485 0.0000
-2.2171 2.0651 0.0001
-2.4217 1.8623 0.0006
-3.7646 -3.1850 0.0000
-3.6709 -3.4219 0.0000
-0.2059 0.9933 0.0007
4.2742 -2.2829 0.0000
4.0473 -2.4563 0.0000
-1.9248 4.1602 0.0000
-2.0903 4.2849 0.0000
-2.3000 4.1547 0.0000
-2.1508 3.9688 0.0000
-3.5389 0.7817 0.0000
0.3054 0.2685 0.0024
4.7480 -3.2712 0.0000
4.5263 -3.0964 0.0000
4.5485 -3.4422 0.0000
4.5089 -3.7244 0.0000
-2.2727 -4.4467 0.0000
-2.3302 -4.7233 0.0000
-2.6363 -4.7496 0.0000
-4.7573 2.3125 0.0000
-1.3418 2.5968 0.0000
-1.5428 2.3846 0.0000
-1.7427 2.1706 0.0000
4.7052 0.0832 0.0000
4.7455 -0.1868 0.0000
-4.2778 2.5647 0.0000
-4.4899 2.4080 0.0000
-1.8559 -0.1232 0.4428
-1.8840 -0.1984 0.4484
-1.9658 -0.2357 0.5051
-2.0227 -0.3333 0.4944
-2.1031 -0.3454 0.5323
-2.1702 -0.4197 0.4988
-2.2358 -0.4947 0.4433
-2.2998 -0.5674 0.3758
-2.3556 -0.6540 0.2945
-2.0430 -0.2504 0.5570
-2.1255 -0.2552 0.6017
-2.1945 -0.3285 0.5736
-2.2832 -0.3130 0.5816
-2.2660 -0.4057 0.5146
-2.3438 -0.4758 0.4372
-2.3995 -0.5711 0.3392
-2.4555 -0.6516 0.2563
-2.5133 -0.7450 0.1757
1.8168 -3.2251 0.0000
-3.9676 3.2370 0.0000
-4.2332 3.1205 0.0000
-2.0357 4.7491 0.0000
-1.8934 4.4878 0.0000
-2.2084 4.5121 0.0000
-0.4800 -4.7486 0.0000
-2.4195 -0.9060 0.1276
-2.5048 -0.9345 0.0969
-2.5144 -0.8681 0.1194
-2.6112 -0.8916 0.0816
4.7572 1.3937 0.0000
-2.3740 0.5538 0.3700
-2.4696 0.5454 0.3219
-2.5620 0.5342 0.2596
-2.5096 0.4546 0.3472
-2.6130 0.4418 0.2586
-2.5535 0.3671 0.3519
-2.6629 0.3529 0.2425
-2.5904 0.2807 0.3474
-2.7700 0.2896 0.1542
1.1393 -0.3681 0.0050
0.9201 -0.5422 0.0020
0.4803 -3.1349 0.0000
4.7528 4.5148 0.0000
-0.9752 3.5143 0.0000
-0.9109 3.2434 0.0000
-1.1659 3.0698 0.0000
0.4655 -1.7517 0.0000
0.2218 -1.8699 0.0000
-0.0092 -1.9472 0.0000
-0.1357 -2.2708 0.0000
-4.5282 0.8356 0.0000
-4.7656 0.7839 0.0000
-4.7641 0.5094 0.0000
-1.4366 -3.7741 0.0000
1.9670 -0.6342 0.0320
1.7339 -0.7002 0.0155
-3.7946 0.8629 0.0000
0.9930 2.0040 0.0000
-4.5094 4.3904 0.0000
-4.7536 4.2251 0.0000
-3.4531 -1.6769 0.0000
3.2625 -2.5326 0.0000
4.4925 3.2316 0.0000
-1.7709 -0.6689 0.1619
-1.7714 -0.7650 0.1242
-1.7860 -0.8421 0.1005
-1.8516 -0.7221 0.1686
-1.8669 -0.8160 0.1319
-2.0160 -0.8067 0.1756
-1.9470 -0.8651 0.1310
-1.8494 -0.9320 0.0846
-1.9449 -0.9727 0.0882
-2.0186 -0.9230 0.1197
-2.4446 -1.7094 0.0015
-2.6903 -1.8571 0.0002
-2.9426 -1.9683 0.0000
0.2747 0.8167 0.0012
-3.5126 4.2448 0.0000
-3.7545 4.2414 0.0000
-3.6939 3.9759 0.0000
-3.2717 0.2574 0.0008
-1.4096 -4.7627 0.0000
-4.7597 2.0139 0.0000
-1.0654 -3.2114 0.0000
-1.3143 -3.2669 0.0000
-1.1574 -3.5111 0.0000
-1.4105 -3.5339 0.0000
-2.2552 -4.1925 0.0000
-2.7801 0.0286 0.1704
-2.8099 -0.0433 0.1421
-2.8650 0.0604 0.0979
-2.9512 -0.0450 0.0496
-2.8201 -0.1225 0.1299
-2.8934 -0.1684 0.0758
-3.2380 3.7405 0.0000
1.8591 2.5093 0.0000
1.6591 2.3001 0.0000
1.4588 2.1169 0.0000
-1.0786 -2.2075 0.0000
4.7902 0.3039 0.0000
4.5251 0.3167 0.0000
-2.7920 2.9693 0.0000
-3.0864 2.9894 0.0000
-2.8624 2.4567 0.0000
4.5097 4.3842 0.0000
4.7545 -2.9521 0.0000
3.8622 2.3355 0.0000
3.5443 2.3939 0.0000
3.6502 2.1275 0.0000
-3.8632 -3.5646 0.0000
-4.0176 -3.7483 0.0000
-4.2793 -3.8526 0.0000
-3.1934 -1.8124 0.0000
-3.1752 -2.0947 0.0000
0.1780 -0.4402 0.0006
3.5105 -3.9940 0.0000
3.6068 -4.2427 0.0000
3.3030 -4.2428 0.0000
3.0169 -4.2465 0.0000
3.2559 4.3757 0.0000
3.2356 4.0996 0.0000
3.0129 3.9082 0.0000
-3.2549 -4.0037 0.0000
-3.3166 -4.2490 0.0000
-3.4719 -3.2495 0.0000
-3.5003 -3.5840 0.0000
2.3713 -2.6205 0.0000
2.1238 -2.6208 0.0000
2.1123 -2.8689 0.0000
2.0841 -3.1395 0.0000
-3.5040 0.0151 0.0000
3.5132 1.3676 0.0000
3.4849 1.1200 0.0000
-1.6151 1.3745 0.0050
-1.6626 1.1690 0.0180
-1.8570 1.1567 0.0347
-1.8408 0.9821 0.0709
-1.9118 0.8971 0.1138
-2.5299 0.2102 0.4452
-2.6319 0.1868 0.3245
-2.5625 0.1261 0.4270
-2.6219 0.0739 0.3559
-2.7029 0.0299 0.2553
-2.5216 0.0361 0.4928
-2.6139 -0.0178 0.3701
-2.7106 -0.0623 0.2447
-1.8395 -2.8945 0.0000
-2.0857 -3.0362 0.0000
-2.3406 -3.1276 0.0000
0.4157 -3.4282 0.0000
0.1489 -3.5236 0.0000
-0.1209 -3.6145 0.0000
-2.3568 1.5955 0.0044
-2.3761 1.2409 0.0361
-2.5203 1.4082 0.0100
3.4749 4.5370 0.0000
3.5035 4.2492 0.0000
3.4988 3.9697 0.0000
-3.0403 -2.6265 0.0000
-3.0710 -2.9161 0.0000
-1.4282 4.3498 0.0000
-1.7070 4.2582 0.0000
1.3575 -0.2780 0.0111
1.4189 -0.4964 0.0096
-0.3589 3.9643 0.0000
-0.5351 3.7089 0.0000
-0.4342 3.4126 0.0000
-0.7034 3.4549 0.0000
4.2815 -2.9857 0.0000
4.3648 -3.2804 0.0000
-0.3833 -4.0034 0.0000
-0.5087 -4.2572 0.0000
-0.6509 -4.4988 0.0000
-1.2767 -2.0199 0.0000
-0.5780 -0.7208 0.0015
-0.8141 -0.8570 0.0022
4.5076 1.2240 0.0000
0.9445 4.6380 0.0000
3.9806 -0.6794 0.0000
3.7702 -0.8358 0.0000
-1.6977 -1.7255 0.0004
-0.4912 0.8460 0.0018
-0.2534 0.7520 0.0016
-0.5026 0.5785 0.0039
1.6544 1.4100 0.0016
1.3930 1.2823 0.0015
1.3006 0.9719 0.0026
-0.9059 -2.4411 0.0000
-0.7269 -2.6833 0.0000
-0.8085 2.4109 0.0000
2.2218 -1.8485 0.0002
2.2375 -2.1294 0.0000
2.1295 -2.3763 0.0000
1.9024 -2.3362 0.0000
1.8525 -2.9206 0.0000
1.5808 -3.0365 0.0000
3.1408 -4.5025 0.0000
2.9750 -4.7535 0.0000
2.0608 1.0184 0.0106
1.8181 0.9511 0.0089
0.0333 -2.7591 0.0000
-1.8971 -2.2455 0.0000
-3.0948 -1.3039 0.0004
-3.1896 -1.5294 0.0000
1.4070 4.2636 0.0000
1.1311 4.2241 0.0000
1.2559 4.0071 0.0000
1.0312 3.8967 0.0000
-2.7574 -0.4120 0.1405
-2.7910 -0.4820 0.1028
-2.8155 -0.6020 0.0688
-0.2889 -1.1847 0.0001
-0.5582 -1.3161 0.0001
-2.9525 1.9181 0.0000
-4.4930 -4.0138 0.0000
1.2657 -4.4810 0.0000
0.0679 0.1002 0.0026
4.7576 -2.6511 0.0000
4.4894 -2.7806 0.0000
1.7116 4.7631 0.0000
1.4804 -1.6996 0.0001
1.2247 -1.8165 0.0000
-1.5797 1.6053 0.0011
-0.8747 -1.7061 0.0000
-0.9513 -1.9690 0.0000
4.4649 -0.0455 0.0000
4.2447 -0.2165 0.0000
-2.6013 -3.2509 0.0000
-2.8236 -3.4049 0.0000
-3.0358 -3.5675 0.0000
-0.8274 1.4531 0.0002
-1.0697 1.4737 0.0003
-0.0325 -4.4836 0.0000
-3.3694 -0.2293 0.0002
-3.0643 -0.2736 0.0141
-3.2906 -0.5053 0.0005
-3.5305 -0.6740 0.0000
-3.5686 -0.3811 0.0000
-3.7696 -0.5510 0.0000
-3.8975 -0.7537 0.0000
2.6164 -0.8996 0.0097
0.9717 -1.6587 0.0000
0.7438 -1.8477 0.0000
3.0424 3.2924 0.0000
3.2531 -3.9896 0.0000
3.0089 -3.9939 0.0000
-2.2332 0.0422 0.7082
-2.3527 -0.0787 0.6612
-2.4440 -0.1199 0.5717
-2.2708 -0.0336 0.7045
-2.1562 -0.1644 0.6605
-2.2658 -0.1394 0.6809
-2.3653 -0.1687 0.6251
-2.4402 -0.2192 0.5401
-2.5256 -0.1653 0.4642
-2.6066 -0.2130 0.3491
-2.2189 -0.2340 0.6385
-2.3068 -0.2239 0.6303
-2.3702 -0.2784 0.5659
-2.4459 -0.3193 0.4824
-2.5253 -0.2645 0.4288
-2.6104 -0.3090 0.3135
-2.5260 -0.3633 0.3808
-2.6060 -0.4062 0.2795
-2.6828 -0.4456 0.1929
-2.6940 -0.3508 0.2114
-2.6118 -0.5098 0.2289
-2.7114 -0.5235 0.1463
-0.0672 -0.3828 0.0009
-3.9283 -0.3767 0.0000
-4.1156 -0.5948 0.0000
0.4511 -0.8738 0.0003
-2.3013 -2.5420 0.0000
-2.5605 -2.6543 0.0000
-2.8115 -2.7877 0.0000
-3.4388 2.5338 0.0000
2.9573 4.7686 0.0000
0.1641 3.8334 0.0000
3.0187 1.5994 0.0001
0.4524 3.3371 0.0000
0.2839 3.0876 0.0000
-1.8169 -2.6000 0.0000
-2.0418 -2.4355 0.0000
-2.0724 -2.7303 0.0000
-2.3258 -2.8396 0.0000
-1.6585 1.8898 0.0002
-3.7004 -3.7532 0.0000
-3.8206 -3.9723 0.0000
-3.7952 -4.2448 0.0000
-4.0163 -4.2605 0.0000
-4.1106 -4.4925 0.0000
4.7535 3.3251 0.0000
-3.9968 -3.3638 0.0000
4.4945 0.9274 0.0000
4.4992 0.6258 0.0000
-2.5407 4.5503 0.0000
2.7323 1.4050 0.0011
-1.4637 3.1861 0.0000
-1.3973 2.8888 0.0000
-1.6119 2.6744 0.0000
4.0232 -0.9727 0.0000
1.0704 -3.2853 0.0000
0.8985 -3.4761 0.0000
4.2716 -1.1073 0.0000
-0.6503 0.0954 0.0105
-1.0855 -0.2182 0.0375
2.2838 -0.1202 0.0945
2.1946 -0.2009 0.0901
2.0853 -0.2489 0.0793
2.1978 -0.3357 0.0772
2.0629 -0.4096 0.0614
1.8801 -0.4731 0.0390
-4.2405 -4.7533 0.0000
1.9761 -1.4426 0.0016
-4.1359 -1.1950 0.0000
-1.0926 1.7422 0.0001
-0.0458 1.4596 0.0001
2.6501 3.3670 0.0000
0.2677 0.5441 0.0023
-4.0899 -4.0241 0.0000
-4.2852 -4.2164 0.0000
0.1513 -4.2868 0.0000
2.1427 0.2956 0.0784
2.1155 0.1754 0.0869
2.1879 0.0842 0.0960
2.0656 0.0795 0.0868
2.0229 -0.0282 0.0830
1.9631 0.1247 0.0721
1.8916 -0.0013 0.0644
1.9323 -0.1504 0.0673
-0.9578 4.4974 0.0000
-1.1269 4.2463 0.0000
2.6461 4.7688 0.0000
2.5217 4.5172 0.0000
2.3456 4.3735 0.0000
-2.2405 -1.8644 0.0005
-2.0810 -2.0609 0.0001
-2.2496 -2.2438 0.0000
-2.9285 1.6364 0.0002
-3.2896 4.7477 0.0000
-3.5869 4.7495 0.0000
-3.4202 4.4956 0.0000
-3.7227 4.4963 0.0000
-3.5067 -2.4721 0.0000
-3.6606 -2.6971 0.0000
-1.6961 -0.1083 0.3033
-1.6292 -0.1603 0.2465
-1.7027 -0.2144 0.2897
-1.7315 -0.2996 0.2873
-1.8126 -0.3450 0.3304
-1.8186 -0.4397 0.2910
-1.8278 -0.5311 0.2514
-1.8459 -0.6206 0.2154
-1.8990 -0.3847 0.3754
-1.9152 -0.4775 0.3324
-1.9277 -0.5669 0.2851
-1.9320 -0.6639 0.2293
-2.0197 -0.5139 0.3675
-2.0132 -0.6134 0.2944
-2.0209 -0.7080 0.2348
-1.9398 -0.7596 0.1797
-2.0989 -0.5888 0.3434
-2.1025 -0.6731 0.2816
-2.1058 -0.7643 0.2201
-2.0758 -0.8653 0.1564
-2.1648 -0.8400 0.1815
-2.2632 -0.8294 0.1898
-2.1271 -0.9379 0.1269
-2.2210 -0.9132 0.1440
-2.2862 -0.9788 0.1118
4.5074 3.7959 0.0000
4.5012 3.5057 0.0000
-1.2793 -0.5741 0.0410
-1.0578 -0.9789 0.0038
-1.2890 -0.8297 0.0192
-1.5071 -0.8662 0.0380
-1.3076 -1.0851 0.0065
-1.5513 -1.0646 0.0187
-1.5408 -1.2561 0.0065
-0.5954 -1.6133 0.0000
-3.5548 -2.9644 0.0000
-3.8411 -2.9067 0.0000
-4.0251 -3.0739 0.0000
-4.2527 -3.2356 0.0000
-2.5231 -4.4576 0.0000
3.5895 4.7781 0.0000
3.3024 4.7685 0.0000
-3.8031 0.1044 0.0000
2.5980 -3.0259 0.0000
2.5846 -3.3088 0.0000
3.4786 -0.4044 0.0000
3.2935 -0.5962 0.0002
0.8894 -3.7733 0.0000
1.9381 -0.8659 0.0152
1.6093 -0.9222 0.0055
1.5414 3.6141 0.0000
1.3372 3.4355 0.0000
3.3823 -2.7603 0.0000
0.6077 -3.8898 0.0000
0.3238 -4.0328 0.0000
0.1467 3.3361 0.0000
0.0161 3.5981 0.0000
-0.1457 3.3676 0.0000
-0.0006 4.7519 0.0000
-0.8646 -0.3110 0.0156
-1.0739 -0.4488 0.0253
3.9923 -2.9551 0.0000
4.1339 -3.2190 0.0000
-1.4447 -4.2728 0.0000
1.9732 -1.7330 0.0004
1.9700 -2.0481 0.0001
-1.6953 -2.3903 0.0000
2.3870 -2.3638 0.0000
-0.4697 2.3862 0.0000
-3.0038 -2.2903 0.0000
-3.2194 -2.4480 0.0000
-3.3372 -2.7417 0.0000
4.7602 -1.7178 0.0000
4.5190 -1.5642 0.0000
4.5175 -1.8706 0.0000
4.0263 -1.5682 0.0000
4.0201 -1.8654 0.0000
3.7752 -2.0235 0.0000
2.5015 -1.6806 0.0005
2.4787 -1.9448 0.0001
2.0006 -3.7311 0.0000
-2.9351 3.2345 0.0000
-2.1110 -3.3551 0.0000
-2.2767 -3.6502 0.0000
-2.3694 -3.3942 0.0000
-2.5666 -3.5651 0.0000
-1.7417 -4.2569 0.0000
-0.0817 -3.3317 0.0000
4.5170 -1.2564 0.0000
4.2763 -1.4135 0.0000
4.2724 -1.7129 0.0000
-2.0176 1.0775 0.0706
-2.0711 0.9685 0.1175
-1.9574 0.9911 0.0895
-2.0070 0.9085 0.1313
-2.1126 0.8845 0.1632
-2.1736 0.8303 0.2010
-2.2238 1.0226 0.1080
-2.1688 0.9545 0.1356
-2.2364 0.9016 0.1649
-2.1062 0.7635 0.2305
-2.2026 0.7367 0.2624
-2.2986 0.7266 0.2660
-2.2874 0.9708 0.1292
-2.3484 0.8894 0.1616
-2.2687 0.8159 0.2120
-2.3581 0.8007 0.2081
-2.3990 0.7231 0.2431
-2.3408 0.6451 0.3144
-2.4481 0.8197 0.1715
-2.4919 0.7203 0.2052
-2.4361 0.6350 0.2835
-2.5326 0.6272 0.2320
1.1155 4.7670 0.0000
1.2426 4.5090 0.0000
3.5254 3.0052 0.0000
3.4079 2.6367 0.0000
2.8841 2.4970 0.0000
2.6404 2.3765 0.0000
2.4807 2.1311 0.0001
2.2081 2.1605 0.0001
-2.7974 -4.5252 0.0000
-2.9550 -4.7478 0.0000
-1.0970 -4.7559 0.0000
-0.8203 1.7062 0.0000
-1.2266 3.6214 0.0000
-1.1983 3.3358 0.0000
0.4421 2.8534 0.0000
0.3453 2.5667 0.0000
0.0841 2.5434 0.0000
0.0527 2.2902 0.0000
-0.2081 2.3435 0.0000
-0.4103 2.1172 0.0000
-0.3106 1.3339 0.0001
-0.6076 1.2948 0.0003
-3.5641 -4.4268 0.0000
-3.4931 -4.7074 0.0000
-2.7928 3.4835 0.0000
3.7676 3.4980 0.0000
3.7164 3.2271 0.0000
-4.4792 3.2644 0.0000
-4.4794 2.9844 0.0000
-3.8229 -4.5131 0.0000
-3.9653 -4.7538 0.0000
3.4688 0.8746 0.0000
2.8459 -3.4713 0.0000
3.0074 -3.7388 0.0000
2.7547 -3.7493 0.0000
0.3741 -3.7240 0.0000
0.1108 -3.8128 0.0000
-0.1575 -3.8953 0.0000
0.0150 -4.0840 0.0000
1.7219 -1.8707 0.0001
1.6838 -2.1602 0.0000
1.4525 -1.9908 0.0000
1.4091 -2.2802 0.0000
-4.7676 -0.1521 0.0000
1.4816 -1.4073 0.0006
1.2341 -1.5344 0.0001
3.0199 -2.1218 0.0000
2.7188 -1.1587 0.0027
2.4733 -1.3780 0.0022
-2.5521 0.7936 0.1420
-2.6279 0.8593 0.0878
-2.5918 0.7066 0.1587
-2.6629 0.7758 0.0983
-2.6747 0.6790 0.1222
-2.6326 0.6071 0.1740
-2.7706 0.7272 0.0644
-2.6482 0.5197 0.1964
-2.7371 0.6017 0.1085
-2.7143 0.5214 0.1451
-2.8011 0.4938 0.0940
-2.7125 0.4348 0.1713
-2.7658 0.3657 0.1436
-2.8529 0.4042 0.0779
-2.0703 3.2416 0.0000
-2.3629 3.2290 0.0000
-2.2223 2.9888 0.0000
-2.4906 2.9387 0.0000
-2.6788 2.6992 0.0000
-0.3665 -2.3640 0.0000
0.7308 -0.9921 0.0004
0.5830 -2.5643 0.0000
0.5141 -2.8337 0.0000
0.2526 -2.9461 0.0000
0.1991 -3.2339 0.0000
-2.6097 -0.1109 0.3673
-2.6822 -0.1603 0.2678
-2.6962 -0.2529 0.2338
-2.7567 -0.1398 0.1875
-2.7684 -0.2135 0.1673
-2.7736 -0.3093 0.1477
-2.8282 -0.2368 0.1140
-2.8880 -0.3014 0.0700
-2.8266 -0.3747 0.0981
-2.9278 -0.4779 0.0392
-1.7732 -0.1576 0.3600
-1.7995 -0.2370 0.3612
-1.8699 -0.2852 0.4021
-1.9441 -0.3139 0.4484
-1.9877 -0.4138 0.4189
-2.0736 -0.4307 0.4556
-2.1312 -0.5053 0.4193
-2.1947 -0.5827 0.3682
-2.1783 -0.6714 0.2965
-2.2622 -0.6558 0.3103
-2.2033 -0.7503 0.2413
-2.3016 -0.7387 0.2452
-2.4075 -0.7347 0.2231
-2.3604 -0.8181 0.1848
-2.3268 -0.9034 0.1437
-2.3934 -1.0017 0.0930
-4.5207 -2.1758 0.0000
-4.7504 -2.3401 0.0000
-3.4031 0.5201 0.0000
-3.7065 0.5731 0.0000
1.3048 -4.1125 0.0000
1.0820 -4.2577 0.0000
4.7500 0.8022 0.0000
0.9930 -1.1052 0.0004
0.7405 -1.2918 0.0001
-4.3950 -0.4987 0.0000
-4.3635 -0.7696 0.0000
-4.7482 -3.8802 0.0000
-4.7661 -4.1836 0.0000
-0.0240 -3.0448 0.0000
4.7598 -1.4079 0.0000
-4.7396 3.6506 0.0000
-0.9991 2.2288 0.0000
-1.1869 2.0199 0.0000
3.9788 0.8109 0.0000
4.0137 0.5578 0.0000
-0.8764 2.9764 0.0000
0.9610 -4.5239 0.0000
0.7823 -4.7404 0.0000
-2.6922 1.9145 0.0001
-1.3807 -0.1464 0.1180
-1.2436 -0.2283 0.0684
-1.3519 -0.2287 0.1009
-1.4505 -0.2331 0.1386
-1.5379 -0.2834 0.1721
-1.2552 -0.3736 0.0578
-1.3784 -0.3146 0.1003
2.3363 4.7328 0.0000
2.1508 4.5121 0.0000
2.6027 1.8910 0.0002
2.2912 1.8697 0.0003
0.8675 1.7802 0.0000
-3.8732 -1.0571 0.0000
1.0287 0.9659 0.0020
1.0042 0.7334 0.0022
1.2612 0.7057 0.0039
1.0668 0.4655 0.0034
-3.5895 0.3005 0.0000
4.2692 0.4555 0.0000
2.8349 -4.5075 0.0000
2.6580 -4.7390 0.0000
-0.9492 4.0159 0.0000
-1.2576 3.9715 0.0000
-3.4601 1.7994 0.0000
-3.5033 1.5750 0.0000
-3.7514 1.5311 0.0000
-3.8746 1.2592 0.0000
-0.3217 3.1439 0.0000
-0.6127 3.1560 0.0000
-0.6040 2.8699 0.0000
-0.8619 2.7017 0.0000
4.2003 2.2315 0.0000
3.9582 2.0811 0.0000
3.7438 1.8576 0.0000
4.0118 1.7947 0.0000
3.8060 1.5720 0.0000
0.0003 0.6625 0.0017
0.0325 0.3803 0.0032
-0.2416 0.4744 0.0031
1.7967 2.7811 0.0000
1.5819 2.5887 0.0000
1.3818 2.3976 0.0000
1.1786 2.2095 0.0000
0.1031 -2.1778 0.0000
0.0863 -2.4652 0.0000
-0.1764 -2.5694 0.0000
-3.0428 2.2117 0.0000
0.3961 -0.2905 0.0009
0.8784 4.1341 0.0000
0.7397 3.8671 0.0000
2.3024 3.9134 0.0000
2.2710 3.6740 0.0000
2.0040 3.7314 0.0000
-1.9969 -3.6893 0.0000
-2.1988 -3.9376 0.0000
-3.2780 1.4811 0.0000
3.8610 -3.2065 0.0000
-3.7254 2.5525 0.0000
2.4521 -0.0642 0.0775
2.3927 -0.1690 0.0823
2.3030 -0.2526 0.0843
4.2450 3.4226 0.0000
-0.5681 -3.2155 0.0000
-0.8042 -3.1866 0.0000
-2.4979 -4.1609 0.0000
-4.0057 -1.8985 0.0000
-4.2263 -2.0765 0.0000
-4.3301 -2.3412 0.0000
-4.7510 -0.4475 0.0000
4.7283 2.2970 0.0000
4.7488 2.0079 0.0000
3.4196 -0.8123 0.0000
3.2970 -1.0932 0.0000
-2.7867 4.4610 0.0000
-3.2309 4.2549 0.0000
-3.0930 3.9905 0.0000
2.9010 -0.3508 0.0076
-3.9885 0.6752 0.0000
-3.9017 0.3825 0.0000
0.9699 4.4247 0.0000
0.7112 4.3940 0.0000
0.6025 2.6270 0.0000
0.5944 2.3391 0.0000
0.3079 2.3035 0.0000
0.4371 2.0674 0.0000
0.1470 2.0188 0.0000
0.3045 1.8148 0.0000
0.1329 1.6350 0.0000
1.9821 -1.1718 0.0053
1.7953 -1.0266 0.0063
1.7220 -1.2737 0.0020
-3.6152 2.3005 0.0000
-3.7676 2.0483 0.0000
-1.0781 3.7909 0.0000
-1.4447 3.7728 0.0000
-3.2302 1.9919 0.0000
-3.1874 1.7120 0.0000
-3.1009 1.0018 0.0011
-3.2561 0.7744 0.0003
-2.9734 0.7713 0.0115
-3.0982 0.5027 0.0062
-2.1706 2.7619 0.0000
-2.3933 2.6539 0.0000
-2.5805 2.4212 0.0000
-0.3290 -1.5048 0.0000
-0.3669 -1.8122 0.0000
2.4661 1.6290 0.0009
2.4824 1.3799 0.0024
-1.4154 4.7359 0.0000
-1.5937 4.5181 0.0000
0.8720 -2.1715 0.0000
-2.8345 4.6805 0.0000
3.4441 -2.9899 0.0000
-2.4892 -3.8686 0.0000
1.4188 0.1836 0.0148
1.1283 0.1812 0.0058
0.8579 0.0277 0.0027
3.2873 2.8715 0.0000
3.1064 2.6604 0.0000
1.8923 -4.5347 0.0000
1.7249 -4.7652 0.0000
-1.6158 -1.4732 0.0021
1.7288 -3.8055 0.0000
-0.0288 3.0869 0.0000
-4.4929 4.0999 0.0000
-4.7455 3.9334 0.0000
-3.4996 3.2119 0.0000
-3.7175 3.0541 0.0000
3.7737 -1.7156 0.0000
3.5299 -1.8515 0.0000
3.2820 -1.9808 0.0000
4.2998 -4.5058 0.0000
4.2051 -4.7520 0.0000
3.8978 -4.7526 0.0000
2.6682 0.6555 0.0166
4.2686 -3.5265 0.0000
3.9882 -3.7321 0.0000
3.7895 -3.9800 0.0000
4.7491 0.5319 0.0000
3.7921 -1.1388 0.0000
3.7772 -1.4241 0.0000
-4.5502 0.0240 0.0000
-3.4196 -1.3689 0.0000
-3.6891 -1.5345 0.0000
1.1809 3.6650 0.0000
1.0332 3.4104 0.0000
0.9182 3.0832 0.0000
0.8861 3.6328 0.0000
0.6034 3.5910 0.0000
0.7669 3.3420 0.0000
0.6017 3.0996 0.0000
0.7414 2.8551 0.0000
1.1236 -2.3791 0.0000
0.8561 -2.4722 0.0000
0.8185 -2.7668 0.0000
-0.2431 1.6074 0.0000
-0.5372 1.5899 0.0000
3.1026 -2.7329 0.0000
3.3181 -3.2473 0.0000
3.1542 -3.4898 0.0000
1.7782 -0.2994 0.0402
-4.4902 -3.0918 0.0000
-4.7455 -3.2652 0.0000
2.1703 0.4410 0.0632
2.0109 0.3988 0.0570
2.0014 0.2414 0.0701
-3.2578 2.7505 0.0000
-3.1453 2.4887 0.0000
-3.3258 2.2671 0.0000
-3.5081 2.0470 0.0000
0.1643 -0.6861 0.0004
-0.0831 -0.6366 0.0004
-1.7215 -3.7590 0.0000
-1.9104 -3.9855 0.0000
1.7356 3.8062 0.0000
1.3906 3.7926 0.0000
3.0546 3.0002 0.0000
2.8703 2.8113 0.0000
2.6447 2.6320 0.0000
-2.2774 0.2875 0.6032
-2.3384 0.2187 0.6202
-2.4727 0.1311 0.5375
-2.2713 0.1756 0.6661
-2.3744 0.1361 0.6311
-2.2010 0.1249 0.6876
-2.3026 0.0928 0.6850
-2.3442 0.0186 0.6742
-2.4202 0.0604 0.6082
-2.4372 -0.0267 0.5940
-2.5258 -0.0644 0.4846
4.7570 1.7032 0.0000
4.5179 1.5329 0.0000
-4.1928 4.7613 0.0000
-4.2702 4.5080 0.0000
-4.4983 4.7139 0.0000
-4.7503 4.5186 0.0000
-4.5015 -3.7003 0.0000
3.0213 -2.4135 0.0000
2.2977 0.0842 0.0950
2.2383 -0.0136 0.0984
2.1329 -0.0106 0.0946
2.1682 -0.1016 0.0949
2.0662 -0.1354 0.0851
1.9488 -0.2872 0.0613
-3.3877 4.0076 0.0000
-0.6292 2.5823 0.0000
-0.3017 -3.1388 0.0000
-0.3668 -3.4395 0.0000
2.6907 0.2407 0.0305
2.5122 0.2023 0.0620
2.5908 0.0397 0.0518
2.4234 0.0740 0.0818
2.3423 -0.0265 0.0930
-4.7879 -4.7788 0.0000
-3.3091 -0.8244 0.0002
-3.0383 -0.9408 0.0038
-3.2589 -1.1289 0.0001
4.7782 4.7838 0.0000
4.5100 4.7074 0.0000
-2.7654 -4.2790 0.0000
4.7599 -0.7933 0.0000
-1.9836 -1.7716 0.0007
-4.0069 -0.0973 0.0000
3.1434 4.6161 0.0000
3.0011 4.4136 0.0000
2.8102 4.5457 0.0000
-0.9526 -4.5027 0.0000
-4.4912 -3.4041 0.0000
-4.7510 -3.5713 0.0000
0.4193 -0.5982 0.0006
4.0168 -3.4727 0.0000
3.7407 -3.4743 0.0000
-3.0494 -4.4626 0.0000
3.9566 2.6911 0.0000
3.7501 2.5682 0.0000
3.2708 3.7879 0.0000
3.2528 3.4799 0.0000
2.9888 1.3121 0.0004
2.7508 1.1486 0.0026
2.5247 1.1410 0.0055
2.5000 0.8858 0.0144
2.2526 0.8280 0.0233
-3.5417 1.3015 0.0000
-3.6962 1.0718 0.0000
3.4592 -3.4987 0.0000
3.2702 -3.7439 0.0000
1.5592 0.8753 0.0058
2.0111 0.7723 0.0233
1.7615 0.6951 0.0172
1.7749 0.4809 0.0293
1.5064 0.6442 0.0092
1.5775 0.4317 0.0182
1.3296 0.4167 0.0083
2.5887 2.8954 0.0000
2.3828 2.6558 0.0000
2.0973 2.6988 0.0000
2.1256 2.4348 0.0000
3.9332 -0.2007 0.0000
3.8228 0.0622 0.0000
3.6476 -0.1765 0.0000
3.5317 0.0963 0.0000
-4.2913 -0.0396 0.0000
-0.8243 -2.9477 0.0000
-1.0950 -2.9723 0.0000
-3.2262 3.2480 0.0000
-3.3768 2.9973 0.0000
-0.5909 -0.4200 0.0053
-0.8286 -0.5737 0.0083
-1.0649 -0.7044 0.0125
4.0332 -1.2734 0.0000
4.5091 -0.9493 0.0000
3.8790 -2.6770 0.0000
3.7057 -2.9331 0.0000
1.5489 -3.3300 0.0000
1.2870 -3.4417 0.0000
1.1101 -3.6128 0.0000
3.0261 -1.8508 0.0000
-1.7934 -1.9931 0.0000
3.1420 -0.8476 0.0005
3.0202 -1.1002 0.0006
-1.5950 0.8358 0.0578
-1.6306 0.6963 0.0989
2.9502 -1.3408 0.0004
4.4803 2.1372 0.0000
4.5079 1.8401 0.0000
4.2419 1.9591 0.0000
0.6473 -0.4254 0.0012
2.3796 2.4059 0.0000
1.9249 2.2256 0.0000
-4.1688 1.2768 0.0000
-4.3567 1.0521 0.0000
-4.4710 1.3092 0.0000
-4.7042 1.0919 0.0000
-4.4692 3.5440 0.0000
-2.7698 2.1822 0.0000
0.1327 -4.7571 0.0000
3.2232 0.8706 0.0002
-0.3377 -4.4959 0.0000
-4.2846 2.0593 0.0000
-4.5139 2.1474 0.0000
3.5240 -1.2756 0.0000
3.5162 -1.5541 0.0000
-2.2152 3.4902 0.0000
-2.5002 3.4889 0.0000
-3.7959 -2.4347 0.0000
-3.9851 -2.6871 0.0000
-4.2204 -2.9074 0.0000
-1.4797 -2.5081 0.0000
-1.5852 -2.7512 0.0000
-0.4839 -2.1256 0.0000
-0.6265 -2.4098 0.0000
2.5638 0.4397 0.0390
2.4326 0.3254 0.0653
2.3578 0.1946 0.0844
-1.1038 4.7536 0.0000
-1.2510 4.5059 0.0000
1.4959 -3.6239 0.0000
-2.6428 3.2189 0.0000
3.4789 3.3028 0.0000
3.2887 3.1683 0.0000
-0.9676 0.9102 0.0047
-3.7053 -4.7529 0.0000
1.6371 -2.4555 0.0000
1.3630 -2.5666 0.0000
1.0904 -2.6720 0.0000
1.3296 -2.8572 0.0000
1.0502 -2.9684 0.0000
-0.6988 1.0152 0.0014
-1.1363 -4.2739 0.0000
-1.2599 -4.5177 0.0000
0.2780 -4.5392 0.0000
-0.1663 -0.0954 0.0034
4.7567 4.2207 0.0000
-1.5159 0.6953 0.0684
-1.6153 0.6018 0.1199
-1.5171 0.5769 0.0932
-1.5689 0.5009 0.1295
-1.6592 0.5104 0.1666
-1.7080 0.5987 0.1585
3.2417 -1.3785 0.0000
4.2647 4.5066 0.0000
4.2520 4.2310 0.0000
4.0033 4.2334 0.0000
3.7512 4.1030 0.0000
-1.4421 -0.6798 0.0568
-1.7855 -1.2414 0.0169
-1.8922 -1.5082 0.0042
-2.1908 -1.5505 0.0052
-1.7137 0.7759 0.1011
-1.7043 0.6876 0.1261
-1.6847 0.9780 0.0458
-1.7728 0.8634 0.0905
-1.8621 0.8303 0.1264
-1.8060 0.7558 0.1377
-1.9026 0.7417 0.1789
-1.7815 0.6773 0.1598
-1.8636 0.6626 0.2019
-1.8025 0.5870 0.2086
-1.9013 0.5769 0.2662
-1.9564 0.6593 0.2451
-1.9971 0.5731 0.3184
-1.1243 2.7942 0.0000
-3.2482 1.2017 0.0000
-3.4293 1.0144 0.0000
4.0212 4.4971 0.0000
3.7473 4.4103 0.0000
0.5902 4.1066 0.0000
0.4552 3.8384 0.0000
0.3083 3.5836 0.0000
1.4844 -1.1151 0.0019
1.2383 -1.2419 0.0005
0.9869 -1.3920 0.0001
1.9402 -4.0209 0.0000
-4.1955 3.7035 0.0000
4.0016 3.9570 0.0000
3.7446 3.7957 0.0000
3.5015 3.6943 0.0000
3.5257 3.5016 0.0000
-0.1969 0.2057 0.0043
-0.4081 0.0590 0.0061
-0.4973 0.3099 0.0063
-0.4567 -0.1672 0.0059
-0.6923 -0.1323 0.0116
-1.1532 -3.7716 0.0000
-1.3081 -4.0270 0.0000
-1.6019 -4.0164 0.0000
2.7723 -1.7155 0.0002
2.7546 -1.9798 0.0000
-4.2168 2.8250 0.0000
-0.0841 -0.8878 0.0002
-0.3217 -0.8907 0.0002
2.2938 1.0862 0.0092
2.2398 1.3261 0.0036
2.0106 1.2454 0.0043
2.6260 -2.7586 0.0000
-0.5088 4.7460 0.0000
-0.8015 4.7494 0.0000
-0.6579 4.4932 0.0000
-0.8093 4.2495 0.0000
1.4072 4.7587 0.0000
-1.4697 -0.3449 0.1302
-1.3959 -0.4318 0.0884
-1.5114 -0.4375 0.1289
-1.5583 -0.5167 0.1284
-1.6299 -0.4445 0.1800
-1.4551 -0.5380 0.0874
-1.5625 -0.6093 0.1055
-1.6490 -0.5424 0.1583
-1.5438 -0.1937 0.1892
-1.5678 -0.3653 0.1702
-1.6247 -0.2617 0.2252
-1.6510 -0.3445 0.2206
-1.7279 -0.3984 0.2503
-1.7305 -0.4908 0.2162
-1.7430 -0.5864 0.1840
-1.6617 -0.6319 0.1339
-1.5911 -0.7219 0.0846
-1.6980 -0.7073 0.1214
-1.6780 -0.8038 0.0852
2.0115 1.9637 0.0002
1.9880 1.7381 0.0006
3.7160 0.3272 0.0000
4.0314 -4.4990 0.0000
3.7419 -4.4974 0.0000
3.5921 -4.7508 0.0000
-0.1706 -4.7457 0.0000
4.7592 -2.0262 0.0000
4.5170 -2.1803 0.0000
1.8146 3.5281 0.0000
1.6192 3.3344 0.0000
-0.0975 -1.7104 0.0000
-0.2345 -2.0419 0.0000
0.4169 1.5513 0.0000
0.2232 1.3588 0.0001
0.2631 1.1007 0.0004
3.3078 1.6446 0.0000
2.4315 -1.1015 0.0076
2.2198 -1.2817 0.0042
-3.2906 -4.5040 0.0000
-3.2260 -4.7554 0.0000
3.0463 3.6273 0.0000
2.8611 3.4559 0.0000
-2.6482 1.6571 0.0012
4.5185 -0.6538 0.0000
4.2506 -0.7960 0.0000
3.2762 -1.6892 0.0000
-4.6226 0.3169 0.0000
-4.7845 0.1528 0.0000
-1.3825 1.2897 0.0034
-1.1422 1.2382 0.0018
-1.4635 1.0559 0.0152
-3.4181 3.4918 0.0000
-3.7134 3.3600 0.0000
3.5678 -1.0000 0.0000
-3.4441 -1.9630 0.0000
-3.7224 -1.8583 0.0000
-3.9122 -2.1460 0.0000
-1.7326 4.7542 0.0000
2.5817 -0.1372 0.0517
2.6351 -0.3863 0.0320
2.4748 -0.4827 0.0453
2.4964 -0.2630 0.0608
2.3833 -0.3473 0.0687
2.2749 -0.4437 0.0643
2.1388 -0.5421 0.0507
4.7105 3.0410 0.0000
4.7656 2.8162 0.0000
0.7092 -1.5674 0.0000
0.2811 -1.1269 0.0001
-0.0162 -1.1362 0.0001
-0.8947 1.9787 0.0000
-0.8346 0.1911 0.0169
-1.0613 0.1429 0.0393
-0.9253 -0.0449 0.0237
-1.2817 -0.1170 0.0860
-1.3087 0.0309 0.0963
-1.3315 -0.0448 0.1041
-1.4112 0.0320 0.1338
-1.4946 -0.0261 0.1738
-1.4074 -0.0588 0.1325
-1.4727 -0.1296 0.1587
-1.5683 0.0161 0.2160
-1.6231 -0.0507 0.2525
-1.5594 -0.0969 0.2080
-1.1660 -0.0340 0.0586
2.5511 -2.1850 0.0000
2.6357 -2.4799 0.0000
-4.7740 4.7835 0.0000
2.7483 0.8930 0.0060
-2.7939 3.9865 0.0000
-2.6412 3.7396 0.0000
3.1581 -2.9967 0.0000
-2.7579 -4.0073 0.0000
-3.0263 -4.1900 0.0000
-0.7428 0.7265 0.0048
-0.7474 0.4314 0.0098
-1.0062 0.3668 0.0258
-1.2375 0.1264 0.0733
-1.3316 0.2093 0.0937
-1.3725 0.1152 0.1147
-1.4451 0.1739 0.1387
-1.4905 0.0846 0.1682
-4.2471 1.7999 0.0000
2.7537 4.0202 0.0000
2.7001 4.3030 0.0000
2.4844 4.1478 0.0000
2.5409 3.8641 0.0000
1.7619 -0.1145 0.0451
1.5737 -0.2373 0.0233
4.0090 3.4205 0.0000
3.9708 3.1818 0.0000
2.8276 0.4472 0.0112
-1.7536 0.5048 0.2184
-1.8034 0.4150 0.2893
-1.8498 0.4985 0.2790
-1.8995 0.4134 0.3586
-2.3576 -0.3759 0.5077
-2.4395 -0.4124 0.4288
-2.4401 -0.4971 0.3698
-2.5269 -0.4625 0.3254
-2.5139 -0.5643 0.2759
-2.5459 -0.6604 0.2022
-2.6144 -0.5961 0.1891
-2.6970 -0.6088 0.1303
-2.6272 -0.6870 0.1441
-2.7048 -0.6955 0.1009
-2.8255 -0.7725 0.0407
-2.6118 -0.7596 0.1245
-2.6761 -0.8050 0.0836
0.6174 -2.2884 0.0000
0.3566 -2.3532 0.0000
0.3027 -2.6479 0.0000
1.2998 -0.0521 0.0107
1.0833 -0.1104 0.0052
0.8684 -0.2635 0.0026
-4.1916 0.4725 0.0000
-4.3765 0.2528 0.0000
1.7280 -1.5703 0.0005
-1.3343 -1.3676 0.0012
-1.3934 -1.6632 0.0001
4.2766 1.6718 0.0000
4.0479 1.5203 0.0000
-2.3436 4.7469 0.0000
-2.6409 4.7839 0.0000
0.7541 0.8098 0.0018
0.5172 0.6877 0.0023
0.5443 0.4206 0.0019
0.1841 -0.9196 0.0002
2.2353 -1.5656 0.0011
-4.5101 -0.2688 0.0000
-4.6043 -0.6334 0.0000
-4.7728 -0.8016 0.0000
-3.6555 -1.2309 0.0000
2.3565 -4.7411 0.0000
-0.6853 2.1889 0.0000
2.0102 -4.2629 0.0000
2.1931 -4.5055 0.0000
2.0448 -4.7619 0.0000
-0.2378 4.7385 0.0000
-0.3650 4.4812 0.0000
-4.3568 -1.0852 0.0000
-4.5460 -0.9440 0.0000
-4.7354 -1.1211 0.0000
-4.4825 -1.2930 0.0000
-4.7453 -1.4223 0.0000
2.3542 -2.8799 0.0000
2.3340 -3.1403 0.0000
-0.9023 -3.4355 0.0000
-0.8928 -3.6874 0.0000
-0.8557 -3.9129 0.0000
-1.0292 -4.0289 0.0000
-2.9407 3.7370 0.0000
-3.0964 3.4914 0.0000
1.8184 0.1440 0.0512
1.9749 0.5585 0.0390
1.8477 0.3160 0.0465
1.6370 0.2423 0.0282
1.6749 0.0412 0.0358
1.5160 -0.0343 0.0217
-4.0022 2.9662 0.0000
0.7856 -4.3389 0.0000
4.7571 3.9216 0.0000
2.9712 4.1901 0.0000
2.7842 3.7193 0.0000
2.0891 3.4574 0.0000
1.9030 3.2507 0.0000
1.7099 3.0545 0.0000
1.5035 2.8637 0.0000
1.4278 3.1405 0.0000
1.1596 3.2060 0.0000
1.2105 2.9446 0.0000
0.9979 2.7668 0.0000
1.7240 1.6955 0.0006
1.4227 1.5880 0.0005
1.2450 1.9328 0.0000
1.1569 1.7158 0.0001
4.2403 0.7695 0.0000
4.0127 0.2888 0.0000
-4.7369 3.3817 0.0000
-4.7438 3.1300 0.0000
0.7498 4.7285 0.0000
0.4742 4.7878 0.0000
3.8158 2.9339 0.0000
3.6127 2.7585 0.0000
0.9547 1.5193 0.0002
1.1001 1.2039 0.0013
4.7672 -3.6031 0.0000
4.7240 -3.9236 0.0000
4.4236 -4.0068 0.0000
4.2405 -3.7807 0.0000
4.0917 -4.0111 0.0000
4.5055 -4.2526 0.0000
4.2252 -4.2551 0.0000
3.9104 -4.2437 0.0000
4.0084 1.2742 0.0000
4.2396 1.0658 0.0000
3.9752 1.0341 0.0000
-2.9706 0.3300 0.0331
-3.0070 0.1423 0.0281
-3.2060 -0.0155 0.0027
-0.3082 -0.3647 0.0024
-0.3311 -0.6146 0.0008
-0.4506 -2.6488 0.0000
-2.1871 -1.0070 0.1007
-2.2857 -1.0934 0.0699
-2.5388 -1.0332 0.0604
-2.6571 -1.2315 0.0160
-3.3676 -2.2387 0.0000
-3.6391 -2.1781 0.0000
-0.9742 0.6098 0.0136
-1.1777 0.7367 0.0185
-1.3636 0.6100 0.0513
-1.2005 0.4892 0.0391
-1.3713 0.4368 0.0774
-1.2076 0.2918 0.0567
-1.3329 0.3358 0.0807
-1.4102 0.2654 0.1137
-1.5035 0.2597 0.1536
-1.5422 0.1753 0.1867
1.9862 4.2869 0.0000
-3.9190 -1.3558 0.0000
-3.9655 -1.6321 0.0000
-4.2236 -1.4486 0.0000
-4.2422 -1.7516 0.0000
-4.4892 -1.5879 0.0000
0.1526 2.8152 0.0000
-0.1112 2.8300 0.0000
-0.1504 2.5834 0.0000
-1.4110 4.1520 0.0000
-1.6059 4.0027 0.0000
2.9691 0.6963 0.0028
-2.4175 4.3565 0.0000
-2.6389 4.2303 0.0000
-2.9440 4.2368 0.0000
4.1108 0.0132 0.0000
3.9628 4.7577 0.0000
3.7673 4.6563 0.0000
4.5054 -0.3460 0.0000
4.2824 -0.5227 0.0000
-2.6731 -1.5639 0.0021
-2.9424 -1.6664 0.0002
4.2682 -2.0061 0.0000
4.0135 -2.1668 0.0000
3.7725 -2.3608 0.0000
3.5000 -2.4301 0.0000
-0.0083 4.0824 0.0000
-0.1992 -4.2341 0.0000
0.5028 -1.1596 0.0001
0.4512 -1.4400 0.0000
0.1788 -1.6132 0.0000
-2.7205 -0.9724 0.0375
-2.9017 -1.1323 0.0058
-2.8583 -1.4004 0.0020
2.7918 -2.2808 0.0000
2.5447 -3.5792 0.0000
2.2675 -3.6722 0.0000
2.2131 -3.9692 0.0000
2.2678 -4.2343 0.0000
-1.5506 -4.5186 0.0000
-1.7277 -4.7554 0.0000
1.1041 -3.9498 0.0000
0.8534 -4.0612 0.0000
-2.4904 2.1436 0.0000
-4.0196 2.5943 0.0000
-4.1985 2.3114 0.0000
-3.8875 4.7562 0.0000
-4.0057 4.5093 0.0000
-4.2423 4.2463 0.0000
-4.2211 3.9754 0.0000
-4.0108 1.5344 0.0000
-4.0410 1.0002 0.0000
2.1550 -0.7558 0.0289
2.1619 -1.0036 0.0126
4.5476 -2.4673 0.0000
4.3218 -2.5335 0.0000
4.1662 -2.7358 0.0000
2.2001 1.5740 0.0014
1.9287 1.4723 0.0017
0.8425 0.2909 0.0024
0.5912 0.1581 0.0016
1.7363 1.9906 0.0001
1.4848 1.8389 0.0001
-1.9398 1.9527 0.0003
-2.1472 1.7763 0.0013
-2.0578 1.5444 0.0048
-2.2288 1.3959 0.0164
4.2347 3.1737 0.0000
4.1148 2.9272 0.0000
0.5934 -4.1594 0.0000
0.4300 -4.3334 0.0000
2.3698 -0.8477 0.0206
2.0236 4.7605 0.0000
3.7742 0.5597 0.0000
0.1989 -1.3351 0.0000
-0.0671 -1.4179 0.0000
-0.8305 -1.4294 0.0001
-1.1109 -1.5390 0.0001
4.7468 -4.2095 0.0000
4.7620 -4.4938 0.0000
4.5312 -4.4970 0.0000
4.7601 -4.7585 0.0000
4.4970 -4.7500 0.0000
-3.5142 3.7714 0.0000
-3.7038 3.6292 0.0000
-0.1153 3.8656 0.0000
-0.2686 3.6471 0.0000
-0.5108 4.2304 0.0000
-0.6566 3.9843 0.0000
-0.8138 3.7406 0.0000
3.2614 1.3994 0.0000
-1.8127 -4.5021 0.0000
-1.8375 1.6725 0.0014
-1.8523 1.3969 0.0088
-2.1268 1.0544 0.0901
2.0524 -3.4287 0.0000
1.7773 -3.5208 0.0000
0.2918 4.0708 0.0000
0.6196 -0.1266 0.0015
-1.4973 -1.9194 0.0000
-2.4548 -0.8186 0.1604
-2.5660 -0.8219 0.1200
3.5938 -3.2266 0.0000
-0.0384 1.1949 0.0002
0.8519 1.2901 0.0005
0.5351 1.2675 0.0003
0.7885 1.0580 0.0012
0.5180 0.9766 0.0010
1.4063 -4.7525 0.0000
1.1048 -4.7533 0.0000
1.2701 -3.7733 0.0000
-4.7463 -1.7263 0.0000
0.1202 -0.1685 0.0012
-4.2522 0.7722 0.0000
-4.4779 0.5628 0.0000
1.6687 -4.0824 0.0000
1.4626 -4.2776 0.0000
-4.5306 -2.5041 0.0000
-4.7600 -2.6573 0.0000
2.7604 -4.0027 0.0000
2.7465 -4.2600 0.0000
2.4854 -3.8697 0.0000
2.5007 -4.1413 0.0000
2.5071 -4.4580 0.0000
4.2293 4.7625 0.0000
-4.2199 3.4051 0.0000
-4.2058 -0.3073 0.0000
-2.4517 -2.0403 0.0001
-2.5218 -2.3499 0.0000
-2.7358 -2.1630 0.0000
-2.7953 -2.4751 0.0000
-0.6140 1.8985 0.0000
1.8446 4.0518 0.0000
1.5530 4.0104 0.0000
-4.5414 -4.2920 0.0000
-4.7266 -4.5042 0.0000
3.0149 -0.6004 0.0023
2.7499 -0.5969 0.0122
2.5503 -0.6737 0.0235
-0.2493 -2.8550 0.0000
-0.5425 -2.9367 0.0000
-1.3526 -3.0202 0.0000
-1.5767 -3.2814 0.0000
-1.6560 -3.5249 0.0000
3.7418 -3.7133 0.0000
3.5214 -3.7564 0.0000
-2.0123 -4.2336 0.0000
-2.0458 -4.4870 0.0000
-2.0331 -4.7435 0.0000
-4.0980 0.1809 0.0000
-4.3975 -4.5065 0.0000
-2.9031 1.1359 0.0048
-0.6538 -1.9009 0.0000
-0.7754 -2.1756 0.0000
1.7774 1.1884 0.0036
1.5569 1.1115 0.0030
-0.0689 4.4825 0.0000
-0.2158 4.2232 0.0000
4.7554 3.6214 0.0000
-2.0620 1.2583 0.0304
-2.2072 1.1509 0.0620
-2.3250 1.0733 0.0848
-2.3778 0.9800 0.1146
-2.4638 1.0660 0.0690
-2.6350 1.1666 0.0238
-2.4505 0.9266 0.1214
-2.5236 0.8766 0.1195
-2.5826 0.9760 0.0688
-2.7791 0.9304 0.0304
2.8696 -2.6116 0.0000
2.8820 -2.9151 0.0000
4.7575 -1.0985 0.0000
-0.1355 2.0648 0.0000
-0.0441 1.8015 0.0000
4.0577 -0.4355 0.0000
3.7794 -0.4569 0.0000
-4.2220 -3.5474 0.0000
0.6114 -4.5184 0.0000
0.4600 -4.7493 0.0000
3.2438 2.4112 0.0000
3.0167 2.3325 0.0000
3.0666 2.1148 0.0000
2.7826 2.1525 0.0000
3.1788 1.8759 0.0000
2.8940 1.8786 0.0000
2.7401 1.6396 0.0004
-0.5596 -1.0225 0.0002
-0.8104 -1.1456 0.0003
-1.0721 -1.2589 0.0006
0.0340 0.9213 0.0007
3.0464 -3.2371 0.0000
2.8239 -3.1730 0.0000
2.9894 1.0077 0.0011
2.7925 3.1239 0.0000
4.4254 2.9525 0.0000
-3.9972 4.2717 0.0000
-3.9795 4.0284 0.0000
-3.4885 -3.8847 0.0000
-3.5620 -4.1157 0.0000
-2.5828 -2.9580 0.0000
-2.8408 -3.0928 0.0000
-3.0832 -3.2455 0.0000
-2.7751 1.3930 0.0032
-1.3206 1.5337 0.0006
3.2630 0.6213 0.0002
3.2345 0.1375 0.0006
1.5470 4.5190 0.0000
-3.5592 2.8067 0.0000
0.8910 2.2735 0.0000
0.7148 2.0535 0.0000
0.5811 1.8013 0.0000
-1.5898 -2.1676 0.0000
-1.7203 3.7108 0.0000
-1.6554 3.4607 0.0000
-1.9208 3.4755 0.0000
-3.9179 3.7895 0.0000
-3.9644 3.5166 0.0000
0.5005 4.5592 0.0000
0.4124 4.3135 0.0000
0.1163 4.2930 0.0000
1.7524 -4.3090 0.0000
1.5764 -4.5297 0.0000
-0.7889 -4.7521 0.0000
-3.0097 4.7744 0.0000
-3.0958 4.5060 0.0000
3.4232 0.3662 0.0000
1.1961 -0.6401 0.0035
1.2592 -0.9385 0.0017
0.9750 -0.8231 0.0011
2.7955 0.0056 0.0192
2.7467 -0.1918 0.0236
4.7709 -2.3312 0.0000
-1.5899 -3.0209 0.0000
-1.8396 -3.1942 0.0000
-1.8687 -3.4574 0.0000
-3.6708 -0.8774 0.0000
-4.1357 -0.9066 0.0000
