5.0000 5.0000 0.0000
0.0000 5.0000 0.0000
2.5000 5.0000 0.0000
3.7500 5.0000 0.0000
4.3750 5.0000 0.0000
4.6875 5.0000 0.0000
4.0625 5.0000 0.0000
3.1250 5.0000 0.0000
3.4375 5.0000 0.0000
2.8125 5.0000 0.0000
1.2500 5.0000 0.0000
1.8750 5.0000 0.0000
2.1875 5.0000 0.0000
1.5625 5.0000 0.0000
0.6250 5.0000 0.0000
0.9375 5.0000 0.0000
0.3125 5.0000 0.0000
-2.5000 5.0000 0.0000
-1.2500 5.0000 0.0000
-0.6250 5.0000 0.0000
-0.3125 5.0000 0.0000
-0.9375 5.0000 0.0000
-1.8750 5.0000 0.0000
-1.5625 5.0000 0.0000
-2.1875 5.0000 0.0000
-3.7500 5.0000 0.0000
-3.1250 5.0000 0.0000
-2.8125 5.0000 0.0000
-3.4375 5.0000 0.0000
-4.3750 5.0000 0.0000
-4.0625 5.0000 0.0000
-4.6875 5.0000 0.0000
5.0000 -5.0000 0.0000
5.0000 0.0000 0.0000
5.0000 -2.5000 0.0000
5.0000 -3.7500 0.0000
5.0000 -4.3750 0.0000
5.0000 -4.6875 0.0000
5.0000 -4.0625 0.0000
5.0000 -3.1250 0.0000
5.0000 -3.4375 0.0000
5.0000 -2.8125 0.0000
5.0000 -1.2500 0.0000
5.0000 -1.8750 0.0000
5.0000 -2.1875 0.0000
5.0000 -1.5625 0.0000
5.0000 -0.6250 0.0000
5.0000 -0.9375 0.0000
5.0000 -0.3125 0.0000
5.0000 2.5000 0.0000
5.0000 1.2500 0.0000
5.0000 0.6250 0.0000
5.0000 0.3125 0.0000
5.0000 0.9375 0.0000
5.0000 1.8750 0.0000
5.0000 1.5625 0.0000
5.0000 2.1875 0.0000
5.0000 3.7500 0.0000
5.0000 3.1250 0.0000
5.0000 2.8125 0.0000
5.0000 3.4375 0.0000
5.0000 4.3750 0.0000
5.0000 4.0625 0.0000
5.0000 4.6875 0.0000
-5.0000 -5.0000 0.0000
0.0000 -5.0000 0.0000
-2.5000 -5.0000 0.0000
-3.7500 -5.0000 0.0000
-4.3750 -5.0000 0.0000
-4.6875 -5.0000 0.0000
-4.0625 -5.0000 0.0000
-3.1250 -5.0000 0.0000
-3.4375 -5.0000 0.0000
-2.8125 -5.0000 0.0000
-1.2500 -5.0000 0.0000
-1.8750 -5.0000 0.0000
-2.1875 -5.0000 0.0000
-1.5625 -5.0000 0.0000
-0.6250 -5.0000 0.0000
-0.9375 -5.0000 0.0000
-0.3125 -5.0000 0.0000
2.5000 -5.0000 0.0000
1.2500 -5.0000 0.0000
0.6250 -5.0000 0.0000
0.3125 -5.0000 0.0000
0.9375 -5.0000 0.0000
1.8750 -5.0000 0.0000
1.5625 -5.0000 0.0000
2.1875 -5.0000 0.0000
3.7500 -5.0000 0.0000
3.1250 -5.0000 0.0000
2.8125 -5.0000 0.0000
3.4375 -5.0000 0.0000
4.3750 -5.0000 0.0000
4.0625 -5.0000 0.0000
4.6875 -5.0000 0.0000
-5.0000 5.0000 0.0000
-5.0000 0.0000 0.0000
-5.0000 2.5000 0.0000
-5.0000 3.7500 0.0000
-5.0000 4.3750 0.0000
-5.0000 4.6875 0.0000
-5.0000 4.0625 0.0000
-5.0000 3.1250 0.0000
-5.0000 3.4375 0.0000
-5.0000 2.8125 0.0000
-5.0000 1.2500 0.0000
-5.0000 1.8750 0.0000
-5.0000 2.1875 0.0000
-5.0000 1.5625 0.0000
-5.0000 0.6250 0.0000
-5.0000 0.9375 0.0000
-5.0000 0.3125 0.0000
-5.0000 -2.5000 0.0000
-5.0000 -1.2500 0.0000
-5.0000 -0.6250 0.0000
-5.0000 -0.3125 0.0000
-5.0000 -0.9375 0.0000
-5.0000 -1.8750 0.0000
-5.0000 -1.5625 0.0000
-5.0000 -2.1875 0.0000
-5.0000 -3.7500 0.0000
-5.0000 -3.1250 0.0000
-5.0000 -2.8125 0.0000
-5.0000 -3.4375 0.0000
-5.0000 -4.3750 0.0000
-5.0000 -4.0625 0.0000
-5.0000 -4.6875 0.0000
-1.2686 2.8064 0.0000
-1.3419 2.5193 0.0000
-4.2276 -1.2329 0.0000
-1.5526 2.7079 0.0000
2.4083 0.4356 0.0641
2.3031 0.3031 0.0891
2.2654 0.4312 0.0739
2.1641 0.3509 0.0835
2.0718 0.2647 0.0863
2.1970 0.2392 0.0979
2.0120 0.1524 0.0880
-2.8513 3.3308 0.0000
-2.9538 3.1098 0.0000
-0.6849 2.9470 0.0000
1.8328 -4.5091 0.0000
1.6972 -4.7539 0.0000
-4.2794 4.2180 0.0000
-4.7522 3.8962 0.0000
-2.9848 -2.0194 0.0000
-3.2315 -2.1594 0.0000
2.4886 -2.3921 0.0000
-2.0334 4.1404 0.0000
2.6187 1.4674 0.0013
2.4483 1.3017 0.0035
2.4022 1.0376 0.0108
2.3366 4.7448 0.0000
4.2541 0.3098 0.0000
4.0333 0.1407 0.0000
3.5765 -0.1184 0.0000
3.6348 -2.1112 0.0000
2.5079 0.6146 0.0350
2.2969 0.5945 0.0510
2.1349 0.5115 0.0604
1.9611 0.5666 0.0418
2.0148 0.3935 0.0660
-3.3484 0.8536 0.0000
-3.2956 0.5788 0.0003
-3.5498 0.4834 0.0000
3.5824 0.3715 0.0000
3.4605 0.1448 0.0000
3.2779 -0.0672 0.0004
-4.4935 1.2884 0.0000
-0.4126 -0.7207 0.0007
-0.6927 -0.9025 0.0009
2.0041 -4.7590 0.0000
-4.3606 1.0763 0.0000
-4.7400 1.1104 0.0000
-4.2549 -2.0877 0.0000
-4.3245 -2.3794 0.0000
-4.5852 -2.4922 0.0000
4.7583 1.7252 0.0000
-1.5344 -2.6833 0.0000
-2.7356 -1.8865 0.0002
-3.0632 1.2966 0.0004
-3.2441 1.0994 0.0001
3.1444 0.9716 0.0004
-1.4200 -4.7563 0.0000
-0.0759 0.2383 0.0037
4.1403 3.3189 0.0000
4.0621 3.0841 0.0000
-2.4052 2.4458 0.0000
-2.4683 2.1938 0.0000
-2.7068 2.2436 0.0000
-1.9597 0.7819 0.1753
-1.8897 0.6962 0.1932
-1.9513 0.6168 0.2636
-2.0489 0.6235 0.3008
-2.0153 0.5390 0.3447
-2.0265 0.8710 0.1484
-2.0523 0.7695 0.2083
-1.9956 0.6972 0.2339
-2.1173 0.8210 0.1918
-2.1623 0.7543 0.2394
-2.1039 0.6924 0.2703
-2.1116 0.5744 0.3579
-2.2231 0.6975 0.2833
-2.1714 0.6323 0.3273
-2.1975 0.5324 0.4094
-2.2765 0.6230 0.3370
-2.3731 0.5834 0.3430
-2.2908 0.5376 0.4022
-2.3647 0.4841 0.4210
-2.1730 0.4303 0.4875
-2.2665 0.4536 0.4736
-2.2499 0.3633 0.5457
-2.3452 0.3917 0.4993
-2.4415 0.4167 0.4223
-2.4256 0.3303 0.4897
-2.5002 0.2723 0.4497
-2.3056 0.1998 0.6373
-2.3283 0.2977 0.5722
-2.4060 0.2384 0.5572
-2.3778 0.1527 0.6167
-4.3356 4.5170 0.0000
-4.7351 4.5121 0.0000
-0.6791 -1.6568 0.0000
-0.9203 -1.7593 0.0000
-1.1700 -1.8648 0.0000
4.7537 2.3332 0.0000
-0.6089 -1.3801 0.0000
-3.5799 0.7673 0.0000
-3.8077 0.5976 0.0000
-4.0535 0.7066 0.0000
-4.0342 0.4067 0.0000
0.6143 -0.4410 0.0012
-0.2638 4.5093 0.0000
4.7440 -2.2922 0.0000
4.7400 -2.5694 0.0000
4.5134 -2.7566 0.0000
-1.5108 1.9515 0.0001
-1.6508 -0.5819 0.1442
-1.7553 -0.5753 0.1914
-1.8512 -0.5935 0.2283
-1.9343 -0.6397 0.2410
-1.7010 -0.6591 0.1376
-1.7892 -0.6710 0.1661
3.1523 4.0111 0.0000
3.2695 3.7528 0.0000
-3.3894 1.3447 0.0000
1.5478 4.5203 0.0000
-3.7871 0.3004 0.0000
-3.9847 0.1056 0.0000
-4.2575 0.2179 0.0000
-4.5054 0.0458 0.0000
-1.7328 -2.8294 0.0000
-1.5569 -3.0287 0.0000
-1.7175 -3.2186 0.0000
-1.8938 -3.0651 0.0000
-1.9348 3.8899 0.0000
-2.2206 3.9346 0.0000
-4.5379 0.6345 0.0000
-4.7665 0.4729 0.0000
4.2679 -2.5901 0.0000
4.0239 -2.7230 0.0000
3.5768 -4.7580 0.0000
-4.7615 -3.2944 0.0000
-2.3413 -4.7637 0.0000
-2.3769 0.6689 0.2807
-2.4599 0.6714 0.2450
-2.4637 0.5871 0.2952
-2.5498 0.5462 0.2603
-2.7090 0.5578 0.1370
-2.7612 0.4892 0.1191
-2.4475 0.5097 0.3560
-2.5206 0.4653 0.3279
-2.5947 0.4370 0.2752
-2.6353 0.5072 0.2098
-2.6975 0.4423 0.1800
-2.6469 0.3716 0.2499
-2.7616 0.3823 0.1420
-2.8672 0.4451 0.0645
-2.7060 0.3035 0.2099
-2.7904 0.2976 0.1341
-2.7248 0.2193 0.2080
-2.8142 0.2113 0.1262
-2.9297 0.1652 0.0559
1.8871 1.8337 0.0003
1.7222 1.5718 0.0010
0.9989 0.7902 0.0022
0.8988 0.5360 0.0023
0.7837 0.2858 0.0021
0.4861 0.2973 0.0019
0.3723 0.0583 0.0014
-0.0581 -3.2075 0.0000
3.8549 -1.9356 0.0000
4.2945 -1.6378 0.0000
4.2912 -1.9367 0.0000
-1.1054 4.4712 0.0000
4.4586 1.0398 0.0000
4.4367 1.3055 0.0000
4.1804 1.1705 0.0000
-1.7240 -4.7631 0.0000
2.3165 -2.8695 0.0000
2.1953 -3.0619 0.0000
2.3672 -1.2274 0.0054
-2.8119 2.0095 0.0000
-1.5669 1.6741 0.0006
-1.8200 1.5479 0.0034
-2.0727 4.7390 0.0000
-2.2870 4.5253 0.0000
-1.1494 -0.2505 0.0455
-1.2568 -0.1114 0.0766
-1.3031 -0.2584 0.0799
-1.3777 -0.3490 0.0927
2.6464 -1.2960 0.0022
-1.0834 -0.0572 0.0415
-1.3672 -0.0857 0.1130
4.1976 4.0500 0.0000
1.9485 2.1340 0.0001
-2.4600 -1.7702 0.0009
-2.5024 -2.0296 0.0001
1.0343 -3.3787 0.0000
0.8012 -3.5111 0.0000
4.0473 -1.4843 0.0000
-0.4847 -2.3566 0.0000
-0.6616 -2.5773 0.0000
3.5115 -2.8528 0.0000
3.2844 -3.0531 0.0000
1.2949 -3.5002 0.0000
1.3942 -3.7407 0.0000
-0.5469 -2.1140 0.0000
-0.7908 -2.2964 0.0000
2.2809 0.1821 0.1026
2.1982 0.1312 0.1069
2.1858 0.0361 0.1104
2.1191 0.1717 0.0994
2.1014 0.0800 0.1029
2.0988 -0.0174 0.1042
2.0016 0.0347 0.0911
1.8907 -0.0411 0.0731
2.0146 -0.0820 0.0921
1.8777 0.1070 0.0691
1.7799 -0.1562 0.0527
1.7115 0.0134 0.0454
1.6218 -0.2551 0.0301
-4.7589 4.2026 0.0000
-3.9787 1.4985 0.0000
1.5861 0.3775 0.0223
1.3317 0.3250 0.0104
2.8468 -1.1199 0.0018
-0.0183 1.8406 0.0000
2.1527 -1.0590 0.0112
2.1022 -1.3440 0.0032
2.2361 -1.5766 0.0011
3.6320 4.7474 0.0000
3.3551 4.7512 0.0000
-2.0027 3.1083 0.0000
-2.2332 2.9135 0.0000
-2.3501 2.6948 0.0000
-1.0696 0.3566 0.0314
2.1916 3.7371 0.0000
-0.1161 -0.8252 0.0002
-4.1709 1.2798 0.0000
2.4226 4.4899 0.0000
2.1692 4.4868 0.0000
-0.7479 2.6601 0.0000
-1.0621 2.6205 0.0000
4.7626 2.0252 0.0000
-4.4253 -4.5322 0.0000
-4.7271 -4.4997 0.0000
1.1345 4.1350 0.0000
0.7959 4.2839 0.0000
0.8963 4.0498 0.0000
1.0459 2.5308 0.0000
0.8445 2.7431 0.0000
4.7513 -0.7594 0.0000
4.5338 -0.9194 0.0000
3.8986 -2.2162 0.0000
3.6958 -2.4008 0.0000
-3.1914 3.6746 0.0000
-0.3729 4.2528 0.0000
-0.5194 4.0248 0.0000
-3.7853 -0.8174 0.0000
-4.0366 4.6102 0.0000
1.5302 -4.5001 0.0000
1.3925 -4.7509 0.0000
-1.6439 4.5061 0.0000
2.3141 -4.7639 0.0000
3.7503 -3.7266 0.0000
3.4906 -3.6411 0.0000
-0.9291 -2.5625 0.0000
-1.0673 -2.7818 0.0000
-1.1651 -3.0044 0.0000
-1.3719 -2.8711 0.0000
4.7420 2.6531 0.0000
4.5328 2.4777 0.0000
-1.8753 -0.6963 0.1873
-1.9184 -0.7750 0.1635
-1.9834 -0.7129 0.2170
-2.0218 -0.7947 0.1815
-1.9504 -0.8647 0.1306
-2.0353 -0.9017 0.1306
-2.0907 -0.9913 0.0998
-1.9808 -1.0114 0.0800
-2.0790 -1.1451 0.0509
1.4988 -1.4218 0.0006
0.0013 -2.1657 0.0000
-4.4945 -1.9158 0.0000
-4.7604 -2.0338 0.0000
-4.5304 -2.1986 0.0000
-4.7818 -2.3319 0.0000
-3.6226 4.2896 0.0000
-3.8090 3.9941 0.0000
-0.8004 -1.9828 0.0000
0.9073 -1.4368 0.0001
0.6888 -1.5502 0.0000
-0.8042 -4.7662 0.0000
-4.5177 0.3378 0.0000
4.7571 0.1543 0.0000
-1.9680 0.9623 0.0988
-1.8623 0.9231 0.0918
-1.9253 0.8668 0.1270
-1.5776 0.8779 0.0460
-1.7139 0.7906 0.0949
-1.7409 0.9324 0.0642
-1.8002 0.8349 0.1055
-1.8689 0.7973 0.1399
-1.7975 0.7325 0.1414
-3.4157 -2.6473 0.0000
-3.2895 3.9325 0.0000
-3.5082 3.7953 0.0000
-4.1853 -3.1209 0.0000
-4.0998 3.3611 0.0000
-3.8517 -3.6017 0.0000
2.8912 -4.3283 0.0000
1.7185 3.3155 0.0000
4.5741 3.1083 0.0000
-0.4057 3.0437 0.0000
-0.4597 2.7614 0.0000
1.4684 3.4655 0.0000
1.4345 3.1852 0.0000
-1.4254 3.9809 0.0000
2.9389 -0.8759 0.0021
2.6154 -1.0122 0.0072
2.8616 -3.8224 0.0000
-2.7320 -2.1737 0.0000
-2.9522 -2.5844 0.0000
3.5306 3.2142 0.0000
2.0285 4.7479 0.0000
-3.7988 1.7376 0.0000
-1.0356 0.7946 0.0091
-3.7255 -3.3358 0.0000
-4.0169 -3.3719 0.0000
-4.1692 -3.6335 0.0000
-2.7005 -1.6137 0.0013
-3.3476 0.2832 0.0002
-3.5769 0.1753 0.0000
-3.7383 -0.0462 0.0000
1.4189 1.0621 0.0027
-3.3747 2.1187 0.0000
3.9310 2.8959 0.0000
-2.5825 -3.3310 0.0000
1.9473 -1.6132 0.0007
1.8317 -1.9051 0.0001
1.5069 -1.9210 0.0000
-2.0978 4.3833 0.0000
-2.3311 4.2300 0.0000
-2.4932 3.9867 0.0000
2.9262 -2.3633 0.0000
1.4057 4.7612 0.0000
1.0680 4.3511 0.0000
4.3822 4.5219 0.0000
4.4936 4.2738 0.0000
-3.5415 3.2316 0.0000
-2.9332 -4.3590 0.0000
-3.1263 -4.5360 0.0000
-3.3020 -4.7514 0.0000
2.5900 -3.3292 0.0000
2.3210 -3.2909 0.0000
2.4302 -3.5662 0.0000
2.2785 -3.8033 0.0000
-0.7718 -3.5668 0.0000
4.4892 -3.3401 0.0000
4.5237 -3.5823 0.0000
4.4879 -3.8427 0.0000
4.2768 -3.6610 0.0000
4.0371 -3.7265 0.0000
3.9339 -3.9814 0.0000
3.2634 -3.5402 0.0000
3.1968 -3.7999 0.0000
3.0376 -4.1600 0.0000
0.2416 -1.3637 0.0000
0.1551 -1.6556 0.0000
0.4144 -1.5323 0.0000
0.4882 -1.7914 0.0000
0.2214 -1.9506 0.0000
0.3425 -3.8848 0.0000
0.1258 -4.0690 0.0000
-2.6474 -4.7818 0.0000
0.6985 0.7704 0.0020
0.6319 0.5275 0.0021
1.2747 -3.2603 0.0000
3.3381 -1.6875 0.0000
-0.3327 3.5865 0.0000
-0.3594 3.3191 0.0000
2.6279 -4.7696 0.0000
3.0293 0.4674 0.0027
-2.0229 2.8020 0.0000
-1.7650 4.7620 0.0000
-1.9214 4.5239 0.0000
0.2015 0.2896 0.0029
-0.1290 -0.0656 0.0032
-3.4966 -0.7972 0.0000
-3.6348 -1.0689 0.0000
-3.9484 -1.0834 0.0000
-3.7486 -1.3131 0.0000
-3.9920 -1.3678 0.0000
-4.2337 -1.5216 0.0000
-3.9631 -1.6164 0.0000
-4.2125 -1.8088 0.0000
-1.0505 -3.6048 0.0000
-1.3576 -3.7261 0.0000
-1.6108 -3.8668 0.0000
-2.0435 -4.7555 0.0000
4.7444 -0.4488 0.0000
4.5049 -0.5943 0.0000
-0.9868 4.7415 0.0000
-4.5028 -4.0219 0.0000
-4.7451 -3.8887 0.0000
-4.5133 -4.3031 0.0000
-4.7592 -4.1925 0.0000
3.5374 -0.7834 0.0000
3.4205 -1.0466 0.0000
-3.0752 -0.9784 0.0023
-2.8885 -1.1762 0.0051
-3.1674 -1.2638 0.0002
2.6405 -1.9355 0.0001
-2.9884 1.7763 0.0000
-3.1868 1.5595 0.0000
1.3870 -2.9095 0.0000
1.1962 -3.0542 0.0000
-1.8497 -2.2872 0.0000
-2.1470 -2.3599 0.0000
-2.1976 -2.6357 0.0000
3.1074 4.7683 0.0000
3.1842 4.5155 0.0000
2.9098 4.5145 0.0000
3.0310 4.2661 0.0000
2.7348 4.2823 0.0000
-4.5272 -3.4578 0.0000
3.6932 1.5572 0.0000
3.5478 1.3213 0.0000
3.3220 1.2065 0.0000
3.4378 0.9572 0.0000
-0.6283 3.7533 0.0000
-1.4183 1.1928 0.0064
-1.6323 1.1013 0.0222
-1.3626 0.9681 0.0148
3.4709 -2.5777 0.0000
3.2379 -2.7644 0.0000
-0.1617 -4.7569 0.0000
-3.7189 3.0136 0.0000
-4.0272 3.0589 0.0000
-3.8730 2.7794 0.0000
-4.1383 2.7852 0.0000
-4.3050 2.9569 0.0000
-4.0257 2.5205 0.0000
-4.1453 2.2718 0.0000
-4.2993 2.5927 0.0000
2.8529 -3.4144 0.0000
2.6974 -3.6079 0.0000
-0.3514 -4.1815 0.0000
-1.5904 0.3396 0.1773
-1.6157 0.4245 0.1679
-1.6946 0.3881 0.2231
-1.6693 0.3062 0.2327
-1.7285 0.2328 0.2956
-1.5589 0.2579 0.1782
-1.6322 0.2233 0.2288
-1.5150 0.1828 0.1672
-1.5933 0.1428 0.2174
-1.6898 0.1428 0.2854
-1.7701 0.4380 0.2516
-1.7748 0.3294 0.2990
-1.8176 0.2418 0.3654
-1.8957 0.2213 0.4411
-1.7890 0.1514 0.3665
-1.7514 0.0616 0.3472
-1.8427 0.0547 0.4321
-1.1277 -3.8929 0.0000
-1.3401 -4.0312 0.0000
3.6236 4.2490 0.0000
3.4353 4.0159 0.0000
2.1478 -3.5358 0.0000
1.9820 -3.7697 0.0000
1.8246 -4.0066 0.0000
-2.4548 -0.9068 0.1193
-2.6387 -0.9311 0.0634
-2.8219 -0.9220 0.0252
3.6757 1.1280 0.0000
3.7139 0.8564 0.0000
3.4964 0.6664 0.0000
-1.2626 0.7718 0.0215
-2.6437 -1.1037 0.0309
0.0957 0.0348 0.0023
0.2170 -0.1691 0.0010
0.0233 -0.3295 0.0009
-0.2454 -0.3049 0.0023
-0.4872 -0.4218 0.0039
2.8682 4.0304 0.0000
2.4782 3.6557 0.0000
2.7587 -4.5444 0.0000
3.9948 3.5585 0.0000
1.0779 -3.6985 0.0000
0.9380 -3.9978 0.0000
-3.4151 3.5821 0.0000
-0.1264 0.7186 0.0015
-0.3120 0.4148 0.0037
-0.3391 0.1382 0.0055
3.3873 -3.3248 0.0000
3.0894 -3.2812 0.0000
3.0083 -3.6106 0.0000
-0.8156 -4.3063 0.0000
3.5270 -4.2473 0.0000
3.4072 -4.5180 0.0000
-0.6726 4.2543 0.0000
-0.9602 4.2275 0.0000
-1.0835 3.9599 0.0000
0.9262 -4.4948 0.0000
-0.8111 -3.3275 0.0000
-1.0753 -3.3169 0.0000
-1.3034 -3.4745 0.0000
-1.5313 -3.3593 0.0000
-1.6130 -3.5841 0.0000
-2.8705 4.2685 0.0000
-3.0888 4.1319 0.0000
-1.8136 4.2712 0.0000
0.3858 0.5448 0.0025
0.1532 0.5251 0.0024
-0.0726 0.4922 0.0027
1.5890 0.8223 0.0079
1.2927 0.8106 0.0035
3.2766 2.0038 0.0000
3.1985 1.7255 0.0000
2.9472 1.5778 0.0002
3.4056 1.5320 0.0000
3.1674 1.4313 0.0001
3.0185 1.2220 0.0004
-0.1465 -1.6078 0.0000
-0.0553 -1.8828 0.0000
0.6898 3.4986 0.0000
-2.5655 1.4958 0.0048
-2.7187 1.2694 0.0088
-2.5746 1.0810 0.0448
-2.8648 1.1216 0.0069
-2.9978 0.9845 0.0038
-3.1155 0.8205 0.0019
-3.0240 0.6134 0.0107
2.0340 2.7847 0.0000
-3.1240 -3.6966 0.0000
-1.5764 -1.2006 0.0100
-1.5838 -1.4862 0.0016
-1.7796 -1.3631 0.0080
-2.0114 -1.3419 0.0160
-1.9074 -1.5855 0.0025
-1.4637 0.7181 0.0521
-1.5181 0.5806 0.0903
-1.6024 0.5285 0.1325
-1.4647 0.5027 0.0902
-1.5373 0.4623 0.1234
-1.5129 0.3806 0.1316
-1.8650 -3.7267 0.0000
-1.8838 -4.0240 0.0000
-2.1509 -4.1219 0.0000
-2.0423 -4.3197 0.0000
-2.2103 -4.5043 0.0000
0.1230 -0.6190 0.0004
0.1380 -0.8802 0.0002
-0.1447 -1.1012 0.0001
-1.8103 -0.9542 0.0706
3.2317 -4.3035 0.0000
-3.4901 1.6249 0.0000
-3.6864 1.4168 0.0000
3.7792 -2.9491 0.0000
-1.2082 1.2750 0.0018
-1.5698 -2.2012 0.0000
0.1588 -2.7458 0.0000
-0.0558 -2.9429 0.0000
0.6299 4.0208 0.0000
0.4993 3.7499 0.0000
-0.1238 3.1581 0.0000
-0.1746 2.8798 0.0000
2.1258 -4.0337 0.0000
1.9747 -4.2676 0.0000
2.0752 3.9603 0.0000
1.8264 3.8305 0.0000
-0.2834 -2.0999 0.0000
-0.7187 4.7504 0.0000
1.0206 -0.6921 0.0019
-0.2371 2.3154 0.0000
-0.4651 2.1731 0.0000
-4.7575 1.7212 0.0000
-4.7551 3.2815 0.0000
-2.9822 -2.3093 0.0000
-3.2365 -2.4603 0.0000
3.7621 -2.6760 0.0000
4.2878 3.5292 0.0000
1.2592 3.6538 0.0000
0.9785 3.5596 0.0000
1.3600 -1.6694 0.0001
1.2059 -1.9018 0.0000
3.9930 -4.4959 0.0000
3.8526 3.2635 0.0000
-2.4815 0.1687 0.5117
-2.5770 0.1175 0.4064
-2.6335 0.0369 0.3410
-2.7035 -0.0371 0.2528
-2.7613 -0.1073 0.1845
-2.4423 0.0906 0.5756
-2.5161 0.0614 0.4940
-2.5499 -0.0019 0.4538
-2.6130 -0.0600 0.3670
-2.6734 -0.1339 0.2813
-2.7222 -0.2141 0.2126
-2.7918 -0.1733 0.1494
-2.8554 -0.2128 0.0956
-2.5336 0.3622 0.3710
-2.6090 0.2873 0.3202
-2.5606 0.2086 0.4043
-2.6453 0.2011 0.3019
-2.6782 0.1210 0.2762
-2.7382 0.0473 0.2123
-2.8076 -0.0216 0.1434
-2.7707 0.1369 0.1722
-2.8334 0.0746 0.1202
-2.9347 0.0027 0.0565
-2.8596 -0.1024 0.0993
-2.8826 -0.3388 0.0688
-2.5470 1.9487 0.0002
0.1689 3.5340 0.0000
-0.0927 3.4432 0.0000
1.3244 3.9471 0.0000
-1.4685 -1.9273 0.0000
-1.7525 -1.9997 0.0000
-4.3089 0.8012 0.0000
-4.2854 0.5133 0.0000
-1.7063 3.1755 0.0000
-1.7680 2.9047 0.0000
-3.5361 1.8978 0.0000
-1.0409 0.1493 0.0352
-1.2201 0.0578 0.0690
-1.2202 0.2218 0.0624
-1.3368 0.0870 0.1012
-1.3408 0.1766 0.0970
-1.4246 0.1286 0.1312
-1.5018 0.0870 0.1701
-1.3295 -0.0112 0.1009
-1.4179 0.0232 0.1338
-1.4424 -0.0743 0.1441
-2.8034 -4.5851 0.0000
-2.9816 -4.7645 0.0000
4.7565 -3.8906 0.0000
-0.7904 1.0544 0.0014
-0.8051 0.7893 0.0045
-0.0728 3.7417 0.0000
4.7806 2.9577 0.0000
4.5231 2.8396 0.0000
4.3845 2.6551 0.0000
2.4027 1.9002 0.0002
2.1701 1.7437 0.0007
-0.5363 -4.3571 0.0000
2.2323 3.2064 0.0000
0.7777 1.5496 0.0001
-2.8248 -3.3033 0.0000
-3.1678 -2.7822 0.0000
-1.8525 -3.4271 0.0000
-2.0864 -3.2646 0.0000
-2.3389 -3.4190 0.0000
-2.3835 -3.6818 0.0000
-2.6455 -3.8265 0.0000
-2.3948 3.7035 0.0000
-2.6371 3.5154 0.0000
4.7486 -0.1515 0.0000
-3.0870 0.3530 0.0091
-3.4328 -0.0315 0.0001
-2.8839 0.3097 0.0700
-3.1660 0.0538 0.0045
-2.9514 4.7725 0.0000
-2.8372 4.5204 0.0000
4.2296 3.7857 0.0000
2.7501 0.5820 0.0145
2.6840 -2.2230 0.0000
2.4142 -2.0963 0.0000
-0.4329 4.7565 0.0000
0.1628 -4.7496 0.0000
-3.0883 2.0646 0.0000
-3.2696 1.8364 0.0000
-1.3834 -1.6618 0.0001
-1.6822 -1.7266 0.0004
0.6520 3.2368 0.0000
0.3892 3.0332 0.0000
0.9943 -2.5242 0.0000
0.8620 -2.7473 0.0000
1.0376 -2.8728 0.0000
0.6118 -2.6661 0.0000
0.7040 -2.9618 0.0000
-4.7497 -0.1278 0.0000
4.5163 4.7535 0.0000
-1.3883 -2.4067 0.0000
-1.6503 -2.4795 0.0000
-1.8988 -2.5693 0.0000
4.5237 2.1607 0.0000
4.3677 -4.2040 0.0000
4.4894 -4.7133 0.0000
0.4658 -3.1408 0.0000
0.2275 -3.3196 0.0000
-3.7363 3.7413 0.0000
-3.9253 3.5410 0.0000
-4.1471 -2.8409 0.0000
-1.0174 -0.9559 0.0033
-1.3327 -1.0556 0.0083
0.1168 2.9960 0.0000
4.2152 0.8775 0.0000
4.2784 0.6016 0.0000
3.9847 0.7331 0.0000
4.0547 0.4842 0.0000
3.8681 0.3437 0.0000
3.7404 0.0937 0.0000
-1.8543 1.0740 0.0498
-2.0156 1.1041 0.0601
-2.0720 0.9810 0.1072
-2.1174 0.9104 0.1443
-2.1452 1.1026 0.0701
-2.1596 1.0142 0.1020
-2.2605 1.0455 0.0916
-2.2505 1.2019 0.0454
-2.3904 1.0723 0.0737
0.2702 2.5434 0.0000
0.0271 2.4274 0.0000
4.7084 4.4972 0.0000
4.7496 4.1919 0.0000
-0.7022 2.0111 0.0000
-4.1144 -2.5733 0.0000
-2.9719 -1.7262 0.0001
-3.2230 -1.8531 0.0000
-3.4655 -1.9934 0.0000
-2.6811 3.7813 0.0000
2.8186 1.3513 0.0010
2.9714 3.7692 0.0000
-3.4603 -1.3558 0.0000
-3.7112 -1.5676 0.0000
-3.4562 -1.6801 0.0000
-3.6989 -1.8426 0.0000
-3.7248 -2.1250 0.0000
-3.9368 -1.8500 0.0000
-3.9828 -2.0647 0.0000
-1.2450 4.1964 0.0000
-1.5302 4.2431 0.0000
2.2407 3.4735 0.0000
-2.0051 -0.6079 0.2911
-2.0532 -0.6701 0.2667
-2.0999 -0.7315 0.2380
-2.1115 -0.8265 0.1814
-2.1348 -0.9151 0.1373
-2.2170 -0.9471 0.1265
-2.1828 -1.0298 0.0910
-2.1907 -0.7600 0.2323
-2.2073 -0.8525 0.1754
-2.2976 -0.8907 0.1523
-2.2968 -0.9937 0.1045
-2.2719 -1.1234 0.0611
-2.3787 -0.9398 0.1195
-2.4033 -1.0491 0.0755
-2.5059 -1.0051 0.0738
-2.2424 -1.3192 0.0229
-2.4539 -1.2230 0.0311
-2.4342 -1.4998 0.0066
-2.6713 -1.3496 0.0080
0.1053 1.6423 0.0000
1.1353 2.8059 0.0000
-3.1291 4.4199 0.0000
-3.3487 4.2277 0.0000
2.2688 -0.0172 0.1109
2.2706 -0.1125 0.1081
2.1848 -0.1573 0.1052
2.1680 -0.2493 0.0965
2.0183 -0.3160 0.0757
2.0670 -0.4544 0.0646
2.1840 -0.0618 0.1099
2.1019 -0.1189 0.1015
2.0774 -0.2089 0.0928
1.9539 -0.1833 0.0781
1.8534 -0.3198 0.0539
1.9202 -0.4911 0.0464
2.1482 -0.3547 0.0833
2.1691 -0.5610 0.0562
2.0288 -0.6612 0.0373
1.8139 -0.6846 0.0222
1.7044 -0.4675 0.0280
1.7244 -0.9181 0.0083
-0.0885 1.4828 0.0000
1.1747 3.0807 0.0000
0.8954 3.0021 0.0000
-4.2825 3.8906 0.0000
-3.1967 -4.2539 0.0000
4.7394 1.0377 0.0000
4.7524 0.7566 0.0000
4.5015 0.7917 0.0000
4.5191 0.5298 0.0000
-2.1042 -3.5625 0.0000
-2.1297 -3.8436 0.0000
-2.3927 -3.9714 0.0000
-2.6543 -4.0874 0.0000
-2.6744 -4.3324 0.0000
2.7048 2.8916 0.0000
-1.3509 1.4952 0.0008
-1.5867 1.3830 0.0041
-4.4852 -1.3617 0.0000
-4.7450 -1.4599 0.0000
-3.5693 1.0934 0.0000
-3.8205 0.9066 0.0000
-4.5077 2.7928 0.0000
-4.7701 2.6573 0.0000
-4.5649 2.4990 0.0000
-4.7466 2.3213 0.0000
-0.5701 -1.8654 0.0000
2.9730 1.9016 0.0000
2.6663 1.9515 0.0001
2.7279 1.7082 0.0003
-1.6206 -0.7881 0.0742
-0.2987 -2.8920 0.0000
-0.3433 -3.1311 0.0000
-0.5435 -3.3409 0.0000
3.0534 -3.9713 0.0000
2.7972 -1.4869 0.0005
-1.4501 -0.8230 0.0362
-1.6233 -0.9714 0.0371
-0.9282 -0.2195 0.0214
-1.0318 -0.4386 0.0222
-1.3691 -0.6064 0.0526
3.0867 -4.5172 0.0000
4.4706 4.0086 0.0000
4.5089 3.7214 0.0000
-0.5460 4.5014 0.0000
0.4938 4.2745 0.0000
0.3594 4.0120 0.0000
0.2255 3.7743 0.0000
1.2254 -3.9776 0.0000
1.0773 -4.2438 0.0000
0.7714 -4.2457 0.0000
0.5305 -4.3488 0.0000
-0.2026 1.2087 0.0002
-0.4890 1.1371 0.0005
1.8526 -3.5015 0.0000
1.6840 -3.7385 0.0000
1.5285 -3.9949 0.0000
-1.7359 -0.1099 0.3297
-1.7838 -0.1888 0.3554
-1.8394 -0.1102 0.4226
-1.8993 -0.1676 0.4651
-1.9621 -0.0947 0.5410
-2.0873 -0.2081 0.6001
-1.8459 -0.2438 0.3918
-1.9341 -0.2623 0.4596
-1.9931 -0.1882 0.5408
-2.0229 -0.2828 0.5185
-1.8999 -0.3401 0.3937
-1.9903 -0.3610 0.4489
-2.0790 -0.3829 0.4884
-2.1651 -0.4025 0.5067
-2.2571 -0.4101 0.5080
-2.1810 0.0404 0.6931
-2.1686 -0.0467 0.6887
-2.1511 -0.1323 0.6627
-2.2417 -0.1564 0.6696
-2.1813 -0.2286 0.6291
-2.1132 -0.3032 0.5599
-2.2052 -0.3198 0.5757
-2.2954 -0.3293 0.5617
-4.5260 4.3520 0.0000
-1.2303 4.7422 0.0000
-1.4827 4.7484 0.0000
-3.8848 4.2589 0.0000
-4.0794 4.0698 0.0000
-4.2472 -0.0687 0.0000
-4.4839 -0.2451 0.0000
-4.7461 -0.4144 0.0000
-4.2436 -0.6525 0.0000
-4.4837 -0.5224 0.0000
-4.7373 -0.6879 0.0000
-4.7448 -0.9374 0.0000
-3.4050 -4.4618 0.0000
-3.6602 -4.3782 0.0000
-3.6114 -4.7091 0.0000
-3.8874 -4.5579 0.0000
-3.9190 -4.7824 0.0000
0.9278 4.5483 0.0000
1.3897 2.0599 0.0000
-1.2011 3.0875 0.0000
3.2636 -4.7577 0.0000
4.2162 4.7554 0.0000
1.2576 4.5086 0.0000
1.3874 4.2531 0.0000
4.7474 3.8954 0.0000
3.8302 2.1365 0.0000
-4.4857 -1.6411 0.0000
-4.7501 -1.7442 0.0000
2.0044 1.5280 0.0016
1.8479 1.3122 0.0028
1.5599 1.3146 0.0018
3.2955 -1.3651 0.0000
4.2666 -2.8882 0.0000
4.0148 -2.9718 0.0000
2.7838 3.5066 0.0000
2.7450 3.1935 0.0000
-2.9139 -4.1016 0.0000
-1.7204 -0.7464 0.1143
-1.8151 -0.7685 0.1352
-1.7450 -0.8452 0.0890
-1.8559 -0.8498 0.1147
-1.9162 -0.9441 0.0929
-3.7604 -4.0985 0.0000
2.3459 -0.5949 0.0493
2.2185 -0.7821 0.0308
1.9812 -0.8794 0.0174
1.8982 -1.1371 0.0056
2.9492 -4.7543 0.0000
3.2461 3.0917 0.0000
2.9735 2.9948 0.0000
2.9347 2.7065 0.0000
2.8924 2.4237 0.0000
1.5718 1.8161 0.0002
0.6543 0.0505 0.0018
0.5018 -0.1895 0.0012
0.3189 -0.4144 0.0007
0.4281 -0.6647 0.0005
3.4420 -3.8636 0.0000
3.3226 -4.0667 0.0000
-3.4197 -2.9346 0.0000
-3.6490 -3.0687 0.0000
-3.9133 -3.1073 0.0000
3.4199 -2.2930 0.0000
3.8823 -4.7527 0.0000
-4.2935 -3.3906 0.0000
-4.4664 -3.7185 0.0000
4.7665 -4.5177 0.0000
4.7562 -4.7711 0.0000
-2.0206 -2.0859 0.0000
-3.1989 3.1570 0.0000
-3.4072 2.9923 0.0000
-3.5912 2.7620 0.0000
0.2411 1.4494 0.0001
-3.7661 4.5205 0.0000
-4.0855 4.3993 0.0000
-1.1468 -4.2560 0.0000
-1.2726 -4.5216 0.0000
-2.9029 3.6288 0.0000
-4.7830 4.7826 0.0000
-4.5050 4.0487 0.0000
1.1975 3.3672 0.0000
0.9197 3.2732 0.0000
0.2790 -3.6021 0.0000
0.0030 -3.5021 0.0000
-0.2232 -3.6998 0.0000
0.4786 -4.7558 0.0000
1.0919 2.0316 0.0000
0.7914 2.0134 0.0000
-3.8742 1.2017 0.0000
-4.0886 0.9984 0.0000
3.8156 -4.2450 0.0000
3.7006 -4.5032 0.0000
3.7988 -1.3439 0.0000
4.2665 0.0281 0.0000
4.1802 -0.2013 0.0000
4.3151 -0.7760 0.0000
4.0996 -0.6707 0.0000
3.8127 -0.6884 0.0000
4.0135 -0.9119 0.0000
4.7499 -2.0034 0.0000
4.4937 -2.4336 0.0000
-0.2629 -3.4082 0.0000
-0.4780 -3.5909 0.0000
-0.6074 -3.7977 0.0000
-0.9418 2.1164 0.0000
1.6747 -4.2531 0.0000
1.3738 -4.2415 0.0000
1.2297 -4.4967 0.0000
-0.4214 -1.5840 0.0000
-0.3341 -1.8365 0.0000
3.5556 -1.2506 0.0000
3.5584 -1.5228 0.0000
4.2920 2.9787 0.0000
4.1554 2.7713 0.0000
3.9032 2.6348 0.0000
3.6731 2.7139 0.0000
4.5271 3.4241 0.0000
4.3655 3.2245 0.0000
-1.8271 1.2839 0.0165
-1.9744 -1.8294 0.0004
-2.1761 -1.5713 0.0044
-2.2213 -1.8152 0.0007
2.5905 -4.3035 0.0000
1.3392 -0.2198 0.0122
1.0720 -0.1953 0.0052
1.4569 -0.4425 0.0133
1.1801 -0.4469 0.0053
0.8975 -0.4489 0.0023
2.1624 1.2409 0.0051
1.9569 1.0842 0.0076
2.1578 0.9468 0.0165
2.1083 0.7157 0.0345
1.8883 0.8504 0.0156
1.8332 0.6765 0.0236
-3.3472 3.3597 0.0000
1.9441 -2.9765 0.0000
2.0289 -3.2746 0.0000
1.7610 -3.2151 0.0000
1.5617 -3.4561 0.0000
-3.9430 -4.3107 0.0000
-1.0155 1.8412 0.0000
2.5678 -3.8392 0.0000
2.4304 -4.0646 0.0000
2.2793 -4.2892 0.0000
0.7807 4.7727 0.0000
4.2683 -1.0422 0.0000
4.0192 -1.1874 0.0000
2.2302 2.9353 0.0000
-3.4643 -4.1207 0.0000
2.7072 -2.5426 0.0000
2.5064 -2.7173 0.0000
-0.8306 4.4909 0.0000
0.6400 1.7799 0.0000
0.4996 1.5228 0.0001
-2.8872 2.5359 0.0000
-3.1207 2.5877 0.0000
-3.2194 2.3473 0.0000
0.4081 1.2540 0.0002
0.2584 1.0339 0.0005
-2.9354 -0.7106 0.0214
-3.2180 -0.7525 0.0008
-3.3518 -1.0477 0.0000
0.9777 1.2529 0.0009
0.8364 1.0204 0.0014
0.5560 1.0228 0.0009
-2.0119 -2.8097 0.0000
-2.1730 -2.9858 0.0000
-2.3836 -3.1412 0.0000
2.6944 3.7930 0.0000
2.2953 -2.5684 0.0000
2.0956 -2.7489 0.0000
-1.7222 4.0257 0.0000
-4.3729 2.3376 0.0000
-4.5144 2.1445 0.0000
-4.7475 2.0100 0.0000
-2.6403 -3.5716 0.0000
-2.8984 -3.5575 0.0000
0.7145 -0.7071 0.0009
0.3689 -0.8843 0.0003
0.6119 -0.9709 0.0003
0.3942 -1.1447 0.0001
-2.0513 1.5296 0.0061
-2.0480 1.2937 0.0245
-4.3853 -2.6634 0.0000
-4.6127 -2.8109 0.0000
-1.3696 4.4774 0.0000
-1.6176 0.7286 0.0846
-1.7047 0.6883 0.1233
-1.6032 0.6305 0.1051
-1.6867 0.5941 0.1474
-1.7825 0.6405 0.1721
-1.8590 0.5954 0.2295
-1.7696 0.5441 0.2062
-1.6895 0.4904 0.1847
-1.8452 0.4932 0.2736
-1.8504 0.3931 0.3273
-1.9239 0.4345 0.3572
-1.9283 0.5262 0.3057
-2.0082 0.4519 0.4004
-1.8882 0.3164 0.3936
-1.9770 0.2616 0.4929
-2.0987 0.4888 0.4187
-2.0784 0.3919 0.4814
-1.9770 0.3585 0.4396
-2.0623 0.2984 0.5342
-2.0552 0.1962 0.5834
-2.1353 0.1302 0.6565
-2.1560 0.3333 0.5558
-2.1385 0.2378 0.6099
-2.2340 0.2722 0.6096
-2.2107 0.1847 0.6567
-2.2570 0.1118 0.6842
4.7606 0.4584 0.0000
4.5034 0.2755 0.0000
4.5041 0.0030 0.0000
-0.7814 1.7934 0.0000
-0.8320 1.5517 0.0001
-1.0827 1.5614 0.0002
-0.9420 1.2901 0.0006
2.8258 -0.5298 0.0100
2.7172 -0.7708 0.0101
2.8822 4.7533 0.0000
4.2852 -3.1503 0.0000
4.2178 -3.4300 0.0000
4.0452 -3.2067 0.0000
3.9371 -3.4815 0.0000
1.2142 2.2986 0.0000
0.9249 2.2631 0.0000
0.9463 -3.1245 0.0000
0.7276 -3.2543 0.0000
0.5065 -3.4260 0.0000
0.5531 -3.7019 0.0000
-1.8745 0.1391 0.4477
-1.9668 0.1621 0.5257
-1.9391 0.0649 0.5234
-1.5832 0.0553 0.2192
-1.6611 0.0589 0.2734
-1.6934 -0.0244 0.3010
-1.7927 -0.0277 0.3874
-1.8965 -0.0296 0.4866
-2.0026 -0.0072 0.5862
-2.0328 0.0981 0.5997
-2.0955 0.0385 0.6545
-2.0864 -0.0441 0.6484
-2.0550 -0.1158 0.6133
1.8156 -2.6939 0.0000
1.7496 2.8293 0.0000
1.5968 2.5994 0.0000
1.3245 2.5820 0.0000
-2.3713 4.7644 0.0000
-2.6554 4.7514 0.0000
-1.2579 -0.4295 0.0519
-1.4207 -0.4505 0.0908
-1.4935 -0.5273 0.0999
-1.5081 -0.6685 0.0734
-1.5601 -0.5847 0.1092
-1.6152 -0.6791 0.1020
1.0528 -1.6726 0.0000
0.8150 -1.7647 0.0000
0.8064 -3.7771 0.0000
0.6248 -4.0040 0.0000
1.6803 4.2922 0.0000
-3.1305 4.6431 0.0000
-3.3057 4.7690 0.0000
-3.5956 4.7529 0.0000
-3.4286 4.5104 0.0000
1.5156 0.1519 0.0229
1.5156 -0.0717 0.0242
-1.8049 1.8320 0.0005
-2.0866 1.7620 0.0014
3.7409 -1.0186 0.0000
-3.9662 -0.5458 0.0000
-4.0454 -0.8160 0.0000
-4.2422 -0.9663 0.0000
-4.4735 -0.8099 0.0000
-4.4908 -1.0900 0.0000
-4.7475 -1.1894 0.0000
1.9702 3.3335 0.0000
1.9569 3.0627 0.0000
-3.8230 -2.3497 0.0000
-4.0578 -2.3109 0.0000
-2.9963 3.8837 0.0000
-1.4308 -4.3003 0.0000
-1.5904 -4.5055 0.0000
0.4723 4.7639 0.0000
4.0705 4.5004 0.0000
0.9567 1.7724 0.0000
1.1539 1.5650 0.0003
0.9704 1.4617 0.0003
-2.9610 -3.0883 0.0000
-3.2034 -3.0710 0.0000
1.8205 0.4189 0.0418
1.9220 0.2616 0.0671
1.7388 0.2198 0.0442
3.0183 -2.9639 0.0000
2.8035 -3.1391 0.0000
0.4167 3.5016 0.0000
-2.6489 2.4840 0.0000
-2.9518 2.2987 0.0000
0.0833 1.2607 0.0002
1.1675 0.5546 0.0042
1.0688 0.2899 0.0046
2.4585 -0.0767 0.0862
2.3594 -0.1628 0.0980
2.2691 -0.2114 0.1011
-1.3699 -0.1706 0.1094
-1.4209 -0.2589 0.1203
-1.5170 -0.2614 0.1622
-1.4664 -0.1693 0.1493
-1.5726 -0.3440 0.1743
-1.4748 -0.3501 0.1285
-1.5302 -0.4316 0.1353
-1.5096 -0.0077 0.1779
-1.5367 -0.1000 0.1904
-1.6021 -0.0298 0.2335
-1.6383 -0.1132 0.2536
-1.6809 -0.1984 0.2715
-1.5729 -0.1846 0.2030
-1.6196 -0.2645 0.2173
-1.6361 -0.4129 0.1893
-1.5947 -0.5000 0.1454
-1.6790 -0.3274 0.2385
-1.7390 -0.3960 0.2538
-1.7379 -0.2697 0.2960
-1.8039 -0.3222 0.3276
-1.6915 -0.4917 0.1925
-1.7809 -0.4882 0.2414
-1.8367 -0.4121 0.3114
-1.9290 -0.4370 0.3604
-1.8619 -0.5069 0.2790
-1.9496 -0.5360 0.3114
2.1373 -4.5209 0.0000
-2.6284 -0.7176 0.1316
-2.6808 -0.8063 0.0814
4.2799 -1.3390 0.0000
2.6201 4.7625 0.0000
-1.2225 2.0443 0.0000
-1.2910 1.7686 0.0001
3.5569 3.7791 0.0000
3.4435 3.5484 0.0000
3.2383 -0.8366 0.0002
3.1438 -1.0998 0.0002
2.4299 2.7645 0.0000
3.2998 3.3645 0.0000
3.0996 3.5375 0.0000
3.0113 3.2812 0.0000
-2.1140 3.6531 0.0000
-2.1270 3.3983 0.0000
-2.3788 3.4401 0.0000
-2.5954 3.2307 0.0000
3.3712 2.3023 0.0000
3.0924 2.2081 0.0000
2.8242 2.1485 0.0000
-4.2937 3.2343 0.0000
-4.4886 3.4257 0.0000
-4.5350 3.1115 0.0000
-4.7600 2.9606 0.0000
-2.6060 2.7245 0.0000
-2.8579 2.7833 0.0000
2.6291 2.3204 0.0000
2.4823 2.1399 0.0001
2.2695 2.2479 0.0000
2.1632 2.0170 0.0001
3.3951 -0.3102 0.0001
3.1051 -0.3577 0.0016
1.2702 1.8082 0.0001
1.4315 1.5614 0.0006
3.1230 -1.8799 0.0000
-0.1795 -0.5544 0.0006
-0.6573 -0.6448 0.0033
1.6174 -1.1669 0.0024
1.3343 -1.1806 0.0010
1.2027 -1.4305 0.0002
0.0802 -2.4591 0.0000
3.8968 1.3292 0.0000
3.9469 1.0249 0.0000
3.7627 0.5853 0.0000
-4.5604 0.9310 0.0000
-4.7769 0.7829 0.0000
2.5076 3.3609 0.0000
2.4837 3.0656 0.0000
-4.2467 -3.9099 0.0000
4.2321 4.2845 0.0000
3.9366 4.2106 0.0000
3.7271 3.9956 0.0000
0.3994 -4.1611 0.0000
0.1918 -4.3390 0.0000
1.6807 3.0729 0.0000
1.4364 2.8765 0.0000
3.7843 4.4854 0.0000
3.4856 4.4987 0.0000
3.3204 4.2640 0.0000
4.7444 -3.3133 0.0000
4.7574 -3.6011 0.0000
2.7382 -2.8542 0.0000
2.5141 -3.0485 0.0000
0.3386 -4.5286 0.0000
4.1146 2.1919 0.0000
4.0294 1.9154 0.0000
3.7576 1.8497 0.0000
3.4862 1.7988 0.0000
4.7821 4.7719 0.0000
-1.0917 -1.2408 0.0008
-1.1317 -1.5542 0.0001
-1.3418 -1.3538 0.0014
0.1186 -1.1134 0.0001
-0.0234 -1.3718 0.0000
-0.3118 -1.3207 0.0000
4.0647 -1.7772 0.0000
4.1048 -2.0837 0.0000
4.5200 1.8577 0.0000
-0.8924 3.1553 0.0000
-0.9738 2.8862 0.0000
-1.0954 1.0302 0.0042
1.0611 3.8412 0.0000
0.7834 3.7749 0.0000
2.5876 4.0317 0.0000
2.3733 3.9339 0.0000
-2.7006 1.7295 0.0005
-2.8748 1.4943 0.0008
-2.2835 -0.2399 0.6223
-2.3522 -0.4041 0.4855
-2.4137 -0.4809 0.3954
-2.2630 0.0194 0.6993
-2.2474 -0.0662 0.6957
-2.3410 -0.0265 0.6692
-2.4063 -0.0914 0.6108
-2.3221 -0.1236 0.6606
-2.3654 -0.1948 0.6081
-2.4412 -0.2381 0.5261
-2.3812 -0.3040 0.5381
-2.4428 -0.3916 0.4367
-2.4658 -0.1546 0.5342
-2.5338 -0.2257 0.4319
-2.4881 -0.3106 0.4439
-2.5893 -0.3079 0.3361
-2.5348 -0.3884 0.3566
-2.6136 -0.3948 0.2753
-2.5174 -0.4714 0.3262
-2.6179 -0.4757 0.2372
-2.4697 -0.5581 0.3074
-2.5658 -0.5557 0.2418
-2.6640 -0.5597 0.1676
-2.6112 -0.6392 0.1719
-2.7019 -0.6430 0.1168
-2.7538 -0.7110 0.0750
0.1738 4.7554 0.0000
0.0133 4.5290 0.0000
-0.1375 4.7647 0.0000
-0.3958 -3.9098 0.0000
-0.6478 -4.0765 0.0000
3.0380 -0.0803 0.0036
-0.9268 -0.6954 0.0076
-1.1563 -0.6217 0.0224
-1.2253 -0.8152 0.0155
2.8619 1.0107 0.0025
2.6578 1.1450 0.0040
2.6296 0.8435 0.0124
2.3562 0.7935 0.0272
-3.8803 -2.6076 0.0000
-0.3788 -2.6122 0.0000
-0.5417 -2.8406 0.0000
-0.6319 -3.0807 0.0000
2.4634 1.6645 0.0008
2.2813 1.4923 0.0019
4.1729 2.5016 0.0000
3.9398 2.3907 0.0000
-3.3406 2.7084 0.0000
-3.4387 2.4762 0.0000
-3.5780 2.2581 0.0000
-3.7191 2.5236 0.0000
-3.8667 2.2799 0.0000
-3.7250 2.0388 0.0000
-3.9877 2.0072 0.0000
-0.0228 0.9917 0.0006
-0.2974 0.9321 0.0009
-0.5608 0.8584 0.0019
-0.3847 0.6432 0.0027
-0.0905 -4.2724 0.0000
0.0028 -4.5326 0.0000
-3.1720 -3.9797 0.0000
4.1873 -4.7472 0.0000
3.8150 -1.6409 0.0000
3.2199 0.7089 0.0003
2.9362 0.7537 0.0031
4.7649 -1.6935 0.0000
4.5272 -1.8191 0.0000
-3.9142 -2.8693 0.0000
3.5943 -1.8172 0.0000
3.3758 -1.9951 0.0000
2.1481 -2.0519 0.0001
2.0139 -2.4706 0.0000
2.6501 4.5292 0.0000
2.4653 4.2590 0.0000
-1.1472 0.5648 0.0267
-1.3527 0.5678 0.0535
-1.4204 0.4154 0.0923
-1.2786 0.4010 0.0592
-1.4168 0.3322 0.1041
-1.3509 0.2809 0.0900
-1.4350 0.2253 0.1255
-1.4874 0.2960 0.1368
4.5222 -1.2119 0.0000
-2.3123 -0.4945 0.4297
-2.3703 -0.5675 0.3526
-2.4323 -0.6465 0.2695
-2.5214 -0.6432 0.2246
-2.5366 -0.7256 0.1739
-2.0203 -0.4574 0.4034
-2.1184 -0.4839 0.4284
-2.2181 -0.4920 0.4421
-2.2656 -0.5908 0.3596
-2.3451 -0.6550 0.2954
-2.0546 -0.5430 0.3580
-2.1045 -0.6092 0.3262
-2.1709 -0.5641 0.3773
-2.1751 -0.6630 0.3002
-2.2656 -0.6974 0.2772
-2.3622 -0.7421 0.2306
-2.4436 -0.7281 0.2134
-2.2850 -0.7947 0.2090
-2.3821 -0.8350 0.1704
-2.4749 -0.8108 0.1573
-2.5426 -0.8894 0.1025
-2.5746 -0.8058 0.1225
1.5914 4.0272 0.0000
1.5317 3.7530 0.0000
0.6363 2.9897 0.0000
0.5804 2.7435 0.0000
0.3337 2.7899 0.0000
0.5074 2.4964 0.0000
0.3044 2.2578 0.0000
-0.2033 -2.3762 0.0000
-0.1124 -2.6620 0.0000
4.7671 -1.0772 0.0000
2.7801 0.0106 0.0232
2.8465 -0.2520 0.0133
2.6278 -0.1626 0.0476
2.4732 -0.1876 0.0781
2.6486 -0.3672 0.0345
2.5034 -0.3229 0.0621
2.4030 -0.4242 0.0659
2.3673 -0.2793 0.0868
2.2659 -0.3182 0.0897
2.2552 -0.4384 0.0740
-0.9785 -4.5052 0.0000
-1.1080 -4.7593 0.0000
-0.8619 -3.8400 0.0000
-0.9583 -4.0968 0.0000
-1.8452 -1.1273 0.0355
1.9787 3.6036 0.0000
1.7301 3.5657 0.0000
-2.7506 3.0065 0.0000
-3.1050 2.8761 0.0000
-3.3918 -3.8101 0.0000
-2.3862 -4.2675 0.0000
-2.5011 -4.5376 0.0000
-2.3720 1.7054 0.0021
-2.2812 1.4497 0.0116
-2.4590 1.2649 0.0256
-0.6132 0.0801 0.0097
-0.6747 -0.1891 0.0104
0.4713 -2.0770 0.0000
0.2659 -2.2564 0.0000
-2.3010 3.1746 0.0000
-2.4974 2.9598 0.0000
-3.8886 4.7818 0.0000
0.0127 2.1558 0.0000
-0.2228 2.0141 0.0000
-0.4719 1.8854 0.0000
3.9195 4.7502 0.0000
3.0439 -0.6379 0.0017
-4.0053 -0.1848 0.0000
-4.2057 -0.3704 0.0000
-0.5099 2.4753 0.0000
1.0462 -2.2417 0.0000
0.7541 -2.4715 0.0000
0.3688 -2.5459 0.0000
1.4934 2.3268 0.0000
-2.2595 -2.0667 0.0001
-2.4341 -2.3028 0.0000
-2.7023 -2.4412 0.0000
-1.4274 3.2567 0.0000
-1.4864 2.9858 0.0000
0.6458 4.5230 0.0000
0.3911 4.5318 0.0000
0.2236 4.4661 0.0000
2.2200 -2.3015 0.0000
-0.8153 -2.8370 0.0000
-0.9281 -3.0774 0.0000
-1.3387 -3.1860 0.0000
-4.7561 -3.6005 0.0000
-0.4229 -0.1209 0.0062
-0.7831 -0.4305 0.0099
-3.9540 -3.8531 0.0000
1.6973 1.0658 0.0048
0.6563 -4.5450 0.0000
-3.6444 3.4862 0.0000
-3.8302 3.2699 0.0000
1.8836 2.5824 0.0000
1.7667 2.3456 0.0000
1.6773 2.0734 0.0000
-4.5174 4.7218 0.0000
-2.9953 -0.1842 0.0300
-3.2501 -0.2460 0.0011
-3.5392 -0.2881 0.0000
-3.0606 -0.4665 0.0111
-3.3605 -0.5184 0.0001
-3.6581 -0.5610 0.0000
-3.8166 -0.3334 0.0000
0.7676 2.4909 0.0000
0.6215 2.2453 0.0000
0.4814 2.0114 0.0000
0.2013 1.9737 0.0000
0.3420 1.7497 0.0000
-4.5085 3.7316 0.0000
-4.7507 3.5847 0.0000
-3.0990 3.4180 0.0000
-0.0688 4.2760 0.0000
4.7604 3.2822 0.0000
3.7982 -3.2226 0.0000
3.6364 -3.4359 0.0000
2.4476 -4.5323 0.0000
-1.8276 2.6133 0.0000
-2.8895 -3.8382 0.0000
1.6544 -2.1344 0.0000
1.3104 -2.1389 0.0000
-4.2678 2.0294 0.0000
-4.4634 1.8301 0.0000
-0.7972 3.9961 0.0000
-0.8940 3.7384 0.0000
3.2015 2.7985 0.0000
3.1576 2.5043 0.0000
-0.2066 4.0265 0.0000
-0.3644 3.8210 0.0000
1.7922 -1.3929 0.0015
1.6588 -1.6648 0.0003
0.4040 3.2682 0.0000
0.1505 3.2682 0.0000
-0.2541 1.7013 0.0000
-4.7827 -2.6519 0.0000
-4.7520 -2.9997 0.0000
-1.0173 -2.0982 0.0000
-1.2866 -2.1418 0.0000
1.5712 -0.6845 0.0110
1.3069 -0.6848 0.0047
1.4544 -0.9289 0.0036
1.1764 -0.9343 0.0015
1.0493 -1.1868 0.0004
-1.6209 3.4551 0.0000
0.4200 -2.8561 0.0000
0.1979 -3.0404 0.0000
2.7496 -4.0740 0.0000
4.2322 -3.9586 0.0000
4.0974 -4.2277 0.0000
1.1005 4.7475 0.0000
-0.3036 -4.4940 0.0000
-4.4031 -2.9431 0.0000
-4.5043 -3.1688 0.0000
0.0617 -3.7853 0.0000
-0.1371 -3.9859 0.0000
0.4143 0.7820 0.0017
0.1419 0.7660 0.0013
-0.5516 0.3353 0.0068
-0.8186 0.2854 0.0148
-0.8563 0.0169 0.0191
-4.0523 -4.1017 0.0000
-4.2740 -4.2207 0.0000
-3.6613 -3.8437 0.0000
1.0897 -4.7491 0.0000
0.7934 -4.7672 0.0000
-2.4030 -2.8470 0.0000
-2.6626 -3.0334 0.0000
-2.4397 -2.5599 0.0000
-2.6722 -2.7279 0.0000
-2.9118 -2.8574 0.0000
4.4992 1.5626 0.0000
4.1916 1.4517 0.0000
2.8026 0.3266 0.0166
2.5941 0.4083 0.0412
2.6430 0.1899 0.0442
2.4695 0.2877 0.0714
2.3749 0.2139 0.0919
2.3644 0.1145 0.1000
2.2752 0.0801 0.1091
2.5760 0.0062 0.0620
2.4811 0.1401 0.0795
2.4408 0.0292 0.0906
2.3532 0.0208 0.1042
2.3592 -0.0680 0.1027
1.9318 -2.1835 0.0000
1.7436 -2.4192 0.0000
0.0484 2.7151 0.0000
3.7256 3.0086 0.0000
3.4630 2.9085 0.0000
-3.5688 4.0415 0.0000
2.2006 2.6037 0.0000
2.0651 2.3841 0.0000
-1.6264 2.4211 0.0000
-2.3508 0.9776 0.1129
-2.4563 0.9529 0.1055
-2.5568 0.9197 0.0913
-2.1951 0.9510 0.1310
-2.2732 0.9568 0.1283
-2.3713 0.9000 0.1454
-2.1991 0.8608 0.1776
-2.2869 0.8769 0.1677
-2.3504 0.8022 0.2020
-2.4440 0.8475 0.1546
-2.5207 0.8340 0.1355
-2.6124 0.8137 0.1070
-2.7150 0.9482 0.0410
-2.6948 0.7719 0.0847
-2.6211 0.7086 0.1405
-2.2504 0.7874 0.2222
-2.3145 0.7177 0.2626
-2.4278 0.7559 0.2084
-2.5262 0.7456 0.1732
-2.5456 0.6460 0.2118
-2.6285 0.6071 0.1753
-2.7144 0.6634 0.1041
-2.8425 0.7901 0.0321
-2.8246 0.5951 0.0638
1.2602 1.3083 0.0012
1.1350 1.0378 0.0019
3.0825 -1.5864 0.0000
1.7175 4.7567 0.0000
-2.5527 4.4906 0.0000
-2.6100 4.2484 0.0000
-2.7859 4.0171 0.0000
1.2529 0.0488 0.0099
0.9490 0.0461 0.0037
0.7874 -0.1963 0.0023
-0.3774 1.4234 0.0001
-0.5576 1.6346 0.0000
-0.6596 1.3421 0.0002
4.7565 -4.2202 0.0000
4.5532 -4.0822 0.0000
2.2363 4.1881 0.0000
1.9973 4.2838 0.0000
1.8605 4.1045 0.0000
-1.9124 2.3383 0.0000
1.4947 -2.3324 0.0000
1.2612 -2.4377 0.0000
1.2141 -2.7067 0.0000
-0.2239 2.5946 0.0000
0.6963 1.2848 0.0004
2.9038 -2.0582 0.0000
-0.4726 -4.7356 0.0000
1.6601 -2.9256 0.0000
1.4955 -3.1734 0.0000
-1.6228 3.7896 0.0000
-1.8295 3.6419 0.0000
-1.8880 3.3836 0.0000
-4.0262 3.7836 0.0000
-4.5436 1.5631 0.0000
-4.7645 1.4062 0.0000
4.4790 -2.1320 0.0000
4.2384 -2.2913 0.0000
3.9996 -2.4509 0.0000
3.5568 -3.1291 0.0000
-2.9376 -1.4468 0.0008
-3.2113 -1.5482 0.0000
-0.8119 -1.1661 0.0003
-0.8808 -1.4515 0.0001
-0.7089 2.2919 0.0000
-4.1611 -4.4610 0.0000
-4.2025 -4.7396 0.0000
-4.5084 -4.7653 0.0000
-4.7663 -4.7628 0.0000
0.8922 -0.9417 0.0006
0.7662 -1.2001 0.0002
0.5661 -1.3172 0.0001
2.5587 -0.5518 0.0343
2.4722 -0.7646 0.0248
2.3787 -0.9662 0.0150
-4.2465 3.5850 0.0000
3.4233 2.5991 0.0000
3.6574 2.4024 0.0000
3.5604 2.0891 0.0000
3.6493 -3.9941 0.0000
-0.6392 0.5611 0.0056
-0.9022 0.5365 0.0127
2.6657 2.6044 0.0000
2.4095 2.4625 0.0000
4.7651 -1.3840 0.0000
4.5286 -1.5122 0.0000
-1.1018 -2.3748 0.0000
-1.2519 -2.6262 0.0000
4.7599 1.4457 0.0000
4.6705 1.2541 0.0000
-1.6085 -4.1287 0.0000
-1.7818 -4.2947 0.0000
-1.8910 -4.5425 0.0000
-2.1213 2.5494 0.0000
-2.1867 2.2613 0.0000
0.9806 -1.9887 0.0000
0.7051 -2.0072 0.0000
0.7927 -2.2301 0.0000
0.5392 -2.3318 0.0000
-3.1095 -3.3492 0.0000
-3.4262 -3.2647 0.0000
-3.2991 -3.5231 0.0000
-3.5637 -3.5629 0.0000
-0.3672 -0.9653 0.0002
-0.5210 -1.1293 0.0001
-0.6704 -4.5519 0.0000
4.7609 3.5904 0.0000
-4.2215 4.7668 0.0000
4.2752 -4.4801 0.0000
1.8575 4.5059 0.0000
4.3326 2.3229 0.0000
-1.9909 2.0484 0.0001
-2.2685 1.9814 0.0003
3.1561 -2.1820 0.0000
3.1934 -2.4762 0.0000
2.9667 -2.6657 0.0000
-2.3461 0.0705 0.6608
-2.4351 0.0026 0.5924
-2.5007 -0.0651 0.5132
-2.5658 -0.1344 0.4185
-2.6259 -0.2166 0.3230
-2.6820 -0.2995 0.2368
-2.7884 -0.2689 0.1409
-2.7633 -0.3457 0.1490
-2.7823 -0.4201 0.1200
-2.8553 -0.4758 0.0682
-2.6886 -0.3924 0.2036
-2.7196 -0.4788 0.1524
-2.7462 -0.5677 0.1112
-2.8206 -0.5791 0.0699
4.7687 -2.8143 0.0000
4.7599 -3.0453 0.0000
4.5271 -3.0471 0.0000
3.3199 0.4417 0.0002
3.2044 0.2070 0.0008
2.9639 0.1658 0.0062
-1.4241 2.2345 0.0000
-1.7139 2.1341 0.0000
4.4732 -0.2752 0.0000
4.2615 -0.4656 0.0000
3.9626 -0.4243 0.0000
1.5150 -2.6349 0.0000
2.9992 -1.3284 0.0003
3.9303 -0.1091 0.0000
3.7430 -0.2888 0.0000
3.6105 -0.4932 0.0000
3.3247 -0.5724 0.0001
4.5413 -4.4152 0.0000
-1.1057 3.6121 0.0000
-1.3021 3.4519 0.0000
0.2088 4.2423 0.0000
0.0655 4.0044 0.0000
-0.8449 3.4604 0.0000
-1.0943 3.3244 0.0000
1.6770 0.5894 0.0193
1.4305 0.5831 0.0092
4.2975 2.0099 0.0000
4.2531 1.7268 0.0000
3.9676 1.6300 0.0000
-1.2658 3.7953 0.0000
-1.4495 3.6333 0.0000
-4.1280 1.7661 0.0000
-4.2848 1.5391 0.0000
3.9642 3.8806 0.0000
3.7716 3.6855 0.0000
3.6697 3.4558 0.0000
-0.8818 2.4301 0.0000
-1.1344 2.3248 0.0000
2.5912 -1.6527 0.0005
2.4442 -1.4676 0.0017
2.3734 -1.8143 0.0003
2.1005 -1.8341 0.0003
-4.7590 0.1704 0.0000
-0.5875 3.5142 0.0000
-0.6297 3.2348 0.0000
-3.4839 -2.2924 0.0000
-3.6156 -2.4978 0.0000
-3.6642 -2.7932 0.0000
2.8619 -1.7661 0.0001
