5.0000 5.0000 0.0000
0.0000 5.0000 0.0000
2.5000 5.0000 0.0000
3.7500 5.0000 0.0000
4.3750 5.0000 0.0000
4.6875 5.0000 0.0000
4.0625 5.0000 0.0000
3.1250 5.0000 0.0000
3.4375 5.0000 0.0000
2.8125 5.0000 0.0000
1.2500 5.0000 0.0000
1.8750 5.0000 0.0000
2.1875 5.0000 0.0000
1.5625 5.0000 0.0000
0.6250 5.0000 0.0000
0.9375 5.0000 0.0000
0.3125 5.0000 0.0000
-2.5000 5.0000 0.0000
-1.2500 5.0000 0.0000
-0.6250 5.0000 0.0000
-0.3125 5.0000 0.0000
-0.9375 5.0000 0.0000
-1.8750 5.0000 0.0000
-1.5625 5.0000 0.0000
-2.1875 5.0000 0.0000
-3.7500 5.0000 0.0000
-3.1250 5.0000 0.0000
-2.8125 5.0000 0.0000
-3.4375 5.0000 0.0000
-4.3750 5.0000 0.0000
-4.0625 5.0000 0.0000
-4.6875 5.0000 0.0000
5.0000 -5.0000 0.0000
5.0000 0.0000 0.0000
5.0000 -2.5000 0.0000
5.0000 -3.7500 0.0000
5.0000 -4.3750 0.0000
5.0000 -4.6875 0.0000
5.0000 -4.0625 0.0000
5.0000 -3.1250 0.0000
5.0000 -3.4375 0.0000
5.0000 -2.8125 0.0000
5.0000 -1.2500 0.0000
5.0000 -1.8750 0.0000
5.0000 -2.1875 0.0000
5.0000 -1.5625 0.0000
5.0000 -0.6250 0.0000
5.0000 -0.9375 0.0000
5.0000 -0.3125 0.0000
5.0000 2.5000 0.0000
5.0000 1.2500 0.0000
5.0000 0.6250 0.0000
5.0000 0.3125 0.0000
5.0000 0.9375 0.0000
5.0000 1.8750 0.0000
5.0000 1.5625 0.0000
5.0000 2.1875 0.0000
5.0000 3.7500 0.0000
5.0000 3.1250 0.0000
5.0000 2.8125 0.0000
5.0000 3.4375 0.0000
5.0000 4.3750 0.0000
5.0000 4.0625 0.0000
5.0000 4.6875 0.0000
-5.0000 -5.0000 0.0000
0.0000 -5.0000 0.0000
-2.5000 -5.0000 0.0000
-3.7500 -5.0000 0.0000
-4.3750 -5.0000 0.0000
-4.6875 -5.0000 0.0000
-4.0625 -5.0000 0.0000
-3.1250 -5.0000 0.0000
-3.4375 -5.0000 0.0000
-2.8125 -5.0000 0.0000
-1.2500 -5.0000 0.0000
-1.8750 -5.0000 0.0000
-2.1875 -5.0000 0.0000
-1.5625 -5.0000 0.0000
-0.6250 -5.0000 0.0000
-0.9375 -5.0000 0.0000
-0.3125 -5.0000 0.0000
2.5000 -5.0000 0.0000
1.2500 -5.0000 0.0000
0.6250 -5.0000 0.0000
0.3125 -5.0000 0.0000
0.9375 -5.0000 0.0000
1.8750 -5.0000 0.0000
1.5625 -5.0000 0.0000
2.1875 -5.0000 0.0000
3.7500 -5.0000 0.0000
3.1250 -5.0000 0.0000
2.8125 -5.0000 0.0000
3.4375 -5.0000 0.0000
4.3750 -5.0000 0.0000
4.0625 -5.0000 0.0000
4.6875 -5.0000 0.0000
-5.0000 5.0000 0.0000
-5.0000 0.0000 0.0000
-5.0000 2.5000 0.0000
-5.0000 3.7500 0.0000
-5.0000 4.3750 0.0000
-5.0000 4.6875 0.0000
-5.0000 4.0625 0.0000
-5.0000 3.1250 0.0000
-5.0000 3.4375 0.0000
-5.0000 2.8125 0.0000
-5.0000 1.2500 0.0000
-5.0000 1.8750 0.0000
-5.0000 2.1875 0.0000
-5.0000 1.5625 0.0000
-5.0000 0.6250 0.0000
-5.0000 0.9375 0.0000
-5.0000 0.3125 0.0000
-5.0000 -2.5000 0.0000
-5.0000 -1.2500 0.0000
-5.0000 -0.6250 0.0000
-5.0000 -0.3125 0.0000
-5.0000 -0.9375 0.0000
-5.0000 -1.8750 0.0000
-5.0000 -1.5625 0.0000
-5.0000 -2.1875 0.0000
-5.0000 -3.7500 0.0000
-5.0000 -3.1250 0.0000
-5.0000 -2.8125 0.0000
-5.0000 -3.4375 0.0000
-5.0000 -4.3750 0.0000
-5.0000 -4.0625 0.0000
-5.0000 -4.6875 0.0000
2.4491 -0.1669 0.1168
2.3618 -0.1966 0.1311
2.6654 -0.2430 0.0530
2.5302 -0.2088 0.0925
2.4384 -0.2626 0.1103
-2.0685 2.1766 0.0000
-1.8700 1.9793 0.0002
-2.1189 1.9082 0.0005
-2.3436 1.7907 0.0011
4.7616 4.7610 0.0000
-0.5701 -2.0885 0.0000
-0.7967 -2.2029 0.0000
1.6452 0.8016 0.0131
2.5444 -0.3290 0.0776
2.4270 -0.3601 0.0998
2.5346 -0.4622 0.0643
2.6292 -0.6427 0.0297
2.4309 -0.5879 0.0632
-2.2346 2.3903 0.0000
-2.3687 2.0981 0.0001
-2.6909 2.1507 0.0000
-2.6046 1.8995 0.0002
2.7056 3.6727 0.0000
2.8271 3.4432 0.0000
-3.6745 -2.7019 0.0000
-3.4158 -1.0497 0.0000
-2.8471 3.1385 0.0000
-2.7021 2.8854 0.0000
-3.0152 2.9133 0.0000
-2.9008 2.6711 0.0000
-3.1010 2.4900 0.0000
2.5345 3.4544 0.0000
2.2662 3.4305 0.0000
-2.1006 -0.5049 0.3822
-2.1568 -0.5778 0.3428
-2.2514 -0.5685 0.3571
-2.3012 -0.6445 0.2950
-2.3506 -0.7250 0.2308
-2.4058 -0.8012 0.1731
-2.8065 2.4006 0.0000
-2.9121 1.9825 0.0000
-3.0149 2.2268 0.0000
-3.2112 2.0188 0.0000
-1.7429 4.7769 0.0000
-1.6973 4.5671 0.0000
3.1650 -0.6068 0.0007
1.0867 -0.6916 0.0030
0.8395 -0.6322 0.0017
0.7453 -0.8832 0.0006
0.9894 -0.9198 0.0011
0.9252 -1.1690 0.0003
-4.7503 -4.5152 0.0000
-1.6252 0.6573 0.1000
-1.5279 0.6257 0.0794
-1.5394 0.5097 0.1071
-1.6312 0.5601 0.1282
-1.6408 0.4658 0.1592
-4.7653 3.2942 0.0000
0.5433 3.5612 0.0000
3.4173 -1.1210 0.0000
-0.6931 -1.1136 0.0003
-1.8048 0.9530 0.0670
-1.7601 0.7875 0.1030
-1.7933 0.6805 0.1513
-1.8302 0.8471 0.1032
-1.9152 0.8258 0.1339
-1.9679 0.7460 0.1860
-1.8607 0.7513 0.1477
-1.8884 0.6645 0.1968
-1.9820 0.6447 0.2461
-1.9966 0.5475 0.3113
-1.0753 2.0287 0.0000
-1.5637 1.9712 0.0001
-1.2708 1.8010 0.0001
-1.3393 1.4811 0.0009
-1.5443 1.6611 0.0006
-2.5617 3.1398 0.0000
-2.4140 2.8920 0.0000
-2.6245 2.6282 0.0000
-2.0653 -0.7660 0.1972
-2.1189 -0.8396 0.1656
-2.1797 -0.9122 0.1344
-2.2144 -0.8237 0.1820
-2.3060 -0.8105 0.1860
0.5769 -4.5122 0.0000
0.6937 -2.7537 0.0000
0.4648 -2.9273 0.0000
1.1205 4.7646 0.0000
-4.7776 -3.3047 0.0000
-3.1536 3.9488 0.0000
3.3719 -2.5713 0.0000
3.0886 -2.6691 0.0000
0.0172 -3.5433 0.0000
-3.8465 -3.1916 0.0000
-0.5771 2.4609 0.0000
-0.7998 2.2773 0.0000
-0.8281 2.0398 0.0000
-4.7519 4.2070 0.0000
-3.1412 -1.0923 0.0006
-3.2696 -1.3270 0.0000
-3.4833 -1.7934 0.0000
2.6647 -0.8829 0.0122
2.6449 -1.1600 0.0046
2.6235 -1.4767 0.0012
2.4282 -0.9970 0.0167
2.3956 -1.2635 0.0056
2.1257 -1.3218 0.0046
2.3184 -1.5305 0.0016
2.0374 -1.5943 0.0010
2.1804 -1.8068 0.0004
-1.5235 -1.2803 0.0049
-1.7711 -1.3592 0.0074
-1.6299 -1.5729 0.0010
-1.8888 -1.6644 0.0012
-0.9654 -0.1361 0.0237
-1.0371 -0.3181 0.0252
-1.2164 -0.3363 0.0485
2.5126 4.2231 0.0000
4.0602 -2.6753 0.0000
-2.7655 0.3835 0.1307
-2.8541 0.4390 0.0673
-2.7015 0.3212 0.1984
-2.8130 0.2974 0.1099
-2.6156 0.3068 0.2890
-2.6344 0.2156 0.2945
-2.7284 0.2309 0.1910
-2.8192 0.1966 0.1165
-2.9463 0.1231 0.0466
-2.7097 0.1407 0.2235
-2.7595 0.0181 0.1795
-2.7871 0.1066 0.1500
-2.8373 0.0330 0.1115
-2.9163 -0.0387 0.0621
-1.6279 -0.3892 0.1819
-1.7055 -0.3927 0.2218
-1.5960 -0.4724 0.1464
-1.6847 -0.4822 0.1828
-1.7755 -0.4597 0.2371
-1.7464 -0.5568 0.1850
2.3790 0.2236 0.1241
4.7574 -4.5119 0.0000
4.5063 -4.6982 0.0000
1.7998 4.5564 0.0000
1.5581 4.4727 0.0000
1.3762 4.2191 0.0000
-3.7808 -1.3827 0.0000
-4.0056 -1.6136 0.0000
-0.5211 3.5793 0.0000
-4.2563 -4.5270 0.0000
-4.4989 -4.7136 0.0000
4.2205 1.5748 0.0000
0.9714 4.5452 0.0000
0.8009 4.3508 0.0000
0.5433 4.3176 0.0000
0.0569 1.6123 0.0000
-0.1504 1.3840 0.0001
2.2091 3.6635 0.0000
2.0033 3.4011 0.0000
-4.7498 -3.9106 0.0000
3.5581 -3.5344 0.0000
2.8368 -2.5292 0.0000
2.1416 4.5094 0.0000
4.4588 -0.8471 0.0000
2.4849 0.0603 0.1123
-0.7598 0.5933 0.0068
-2.1028 -0.6714 0.2644
-2.1597 -0.7468 0.2249
-0.1018 -2.0431 0.0000
-0.3273 -2.1994 0.0000
-1.1074 3.3901 0.0000
-0.9452 -1.9667 0.0000
4.5121 0.2567 0.0000
2.2270 -2.5620 0.0000
3.9965 -4.4241 0.0000
4.2935 -2.2293 0.0000
4.1758 -2.4469 0.0000
-0.6519 -4.3094 0.0000
-0.9126 -4.2451 0.0000
-3.5990 -4.7626 0.0000
-0.6955 4.6827 0.0000
4.5202 2.8240 0.0000
-2.0472 -2.9648 0.0000
-1.4410 4.4965 0.0000
-2.5380 0.4607 0.2977
-2.5328 0.3647 0.3497
-2.3597 0.3762 0.4748
-2.3094 0.3123 0.5378
-2.3748 0.2565 0.5389
-2.4566 0.2190 0.4906
-2.3642 0.4747 0.4040
-2.4479 0.4215 0.3907
-2.4418 0.3204 0.4547
-2.5352 0.2667 0.3902
1.5316 0.6071 0.0158
-0.2763 -0.2784 0.0028
2.3245 4.7534 0.0000
-4.0449 -1.1155 0.0000
-4.0155 -1.3509 0.0000
-2.4157 -0.0333 0.5757
-2.3951 -0.1105 0.5805
-2.4065 -0.1911 0.5455
-2.4881 -0.2332 0.4534
-2.4839 -0.3333 0.4112
-2.4875 -0.1275 0.4879
-2.5705 -0.1881 0.3766
-2.5691 -0.2866 0.3464
-2.6466 -0.3415 0.2465
-2.5654 -0.3893 0.3075
-2.6423 -0.4538 0.2117
-2.7138 -0.3993 0.1685
-2.2491 3.6678 0.0000
-2.1416 3.4205 0.0000
-2.3075 3.1896 0.0000
0.1991 2.1012 0.0000
-0.0570 2.2271 0.0000
2.8527 -2.0554 0.0000
2.6498 -2.2979 0.0000
2.5758 2.5498 0.0000
4.0485 0.1865 0.0000
3.8883 0.0322 0.0000
2.7893 1.5336 0.0005
-2.9375 -2.0022 0.0000
1.7013 4.2254 0.0000
1.8024 3.9164 0.0000
1.5939 3.7207 0.0000
2.2289 4.2484 0.0000
1.9948 4.1378 0.0000
0.0833 3.2458 0.0000
-4.2833 -3.3366 0.0000
-4.2248 -3.6307 0.0000
-2.0671 -4.0714 0.0000
-1.9863 -4.4433 0.0000
4.7430 1.4537 0.0000
4.7473 1.1884 0.0000
-3.0544 -0.6175 0.0080
-3.3084 -0.5172 0.0003
-3.5457 -0.6002 0.0000
-3.3088 -0.7991 0.0002
-3.6283 -0.8737 0.0000
0.9887 -3.8847 0.0000
-0.3110 -2.5000 0.0000
2.4706 -1.7534 0.0004
-0.3910 -4.4862 0.0000
3.6788 -0.7129 0.0000
3.7074 -1.0165 0.0000
-4.2549 3.2381 0.0000
-1.8253 3.8776 0.0000
-1.9667 3.6524 0.0000
3.1142 -0.2198 0.0020
2.9805 -0.4399 0.0050
2.7329 -0.4408 0.0280
3.6645 4.7567 0.0000
3.4167 4.7607 0.0000
3.2157 4.4679 0.0000
1.1710 -2.6742 0.0000
1.2256 -2.9656 0.0000
-2.2693 -0.9068 0.1377
-2.3596 -0.8814 0.1416
-2.3488 -0.9777 0.1013
-2.4272 -0.9053 0.1190
-2.4638 -0.9684 0.0884
-2.4427 -1.0763 0.0597
-2.4811 -0.8424 0.1325
-2.5408 -0.9146 0.0890
-1.4320 4.2025 0.0000
-1.6883 4.3112 0.0000
-1.6522 4.0402 0.0000
1.2604 0.5835 0.0070
0.9984 0.4796 0.0036
0.8409 0.2861 0.0031
-1.3248 -0.0986 0.0926
-1.3673 0.0784 0.1058
-1.4567 0.0380 0.1422
-1.2661 0.0198 0.0770
-1.3768 -0.0147 0.1112
-1.4358 -0.0659 0.1335
-1.4964 -0.1343 0.1574
-1.4026 -0.1466 0.1171
-1.3400 -0.2206 0.0902
-1.3550 -0.3321 0.0831
-1.4547 -0.2248 0.1313
-1.5594 -0.2047 0.1821
-1.4468 -0.3081 0.1180
-1.4630 -0.3845 0.1121
-1.5368 -0.2947 0.1578
-1.5417 -0.3861 0.1432
-4.5079 -4.3911 0.0000
-2.9577 1.2187 0.0018
-2.9299 0.9942 0.0068
-3.1788 0.9699 0.0004
-3.2224 0.7434 0.0005
-4.5008 -4.0825 0.0000
2.3945 -3.9600 0.0000
2.0838 -3.9380 0.0000
1.9684 -4.2158 0.0000
0.9647 3.1688 0.0000
-1.5376 -2.8485 0.0000
-1.7492 -2.9704 0.0000
3.8553 -1.4639 0.0000
3.7875 -1.6894 0.0000
3.5355 -1.8155 0.0000
-0.6669 1.1200 0.0007
4.0443 1.8984 0.0000
4.2816 1.8078 0.0000
3.9848 1.6538 0.0000
-0.2800 -2.7896 0.0000
-1.1924 4.3752 0.0000
-0.8892 1.3027 0.0005
-4.5210 -2.4780 0.0000
-4.7625 -2.3415 0.0000
3.7462 4.1984 0.0000
0.3254 -4.7498 0.0000
-2.3086 4.1311 0.0000
-2.1430 -3.7246 0.0000
-2.2929 -3.9566 0.0000
-2.5173 -4.0479 0.0000
3.3424 1.4897 0.0000
3.1789 1.2059 0.0001
-4.7627 3.6029 0.0000
-4.4980 3.1959 0.0000
0.1982 -2.7944 0.0000
4.7504 0.4365 0.0000
4.7674 0.1406 0.0000
-0.7105 4.3505 0.0000
-2.9754 -4.7548 0.0000
1.0103 -3.1358 0.0000
-3.7155 2.6391 0.0000
-3.8891 2.3999 0.0000
-4.0831 2.2001 0.0000
0.0843 -1.2408 0.0001
-0.0410 -1.4799 0.0000
-0.1076 -1.7638 0.0000
1.2979 3.2598 0.0000
-2.7906 -0.4053 0.1101
-2.7362 -0.4875 0.1296
-2.8764 -0.4962 0.0528
-2.7445 -0.3122 0.1622
-2.8710 -0.3386 0.0711
3.4628 0.4253 0.0000
3.2436 0.2703 0.0005
2.9475 1.7978 0.0001
2.6633 1.7814 0.0003
2.3147 1.7891 0.0005
-4.2488 -0.2068 0.0000
-2.7857 3.6142 0.0000
-3.0368 1.4732 0.0002
-3.2254 1.2341 0.0001
2.0569 -2.3605 0.0000
-0.5019 -1.3359 0.0001
-0.7843 -1.3937 0.0001
-2.2880 -0.4867 0.4165
-2.3584 -0.5601 0.3424
-2.3954 -0.6426 0.2716
-2.5336 -0.6787 0.1876
-2.4487 -0.7206 0.2038
-2.5210 -0.7726 0.1494
2.3254 2.4061 0.0000
2.2994 2.1098 0.0001
2.0638 1.9643 0.0002
1.7904 1.8457 0.0003
-4.2447 -0.8638 0.0000
0.1657 2.3995 0.0000
0.1211 2.6915 0.0000
-0.1008 2.5339 0.0000
-0.3115 2.3540 0.0000
-0.5311 2.1844 0.0000
-3.4506 1.0141 0.0000
-3.7392 0.9240 0.0000
3.5455 -1.5616 0.0000
3.2499 -1.6386 0.0000
3.0281 -1.8333 0.0000
-1.3126 2.1255 0.0000
1.4192 0.1462 0.0227
0.4794 4.7789 0.0000
0.1752 4.7408 0.0000
-2.1903 -4.2460 0.0000
-2.4138 -4.2693 0.0000
1.8661 -4.4887 0.0000
1.8997 -4.7397 0.0000
4.3324 -4.1956 0.0000
4.0833 -4.1792 0.0000
-3.7235 -4.5077 0.0000
-1.1124 -4.7324 0.0000
0.1818 -2.4895 0.0000
-0.0503 -2.6440 0.0000
-3.3231 -2.2609 0.0000
-3.5397 -2.3981 0.0000
-3.7502 -2.1846 0.0000
-3.8052 -2.4403 0.0000
-3.9796 -2.6526 0.0000
-3.0470 3.6770 0.0000
-2.2499 -4.5192 0.0000
-1.0816 -0.7313 0.0118
-1.3228 -0.7637 0.0252
-1.4575 -0.9979 0.0167
-1.1772 -0.9723 0.0061
-1.2636 -1.2256 0.0020
-4.2454 0.9780 0.0000
0.3267 -4.5042 0.0000
-3.2782 -4.7687 0.0000
-0.0122 -3.2479 0.0000
-0.2440 -3.4164 0.0000
-2.6720 -3.0802 0.0000
-2.5422 -4.5102 0.0000
3.6725 2.8690 0.0000
3.4476 2.6950 0.0000
0.6655 -1.1571 0.0002
0.5596 -1.4405 0.0000
1.4045 1.3382 0.0014
-4.7332 3.0019 0.0000
2.2195 1.5047 0.0021
2.0105 1.6859 0.0008
1.9284 1.4238 0.0023
1.6533 1.3142 0.0023
1.6405 1.0489 0.0055
3.5377 2.4030 0.0000
-1.9394 4.4687 0.0000
-2.2381 4.5027 0.0000
4.2035 -1.3251 0.0000
3.9366 -1.2199 0.0000
3.6485 -1.3016 0.0000
-0.5686 -2.3739 0.0000
-0.8770 -1.6684 0.0000
-4.2755 -0.4826 0.0000
-2.2025 -0.6567 0.2902
-2.2552 -0.7325 0.2382
2.6055 2.8694 0.0000
2.3590 2.9696 0.0000
-3.5309 -3.5823 0.0000
3.4850 0.9942 0.0000
3.2362 0.9269 0.0002
3.3454 0.6723 0.0001
0.8061 4.7681 0.0000
-1.1884 -3.1912 0.0000
1.6516 -2.3081 0.0000
-1.6017 1.3624 0.0044
-1.6802 1.1064 0.0238
-1.8559 1.2611 0.0188
-2.1419 4.2735 0.0000
2.6772 3.1523 0.0000
2.4269 3.2003 0.0000
4.4787 4.5263 0.0000
2.6366 4.7280 0.0000
1.3846 0.8218 0.0056
-0.6218 0.1381 0.0091
-0.4506 -0.0646 0.0066
0.0925 -4.7560 0.0000
-2.9788 0.3201 0.0285
-3.1847 0.2036 0.0030
-3.1648 -0.0669 0.0044
0.4492 3.3279 0.0000
0.3128 3.1232 0.0000
0.3595 2.8565 0.0000
0.0852 2.9654 0.0000
-0.1605 2.8415 0.0000
0.3810 -1.1851 0.0001
0.2823 -1.4395 0.0000
-0.3787 -1.8727 0.0000
-0.6897 -1.8768 0.0000
3.8521 3.3206 0.0000
3.6285 3.1576 0.0000
3.4127 2.9783 0.0000
2.4793 0.4702 0.0729
2.3817 0.3929 0.1002
2.3768 0.3046 0.1143
2.2931 0.2267 0.1339
3.5845 3.4465 0.0000
-2.3694 2.6410 0.0000
-2.5098 2.3661 0.0000
-4.0113 -3.4315 0.0000
-3.8282 -3.6268 0.0000
4.3513 -0.2172 0.0000
-2.0226 -4.7331 0.0000
1.0687 2.8336 0.0000
-2.3563 -4.7610 0.0000
-4.5117 -1.5788 0.0000
-4.7573 -1.7240 0.0000
2.7932 2.0738 0.0000
2.5600 2.2558 0.0000
2.5226 1.9776 0.0001
-2.5594 1.6176 0.0020
-2.5007 1.3689 0.0114
-2.7195 1.2387 0.0099
3.7215 2.5888 0.0000
-0.9287 1.7943 0.0000
-1.0805 1.5484 0.0002
-1.1490 1.2539 0.0015
-1.4068 1.1928 0.0058
-1.2277 0.9695 0.0084
-3.9777 -0.0902 0.0000
-3.9836 -0.3677 0.0000
-4.0010 -1.8764 0.0000
-4.2538 -2.0325 0.0000
-4.5247 -2.1727 0.0000
-4.7619 -2.0287 0.0000
-4.2896 -1.1563 0.0000
-0.4237 4.7501 0.0000
-2.4684 -2.0835 0.0001
-2.5905 4.0379 0.0000
-2.5762 3.7254 0.0000
1.3549 -3.5422 0.0000
1.2692 -3.8127 0.0000
1.8311 -2.4751 0.0000
3.2614 4.1734 0.0000
1.0747 2.5044 0.0000
1.6751 -2.6854 0.0000
0.5543 -4.7521 0.0000
-3.4793 4.5214 0.0000
-3.6064 4.2908 0.0000
-2.6694 -4.7571 0.0000
2.4403 -0.7668 0.0372
2.2386 -0.8334 0.0362
2.1834 -1.0596 0.0151
1.9943 -0.8563 0.0268
1.9326 -1.1191 0.0085
3.5465 -4.7284 0.0000
3.2684 -4.5275 0.0000
3.2494 -4.7701 0.0000
2.9597 -4.7584 0.0000
-4.1897 2.9584 0.0000
-4.2442 2.7184 0.0000
1.1315 -2.1148 0.0000
0.9169 -2.2810 0.0000
0.9251 -2.5662 0.0000
0.6706 -2.4585 0.0000
-1.9212 1.0697 0.0554
-1.9216 0.9188 0.1000
-2.0170 0.9571 0.1027
-1.9983 0.8561 0.1412
-2.0646 0.7992 0.1836
-2.0878 0.9022 0.1360
-2.1449 0.7526 0.2250
-2.1558 0.8514 0.1694
-2.2245 0.8018 0.2015
-2.2330 0.7061 0.2620
2.8070 -3.6698 0.0000
-4.2213 0.3588 0.0000
-4.2512 0.0717 0.0000
-4.5092 -0.0452 0.0000
1.7855 3.2472 0.0000
1.1950 -1.1049 0.0010
-4.2623 -1.4352 0.0000
-4.2623 -1.7352 0.0000
-4.5097 -1.8796 0.0000
-2.1751 -1.2849 0.0256
-0.5574 -2.6570 0.0000
-0.4806 -2.9399 0.0000
0.6277 0.1830 0.0021
0.4531 0.0047 0.0015
0.2751 -0.1690 0.0012
-0.0064 -0.2404 0.0013
0.2102 -0.4490 0.0007
-0.0359 -0.5071 0.0007
1.1888 -4.0964 0.0000
0.9129 -4.1848 0.0000
1.1892 3.0441 0.0000
1.6175 -2.0012 0.0000
1.3954 -2.1876 0.0000
1.1909 -2.4076 0.0000
-0.3549 0.2046 0.0050
-3.3595 4.1849 0.0000
4.3256 3.3318 0.0000
4.1128 3.1793 0.0000
3.8934 3.0300 0.0000
3.9367 2.7467 0.0000
-1.3825 -0.4476 0.0749
-1.4951 -0.4762 0.1061
-1.5464 -0.5491 0.1078
-1.5661 -0.6332 0.0932
-1.6370 -0.6853 0.1016
-1.5238 -0.7686 0.0527
-1.6405 -0.5675 0.1379
-1.6972 -0.6354 0.1378
-1.7573 -0.6960 0.1377
-1.6816 -0.7544 0.0946
-1.7705 -0.7939 0.1070
-1.6630 -0.8878 0.0552
-1.7973 -0.9082 0.0767
-1.8770 -0.9977 0.0653
-1.7073 -1.0957 0.0259
-1.9441 -1.1962 0.0293
-3.3132 1.5255 0.0000
-3.4985 1.3165 0.0000
-3.7069 1.1796 0.0000
-3.8322 1.3950 0.0000
-4.0035 1.1457 0.0000
2.2722 -0.2184 0.1371
2.2429 -0.3192 0.1243
2.1697 -0.4012 0.1086
2.0867 -0.4250 0.0974
2.0942 -0.5379 0.0784
1.9588 -0.6283 0.0509
3.9285 -0.8430 0.0000
-0.1778 3.9805 0.0000
-0.4649 3.8793 0.0000
3.3694 -2.8313 0.0000
-2.2826 0.8651 0.1650
-2.3738 0.8341 0.1702
-2.3085 0.7648 0.2197
-2.3210 0.6642 0.2825
-2.3966 0.7358 0.2188
-2.4649 0.8025 0.1623
-2.5586 0.7755 0.1383
-2.4128 0.6446 0.2682
-2.4925 0.7081 0.1979
-2.4845 0.6105 0.2539
-2.5721 0.6601 0.1792
-2.5525 0.5562 0.2393
-2.6251 0.7278 0.1249
-2.6882 0.6639 0.1121
-2.8060 0.6249 0.0632
-2.6396 0.6008 0.1611
-2.6304 0.3996 0.2420
-2.6280 0.4991 0.2071
-2.7084 0.5497 0.1320
-2.7103 0.4481 0.1582
-2.7859 0.5045 0.0941
1.3347 -0.5476 0.0097
1.2820 -0.8409 0.0035
-1.4652 -4.5200 0.0000
-1.4025 -4.7540 0.0000
-3.9053 -2.9124 0.0000
-4.1122 -3.1272 0.0000
1.3435 2.4262 0.0000
1.1020 3.6977 0.0000
-3.0375 -0.8638 0.0046
-2.4554 -3.1926 0.0000
-2.5917 -3.4316 0.0000
-1.1484 -1.7373 0.0000
-0.9374 4.7839 0.0000
4.2738 2.0803 0.0000
4.5240 1.9147 0.0000
-2.7873 4.2346 0.0000
-2.8554 3.9217 0.0000
4.4579 -0.5728 0.0000
-2.8029 -3.2884 0.0000
-2.9606 -3.4751 0.0000
-2.9905 -3.7783 0.0000
-4.0318 3.4137 0.0000
-3.9714 3.1371 0.0000
0.3401 4.1533 0.0000
0.1310 3.9865 0.0000
-0.2455 3.6877 0.0000
2.3438 -2.7902 0.0000
2.1329 -2.8930 0.0000
2.7207 -3.9534 0.0000
-4.5075 3.7402 0.0000
-0.9609 3.9291 0.0000
-2.9515 0.7816 0.0124
-3.0212 0.5494 0.0120
-3.2893 0.4700 0.0004
-3.4362 0.2266 0.0000
3.7760 3.9053 0.0000
3.4905 1.7548 0.0000
3.2003 1.7312 0.0000
3.0610 1.4922 0.0001
0.6423 1.2047 0.0005
0.3861 1.2173 0.0002
0.3410 0.9221 0.0009
0.1178 1.0972 0.0003
4.4163 0.8108 0.0000
-4.5003 1.0026 0.0000
-4.7635 1.0314 0.0000
-4.7598 0.7513 0.0000
-1.1870 -4.4381 0.0000
3.5798 0.7590 0.0000
0.8369 3.5673 0.0000
-3.9166 4.3536 0.0000
-3.9115 4.1689 0.0000
-4.1272 4.0363 0.0000
-1.6306 -3.7914 0.0000
-1.9355 -3.9070 0.0000
-0.4243 2.9070 0.0000
-0.3690 2.6397 0.0000
-0.6548 2.7417 0.0000
-0.8404 2.5472 0.0000
4.7480 -4.2093 0.0000
1.1134 -4.3918 0.0000
0.8473 -4.4855 0.0000
-2.6239 -1.0870 0.0341
-2.6930 -1.3143 0.0084
-3.1877 -3.6179 0.0000
-3.3560 -3.7908 0.0000
-3.6470 -3.8333 0.0000
-3.8354 -3.9625 0.0000
4.2765 3.9465 0.0000
-3.1707 -3.9899 0.0000
2.4205 -4.4835 0.0000
-1.2112 -3.8186 0.0000
-1.4347 -3.9795 0.0000
4.7043 0.7142 0.0000
-1.6900 -1.8645 0.0001
4.7396 4.5003 0.0000
2.1501 0.1431 0.1414
2.0765 0.0963 0.1361
2.0582 0.1878 0.1271
1.9821 0.1179 0.1189
1.9254 0.0269 0.1099
2.2469 0.1356 0.1449
2.1937 0.0526 0.1487
2.1158 0.0208 0.1432
2.0640 -0.0670 0.1348
2.0189 0.0216 0.1287
1.9729 -0.0649 0.1185
1.8747 -0.0581 0.0980
0.5110 -3.7834 0.0000
0.2697 -3.6872 0.0000
0.2162 -3.9684 0.0000
-1.0704 -1.4489 0.0002
-3.9860 1.9246 0.0000
-3.9100 1.6556 0.0000
3.2749 -3.6642 0.0000
-0.2830 2.0610 0.0000
-0.3859 1.8479 0.0000
-0.6157 1.9683 0.0000
-0.6315 1.7208 0.0000
-0.8047 1.5532 0.0001
1.5316 -2.9742 0.0000
1.3562 -3.1917 0.0000
1.1565 -3.3431 0.0000
3.0272 -3.8121 0.0000
3.0262 0.7378 0.0020
2.7595 0.7785 0.0112
3.1386 0.5096 0.0012
2.8395 0.5005 0.0137
2.6106 0.5974 0.0366
1.5956 -4.5168 0.0000
1.3328 -4.5520 0.0000
1.3916 -4.7806 0.0000
1.0901 -4.7157 0.0000
4.7508 -2.4403 0.0000
4.6844 -2.7114 0.0000
4.4637 -2.9685 0.0000
3.2749 2.5001 0.0000
3.3398 2.2224 0.0000
3.0515 2.0579 0.0000
1.1405 1.2004 0.0013
0.8842 1.3349 0.0004
4.7386 -3.0046 0.0000
4.7528 -3.2892 0.0000
4.7823 -3.6113 0.0000
3.7114 2.2364 0.0000
3.5427 2.0312 0.0000
3.2723 1.9658 0.0000
1.8363 2.4446 0.0000
1.8383 2.1441 0.0000
-0.4134 -3.8993 0.0000
-0.6677 -4.0446 0.0000
0.7080 2.1443 0.0000
3.0939 -2.9451 0.0000
4.7617 -3.8987 0.0000
4.5279 -4.0451 0.0000
3.3407 -2.2566 0.0000
-4.7528 -4.2173 0.0000
2.8550 -0.2096 0.0176
-4.7733 -4.7819 0.0000
3.9783 4.3799 0.0000
4.0092 4.0771 0.0000
1.5629 -3.7480 0.0000
0.2611 0.6290 0.0021
-0.0753 0.2644 0.0033
-1.3950 -2.5935 0.0000
3.9097 0.6950 0.0000
3.6934 0.5450 0.0000
-0.6191 1.3888 0.0001
3.4238 -0.6179 0.0000
3.4245 -0.8721 0.0000
4.7540 1.7418 0.0000
4.4914 1.6080 0.0000
2.0354 -3.5717 0.0000
1.8734 -3.7404 0.0000
-3.2644 4.7258 0.0000
-3.0174 4.4858 0.0000
-0.8863 -0.8919 0.0026
-4.5140 -0.3417 0.0000
-3.9964 -2.1383 0.0000
-4.0504 -2.3737 0.0000
-4.2597 -2.5822 0.0000
1.1888 0.2925 0.0089
0.9910 0.1220 0.0054
0.2282 -3.0903 0.0000
-0.0483 -2.9531 0.0000
3.2848 -3.9646 0.0000
3.0135 -4.0723 0.0000
0.6310 -4.2564 0.0000
3.0964 -3.2229 0.0000
-1.6272 -2.3700 0.0000
4.3102 -3.5499 0.0000
4.2453 -3.8985 0.0000
3.9461 -3.9490 0.0000
-0.2987 3.3913 0.0000
-0.1514 3.1374 0.0000
-0.3973 3.1325 0.0000
-0.6529 -3.1032 0.0000
-0.8474 -3.1985 0.0000
-2.7837 1.4740 0.0017
-4.2892 -2.2992 0.0000
4.7506 2.9752 0.0000
1.8568 -1.3916 0.0021
1.8947 -1.8861 0.0002
-1.8179 1.5070 0.0041
-2.8662 -4.0125 0.0000
-2.9963 -4.2550 0.0000
-3.2708 -4.2570 0.0000
4.7737 -4.7813 0.0000
2.5465 -2.5891 0.0000
-1.8487 2.7056 0.0000
-2.1135 2.6763 0.0000
-0.5501 0.4053 0.0057
2.1330 -4.7300 0.0000
-0.0383 1.9167 0.0000
-0.1965 1.6919 0.0000
2.6545 -3.4688 0.0000
2.5255 -3.7162 0.0000
2.2391 -3.6993 0.0000
2.3176 -3.1105 0.0000
2.3809 -3.4463 0.0000
2.1596 -3.3482 0.0000
-4.5117 -0.9682 0.0000
-4.5248 -1.2800 0.0000
0.8176 -3.3646 0.0000
0.5324 -3.5038 0.0000
-2.7568 -3.6396 0.0000
-2.6677 -3.8797 0.0000
-4.4917 1.7669 0.0000
-0.4326 0.9561 0.0010
4.3664 3.0258 0.0000
4.1561 2.8847 0.0000
3.1831 4.7302 0.0000
2.9175 4.7608 0.0000
2.9378 4.5271 0.0000
2.7083 4.4493 0.0000
-4.4757 -0.6635 0.0000
1.4038 1.0782 0.0027
4.5259 -4.3798 0.0000
4.2671 -4.4723 0.0000
4.2341 -4.7682 0.0000
1.6145 0.2604 0.0402
-0.2183 -3.7138 0.0000
1.9130 -0.1405 0.1024
1.8130 -0.1950 0.0782
1.7657 -0.0582 0.0747
2.1352 3.1608 0.0000
1.8973 3.0410 0.0000
-3.1408 -4.5083 0.0000
1.9886 -2.6884 0.0000
1.8248 -2.9285 0.0000
2.2440 -0.0345 0.1499
2.1582 -0.0558 0.1464
2.1165 -0.1466 0.1373
2.0905 -0.2355 0.1255
2.0151 -0.1621 0.1208
2.2997 -0.1193 0.1440
2.2109 -0.1353 0.1451
2.1828 -0.2282 0.1352
2.1448 -0.3143 0.1210
2.0672 -0.3414 0.1083
2.0120 -0.2675 0.1098
1.9761 -0.3551 0.0925
1.8737 -0.3311 0.0775
1.9779 -0.4597 0.0778
-1.2352 0.7314 0.0208
-1.4003 0.5655 0.0593
-4.4954 0.2466 0.0000
-4.7539 0.1414 0.0000
-4.7584 -0.1731 0.0000
-1.9983 -2.2273 0.0000
-1.9179 -2.4661 0.0000
-1.0124 3.6427 0.0000
1.1528 4.0124 0.0000
-4.3840 2.2358 0.0000
4.4666 -3.2617 0.0000
4.2291 -3.1736 0.0000
3.9149 -3.1390 0.0000
4.1066 -3.3828 0.0000
4.0493 -3.6697 0.0000
0.8372 2.9554 0.0000
-1.6006 -3.1863 0.0000
-1.6865 -3.4586 0.0000
-1.8375 -3.6765 0.0000
3.8730 -2.8434 0.0000
2.5017 1.5581 0.0012
2.4067 1.2902 0.0050
3.3674 -1.3706 0.0000
3.1205 -1.3708 0.0001
2.9259 -1.5704 0.0002
-4.1019 -0.6457 0.0000
3.8932 -0.2921 0.0000
3.9236 -0.5615 0.0000
3.7121 1.1961 0.0000
3.4403 1.2427 0.0000
4.7688 0.9329 0.0000
-4.7777 1.9999 0.0000
-4.7391 1.4812 0.0000
-3.8111 3.5853 0.0000
3.6707 -3.9778 0.0000
3.4893 -4.1459 0.0000
3.2473 -4.2599 0.0000
-1.8843 -3.2185 0.0000
-2.1763 -3.2094 0.0000
-0.7062 4.0535 0.0000
-0.0216 0.5599 0.0022
-2.3275 1.0736 0.0733
-2.4142 0.9981 0.0908
-2.3442 0.9299 0.1279
-2.4997 1.1397 0.0401
-2.4417 0.8995 0.1249
-2.7051 1.0030 0.0332
-2.5373 0.9708 0.0766
-2.5302 0.8694 0.1126
-2.6221 0.8574 0.0855
-2.7448 0.7948 0.0571
4.0767 -1.5395 0.0000
-3.4565 -0.0216 0.0000
-3.7231 -0.1179 0.0000
4.7322 -1.3664 0.0000
4.7422 -1.6636 0.0000
1.7783 -0.7066 0.0264
-1.1860 4.6902 0.0000
-4.2659 1.9750 0.0000
-3.3153 3.7070 0.0000
-3.5154 3.5902 0.0000
-3.5451 3.4051 0.0000
-3.2536 3.4352 0.0000
-3.1424 3.1707 0.0000
-3.3219 2.9502 0.0000
-3.4402 3.1897 0.0000
-3.5410 2.8388 0.0000
-3.7571 3.3141 0.0000
-1.3486 -1.5111 0.0004
-1.4235 -1.7933 0.0001
0.5211 1.7153 0.0000
0.3359 1.5061 0.0000
-4.4996 -3.5094 0.0000
-1.0587 2.3015 0.0000
-0.2350 4.5099 0.0000
-0.2255 4.2737 0.0000
-4.7200 -2.9849 0.0000
0.8920 1.0329 0.0014
0.6065 0.9564 0.0011
3.6159 -3.2565 0.0000
-3.6388 3.7827 0.0000
0.6188 4.0634 0.0000
0.3856 3.8818 0.0000
0.2986 3.6675 0.0000
0.2301 3.4485 0.0000
3.3170 3.5717 0.0000
3.1126 3.3899 0.0000
4.5748 -3.5039 0.0000
4.5066 -3.7672 0.0000
2.8277 -3.0738 0.0000
2.5732 -3.2125 0.0000
0.8078 -4.7531 0.0000
2.9862 0.2777 0.0063
-1.3947 -3.3607 0.0000
-0.8062 3.4706 0.0000
-0.8883 3.1894 0.0000
-1.1407 3.0766 0.0000
-4.7065 2.2668 0.0000
-0.1079 -1.0119 0.0002
-0.2204 -1.2760 0.0001
-0.3141 -1.5654 0.0000
-0.5855 -1.6203 0.0000
-0.2684 -0.5174 0.0010
-0.2915 -0.7790 0.0004
-0.5225 -0.5722 0.0022
-0.5915 -0.8438 0.0008
-0.4019 -1.0553 0.0002
-4.2033 1.7033 0.0000
-4.1220 1.4344 0.0000
-4.0115 -3.7916 0.0000
-4.2370 -3.9435 0.0000
-2.4408 3.4712 0.0000
-2.6732 3.3766 0.0000
-2.9667 3.3968 0.0000
4.7672 3.9138 0.0000
4.7718 3.6101 0.0000
4.5448 3.4725 0.0000
4.5027 4.7591 0.0000
3.1606 -2.4232 0.0000
4.4637 -1.5093 0.0000
4.7855 -1.0867 0.0000
4.5911 -1.0304 0.0000
4.4762 -1.2297 0.0000
-2.5346 -2.3535 0.0000
-2.8438 -2.3613 0.0000
-2.1451 -2.6716 0.0000
-2.3291 -2.9324 0.0000
-3.9172 -4.7272 0.0000
2.3875 -0.4602 0.0900
2.3424 -0.2898 0.1227
2.3278 -0.3800 0.1103
2.2566 -0.4207 0.1069
2.3025 -0.5049 0.0896
2.1937 -0.5067 0.0902
2.2746 -0.6305 0.0672
2.1248 -0.6815 0.0558
3.7196 4.4938 0.0000
3.4548 4.5239 0.0000
-4.3685 4.5337 0.0000
-4.5192 4.3441 0.0000
-2.9413 -0.1891 0.0474
-3.0947 -0.3569 0.0085
-3.4151 -0.2808 0.0001
-3.6862 -0.3624 0.0000
1.1143 -1.3958 0.0002
1.3129 -1.5962 0.0001
1.0399 -1.6961 0.0000
4.0862 2.5514 0.0000
2.3691 -2.0232 0.0001
2.1197 -2.0891 0.0001
1.8595 -2.1624 0.0000
-1.2287 -2.0218 0.0000
-1.3428 -2.3051 0.0000
-0.7961 -4.7706 0.0000
-2.2582 -1.5222 0.0061
-2.4011 -1.8067 0.0007
0.8418 -1.4312 0.0001
0.7434 -1.6821 0.0000
0.9127 -1.9589 0.0000
0.6340 -1.9098 0.0000
3.4994 0.1204 0.0000
3.2230 0.0157 0.0007
-1.2436 -2.8397 0.0000
-1.3902 -3.0565 0.0000
-3.8197 -0.6200 0.0000
-3.9342 -0.8707 0.0000
-1.6725 -2.6323 0.0000
-1.8834 -2.7507 0.0000
-4.7476 -0.4900 0.0000
1.2671 4.5025 0.0000
-2.7556 4.5052 0.0000
-1.6131 -0.0241 0.2279
-1.6897 -0.0525 0.2808
-1.7569 -0.1056 0.3290
-1.8264 -0.1687 0.3756
-1.8426 -0.0739 0.4064
-1.9167 -0.1239 0.4644
-1.8985 -0.2264 0.4189
-1.8807 -0.3239 0.3650
-2.0110 -0.1087 0.5470
-1.9891 -0.1954 0.5036
-1.9720 -0.2895 0.4493
-1.9536 -0.3838 0.3861
-2.0471 -0.3496 0.4649
-2.0640 -0.2549 0.5291
-2.0283 -0.4410 0.3954
-2.1390 -0.3214 0.5261
-2.2163 -0.3872 0.4965
-2.1230 -0.4143 0.4564
-2.1975 -0.4815 0.4232
4.4921 -2.4324 0.0000
4.3636 -2.6941 0.0000
1.7024 4.7742 0.0000
1.4252 4.7408 0.0000
-0.2188 0.7723 0.0013
1.6404 -0.1639 0.0488
1.4914 -0.3314 0.0249
1.2542 -0.2676 0.0119
3.8934 2.4198 0.0000
4.0128 2.1922 0.0000
3.7982 1.9666 0.0000
-0.9555 4.2140 0.0000
-1.4525 4.7643 0.0000
0.3058 0.1708 0.0021
0.0981 0.0418 0.0021
-0.1766 -0.0090 0.0036
4.2646 -1.9678 0.0000
4.0223 -2.1630 0.0000
-2.4964 4.5969 0.0000
1.6564 -4.7529 0.0000
-2.3255 -0.2293 0.5784
-2.4031 -0.2833 0.5046
-2.4720 -0.4294 0.3674
-2.5494 -0.4858 0.2750
4.2530 0.3581 0.0000
3.9585 0.4216 0.0000
3.7315 0.2506 0.0000
2.8509 -3.3393 0.0000
1.7723 -3.9878 0.0000
1.6798 -4.2504 0.0000
1.4793 -4.0219 0.0000
1.3960 -4.2905 0.0000
-3.5943 0.4466 0.0000
-3.8765 0.3926 0.0000
-3.9975 0.1759 0.0000
4.1898 -0.7356 0.0000
-0.4179 1.5401 0.0000
-0.3903 1.2363 0.0002
-1.7599 -2.1530 0.0000
-1.9540 -1.9467 0.0001
-2.2142 -2.0492 0.0001
-2.2420 -2.3632 0.0000
-2.4051 -2.6189 0.0000
4.7600 -0.4829 0.0000
4.7368 -0.7738 0.0000
-0.7670 -2.8493 0.0000
2.1141 0.9772 0.0194
1.8776 0.8881 0.0183
0.7414 3.3056 0.0000
1.4441 -0.0927 0.0263
1.2138 0.0006 0.0115
0.9861 -0.1715 0.0052
1.0523 -0.4350 0.0048
3.6313 -2.9792 0.0000
3.3606 -3.1060 0.0000
-0.8336 -2.5076 0.0000
-1.0108 -2.7278 0.0000
0.5102 -3.2231 0.0000
0.2600 -3.3845 0.0000
-1.9150 0.1574 0.4527
-2.0065 0.1470 0.5321
-1.9366 0.0689 0.4904
-2.0258 0.0522 0.5673
-2.1164 0.0256 0.6289
-2.0490 -0.0374 0.5864
-2.1260 -0.0740 0.6281
-2.1846 -0.1373 0.6325
-2.1976 -0.0196 0.6577
-2.2694 0.0270 0.6571
-2.3243 -0.0395 0.6380
-2.2449 -0.0838 0.6521
-2.3111 -0.1387 0.6223
1.6033 2.3274 0.0000
1.3861 2.1552 0.0000
1.2646 1.9388 0.0000
0.8149 0.7613 0.0020
0.5259 0.6897 0.0020
0.7235 0.5052 0.0021
0.4668 0.3937 0.0023
0.1689 0.3664 0.0029
3.0683 2.3022 0.0000
2.8172 2.3695 0.0000
-0.7198 0.8556 0.0027
-0.9971 0.7593 0.0085
0.7789 -0.0237 0.0029
0.6014 -0.1689 0.0019
0.7665 -0.3653 0.0023
0.5603 -0.6291 0.0009
0.4696 -0.9132 0.0003
0.1837 -0.9661 0.0002
1.8569 2.7204 0.0000
1.5700 2.6293 0.0000
3.3597 3.2725 0.0000
2.9403 3.1952 0.0000
2.9067 2.9186 0.0000
-1.4851 0.9628 0.0227
-1.6708 0.8870 0.0571
4.7574 -1.9552 0.0000
-1.8463 -0.7275 0.1545
-1.8544 -0.8253 0.1178
-1.9211 -0.8744 0.1142
-2.0190 -0.8421 0.1479
-1.9899 -0.9311 0.1048
-2.0843 -0.9310 0.1178
-2.0243 -1.0390 0.0722
-2.1363 -1.1046 0.0612
-2.0669 1.3824 0.0145
-0.1545 -4.3539 0.0000
3.2468 3.8583 0.0000
1.0687 3.4053 0.0000
-1.5159 2.2922 0.0000
-1.7686 2.2215 0.0000
-0.4725 -3.5920 0.0000
4.2766 0.0677 0.0000
4.0907 -0.1330 0.0000
-0.6906 -3.7628 0.0000
-0.9534 -3.6569 0.0000
-1.0094 -3.0106 0.0000
-3.4919 -4.0498 0.0000
-3.7589 -4.2123 0.0000
-3.2097 2.7198 0.0000
-3.4186 2.5835 0.0000
-3.3071 2.3093 0.0000
-3.5987 2.3596 0.0000
-3.7860 2.1331 0.0000
-3.4966 2.0799 0.0000
-3.4056 1.7964 0.0000
-3.6936 1.8558 0.0000
-3.6136 1.5702 0.0000
4.7629 2.0483 0.0000
2.7484 0.2103 0.0358
2.7388 -0.0242 0.0410
2.6010 -0.1019 0.0775
2.6184 0.0788 0.0729
2.5463 -0.0053 0.0957
2.4985 -0.1018 0.1077
2.4471 -0.0303 0.1230
2.3919 -0.1038 0.1327
-3.7151 0.1523 0.0000
-1.2078 3.7936 0.0000
-1.3468 3.5735 0.0000
-1.5753 3.4178 0.0000
-2.1588 -0.9960 0.0976
-2.2475 -0.9955 0.0996
-2.2912 -1.1140 0.0599
-2.4295 -1.2892 0.0218
2.5003 0.8104 0.0278
2.2766 0.8152 0.0375
2.2654 0.6470 0.0633
2.4173 0.6312 0.0569
2.2331 0.5001 0.0910
2.1391 0.5909 0.0711
2.1177 0.4591 0.0942
2.1150 0.3511 0.1129
4.5182 4.0461 0.0000
4.5281 3.7676 0.0000
4.2956 3.6369 0.0000
3.5393 3.7356 0.0000
4.1906 -0.4311 0.0000
-3.0515 4.2033 0.0000
3.3016 -1.9188 0.0000
-1.6645 2.5089 0.0000
-1.9494 2.4389 0.0000
-2.3733 0.1536 0.5847
-2.4569 0.1284 0.5204
-2.3583 0.0583 0.6174
-2.4423 0.0475 0.5495
-2.5441 0.1707 0.4122
-2.5325 0.0695 0.4459
-2.5058 -0.0304 0.4813
-2.6012 0.0055 0.3637
-2.5830 -0.0896 0.3811
-2.6172 0.1122 0.3352
-2.6846 0.0496 0.2598
-2.6852 -0.0547 0.2591
-2.6563 -0.1510 0.2827
-2.7915 -0.0643 0.1484
-2.6605 -0.2436 0.2594
-2.8242 -0.1469 0.1172
-2.7407 -0.1439 0.1913
-2.7479 -0.2217 0.1746
-2.8182 -0.2430 0.1135
-4.5525 -3.2511 0.0000
1.0882 4.2847 0.0000
0.8633 4.1047 0.0000
0.8908 3.8578 0.0000
0.6391 3.7994 0.0000
-3.6727 3.0556 0.0000
-3.8939 2.8709 0.0000
-4.0047 2.6426 0.0000
-4.2125 2.4561 0.0000
-4.4887 -3.7871 0.0000
4.7570 2.6616 0.0000
4.5092 2.5084 0.0000
-4.7474 -0.7923 0.0000
-3.5936 4.7665 0.0000
-3.7591 4.5273 0.0000
-3.9125 4.7457 0.0000
-4.0832 4.5169 0.0000
-2.6169 -0.7300 0.1249
-2.5858 -0.8116 0.1093
-2.6576 -0.8828 0.0657
-2.8337 -0.9823 0.0171
-2.9146 -1.2096 0.0034
1.5313 -0.7623 0.0104
1.4707 -1.0314 0.0033
-2.0814 1.0440 0.0795
-2.1477 0.9638 0.1151
-2.2146 0.9166 0.1399
-0.4768 -4.7612 0.0000
4.5391 -0.0237 0.0000
4.7609 -0.1694 0.0000
4.5452 -0.3318 0.0000
2.4272 4.4926 0.0000
-1.0011 0.5023 0.0180
-1.1845 0.3537 0.0441
-1.2260 0.1683 0.0629
-1.3445 0.1608 0.0938
-1.2064 0.5451 0.0320
-1.3474 0.4182 0.0677
-1.3233 0.2820 0.0775
-1.4094 0.2282 0.1090
-0.2869 -3.1181 0.0000
-4.4545 2.9546 0.0000
-4.4886 2.7197 0.0000
2.0116 4.7450 0.0000
1.9303 4.3803 0.0000
2.7941 -4.2372 0.0000
2.5359 -4.2158 0.0000
4.2729 -1.6810 0.0000
4.7604 2.3544 0.0000
4.5171 2.2133 0.0000
-4.7530 -2.6609 0.0000
-0.9349 -3.9428 0.0000
-1.1632 -4.1158 0.0000
4.0426 3.7806 0.0000
4.0735 3.4797 0.0000
3.8118 3.6142 0.0000
-4.7617 -1.4180 0.0000
4.7515 4.2190 0.0000
3.3261 -3.3864 0.0000
3.0408 -3.5146 0.0000
1.1501 0.9322 0.0025
1.0513 0.7310 0.0029
3.9923 1.1418 0.0000
3.7954 0.9263 0.0000
-4.2288 4.2655 0.0000
-4.2753 3.8536 0.0000
-4.1939 -2.8520 0.0000
-1.9993 -1.4571 0.0072
-2.1458 -1.7481 0.0011
-0.2824 0.4796 0.0029
-0.8045 0.3321 0.0126
-1.0311 0.2516 0.0299
-0.7192 -0.1228 0.0118
-0.8710 0.0833 0.0183
-1.0956 0.0375 0.0420
-1.1906 -0.1452 0.0557
4.4867 4.2940 0.0000
-1.5175 -0.0325 0.1721
-1.5858 -0.1107 0.2069
-1.6621 -0.1381 0.2532
-1.6405 -0.2252 0.2253
-1.6202 -0.3094 0.1966
-1.7341 -0.2022 0.2940
-1.8058 -0.2643 0.3314
-1.7112 -0.2998 0.2532
-1.7913 -0.3597 0.2865
-1.8620 -0.4228 0.3054
-1.6670 3.1505 0.0000
-1.8770 2.9594 0.0000
-1.8402 3.4013 0.0000
-2.0055 3.1824 0.0000
-2.1464 2.9253 0.0000
-1.7056 -4.7638 0.0000
3.0347 2.5895 0.0000
2.8136 2.6711 0.0000
0.1090 1.3378 0.0001
-4.3992 -3.0441 0.0000
2.0941 2.8593 0.0000
3.1341 -2.1096 0.0000
2.9536 -2.3083 0.0000
2.0079 -3.1195 0.0000
1.8730 -3.3572 0.0000
1.6955 -3.1790 0.0000
1.5265 -3.3632 0.0000
1.7033 -3.5297 0.0000
1.9327 -0.2341 0.0988
1.7100 -0.3382 0.0498
4.7657 -2.2175 0.0000
4.5291 -2.1272 0.0000
3.1623 -0.8610 0.0004
2.8862 -0.7061 0.0058
2.9066 -1.0103 0.0020
3.1599 -1.1222 0.0002
2.8720 -1.2904 0.0009
-4.7472 -3.5995 0.0000
0.6667 -2.1713 0.0000
0.4176 -2.3278 0.0000
0.4344 -2.6280 0.0000
1.3837 -1.3048 0.0008
4.0233 -1.8248 0.0000
3.7864 -1.9696 0.0000
3.5186 -2.0914 0.0000
-2.5184 -1.5571 0.0036
-2.7884 -1.5505 0.0012
0.4246 -1.7188 0.0000
-1.0204 -3.3726 0.0000
-1.2055 -3.5358 0.0000
-1.4551 -3.6442 0.0000
3.8388 -3.4379 0.0000
3.7735 -3.7165 0.0000
3.4975 -3.8065 0.0000
-3.7712 -1.1081 0.0000
1.6867 2.9092 0.0000
-2.6863 -2.5978 0.0000
-2.5723 -2.8483 0.0000
-2.8526 -2.8607 0.0000
-2.6346 -0.5455 0.1832
-2.7078 -0.5605 0.1290
-2.7965 -0.6211 0.0690
-2.5450 -0.5779 0.2313
-2.6211 -0.6358 0.1574
-2.6904 -0.6532 0.1127
-2.7325 -0.7627 0.0677
3.8711 -2.4831 0.0000
3.6506 -2.6821 0.0000
2.2515 -4.2107 0.0000
2.1397 -4.4777 0.0000
1.5289 4.0052 0.0000
1.3405 3.8428 0.0000
1.3434 3.5562 0.0000
2.6320 0.3911 0.0511
2.4770 0.3329 0.0920
2.5749 0.2393 0.0773
2.4650 0.2328 0.1060
2.5337 0.1411 0.0953
2.4378 0.1435 0.1199
2.3920 0.0538 0.1340
2.3412 0.1370 0.1377
2.2925 0.0517 0.1472
2.3422 -0.0286 0.1429
4.0463 -1.0282 0.0000
-4.2200 4.7666 0.0000
-4.5355 4.7405 0.0000
-1.9085 0.5755 0.2512
-1.8994 0.4965 0.2885
-1.9907 0.4589 0.3637
-1.9837 0.3573 0.4201
-2.0692 0.4045 0.4413
-2.1417 0.3430 0.5134
-2.0571 0.3033 0.4979
-2.1461 0.2607 0.5655
-2.0762 0.2102 0.5570
-2.2272 0.2683 0.5772
-2.2926 0.2099 0.6005
-2.1030 0.1213 0.6051
-2.1890 0.1768 0.6188
-2.1915 0.0809 0.6490
-2.2785 0.1206 0.6386
3.4298 -0.1601 0.0000
3.3056 -0.3770 0.0002
-2.3260 4.7790 0.0000
-0.7374 3.7593 0.0000
-1.3631 3.2638 0.0000
-1.4133 2.9906 0.0000
-1.6183 2.8433 0.0000
-1.4546 2.6513 0.0000
-1.7936 1.7642 0.0007
-4.7411 1.7368 0.0000
-3.4394 3.9422 0.0000
-3.6785 4.0607 0.0000
4.7797 3.3006 0.0000
4.5665 3.1677 0.0000
0.4698 1.9931 0.0000
0.2468 1.8095 0.0000
-2.4929 4.3252 0.0000
-2.7042 -4.2437 0.0000
-2.8381 -4.5046 0.0000
0.8918 2.3195 0.0000
-4.2957 3.5281 0.0000
-4.5308 3.4486 0.0000
-1.4338 0.7634 0.0390
-1.5969 0.7723 0.0660
-1.7037 0.7168 0.1076
0.8744 2.6504 0.0000
0.6190 2.7601 0.0000
0.3947 2.5709 0.0000
1.4633 -2.4840 0.0000
1.4034 -2.7345 0.0000
-1.8421 -0.5275 0.2433
-1.9331 -0.4776 0.3195
-2.0075 -0.5298 0.3262
-1.9225 -0.5711 0.2607
-2.0648 -0.5965 0.3045
-1.8022 -0.6240 0.1820
-1.8687 -0.6293 0.2067
-1.9233 -0.6841 0.2005
-1.9461 -0.7774 0.1617
-1.9872 -0.6252 0.2573
-2.0136 -0.7050 0.2190
0.1496 -1.6448 0.0000
0.1579 -1.9061 0.0000
-4.0288 -4.1288 0.0000
-4.2628 -4.2479 0.0000
-2.2038 1.0533 0.0831
-2.2737 0.9766 0.1125
-1.7179 0.6174 0.1445
-1.7252 0.5236 0.1809
-1.8147 0.4825 0.2456
-1.7274 0.4272 0.2167
-1.8148 0.5806 0.2019
-1.9050 0.4131 0.3363
-1.8200 0.3876 0.2907
-1.7373 0.3376 0.2539
-1.8055 0.2866 0.3201
-1.8766 0.2367 0.3945
-1.8983 0.3213 0.3768
-1.9755 0.2473 0.4701
-1.7067 -4.0321 0.0000
-1.8819 -4.2273 0.0000
1.1252 2.2105 0.0000
0.9635 1.9854 0.0000
2.7377 -1.7782 0.0002
2.5963 -2.0333 0.0001
2.3642 -2.3022 0.0000
2.3451 0.5027 0.0854
2.2903 0.4009 0.1078
2.2021 0.3985 0.1098
2.2919 0.3137 0.1221
2.2091 0.2208 0.1368
2.2071 0.3098 0.1247
2.1251 0.2514 0.1283
-4.0014 -4.4318 0.0000
-4.1966 -4.7635 0.0000
-2.0603 0.7019 0.2387
-2.1518 0.6585 0.2879
-2.1612 0.5657 0.3564
-2.2449 0.6084 0.3310
-2.2833 0.5304 0.3862
-2.3623 0.5739 0.3342
-2.4513 0.5250 0.3240
-2.0724 0.6034 0.3059
-2.0897 0.5014 0.3831
-2.2046 0.5014 0.4110
-2.2753 0.4297 0.4637
-2.1640 0.4321 0.4569
-2.2295 0.3555 0.5209
4.2228 4.5132 0.0000
4.5323 1.0322 0.0000
2.0612 0.7401 0.0427
1.8298 0.6473 0.0350
2.0003 0.5477 0.0666
1.8791 0.4494 0.0644
1.6874 0.4748 0.0355
1.4367 0.3904 0.0181
3.0325 3.6625 0.0000
4.1595 -2.9239 0.0000
-1.5020 -2.0799 0.0000
2.9650 0.0352 0.0084
-0.4529 4.1767 0.0000
-1.0545 -2.2561 0.0000
-1.1418 -2.5159 0.0000
1.8273 -0.4886 0.0526
1.6093 -0.5325 0.0252
-2.0104 -3.4614 0.0000
-2.9609 -2.6038 0.0000
-3.1510 -2.8128 0.0000
-3.2850 -3.0850 0.0000
-1.4719 0.4251 0.1007
-1.4393 0.3214 0.1070
-1.5660 0.4160 0.1383
-1.5352 0.3306 0.1430
-1.5014 0.2314 0.1450
-1.4462 0.1447 0.1313
-1.5974 0.2593 0.1882
-1.6403 0.3591 0.1887
-1.6866 0.2724 0.2395
-1.6653 0.1791 0.2458
-1.5666 0.1674 0.1867
-1.5167 0.1051 0.1670
-1.5663 0.0457 0.1978
-1.6279 0.0996 0.2320
-1.7533 0.2188 0.3010
-1.8202 0.1721 0.3670
-1.6822 0.0404 0.2749
-1.7401 0.1130 0.3123
-1.8374 0.0847 0.3991
-1.7732 0.0039 0.3490
-1.8721 0.0011 0.4368
-1.9535 -0.0306 0.5096
-4.2758 0.7173 0.0000
-4.4532 0.5188 0.0000
-4.5307 0.7671 0.0000
-4.7313 0.4602 0.0000
-2.8314 1.7280 0.0002
-3.1070 1.7439 0.0000
0.4002 -2.0360 0.0000
0.1587 -2.1933 0.0000
-0.0754 -2.3451 0.0000
-0.5056 -3.2951 0.0000
-0.7340 -3.4553 0.0000
2.1511 1.2317 0.0068
1.8942 1.1494 0.0068
3.9077 1.4182 0.0000
3.7511 1.7258 0.0000
3.6356 1.4807 0.0000
2.3447 2.6996 0.0000
2.0934 2.5657 0.0000
2.0745 2.2735 0.0000
3.7518 -2.2340 0.0000
3.5650 -2.4050 0.0000
-0.9512 1.0314 0.0024
-0.1278 4.7628 0.0000
-3.2636 4.4176 0.0000
-3.4980 -3.2234 0.0000
-3.6950 -3.3810 0.0000
0.9538 -2.8586 0.0000
0.7358 -3.0557 0.0000
-4.4883 -2.7748 0.0000
-2.6864 -1.8331 0.0003
-2.7272 -2.1315 0.0000
-2.0255 4.7358 0.0000
1.5391 3.1264 0.0000
4.2303 4.7664 0.0000
3.9487 4.7029 0.0000
-2.0853 -0.1571 0.5845
-2.1543 -0.2279 0.5859
-2.2447 -0.2018 0.6116
-2.2305 -0.2936 0.5612
-2.3101 -0.3166 0.5339
-2.2981 -0.4027 0.4778
-2.3917 -0.3736 0.4582
-2.3796 -0.4654 0.4021
-2.4541 -0.5275 0.3188
-2.4653 -0.6146 0.2583
1.4031 2.9028 0.0000
1.2678 2.6901 0.0000
2.8974 1.2613 0.0010
2.6457 1.2808 0.0030
4.2451 4.2359 0.0000
-0.1781 -4.6988 0.0000
-0.5383 -0.3309 0.0057
-0.7833 -0.6339 0.0054
-0.7937 -0.3710 0.0106
-1.0097 -0.5241 0.0166
-1.2393 -0.5290 0.0359
-1.4324 -0.5962 0.0635
0.0246 4.5097 0.0000
0.3637 4.5316 0.0000
0.2227 4.3519 0.0000
0.0094 4.2218 0.0000
4.2696 -1.0370 0.0000
-2.9579 4.7531 0.0000
-4.7320 4.5235 0.0000
0.4615 -0.3823 0.0012
0.2799 -0.6860 0.0005
-0.0019 -0.7430 0.0004
3.7804 -4.2324 0.0000
3.5191 -4.4162 0.0000
2.7872 4.1747 0.0000
2.6266 3.9540 0.0000
2.4349 3.7306 0.0000
-4.7590 -1.1046 0.0000
3.6904 -0.0983 0.0000
3.6252 -0.4044 0.0000
-0.4825 4.4674 0.0000
4.4756 0.5376 0.0000
4.1898 0.6205 0.0000
0.7382 1.8504 0.0000
0.8633 1.6307 0.0001
0.6229 1.4745 0.0001
0.5939 3.0627 0.0000
1.0518 -3.5968 0.0000
0.7767 -3.6696 0.0000
-3.4944 0.7275 0.0000
-3.7909 0.6548 0.0000
-4.0087 0.8428 0.0000
-4.0753 0.5567 0.0000
2.3372 3.9915 0.0000
2.1094 3.9104 0.0000
-2.3037 -3.4661 0.0000
-2.4523 -3.7144 0.0000
-2.6631 4.7805 0.0000
-3.9049 3.8785 0.0000
-4.0837 3.6956 0.0000
-4.4677 4.0581 0.0000
-4.7429 3.9097 0.0000
-3.5170 -4.3192 0.0000
-3.4194 -4.5433 0.0000
-3.0231 -1.4332 0.0004
-2.9878 -1.7402 0.0001
-3.2423 -1.6355 0.0000
-3.2240 -1.9558 0.0000
-3.5032 -2.0721 0.0000
-0.6542 -4.5411 0.0000
-0.9170 -4.5133 0.0000
-3.0551 -2.2299 0.0000
-3.1691 -2.4799 0.0000
-3.3798 -2.6106 0.0000
-3.4359 -2.8767 0.0000
-3.6445 -3.0181 0.0000
3.1625 3.0803 0.0000
3.1738 2.7997 0.0000
-4.5397 2.0202 0.0000
-0.9347 2.8583 0.0000
-1.0819 2.5865 0.0000
-1.2381 2.7922 0.0000
-1.3080 2.4469 0.0000
1.9489 3.6813 0.0000
1.7521 3.5373 0.0000
1.5440 3.4005 0.0000
-0.9767 -1.1712 0.0007
-1.3999 -4.2410 0.0000
-1.6403 -4.2903 0.0000
-1.7503 -4.5293 0.0000
1.5830 -1.4812 0.0006
1.7807 -1.6712 0.0004
1.5398 -1.7616 0.0001
1.2825 -1.8941 0.0000
4.5099 -1.8210 0.0000
3.0128 -4.3486 0.0000
2.9872 -4.5477 0.0000
2.7110 -4.4921 0.0000
2.6715 -4.7437 0.0000
0.6666 2.4605 0.0000
0.4368 2.2799 0.0000
-1.2079 4.0706 0.0000
-1.4603 3.8780 0.0000
-1.6568 3.6746 0.0000
-3.5484 -1.2474 0.0000
-3.5001 -1.5119 0.0000
-3.7504 -1.6436 0.0000
-3.7518 -1.9108 0.0000
-0.5973 3.2928 0.0000
-0.6797 3.0187 0.0000
4.0449 -4.6562 0.0000
3.8621 -4.7755 0.0000
3.7564 -4.5326 0.0000
-4.3204 1.2404 0.0000
-4.4428 1.5043 0.0000
-4.6226 1.2585 0.0000
-1.9246 4.1522 0.0000
-2.1021 3.9340 0.0000
-2.3756 3.8728 0.0000
0.3470 -4.2699 0.0000
0.0979 -4.1995 0.0000
0.0784 -4.4925 0.0000
0.0450 3.7398 0.0000
-0.0410 3.4782 0.0000
2.3910 -4.7397 0.0000
-2.0507 1.6635 0.0024
-2.2861 1.5205 0.0067
-2.2758 1.2448 0.0328
1.5966 2.0388 0.0000
1.4875 1.8175 0.0002
1.6777 1.5833 0.0008
1.3805 1.5971 0.0004
1.1163 1.7412 0.0001
1.1287 1.4714 0.0004
-0.9431 4.5091 0.0000
1.7378 -0.9445 0.0106
1.6637 -1.2098 0.0029
4.4687 1.3282 0.0000
4.1825 1.3547 0.0000
4.2811 1.0977 0.0000
4.1152 0.8867 0.0000
3.0072 4.2903 0.0000
3.0251 4.0162 0.0000
2.8744 3.8534 0.0000
0.0085 -3.8390 0.0000
-0.1485 -4.0453 0.0000
-0.4033 -4.1959 0.0000
-0.4911 0.6785 0.0028
2.9351 1.0058 0.0019
2.6500 1.0335 0.0078
2.3812 1.0423 0.0148
-4.7339 2.7443 0.0000
-4.7654 2.5145 0.0000
4.2986 2.6809 0.0000
4.2540 2.3630 0.0000
-0.1484 1.0764 0.0004
0.0549 0.8346 0.0010
0.6522 4.5740 0.0000
0.7231 -3.9700 0.0000
0.4455 -4.0317 0.0000
-2.9900 -3.0911 0.0000
-3.1399 -3.3048 0.0000
-3.3497 -3.4242 0.0000
-4.4971 2.4822 0.0000
3.4931 4.2880 0.0000
3.5041 4.0111 0.0000
2.8160 -2.7936 0.0000
2.5636 -2.9232 0.0000
2.0185 0.3994 0.0932
1.9334 0.3149 0.0912
1.7897 0.3125 0.0646
2.0365 0.2892 0.1123
1.9702 0.2121 0.1097
1.8746 0.2070 0.0906
1.8940 0.1190 0.1005
1.7558 0.1493 0.0697
1.8189 0.0488 0.0863
1.6269 0.0410 0.0494
