5.0000 5.0000 0.0000
0.0000 5.0000 0.0000
2.5000 5.0000 0.0000
3.7500 5.0000 0.0000
4.3750 5.0000 0.0000
4.6875 5.0000 0.0000
4.0625 5.0000 0.0000
3.1250 5.0000 0.0000
3.4375 5.0000 0.0000
2.8125 5.0000 0.0000
1.2500 5.0000 0.0000
1.8750 5.0000 0.0000
2.1875 5.0000 0.0000
1.5625 5.0000 0.0000
0.6250 5.0000 0.0000
0.9375 5.0000 0.0000
0.3125 5.0000 0.0000
-2.5000 5.0000 0.0000
-1.2500 5.0000 0.0000
-0.6250 5.0000 0.0000
-0.3125 5.0000 0.0000
-0.9375 5.0000 0.0000
-1.8750 5.0000 0.0000
-1.5625 5.0000 0.0000
-2.1875 5.0000 0.0000
-3.7500 5.0000 0.0000
-3.1250 5.0000 0.0000
-2.8125 5.0000 0.0000
-3.4375 5.0000 0.0000
-4.3750 5.0000 0.0000
-4.0625 5.0000 0.0000
-4.6875 5.0000 0.0000
5.0000 -5.0000 0.0000
5.0000 0.0000 0.0000
5.0000 -2.5000 0.0000
5.0000 -3.7500 0.0000
5.0000 -4.3750 0.0000
5.0000 -4.6875 0.0000
5.0000 -4.0625 0.0000
5.0000 -3.1250 0.0000
5.0000 -3.4375 0.0000
5.0000 -2.8125 0.0000
5.0000 -1.2500 0.0000
5.0000 -1.8750 0.0000
5.0000 -2.1875 0.0000
5.0000 -1.5625 0.0000
5.0000 -0.6250 0.0000
5.0000 -0.9375 0.0000
5.0000 -0.3125 0.0000
5.0000 2.5000 0.0000
5.0000 1.2500 0.0000
5.0000 0.6250 0.0000
5.0000 0.3125 0.0000
5.0000 0.9375 0.0000
5.0000 1.8750 0.0000
5.0000 1.5625 0.0000
5.0000 2.1875 0.0000
5.0000 3.7500 0.0000
5.0000 3.1250 0.0000
5.0000 2.8125 0.0000
5.0000 3.4375 0.0000
5.0000 4.3750 0.0000
5.0000 4.0625 0.0000
5.0000 4.6875 0.0000
-5.0000 -5.0000 0.0000
0.0000 -5.0000 0.0000
-2.5000 -5.0000 0.0000
-3.7500 -5.0000 0.0000
-4.3750 -5.0000 0.0000
-4.6875 -5.0000 0.0000
-4.0625 -5.0000 0.0000
-3.1250 -5.0000 0.0000
-3.4375 -5.0000 0.0000
-2.8125 -5.0000 0.0000
-1.2500 -5.0000 0.0000
-1.8750 -5.0000 0.0000
-2.1875 -5.0000 0.0000
-1.5625 -5.0000 0.0000
-0.6250 -5.0000 0.0000
-0.9375 -5.0000 0.0000
-0.3125 -5.0000 0.0000
2.5000 -5.0000 0.0000
1.2500 -5.0000 0.0000
0.6250 -5.0000 0.0000
0.3125 -5.0000 0.0000
0.9375 -5.0000 0.0000
1.8750 -5.0000 0.0000
1.5625 -5.0000 0.0000
2.1875 -5.0000 0.0000
3.7500 -5.0000 0.0000
3.1250 -5.0000 0.0000
2.8125 -5.0000 0.0000
3.4375 -5.0000 0.0000
4.3750 -5.0000 0.0000
4.0625 -5.0000 0.0000
4.6875 -5.0000 0.0000
-5.0000 5.0000 0.0000
-5.0000 0.0000 0.0000
-5.0000 2.5000 0.0000
-5.0000 3.7500 0.0000
-5.0000 4.3750 0.0000
-5.0000 4.6875 0.0000
-5.0000 4.0625 0.0000
-5.0000 3.1250 0.0000
-5.0000 3.4375 0.0000
-5.0000 2.8125 0.0000
-5.0000 1.2500 0.0000
-5.0000 1.8750 0.0000
-5.0000 2.1875 0.0000
-5.0000 1.5625 0.0000
-5.0000 0.6250 0.0000
-5.0000 0.9375 0.0000
-5.0000 0.3125 0.0000
-5.0000 -2.5000 0.0000
-5.0000 -1.2500 0.0000
-5.0000 -0.6250 0.0000
-5.0000 -0.3125 0.0000
-5.0000 -0.9375 0.0000
-5.0000 -1.8750 0.0000
-5.0000 -1.5625 0.0000
-5.0000 -2.1875 0.0000
-5.0000 -3.7500 0.0000
-5.0000 -3.1250 0.0000
-5.0000 -2.8125 0.0000
-5.0000 -3.4375 0.0000
-5.0000 -4.3750 0.0000
-5.0000 -4.0625 0.0000
-5.0000 -4.6875 0.0000
-3.5556 -0.4178 0.0000
-0.8816 -3.2476 0.0000
0.3870 3.5096 0.0000
0.1583 3.3278 0.0000
-0.6477 -3.9522 0.0000
-1.4058 4.7540 0.0000
-1.5620 4.5084 0.0000
0.1507 -4.2578 0.0000
4.0428 0.0757 0.0000
3.6941 0.0461 0.0000
3.5191 -0.1179 0.0000
3.8754 -0.1195 0.0000
3.6800 -0.3045 0.0000
3.7183 -0.5486 0.0000
3.4093 -0.3841 0.0000
3.4760 -0.6462 0.0000
4.4776 -3.9898 0.0000
4.4939 -4.2556 0.0000
0.8500 -0.1077 0.0036
-1.0390 0.5981 0.0157
0.0972 3.5981 0.0000
4.7573 4.7600 0.0000
4.5332 4.5043 0.0000
1.8955 1.9542 0.0002
1.7556 1.7107 0.0005
1.4894 1.7855 0.0002
1.4859 1.5257 0.0008
2.8065 3.7879 0.0000
-1.5284 -1.2389 0.0066
-1.5688 -1.5174 0.0011
-1.7774 -1.3561 0.0076
0.9068 -0.3779 0.0034
-2.1703 2.6526 0.0000
-1.0380 1.7005 0.0001
-4.7193 -4.5118 0.0000
1.6949 -0.0436 0.0620
1.5384 -0.1336 0.0360
1.3553 -0.2658 0.0170
1.1690 -0.4508 0.0068
0.6615 4.5097 0.0000
0.2634 2.7547 0.0000
0.0565 2.5615 0.0000
-1.1807 -3.6913 0.0000
1.7673 3.8234 0.0000
2.9050 1.9106 0.0000
-1.7107 4.7599 0.0000
2.2673 0.9385 0.0242
1.5974 2.3984 0.0000
1.4496 2.1542 0.0000
-0.2293 4.3053 0.0000
-1.8670 4.5628 0.0000
-2.1168 4.5098 0.0000
-2.3072 4.2228 0.0000
2.9025 3.2192 0.0000
-4.2403 -2.8726 0.0000
0.1932 -4.5403 0.0000
-0.2756 1.0866 0.0005
-0.8712 -0.7629 0.0045
1.6980 4.3014 0.0000
-0.4017 -2.8240 0.0000
-0.6313 -3.0966 0.0000
-0.3841 -1.8086 0.0000
-0.6382 -1.9545 0.0000
-0.7740 -2.1509 0.0000
-2.0714 -2.0892 0.0001
-2.3260 -2.2059 0.0000
-2.5005 -2.3796 0.0000
4.2340 1.4593 0.0000
4.0161 1.2563 0.0000
4.0987 0.9824 0.0000
3.8313 1.0137 0.0000
2.4248 4.2815 0.0000
1.8543 4.5485 0.0000
-3.4641 -4.1858 0.0000
4.7587 2.3378 0.0000
-1.6558 -2.7648 0.0000
-1.6583 -3.0760 0.0000
-2.5749 -2.6824 0.0000
4.4735 -2.7502 0.0000
4.1817 -2.7932 0.0000
-0.1490 -3.8171 0.0000
-0.3723 -4.0571 0.0000
-0.6133 -4.2429 0.0000
0.2089 -0.9358 0.0002
2.2142 3.6033 0.0000
4.7527 0.7930 0.0000
4.5164 0.6413 0.0000
-1.0293 -4.7439 0.0000
-4.3024 2.3274 0.0000
0.9747 -0.6518 0.0024
0.7739 -0.8491 0.0008
-1.7690 -0.3930 0.2603
3.7133 3.9410 0.0000
1.9623 2.3262 0.0000
1.7671 2.2012 0.0000
-0.4752 2.7554 0.0000
-4.1257 -4.4901 0.0000
-4.4047 -4.5092 0.0000
-0.1179 -4.7540 0.0000
-1.8952 -2.9075 0.0000
-2.1852 -3.3310 0.0000
3.9744 0.7263 0.0000
3.7464 0.5194 0.0000
4.0105 0.4402 0.0000
3.8557 0.2410 0.0000
3.5619 0.2905 0.0000
-2.9743 -2.3565 0.0000
3.1849 -0.5423 0.0006
3.2394 -0.8084 0.0002
2.9857 -0.7810 0.0023
2.9760 -1.0348 0.0012
-1.0913 1.4268 0.0005
-1.3431 1.3334 0.0021
2.5135 -3.5006 0.0000
2.3054 -3.6344 0.0000
2.1061 -3.7814 0.0000
-2.9653 -0.3427 0.0325
-3.2120 -0.4620 0.0015
-3.3976 -0.9264 0.0000
4.7520 1.7177 0.0000
4.5263 1.5561 0.0000
4.7648 1.4071 0.0000
4.5128 1.2750 0.0000
4.2844 1.1524 0.0000
3.9881 2.0951 0.0000
-3.2257 2.4893 0.0000
-0.8523 0.4471 0.0119
0.7767 -4.7552 0.0000
3.5992 -3.6536 0.0000
1.6828 3.2786 0.0000
-2.5567 4.1791 0.0000
-2.8188 4.2819 0.0000
-2.7710 4.0287 0.0000
2.5852 1.5112 0.0013
-0.2961 -3.2851 0.0000
-0.5953 -3.3664 0.0000
-1.4055 -3.4856 0.0000
-1.4867 -3.7039 0.0000
3.4229 -1.4725 0.0000
4.3042 3.4682 0.0000
3.2628 -4.0657 0.0000
-3.9640 0.2072 0.0000
-3.9472 -0.0718 0.0000
1.7198 4.7720 0.0000
2.6896 -2.9805 0.0000
2.5833 -3.2270 0.0000
2.3574 -3.0165 0.0000
2.3151 -3.3279 0.0000
-1.7628 -1.6789 0.0007
3.4693 -1.2041 0.0000
3.2060 -1.3135 0.0000
-2.7317 3.0335 0.0000
-2.9417 2.9114 0.0000
-3.1642 2.7687 0.0000
4.7581 3.8935 0.0000
4.4770 3.7294 0.0000
3.3350 4.3668 0.0000
3.2471 4.1381 0.0000
3.1407 3.9026 0.0000
3.0613 1.6543 0.0001
2.8770 1.4280 0.0006
-0.4420 0.7272 0.0022
1.9841 -0.2191 0.1116
1.8811 -0.2758 0.0861
1.7441 -0.2118 0.0651
1.7709 -0.3937 0.0552
1.6635 -0.5787 0.0272
-1.1238 -3.9850 0.0000
-4.0169 3.9500 0.0000
-4.2273 3.7461 0.0000
-0.6544 0.2698 0.0086
-0.8949 0.1783 0.0198
-1.1096 0.0952 0.0422
-2.4579 1.2869 0.0214
-2.6817 1.1635 0.0176
-2.7401 0.9274 0.0362
-2.9572 0.7815 0.0118
-3.2012 0.6753 0.0009
-4.2112 2.0617 0.0000
-4.2394 1.7586 0.0000
1.8731 4.0829 0.0000
2.8429 0.0954 0.0210
1.6277 -2.6329 0.0000
1.4663 -2.8697 0.0000
1.3347 -2.5943 0.0000
1.2044 -2.8316 0.0000
1.0039 -3.0108 0.0000
4.5088 3.1878 0.0000
4.2336 3.2033 0.0000
-3.7686 -1.7514 0.0000
3.8553 4.2123 0.0000
0.9616 -4.5253 0.0000
-1.1459 -3.3851 0.0000
1.7977 -2.4085 0.0000
-3.6117 4.4151 0.0000
-2.9775 0.4609 0.0228
-3.2297 0.4082 0.0012
-3.4376 0.2435 0.0000
-3.7081 0.3607 0.0000
-3.6900 0.0844 0.0000
-3.6614 -0.1879 0.0000
-3.5545 4.1872 0.0000
-4.1995 -3.9505 0.0000
-4.2619 -4.2430 0.0000
4.5163 2.1710 0.0000
-3.9618 1.5956 0.0000
-3.9706 1.3284 0.0000
-2.0909 -0.8357 0.1634
-2.1148 -0.9249 0.1232
-2.1876 -0.8647 0.1580
-2.2773 -0.9012 0.1394
-2.1992 -0.9721 0.1082
-2.2948 -0.9974 0.0970
-2.3991 -1.0878 0.0605
3.7120 4.4717 0.0000
4.5195 -2.4848 0.0000
-4.2312 4.7717 0.0000
-4.3979 4.5602 0.0000
-0.7515 1.7639 0.0000
-0.8149 1.4870 0.0001
2.3932 4.0272 0.0000
3.1196 -3.8232 0.0000
3.6875 2.0765 0.0000
-3.4443 -2.9374 0.0000
-3.5686 -3.1264 0.0000
-3.7821 -3.2686 0.0000
-4.0108 -3.3320 0.0000
-2.7532 -0.2654 0.1624
-2.8291 -0.3192 0.0969
-2.6820 -0.3574 0.2068
-2.7560 -0.3542 0.1439
-2.7765 -0.4215 0.1160
-2.8382 -0.4849 0.0704
-3.0025 -0.5988 0.0143
-3.1830 -0.7663 0.0011
0.4603 -4.7153 0.0000
2.6599 4.7525 0.0000
-4.0287 -1.2255 0.0000
-0.2141 -2.6463 0.0000
-1.9808 3.5179 0.0000
-1.1395 2.1886 0.0000
1.4558 0.2805 0.0230
-0.0876 2.0944 0.0000
-0.2059 1.8889 0.0000
-0.4744 1.8409 0.0000
2.9028 0.6576 0.0064
2.6566 0.6795 0.0250
2.4387 0.3810 0.0941
-4.3953 -0.4089 0.0000
-4.5406 -0.6391 0.0000
-4.2977 -1.1616 0.0000
-0.4283 3.8326 0.0000
-3.3815 1.9906 0.0000
-1.9837 -1.5004 0.0050
-0.0246 4.1828 0.0000
3.4467 1.3396 0.0000
3.2576 1.1071 0.0001
3.0639 0.8826 0.0010
4.2128 -3.5657 0.0000
3.9227 -3.6663 0.0000
-1.1723 -1.8568 0.0000
4.7426 -3.5122 0.0000
4.4969 -3.4708 0.0000
4.4717 -3.7295 0.0000
2.7769 3.4989 0.0000
2.6108 3.2646 0.0000
-2.7090 2.4583 0.0000
-4.4926 0.1870 0.0000
-4.7590 -0.1143 0.0000
-2.3978 -0.3012 0.4962
-2.4862 -0.2981 0.4247
-2.5061 -0.3817 0.3641
-2.5364 -0.4550 0.2998
-2.6204 -0.5184 0.2035
-2.6666 -0.6072 0.1396
-2.5824 -0.3298 0.3144
-2.6101 -0.4172 0.2528
-2.6976 -0.4492 0.1672
-2.7289 -0.5321 0.1227
-2.7974 -0.6493 0.0635
2.7363 -0.7423 0.0135
-1.0662 3.0026 0.0000
2.6940 -0.0933 0.0518
2.5496 -0.1223 0.0933
2.4739 -0.1779 0.1114
2.5715 -0.2399 0.0798
2.4498 -0.2681 0.1087
2.5581 -0.3732 0.0706
0.8140 0.9048 0.0018
-4.5301 -3.2495 0.0000
3.2602 0.3378 0.0004
1.1504 -3.7750 0.0000
-3.4110 -2.6614 0.0000
3.0306 2.6847 0.0000
2.7736 2.5494 0.0000
3.0018 2.4008 0.0000
2.7556 2.2550 0.0000
-4.5105 -2.9887 0.0000
4.4695 -1.4509 0.0000
4.4685 -1.7143 0.0000
4.2392 -1.9057 0.0000
-4.4832 -4.0142 0.0000
-4.5383 -4.2705 0.0000
0.7645 -1.7479 0.0000
0.7056 1.6140 0.0000
4.4463 4.2568 0.0000
4.5292 4.0145 0.0000
0.2072 3.0484 0.0000
3.9588 -0.3893 0.0000
3.9874 -0.6676 0.0000
3.7390 -0.8169 0.0000
3.4877 -0.9338 0.0000
3.2171 -1.0588 0.0001
-2.7265 -2.1992 0.0000
-2.7597 -2.4845 0.0000
-2.8619 -2.7288 0.0000
-3.2895 -2.4570 0.0000
-3.0755 -2.5862 0.0000
-3.1815 -2.8164 0.0000
-3.2285 -3.1176 0.0000
-3.3648 3.4878 0.0000
3.5175 1.8309 0.0000
3.3400 1.6144 0.0000
-0.1608 -1.0573 0.0001
0.4324 3.9962 0.0000
-1.7755 4.3441 0.0000
-2.0446 4.2764 0.0000
-2.5121 -3.7593 0.0000
-2.8313 -3.7553 0.0000
0.1047 4.4355 0.0000
-2.3474 4.7381 0.0000
-1.9109 -3.2083 0.0000
-0.7488 2.8389 0.0000
-0.9733 2.7628 0.0000
3.3585 0.8332 0.0000
3.4580 0.5625 0.0000
1.3723 -4.2837 0.0000
1.2510 -4.5253 0.0000
-3.9596 3.6757 0.0000
-0.9213 -2.3466 0.0000
-3.9626 2.9459 0.0000
-0.1396 -2.9571 0.0000
-0.3898 -3.0745 0.0000
-3.5731 -3.9429 0.0000
3.3790 0.0921 0.0001
-3.1972 1.2583 0.0001
-3.4466 1.1218 0.0000
-2.6682 -4.7609 0.0000
-3.6847 3.6235 0.0000
4.2774 4.4870 0.0000
0.4723 -1.8497 0.0000
3.0434 2.9703 0.0000
0.1469 1.9559 0.0000
0.8158 0.6539 0.0024
0.5266 -3.3160 0.0000
1.9826 1.5746 0.0014
1.7399 1.4177 0.0018
1.0017 -3.5467 0.0000
0.6575 -3.6480 0.0000
0.6056 -3.9025 0.0000
0.0469 0.6800 0.0016
-0.1205 3.4345 0.0000
-0.0688 3.1524 0.0000
-2.7401 0.1407 0.1903
-2.7948 0.0726 0.1439
-3.1349 -0.1499 0.0063
-3.6065 -1.0591 0.0000
-1.6059 4.1551 0.0000
-1.8623 4.0619 0.0000
-1.9193 3.7908 0.0000
-2.1397 3.9928 0.0000
-1.9021 -0.3640 0.3618
-1.8567 -0.4291 0.2998
-1.9685 -0.4222 0.3732
-2.0175 -0.5073 0.3459
-1.9117 -0.4937 0.2988
-1.9446 -0.5830 0.2645
-2.0328 -0.6081 0.2855
-1.9839 -0.6828 0.2223
-2.0485 -0.7513 0.2015
-2.1098 -0.5643 0.3413
-2.1023 -0.6709 0.2645
-2.1955 -0.6966 0.2611
-2.1534 -0.7681 0.2105
-2.2550 -0.7917 0.2001
4.2264 -4.1341 0.0000
1.4982 -1.5269 0.0004
1.3378 -1.7467 0.0001
1.0441 -1.7189 0.0000
-0.1086 -4.1426 0.0000
4.1968 -3.8450 0.0000
3.9519 -3.9956 0.0000
3.9891 -4.2782 0.0000
-0.9006 -3.8163 0.0000
-1.4442 2.3993 0.0000
-1.7006 2.2599 0.0000
4.3789 -3.0057 0.0000
4.2727 -3.2845 0.0000
3.9958 -3.3656 0.0000
-3.6890 1.1266 0.0000
1.5527 0.6963 0.0136
0.9581 -2.7272 0.0000
0.7653 -3.1515 0.0000
4.0282 2.4053 0.0000
0.5923 3.7226 0.0000
-1.1785 2.4454 0.0000
0.1925 -2.2852 0.0000
-0.0250 -2.4524 0.0000
2.2181 1.1678 0.0094
2.0084 0.9870 0.0164
1.7626 0.8554 0.0156
-3.4468 1.7267 0.0000
-3.7089 1.6006 0.0000
-2.6715 2.7599 0.0000
-2.9383 2.6184 0.0000
-0.0991 4.5309 0.0000
4.7564 2.6454 0.0000
4.7489 -0.7542 0.0000
4.5022 -4.5178 0.0000
-1.9965 0.4817 0.3515
-2.0475 0.3949 0.4353
-2.1497 0.3660 0.4993
-2.1835 0.2759 0.5663
-2.2168 0.1851 0.6182
-2.2800 0.2650 0.5729
-2.2518 0.0945 0.6483
-2.3120 0.1709 0.6094
-2.4110 0.1690 0.5485
-2.4392 0.0905 0.5440
-2.3443 0.0805 0.6203
-2.4022 -0.0026 0.5865
-2.4995 0.0269 0.4864
-2.4213 -0.1342 0.5502
-2.4680 -0.2154 0.4786
-2.5606 -0.0465 0.4113
-2.4675 -0.0635 0.5191
-2.5282 -0.1425 0.4361
-2.5650 -0.2323 0.3683
-2.6163 -0.1196 0.3341
-2.7295 -0.1789 0.1977
-2.6446 -0.1922 0.2875
-2.6642 -0.2738 0.2469
3.5059 -3.1805 0.0000
-0.7343 -2.4843 0.0000
-0.8954 -2.6733 0.0000
-2.2319 -3.6324 0.0000
0.6050 2.0898 0.0000
0.4438 1.8686 0.0000
-1.2610 1.9043 0.0000
-1.3208 1.6105 0.0003
-0.9788 -2.0255 0.0000
-1.1378 -2.2073 0.0000
-4.7593 2.6550 0.0000
2.1336 0.7615 0.0437
1.9524 0.7486 0.0350
1.7930 0.5969 0.0372
1.7817 0.3912 0.0564
1.5904 0.4678 0.0270
0.4772 1.6008 0.0000
0.2339 1.6679 0.0000
0.4655 1.3512 0.0001
-2.7343 -4.0034 0.0000
-4.7374 -3.9677 0.0000
-4.7744 -4.2237 0.0000
2.8893 -3.2085 0.0000
2.7755 -3.4515 0.0000
2.2399 2.3749 0.0000
2.1257 2.1053 0.0001
-3.7652 -0.5326 0.0000
-3.9669 -0.7084 0.0000
0.0677 -0.1409 0.0016
0.1532 -0.3843 0.0008
-0.0409 -0.5384 0.0006
-0.2915 -0.6192 0.0007
2.0903 0.2770 0.1229
-2.0429 4.7695 0.0000
-2.3521 4.4713 0.0000
2.4496 0.6309 0.0548
2.5459 0.4880 0.0594
2.3854 0.4884 0.0851
2.3286 0.3919 0.1079
2.2215 0.3878 0.1136
2.3750 0.3037 0.1159
2.2775 0.3116 0.1247
2.1823 0.2969 0.1276
4.4880 -1.1797 0.0000
4.2391 -1.0605 0.0000
-4.2744 -0.6944 0.0000
-1.5487 1.7581 0.0003
-1.8154 1.6801 0.0014
2.2364 -2.2160 0.0000
2.0998 -2.4494 0.0000
2.9729 -2.2474 0.0000
2.6937 -2.4556 0.0000
2.8240 -2.7325 0.0000
2.5269 -2.7426 0.0000
2.0475 2.6040 0.0000
-3.6800 -4.2683 0.0000
-3.9010 -4.3982 0.0000
1.4055 4.7661 0.0000
1.5538 4.5338 0.0000
1.4133 4.2752 0.0000
-4.5472 4.7588 0.0000
-4.7586 4.5767 0.0000
1.1760 3.4220 0.0000
0.9376 3.2771 0.0000
-1.3786 -2.3452 0.0000
-1.6400 -2.4680 0.0000
3.7160 -3.4097 0.0000
-1.6657 -3.3890 0.0000
-0.0116 1.7128 0.0000
-0.2794 1.6156 0.0000
-0.3345 1.3301 0.0001
-0.6027 1.2518 0.0003
2.3225 0.2287 0.1324
2.2409 0.2208 0.1383
2.1523 0.2000 0.1381
2.0572 0.1761 0.1295
1.9729 0.1371 0.1175
2.2835 -0.9549 0.0233
2.9830 -4.7591 0.0000
2.6778 -4.7350 0.0000
4.4721 -0.2744 0.0000
4.4920 -0.5945 0.0000
4.2334 -0.4785 0.0000
4.2431 -0.7723 0.0000
1.5501 -1.8796 0.0001
-3.2440 -1.8828 0.0000
-3.5632 4.7611 0.0000
3.2039 -3.2290 0.0000
4.2740 -2.2030 0.0000
4.0286 -2.3291 0.0000
2.3935 -4.7357 0.0000
2.0782 -4.5071 0.0000
2.1315 -4.7461 0.0000
0.5750 -1.0252 0.0003
0.3599 -1.1363 0.0001
-2.7987 -1.3622 0.0035
-3.0132 -1.5636 0.0002
4.7588 -4.7636 0.0000
-1.7805 1.9656 0.0001
-1.9893 2.1711 0.0000
-2.2235 -3.9362 0.0000
-2.4600 -4.0394 0.0000
-0.1944 4.7633 0.0000
1.1466 2.1880 0.0000
1.0196 1.9134 0.0000
-2.7671 -1.9019 0.0001
-3.0060 -2.0653 0.0000
0.8047 0.1605 0.0031
0.5820 -0.0200 0.0019
0.3632 -0.2058 0.0012
-3.8663 4.4038 0.0000
-3.7976 4.1429 0.0000
-4.0739 4.2232 0.0000
-4.2870 4.0207 0.0000
-0.8644 -4.1235 0.0000
-1.0781 -4.2726 0.0000
0.2921 -3.1890 0.0000
0.1975 -3.4321 0.0000
0.8818 -3.7689 0.0000
0.8714 -4.0132 0.0000
4.7696 3.2786 0.0000
1.6992 2.7672 0.0000
1.4542 2.6555 0.0000
1.3175 2.3916 0.0000
-1.9526 -3.4893 0.0000
0.3719 -4.0826 0.0000
-0.3344 -4.3296 0.0000
-0.5751 -4.5167 0.0000
-3.5926 -1.5108 0.0000
-3.9371 4.7574 0.0000
-4.1040 4.5191 0.0000
4.5358 1.8832 0.0000
4.2682 2.0059 0.0000
4.3380 1.7240 0.0000
3.4481 -4.5742 0.0000
3.2863 -4.7816 0.0000
2.7395 -1.0065 0.0057
2.5201 -0.8627 0.0224
2.4766 -1.0977 0.0101
1.6361 -4.2073 0.0000
1.5616 -4.4913 0.0000
-0.1906 -0.3159 0.0016
-0.4900 -0.4217 0.0037
-0.7796 -0.5021 0.0079
1.9838 -0.7218 0.0419
4.7699 -2.3632 0.0000
4.7525 -2.6623 0.0000
0.8720 -4.2711 0.0000
0.6725 -4.4898 0.0000
-4.7610 2.3410 0.0000
2.0024 0.2513 0.1130
1.9271 0.2074 0.1030
1.8743 0.1179 0.0977
1.9445 0.0431 0.1152
1.8418 0.0155 0.0930
1.8224 -0.0913 0.0869
-0.3734 -0.8832 0.0003
-0.4502 -1.1564 0.0001
4.5808 0.0141 0.0000
-2.5643 0.5149 0.2484
-2.6370 0.4697 0.2091
-2.5164 0.4397 0.3244
-2.5845 0.3953 0.2847
-2.6903 0.3837 0.1909
-2.7749 0.3295 0.1323
-2.7429 0.4671 0.1285
-2.8172 0.4096 0.0909
-2.6169 0.3086 0.2850
-2.6913 0.2849 0.2151
-2.8820 0.2750 0.0688
-2.7676 0.2391 0.1523
-2.8165 0.1767 0.1191
-2.8971 0.1180 0.0695
0.9238 3.5439 0.0000
0.6731 3.4425 0.0000
-3.3963 -4.4608 0.0000
-3.2882 -4.7338 0.0000
-3.6497 -4.5233 0.0000
-3.5791 -4.7612 0.0000
-3.8994 -4.7176 0.0000
-4.2276 -1.4495 0.0000
-4.2878 -1.7188 0.0000
-2.2239 1.0555 0.0832
-2.2413 0.9652 0.1191
-2.4645 1.0947 0.0549
-2.3282 1.0822 0.0718
-2.3458 0.9877 0.1042
-2.3054 0.9260 0.1344
-2.4264 0.9539 0.1056
-2.3766 0.8673 0.1531
-2.5589 0.9765 0.0688
-2.4798 0.8655 0.1282
-2.4251 0.7795 0.1855
-2.5872 0.8581 0.0958
-2.5235 0.7748 0.1515
-2.4681 0.6890 0.2173
-2.5620 0.6847 0.1724
-2.5135 0.5985 0.2416
-2.6297 0.7733 0.1063
-2.7608 0.7456 0.0601
-2.6482 0.6823 0.1268
-2.7154 0.6269 0.1065
-2.6138 0.5932 0.1793
-2.6884 0.5403 0.1470
-2.8213 0.5752 0.0642
-4.0507 2.7148 0.0000
-3.3131 4.2551 0.0000
0.5235 1.0836 0.0006
0.3166 0.8781 0.0010
1.5387 0.0836 0.0364
3.4170 -3.4380 0.0000
3.2487 -3.5967 0.0000
-1.1951 2.6942 0.0000
-4.7412 1.1753 0.0000
-4.7516 0.9258 0.0000
3.1675 0.6017 0.0007
2.9702 0.3540 0.0066
0.2970 3.7634 0.0000
3.8102 1.8179 0.0000
3.6368 1.5696 0.0000
2.9426 -1.2820 0.0006
2.7972 -1.5325 0.0004
0.3116 0.0678 0.0016
0.0564 0.1462 0.0027
-0.1872 -0.0239 0.0038
-0.5448 1.5464 0.0000
-0.8996 1.2233 0.0008
-4.7268 3.5885 0.0000
3.3033 3.6463 0.0000
3.0191 3.6778 0.0000
1.9614 2.8363 0.0000
-1.8619 -2.2834 0.0000
1.5135 -0.7832 0.0092
1.8652 -1.0979 0.0082
1.6020 -1.0438 0.0048
1.4043 -1.2622 0.0010
3.9677 -1.8037 0.0000
3.7387 -1.8945 0.0000
3.7489 -2.1354 0.0000
4.0019 -2.0739 0.0000
3.7734 -2.3770 0.0000
3.4702 -1.9260 0.0000
3.4952 -2.1721 0.0000
2.2378 0.1327 0.1468
2.1365 0.1071 0.1442
2.2101 0.0397 0.1512
2.1125 0.0122 0.1445
2.0416 0.0752 0.1331
2.1826 -0.0516 0.1499
2.0870 -0.0821 0.1392
2.0159 -0.0212 0.1294
1.9951 -0.1214 0.1216
1.9233 -0.0570 0.1099
1.8989 -0.1633 0.0994
0.6947 -0.5794 0.0013
0.4692 -0.7857 0.0005
-1.1423 1.1349 0.0029
-1.4638 0.8072 0.0370
-1.2930 0.9395 0.0121
-1.2438 0.7006 0.0239
-1.5677 0.6586 0.0822
-1.5484 0.5468 0.1017
-1.2716 0.4612 0.0487
-1.4211 0.4176 0.0873
-1.4875 0.3353 0.1231
-1.4173 0.6010 0.0581
-1.4760 0.4890 0.0912
-1.5341 0.4202 0.1248
-3.6822 3.1175 0.0000
2.3475 4.7859 0.0000
-4.3301 4.3016 0.0000
-4.5999 4.3975 0.0000
-4.7884 4.2247 0.0000
1.0498 0.9051 0.0022
1.0627 0.6404 0.0033
-1.4059 0.0895 0.1205
-1.4553 0.0050 0.1438
-1.4712 -0.0962 0.1491
-1.5603 -0.1280 0.1926
-1.6213 -0.1818 0.2223
-1.6425 -0.2797 0.2168
-1.4494 0.2535 0.1212
-1.4061 0.1650 0.1152
-1.4842 0.1737 0.1457
-1.5753 0.1556 0.1939
-1.5005 0.0871 0.1615
-1.5709 0.0428 0.2017
-1.5392 -0.0299 0.1854
-1.6200 -0.0660 0.2325
-1.7132 -0.2060 0.2792
-1.6360 0.0975 0.2381
-1.6546 0.0032 0.2567
-1.6854 -0.1131 0.2738
-1.7255 0.0638 0.3067
-1.8108 0.0403 0.3800
-1.7388 -0.0364 0.3201
-1.7832 -0.1312 0.3473
-1.8044 -0.2324 0.3410
-1.9036 -0.2652 0.4079
-1.7343 -0.3012 0.2694
-1.8261 -0.3240 0.3256
0.8558 2.1598 0.0000
0.7385 1.8626 0.0000
-0.0158 -3.2088 0.0000
-0.0908 -3.5002 0.0000
3.4631 4.5415 0.0000
-4.5009 2.7839 0.0000
-4.7496 2.9633 0.0000
4.7689 0.1772 0.0000
0.3335 2.4587 0.0000
0.3614 2.1669 0.0000
2.7594 0.9312 0.0070
2.4995 0.8395 0.0261
1.9292 -2.6721 0.0000
1.7588 -2.8919 0.0000
1.5889 -3.1124 0.0000
-1.4353 2.6568 0.0000
3.4900 2.5760 0.0000
3.2518 2.5275 0.0000
3.2529 2.2692 0.0000
3.0259 2.1256 0.0000
1.0397 0.3810 0.0049
-1.9098 -2.5876 0.0000
-2.1237 -2.7475 0.0000
-4.2273 1.1862 0.0000
-3.9764 0.4861 0.0000
-4.2211 0.0610 0.0000
-4.1923 -0.2128 0.0000
0.9613 4.5108 0.0000
0.8462 4.2544 0.0000
0.7908 0.4105 0.0026
0.5408 0.2582 0.0019
2.0573 4.7269 0.0000
0.7225 1.3692 0.0002
4.0857 -3.0745 0.0000
-4.2147 -4.7532 0.0000
-4.5151 -4.7546 0.0000
2.4821 -2.2750 0.0000
0.1061 4.7568 0.0000
0.1559 -4.7725 0.0000
-1.3791 -0.4523 0.0732
-1.4492 -0.5613 0.0741
-1.5244 -0.9997 0.0219
-4.7607 -1.4127 0.0000
-0.6740 2.0423 0.0000
-0.9596 1.9723 0.0000
4.0033 4.4771 0.0000
-2.3630 -4.7604 0.0000
-1.3672 2.1890 0.0000
-1.5214 2.0375 0.0000
2.5252 0.0924 0.1010
2.5664 -0.0118 0.0906
2.4713 0.0297 0.1180
2.4080 0.2025 0.1224
2.3335 0.1447 0.1396
2.3081 0.0543 0.1475
2.4029 0.0850 0.1322
2.2788 -0.0357 0.1504
2.6626 -1.8053 0.0002
2.3476 -1.7365 0.0005
-0.8032 4.7596 0.0000
-4.5478 4.1082 0.0000
-4.7667 3.9090 0.0000
1.0112 1.1677 0.0013
0.7643 1.1337 0.0008
3.5567 4.2065 0.0000
3.4336 3.9167 0.0000
4.2143 -1.3340 0.0000
-1.9828 -3.7631 0.0000
-1.2666 3.2157 0.0000
-1.5478 3.1280 0.0000
1.2341 2.8564 0.0000
1.1587 2.5710 0.0000
0.9735 2.3982 0.0000
1.2937 -3.1383 0.0000
1.0424 -3.2852 0.0000
0.7707 -3.4316 0.0000
-0.3755 -2.4550 0.0000
-0.5472 -2.6142 0.0000
3.1592 1.3789 0.0001
2.9669 1.1493 0.0009
0.1687 -2.9596 0.0000
1.3221 0.5111 0.0098
1.0892 -4.7665 0.0000
0.2548 -1.6730 0.0000
0.1880 -1.9641 0.0000
4.1983 4.7410 0.0000
-2.6443 4.7380 0.0000
-2.8134 -4.5115 0.0000
-2.9770 -4.7528 0.0000
-0.6687 -2.8344 0.0000
-0.9068 -2.9658 0.0000
-3.6815 -2.7855 0.0000
-1.9432 -1.0192 0.0676
-1.9711 -0.7968 0.1583
-2.0202 -0.8656 0.1366
-2.0284 -0.9441 0.1047
-2.0926 -1.0403 0.0772
-3.0272 -3.9742 0.0000
-0.2728 2.9650 0.0000
-0.5369 3.0388 0.0000
-0.8219 3.0990 0.0000
1.4901 2.9804 0.0000
0.7306 -2.8626 0.0000
0.5043 -3.0147 0.0000
-3.1991 -2.2296 0.0000
-3.3955 -2.0905 0.0000
1.5818 4.0420 0.0000
2.3352 1.6427 0.0010
2.4282 1.3267 0.0041
3.7344 1.2952 0.0000
3.5464 1.0627 0.0000
3.6589 0.7873 0.0000
2.7886 -3.9056 0.0000
2.6004 -4.0493 0.0000
2.4303 -4.2188 0.0000
-2.4254 -3.1538 0.0000
-2.6958 -3.2493 0.0000
-2.6892 -3.5198 0.0000
-2.9841 2.3374 0.0000
-4.4888 1.0274 0.0000
4.2612 2.2943 0.0000
3.9484 3.1618 0.0000
3.8448 2.8965 0.0000
-2.6479 -4.2705 0.0000
-2.0200 0.8668 0.1400
-2.1166 0.8189 0.1824
-1.9354 0.8216 0.1394
-2.0269 0.7750 0.1868
-2.1097 0.7272 0.2343
-1.8462 0.8403 0.1079
-1.9457 0.7274 0.1863
-2.0314 0.6774 0.2434
-2.1147 0.6194 0.3063
-1.8574 0.7376 0.1505
-1.8633 0.6465 0.1931
-1.9413 0.6432 0.2285
-1.9279 0.5574 0.2696
-2.0169 0.5850 0.2954
-2.0770 0.5239 0.3611
-2.1691 0.5324 0.3815
-2.1143 0.4511 0.4271
-2.2660 0.5239 0.3923
3.2396 -0.1645 0.0006
3.0602 -0.3203 0.0030
2.8950 -0.5124 0.0086
-0.2147 0.5627 0.0022
2.2658 0.4759 0.0967
2.1636 0.4788 0.0952
-3.1255 -3.7016 0.0000
-3.3141 -3.9203 0.0000
-3.0298 2.0515 0.0000
-3.1560 1.8346 0.0000
4.0808 1.7780 0.0000
3.9294 1.5321 0.0000
-4.4569 3.3374 0.0000
-4.4866 3.0734 0.0000
-4.7320 3.2800 0.0000
-1.6745 -0.6330 0.1282
-1.7140 -0.7271 0.1110
-1.7656 -0.8083 0.0992
-1.7772 -0.6436 0.1629
-1.8793 -0.6516 0.1998
-1.8172 -0.7293 0.1428
-1.9120 -0.7368 0.1702
-1.8639 -0.8193 0.1207
-1.9363 -0.8909 0.1096
-2.5189 -4.5203 0.0000
-1.6427 0.5664 0.1299
-1.6964 0.4839 0.1797
-1.7489 0.3978 0.2397
-1.7422 0.5750 0.1688
-1.8366 0.5669 0.2177
-1.7922 0.4835 0.2311
-1.8443 0.3973 0.3020
-1.6002 0.4712 0.1394
-1.6513 0.3952 0.1846
-1.5837 0.3460 0.1630
-1.5466 0.2512 0.1639
-1.7021 0.3167 0.2374
-1.6370 0.2764 0.2079
-1.6436 0.2067 0.2269
-1.7435 0.2327 0.2900
-1.7997 0.3091 0.3071
-1.8493 0.2167 0.3782
-1.8906 0.4778 0.2920
-1.9462 0.3985 0.3706
-1.8930 0.3165 0.3741
-1.9939 0.3142 0.4498
-2.0290 0.2185 0.5216
-1.9362 0.2406 0.4411
-1.9545 0.1604 0.4849
-1.6990 0.1547 0.2744
-1.7890 0.1401 0.3477
-1.8778 0.1157 0.4294
-1.8994 0.0157 0.4608
-1.9688 0.0733 0.5170
-2.0873 0.2951 0.5186
-2.1207 0.1968 0.5860
-2.1579 0.1030 0.6338
-2.0531 0.1191 0.5736
-2.0179 0.0119 0.5632
-1.9599 -0.0378 0.5139
-2.0979 0.0317 0.6173
-2.0707 -0.0624 0.5973
-2.2314 0.0171 0.6597
-2.1706 0.0032 0.6507
-2.1559 -0.0733 0.6391
-2.1525 -0.1512 0.6168
-2.2251 -0.1838 0.6180
-2.2949 -0.2652 0.5675
-2.3053 -0.0038 0.6464
-2.2458 -0.0841 0.6504
-2.3533 -0.0839 0.6138
-2.3115 -0.1615 0.6121
-2.3793 -0.2143 0.5535
3.3088 -1.6958 0.0000
3.1844 -1.9326 0.0000
3.1009 -1.5436 0.0000
2.9669 -1.7503 0.0000
2.9235 -1.9968 0.0000
-3.0623 3.1501 0.0000
-2.2303 -4.5066 0.0000
-2.0706 -4.7536 0.0000
-2.5399 1.9736 0.0002
-2.3261 1.7722 0.0013
-2.4015 1.5156 0.0063
-2.6210 1.6959 0.0010
-2.6893 1.4274 0.0040
-2.9344 1.0970 0.0040
0.2879 0.6331 0.0019
2.3516 3.1717 0.0000
-3.2463 2.1958 0.0000
-3.4651 2.3459 0.0000
0.3587 -3.7890 0.0000
-1.3042 -4.7447 0.0000
-4.4808 -3.4894 0.0000
-4.1706 -3.6598 0.0000
-4.4353 -3.7435 0.0000
-4.7414 -3.5050 0.0000
-4.6968 -3.7342 0.0000
-4.7545 -0.8070 0.0000
3.1919 3.1810 0.0000
-3.7512 4.6322 0.0000
2.5560 2.7282 0.0000
2.2244 2.8986 0.0000
2.3039 2.6591 0.0000
1.4129 3.5086 0.0000
1.4553 3.2582 0.0000
4.0302 3.4379 0.0000
3.7431 3.4070 0.0000
3.4336 3.3694 0.0000
3.3971 3.0618 0.0000
-0.0621 -4.4593 0.0000
2.1230 0.3747 0.1114
2.0213 0.3544 0.1023
-3.9064 2.1048 0.0000
-3.9840 1.8462 0.0000
0.2482 -2.5779 0.0000
0.0462 -2.7352 0.0000
2.8046 2.8342 0.0000
2.5154 2.4425 0.0000
1.9767 4.3407 0.0000
-4.2326 0.3377 0.0000
-4.4944 0.4660 0.0000
-4.7428 0.1586 0.0000
-3.3667 3.2169 0.0000
3.7251 -3.8795 0.0000
3.4045 -3.8058 0.0000
1.9280 0.4506 0.0729
1.9145 0.3173 0.0888
1.8174 0.2287 0.0783
1.6572 0.2560 0.0471
1.7394 0.1018 0.0694
1.1102 -1.2194 0.0005
1.1992 -1.4830 0.0002
-3.2115 3.7328 0.0000
-3.4694 3.7190 0.0000
-3.9369 3.1804 0.0000
2.3317 -4.4844 0.0000
-4.4735 -0.0941 0.0000
-4.6390 -0.3246 0.0000
-4.7726 -0.5005 0.0000
-0.6791 0.0090 0.0107
-0.9275 -0.0715 0.0223
-0.9733 -0.3212 0.0206
-1.1358 -0.1581 0.0449
-1.2043 -0.3818 0.0438
-1.0496 -0.5651 0.0167
-1.2850 -0.6096 0.0361
-1.4137 -0.8036 0.0319
-4.1667 3.4560 0.0000
-0.4014 -2.1039 0.0000
-0.5692 -2.2896 0.0000
0.7177 3.9934 0.0000
-3.8956 -0.3334 0.0000
-4.1037 -0.4718 0.0000
-1.8138 -1.9748 0.0001
-0.7553 -4.7439 0.0000
-3.6346 -2.0128 0.0000
2.8503 4.5034 0.0000
2.7123 4.2382 0.0000
-3.7413 -1.2769 0.0000
-3.9252 -1.5010 0.0000
-0.9380 3.9699 0.0000
-1.1714 3.8480 0.0000
4.2810 3.9693 0.0000
4.1645 3.7099 0.0000
-4.5097 3.8267 0.0000
-1.7282 -3.6704 0.0000
-1.6869 -3.9361 0.0000
0.6234 -4.1905 0.0000
0.4158 -4.3880 0.0000
1.2927 4.0054 0.0000
1.1713 3.7251 0.0000
-4.7396 0.6916 0.0000
-4.7459 0.4323 0.0000
4.7213 2.9639 0.0000
1.3844 -4.0354 0.0000
1.2575 4.5187 0.0000
1.1299 4.2603 0.0000
-2.8718 -1.1161 0.0073
-2.0547 0.9977 0.0924
-2.0936 0.9123 0.1323
-2.1232 1.0816 0.0702
-2.1552 0.9685 0.1142
-2.1933 0.8813 0.1576
-2.2111 0.7787 0.2156
-2.1831 0.6903 0.2700
-2.2758 0.8495 0.1748
-2.3255 0.7759 0.2111
-2.2746 0.6961 0.2673
-2.3727 0.6912 0.2520
-2.4166 0.6023 0.2919
-2.2210 0.6098 0.3293
-2.3185 0.6082 0.3214
-2.3620 0.5199 0.3712
-2.4606 0.5111 0.3249
2.2509 -4.0017 0.0000
1.9366 -4.0073 0.0000
0.6033 -1.3071 0.0001
0.5502 -1.5710 0.0000
-2.3820 -2.8721 0.0000
-2.6733 -2.9712 0.0000
-2.9558 -2.9764 0.0000
4.7507 0.4770 0.0000
4.2599 0.5419 0.0000
4.4936 0.3165 0.0000
4.2093 0.2719 0.0000
4.3317 0.0252 0.0000
4.1697 -0.1974 0.0000
2.6994 -2.1302 0.0000
2.4383 -1.9981 0.0001
-3.5985 2.1044 0.0000
-3.7090 1.8635 0.0000
1.2561 0.2392 0.0120
1.0527 0.0938 0.0066
-3.9137 -2.5180 0.0000
-3.9686 -2.7796 0.0000
1.3899 -4.7560 0.0000
-0.8562 -4.4540 0.0000
-1.1509 -4.5051 0.0000
1.8412 -3.1707 0.0000
1.7908 -3.4108 0.0000
1.5847 -3.6130 0.0000
-3.2639 4.7586 0.0000
-3.4077 4.5212 0.0000
3.9721 -1.2597 0.0000
3.6967 -1.3783 0.0000
1.6618 -3.9293 0.0000
1.5257 0.9676 0.0053
1.3040 0.7928 0.0048
-0.4164 2.4658 0.0000
-3.1020 -1.3133 0.0003
-3.4009 -1.2612 0.0000
-3.6155 3.3735 0.0000
1.2328 1.3765 0.0009
0.9691 1.4161 0.0004
3.0603 -3.4510 0.0000
2.9278 -3.6840 0.0000
2.6404 -3.7092 0.0000
-0.1856 3.9753 0.0000
-0.3848 4.1209 0.0000
-4.4881 1.9010 0.0000
-4.4908 1.6072 0.0000
-4.7475 1.7402 0.0000
3.7343 -4.2103 0.0000
3.7137 -4.4855 0.0000
3.4239 -4.3080 0.0000
3.1771 -4.5288 0.0000
-3.6622 -0.7736 0.0000
-3.8688 -0.9882 0.0000
3.6926 -2.6478 0.0000
3.5981 -2.9151 0.0000
3.3049 -2.9591 0.0000
-1.7610 -1.1051 0.0289
4.7619 -2.0765 0.0000
4.5183 -2.2392 0.0000
-0.6332 2.3122 0.0000
-0.8854 2.2591 0.0000
2.5427 3.7172 0.0000
2.4476 3.4734 0.0000
-3.8883 3.4075 0.0000
0.2053 -0.6658 0.0005
-0.0542 -0.8243 0.0003
3.0979 0.0782 0.0025
2.9243 -0.1365 0.0111
-3.6040 2.5809 0.0000
-3.7556 2.3381 0.0000
-3.8781 2.5876 0.0000
-4.0481 2.3694 0.0000
3.6595 3.1361 0.0000
3.5755 2.8453 0.0000
3.2857 2.8183 0.0000
-0.7372 -1.2329 0.0002
-0.8112 -1.4974 0.0000
-1.0870 -1.5831 0.0001
-0.8698 -1.7887 0.0000
-2.2626 3.4349 0.0000
-2.2948 3.1590 0.0000
-2.5153 3.0586 0.0000
-2.3957 2.8448 0.0000
4.7118 -2.9610 0.0000
4.7772 -3.2573 0.0000
4.5443 -3.2129 0.0000
2.5797 4.4931 0.0000
-1.1016 4.7551 0.0000
-1.2518 4.5057 0.0000
-1.4058 4.2922 0.0000
1.6596 -4.7525 0.0000
-1.1531 -3.0973 0.0000
-1.4098 -3.2185 0.0000
-0.7865 1.0121 0.0016
-1.0213 0.8794 0.0058
-0.5106 0.9825 0.0010
-0.7621 0.7429 0.0042
-3.2875 -1.5689 0.0000
-3.4882 -1.7806 0.0000
1.6884 -2.1406 0.0000
1.4918 -2.3692 0.0000
-2.9442 1.3741 0.0008
-3.1993 1.5498 0.0000
-3.4623 1.4125 0.0000
-0.5816 -0.6912 0.0018
4.4884 4.7480 0.0000
-2.4248 -0.3912 0.4233
-2.4504 -0.4831 0.3478
-2.5183 -0.5415 0.2674
-2.5743 -0.6135 0.1944
-2.6044 -0.6991 0.1417
-2.6873 -0.6989 0.1010
-2.4641 -0.6084 0.2615
-2.5172 -0.6951 0.1868
-2.6021 -0.7844 0.1119
-2.7050 -0.8085 0.0673
0.1320 3.9614 0.0000
-0.0517 3.7839 0.0000
2.3103 3.8129 0.0000
1.9707 3.6318 0.0000
-0.4952 4.7587 0.0000
2.7426 0.4669 0.0264
2.7174 0.2666 0.0405
2.6399 0.0940 0.0668
2.5683 0.3408 0.0707
2.5489 0.2049 0.0877
2.4646 0.2704 0.1031
2.4649 0.1476 0.1144
1.7596 1.1240 0.0057
4.7670 2.0320 0.0000
4.4966 -0.8943 0.0000
-2.4431 2.5585 0.0000
-2.2177 2.3616 0.0000
0.4618 -2.4324 0.0000
-0.9911 3.6649 0.0000
-0.9936 3.3079 0.0000
-1.1900 3.5067 0.0000
-1.4740 3.4144 0.0000
-0.2500 3.6357 0.0000
-0.3467 3.2783 0.0000
1.1281 -4.0207 0.0000
1.1198 -4.2668 0.0000
0.1125 2.2741 0.0000
-0.1623 2.3668 0.0000
-1.4014 -3.9405 0.0000
-1.5819 -4.1917 0.0000
2.3535 -1.2873 0.0053
2.0013 -1.3410 0.0035
-0.4639 -4.7830 0.0000
-2.1229 -4.2157 0.0000
3.0888 -4.2859 0.0000
2.4497 2.1659 0.0000
2.3443 1.9304 0.0002
2.1012 1.7902 0.0005
-4.5262 2.4905 0.0000
1.0111 3.9982 0.0000
0.8614 3.7654 0.0000
4.7592 3.5990 0.0000
4.5429 3.4437 0.0000
-1.9838 -0.3209 0.4409
-2.1082 -0.4725 0.4079
-2.1897 -0.6114 0.3218
2.6721 -1.2712 0.0026
2.5142 -1.5142 0.0014
2.3794 -2.5029 0.0000
2.2258 -2.7341 0.0000
2.0462 -2.9441 0.0000
-3.9569 1.0572 0.0000
-3.9781 0.7705 0.0000
-4.2278 0.9051 0.0000
-4.2341 0.6192 0.0000
-4.4883 0.7468 0.0000
4.7494 -1.0486 0.0000
-0.3070 -4.5952 0.0000
0.2390 1.1607 0.0003
0.0564 0.9362 0.0006
-0.6677 -0.9610 0.0006
-0.9643 -1.0279 0.0017
-1.0346 -1.2941 0.0004
-4.2291 -2.0120 0.0000
-3.9258 -2.0085 0.0000
-4.0375 -2.2712 0.0000
-4.2807 -2.3035 0.0000
-1.7579 3.3234 0.0000
-2.0346 3.2383 0.0000
-2.1271 2.9471 0.0000
-2.4440 -3.4444 0.0000
1.5229 -3.3439 0.0000
1.2850 -3.4880 0.0000
1.3972 -3.7830 0.0000
-0.1890 0.2636 0.0039
-0.4278 0.1202 0.0058
2.1553 -1.1531 0.0100
1.6945 -1.3258 0.0019
0.4272 -3.5441 0.0000
-4.4742 -0.9391 0.0000
3.7845 2.3454 0.0000
3.5217 2.3286 0.0000
3.3978 2.0722 0.0000
1.7918 2.5414 0.0000
-0.9321 2.5056 0.0000
4.7611 4.4958 0.0000
4.7377 4.2154 0.0000
2.4429 -3.8508 0.0000
2.1328 -4.2517 0.0000
2.0755 -0.1797 0.1309
2.0750 -0.2694 0.1210
1.9846 -0.3169 0.1006
2.0600 -0.3649 0.1055
2.1306 -0.4093 0.1062
2.0206 -0.4533 0.0863
2.1329 -0.4871 0.0926
2.0489 -0.5736 0.0698
1.9221 -0.4110 0.0776
-2.9534 3.7390 0.0000
-3.0753 3.4463 0.0000
-3.2474 2.9800 0.0000
-3.4059 2.6865 0.0000
1.8529 -1.8933 0.0001
1.8650 -4.2611 0.0000
1.8293 -4.5030 0.0000
1.8998 -4.7598 0.0000
2.8811 -4.5019 0.0000
2.5963 -4.4552 0.0000
-3.7268 1.3482 0.0000
-0.6113 0.5359 0.0052
-0.4142 0.4013 0.0043
-1.4632 1.1230 0.0101
-1.6111 0.9673 0.0342
-1.6362 0.7731 0.0735
-1.6791 0.6540 0.1172
-1.7345 0.8549 0.0763
-1.7851 0.7754 0.1128
-1.7278 0.7310 0.1096
-1.7794 0.6648 0.1505
-1.8164 0.9659 0.0644
-1.9165 0.9073 0.1014
1.8715 -0.5677 0.0502
1.7817 -0.8172 0.0192
2.7883 1.6902 0.0002
-1.1521 -2.8036 0.0000
-1.4080 -2.9301 0.0000
-1.5432 -4.7351 0.0000
4.1958 -1.6050 0.0000
3.9188 -1.5443 0.0000
3.6358 -1.6617 0.0000
-3.2015 -4.2117 0.0000
0.3778 -2.7964 0.0000
0.6820 -2.2864 0.0000
-1.8358 -4.2380 0.0000
-1.9603 -4.4864 0.0000
-1.3139 -4.2083 0.0000
-1.4079 -4.4585 0.0000
4.7637 -0.1615 0.0000
4.7406 -0.4527 0.0000
-3.4868 2.9203 0.0000
-3.7358 2.8286 0.0000
-3.1874 0.9651 0.0004
-3.4724 0.5526 0.0000
2.9712 -4.0416 0.0000
2.7771 -4.2369 0.0000
-2.1857 -1.3466 0.0180
-2.2693 -1.5867 0.0040
-1.1519 -0.8189 0.0109
-1.2674 -1.0797 0.0052
-4.5104 -1.8761 0.0000
-4.7599 -2.0282 0.0000
-4.5106 -2.1612 0.0000
-4.7549 -2.3380 0.0000
-0.6553 4.0242 0.0000
-0.7143 3.7506 0.0000
-3.7447 3.8839 0.0000
-3.0506 4.2368 0.0000
-3.0107 3.9887 0.0000
-3.2626 3.9922 0.0000
-3.5050 3.9534 0.0000
1.0997 4.7600 0.0000
0.7965 4.7572 0.0000
-0.6862 4.5213 0.0000
-0.9734 4.4941 0.0000
-1.1293 4.2028 0.0000
-2.2685 2.0695 0.0001
-2.0490 1.8872 0.0005
-2.0923 1.6264 0.0032
-2.1814 1.4209 0.0119
-2.2609 1.2309 0.0359
3.8940 4.7407 0.0000
3.6020 4.7625 0.0000
4.1562 4.2177 0.0000
-4.4462 3.5724 0.0000
-3.4970 -2.3180 0.0000
-3.7557 -2.2565 0.0000
-0.3893 4.5081 0.0000
-3.7892 -4.0564 0.0000
-4.0107 -4.1670 0.0000
2.7533 -0.3070 0.0313
2.6552 -0.5154 0.0365
2.5070 -0.6449 0.0461
-3.1071 0.1559 0.0084
-3.4050 -0.0290 0.0001
-3.3601 -0.2818 0.0002
-3.4215 -0.6267 0.0000
0.6989 3.1399 0.0000
0.4367 3.2385 0.0000
0.4721 2.9507 0.0000
0.6888 -2.0265 0.0000
-0.3828 2.1456 0.0000
0.1929 1.4245 0.0001
-0.0613 1.4314 0.0001
-0.0394 1.1797 0.0002
-0.1974 0.8510 0.0010
0.5712 0.8128 0.0016
0.5349 0.5437 0.0021
1.5032 1.2487 0.0022
1.2751 1.0827 0.0022
1.6255 1.9860 0.0001
1.2912 1.9413 0.0000
1.2196 1.6594 0.0002
0.9584 1.6501 0.0001
2.3813 -0.0201 0.1385
2.3298 -0.1162 0.1431
2.4797 -0.0611 0.1155
2.4180 -0.1131 0.1287
2.2803 -0.2109 0.1393
2.2405 -0.1297 0.1476
2.1579 -0.1419 0.1435
2.3775 -0.2014 0.1299
2.3520 -0.2941 0.1227
2.1766 -0.2267 0.1368
2.2479 -0.2988 0.1292
2.2988 -0.3772 0.1148
2.2161 -0.3947 0.1135
2.1535 -0.3196 0.1227
3.5082 -2.4161 0.0000
3.4088 -2.6872 0.0000
3.2352 -2.1809 0.0000
3.2404 -2.4394 0.0000
2.9738 -2.4973 0.0000
3.1290 -2.7213 0.0000
0.0720 -1.1863 0.0001
-0.2127 -1.3246 0.0000
-0.2528 -1.6027 0.0000
4.7524 1.1001 0.0000
4.4977 0.9618 0.0000
4.2775 0.8118 0.0000
0.1169 -3.6845 0.0000
0.1125 -3.9638 0.0000
-4.5123 -1.2822 0.0000
-4.5139 -1.5684 0.0000
-4.7572 -1.7213 0.0000
2.0915 -3.2099 0.0000
2.0518 -3.4835 0.0000
1.8460 -3.7072 0.0000
0.4940 4.7541 0.0000
0.2953 4.6200 0.0000
-0.4429 -0.1544 0.0056
-0.7149 -0.2464 0.0105
-1.3324 2.9288 0.0000
-1.6263 2.8505 0.0000
3.5389 -4.0342 0.0000
4.4933 -4.7549 0.0000
-0.8975 -3.5283 0.0000
4.3949 2.9537 0.0000
4.2627 -2.5017 0.0000
3.9770 -2.5961 0.0000
3.8891 -2.8647 0.0000
3.7984 -3.1371 0.0000
-2.3700 -4.2704 0.0000
2.2055 -1.4867 0.0021
2.0435 -1.6912 0.0006
-0.4986 3.5357 0.0000
-0.8087 3.4787 0.0000
2.7080 3.0389 0.0000
2.4829 2.9528 0.0000
3.9927 -0.9630 0.0000
3.7346 -1.0972 0.0000
0.9786 2.7377 0.0000
0.7949 2.5630 0.0000
0.6215 2.3604 0.0000
4.2502 -4.4366 0.0000
3.9811 -4.5253 0.0000
3.8980 -4.7635 0.0000
3.6116 -4.7676 0.0000
4.7479 -4.5055 0.0000
0.2842 0.3609 0.0025
0.0357 0.4251 0.0028
0.5724 4.2283 0.0000
-2.1512 -3.0437 0.0000
4.1398 2.9055 0.0000
3.9892 2.6589 0.0000
3.7440 2.6002 0.0000
-1.6901 2.5565 0.0000
-1.9460 2.4549 0.0000
-0.4968 -1.4386 0.0000
-0.5996 -1.6762 0.0000
1.3248 0.0010 0.0173
1.1133 -0.1756 0.0080
-4.2881 -3.1710 0.0000
-4.2412 -3.4214 0.0000
-2.3814 -1.2820 0.0243
-2.5255 -1.4566 0.0067
-2.5100 -1.7441 0.0010
-2.5221 -2.0359 0.0001
3.0195 4.2630 0.0000
2.9185 4.0222 0.0000
2.6211 3.9889 0.0000
4.5055 2.4627 0.0000
3.9990 3.9566 0.0000
3.8713 3.6853 0.0000
3.5844 3.6545 0.0000
-2.9076 -0.8525 0.0158
-3.1466 -1.0466 0.0007
4.7418 -1.3239 0.0000
4.7389 -1.5695 0.0000
1.8592 -1.5384 0.0010
1.6866 -1.6761 0.0003
-0.5591 4.2936 0.0000
-0.8398 4.2492 0.0000
2.4555 -0.4818 0.0774
2.4590 -0.3462 0.0969
2.3911 -0.3838 0.1038
2.3261 -0.4659 0.0970
2.2329 -0.4823 0.0975
2.3353 -0.5835 0.0745
2.1974 -0.6013 0.0743
2.3406 -0.7437 0.0472
2.1659 -0.7503 0.0478
2.0342 -0.9268 0.0223
-3.4370 -3.3203 0.0000
-3.6558 -3.4658 0.0000
-3.6829 -3.7370 0.0000
-3.9171 -3.5633 0.0000
-3.9361 -3.8508 0.0000
2.3835 4.5916 0.0000
2.1926 4.4683 0.0000
-2.9495 -3.2332 0.0000
-2.9340 -3.4906 0.0000
-3.1923 -3.4169 0.0000
-3.4129 -3.6372 0.0000
1.3202 -0.9958 0.0023
0.8395 -1.1450 0.0003
0.8763 -1.4547 0.0001
-0.6403 3.2919 0.0000
-4.7351 -1.1025 0.0000
-4.2042 -2.5732 0.0000
-4.5024 -2.4623 0.0000
-4.4791 -2.7299 0.0000
-4.7433 -2.6547 0.0000
1.5849 -0.3452 0.0339
1.4241 -0.5232 0.0141
1.2435 -0.7239 0.0045
1.0451 -0.9341 0.0012
-4.1965 3.1865 0.0000
-4.2409 2.9159 0.0000
-4.2601 2.6007 0.0000
-1.2930 -0.2251 0.0749
-1.3614 -0.3216 0.0854
-1.4275 -0.2513 0.1164
-1.4939 -0.2997 0.1370
-1.5569 -0.2455 0.1758
-1.5680 -0.3530 0.1608
-1.4543 -0.3638 0.1108
-1.5056 -0.4336 0.1172
-1.5410 -0.5163 0.1121
-1.6041 -0.4479 0.1545
-1.6449 -0.5348 0.1475
-1.6682 -0.3732 0.2074
-1.7036 -0.4629 0.1978
-1.7388 -0.5577 0.1803
-1.7970 -0.4868 0.2382
-1.8436 -0.5622 0.2276
-1.3424 -2.0387 0.0000
-1.6005 -2.1640 0.0000
3.2854 4.7461 0.0000
3.1365 4.5117 0.0000
2.3087 0.7377 0.0486
2.2808 0.5879 0.0751
2.0608 0.4610 0.0898
2.1490 0.5975 0.0717
2.0061 0.5831 0.0625
-1.9276 -4.0031 0.0000
-2.0325 -1.7817 0.0007
-2.2799 -1.8971 0.0003
-2.9245 -4.2442 0.0000
-3.1057 -4.4894 0.0000
2.9740 4.7576 0.0000
-4.0466 -3.0785 0.0000
3.1054 3.4298 0.0000
2.1654 4.1477 0.0000
2.0693 3.8877 0.0000
-1.5844 -0.5907 0.1089
-1.5077 -0.6619 0.0698
-1.6117 -0.6911 0.0910
-1.6082 -0.7949 0.0648
-1.6932 -0.9033 0.0573
-1.8305 -0.9290 0.0760
0.3070 -1.3975 0.0000
0.0268 -1.4810 0.0000
1.9173 3.3706 0.0000
1.6792 3.5494 0.0000
-4.5150 2.1811 0.0000
-4.7560 2.0347 0.0000
-2.5826 4.4601 0.0000
-2.8531 4.5271 0.0000
-0.0044 2.8591 0.0000
-0.2094 2.6652 0.0000
-4.1508 -0.9405 0.0000
1.4208 -2.0903 0.0000
1.2177 -2.2679 0.0000
1.0989 -2.5055 0.0000
0.9490 -2.2486 0.0000
0.8022 -2.5164 0.0000
4.2108 -4.7281 0.0000
3.0073 -2.9720 0.0000
0.6364 -0.2978 0.0018
0.4257 -0.4903 0.0009
-1.6019 1.4415 0.0030
-1.8902 1.4208 0.0083
-2.0254 1.2204 0.0319
-1.7492 1.1810 0.0205
-1.9352 1.0585 0.0588
-1.9849 0.9421 0.1022
-2.1277 -2.3961 0.0000
-2.3107 -2.5690 0.0000
4.7433 -1.8095 0.0000
4.4996 -1.9807 0.0000
-2.4865 2.2654 0.0000
-2.7557 2.1716 0.0000
-2.8207 1.8977 0.0001
-2.9220 1.6567 0.0002
4.5032 2.7452 0.0000
4.2589 2.6196 0.0000
-1.9962 -1.2080 0.0308
-2.4310 3.9289 0.0000
-2.6873 3.8131 0.0000
-2.7681 3.5297 0.0000
2.6947 1.2250 0.0032
2.4874 1.0697 0.0112
-3.4544 0.8384 0.0000
-3.7063 0.8827 0.0000
-3.7254 0.6334 0.0000
0.5895 -2.6530 0.0000
0.4280 -2.1373 0.0000
-2.8331 -0.0010 0.1143
-2.9346 -0.0490 0.0531
-2.7017 -0.0977 0.2361
-2.8001 -0.1041 0.1387
-2.8128 -0.2040 0.1209
-2.8977 -0.1912 0.0673
-2.2073 3.7177 0.0000
-2.4825 3.6226 0.0000
-2.5467 3.3301 0.0000
-2.8219 3.2579 0.0000
4.7300 -3.7444 0.0000
4.7334 -3.9807 0.0000
-4.7613 -3.2378 0.0000
-4.2253 1.4771 0.0000
-4.4819 1.3201 0.0000
-4.7459 1.4493 0.0000
-2.2201 -1.1245 0.0575
0.9719 3.0086 0.0000
0.7307 2.8544 0.0000
0.5302 2.6553 0.0000
4.7442 -4.2388 0.0000
-2.9665 4.7642 0.0000
-3.1196 4.4976 0.0000
-2.7534 -1.6299 0.0009
-3.0136 -1.7906 0.0000
-0.3628 -3.5556 0.0000
-0.4206 -3.8035 0.0000
-0.6495 -3.6536 0.0000
2.1467 -1.9490 0.0001
1.9640 -2.1741 0.0000
-0.0212 -1.7675 0.0000
-0.1754 -1.9505 0.0000
-0.0226 -2.1279 0.0000
-0.2145 -2.2809 0.0000
-2.2105 0.4433 0.4545
-2.3074 0.4345 0.4520
-2.4029 0.4331 0.4111
-2.2495 0.3542 0.5199
-2.3532 0.3451 0.4968
-2.4638 0.3779 0.4022
-2.4357 0.2941 0.4717
-2.3698 0.2457 0.5455
-2.5280 0.3134 0.3758
-2.5837 0.2224 0.3489
-2.4844 0.2172 0.4610
-2.5243 0.1307 0.4427
-2.6794 0.1999 0.2456
-2.6245 0.1333 0.3209
-2.5894 0.0495 0.3747
-2.6908 0.0670 0.2500
-2.6513 -0.0220 0.2991
-2.7496 -0.0159 0.1885
2.6797 2.0136 0.0001
2.5644 1.8058 0.0003
1.2190 3.1479 0.0000
-4.7842 -4.7798 0.0000
-3.6450 -2.5284 0.0000
-4.7517 -2.9512 0.0000
-1.1287 -2.5112 0.0000
-1.3951 -2.6364 0.0000
-0.6948 2.5707 0.0000
2.2037 1.4466 0.0026
1.9798 1.2777 0.0047
-1.8350 -0.0533 0.4013
-1.9005 -0.0977 0.4544
-1.8681 -0.1688 0.4110
-1.9895 -0.1174 0.5268
-1.9526 -0.1917 0.4751
-2.0177 -0.2334 0.5081
-2.0745 -0.3039 0.5065
-2.0654 -0.1554 0.5714
-2.1192 -0.2325 0.5680
-2.1421 -0.3490 0.5072
-2.0590 -0.3995 0.4382
-2.1771 -0.4257 0.4612
-2.2672 -0.4432 0.4511
-2.2019 -0.5200 0.3924
-2.1922 -0.2682 0.5711
-2.2385 -0.3495 0.5219
-2.3294 -0.3653 0.4923
-2.3589 -0.4604 0.4131
-2.3904 -0.5546 0.3324
-2.2977 -0.5349 0.3761
-2.2723 -0.6092 0.3235
-2.3575 -0.6379 0.2860
-2.4310 -0.6950 0.2243
-1.3022 -1.3864 0.0009
-1.3666 -1.6808 0.0001
-1.5469 -1.8594 0.0001
-4.0474 -1.7497 0.0000
3.2074 1.8991 0.0000
-1.0745 0.3423 0.0294
-1.2375 0.2526 0.0603
-1.3710 0.3188 0.0869
-1.3553 0.2111 0.0940
-1.2929 0.1116 0.0815
-1.2372 -0.0192 0.0680
-1.3515 0.0128 0.1023
-1.3864 -0.0663 0.1141
-1.3034 -0.1122 0.0841
-1.3973 -0.1661 0.1129
-1.4952 -0.1894 0.1527
0.4131 4.4245 0.0000
0.2629 4.2193 0.0000
-1.8370 3.0386 0.0000
-1.9025 2.7529 0.0000
-2.2729 -0.6959 0.2611
-2.3477 -0.7399 0.2211
-2.4335 -0.7842 0.1735
-2.4510 -0.8727 0.1267
-2.5175 -0.7795 0.1469
-2.5543 -0.8680 0.0998
-2.3492 -0.8322 0.1674
-2.3686 -0.9118 0.1256
-2.3881 -0.9715 0.0985
-2.5008 -0.9787 0.0774
-2.6753 -0.9697 0.0438
-2.5980 -1.1762 0.0247
-3.7990 -3.0119 0.0000
1.1933 -1.9804 0.0000
0.9391 -1.9971 0.0000
1.4740 3.7772 0.0000
-1.3620 4.0106 0.0000
-1.6314 3.8771 0.0000
-1.3996 3.6997 0.0000
-1.6922 3.6028 0.0000
2.1722 3.3641 0.0000
2.0326 3.1195 0.0000
1.7618 3.0528 0.0000
-1.6798 -4.4755 0.0000
-1.7961 -4.7420 0.0000
