5.0000 5.0000 0.0000
0.0000 5.0000 0.0000
2.5000 5.0000 0.0000
3.7500 5.0000 0.0000
4.3750 5.0000 0.0000
4.6875 5.0000 0.0000
4.0625 5.0000 0.0000
3.1250 5.0000 0.0000
3.4375 5.0000 0.0000
2.8125 5.0000 0.0000
1.2500 5.0000 0.0000
1.8750 5.0000 0.0000
2.1875 5.0000 0.0000
1.5625 5.0000 0.0000
0.6250 5.0000 0.0000
0.9375 5.0000 0.0000
0.3125 5.0000 0.0000
-2.5000 5.0000 0.0000
-1.2500 5.0000 0.0000
-0.6250 5.0000 0.0000
-0.3125 5.0000 0.0000
-0.9375 5.0000 0.0000
-1.8750 5.0000 0.0000
-1.5625 5.0000 0.0000
-2.1875 5.0000 0.0000
-3.7500 5.0000 0.0000
-3.1250 5.0000 0.0000
-2.8125 5.0000 0.0000
-3.4375 5.0000 0.0000
-4.3750 5.0000 0.0000
-4.0625 5.0000 0.0000
-4.6875 5.0000 0.0000
5.0000 -5.0000 0.0000
5.0000 0.0000 0.0000
5.0000 -2.5000 0.0000
5.0000 -3.7500 0.0000
5.0000 -4.3750 0.0000
5.0000 -4.6875 0.0000
5.0000 -4.0625 0.0000
5.0000 -3.1250 0.0000
5.0000 -3.4375 0.0000
5.0000 -2.8125 0.0000
5.0000 -1.2500 0.0000
5.0000 -1.8750 0.0000
5.0000 -2.1875 0.0000
5.0000 -1.5625 0.0000
5.0000 -0.6250 0.0000
5.0000 -0.9375 0.0000
5.0000 -0.3125 0.0000
5.0000 2.5000 0.0000
5.0000 1.2500 0.0000
5.0000 0.6250 0.0000
5.0000 0.3125 0.0000
5.0000 0.9375 0.0000
5.0000 1.8750 0.0000
5.0000 1.5625 0.0000
5.0000 2.1875 0.0000
5.0000 3.7500 0.0000
5.0000 3.1250 0.0000
5.0000 2.8125 0.0000
5.0000 3.4375 0.0000
5.0000 4.3750 0.0000
5.0000 4.0625 0.0000
5.0000 4.6875 0.0000
-5.0000 -5.0000 0.0000
0.0000 -5.0000 0.0000
-2.5000 -5.0000 0.0000
-3.7500 -5.0000 0.0000
-4.3750 -5.0000 0.0000
-4.6875 -5.0000 0.0000
-4.0625 -5.0000 0.0000
-3.1250 -5.0000 0.0000
-3.4375 -5.0000 0.0000
-2.8125 -5.0000 0.0000
-1.2500 -5.0000 0.0000
-1.8750 -5.0000 0.0000
-2.1875 -5.0000 0.0000
-1.5625 -5.0000 0.0000
-0.6250 -5.0000 0.0000
-0.9375 -5.0000 0.0000
-0.3125 -5.0000 0.0000
2.5000 -5.0000 0.0000
1.2500 -5.0000 0.0000
0.6250 -5.0000 0.0000
0.3125 -5.0000 0.0000
0.9375 -5.0000 0.0000
1.8750 -5.0000 0.0000
1.5625 -5.0000 0.0000
2.1875 -5.0000 0.0000
3.7500 -5.0000 0.0000
3.1250 -5.0000 0.0000
2.8125 -5.0000 0.0000
3.4375 -5.0000 0.0000
4.3750 -5.0000 0.0000
4.0625 -5.0000 0.0000
4.6875 -5.0000 0.0000
-5.0000 5.0000 0.0000
-5.0000 0.0000 0.0000
-5.0000 2.5000 0.0000
-5.0000 3.7500 0.0000
-5.0000 4.3750 0.0000
-5.0000 4.6875 0.0000
-5.0000 4.0625 0.0000
-5.0000 3.1250 0.0000
-5.0000 3.4375 0.0000
-5.0000 2.8125 0.0000
-5.0000 1.2500 0.0000
-5.0000 1.8750 0.0000
-5.0000 2.1875 0.0000
-5.0000 1.5625 0.0000
-5.0000 0.6250 0.0000
-5.0000 0.9375 0.0000
-5.0000 0.3125 0.0000
-5.0000 -2.5000 0.0000
-5.0000 -1.2500 0.0000
-5.0000 -0.6250 0.0000
-5.0000 -0.3125 0.0000
-5.0000 -0.9375 0.0000
-5.0000 -1.8750 0.0000
-5.0000 -1.5625 0.0000
-5.0000 -2.1875 0.0000
-5.0000 -3.7500 0.0000
-5.0000 -3.1250 0.0000
-5.0000 -2.8125 0.0000
-5.0000 -3.4375 0.0000
-5.0000 -4.3750 0.0000
-5.0000 -4.0625 0.0000
-5.0000 -4.6875 0.0000
-1.2472 4.7639 0.0000
1.2457 4.5025 0.0000
0.9428 4.4819 0.0000
-2.9037 -1.4696 0.0009
-3.1514 -1.5419 0.0000
2.1381 -4.5218 0.0000
2.6178 0.5217 0.0436
2.4259 0.3325 0.1048
2.4555 0.4519 0.0818
2.3510 0.3922 0.1069
2.3252 0.3100 0.1229
2.2259 0.2625 0.1350
1.9775 -0.4913 0.0752
1.8614 -0.6547 0.0394
1.6449 -0.7680 0.0152
1.1642 -1.9516 0.0000
4.7752 0.9427 0.0000
4.6877 0.6958 0.0000
4.7411 0.4292 0.0000
-2.4878 0.0709 0.4938
-2.2952 0.1022 0.6348
-2.3437 0.0019 0.6263
-2.4289 -0.0114 0.5606
-2.5151 -0.0174 0.4668
-2.5149 -0.1022 0.4587
-2.5573 0.1403 0.3998
-2.5874 0.0469 0.3759
-2.6032 -0.0516 0.3561
-2.6136 -0.1450 0.3319
-2.6792 0.0063 0.2646
-2.6956 -0.0920 0.2420
-2.7794 -0.1323 0.1537
-2.6979 -0.2017 0.2257
-2.7935 -0.2137 0.1343
-2.8815 -0.2429 0.0725
-0.6983 2.1665 0.0000
-2.5848 1.5153 0.0038
2.5131 -0.2746 0.0938
2.4076 -0.1259 0.1319
2.4225 -0.2214 0.1210
2.3206 -0.0937 0.1471
2.3350 -0.1870 0.1388
2.2431 -0.1589 0.1472
2.1599 -0.1672 0.1436
2.4281 -0.3148 0.1087
2.3405 -0.2828 0.1270
-0.4780 3.7580 0.0000
-0.8901 -4.0893 0.0000
-1.1160 -4.2793 0.0000
-1.2971 -4.4927 0.0000
1.9679 2.0324 0.0001
4.7376 -0.7956 0.0000
4.7651 -1.0746 0.0000
4.5425 -1.1127 0.0000
-1.1410 -3.2159 0.0000
-1.3208 -3.4500 0.0000
4.7721 3.8946 0.0000
4.5390 4.0076 0.0000
2.6045 -0.3799 0.0596
2.4645 -0.3977 0.0894
2.3508 -0.3743 0.1117
2.2750 -0.4324 0.1071
2.2474 -0.3367 0.1247
2.2017 -0.5075 0.0929
2.2588 -0.2433 0.1380
2.1784 -0.2494 0.1358
2.1762 -0.4115 0.1101
2.1420 -0.3283 0.1219
2.0689 -0.3617 0.1085
2.0865 -0.4398 0.0976
2.1147 -0.5237 0.0851
2.0593 -0.6234 0.0628
0.2041 2.5957 0.0000
0.0269 2.3788 0.0000
1.5635 2.7818 0.0000
4.0291 2.6093 0.0000
3.8025 2.5027 0.0000
0.4568 -4.7514 0.0000
-1.0382 0.5999 0.0159
-1.1826 0.4388 0.0377
-1.3422 0.3404 0.0763
-1.3591 0.2166 0.0938
-1.4457 0.2732 0.1165
-1.4587 0.1746 0.1337
-1.4567 0.0752 0.1405
-0.1919 -2.0688 0.0000
-0.0759 -2.3033 0.0000
-0.3677 -2.2917 0.0000
-0.6407 -2.2621 0.0000
3.4251 2.9412 0.0000
-2.7886 -2.2541 0.0000
-3.0391 -2.3916 0.0000
-2.7384 -1.1726 0.0135
1.3756 -1.4256 0.0004
1.2646 -1.6869 0.0001
1.4588 -1.8911 0.0000
-2.0698 3.3706 0.0000
1.3938 2.5092 0.0000
1.2410 2.2806 0.0000
0.9945 0.3942 0.0042
-4.7451 -2.9706 0.0000
1.7046 4.7749 0.0000
1.5408 4.5205 0.0000
2.0080 -4.7652 0.0000
-4.7540 -3.2804 0.0000
-4.7472 -3.5997 0.0000
-1.3039 -2.6331 0.0000
-1.5220 -2.9301 0.0000
0.4851 2.5221 0.0000
0.3108 2.3113 0.0000
0.1416 2.0976 0.0000
-0.0362 1.8835 0.0000
4.2699 -1.1445 0.0000
4.0180 -1.0903 0.0000
3.9480 -1.3395 0.0000
3.8498 -1.5793 0.0000
3.9917 2.2983 0.0000
3.7332 2.2017 0.0000
3.8594 1.9415 0.0000
3.5906 1.9346 0.0000
4.0151 -3.6137 0.0000
-3.3463 4.2431 0.0000
-3.6222 4.2328 0.0000
-3.7407 3.9636 0.0000
3.6929 3.0260 0.0000
3.6555 2.7327 0.0000
3.3597 2.6688 0.0000
4.7251 1.1840 0.0000
-2.0615 4.7287 0.0000
-0.4878 -3.2134 0.0000
-0.6448 -3.4240 0.0000
0.0820 -2.0242 0.0000
2.0835 3.7944 0.0000
1.9657 3.5635 0.0000
4.0866 -0.0758 0.0000
3.9335 -0.3236 0.0000
4.2562 -1.8675 0.0000
4.1585 -2.0694 0.0000
1.5687 1.2830 0.0022
3.4959 3.5039 0.0000
3.4515 3.2208 0.0000
3.0637 2.6230 0.0000
2.9480 2.3727 0.0000
2.5496 2.0765 0.0001
2.9074 0.9320 0.0029
2.6058 0.9756 0.0118
2.7789 0.6996 0.0130
3.1087 -4.2299 0.0000
2.9846 -4.4825 0.0000
-4.5047 4.7190 0.0000
0.2435 1.8178 0.0000
0.0267 1.6152 0.0000
-2.3471 2.8151 0.0000
-2.6071 2.8174 0.0000
-2.5732 2.5717 0.0000
-2.8396 2.5715 0.0000
1.0979 -3.7488 0.0000
2.7763 -1.8700 0.0001
2.8446 -2.1380 0.0000
3.3776 -4.7246 0.0000
3.1347 -4.7312 0.0000
2.8784 -4.7446 0.0000
-2.9836 4.7654 0.0000
-3.2939 4.7551 0.0000
-3.4479 4.4934 0.0000
0.5808 3.4255 0.0000
0.4105 3.2395 0.0000
0.2186 3.0718 0.0000
0.3388 2.8237 0.0000
0.0497 2.8581 0.0000
-0.1095 2.6408 0.0000
-3.8531 3.6855 0.0000
-4.6159 -0.3354 0.0000
-4.7671 -0.5005 0.0000
2.6615 2.3513 0.0000
2.3876 2.3163 0.0000
2.2582 2.0550 0.0001
-4.7495 -1.5648 0.0000
-4.2216 -1.1010 0.0000
2.2105 -3.7701 0.0000
1.9625 -4.0365 0.0000
1.7259 -4.0435 0.0000
1.5247 -4.5163 0.0000
-3.9968 2.0064 0.0000
-4.2302 1.7833 0.0000
-0.4968 1.0751 0.0006
-0.6200 0.8849 0.0018
-0.8095 0.7247 0.0053
-1.7874 3.4463 0.0000
-1.8795 3.1604 0.0000
-0.5665 4.3273 0.0000
1.4046 -0.6511 0.0097
1.2930 -0.9000 0.0030
3.2689 3.6940 0.0000
1.6488 -2.0986 0.0000
-1.4545 0.6221 0.0622
-1.4564 0.3838 0.1033
-1.3617 0.4918 0.0618
-1.4990 0.4884 0.0979
-1.5561 0.4063 0.1362
-1.5291 0.3118 0.1441
-1.6038 0.4911 0.1352
-1.6577 0.4105 0.1828
-1.7119 0.3196 0.2419
-1.6128 0.3311 0.1805
-1.5426 0.2214 0.1661
-1.6279 0.2520 0.2070
-1.7103 0.2145 0.2692
2.2197 -1.9713 0.0001
1.9101 -2.7880 0.0000
-0.1098 0.3457 0.0033
0.2056 1.0186 0.0005
0.0191 0.8179 0.0010
0.0950 0.5535 0.0022
3.5359 0.4561 0.0000
1.8029 3.8141 0.0000
1.6876 3.5447 0.0000
-1.1575 -4.0131 0.0000
-1.4127 -4.1749 0.0000
-1.5739 -4.4256 0.0000
2.7249 -0.5512 0.0241
2.5042 -0.5352 0.0618
2.5732 -0.7143 0.0311
2.3894 -0.8085 0.0366
-1.2721 -0.8446 0.0158
-1.4751 -0.9754 0.0199
-1.6970 -1.0245 0.0347
-1.8165 -1.2131 0.0195
0.3478 4.5087 0.0000
-4.4668 1.5857 0.0000
-4.7504 1.4248 0.0000
1.8244 2.7956 0.0000
-4.7555 -0.7954 0.0000
-4.7437 -1.0735 0.0000
-4.7493 -1.3373 0.0000
3.0193 -0.9867 0.0010
3.2318 -1.1438 0.0001
2.9946 -1.2799 0.0004
1.2603 0.2780 0.0117
-1.9253 -1.6610 0.0014
-1.8994 -1.9687 0.0001
1.9504 4.0784 0.0000
1.6287 4.0410 0.0000
-2.4198 3.8791 0.0000
-2.1397 0.8459 0.1693
-2.2340 0.8193 0.1897
-2.2653 0.7308 0.2428
-2.3671 0.7008 0.2453
-2.4646 0.6815 0.2214
-2.1664 0.7517 0.2266
-2.1956 0.6610 0.2895
-2.2872 0.6430 0.3004
-2.3629 0.6101 0.3063
-2.4380 0.6021 0.2805
-2.4908 0.5357 0.2896
-2.5480 0.6082 0.2144
-2.5768 0.5125 0.2392
-0.1865 3.6894 0.0000
-3.7158 -0.8697 0.0000
-3.9218 -1.0592 0.0000
-2.5874 -4.2789 0.0000
4.7559 -2.6546 0.0000
3.1815 1.6574 0.0000
2.9048 1.6370 0.0002
2.3540 3.1372 0.0000
2.0705 3.0165 0.0000
-4.0629 -0.8618 0.0000
-4.2796 -0.7635 0.0000
-0.7439 -1.2532 0.0002
-0.7511 -1.5234 0.0000
-0.9893 -1.5135 0.0001
-3.9770 -1.5914 0.0000
-4.5040 1.8854 0.0000
1.5646 -1.6277 0.0003
1.6785 -1.3668 0.0015
-3.0464 -0.2986 0.0156
-3.3113 -0.5308 0.0003
-3.0075 -0.5509 0.0153
-3.1450 -0.7701 0.0019
-3.4353 -0.8374 0.0000
-0.6789 -3.8967 0.0000
-4.2226 4.2101 0.0000
-4.5086 4.0569 0.0000
-4.5864 3.7857 0.0000
0.4863 4.7509 0.0000
0.1774 4.7608 0.0000
-2.1308 3.8807 0.0000
-2.9792 -1.2382 0.0017
-3.2287 -1.3177 0.0001
2.6181 2.8794 0.0000
2.4899 2.6071 0.0000
2.2331 2.5477 0.0000
-0.6205 3.2679 0.0000
4.1817 -1.4145 0.0000
4.0726 -1.6819 0.0000
-3.3741 0.4561 0.0001
3.0647 -1.9347 0.0000
-4.2007 4.7516 0.0000
3.7532 -1.1153 0.0000
-0.2721 0.9068 0.0009
-0.7731 4.7564 0.0000
2.6468 -2.5733 0.0000
2.6853 -2.8628 0.0000
2.4491 -2.7493 0.0000
3.5774 -0.8788 0.0000
4.5176 3.7411 0.0000
4.2661 3.5247 0.0000
0.7463 -1.0266 0.0004
0.4709 -1.0698 0.0002
0.2637 -0.9723 0.0002
-2.4509 2.2911 0.0000
-2.6772 2.0838 0.0000
3.8102 -0.0496 0.0000
-3.3319 2.5655 0.0000
-4.7655 -2.0568 0.0000
-2.9158 1.9157 0.0000
-3.1413 1.7276 0.0000
0.1760 0.2760 0.0027
0.0047 0.0660 0.0028
-0.2587 0.1275 0.0046
1.9442 2.5289 0.0000
-3.8147 -1.8425 0.0000
-2.2498 4.0980 0.0000
-0.8194 2.9972 0.0000
-1.0970 2.9651 0.0000
0.1498 -3.2940 0.0000
0.0434 -2.5523 0.0000
0.3396 -2.7873 0.0000
0.0771 -2.7886 0.0000
-0.0129 -3.0432 0.0000
-0.1931 -2.8019 0.0000
-0.3010 -3.0707 0.0000
4.2058 1.2757 0.0000
-4.0518 -1.8995 0.0000
-3.9804 -2.1441 0.0000
0.1969 -4.0411 0.0000
0.0884 -4.2846 0.0000
-4.4899 0.5504 0.0000
4.5024 0.2387 0.0000
4.2671 0.1582 0.0000
3.9755 0.2079 0.0000
-4.7554 0.8401 0.0000
-4.1524 -0.2718 0.0000
-2.3379 4.7738 0.0000
-2.6594 4.7315 0.0000
-2.7529 3.0602 0.0000
-2.8725 2.7982 0.0000
-2.8672 -0.7408 0.0312
-2.9365 -0.9741 0.0079
-3.1999 -1.0335 0.0003
-3.4524 -1.1331 0.0000
-0.6184 -4.1763 0.0000
-0.8201 -4.3571 0.0000
-2.0995 2.7245 0.0000
-2.3135 2.5308 0.0000
3.9958 3.4160 0.0000
2.0998 2.2899 0.0000
1.1587 -3.4987 0.0000
3.5066 -3.3342 0.0000
3.2647 -3.3619 0.0000
2.1687 0.8775 0.0303
2.2585 0.6777 0.0603
2.1350 0.5577 0.0797
-0.0530 3.1392 0.0000
-0.2389 2.9134 0.0000
-0.4159 2.6777 0.0000
-3.9935 -3.4810 0.0000
-4.3296 -2.5156 0.0000
-4.4731 -2.8050 0.0000
1.4715 -1.1761 0.0019
-1.3041 1.6785 0.0002
3.7355 4.5745 0.0000
-0.0983 -4.0492 0.0000
-0.0320 -4.5232 0.0000
2.3815 -0.4731 0.0907
2.3032 -0.5378 0.0856
2.3769 -0.6422 0.0615
2.2122 -0.6494 0.0662
2.0248 -0.7898 0.0364
-3.5444 -1.8120 0.0000
-3.7096 -2.0776 0.0000
3.7814 -3.4395 0.0000
3.5533 -3.5900 0.0000
3.7633 -3.7540 0.0000
3.4814 -3.8815 0.0000
4.2393 1.5505 0.0000
2.2594 -1.6356 0.0010
4.7429 -4.5213 0.0000
4.7691 -4.7718 0.0000
4.5107 -4.7650 0.0000
-1.7587 -0.8342 0.0899
-1.8129 -0.7640 0.1288
-1.8828 -0.8144 0.1285
-1.8232 -0.9001 0.0840
-1.9307 -0.9049 0.1040
-1.9049 -1.0232 0.0621
-2.0251 -0.9641 0.0971
-2.6670 -3.8123 0.0000
-2.7626 -4.0858 0.0000
-2.9092 -4.2825 0.0000
-2.7423 -4.4981 0.0000
-3.0432 -4.5111 0.0000
-2.3695 1.7010 0.0020
3.4446 1.7001 0.0000
3.5008 1.4628 0.0000
3.2521 1.4159 0.0000
3.1261 1.1475 0.0003
-2.1525 3.0530 0.0000
1.5857 3.2732 0.0000
1.5368 3.0155 0.0000
1.2851 3.0052 0.0000
0.3476 -1.8170 0.0000
0.3670 -2.0726 0.0000
0.1996 -2.2944 0.0000
4.5170 -2.6651 0.0000
4.5133 -3.1350 0.0000
4.3760 0.7219 0.0000
1.8135 4.5512 0.0000
-3.0474 3.0182 0.0000
-0.2686 2.4165 0.0000
-3.2046 -1.8823 0.0000
-3.2606 -2.2236 0.0000
-1.7369 4.2288 0.0000
-2.3892 0.0831 0.5870
-0.4588 1.4127 0.0001
-0.7323 1.5621 0.0001
-0.9300 1.3409 0.0004
-4.7584 3.2756 0.0000
-4.7158 2.9707 0.0000
3.9615 3.1299 0.0000
4.7675 -0.4742 0.0000
0.9377 -4.0026 0.0000
0.7102 -4.2263 0.0000
3.7050 -1.7704 0.0000
2.7971 -0.8064 0.0080
2.5700 -0.9542 0.0142
2.5195 -1.2159 0.0056
2.7756 -1.1101 0.0032
2.4364 -1.4682 0.0020
-1.3498 -3.8669 0.0000
-1.6192 -3.9248 0.0000
1.5125 3.7812 0.0000
1.4082 3.5144 0.0000
1.1271 3.4583 0.0000
-0.5440 4.0506 0.0000
-0.7416 3.8738 0.0000
-2.5877 1.2770 0.0152
-0.8970 -0.1512 0.0190
-1.0613 -0.3224 0.0275
3.8048 3.8807 0.0000
3.5353 3.7918 0.0000
-0.8252 4.1831 0.0000
-3.4733 -1.4242 0.0000
-3.6915 -1.5928 0.0000
-1.3827 -2.1346 0.0000
-1.5392 -2.3862 0.0000
-1.8291 -2.2770 0.0000
-1.8068 -2.5663 0.0000
-1.7385 -3.1446 0.0000
0.5062 -1.5662 0.0000
2.4161 1.8219 0.0004
2.5677 1.5968 0.0009
-0.9427 -1.7812 0.0000
-0.1156 3.4256 0.0000
-0.4054 3.4802 0.0000
2.8161 -0.2986 0.0215
-2.4753 -3.2556 0.0000
-2.5659 -3.5371 0.0000
-4.3972 -4.4861 0.0000
-4.7105 -4.4931 0.0000
1.4694 -4.0306 0.0000
1.2053 -4.0254 0.0000
-0.4863 -4.7557 0.0000
-3.6486 0.4723 0.0000
-3.3539 -1.6643 0.0000
-3.4169 -2.0230 0.0000
2.3841 0.8336 0.0335
2.5549 0.7296 0.0320
2.2556 0.5386 0.0861
2.4162 0.6074 0.0628
2.3458 0.4961 0.0891
2.2665 0.4223 0.1080
2.2438 0.3425 0.1227
4.7594 2.6548 0.0000
4.7657 2.3543 0.0000
4.5316 2.2309 0.0000
-0.7940 -3.6276 0.0000
-0.9732 -3.8175 0.0000
-2.6341 4.4124 0.0000
2.1878 -4.0315 0.0000
2.2583 -4.2620 0.0000
1.9843 -4.2822 0.0000
1.8395 -4.5307 0.0000
1.7175 -4.2840 0.0000
2.3255 4.7629 0.0000
4.4505 -0.8750 0.0000
0.4601 -0.5293 0.0009
0.1780 -0.4787 0.0007
0.2715 -0.7437 0.0004
-1.0241 4.7413 0.0000
-3.9025 0.4437 0.0000
1.1474 1.0206 0.0021
-3.7314 -3.9533 0.0000
-3.9173 -3.7224 0.0000
-4.0303 -4.0027 0.0000
1.0194 0.1180 0.0060
-0.4641 -2.8424 0.0000
-0.6604 -3.0461 0.0000
-0.8359 -3.2664 0.0000
-1.0062 -3.4772 0.0000
-3.4351 1.8049 0.0000
-3.6755 1.6908 0.0000
-3.6082 1.4701 0.0000
-3.7323 1.2159 0.0000
3.6751 4.3777 0.0000
3.4611 4.2691 0.0000
-2.0932 -2.1683 0.0000
-2.5338 -2.1996 0.0000
-2.5644 -2.4773 0.0000
2.8963 0.4312 0.0105
2.8107 0.1540 0.0262
4.0089 1.7251 0.0000
3.9647 1.4415 0.0000
1.5556 -3.0920 0.0000
-2.4135 4.5552 0.0000
-4.2350 -3.5264 0.0000
4.7464 4.2134 0.0000
-0.1379 2.1567 0.0000
-1.6249 -0.4367 0.1671
-1.5090 -0.0979 0.1655
-1.5540 -0.1727 0.1827
-1.5615 -0.2680 0.1733
-1.6519 -0.2206 0.2329
-1.6354 -0.3284 0.1999
-1.7242 -0.2928 0.2633
-1.7076 -0.3895 0.2235
-1.7126 -0.4884 0.1931
-1.6645 -0.5610 0.1479
-1.7595 -0.5813 0.1806
-1.8251 -0.2732 0.3424
-1.7976 -0.3546 0.2922
-1.7892 -0.4345 0.2548
-1.8190 -0.5168 0.2359
-1.7945 -0.6727 0.1585
-1.8591 -0.6061 0.2134
-1.8872 -0.3524 0.3558
-1.8747 -0.4353 0.3068
-1.9627 -0.4363 0.3605
-1.9136 -0.5233 0.2826
-1.9538 -0.6111 0.2519
-2.0074 -0.5202 0.3320
-2.0506 -0.6006 0.2965
-1.8971 -0.7039 0.1813
-2.0037 -0.6909 0.2240
-1.9668 -0.7783 0.1665
-2.0592 -0.7747 0.1908
-2.1294 -0.8390 0.1670
4.7177 -2.1082 0.0000
-4.5322 2.4886 0.0000
-4.4959 2.7814 0.0000
-4.7587 2.6594 0.0000
1.3045 0.8366 0.0042
1.0344 0.7595 0.0027
-4.0612 -2.4416 0.0000
-4.1613 -2.7296 0.0000
3.9578 1.1357 0.0000
3.2379 -0.5579 0.0004
3.0401 -0.7243 0.0017
-2.7198 0.2133 0.2006
-2.7447 0.1433 0.1850
-2.7966 0.2471 0.1272
-2.8167 0.1506 0.1208
-2.9311 0.1825 0.0504
-2.6589 0.1141 0.2816
-2.7498 0.0592 0.1860
-2.8240 0.0644 0.1195
-2.9067 0.0249 0.0662
-2.7826 -0.0327 0.1555
-2.9020 -0.1108 0.0674
-0.8186 1.8520 0.0000
-1.7627 4.7435 0.0000
-1.6030 4.4855 0.0000
-1.8914 4.4794 0.0000
3.0892 3.8887 0.0000
1.7367 4.2906 0.0000
1.3250 4.0106 0.0000
-0.2119 -1.8366 0.0000
-0.4819 -1.9925 0.0000
-1.2544 -2.9314 0.0000
-1.4346 -3.1888 0.0000
-1.5029 -3.6538 0.0000
-0.2333 -2.5572 0.0000
-0.5086 -2.5608 0.0000
-0.7522 -2.7669 0.0000
-0.9489 -3.0062 0.0000
4.0600 2.0633 0.0000
3.7335 1.6460 0.0000
-3.3840 -2.7715 0.0000
-3.6685 -2.8569 0.0000
-4.0101 -3.2184 0.0000
-1.3857 -0.0627 0.1137
-1.3177 -0.1393 0.0880
-1.2415 -0.2404 0.0608
-1.3974 -0.4754 0.0746
-1.4332 -0.1361 0.1292
-1.3854 -0.2261 0.1041
-1.4781 -0.2107 0.1420
-1.3664 -0.3302 0.0861
-1.4697 -0.2981 0.1274
-1.5481 -0.3663 0.1488
-1.2459 -0.4251 0.0464
-1.4547 -0.3873 0.1075
-1.5221 -0.4591 0.1186
-1.5902 -0.5203 0.1302
-3.8734 0.9616 0.0000
-3.7087 0.7145 0.0000
-3.9932 0.7045 0.0000
-4.1998 0.4855 0.0000
2.5795 -0.0753 0.0874
2.5043 -0.1646 0.1058
-4.5161 -4.7435 0.0000
-4.7811 -4.7707 0.0000
-2.3798 1.0428 0.0784
-2.4966 0.8539 0.1261
-2.5926 0.8193 0.1056
-2.3314 -4.7633 0.0000
-0.6700 2.7568 0.0000
-0.9605 2.7123 0.0000
-3.3159 0.9936 0.0000
-2.3018 -0.2533 0.5720
-2.3243 -0.3545 0.5016
-2.4145 -0.3568 0.4520
-2.4712 -0.4451 0.3570
-2.4355 -0.5289 0.3273
-2.5328 -0.5179 0.2699
-2.5617 -0.4255 0.2929
-2.6248 -0.4941 0.2100
-2.6007 -0.5893 0.1883
-2.6892 -0.5595 0.1408
-2.6733 -0.6560 0.1207
-2.7131 -0.7452 0.0785
4.4999 -3.9541 0.0000
4.2468 -4.0768 0.0000
-2.7402 2.3426 0.0000
-2.9703 2.2052 0.0000
-3.2039 2.0043 0.0000
-4.1045 0.2281 0.0000
3.9360 -4.7763 0.0000
4.2637 -3.4594 0.0000
3.5304 -0.0464 0.0000
3.2473 -0.0549 0.0005
-3.9507 1.7264 0.0000
-4.1818 1.4976 0.0000
-4.5024 1.3187 0.0000
2.0610 -1.0299 0.0158
1.9377 -1.2528 0.0048
-0.4994 0.2026 0.0063
-0.4607 0.7081 0.0023
-2.0667 -2.7646 0.0000
-2.0124 -3.0491 0.0000
2.9092 4.3952 0.0000
-4.6892 0.3474 0.0000
-4.2714 2.0642 0.0000
-2.6012 4.1041 0.0000
-3.5963 -2.5769 0.0000
-3.8751 -2.6541 0.0000
1.0793 -2.9981 0.0000
-3.8899 1.4638 0.0000
-4.0094 1.2199 0.0000
-4.2650 1.2486 0.0000
-4.1666 0.9729 0.0000
3.5016 -0.6084 0.0000
3.3003 -0.8604 0.0001
-2.6970 -1.6873 0.0008
-2.9902 -1.7500 0.0001
-4.7667 2.3414 0.0000
-3.1425 2.7455 0.0000
-3.5060 2.7291 0.0000
-1.9539 -3.3816 0.0000
-2.2681 -3.4774 0.0000
2.0266 -2.5197 0.0000
-1.0462 4.5018 0.0000
4.2499 -3.1516 0.0000
4.0157 -3.3189 0.0000
-3.1371 0.6412 0.0023
2.6021 -4.7524 0.0000
1.3867 -4.7595 0.0000
1.0740 -4.7541 0.0000
4.5033 1.9524 0.0000
4.2370 1.8565 0.0000
2.5638 -3.0612 0.0000
2.3634 -3.2284 0.0000
2.1117 -3.2659 0.0000
2.2991 -3.5087 0.0000
2.0223 -3.5352 0.0000
1.7385 -3.5545 0.0000
1.9207 -3.7931 0.0000
1.6300 -3.7924 0.0000
-2.0654 -2.4699 0.0000
-2.3085 -2.3474 0.0000
-0.3053 1.9321 0.0000
4.5094 3.4705 0.0000
3.6558 -0.3140 0.0000
3.3885 -0.3180 0.0001
4.2422 -4.3787 0.0000
4.0000 -4.4975 0.0000
3.7455 -4.6075 0.0000
3.6177 -4.7940 0.0000
1.4290 -3.5375 0.0000
1.3482 -3.7782 0.0000
0.2656 -3.0311 0.0000
-0.1358 -3.2949 0.0000
-0.1360 -3.5580 0.0000
4.1254 0.6682 0.0000
0.0661 1.3218 0.0001
-0.1840 1.4312 0.0001
-0.2804 1.2006 0.0003
-0.6670 1.2520 0.0003
0.4921 -2.3422 0.0000
0.3104 -2.5465 0.0000
0.8469 0.6270 0.0024
-1.1001 2.4644 0.0000
2.8314 2.1098 0.0000
2.7142 1.8310 0.0002
-1.7056 1.9967 0.0001
-1.5860 1.7368 0.0004
-0.6535 -4.5372 0.0000
-4.7300 1.1144 0.0000
-4.2902 -1.9842 0.0000
-4.2381 -2.2242 0.0000
-4.4958 -2.2776 0.0000
-3.4169 0.7285 0.0000
0.5651 -0.0457 0.0018
0.3746 -0.2596 0.0012
3.1720 3.1291 0.0000
3.1515 2.8773 0.0000
2.8898 2.8626 0.0000
2.7721 2.6129 0.0000
3.1169 -2.2442 0.0000
2.8901 -2.4185 0.0000
4.4923 4.7587 0.0000
0.1063 -3.5578 0.0000
0.0409 -3.8116 0.0000
-1.4033 1.9589 0.0000
0.9115 -4.4973 0.0000
0.7658 -4.7485 0.0000
4.4963 2.4928 0.0000
4.2931 2.1590 0.0000
1.0893 4.7475 0.0000
0.7880 4.7440 0.0000
-3.9502 -2.9348 0.0000
0.5669 0.5771 0.0022
0.3579 0.4686 0.0024
3.9624 -3.0567 0.0000
3.7311 -3.1588 0.0000
3.4407 -3.0806 0.0000
0.4105 -4.2606 0.0000
0.2816 -4.5112 0.0000
2.3698 -2.1800 0.0000
-2.1548 -4.4526 0.0000
-2.1126 -4.6600 0.0000
-2.0023 -4.7920 0.0000
3.9904 4.4963 0.0000
-0.6730 -1.7584 0.0000
-0.5627 1.9098 0.0000
-0.5011 1.6755 0.0000
0.6405 -1.2997 0.0001
2.1983 3.4831 0.0000
2.1171 3.2635 0.0000
1.8751 3.3123 0.0000
1.8070 3.0533 0.0000
0.8557 -0.7675 0.0012
0.5531 -0.8040 0.0006
0.3581 -1.3179 0.0001
0.2141 -1.5483 0.0000
0.4609 -4.0042 0.0000
-3.3663 -3.5514 0.0000
-3.1436 -3.6953 0.0000
-3.2406 -3.9304 0.0000
-3.4640 -3.8296 0.0000
1.6316 -2.8342 0.0000
0.8453 -3.7173 0.0000
-1.8713 2.8752 0.0000
4.4874 3.2202 0.0000
4.2333 3.2436 0.0000
4.1904 2.9503 0.0000
3.9256 2.8361 0.0000
2.6942 0.3313 0.0429
2.6313 0.0538 0.0717
2.5232 0.1027 0.1027
2.5441 0.3581 0.0758
2.4986 0.2588 0.0976
2.5978 0.1970 0.0757
2.3966 0.2404 0.1221
2.4616 0.1689 0.1152
2.4290 0.0749 0.1287
2.5027 0.0117 0.1113
2.3627 0.1504 0.1368
2.3355 0.0655 0.1459
2.3927 -0.0199 0.1382
2.2876 -0.0089 0.1520
2.2264 -0.0787 0.1523
2.4751 -0.0719 0.1182
1.2973 -3.2331 0.0000
4.4344 -2.1470 0.0000
4.1977 -2.3398 0.0000
-0.2559 1.6813 0.0000
3.6509 0.7222 0.0000
0.8473 -2.6846 0.0000
0.8477 -2.9198 0.0000
1.0873 -1.4696 0.0001
0.7957 -1.5322 0.0000
3.7323 -4.0434 0.0000
3.7500 -4.3270 0.0000
3.4787 -4.2113 0.0000
3.5217 -4.4926 0.0000
3.2667 -4.4376 0.0000
-1.7273 -4.1922 0.0000
-1.8609 -4.4860 0.0000
-1.7554 -4.7505 0.0000
-1.2059 -1.6907 0.0001
-1.4104 -1.8652 0.0000
3.1197 -1.4742 0.0001
2.9240 -1.6400 0.0001
4.7489 3.2784 0.0000
4.4399 2.9970 0.0000
1.0379 1.5623 0.0002
0.9984 1.2136 0.0010
3.2048 4.2608 0.0000
3.3306 4.0045 0.0000
2.0371 4.7249 0.0000
4.4876 1.6883 0.0000
4.7442 1.4499 0.0000
2.8174 3.8843 0.0000
-4.5036 -3.1157 0.0000
-2.0735 2.4096 0.0000
-2.1971 2.1911 0.0000
3.3504 0.6684 0.0001
1.3819 2.0149 0.0000
1.2322 1.7551 0.0001
-3.2253 3.2346 0.0000
-3.3395 2.9495 0.0000
-4.7638 -2.3374 0.0000
3.8550 4.2198 0.0000
3.6304 4.0677 0.0000
0.6470 4.4843 0.0000
0.7974 4.2065 0.0000
2.3115 -4.7593 0.0000
4.7860 -1.8485 0.0000
4.7394 -2.3746 0.0000
4.4958 -4.2360 0.0000
1.0988 2.0426 0.0000
0.9351 1.8305 0.0000
0.6448 1.9019 0.0000
0.4757 4.2494 0.0000
-1.9869 2.0517 0.0001
-2.8829 4.5243 0.0000
-3.1576 4.5115 0.0000
0.1498 -1.2020 0.0001
0.0154 -1.4005 0.0000
-0.1610 -1.5688 0.0000
3.7256 3.3123 0.0000
2.6429 3.6526 0.0000
2.7330 3.3933 0.0000
2.4509 3.4022 0.0000
0.7454 2.4374 0.0000
0.9575 2.3147 0.0000
-0.3286 3.2040 0.0000
-0.5213 2.9878 0.0000
-4.7599 2.0278 0.0000
-4.7447 1.7213 0.0000
-0.1356 4.7351 0.0000
-0.3261 4.5202 0.0000
-0.4406 4.7845 0.0000
-0.5891 4.5934 0.0000
-0.6455 -0.2650 0.0079
-0.5895 -0.5444 0.0033
-0.8464 -0.4354 0.0112
-0.8175 -0.7195 0.0041
-1.0626 -0.8017 0.0082
0.4852 1.0175 0.0007
0.3327 0.7579 0.0014
-3.7053 -0.0818 0.0000
-4.5278 2.1860 0.0000
3.5388 2.4442 0.0000
3.2481 2.4055 0.0000
3.1280 2.1527 0.0000
3.4323 2.1796 0.0000
3.2954 1.9293 0.0000
3.0089 1.8927 0.0000
3.4405 0.9272 0.0000
4.4957 -3.6595 0.0000
1.6958 -4.7616 0.0000
-4.1212 3.6633 0.0000
-4.2890 3.9132 0.0000
2.9141 -2.6987 0.0000
-3.6882 3.4430 0.0000
-3.8015 3.1786 0.0000
-0.6386 0.5177 0.0057
-0.8873 0.4418 0.0136
-0.9108 0.0959 0.0211
-1.0281 0.2892 0.0278
-1.1098 0.0779 0.0431
-1.2260 0.2376 0.0589
-1.2712 0.0947 0.0764
-1.2641 -0.0367 0.0759
-1.3746 0.1256 0.1058
-1.3726 0.0273 0.1091
-1.4631 -0.0244 0.1457
-0.4232 2.1767 0.0000
-1.7505 0.5972 0.1644
-1.8448 0.5954 0.2086
-1.8913 0.5245 0.2674
-2.0216 0.4292 0.3971
-2.1050 0.4622 0.4138
-2.0932 0.3717 0.4713
-1.7937 0.5110 0.2200
-1.8466 0.4352 0.2852
-1.9387 0.4513 0.3350
-1.9172 0.3691 0.3653
-1.9971 0.3440 0.4337
-2.0734 0.2802 0.5171
-2.1634 0.3169 0.5332
-1.8930 0.2902 0.3846
-1.9735 0.2569 0.4616
-2.0495 0.1928 0.5444
-2.1170 0.1311 0.6065
-2.0238 0.0967 0.5557
-2.1058 0.0434 0.6190
-2.1581 0.2194 0.5875
-2.2633 0.1980 0.6077
-2.2045 0.1270 0.6359
-2.1930 0.0478 0.6515
-2.2657 0.0198 0.6550
-2.2401 -0.0611 0.6538
1.0289 -0.9717 0.0010
4.2094 4.7385 0.0000
-0.7645 2.5295 0.0000
-0.8964 2.3484 0.0000
-2.2406 0.5696 0.3576
-2.3268 0.5368 0.3693
-2.4118 0.5093 0.3539
-2.4463 0.4214 0.3887
-2.5149 0.4548 0.3168
-2.5670 0.3987 0.2990
-2.4911 0.3368 0.3993
-2.5228 0.2342 0.4123
-2.6543 0.3689 0.2278
-2.5858 0.3021 0.3194
-2.6254 0.2085 0.3037
-2.6837 0.2888 0.2215
-3.0977 -2.6779 0.0000
4.1371 4.2633 0.0000
4.0322 3.9960 0.0000
-2.6457 0.5658 0.1674
-2.7334 0.5160 0.1228
-2.6467 0.4626 0.2032
-2.7263 0.4123 0.1533
-2.7974 0.4384 0.0979
-2.8752 0.3504 0.0657
-2.7560 0.3314 0.1467
1.4628 -4.2664 0.0000
1.2325 -4.2757 0.0000
1.2213 -4.5161 0.0000
-2.0105 -4.2091 0.0000
-3.5093 3.2025 0.0000
-3.6458 2.9520 0.0000
-3.8397 2.7923 0.0000
4.4886 -4.5114 0.0000
4.2270 -4.7072 0.0000
4.5071 -0.3309 0.0000
4.2233 -0.3555 0.0000
4.5339 -0.5986 0.0000
4.2962 -0.6127 0.0000
4.1558 -0.8576 0.0000
1.4353 -2.6437 0.0000
1.1375 -2.7221 0.0000
-3.8995 -0.6730 0.0000
-0.7307 0.2674 0.0106
-0.6848 0.0012 0.0108
-1.1176 -0.1039 0.0429
3.3403 -1.3884 0.0000
2.3482 2.8627 0.0000
2.0949 2.7648 0.0000
-1.1786 -3.6803 0.0000
-2.9593 -3.1431 0.0000
-3.2498 -3.2423 0.0000
-2.2410 -0.3279 0.5362
-2.1601 -0.3100 0.5376
-2.1352 -0.3967 0.4714
-2.2207 -0.4074 0.4796
-2.2904 -0.4449 0.4459
-2.3823 -0.4424 0.4150
-2.3370 -0.5353 0.3660
-2.4055 -0.6147 0.2850
-2.5037 -0.6057 0.2411
-2.4741 -0.6922 0.2083
-2.5761 -0.6809 0.1636
-2.6302 -0.7539 0.1103
-2.1781 -0.4881 0.4138
-2.2449 -0.5242 0.3902
-2.3090 -0.6252 0.3066
-2.3744 -0.7019 0.2388
-2.4346 -0.7774 0.1771
-2.4928 -0.8507 0.1252
-2.5355 -0.7729 0.1431
-2.5981 -0.8394 0.0955
-2.7117 -0.9096 0.0462
-1.2571 2.7164 0.0000
-1.3784 2.4648 0.0000
0.0460 -1.7553 0.0000
-0.4306 -1.6719 0.0000
2.0056 1.5422 0.0016
-1.7515 0.4166 0.2337
-1.8153 0.3461 0.3031
-1.7933 0.2584 0.3188
-1.8748 0.2089 0.4006
-1.7903 0.1601 0.3433
-1.8726 0.1154 0.4232
-1.9549 0.1631 0.4828
-1.8055 0.0634 0.3719
-1.9337 0.0567 0.4868
-2.0298 -0.0012 0.5708
-2.1562 -0.0319 0.6432
-2.0862 -0.0758 0.6034
-2.1644 -0.1358 0.6249
-2.2094 -0.2292 0.5945
-0.9452 -2.2502 0.0000
-0.3868 0.4199 0.0039
2.3304 1.0713 0.0139
2.0445 1.0901 0.0115
3.4884 -1.1496 0.0000
-3.1160 0.0003 0.0081
-3.4295 -0.0339 0.0001
-3.2904 -0.2493 0.0006
-1.6374 -3.4061 0.0000
-1.7907 -3.6569 0.0000
3.6879 0.2205 0.0000
3.3824 0.2040 0.0001
0.8387 1.3762 0.0003
0.6782 1.1629 0.0006
1.0677 -2.2211 0.0000
-3.0953 4.2723 0.0000
1.5462 -2.3681 0.0000
1.2655 -2.4333 0.0000
-3.9917 2.5313 0.0000
-4.0590 2.2777 0.0000
-3.3989 3.4731 0.0000
-4.2788 0.7470 0.0000
-4.5253 0.8120 0.0000
3.0001 4.1292 0.0000
2.7235 4.1678 0.0000
0.9647 -1.7488 0.0000
4.7330 2.9773 0.0000
4.5176 2.7705 0.0000
-2.8392 1.3335 0.0027
-3.1868 1.2332 0.0001
3.6933 1.0245 0.0000
4.0270 -0.5937 0.0000
3.7543 -0.5782 0.0000
3.8529 -0.8363 0.0000
4.7633 3.5892 0.0000
-3.1691 -2.9578 0.0000
-3.5162 -3.3313 0.0000
0.8028 2.9387 0.0000
0.8459 2.6509 0.0000
0.5946 2.7396 0.0000
-0.8030 -4.7486 0.0000
-1.1078 -4.7640 0.0000
0.6535 -1.8143 0.0000
0.6151 -2.0855 0.0000
1.8518 -3.2953 0.0000
1.5875 -3.3246 0.0000
1.6673 0.8098 0.0140
1.4633 0.6749 0.0110
1.2102 0.5566 0.0062
2.1915 4.2351 0.0000
-2.3372 -2.9565 0.0000
-3.0785 1.4482 0.0001
-3.8601 -0.3651 0.0000
-4.1251 -0.5466 0.0000
-2.4298 -4.5123 0.0000
2.1193 -2.2615 0.0000
1.7318 -2.5725 0.0000
1.3951 4.7587 0.0000
-2.5885 -2.7711 0.0000
-2.1720 4.4550 0.0000
-2.3864 4.2759 0.0000
3.7169 1.3120 0.0000
3.4244 1.1838 0.0000
0.6597 -3.4210 0.0000
-4.4111 0.2703 0.0000
-4.5461 0.0332 0.0000
4.2511 -3.7770 0.0000
-3.5875 0.9736 0.0000
4.4755 4.2820 0.0000
4.3013 4.0739 0.0000
-2.5050 1.0741 0.0534
-2.5945 0.9284 0.0721
-2.6165 0.7421 0.1218
-2.6970 0.7602 0.0811
-2.7754 0.6663 0.0682
-2.7207 0.6028 0.1089
0.0966 -0.2057 0.0012
-0.1772 -0.1514 0.0029
-0.4394 -0.0798 0.0058
-0.3789 -0.3548 0.0030
3.2233 3.4196 0.0000
-0.7854 -2.5029 0.0000
-1.0357 -2.5161 0.0000
-1.0289 -2.7546 0.0000
-2.2257 -1.3102 0.0225
-2.4300 -1.4860 0.0068
-2.4691 -1.2331 0.0269
-2.6630 -1.4132 0.0053
4.2768 3.8089 0.0000
4.0263 3.6995 0.0000
1.5331 1.7673 0.0002
-2.8605 4.2629 0.0000
2.2045 -0.8187 0.0394
1.8403 -0.9039 0.0166
1.7375 -1.0936 0.0060
-2.7000 3.8163 0.0000
3.2761 -4.0708 0.0000
4.7472 -3.8011 0.0000
4.7581 4.4940 0.0000
-0.2970 -1.3756 0.0000
-0.5173 -1.4275 0.0000
0.9980 -2.4825 0.0000
-2.6183 -4.7515 0.0000
-2.8973 -4.7516 0.0000
-0.1001 -0.4281 0.0009
-0.0128 -0.7094 0.0004
-0.2582 -0.9095 0.0002
-0.3062 -0.6312 0.0007
0.0111 -0.9704 0.0002
-0.1617 -1.1845 0.0001
-0.4692 -1.1246 0.0001
-0.5313 -0.8229 0.0007
-0.7507 -0.9901 0.0007
-3.1616 4.0104 0.0000
-3.2830 3.7421 0.0000
2.7358 1.4374 0.0011
2.4964 1.2883 0.0044
-1.0714 -0.5698 0.0180
-1.2979 -0.6268 0.0350
-1.1192 4.2486 0.0000
4.4439 0.4843 0.0000
4.1853 0.4162 0.0000
2.0824 0.4371 0.0979
1.6875 0.3358 0.0476
1.4634 0.4273 0.0191
-0.7943 -2.0177 0.0000
1.1889 1.3758 0.0008
1.3268 1.1832 0.0019
-4.5112 -1.7953 0.0000
-4.7531 -1.7942 0.0000
-4.2351 -2.9992 0.0000
-4.2652 -3.2745 0.0000
1.8118 2.2764 0.0000
1.0359 3.9795 0.0000
0.7736 3.9105 0.0000
0.9533 3.6955 0.0000
0.6635 3.6714 0.0000
-1.7679 0.8943 0.0733
-1.8089 0.7848 0.1170
-1.6572 0.8091 0.0705
-1.7365 0.7382 0.1105
-1.8120 0.6828 0.1566
-1.8849 0.8438 0.1167
-1.8868 0.9632 0.0773
-1.9624 0.8945 0.1156
-2.0506 0.8697 0.1439
-1.8977 0.7441 0.1616
-1.9770 0.8004 0.1599
-2.0701 0.7728 0.1977
-2.0984 0.6804 0.2601
-1.9145 0.6517 0.2124
-1.9560 0.5813 0.2694
-1.9951 0.7013 0.2166
-2.0325 0.6164 0.2808
-2.1375 0.5882 0.3325
2.0882 -1.4691 0.0021
1.8586 -1.5662 0.0009
-0.2313 -4.2825 0.0000
-0.4834 -4.3640 0.0000
-1.0146 1.6266 0.0001
-1.2103 1.4053 0.0008
-2.0283 4.2102 0.0000
-2.8991 0.5480 0.0376
-3.0911 0.3513 0.0081
-3.2990 0.1962 0.0005
-2.3956 1.9951 0.0002
3.2912 4.7648 0.0000
3.0060 4.7603 0.0000
2.8203 4.6430 0.0000
-4.4234 -0.1886 0.0000
-4.3790 -0.4608 0.0000
-4.5280 -0.6535 0.0000
-4.4819 3.1643 0.0000
-4.3282 2.9514 0.0000
1.1018 -0.6709 0.0034
0.7356 -0.5691 0.0015
1.0208 3.1612 0.0000
0.7246 3.1973 0.0000
0.5261 3.0179 0.0000
-0.0373 4.1599 0.0000
3.1908 0.9060 0.0003
3.0485 0.6679 0.0020
2.3003 0.2271 0.1365
2.2683 0.1500 0.1465
2.1917 0.1806 0.1441
2.1523 0.0949 0.1482
2.0970 0.0085 0.1445
2.0991 0.1759 0.1370
2.0513 0.0914 0.1359
2.0014 0.0064 0.1287
2.2426 0.0766 0.1521
2.1885 0.0041 0.1530
2.1407 -0.0811 0.1477
2.0505 -0.0787 0.1357
1.9630 -0.0862 0.1188
1.9074 -0.1614 0.1027
1.9518 0.0940 0.1171
1.9065 0.0063 0.1088
1.8571 -0.0849 0.0960
1.7509 -0.1411 0.0711
1.9963 -0.1832 0.1191
1.8393 -0.2265 0.0835
1.7116 -0.3262 0.0525
1.5755 -0.1873 0.0400
2.0754 -0.1597 0.1345
2.0859 -0.2471 0.1270
2.0196 -0.2892 0.1116
1.9455 -0.2576 0.1020
1.9779 -0.3778 0.0925
1.8809 -0.3433 0.0801
1.8291 -0.4700 0.0568
1.6512 -0.5421 0.0290
1.4871 -0.3962 0.0227
1.6625 2.5330 0.0000
1.5300 2.2648 0.0000
0.7556 -3.1679 0.0000
0.5758 -2.9256 0.0000
0.4622 -3.2073 0.0000
1.6761 2.0184 0.0001
-1.4931 1.4571 0.0018
-1.5901 0.9980 0.0280
1.8756 1.3058 0.0035
1.9229 0.8738 0.0219
1.7568 1.0672 0.0071
1.4920 0.9926 0.0045
-3.1227 -4.1712 0.0000
-3.2648 -4.4086 0.0000
-3.1557 -4.7569 0.0000
-3.3686 -4.6882 0.0000
-3.5357 -4.4458 0.0000
-3.6360 -4.7400 0.0000
-3.9308 -4.7523 0.0000
-2.1025 -0.6808 0.2578
-2.1614 -0.7601 0.2163
-2.2962 -0.8804 0.1486
-2.3501 -0.9508 0.1111
-2.4120 -1.0522 0.0689
-2.0419 -0.4069 0.4239
-2.0799 -0.4804 0.3912
-2.1215 -0.5497 0.3549
-2.1560 -0.6062 0.3208
-2.2331 -0.5976 0.3342
-2.2042 -0.6843 0.2701
-2.2790 -0.7122 0.2495
-2.2393 -0.7961 0.1979
-2.3373 -0.7913 0.1923
-2.3986 -0.8673 0.1410
-2.4493 -0.9446 0.0988
-2.5409 -0.9129 0.0893
-2.5742 -1.0361 0.0501
1.8149 -3.0585 0.0000
0.5838 -3.6842 0.0000
0.6729 -3.9420 0.0000
2.9990 1.3897 0.0003
2.7988 1.1784 0.0024
4.7554 -3.5372 0.0000
3.1707 -2.5369 0.0000
1.3574 -2.1586 0.0000
-1.9739 -0.8570 0.1318
-2.0460 -0.8722 0.1384
-2.1212 -0.9395 0.1177
-2.1989 -0.8793 0.1511
-2.1694 -1.0188 0.0893
-2.0608 -1.1284 0.0507
-2.2352 -0.9530 0.1168
-2.2922 -1.0069 0.0936
-2.2685 -1.1184 0.0590
-4.3943 3.6655 0.0000
-4.5460 3.4512 0.0000
-4.7630 3.5976 0.0000
-4.2544 0.0130 0.0000
-0.3638 -3.4466 0.0000
-0.4855 -3.6932 0.0000
0.8582 0.9747 0.0016
0.6560 0.8259 0.0017
4.5291 4.5296 0.0000
4.7298 -2.9410 0.0000
4.7653 -3.2495 0.0000
4.5101 -3.3823 0.0000
-1.9898 -1.3775 0.0116
-2.4150 -1.7429 0.0012
0.8750 -2.0271 0.0000
0.7745 -2.3445 0.0000
2.9616 3.6153 0.0000
2.9710 3.3306 0.0000
0.1461 -4.7580 0.0000
-0.1615 -4.7736 0.0000
4.4863 -2.4086 0.0000
4.2439 -2.6136 0.0000
4.4322 -2.8880 0.0000
4.1687 -2.8541 0.0000
-0.1881 0.6236 0.0019
-4.5360 -2.0521 0.0000
2.0435 -1.7730 0.0004
1.7539 -1.8333 0.0001
1.2261 3.7413 0.0000
0.8587 3.4317 0.0000
0.7191 0.3787 0.0023
0.7669 0.1414 0.0029
-4.0479 4.4807 0.0000
-4.3271 4.5040 0.0000
2.6097 -2.3079 0.0000
2.3417 -2.4752 0.0000
-3.7523 4.4888 0.0000
-3.9131 4.2220 0.0000
-4.0211 3.9507 0.0000
4.5143 0.9432 0.0000
4.2107 0.9719 0.0000
-1.5552 -2.6785 0.0000
-1.7948 -2.8556 0.0000
-3.7392 -3.1400 0.0000
2.7488 -1.4077 0.0010
2.6159 -1.6643 0.0005
2.4190 -1.8205 0.0003
2.5680 -2.0175 0.0001
0.8915 -3.4829 0.0000
3.5875 4.7628 0.0000
3.4261 4.5237 0.0000
3.1440 4.5129 0.0000
3.3207 -3.6252 0.0000
3.0559 -3.5666 0.0000
2.7852 -3.5012 0.0000
2.5407 -3.7018 0.0000
4.5165 -1.8825 0.0000
-1.3722 2.9719 0.0000
-1.5687 2.7242 0.0000
3.1014 -0.3084 0.0020
2.9462 -0.5139 0.0058
1.2287 -0.4274 0.0088
0.9480 -0.4176 0.0036
-2.3219 -2.6455 0.0000
-3.4563 -3.0481 0.0000
-3.7597 -3.4146 0.0000
-1.3171 0.9447 0.0129
-1.4777 0.7990 0.0399
-1.2661 0.6829 0.0273
-1.5615 0.5735 0.0995
-1.7005 0.6680 0.1206
-1.5995 0.6823 0.0855
-1.6545 0.5817 0.1300
-1.7011 0.5008 0.1760
3.9177 0.8369 0.0000
-1.4340 4.2454 0.0000
-3.1099 3.5038 0.0000
-1.5850 3.9906 0.0000
-1.7008 3.7218 0.0000
4.2674 2.7032 0.0000
4.2369 2.4061 0.0000
-3.5216 2.3834 0.0000
-3.4905 2.1024 0.0000
-3.7242 1.9543 0.0000
-0.9962 -4.5366 0.0000
-1.3860 -4.7615 0.0000
-1.5704 -4.6522 0.0000
3.1951 -3.0932 0.0000
2.9155 -3.0015 0.0000
2.9911 -3.2897 0.0000
2.7319 -3.2124 0.0000
2.5468 -3.4032 0.0000
-3.6554 -3.6390 0.0000
-2.3421 3.3327 0.0000
-2.4584 3.0760 0.0000
3.9652 -2.5254 0.0000
3.9112 -2.7944 0.0000
3.6589 -2.8955 0.0000
-2.3061 -4.2308 0.0000
3.9996 -3.9136 0.0000
3.9962 -4.2028 0.0000
-1.8402 2.2688 0.0000
2.8842 3.0957 0.0000
2.6281 3.1392 0.0000
-1.0158 3.9738 0.0000
-0.9396 3.7038 0.0000
-1.1865 3.7238 0.0000
1.3108 3.2521 0.0000
1.0553 2.8481 0.0000
0.5514 1.4067 0.0001
0.3371 1.2427 0.0002
-0.0447 1.0992 0.0004
0.4828 0.2361 0.0019
0.2877 0.0157 0.0016
-0.9910 -1.0100 0.0021
-0.9938 -1.2586 0.0004
-1.2476 -1.0999 0.0042
-1.5247 -1.2454 0.0061
-1.7236 -1.4628 0.0032
-1.8555 2.5899 0.0000
3.9248 -1.9201 0.0000
3.9186 -2.2211 0.0000
3.6860 -2.3711 0.0000
-1.1242 -2.0095 0.0000
-1.2300 -2.3340 0.0000
3.2263 -1.7140 0.0000
2.3204 -1.0285 0.0174
2.2357 -1.2704 0.0062
-0.8236 4.4601 0.0000
-3.9816 3.3918 0.0000
-3.9770 3.0214 0.0000
-0.3138 4.2189 0.0000
-0.2704 3.9552 0.0000
-1.7613 1.5215 0.0031
-1.6902 1.2459 0.0122
-1.9203 1.1464 0.0384
-1.9470 1.3769 0.0120
-2.1449 1.2684 0.0289
3.7617 3.5977 0.0000
3.6794 -2.6292 0.0000
3.4350 -2.5876 0.0000
-4.5093 -3.4218 0.0000
-4.4759 -3.7123 0.0000
-1.4836 -0.5726 0.0815
-1.5875 -0.6182 0.1032
-1.4748 -0.7423 0.0482
-1.6224 -0.7100 0.0895
-1.6416 -0.8434 0.0610
-1.6952 -0.6478 0.1316
-1.7232 -0.7381 0.1110
-0.8419 1.0390 0.0017
-1.0613 0.8587 0.0073
2.3012 1.5482 0.0017
2.1855 1.3081 0.0051
-1.8832 1.7631 0.0009
-2.0894 1.5742 0.0045
0.9955 -4.2591 0.0000
0.5972 -4.4971 0.0000
4.7572 -4.0408 0.0000
4.7431 -4.2720 0.0000
-2.9959 3.7648 0.0000
2.8163 -4.2424 0.0000
2.7019 -4.4917 0.0000
2.5277 -4.2305 0.0000
2.4252 -4.5030 0.0000
-4.7630 0.5875 0.0000
3.8638 0.5001 0.0000
-3.5980 4.7467 0.0000
-3.9017 4.7449 0.0000
0.5497 3.9986 0.0000
0.4237 3.7660 0.0000
0.3569 3.5266 0.0000
0.2575 3.9966 0.0000
0.0029 3.9161 0.0000
0.1178 3.6666 0.0000
0.1503 3.3564 0.0000
3.1582 -3.8406 0.0000
2.9657 -4.0126 0.0000
2.8520 -3.7620 0.0000
2.6862 -3.9805 0.0000
2.4249 -3.9697 0.0000
2.1817 -2.7385 0.0000
2.3241 -2.9774 0.0000
2.0734 -3.0226 0.0000
-4.7744 0.1282 0.0000
-4.7630 -0.1549 0.0000
-3.8325 0.1826 0.0000
-3.9782 -0.0628 0.0000
4.7598 2.0408 0.0000
4.7445 1.7358 0.0000
4.7754 0.1442 0.0000
4.5669 -0.0122 0.0000
4.7544 -0.1751 0.0000
4.3583 -0.1002 0.0000
-3.5558 -0.3237 0.0000
-3.6201 -0.5932 0.0000
-2.5232 3.5875 0.0000
-2.8133 3.5462 0.0000
0.8081 2.1005 0.0000
0.5913 2.2335 0.0000
0.4234 2.0272 0.0000
2.1308 1.7927 0.0005
1.8347 1.7780 0.0004
1.7000 1.5309 0.0011
-1.9008 -3.9345 0.0000
-2.3146 1.4438 0.0107
-2.3818 1.2393 0.0311
-2.4632 0.9455 0.0993
-2.6325 3.3186 0.0000
-2.9296 3.2826 0.0000
1.9405 -2.0434 0.0001
1.8341 -2.3091 0.0000
1.8577 0.6617 0.0376
2.0626 0.7001 0.0498
1.9924 0.5324 0.0703
1.8403 0.4656 0.0585
1.6658 0.5542 0.0288
-3.5255 -2.2969 0.0000
-3.7943 -2.3656 0.0000
-1.9981 0.5128 0.3314
-2.0711 0.5363 0.3487
-2.1766 0.5039 0.4026
-2.1907 0.4024 0.4803
-2.2621 0.4671 0.4340
-2.2827 0.3661 0.5047
-2.3506 0.4372 0.4333
-2.3872 0.3469 0.4746
-2.2377 0.2878 0.5612
-2.3297 0.2722 0.5497
-2.4271 0.2562 0.4959
-2.3606 0.1786 0.5788
-2.4567 0.1609 0.5066
-0.6908 3.5518 0.0000
-0.9505 3.4639 0.0000
-0.8725 3.2455 0.0000
-1.1120 3.2039 0.0000
3.0758 0.1914 0.0031
2.9734 -0.0657 0.0078
-4.4800 -0.9498 0.0000
-4.4896 -1.2452 0.0000
-4.7768 4.7797 0.0000
-4.7246 4.5119 0.0000
-4.5074 4.3428 0.0000
-4.7581 4.2165 0.0000
-4.7809 3.9254 0.0000
-2.4246 -0.0969 0.5554
-2.5307 -0.1865 0.4207
-2.2649 -0.1546 0.6268
-2.3318 -0.0803 0.6255
-2.3575 -0.1751 0.5837
-2.4464 -0.1877 0.5094
-2.3972 -0.2718 0.5128
-2.4965 -0.2735 0.4258
-2.4916 -0.3605 0.3883
-2.6023 -0.2417 0.3225
-2.5799 -0.3319 0.3160
-2.6724 -0.3063 0.2295
-2.6524 -0.3997 0.2208
-2.7576 -0.2910 0.1536
-2.8335 -0.3236 0.0933
-2.7476 -0.3853 0.1439
-2.7173 -0.4715 0.1464
-2.8049 -0.5100 0.0835
-2.8603 -0.4145 0.0684
-2.7811 -0.6099 0.0778
-3.3160 -2.4972 0.0000
0.1865 4.2653 0.0000
2.0191 4.4086 0.0000
0.0621 4.5178 0.0000
1.3178 2.7485 0.0000
1.0979 2.5481 0.0000
-0.9698 2.1116 0.0000
-1.2236 2.2034 0.0000
-2.8214 -2.5724 0.0000
-2.8777 -2.8617 0.0000
-1.5256 2.2116 0.0000
-2.1539 1.8596 0.0006
-2.8891 4.0183 0.0000
-2.1057 1.0806 0.0690
-2.1952 1.0022 0.1005
-1.9934 1.0160 0.0780
-2.0279 0.9543 0.1042
-2.1148 0.9480 0.1178
-2.2077 0.9108 0.1409
-2.2852 0.9774 0.1100
-2.2694 1.1031 0.0660
-2.3013 0.8854 0.1512
-2.3707 0.9510 0.1134
-2.3993 0.8647 0.1470
-2.3324 0.7954 0.1958
-2.4276 0.7750 0.1847
-2.5181 0.7671 0.1556
-2.5612 0.6946 0.1675
-2.6455 0.6562 0.1362
2.5399 3.9316 0.0000
2.2636 3.9844 0.0000
2.3524 3.6995 0.0000
-3.4546 3.9804 0.0000
-3.5706 3.7139 0.0000
-1.2919 4.0024 0.0000
-1.4297 3.7513 0.0000
-2.0733 -3.6834 0.0000
-2.3702 -3.7453 0.0000
0.4812 1.6998 0.0000
0.2807 1.5176 0.0000
-2.6330 1.8064 0.0004
-2.8567 1.6275 0.0003
2.6064 4.4540 0.0000
2.4530 4.2170 0.0000
4.7616 4.7621 0.0000
-4.4524 1.0349 0.0000
-1.6266 0.1575 0.2235
-1.7104 0.1163 0.2879
-1.5431 0.1200 0.1792
-1.6278 0.0532 0.2353
-1.5361 0.0253 0.1814
-1.5776 -0.0466 0.2051
-1.7263 0.0318 0.3083
-1.6702 -0.0407 0.2663
-1.6198 -0.1243 0.2263
-1.7090 -0.1290 0.2877
-1.7696 -0.0431 0.3440
-1.8022 -0.1189 0.3638
-1.7571 -0.2063 0.3099
-1.8584 -0.1899 0.3959
-1.8511 -0.0087 0.4159
-1.9409 -0.0310 0.4960
-1.8874 -0.0992 0.4412
-1.9948 -0.0932 0.5346
-1.9536 -0.1704 0.4816
-1.9214 -0.2615 0.4223
-1.9771 -0.3396 0.4253
-2.0558 -0.1616 0.5616
-2.1154 -0.2260 0.5685
-2.0158 -0.2465 0.4996
-2.0721 -0.3183 0.4960
-2.1810 -1.5690 0.0044
-2.1399 -1.8454 0.0005
-2.3186 -2.0316 0.0001
-0.5555 2.4259 0.0000
-3.6744 -1.1232 0.0000
-3.7379 -1.3464 0.0000
-3.9797 -1.3122 0.0000
1.3511 -0.1960 0.0182
1.2645 0.0401 0.0141
1.1009 -0.1724 0.0077
1.3463 -2.9221 0.0000
3.6392 -2.0788 0.0000
3.4131 -2.3211 0.0000
3.9114 4.7725 0.0000
1.2101 -1.1834 0.0008
0.9225 -1.2493 0.0002
-4.7028 -3.9214 0.0000
-4.7801 -4.2083 0.0000
3.2083 0.4321 0.0006
-1.4876 4.7435 0.0000
3.6552 -1.3920 0.0000
3.4893 -1.5915 0.0000
-1.8802 3.9637 0.0000
0.7474 1.6291 0.0000
-2.6592 -3.0509 0.0000
-2.7656 -3.3383 0.0000
-2.1842 -3.9648 0.0000
-2.4759 -4.0118 0.0000
4.4943 1.4335 0.0000
4.4583 1.1894 0.0000
-0.1172 4.3995 0.0000
2.1838 0.4506 0.1027
2.1591 0.3607 0.1179
2.0617 0.3372 0.1123
1.9763 0.3908 0.0911
2.1382 0.2699 0.1304
2.0440 0.2515 0.1216
1.9621 0.2782 0.1042
1.8665 0.3269 0.0799
2.0030 0.1740 0.1224
1.9181 0.1941 0.1039
1.8159 0.2240 0.0798
1.8517 0.1072 0.0947
1.6962 0.1392 0.0608
1.7940 0.0086 0.0838
1.6538 -0.0124 0.0557
1.5076 0.2013 0.0307
1.4768 0.0120 0.0305
-4.1828 -3.7710 0.0000
-4.3724 -3.9802 0.0000
-4.5256 -4.2209 0.0000
-1.2068 3.4718 0.0000
-1.4861 3.4988 0.0000
-1.6082 3.2441 0.0000
-3.0605 -3.4266 0.0000
-2.8604 -3.6220 0.0000
-2.9572 -3.9194 0.0000
0.8479 -0.1242 0.0036
0.6575 -0.3148 0.0019
-1.6450 2.4531 0.0000
-4.2369 -1.4043 0.0000
-4.2488 -1.6907 0.0000
2.5934 4.7420 0.0000
2.3141 4.5012 0.0000
0.3770 -3.4824 0.0000
-1.9706 3.6590 0.0000
-2.2496 3.6165 0.0000
0.3257 -3.7718 0.0000
3.3995 -2.8212 0.0000
3.1610 -2.8234 0.0000
-1.3607 3.2227 0.0000
-1.6295 2.9975 0.0000
4.7559 -1.3555 0.0000
4.6808 -1.6161 0.0000
4.4810 -1.3686 0.0000
4.3793 -1.6252 0.0000
-2.2044 -3.2177 0.0000
-4.2745 3.4082 0.0000
-4.1659 3.1639 0.0000
-4.5906 -2.5357 0.0000
-4.7728 -2.6817 0.0000
1.3963 1.5134 0.0007
-4.1268 2.8101 0.0000
-4.2698 2.6039 0.0000
-4.2944 2.3475 0.0000
3.4456 -1.8589 0.0000
3.3170 -2.0570 0.0000
2.7504 -0.0735 0.0392
2.6301 -0.2106 0.0664
-3.0541 2.4772 0.0000
-3.2566 2.2808 0.0000
-1.2553 -1.3855 0.0006
-1.4673 -1.5626 0.0005
-1.6742 -1.7701 0.0002
-1.6370 -2.0702 0.0000
-1.1235 1.8984 0.0000
-1.1218 1.1327 0.0026
-1.4121 1.1922 0.0058
-1.3077 4.5006 0.0000
0.9981 -3.2455 0.0000
-3.5772 0.2141 0.0000
-3.3509 1.5242 0.0000
-3.4493 1.2457 0.0000
-0.3201 -4.5573 0.0000
-3.7031 2.5641 0.0000
-3.7806 2.2560 0.0000
-3.4383 -4.1429 0.0000
-3.7092 -4.2173 0.0000
-3.9560 -4.2497 0.0000
-4.2359 -4.2343 0.0000
-3.8098 -4.4972 0.0000
-4.1005 -4.4989 0.0000
-4.2284 -4.7495 0.0000
1.5243 -0.9423 0.0056
-4.4974 -1.5280 0.0000
-0.2314 -3.7839 0.0000
-0.3969 -4.0216 0.0000
-2.5904 -1.9560 0.0001
-2.8347 -1.9663 0.0000
-3.0508 -2.0908 0.0000
4.2802 4.4801 0.0000
0.6016 -2.6237 0.0000
1.4288 4.2663 0.0000
1.1192 4.2437 0.0000
-2.7313 1.0680 0.0213
-2.9848 1.1029 0.0024
-2.8695 0.8291 0.0213
-3.1225 0.8881 0.0012
