5.0000 5.0000 0.0000
0.0000 5.0000 0.0000
2.5000 5.0000 0.0000
3.7500 5.0000 0.0000
4.3750 5.0000 0.0000
4.6875 5.0000 0.0000
4.0625 5.0000 0.0000
3.1250 5.0000 0.0000
3.4375 5.0000 0.0000
2.8125 5.0000 0.0000
1.2500 5.0000 0.0000
1.8750 5.0000 0.0000
2.1875 5.0000 0.0000
1.5625 5.0000 0.0000
0.6250 5.0000 0.0000
0.9375 5.0000 0.0000
0.3125 5.0000 0.0000
-2.5000 5.0000 0.0000
-1.2500 5.0000 0.0000
-0.6250 5.0000 0.0000
-0.3125 5.0000 0.0000
-0.9375 5.0000 0.0000
-1.8750 5.0000 0.0000
-1.5625 5.0000 0.0000
-2.1875 5.0000 0.0000
-3.7500 5.0000 0.0000
-3.1250 5.0000 0.0000
-2.8125 5.0000 0.0000
-3.4375 5.0000 0.0000
-4.3750 5.0000 0.0000
-4.0625 5.0000 0.0000
-4.6875 5.0000 0.0000
5.0000 -5.0000 0.0000
5.0000 0.0000 0.0000
5.0000 -2.5000 0.0000
5.0000 -3.7500 0.0000
5.0000 -4.3750 0.0000
5.0000 -4.6875 0.0000
5.0000 -4.0625 0.0000
5.0000 -3.1250 0.0000
5.0000 -3.4375 0.0000
5.0000 -2.8125 0.0000
5.0000 -1.2500 0.0000
5.0000 -1.8750 0.0000
5.0000 -2.1875 0.0000
5.0000 -1.5625 0.0000
5.0000 -0.6250 0.0000
5.0000 -0.9375 0.0000
5.0000 -0.3125 0.0000
5.0000 2.5000 0.0000
5.0000 1.2500 0.0000
5.0000 0.6250 0.0000
5.0000 0.3125 0.0000
5.0000 0.9375 0.0000
5.0000 1.8750 0.0000
5.0000 1.5625 0.0000
5.0000 2.1875 0.0000
5.0000 3.7500 0.0000
5.0000 3.1250 0.0000
5.0000 2.8125 0.0000
5.0000 3.4375 0.0000
5.0000 4.3750 0.0000
5.0000 4.0625 0.0000
5.0000 4.6875 0.0000
-5.0000 -5.0000 0.0000
0.0000 -5.0000 0.0000
-2.5000 -5.0000 0.0000
-3.7500 -5.0000 0.0000
-4.3750 -5.0000 0.0000
-4.6875 -5.0000 0.0000
-4.0625 -5.0000 0.0000
-3.1250 -5.0000 0.0000
-3.4375 -5.0000 0.0000
-2.8125 -5.0000 0.0000
-1.2500 -5.0000 0.0000
-1.8750 -5.0000 0.0000
-2.1875 -5.0000 0.0000
-1.5625 -5.0000 0.0000
-0.6250 -5.0000 0.0000
-0.9375 -5.0000 0.0000
-0.3125 -5.0000 0.0000
2.5000 -5.0000 0.0000
1.2500 -5.0000 0.0000
0.6250 -5.0000 0.0000
0.3125 -5.0000 0.0000
0.9375 -5.0000 0.0000
1.8750 -5.0000 0.0000
1.5625 -5.0000 0.0000
2.1875 -5.0000 0.0000
3.7500 -5.0000 0.0000
3.1250 -5.0000 0.0000
2.8125 -5.0000 0.0000
3.4375 -5.0000 0.0000
4.3750 -5.0000 0.0000
4.0625 -5.0000 0.0000
4.6875 -5.0000 0.0000
-5.0000 5.0000 0.0000
-5.0000 0.0000 0.0000
-5.0000 2.5000 0.0000
-5.0000 3.7500 0.0000
-5.0000 4.3750 0.0000
-5.0000 4.6875 0.0000
-5.0000 4.0625 0.0000
-5.0000 3.1250 0.0000
-5.0000 3.4375 0.0000
-5.0000 2.8125 0.0000
-5.0000 1.2500 0.0000
-5.0000 1.8750 0.0000
-5.0000 2.1875 0.0000
-5.0000 1.5625 0.0000
-5.0000 0.6250 0.0000
-5.0000 0.9375 0.0000
-5.0000 0.3125 0.0000
-5.0000 -2.5000 0.0000
-5.0000 -1.2500 0.0000
-5.0000 -0.6250 0.0000
-5.0000 -0.3125 0.0000
-5.0000 -0.9375 0.0000
-5.0000 -1.8750 0.0000
-5.0000 -1.5625 0.0000
-5.0000 -2.1875 0.0000
-5.0000 -3.7500 0.0000
-5.0000 -3.1250 0.0000
-5.0000 -2.8125 0.0000
-5.0000 -3.4375 0.0000
-5.0000 -4.3750 0.0000
-5.0000 -4.0625 0.0000
-5.0000 -4.6875 0.0000
-1.3185 1.0127 0.0093
2.2371 -1.4753 0.0026
2.0248 -1.6753 0.0007
2.8855 -1.8359 0.0001
1.8114 -1.8584 0.0002
1.8965 -2.1207 0.0000
1.0240 3.7405 0.0000
-0.5535 0.9288 0.0013
2.8566 1.0688 0.0029
2.8179 0.7539 0.0105
2.5872 1.1482 0.0074
2.6224 0.8984 0.0174
2.9645 -1.3227 0.0004
-2.5530 -0.7720 0.1306
-2.6265 -0.7503 0.1083
-2.7013 -0.8175 0.0637
3.3812 -0.3234 0.0001
-3.3479 -2.3337 0.0000
-3.5470 -2.4799 0.0000
1.0246 -0.7503 0.0024
0.9562 -1.2452 0.0003
-0.3848 1.6463 0.0000
-1.0516 0.8897 0.0060
0.8344 3.2153 0.0000
0.7486 2.9375 0.0000
-1.2517 -1.0252 0.0063
-1.1806 -1.3028 0.0008
-1.4507 -1.2225 0.0047
-1.7182 -0.9285 0.0542
-1.7016 -1.1435 0.0190
-1.6654 -1.3965 0.0039
-3.2158 4.2310 0.0000
-3.3830 3.9875 0.0000
2.3500 0.2325 0.1527
2.3158 0.1425 0.1677
2.2254 0.1224 0.1742
2.4113 0.1610 0.1492
2.3770 0.0697 0.1631
2.2815 0.0476 0.1768
2.2164 -0.0088 0.1793
2.1492 -0.0695 0.1739
2.1100 0.0133 0.1703
4.7716 -3.4196 0.0000
4.5138 -3.4683 0.0000
3.0373 -3.4398 0.0000
3.3939 3.7076 0.0000
2.4051 0.4948 0.0980
2.5891 0.3779 0.0753
2.4343 0.4101 0.1086
2.4869 0.3413 0.1077
2.3908 0.3197 0.1326
2.7868 -1.5624 0.0004
2.6010 -1.8063 0.0002
2.7176 -2.0797 0.0000
4.2496 1.8059 0.0000
4.2556 1.5457 0.0000
4.0062 1.4005 0.0000
3.2642 2.7115 0.0000
3.2530 2.4222 0.0000
-2.3673 0.7923 0.1831
-2.4819 0.6739 0.2082
-2.5311 0.6099 0.2146
-2.5191 0.7679 0.1480
-2.5822 0.7002 0.1475
-2.6934 0.6891 0.0963
-2.6237 0.6094 0.1588
-2.6599 0.5163 0.1671
-2.7076 0.5872 0.1155
-2.7976 0.6184 0.0641
-2.7468 0.5030 0.1123
-1.9285 -1.2618 0.0193
-1.8832 -1.5496 0.0028
-2.1047 -1.7274 0.0011
-2.1384 -1.4403 0.0097
-2.3618 -1.5881 0.0037
-2.0526 -2.0215 0.0001
-2.3288 -1.9090 0.0003
0.8583 2.4168 0.0000
0.4408 -3.1886 0.0000
-4.1049 1.3144 0.0000
4.5024 1.5831 0.0000
4.2665 1.2904 0.0000
4.0078 1.1180 0.0000
-0.5907 -3.5165 0.0000
-0.8674 -3.4451 0.0000
-0.8345 -3.7328 0.0000
-4.7701 -2.3206 0.0000
-0.5934 4.2306 0.0000
-0.6239 -4.5305 0.0000
4.7762 -4.5034 0.0000
4.7632 -4.7651 0.0000
3.1402 1.1465 0.0002
3.9962 1.9634 0.0000
3.9965 1.6851 0.0000
2.9824 1.3729 0.0004
2.3062 4.2696 0.0000
-3.2781 -3.1746 0.0000
-3.4151 -3.4700 0.0000
3.0987 -4.0963 0.0000
1.6021 1.9230 0.0001
1.3211 1.9493 0.0000
0.1116 -2.4234 0.0000
0.0061 -2.6410 0.0000
-2.3086 0.0392 0.6150
-2.4899 -0.0537 0.4740
-2.5853 -0.0643 0.3623
3.3278 -0.8432 0.0001
-1.9405 -2.9253 0.0000
4.7563 -1.7026 0.0000
4.5980 -1.8905 0.0000
4.3239 -1.9909 0.0000
1.4044 2.4365 0.0000
-4.5120 4.3578 0.0000
-1.1921 -3.9081 0.0000
-1.4744 -4.0395 0.0000
-1.7457 -4.2120 0.0000
4.5270 1.0182 0.0000
4.3905 0.7808 0.0000
-2.9436 4.1784 0.0000
-2.9529 3.7995 0.0000
-3.1162 3.9569 0.0000
-3.2771 3.7115 0.0000
-2.1410 0.0514 0.6088
-2.2228 0.0929 0.6204
-2.2175 -0.0025 0.6305
-2.2942 -0.0589 0.6177
-2.3899 -0.0272 0.5698
-2.1979 -0.0941 0.6177
-2.2706 -0.1548 0.5996
-2.3634 -0.1257 0.5718
-2.4463 -0.1314 0.5052
-2.3438 -0.2198 0.5482
-2.3932 -0.3026 0.4780
-2.4715 -0.3094 0.4150
-2.5068 2.1598 0.0000
-2.7201 1.9425 0.0001
1.4895 0.8667 0.0080
-1.7956 0.8584 0.0851
-1.8776 0.8136 0.1202
-1.9120 0.7235 0.1676
-1.9620 0.6461 0.2242
-1.9686 0.8021 0.1496
-2.0213 0.7196 0.2051
-2.0596 0.6238 0.2729
-2.0826 0.5158 0.3516
-1.9991 0.5534 0.2929
-2.0905 0.4200 0.4192
-2.1766 0.4837 0.4001
-2.1703 0.3761 0.4749
-2.0607 0.8034 0.1713
-2.1351 0.7746 0.2001
-2.1116 0.6963 0.2419
-2.1902 0.6619 0.2762
-2.1401 0.5847 0.3211
-2.2340 0.5671 0.3443
-2.2901 0.4915 0.3945
-2.2443 0.4170 0.4532
-2.2677 0.3333 0.5082
-2.3580 0.3053 0.4961
-2.3389 0.4030 0.4432
-2.4454 0.2806 0.4498
-2.3737 0.2018 0.5387
1.8378 -2.5874 0.0000
1.5476 -2.5700 0.0000
1.6823 -2.8284 0.0000
1.3912 -2.8164 0.0000
4.7516 4.5192 0.0000
4.5087 4.3915 0.0000
-2.4831 -2.4082 0.0000
-3.1302 -1.3467 0.0002
-3.3592 -1.5029 0.0000
3.8783 -4.2954 0.0000
-3.1473 -2.8944 0.0000
3.5955 0.7402 0.0000
-2.7198 -2.2833 0.0000
-1.5054 3.7601 0.0000
-1.7856 3.6947 0.0000
-1.9840 3.8961 0.0000
-0.9683 -3.9762 0.0000
-1.0045 -4.2345 0.0000
0.3388 3.3584 0.0000
0.2305 3.0701 0.0000
-0.0080 2.8835 0.0000
0.0351 0.4523 0.0024
-0.2322 0.5378 0.0024
4.0039 -1.2295 0.0000
3.7858 -1.4068 0.0000
2.7141 -0.3971 0.0416
2.5585 -0.3273 0.0910
2.4609 -0.3729 0.1114
2.5534 -0.4584 0.0752
2.4416 -0.4726 0.0981
2.3567 -0.5203 0.1016
-2.9571 -0.6049 0.0206
-3.1462 -0.7683 0.0017
-2.3092 4.7643 0.0000
-2.5824 4.7512 0.0000
2.9329 -3.9160 0.0000
1.1425 3.2076 0.0000
3.5867 -0.0894 0.0000
-0.6573 -2.7039 0.0000
1.8649 -0.0330 0.1167
1.7892 -0.0706 0.0966
1.8962 -0.1154 0.1214
1.8215 -0.1605 0.1001
1.7054 -0.1511 0.0739
1.7231 -0.2926 0.0681
-0.4791 3.0639 0.0000
-2.9287 1.7185 0.0001
1.2110 -3.3817 0.0000
0.9699 -3.5300 0.0000
4.7589 2.3457 0.0000
4.5021 1.8864 0.0000
1.3188 3.0138 0.0000
3.5033 1.6622 0.0000
-2.1433 4.3031 0.0000
-2.2087 4.0517 0.0000
3.0083 2.5690 0.0000
2.9941 2.2549 0.0000
-3.6176 1.4247 0.0000
-3.8170 1.2184 0.0000
-2.1072 0.8829 0.1408
-2.1911 0.8457 0.1669
-2.2813 0.8220 0.1789
-2.2169 0.7446 0.2250
-2.3036 0.7314 0.2288
-2.3687 0.6759 0.2498
-2.4264 0.7362 0.1973
-2.4631 0.5479 0.2874
-2.5628 0.5257 0.2337
-2.2809 0.6467 0.2859
-2.4190 0.6133 0.2705
-2.3419 0.5708 0.3261
-2.3932 0.4851 0.3643
-2.4914 0.4591 0.3193
-2.4323 0.3775 0.4082
-2.5258 0.2942 0.3699
-2.5965 0.4387 0.2448
-2.5252 0.3751 0.3347
-2.6214 0.3434 0.2574
-3.9817 1.7783 0.0000
3.1554 -2.3757 0.0000
-2.1515 -3.1634 0.0000
-2.4021 -3.3121 0.0000
3.2163 4.2533 0.0000
-3.4838 4.5031 0.0000
1.4291 1.1801 0.0024
1.2429 1.0030 0.0027
0.9916 0.8495 0.0023
-4.3301 -1.2726 0.0000
-1.9215 -0.0552 0.4573
-1.9290 -0.1493 0.4475
-2.0129 -0.1507 0.5125
-2.0209 -0.0627 0.5369
-2.1012 -0.1288 0.5748
-2.0753 -0.2289 0.5235
-1.9765 -0.2386 0.4550
-2.1513 -0.2718 0.5350
-2.1741 -0.1851 0.5836
-2.2473 -0.2476 0.5610
-2.0369 -0.3222 0.4542
-2.0777 -0.4265 0.4110
-2.1206 -0.3473 0.4795
-2.2166 -0.3409 0.5052
-2.1757 -0.4272 0.4408
-2.2270 -0.5045 0.3893
3.2304 4.7520 0.0000
-3.9923 -0.3870 0.0000
-4.2557 -0.5085 0.0000
-2.8669 1.4123 0.0013
-0.4226 -1.2099 0.0001
-0.3261 -1.4835 0.0000
4.2826 2.9637 0.0000
3.7649 2.3943 0.0000
3.7448 2.1100 0.0000
-1.6935 0.7777 0.0827
-1.8137 0.7474 0.1256
-1.6748 0.6589 0.1096
-1.7553 0.6791 0.1302
-1.8492 0.6462 0.1785
-1.2687 4.5248 0.0000
-1.1556 4.2632 0.0000
-1.1306 1.4802 0.0004
3.2242 0.3959 0.0006
3.1407 0.1615 0.0018
2.8689 0.0622 0.0214
-0.0947 3.7097 0.0000
-0.1662 3.4453 0.0000
-1.7219 4.7520 0.0000
-4.4894 -0.9757 0.0000
-4.7683 -1.0900 0.0000
-0.3695 3.6449 0.0000
0.6965 -2.0490 0.0000
0.5477 -2.2811 0.0000
0.2689 -2.2106 0.0000
0.3624 -2.4801 0.0000
-3.6637 -2.7393 0.0000
-3.7482 -3.0219 0.0000
-3.9048 -3.2638 0.0000
4.7849 -2.0493 0.0000
4.5349 -2.1783 0.0000
4.4509 -2.4632 0.0000
4.2765 -2.7179 0.0000
3.8311 0.9140 0.0000
3.8707 0.6294 0.0000
-4.2507 -2.0717 0.0000
2.1056 3.4423 0.0000
1.8445 3.6041 0.0000
-4.2720 -4.5030 0.0000
3.6124 -3.0998 0.0000
3.5057 -3.3600 0.0000
3.0938 4.5092 0.0000
2.9270 4.2755 0.0000
0.1237 0.2019 0.0028
0.0486 -0.0299 0.0022
0.1330 -0.5816 0.0006
-0.0442 -0.7830 0.0004
0.0681 -1.0366 0.0002
3.7631 1.5391 0.0000
3.5418 1.3869 0.0000
-3.4624 3.4771 0.0000
-3.7055 3.2803 0.0000
-3.9462 3.1031 0.0000
-3.9049 2.8197 0.0000
3.5743 -4.7526 0.0000
4.7754 4.7844 0.0000
2.0911 0.1132 0.1637
2.0201 0.0381 0.1540
2.0523 -0.0575 0.1598
1.9597 -0.0396 0.1402
0.3339 4.7566 0.0000
0.0843 4.7108 0.0000
-0.1452 4.5268 0.0000
2.2713 0.6799 0.0713
2.4210 0.7819 0.0450
2.4157 0.6073 0.0750
2.3032 0.5577 0.0959
2.1942 0.5730 0.0943
3.7798 4.1785 0.0000
3.5828 3.9470 0.0000
-0.0103 0.7225 0.0013
-0.2771 0.8199 0.0012
0.6501 -1.2059 0.0002
-3.1515 0.3294 0.0037
-3.4220 0.1759 0.0001
-3.9744 -0.1008 0.0000
-0.4220 0.0814 0.0057
-0.4641 -4.7561 0.0000
3.4297 -1.1064 0.0000
1.0078 -3.8083 0.0000
0.7267 -3.6846 0.0000
4.5249 3.1251 0.0000
4.2756 4.2405 0.0000
4.0523 4.0873 0.0000
3.8531 3.8899 0.0000
3.6673 3.6674 0.0000
-3.4208 1.6512 0.0000
4.4581 -2.9720 0.0000
4.2664 -3.2232 0.0000
-1.1565 1.7942 0.0000
-1.3963 1.6022 0.0005
-1.5378 1.1305 0.0121
-1.6629 0.9484 0.0417
-1.8616 0.9845 0.0643
-1.9204 0.8894 0.1035
-1.9918 0.9900 0.0829
-2.0115 0.8900 0.1222
-1.6060 -4.5101 0.0000
-1.7297 -4.7536 0.0000
-1.8966 -4.4892 0.0000
-2.0350 -4.7479 0.0000
-4.7585 -4.2186 0.0000
-0.3358 -0.7203 0.0006
-0.2331 -0.9902 0.0002
-2.6225 -4.7611 0.0000
-0.2134 -2.5170 0.0000
-2.4817 -0.8353 0.1293
-2.5913 -0.8657 0.0857
-2.7190 -1.0172 0.0282
-3.5535 3.7542 0.0000
-3.7572 3.5548 0.0000
-1.5109 -2.2205 0.0000
-1.8287 -1.8388 0.0002
-1.7817 -2.1236 0.0000
-3.6596 -3.6799 0.0000
-3.7070 -3.9346 0.0000
-3.8005 -4.1629 0.0000
-4.0207 -4.3334 0.0000
3.6405 -1.8474 0.0000
3.8146 -2.0243 0.0000
3.5627 -2.1276 0.0000
3.2880 -2.1371 0.0000
0.5150 0.5554 0.0021
0.2534 0.5321 0.0023
-4.2078 0.5860 0.0000
-4.2170 0.3281 0.0000
0.0529 3.2709 0.0000
-0.1279 3.1224 0.0000
-0.2832 2.9213 0.0000
-1.0130 2.3727 0.0000
0.1803 2.0063 0.0000
-1.9884 2.3889 0.0000
-2.2198 2.2467 0.0000
-0.7349 2.9291 0.0000
2.5475 2.9013 0.0000
3.7381 1.8265 0.0000
-3.4519 0.4555 0.0000
-3.6949 0.3200 0.0000
-3.9417 0.4660 0.0000
0.2178 1.0042 0.0005
-0.0339 0.9899 0.0005
2.7012 -2.5849 0.0000
2.4252 -2.6474 0.0000
2.2482 -2.8639 0.0000
-0.6801 4.4952 0.0000
-0.8736 4.2522 0.0000
2.8395 -3.6421 0.0000
1.5735 -0.8330 0.0116
-0.0711 1.2571 0.0002
-0.3142 1.0935 0.0004
-3.1767 -3.6589 0.0000
-3.4131 -3.7696 0.0000
-3.4632 -4.0141 0.0000
-3.5663 -4.2512 0.0000
-4.3066 3.7367 0.0000
-4.2532 4.2214 0.0000
-4.4789 4.0404 0.0000
0.4806 -3.7173 0.0000
3.5145 2.5658 0.0000
-4.0184 1.0291 0.0000
4.5139 2.1997 0.0000
4.1160 -2.4821 0.0000
3.7543 -2.3204 0.0000
3.8483 -2.5402 0.0000
3.0295 1.6807 0.0001
2.7952 1.5944 0.0004
1.5248 -3.8118 0.0000
2.1470 2.6658 0.0000
1.9601 2.4576 0.0000
4.7576 1.4203 0.0000
4.5121 1.2933 0.0000
4.7604 4.2291 0.0000
4.7826 3.9296 0.0000
4.6220 3.7870 0.0000
4.5343 4.0747 0.0000
4.3190 3.9507 0.0000
4.4284 3.7216 0.0000
4.5534 -3.9932 0.0000
4.4597 -4.2592 0.0000
4.3049 -4.5148 0.0000
3.7337 -4.5406 0.0000
3.4001 1.1973 0.0000
-0.2260 3.9192 0.0000
0.0813 -2.0721 0.0000
-0.1727 -2.0051 0.0000
1.2378 0.4395 0.0103
1.2535 0.1760 0.0151
-0.2007 4.7645 0.0000
-4.1914 -1.0248 0.0000
0.8429 3.5898 0.0000
0.6287 3.4446 0.0000
0.5451 3.1712 0.0000
0.4796 2.9211 0.0000
1.4132 -1.0552 0.0029
1.5206 -1.8037 0.0001
1.6050 -2.0748 0.0000
1.7056 -2.3357 0.0000
4.1764 0.5711 0.0000
0.4415 4.2549 0.0000
-2.7254 -0.3109 0.1706
-2.7732 -0.3635 0.1232
-2.6973 -0.4137 0.1699
-2.7766 -0.4712 0.1017
-2.8078 -0.5681 0.0693
-2.8908 -0.8286 0.0189
-3.0593 -1.0484 0.0017
-3.9877 3.3876 0.0000
1.2068 -0.5419 0.0076
1.7093 -3.3588 0.0000
1.4985 -3.5430 0.0000
1.2532 -3.6582 0.0000
2.3429 -0.0220 0.1708
2.2775 -0.0709 0.1767
2.2113 -0.1188 0.1752
2.0919 -0.1467 0.1616
2.1708 -0.1960 0.1661
2.0997 -0.2428 0.1525
1.9931 -0.1314 0.1436
2.0139 -0.2247 0.1395
1.9232 -0.1987 0.1218
2.0381 -0.3258 0.1303
1.9405 -0.2908 0.1156
1.8427 -0.2445 0.0983
1.8483 -0.3563 0.0871
1.9530 -0.3874 0.1043
0.4767 0.8393 0.0013
2.1650 -1.2077 0.0094
1.9628 -1.4056 0.0028
1.7168 -1.5831 0.0006
1.4200 -1.5464 0.0003
-0.2984 -4.5015 0.0000
-4.0575 -1.2482 0.0000
-4.1556 -1.5101 0.0000
1.5384 3.1981 0.0000
-1.8820 -0.4181 0.3075
-1.9816 -0.4122 0.3710
-1.9324 -0.5036 0.2921
-2.0248 -0.4937 0.3439
-2.0333 -0.5592 0.3055
-2.0957 -0.6013 0.2986
-1.9649 -0.5994 0.2534
-2.0257 -0.6634 0.2382
-2.1216 -0.6896 0.2463
-2.1278 -0.5151 0.3672
-2.1917 -0.6094 0.3107
-2.2115 -0.7169 0.2386
-1.9673 -0.7295 0.1842
-2.0503 -0.7602 0.1896
-2.1393 -0.7853 0.1910
-2.1549 -0.8788 0.1433
-2.2284 -0.8189 0.1774
-2.3144 -0.8632 0.1496
-2.2267 -0.9213 0.1260
-2.2870 -0.6606 0.2733
-2.3016 -0.7590 0.2083
-2.3896 -0.7971 0.1715
-2.2979 -1.0859 0.0646
-2.3045 -0.9573 0.1080
-2.3944 -0.9844 0.0891
-2.4039 -0.8941 0.1225
-2.5120 -0.9459 0.0819
-3.3526 -0.9106 0.0001
0.4876 1.9711 0.0000
-4.6885 2.7723 0.0000
-4.7158 2.5476 0.0000
3.7792 -3.3291 0.0000
3.6654 -3.5926 0.0000
-3.9609 0.1832 0.0000
-4.2256 0.0499 0.0000
-4.4970 -0.0689 0.0000
2.0427 4.7705 0.0000
-4.7439 3.0320 0.0000
0.5511 -2.6410 0.0000
0.2467 -2.7280 0.0000
-4.4868 3.2242 0.0000
-4.4623 2.9712 0.0000
2.4232 -1.2482 0.0070
0.8272 4.7489 0.0000
0.5665 4.7440 0.0000
0.1027 4.3927 0.0000
3.2663 -4.7526 0.0000
-2.6267 -3.5066 0.0000
-2.6776 -3.7547 0.0000
-2.4246 -3.8077 0.0000
-2.5557 -4.0344 0.0000
-2.8490 -3.9951 0.0000
-3.3501 1.3432 0.0000
-3.5408 1.1237 0.0000
0.1803 -2.9985 0.0000
0.1831 -3.2983 0.0000
-2.0739 3.6206 0.0000
-2.1439 3.3454 0.0000
-1.1009 4.7616 0.0000
-1.0850 0.1873 0.0362
-1.0811 -0.0246 0.0373
-1.2273 0.0425 0.0643
-1.1546 -0.2089 0.0435
-1.2737 -0.0894 0.0745
-1.3884 -0.0945 0.1096
-1.3163 -0.2051 0.0804
-1.4144 -0.1842 0.1141
-3.9236 -1.7169 0.0000
-4.0262 -1.9502 0.0000
-4.7566 3.9125 0.0000
-3.9603 -0.9421 0.0000
-2.6756 4.2362 0.0000
-2.7720 3.9551 0.0000
-0.2429 2.6575 0.0000
-0.5217 2.7627 0.0000
0.8069 -1.4491 0.0001
0.6014 -1.5466 0.0000
0.7189 -1.7934 0.0000
0.4548 -1.7464 0.0000
0.4333 -2.0063 0.0000
4.2772 1.0413 0.0000
-3.9245 -3.5588 0.0000
-3.9459 -3.8253 0.0000
-4.0383 -4.0479 0.0000
-4.2766 -4.2156 0.0000
0.6861 2.1825 0.0000
-1.1270 -3.3066 0.0000
-1.1122 -3.6331 0.0000
-1.3658 -3.4627 0.0000
-1.4097 -3.7509 0.0000
-0.5009 -2.4772 0.0000
-0.6387 -2.2054 0.0000
-0.4915 -4.3009 0.0000
3.0020 -2.6149 0.0000
2.8707 -2.8626 0.0000
0.6713 -0.4230 0.0019
0.5082 -0.2638 0.0016
0.3222 -0.4305 0.0010
-4.5101 3.4852 0.0000
-4.1865 1.5888 0.0000
2.4814 4.1009 0.0000
-4.7540 3.3122 0.0000
-1.5722 4.5224 0.0000
-1.6703 4.2540 0.0000
2.3121 -0.2556 0.1564
2.2939 -0.3489 0.1426
2.3682 -0.4124 0.1223
2.2806 -0.4480 0.1235
2.1893 -0.4661 0.1199
2.1689 -0.5554 0.0990
1.9958 -0.5200 0.0878
2.2624 -0.5465 0.1024
2.2078 -0.6623 0.0768
2.0745 -0.6232 0.0768
-3.3250 2.5435 0.0000
-1.4268 1.8988 0.0001
-1.7033 1.9909 0.0001
-1.9498 1.8325 0.0006
-1.6650 1.7087 0.0006
-1.6356 1.4082 0.0039
-1.7728 1.1524 0.0244
-1.9092 1.5684 0.0033
0.9917 2.1520 0.0000
3.1531 -2.8816 0.0000
-0.9269 3.1490 0.0000
2.7906 4.5250 0.0000
2.6390 4.2990 0.0000
0.9619 -3.2438 0.0000
0.6990 -3.3967 0.0000
-2.9711 1.0271 0.0037
-2.8342 0.8136 0.0280
-3.1179 0.8128 0.0017
-2.9786 0.5714 0.0167
-3.2597 0.5994 0.0004
4.7626 2.9692 0.0000
-1.3718 -3.1545 0.0000
-1.6168 -3.3146 0.0000
-1.8871 -3.1975 0.0000
1.7433 -0.4730 0.0540
1.5821 -0.4178 0.0363
1.4751 -0.5940 0.0172
-3.4412 -4.4948 0.0000
-3.7063 0.0386 0.0000
-3.7261 -0.2497 0.0000
-4.2273 3.2041 0.0000
-4.1876 2.9242 0.0000
-4.4708 -1.5548 0.0000
-2.7604 0.1862 0.1585
-4.5025 -4.7079 0.0000
0.1835 1.2613 0.0002
2.3363 4.7495 0.0000
4.7558 -1.0894 0.0000
4.7600 -1.3956 0.0000
4.5196 -1.5407 0.0000
4.4047 -1.7406 0.0000
-1.0976 1.1767 0.0019
-2.3707 3.5364 0.0000
-2.4173 3.2626 0.0000
-2.6901 3.1480 0.0000
-2.9386 3.2947 0.0000
1.2677 -2.5442 0.0000
1.1168 -2.7719 0.0000
0.9582 -2.9675 0.0000
4.5499 -0.4622 0.0000
4.2629 -0.4799 0.0000
4.2399 -0.8388 0.0000
0.1998 -1.8619 0.0000
4.2882 -4.0149 0.0000
4.1665 -4.2735 0.0000
-0.1339 -1.2541 0.0001
-0.0430 -1.5224 0.0000
-2.4465 -3.0476 0.0000
0.2767 -0.1510 0.0014
1.2637 -4.2451 0.0000
1.0238 -4.3514 0.0000
0.7514 -3.9629 0.0000
0.7661 -4.2447 0.0000
0.5076 -4.2488 0.0000
0.3525 3.9378 0.0000
0.3935 3.6574 0.0000
0.1241 3.5404 0.0000
-1.6703 0.4053 0.1829
-1.7594 0.3839 0.2404
-1.7888 0.2858 0.2937
-1.8563 0.2349 0.3612
-1.9664 0.1096 0.4858
-1.9765 0.0219 0.5054
-2.0582 0.0324 0.5658
-2.1208 -0.0387 0.6014
-3.6983 1.7080 0.0000
-3.8988 1.5028 0.0000
1.2408 0.7206 0.0054
3.0784 -0.0961 0.0035
4.5238 2.8147 0.0000
2.9442 4.7599 0.0000
3.5989 -2.6165 0.0000
3.4451 -2.8714 0.0000
-4.0379 2.0743 0.0000
-2.7034 4.4849 0.0000
-2.9553 4.4438 0.0000
-3.2198 4.4791 0.0000
-2.1912 0.2841 0.5373
-2.2847 0.2403 0.5593
-2.2084 0.1879 0.5885
-2.3001 0.1419 0.5965
-2.3879 0.0970 0.5618
-2.4570 0.1908 0.4767
-2.4790 0.1139 0.4762
-2.4628 0.0333 0.5040
3.7001 4.4714 0.0000
3.5019 4.2269 0.0000
4.0952 0.8321 0.0000
3.7597 3.3910 0.0000
4.7543 0.4665 0.0000
4.7890 0.1603 0.0000
4.4787 0.5340 0.0000
4.5321 0.2632 0.0000
4.3362 0.0324 0.0000
-0.0376 -3.7326 0.0000
1.1077 4.7320 0.0000
-3.4868 4.2603 0.0000
-2.8779 -3.4558 0.0000
-2.9344 -3.7140 0.0000
-3.1540 -3.9570 0.0000
-4.2433 -0.2278 0.0000
-4.5074 -0.3551 0.0000
-4.7565 -0.4835 0.0000
-0.4458 0.3684 0.0044
-0.6648 0.2189 0.0090
-0.8819 0.0847 0.0183
-0.6767 -0.0618 0.0099
-0.9093 -0.1728 0.0190
-4.5272 2.2434 0.0000
-4.5143 1.9694 0.0000
-4.7625 2.3091 0.0000
-4.7666 2.0422 0.0000
-4.7468 1.7657 0.0000
-1.6692 3.1827 0.0000
1.9202 0.0485 0.1308
1.8227 0.0460 0.1060
-0.0727 -3.1622 0.0000
-0.0729 -3.4458 0.0000
-0.3104 -3.6111 0.0000
-2.9999 2.0032 0.0000
-3.2788 2.0260 0.0000
-0.3500 -2.2410 0.0000
-3.4525 -2.9450 0.0000
-3.5561 -3.2045 0.0000
-3.6926 -3.4059 0.0000
-0.9581 -2.6847 0.0000
-1.1272 -2.9682 0.0000
2.7103 1.3376 0.0021
2.3721 1.2798 0.0062
-1.6348 -3.5968 0.0000
-1.6906 -3.8913 0.0000
-1.9600 -3.9875 0.0000
-1.0028 -0.3905 0.0198
-0.8909 -0.6101 0.0080
-1.1607 -0.5934 0.0223
1.4137 1.7132 0.0002
1.1786 1.6019 0.0002
2.3299 0.4709 0.1123
2.3380 0.3940 0.1271
2.2447 0.4740 0.1166
2.1606 0.4753 0.1147
2.1607 0.3904 0.1325
2.2460 0.3880 0.1347
2.1870 0.2943 0.1516
2.1029 0.2475 0.1515
-3.9034 4.7659 0.0000
-4.0235 4.5186 0.0000
-1.8815 -3.4475 0.0000
2.6869 -1.2831 0.0027
2.5102 -1.5245 0.0015
0.8316 4.5055 0.0000
-2.6004 -2.8663 0.0000
-2.6741 -2.6103 0.0000
-3.6169 -4.7364 0.0000
-3.8860 -4.7838 0.0000
-1.3160 -1.7937 0.0000
-1.3868 -1.5003 0.0006
-1.6025 -1.6746 0.0004
-1.5413 -1.9542 0.0000
-2.4530 2.9960 0.0000
-2.4984 2.6678 0.0000
-2.3672 2.4480 0.0000
-2.3865 -1.3110 0.0198
-2.6512 -1.4961 0.0033
-2.8332 -1.7481 0.0002
-0.6593 2.0494 0.0000
-0.9096 1.8882 0.0000
-2.0037 2.8447 0.0000
-2.2904 2.7969 0.0000
2.0270 4.2182 0.0000
-1.5848 0.5872 0.0993
-1.6327 0.4942 0.1402
-1.4914 0.8432 0.0346
-1.5849 0.7017 0.0741
-1.6782 0.5758 0.1352
-1.7367 0.4882 0.1903
0.2304 0.7539 0.0013
-2.5355 0.2072 0.3912
-2.6085 0.2499 0.2993
-2.6508 0.1692 0.2713
-2.6318 0.0779 0.3054
-2.7188 0.0958 0.2072
-2.7471 -0.0670 0.1809
-2.8198 -0.0679 0.1179
-2.8681 -0.1348 0.0827
-2.3958 -2.6925 0.0000
3.0110 -3.1500 0.0000
2.7824 -3.3618 0.0000
3.3690 -3.6254 0.0000
3.1110 -3.7040 0.0000
-1.2316 -4.4761 0.0000
-1.4101 -4.7220 0.0000
-1.1158 3.3505 0.0000
-1.1946 3.0699 0.0000
-1.2701 2.7945 0.0000
1.2514 2.1862 0.0000
3.5484 -3.8496 0.0000
3.2679 -3.9135 0.0000
-0.2830 -1.7439 0.0000
-0.4615 -1.9749 0.0000
4.0270 -4.5300 0.0000
3.0381 -0.8094 0.0016
1.2907 -3.9537 0.0000
1.0198 -4.0801 0.0000
2.0420 0.1875 0.1493
1.9790 0.1218 0.1418
2.0723 0.4388 0.1142
2.0869 0.3389 0.1351
1.9954 0.3723 0.1148
2.0107 0.2791 0.1324
1.9449 0.2110 0.1268
1.9169 0.3102 0.1085
1.8543 0.2344 0.1030
1.7680 0.2208 0.0837
1.8755 0.1389 0.1159
1.7741 0.1274 0.0911
2.2480 2.4129 0.0000
-4.4787 0.1975 0.0000
-0.4776 4.7259 0.0000
2.4687 2.6201 0.0000
2.4035 -0.0937 0.1570
2.3329 -0.1377 0.1671
2.2663 -0.1856 0.1686
2.2194 -0.2756 0.1574
2.1388 -0.3120 0.1468
2.2079 -0.3756 0.1395
2.1135 -0.3997 0.1280
2.0954 -0.4955 0.1060
2.0263 -0.4276 0.1104
1.8864 -0.4848 0.0763
1.0530 4.4514 0.0000
1.3173 4.5050 0.0000
-4.7405 -1.7159 0.0000
2.5683 -0.1350 0.1047
2.5395 -0.2227 0.1081
2.4632 -0.2702 0.1257
2.3833 -0.3147 0.1373
-3.6311 -1.6237 0.0000
-3.6995 -1.9037 0.0000
2.7395 0.4906 0.0311
-3.4044 -1.8180 0.0000
-3.5128 -2.1065 0.0000
-4.7742 -4.7824 0.0000
3.0192 2.8751 0.0000
2.7629 2.7300 0.0000
0.9414 -0.4756 0.0037
0.7520 -0.6972 0.0013
0.5573 -0.9086 0.0004
-2.1280 -3.4474 0.0000
-2.3767 -3.5748 0.0000
4.0009 -1.5136 0.0000
4.1883 -1.6893 0.0000
3.8924 -1.7391 0.0000
-4.3050 -2.3568 0.0000
-4.5483 -2.4642 0.0000
-4.7728 -2.6290 0.0000
-4.6040 -2.7782 0.0000
-2.8263 2.2251 0.0000
-2.6439 3.4224 0.0000
3.4646 -2.3852 0.0000
3.2996 -2.6263 0.0000
-2.9962 -4.2366 0.0000
-3.2789 -4.2389 0.0000
1.8729 1.8716 0.0002
1.6970 1.6447 0.0007
-4.7548 -0.1712 0.0000
-1.1083 2.6109 0.0000
0.2897 2.4881 0.0000
0.0854 2.2842 0.0000
2.2817 -3.4986 0.0000
2.0737 -3.0819 0.0000
1.9909 -3.3877 0.0000
2.0737 -3.6881 0.0000
-3.5906 -1.0313 0.0000
4.2762 2.6690 0.0000
2.5126 2.3224 0.0000
2.3144 2.1369 0.0001
0.7396 4.2487 0.0000
0.9909 4.1901 0.0000
0.9095 -2.6255 0.0000
0.7490 -2.8114 0.0000
0.4703 -2.9118 0.0000
3.3219 -0.0558 0.0002
-0.6703 3.6749 0.0000
4.2592 0.3065 0.0000
3.7668 0.1353 0.0000
1.7294 4.0940 0.0000
0.5994 -4.5072 0.0000
0.4505 -4.7452 0.0000
-3.8223 -1.1489 0.0000
0.5772 2.4315 0.0000
0.3792 2.2227 0.0000
0.2358 2.7731 0.0000
0.0218 2.5777 0.0000
-4.7416 0.7406 0.0000
1.2775 2.7254 0.0000
-3.2037 1.7947 0.0000
-3.1407 1.5268 0.0000
2.4723 4.4991 0.0000
1.6876 -3.9794 0.0000
-2.8227 -2.9595 0.0000
-2.6866 -3.2082 0.0000
0.7442 2.6865 0.0000
0.4950 2.6807 0.0000
-3.1683 3.0676 0.0000
-3.2275 3.3490 0.0000
-3.4418 3.1656 0.0000
-3.6677 2.9904 0.0000
-3.3855 2.8645 0.0000
-3.6194 2.7092 0.0000
2.0000 -4.2022 0.0000
1.7541 -4.2353 0.0000
1.9871 -4.4639 0.0000
1.7381 -4.4789 0.0000
1.6737 -4.7364 0.0000
1.3920 -4.7436 0.0000
1.4862 -4.4531 0.0000
1.2124 -4.5276 0.0000
0.7564 -4.7668 0.0000
-1.6911 -2.4020 0.0000
-2.0666 -2.6922 0.0000
-0.1668 0.2486 0.0036
4.0254 2.5302 0.0000
0.7966 1.9348 0.0000
3.6960 4.7415 0.0000
3.4842 4.7468 0.0000
-1.7154 -2.7618 0.0000
-1.6529 -3.0353 0.0000
-1.0773 -0.8251 0.0078
4.5193 2.5078 0.0000
-1.9881 -2.3268 0.0000
-1.8714 -2.5745 0.0000
4.2840 3.2594 0.0000
4.0325 3.0963 0.0000
0.4453 -3.4619 0.0000
0.1978 -3.5829 0.0000
-1.8746 4.4768 0.0000
1.4554 4.0048 0.0000
1.3767 3.7310 0.0000
4.6086 -0.0043 0.0000
4.7563 -0.1995 0.0000
4.4536 -0.2356 0.0000
4.7681 -0.4873 0.0000
2.7733 -0.8002 0.0113
2.5333 -0.7757 0.0356
2.5794 -1.0076 0.0133
-3.8738 2.5373 0.0000
-3.9617 2.3088 0.0000
-4.2080 2.3980 0.0000
-0.5401 -3.7907 0.0000
-0.7216 -4.0174 0.0000
-0.7502 -4.2658 0.0000
1.0718 -4.7497 0.0000
0.8817 -4.5382 0.0000
-4.7725 4.7784 0.0000
-4.7474 4.5073 0.0000
-1.5225 -0.5352 0.0983
-1.5138 -0.6516 0.0710
-1.6351 -0.6662 0.1020
-1.5790 -0.7935 0.0569
-1.6921 -0.7566 0.0930
-1.6094 -0.5687 0.1200
-1.6110 -0.4793 0.1442
-1.7126 -0.4980 0.1827
-1.6866 -0.5875 0.1429
-1.7320 -0.6770 0.1298
-1.8069 -0.7425 0.1302
-1.7582 -0.8061 0.0954
-1.8390 -0.8545 0.0989
-1.9071 -0.8972 0.0983
-1.8241 -0.4966 0.2382
-1.7752 -0.5790 0.1813
-1.8730 -0.5790 0.2241
-1.8237 -0.6593 0.1683
-1.9067 -0.6745 0.1916
-1.8844 -0.7748 0.1398
-1.9682 -0.8269 0.1384
-2.0013 -0.9341 0.1009
-1.8816 -1.0278 0.0559
-2.0633 -0.8547 0.1440
-2.1048 -0.9481 0.1082
-2.0539 -1.0677 0.0633
-2.1875 -1.0089 0.0901
-2.1690 -1.2065 0.0365
-0.4215 2.2108 0.0000
3.4096 -4.5108 0.0000
3.0980 -4.4979 0.0000
2.9639 -4.7476 0.0000
-3.7441 -0.5383 0.0000
-2.2067 -2.4959 0.0000
-3.1579 -2.5547 0.0000
-3.3750 -2.6822 0.0000
-3.6555 4.0263 0.0000
-3.8329 3.8208 0.0000
-4.2837 2.1625 0.0000
1.6794 0.6827 0.0259
1.4624 0.5823 0.0164
1.9609 -2.8377 0.0000
1.8022 -3.1089 0.0000
1.5350 -3.0600 0.0000
1.2293 -3.0742 0.0000
1.4487 -3.2864 0.0000
-4.2389 0.8529 0.0000
-4.4746 0.6716 0.0000
-0.4870 2.4904 0.0000
-0.7172 2.3290 0.0000
-0.7955 -2.4399 0.0000
-0.3605 4.1392 0.0000
-0.5152 3.9024 0.0000
-0.1299 4.2523 0.0000
4.2707 2.3725 0.0000
4.7689 -2.6333 0.0000
4.7385 -2.9328 0.0000
0.7466 0.7025 0.0022
2.1800 -3.9780 0.0000
1.7810 -3.6531 0.0000
1.9082 -3.9227 0.0000
-2.8963 -2.1015 0.0000
-3.0770 -2.2631 0.0000
-2.8903 -2.4469 0.0000
-2.9191 -2.7234 0.0000
1.6722 3.8052 0.0000
3.9576 4.6917 0.0000
1.7275 0.0041 0.0827
1.6458 0.1186 0.0626
1.4685 0.1170 0.0343
1.5807 -0.0446 0.0522
1.3645 -0.3475 0.0190
-4.4058 1.4089 0.0000
4.7341 -3.1893 0.0000
3.4799 0.5052 0.0000
3.4643 0.2038 0.0000
4.1807 -2.9901 0.0000
3.9165 -3.0633 0.0000
2.2220 0.8502 0.0411
2.1004 0.6908 0.0644
2.0890 0.5413 0.0945
1.8294 0.5351 0.0581
1.9802 0.5755 0.0741
1.9844 0.4712 0.0947
1.8946 0.4200 0.0872
1.6639 0.4581 0.0427
1.7978 0.3493 0.0772
1.6501 0.2704 0.0554
1.4669 0.3309 0.0275
-3.7512 -4.4765 0.0000
1.5180 4.2832 0.0000
1.2551 4.2233 0.0000
1.1729 3.9440 0.0000
0.7247 0.9776 0.0012
0.4673 1.1522 0.0004
4.7768 -3.9225 0.0000
4.7440 -4.2219 0.0000
4.5623 -4.4952 0.0000
2.5920 0.6610 0.0412
2.5263 0.4923 0.0755
-4.0413 3.6848 0.0000
-4.2594 3.4766 0.0000
-3.6074 4.7616 0.0000
-3.7533 4.5169 0.0000
1.7327 4.7621 0.0000
1.5959 4.5437 0.0000
1.4152 4.7654 0.0000
2.5167 1.5231 0.0016
2.2474 1.5248 0.0021
-1.8983 -3.7026 0.0000
-2.1463 -3.7418 0.0000
-2.2485 -4.0244 0.0000
2.6561 -0.2315 0.0690
2.6492 -3.8449 0.0000
2.4596 -4.0441 0.0000
3.2445 -1.3535 0.0000
-3.8566 -2.1040 0.0000
-0.0038 4.0389 0.0000
4.0070 -4.0380 0.0000
-2.9116 2.9772 0.0000
-2.8283 2.6879 0.0000
-3.1148 2.7619 0.0000
3.4020 4.4969 0.0000
-4.4952 -1.8734 0.0000
-4.5204 -2.1694 0.0000
2.7380 3.3131 0.0000
2.5345 3.1630 0.0000
-0.8269 1.0487 0.0015
-0.7855 0.7662 0.0041
-0.7999 -0.8773 0.0018
-0.9823 -1.0960 0.0011
-0.7054 -1.1556 0.0002
-0.6191 -1.4312 0.0000
2.7512 2.4461 0.0000
2.7375 2.1445 0.0000
3.9947 -2.7659 0.0000
3.7363 -2.8436 0.0000
1.8990 -0.6409 0.0531
1.7100 -0.6445 0.0323
2.0306 -0.7683 0.0468
1.8395 -0.8653 0.0215
1.6667 -1.0687 0.0060
2.8597 -1.0536 0.0027
3.2931 3.2505 0.0000
3.2675 2.9953 0.0000
-1.1103 -1.5881 0.0001
-1.0369 -1.8793 0.0000
-1.2405 -2.1053 0.0000
0.6091 0.2263 0.0023
0.3699 0.0604 0.0018
-0.7385 4.0098 0.0000
-1.0513 4.0072 0.0000
-0.8799 3.8013 0.0000
-1.0338 3.6231 0.0000
-1.2197 3.8067 0.0000
-0.8316 3.4482 0.0000
-1.3191 3.5432 0.0000
-1.5778 0.4142 0.1372
-1.6049 0.3230 0.1706
-1.6966 0.3098 0.2250
-1.5568 0.2319 0.1642
-1.6459 0.2228 0.2146
-1.7325 0.2209 0.2718
-1.7921 0.1697 0.3283
-1.6987 0.1247 0.2660
-1.7951 0.0790 0.3461
-1.8767 0.1377 0.4048
-1.8181 -0.0141 0.3704
-1.8889 0.0437 0.4295
-1.3397 0.1092 0.0915
-1.4360 0.0737 0.1263
-1.3609 0.0034 0.1013
-1.4582 -0.0173 0.1378
-1.4843 -0.1086 0.1471
-1.5787 -0.1246 0.1930
-1.5118 -0.1999 0.1524
-1.4471 -0.2728 0.1174
-1.6072 -0.2173 0.1981
-1.5462 -0.2903 0.1561
-1.5781 -0.3853 0.1524
-1.6993 -0.2370 0.2502
-1.6404 -0.3122 0.1986
-1.6762 -0.4058 0.1935
-1.7356 -0.3297 0.2494
-1.7770 -0.4158 0.2451
4.0569 0.0791 0.0000
4.1611 -0.1998 0.0000
3.8692 -0.1421 0.0000
3.6756 -0.3708 0.0000
-1.5964 3.4740 0.0000
-1.8689 3.4088 0.0000
-1.9284 3.1212 0.0000
-2.1944 3.0693 0.0000
-1.9775 2.1024 0.0001
-2.2265 1.9649 0.0003
-2.4560 1.8345 0.0006
-2.6718 1.6447 0.0011
-2.1853 1.6628 0.0027
-2.4106 1.5459 0.0049
-2.3495 1.3238 0.0199
-2.4981 1.1770 0.0322
-2.6124 1.3731 0.0076
-3.9498 4.0417 0.0000
-4.1845 3.9561 0.0000
-2.8175 0.1080 0.1176
-2.7732 0.0198 0.1576
-2.9151 0.0098 0.0593
-0.3887 4.4444 0.0000
-0.6201 -0.6504 0.0025
-3.9424 -2.7812 0.0000
-4.2349 -2.8584 0.0000
-4.0299 -3.0466 0.0000
-4.2523 -3.1635 0.0000
-4.4768 -2.9870 0.0000
-4.5011 -3.2354 0.0000
2.2897 0.3055 0.1481
2.2500 0.2170 0.1638
2.1566 0.1809 0.1655
2.1725 0.0668 0.1756
1.2165 -1.7596 0.0000
0.9896 -1.9597 0.0000
0.8687 -2.2489 0.0000
0.7220 -2.4612 0.0000
-3.4458 0.8118 0.0000
-3.6763 0.6253 0.0000
-0.5028 0.6520 0.0029
-0.7198 0.4993 0.0070
-0.9024 0.3408 0.0163
-3.4985 -0.7018 0.0000
2.3477 1.7904 0.0005
2.0593 1.6911 0.0009
-3.3436 -1.1901 0.0000
-3.5942 -1.3301 0.0000
-2.8289 3.5910 0.0000
-3.0930 3.5600 0.0000
-1.3553 -0.2990 0.0833
-1.4831 -0.3543 0.1194
-1.3997 -0.4036 0.0833
-1.3767 -0.5496 0.0562
-1.5039 -0.4476 0.1102
-2.5601 0.1296 0.3827
-2.5558 0.0279 0.3998
-2.6692 -0.0034 0.2653
-2.6623 -0.1036 0.2680
-2.7351 -0.1514 0.1863
-2.8004 -0.1721 0.1272
-2.7793 -0.2530 0.1353
-2.8548 -0.2707 0.0819
-2.8730 -0.3953 0.0613
3.9464 -0.9348 0.0000
3.7225 -1.1384 0.0000
3.5175 -1.3678 0.0000
3.6455 -1.6158 0.0000
3.3653 -1.6280 0.0000
0.1311 3.8262 0.0000
-0.0766 -2.2824 0.0000
1.0762 -0.0100 0.0088
0.8462 -0.2003 0.0040
0.6097 -0.0615 0.0023
0.9982 0.5670 0.0038
2.3030 2.8939 0.0000
3.7185 -4.0707 0.0000
3.5860 -4.3259 0.0000
1.5258 2.1835 0.0000
4.2528 -3.5029 0.0000
4.1422 -3.7748 0.0000
3.9772 0.3541 0.0000
3.7034 0.4100 0.0000
-0.9925 2.8602 0.0000
2.5164 2.0106 0.0001
2.1287 1.9608 0.0002
-2.2587 -2.2113 0.0000
-1.0105 0.6075 0.0135
-1.1162 0.3895 0.0315
-1.2644 0.7572 0.0205
-1.2881 0.3562 0.0595
-1.2573 0.5457 0.0368
-1.4444 0.6256 0.0568
-1.5281 0.5023 0.0998
-1.4143 0.4594 0.0752
-1.4997 0.4006 0.1102
-1.4209 0.3345 0.0951
-1.5164 0.3211 0.1309
0.5062 -3.9827 0.0000
-2.9920 -0.1911 0.0284
-3.2460 -0.2459 0.0012
-3.0741 -0.4222 0.0093
-3.2747 -0.5662 0.0005
-1.3973 3.2675 0.0000
-1.4674 2.9850 0.0000
-1.7204 2.8743 0.0000
-0.6251 1.4880 0.0001
-3.2372 -2.0436 0.0000
-0.2599 -3.9032 0.0000
-0.4706 -4.0621 0.0000
-3.7323 -0.8238 0.0000
-4.5628 1.2100 0.0000
-4.7843 1.3166 0.0000
-4.7718 1.0372 0.0000
3.1428 -1.0804 0.0002
-2.3847 -4.2733 0.0000
-2.5397 -4.5155 0.0000
-2.8573 -4.7375 0.0000
0.8914 1.6724 0.0001
2.3910 1.0036 0.0209
2.1667 1.0892 0.0153
1.9028 1.1462 0.0082
2.0144 0.8995 0.0278
1.9015 0.7196 0.0416
-0.0837 -2.8677 0.0000
-0.3541 -2.7527 0.0000
1.0893 1.8787 0.0000
2.5611 -2.3234 0.0000
2.3323 -2.4043 0.0000
2.1352 -2.5949 0.0000
-0.5710 -2.9804 0.0000
-0.8291 -2.9278 0.0000
-0.8874 -3.1644 0.0000
2.4209 -2.0526 0.0001
2.2033 -2.2081 0.0000
2.0039 -2.3618 0.0000
4.7618 2.6570 0.0000
-1.8272 2.6095 0.0000
-2.1447 2.5869 0.0000
2.7143 -3.0964 0.0000
2.5108 -3.3031 0.0000
-2.2930 3.7973 0.0000
1.9348 3.9346 0.0000
3.0234 3.2077 0.0000
2.7938 3.0316 0.0000
1.0257 2.9462 0.0000
0.9955 2.6843 0.0000
1.5614 2.9008 0.0000
1.5538 2.6512 0.0000
-1.4255 4.2860 0.0000
-1.3829 4.0348 0.0000
-1.6826 3.9853 0.0000
-2.5369 -0.1451 0.4069
-2.4379 -0.2146 0.4860
-2.5280 -0.2320 0.3924
-2.5581 -0.3326 0.3240
-2.6199 -0.1713 0.3064
-2.6151 -0.2580 0.2910
-2.6531 -0.3365 0.2303
-2.6979 -0.2246 0.2126
-0.6430 1.7707 0.0000
2.6373 4.7552 0.0000
1.7037 -1.3208 0.0023
1.4756 -1.3181 0.0011
1.2351 -1.2604 0.0006
1.1375 -1.4840 0.0002
0.9407 -1.6635 0.0000
1.9062 4.5476 0.0000
1.7946 4.3535 0.0000
-3.8596 -1.4431 0.0000
-3.6199 2.4469 0.0000
-3.7195 2.2095 0.0000
3.0274 4.0130 0.0000
0.5808 4.5015 0.0000
0.3214 4.5010 0.0000
0.2131 4.1592 0.0000
-4.5789 -1.2621 0.0000
-4.7644 -1.4254 0.0000
-2.4835 -1.0955 0.0477
-2.6217 -1.2462 0.0151
-2.8640 -1.2608 0.0037
-2.9552 -1.5327 0.0004
2.0477 3.1842 0.0000
2.0392 2.9195 0.0000
3.2719 2.1408 0.0000
3.0873 1.9807 0.0000
2.8516 1.9159 0.0001
2.6377 1.7907 0.0003
3.7828 3.1533 0.0000
3.7739 2.9212 0.0000
3.7635 1.2405 0.0000
3.6114 1.0428 0.0000
0.2388 -1.5823 0.0000
-0.0262 -1.7695 0.0000
-3.1627 -1.6852 0.0000
-3.0379 -1.8968 0.0000
-3.3211 4.7518 0.0000
2.0794 1.3345 0.0047
1.9168 1.5043 0.0018
1.7189 1.3451 0.0025
1.6289 1.1035 0.0051
3.2726 1.7930 0.0000
0.8554 3.9466 0.0000
-0.7911 4.7535 0.0000
-0.9743 4.5111 0.0000
3.0665 0.8635 0.0012
3.0061 0.5656 0.0040
2.9294 0.3182 0.0112
3.4254 -1.8910 0.0000
3.1629 -1.8638 0.0000
3.0069 -2.1083 0.0000
2.8586 -2.3492 0.0000
-3.1360 -4.5007 0.0000
-3.0683 -4.7564 0.0000
-3.3267 -4.7488 0.0000
1.7705 0.9050 0.0160
-0.6702 3.2186 0.0000
0.7050 -3.1013 0.0000
0.0451 -0.3025 0.0011
-0.1465 -0.5144 0.0008
-0.4296 -0.4489 0.0025
-3.6951 -2.2720 0.0000
-3.8490 -2.4958 0.0000
-4.0359 -2.2810 0.0000
-4.1348 -2.5699 0.0000
-4.3972 -2.6581 0.0000
-4.5269 3.7623 0.0000
-4.7646 3.6070 0.0000
-0.8921 1.6181 0.0001
-0.8655 1.3333 0.0004
-1.3541 1.3105 0.0023
-0.1814 -0.0109 0.0034
-0.2156 -0.2442 0.0023
2.5673 -3.5705 0.0000
2.3640 -3.7695 0.0000
-4.7474 4.2045 0.0000
-0.1942 2.3734 0.0000
-0.1220 2.0755 0.0000
-4.7516 -4.5153 0.0000
-2.5150 -2.1104 0.0000
-3.1418 2.2693 0.0000
-3.4311 2.2499 0.0000
-1.0986 -4.7465 0.0000
-2.3075 -0.3209 0.5077
-2.3786 -0.3929 0.4324
-2.4211 -0.4738 0.3569
-2.2779 -0.4168 0.4500
-2.3357 -0.4960 0.3796
-2.2796 -0.5723 0.3364
-2.3684 -0.5928 0.3014
-2.4471 -0.5519 0.2934
-2.4820 -0.3973 0.3610
-2.5180 -0.4864 0.2857
-2.5393 -0.5856 0.2206
-2.3764 -0.6958 0.2325
-2.4566 -0.6428 0.2346
-2.4657 -0.7377 0.1796
-2.5478 -0.6784 0.1721
-2.5958 -0.4203 0.2536
-2.6077 -0.5102 0.2077
-2.6284 -0.5951 0.1608
-2.6862 -0.4986 0.1544
-2.7042 -0.5770 0.1208
-2.7479 -0.6864 0.0739
-2.6358 -0.6728 0.1294
-4.2700 -3.9276 0.0000
-4.5168 -4.0673 0.0000
0.6078 1.7237 0.0000
0.3468 1.7182 0.0000
0.0776 1.7796 0.0000
0.4173 1.4372 0.0001
0.1339 1.5213 0.0000
-3.5204 1.9434 0.0000
-3.7981 1.9763 0.0000
-4.4893 0.4373 0.0000
-2.6943 0.4267 0.1680
-2.7141 0.3350 0.1744
-2.8184 0.4841 0.0753
-2.7749 0.3926 0.1160
-2.8988 0.3667 0.0510
-2.6948 0.2539 0.2093
-2.7926 0.2798 0.1208
-2.9310 0.1923 0.0478
-2.9955 2.4852 0.0000
1.3210 -2.0113 0.0000
1.1487 -2.2068 0.0000
1.4060 -2.3032 0.0000
1.0567 -2.4386 0.0000
4.2309 3.5482 0.0000
4.0240 3.3549 0.0000
4.4972 -4.7491 0.0000
4.1978 -4.7664 0.0000
-0.0211 -4.5269 0.0000
-0.1603 -4.7626 0.0000
-2.8269 4.7415 0.0000
-3.0536 4.7222 0.0000
1.5606 3.5150 0.0000
1.3344 3.3648 0.0000
0.5762 4.0180 0.0000
0.6470 3.7576 0.0000
3.5098 2.2751 0.0000
3.4810 1.9704 0.0000
-0.7843 -4.7609 0.0000
-1.2334 -0.3913 0.0455
-1.3483 -0.7685 0.0269
-1.4985 -0.9746 0.0213
-0.9027 -1.3754 0.0001
-0.8325 -1.6545 0.0000
-2.4343 4.5040 0.0000
-2.4074 4.2672 0.0000
-2.4945 4.0000 0.0000
1.8282 2.7221 0.0000
1.7083 2.4117 0.0000
-4.2376 -1.7673 0.0000
0.2899 -4.4687 0.0000
0.1542 -4.7482 0.0000
-3.1543 0.0330 0.0048
-3.4612 -0.1005 0.0000
-3.4800 -0.3980 0.0000
4.7396 -2.3621 0.0000
4.5445 -2.7104 0.0000
-0.7956 2.6181 0.0000
4.2601 2.0832 0.0000
4.0108 2.2436 0.0000
4.1229 3.8018 0.0000
3.9387 3.6122 0.0000
1.8038 3.3318 0.0000
1.7927 3.0401 0.0000
-3.7347 0.9207 0.0000
-3.9594 0.7454 0.0000
0.7590 0.4151 0.0026
0.3718 0.3254 0.0022
3.0723 -1.5945 0.0000
3.9585 -3.5593 0.0000
3.8428 -3.8142 0.0000
0.2605 -4.1500 0.0000
0.0351 -4.2974 0.0000
3.2573 1.4690 0.0000
-1.7625 0.5916 0.1643
-1.8309 0.4426 0.2606
-1.8290 0.5365 0.2179
-1.9102 0.5769 0.2384
-1.9154 0.4896 0.2869
-2.0025 0.4587 0.3523
-1.9224 0.3985 0.3390
-1.8478 0.3461 0.3132
-1.9252 0.2994 0.3888
-2.0087 0.3636 0.4123
-2.0163 0.2729 0.4653
-2.0957 0.3168 0.4867
-1.9491 0.2016 0.4461
-2.0386 0.1919 0.5154
-2.0491 0.1134 0.5470
-2.1152 0.2253 0.5445
-2.1302 0.1356 0.5862
-0.1172 1.5254 0.0000
-0.3533 1.3671 0.0001
-0.5920 1.2078 0.0004
-2.0111 4.7546 0.0000
-2.1637 4.5285 0.0000
-0.5537 -1.7022 0.0000
-0.7478 -1.9317 0.0000
-0.9341 -2.1590 0.0000
2.5508 0.2661 0.0989
2.4515 0.2491 0.1295
2.5966 0.1747 0.0919
2.5086 0.1759 0.1209
2.6728 0.0742 0.0704
2.5668 0.0882 0.1069
2.4737 0.0915 0.1376
2.4388 -0.0028 0.1502
3.5370 3.1386 0.0000
3.5238 2.8570 0.0000
-2.5530 -1.7688 0.0007
-2.7020 -1.9677 0.0001
4.7348 -0.7739 0.0000
-4.0060 -0.6798 0.0000
-4.2596 -0.7849 0.0000
1.5412 -0.2209 0.0413
1.3417 -0.0865 0.0223
1.1254 -0.2680 0.0092
-2.6511 2.8575 0.0000
3.4342 -4.1166 0.0000
3.2580 -4.2848 0.0000
0.6605 1.4836 0.0001
1.0027 0.2820 0.0058
0.8317 0.0928 0.0040
-1.2308 -2.6673 0.0000
-1.4236 -2.8685 0.0000
2.3189 -1.7561 0.0005
2.1137 -1.9525 0.0001
3.1105 -0.3346 0.0021
2.8598 -0.2276 0.0205
2.9136 -0.5369 0.0085
4.7535 2.0343 0.0000
4.7524 1.7269 0.0000
-4.5105 -0.6553 0.0000
-4.7499 -0.7945 0.0000
-2.7510 1.1319 0.0132
-3.0701 1.2533 0.0004
-3.2675 1.0506 0.0001
-4.2986 1.1269 0.0000
-4.5141 0.9357 0.0000
2.8233 3.7741 0.0000
2.6157 3.5534 0.0000
2.3874 3.3865 0.0000
2.2800 3.1405 0.0000
1.4614 1.4423 0.0010
1.1999 1.3072 0.0010
0.9783 1.1256 0.0013
-2.1327 1.3824 0.0148
-1.8938 1.3318 0.0133
-2.0154 1.1416 0.0454
-2.1334 1.0401 0.0811
-2.0786 0.9639 0.1034
-2.2523 1.0119 0.0938
-2.1798 0.9456 0.1193
-2.2441 1.1489 0.0522
-2.3342 0.9725 0.1044
-2.2658 0.9117 0.1349
-2.3613 0.8860 0.1378
-2.3896 1.0593 0.0693
-2.4515 0.8361 0.1410
-2.4372 0.9441 0.1006
-2.5638 0.9927 0.0598
-2.5135 0.8853 0.1040
-2.5738 0.8354 0.1022
-2.6515 0.7850 0.0887
-1.0774 -2.4021 0.0000
-1.3413 -2.3967 0.0000
-1.5187 -2.5871 0.0000
3.9653 -0.4109 0.0000
4.0699 -0.6662 0.0000
3.7909 -0.6514 0.0000
3.6250 -0.8772 0.0000
3.5004 3.4277 0.0000
-2.6684 2.4535 0.0000
-0.5222 3.4278 0.0000
-4.5017 4.7034 0.0000
-4.2837 4.4948 0.0000
3.3547 0.9208 0.0000
3.2757 0.6715 0.0002
4.0258 2.8220 0.0000
3.7731 2.6663 0.0000
-2.0656 -4.2536 0.0000
-2.2106 -4.5039 0.0000
-2.3384 -4.7521 0.0000
-0.9319 2.1264 0.0000
-1.1993 2.1067 0.0000
-1.3142 2.4299 0.0000
-1.4813 2.1892 0.0000
2.1614 4.4974 0.0000
-1.2488 0.2027 0.0633
-1.3655 0.2438 0.0891
-1.4097 0.1661 0.1103
-1.4645 0.2426 0.1224
-1.5022 0.1508 0.1488
-1.5305 0.0593 0.1694
-1.5543 -0.0320 0.1838
-1.5980 0.1380 0.1995
-1.6268 0.0457 0.2251
-1.6483 -0.0493 0.2400
-1.7203 0.0220 0.2912
-1.7422 -0.0726 0.3062
-1.8382 -0.1026 0.3807
-1.6715 -0.1430 0.2479
-1.7629 -0.1643 0.3102
-1.8531 -0.1907 0.3751
-1.7912 -0.2554 0.3094
-1.8364 -0.3354 0.3140
-1.8915 -0.2583 0.3837
-1.9381 -0.3334 0.3853
-0.3334 3.2656 0.0000
-1.4125 4.7633 0.0000
3.8913 -4.7707 0.0000
3.2008 3.4864 0.0000
2.9247 3.5091 0.0000
4.7588 3.5866 0.0000
4.7581 3.2822 0.0000
4.5133 3.4473 0.0000
2.5896 -2.8440 0.0000
2.4210 -3.0351 0.0000
2.2489 -3.2336 0.0000
-0.2188 -4.2193 0.0000
-4.5157 -4.3778 0.0000
-1.4942 2.6815 0.0000
-1.6126 2.4593 0.0000
-1.7595 2.2667 0.0000
4.5061 -1.2501 0.0000
4.2651 -1.4131 0.0000
-4.2050 4.7594 0.0000
-4.2113 -4.7738 0.0000
2.7087 0.2535 0.0523
2.6893 -0.0771 0.0649
2.5873 -0.0261 0.1013
2.5279 0.0176 0.1223
2.5033 -0.0741 0.1296
2.4650 -0.1645 0.1363
2.3847 -0.2080 0.1516
-4.2462 1.8753 0.0000
-4.4621 1.6895 0.0000
-4.6824 1.5112 0.0000
1.1321 2.4401 0.0000
1.5040 -4.1584 0.0000
-0.9266 -4.5086 0.0000
4.2655 -2.2427 0.0000
4.0884 -1.9413 0.0000
4.0106 -2.2202 0.0000
-0.3242 -3.0446 0.0000
-0.3511 -3.3162 0.0000
-0.6249 -3.2309 0.0000
-2.5974 3.7289 0.0000
2.7515 4.0413 0.0000
2.5355 3.8374 0.0000
2.3286 3.6603 0.0000
-2.9895 -3.1715 0.0000
-3.1333 -3.4134 0.0000
0.9460 1.4088 0.0003
0.7137 1.2448 0.0004
4.7206 -3.6750 0.0000
4.4417 -3.7494 0.0000
-4.1540 -3.3847 0.0000
-4.4075 -3.4824 0.0000
-4.7587 -2.9838 0.0000
-4.7609 -3.2632 0.0000
-4.6513 -3.4712 0.0000
-4.7702 -3.6353 0.0000
0.2345 -3.8629 0.0000
-0.0023 -4.0194 0.0000
2.2345 3.9659 0.0000
2.0689 3.7247 0.0000
1.1974 3.5656 0.0000
0.9972 3.4168 0.0000
3.3064 -3.1318 0.0000
3.2468 -3.3879 0.0000
-4.1349 2.6341 0.0000
-4.4027 2.7064 0.0000
-4.4601 2.4745 0.0000
4.4968 -3.2225 0.0000
4.0427 -3.2970 0.0000
2.6658 -0.5977 0.0353
2.4727 -0.6005 0.0691
2.3406 -0.6495 0.0756
2.3677 -0.7995 0.0463
2.2024 -0.8009 0.0501
2.3328 -0.9977 0.0230
2.0895 -0.9672 0.0252
1.9116 -1.1313 0.0093
2.7496 -4.1158 0.0000
2.5663 -4.3055 0.0000
2.2770 -4.2605 0.0000
2.2279 -4.4995 0.0000
4.5035 4.7102 0.0000
4.2238 4.7815 0.0000
4.2441 4.5238 0.0000
3.9929 4.3832 0.0000
-4.7564 -2.0169 0.0000
-0.4626 -0.1844 0.0055
-0.7138 -0.3626 0.0079
2.9308 -4.2769 0.0000
2.7830 -4.4923 0.0000
2.6744 -4.7559 0.0000
2.4778 -4.5382 0.0000
2.3962 -4.7748 0.0000
2.1662 -4.7439 0.0000
1.9384 -4.7267 0.0000
-1.2367 -4.1728 0.0000
-1.4621 -4.3212 0.0000
0.4748 -0.6228 0.0009
0.2689 -0.8141 0.0004
-2.2379 -2.8875 0.0000
0.3577 -1.1023 0.0002
0.4328 -1.3829 0.0000
0.1526 -1.3078 0.0001
-0.5216 -0.9325 0.0004
-1.9248 4.1727 0.0000
3.4997 -0.6033 0.0000
3.2106 -0.5811 0.0005
-4.1925 -3.6798 0.0000
-4.5023 -3.7549 0.0000
-4.7547 -3.9184 0.0000
-4.7399 0.1469 0.0000
2.0355 2.2077 0.0000
1.8058 2.1417 0.0000
-3.7592 4.2789 0.0000
-4.0208 4.2832 0.0000
4.4571 -0.6889 0.0000
4.5013 -0.9652 0.0000
4.2426 -1.1109 0.0000
4.7661 1.1083 0.0000
4.7144 0.7769 0.0000
-2.6970 -4.2631 0.0000
-2.8436 -4.4972 0.0000
-4.0053 -4.5969 0.0000
-0.1469 1.8007 0.0000
-0.3937 1.9334 0.0000
-4.7421 0.4477 0.0000
1.3040 -0.7979 0.0052
1.1241 -1.0101 0.0013
0.8380 -0.9776 0.0006
3.3079 3.9838 0.0000
3.1106 3.7497 0.0000
