5.0000 5.0000 0.0000
0.0000 5.0000 0.0000
2.5000 5.0000 0.0000
3.7500 5.0000 0.0000
4.3750 5.0000 0.0000
4.6875 5.0000 0.0000
4.0625 5.0000 0.0000
3.1250 5.0000 0.0000
3.4375 5.0000 0.0000
2.8125 5.0000 0.0000
1.2500 5.0000 0.0000
1.8750 5.0000 0.0000
2.1875 5.0000 0.0000
1.5625 5.0000 0.0000
0.6250 5.0000 0.0000
0.9375 5.0000 0.0000
0.3125 5.0000 0.0000
-2.5000 5.0000 0.0000
-1.2500 5.0000 0.0000
-0.6250 5.0000 0.0000
-0.3125 5.0000 0.0000
-0.9375 5.0000 0.0000
-1.8750 5.0000 0.0000
-1.5625 5.0000 0.0000
-2.1875 5.0000 0.0000
-3.7500 5.0000 0.0000
-3.1250 5.0000 0.0000
-2.8125 5.0000 0.0000
-3.4375 5.0000 0.0000
-4.3750 5.0000 0.0000
-4.0625 5.0000 0.0000
-4.6875 5.0000 0.0000
5.0000 -5.0000 0.0000
5.0000 0.0000 0.0000
5.0000 -2.5000 0.0000
5.0000 -3.7500 0.0000
5.0000 -4.3750 0.0000
5.0000 -4.6875 0.0000
5.0000 -4.0625 0.0000
5.0000 -3.1250 0.0000
5.0000 -3.4375 0.0000
5.0000 -2.8125 0.0000
5.0000 -1.2500 0.0000
5.0000 -1.8750 0.0000
5.0000 -2.1875 0.0000
5.0000 -1.5625 0.0000
5.0000 -0.6250 0.0000
5.0000 -0.9375 0.0000
5.0000 -0.3125 0.0000
5.0000 2.5000 0.0000
5.0000 1.2500 0.0000
5.0000 0.6250 0.0000
5.0000 0.3125 0.0000
5.0000 0.9375 0.0000
5.0000 1.8750 0.0000
5.0000 1.5625 0.0000
5.0000 2.1875 0.0000
5.0000 3.7500 0.0000
5.0000 3.1250 0.0000
5.0000 2.8125 0.0000
5.0000 3.4375 0.0000
5.0000 4.3750 0.0000
5.0000 4.0625 0.0000
5.0000 4.6875 0.0000
-5.0000 -5.0000 0.0000
0.0000 -5.0000 0.0000
-2.5000 -5.0000 0.0000
-3.7500 -5.0000 0.0000
-4.3750 -5.0000 0.0000
-4.6875 -5.0000 0.0000
-4.0625 -5.0000 0.0000
-3.1250 -5.0000 0.0000
-3.4375 -5.0000 0.0000
-2.8125 -5.0000 0.0000
-1.2500 -5.0000 0.0000
-1.8750 -5.0000 0.0000
-2.1875 -5.0000 0.0000
-1.5625 -5.0000 0.0000
-0.6250 -5.0000 0.0000
-0.9375 -5.0000 0.0000
-0.3125 -5.0000 0.0000
2.5000 -5.0000 0.0000
1.2500 -5.0000 0.0000
0.6250 -5.0000 0.0000
0.3125 -5.0000 0.0000
0.9375 -5.0000 0.0000
1.8750 -5.0000 0.0000
1.5625 -5.0000 0.0000
2.1875 -5.0000 0.0000
3.7500 -5.0000 0.0000
3.1250 -5.0000 0.0000
2.8125 -5.0000 0.0000
3.4375 -5.0000 0.0000
4.3750 -5.0000 0.0000
4.0625 -5.0000 0.0000
4.6875 -5.0000 0.0000
-5.0000 5.0000 0.0000
-5.0000 0.0000 0.0000
-5.0000 2.5000 0.0000
-5.0000 3.7500 0.0000
-5.0000 4.3750 0.0000
-5.0000 4.6875 0.0000
-5.0000 4.0625 0.0000
-5.0000 3.1250 0.0000
-5.0000 3.4375 0.0000
-5.0000 2.8125 0.0000
-5.0000 1.2500 0.0000
-5.0000 1.8750 0.0000
-5.0000 2.1875 0.0000
-5.0000 1.5625 0.0000
-5.0000 0.6250 0.0000
-5.0000 0.9375 0.0000
-5.0000 0.3125 0.0000
-5.0000 -2.5000 0.0000
-5.0000 -1.2500 0.0000
-5.0000 -0.6250 0.0000
-5.0000 -0.3125 0.0000
-5.0000 -0.9375 0.0000
-5.0000 -1.8750 0.0000
-5.0000 -1.5625 0.0000
-5.0000 -2.1875 0.0000
-5.0000 -3.7500 0.0000
-5.0000 -3.1250 0.0000
-5.0000 -2.8125 0.0000
-5.0000 -3.4375 0.0000
-5.0000 -4.3750 0.0000
-5.0000 -4.0625 0.0000
-5.0000 -4.6875 0.0000
2.5580 -4.0169 0.0001
2.3849 -4.2585 0.0001
1.5367 2.2988 0.0069
-1.4036 2.5512 0.0043
-1.5103 2.2900 0.0074
-2.9026 -1.8746 0.0119
-0.5715 -3.0901 0.0006
-0.6192 -3.3301 0.0003
-4.2542 -0.8496 0.0001
2.9198 0.1263 0.0479
2.7455 -0.0347 0.0620
1.7715 3.7974 0.0002
4.7536 4.2046 0.0000
4.4998 4.0503 0.0000
4.4963 3.7563 0.0000
4.7595 0.7355 0.0000
-2.9628 3.1713 0.0008
-2.4251 -1.6203 0.0262
3.2208 -4.3077 0.0000
3.1517 -4.5385 0.0000
3.2672 -4.7891 0.0000
2.9571 -4.7612 0.0000
-1.6112 -3.8154 0.0002
1.3938 1.2893 0.0281
1.2532 1.1220 0.0303
1.1272 1.0027 0.0310
-3.9659 2.4566 0.0001
-4.0175 2.1328 0.0001
4.7427 -2.0385 0.0000
4.7508 -2.3288 0.0000
4.5294 -2.4774 0.0000
-2.1472 -0.5429 0.0727
-2.3602 -0.4124 0.0756
-2.4543 -0.5183 0.0701
3.2014 -2.1031 0.0042
-4.3959 4.2355 0.0000
-4.6962 4.1065 0.0000
4.2389 -1.6570 0.0000
3.9891 -1.6841 0.0002
4.7453 1.7559 0.0000
4.4452 1.6605 0.0000
-0.9035 -0.5753 0.0359
-1.0227 -0.7619 0.0348
3.0110 -1.4864 0.0161
-1.3887 -0.3740 0.0540
-1.3245 -0.5620 0.0479
-1.4729 -0.6485 0.0507
-1.6316 -0.6529 0.0560
-1.4256 -0.8021 0.0446
-1.5894 -0.8398 0.0484
-1.7529 -0.9402 0.0493
0.6206 4.7489 0.0000
0.3784 4.7436 0.0000
-1.3082 2.0621 0.0093
-1.4846 1.8721 0.0143
-1.6255 2.0706 0.0116
-1.7100 1.8069 0.0183
-2.8444 -4.5277 0.0000
-2.9539 -4.7905 0.0000
-0.6419 -0.9713 0.0238
-0.7893 -1.1444 0.0219
4.7596 -4.7640 0.0000
4.5102 -1.8820 0.0000
2.8442 4.5160 0.0000
0.4819 3.2110 0.0004
-3.3718 -4.2269 0.0000
-3.6457 -4.2617 0.0000
-3.7667 -4.5168 0.0000
0.8136 -4.2727 0.0001
-3.3069 4.7693 0.0000
-3.6268 4.7042 0.0000
-1.3544 -1.4247 0.0234
-1.4594 -1.6800 0.0179
-2.9966 2.3647 0.0043
-2.3806 -3.0495 0.0020
-3.6052 -1.4348 0.0030
-0.2353 1.1609 0.0173
-0.4690 1.0714 0.0200
-2.2221 -2.5510 0.0057
-2.4560 -2.6793 0.0043
-4.4968 -3.5956 0.0000
-0.5576 0.8483 0.0250
-3.1295 0.7116 0.0249
-3.3117 0.5539 0.0162
1.9861 -2.5684 0.0057
1.7648 -2.7425 0.0037
1.3618 -4.4761 0.0000
0.5438 0.7709 0.0264
0.4500 0.5809 0.0285
0.4016 0.3912 0.0304
0.2039 0.4545 0.0283
0.2416 0.2214 0.0305
-4.2789 -0.1076 0.0001
-4.5270 -0.1429 0.0000
-0.2387 -0.4793 0.0282
-0.4536 -0.5590 0.0289
-0.6743 -0.5204 0.0323
-0.5537 -0.7500 0.0269
2.9810 -0.2627 0.0418
2.9063 -0.0532 0.0492
2.7673 -0.3860 0.0567
2.9149 -0.4512 0.0445
2.7564 -0.5742 0.0533
2.6050 -0.4792 0.0649
3.4976 -2.0511 0.0017
3.3047 -2.3286 0.0021
4.5164 4.3647 0.0000
4.2815 4.5014 0.0000
4.2718 4.2060 0.0000
-1.7939 2.8282 0.0031
3.1416 4.7447 0.0000
2.9267 4.7628 0.0000
-3.2366 2.2500 0.0030
-3.5159 2.1670 0.0013
2.5767 1.0755 0.0448
-2.4569 3.4019 0.0008
-2.6520 3.1571 0.0013
4.2614 -4.4421 0.0000
4.4950 -4.7467 0.0000
4.2182 -4.7353 0.0000
-3.7454 -3.7110 0.0001
3.1700 3.4986 0.0004
3.0485 3.2246 0.0008
-0.6759 -0.2677 0.0353
-0.8433 -0.3716 0.0376
-1.0204 -0.3964 0.0417
-1.1242 -0.5787 0.0414
2.5913 -0.0299 0.0722
2.4535 0.0131 0.0786
2.4894 -0.1118 0.0769
2.3686 -0.1165 0.0807
2.3948 -0.2512 0.0784
2.2810 -0.2211 0.0809
2.2352 -0.3334 0.0791
2.0963 -0.3409 0.0780
2.0368 -0.4653 0.0738
-2.4987 2.9069 0.0026
-2.6138 2.6603 0.0041
-2.4808 -0.9965 0.0509
-2.6270 -1.1113 0.0417
-2.7492 -1.2537 0.0321
-2.8424 -1.4352 0.0234
-2.9614 -1.6138 0.0156
-0.9298 -4.1665 0.0000
-3.6667 2.4682 0.0004
-1.1887 -4.2539 0.0000
0.4345 -4.7459 0.0000
2.1535 -4.5130 0.0000
2.6469 -1.8584 0.0166
2.4421 -1.9158 0.0176
-0.7264 -0.0443 0.0373
-0.8856 -0.1751 0.0404
-1.0814 -0.2211 0.0454
-1.2089 -0.3930 0.0474
-0.5246 2.0857 0.0051
-0.5673 1.8233 0.0080
-0.8228 1.7185 0.0108
1.6246 -4.5493 0.0000
-0.0191 -4.5127 0.0000
-0.1607 -4.7642 0.0000
-0.4681 -4.7754 0.0000
3.4961 -0.6826 0.0078
2.6401 -4.5141 0.0000
-3.0072 -0.0970 0.0408
-3.0509 -0.3025 0.0361
-3.2210 -0.1368 0.0243
-3.2943 -0.3596 0.0188
3.1359 4.5038 0.0000
4.7539 -2.6461 0.0000
4.7457 -2.9454 0.0000
4.5010 -3.0825 0.0000
1.0594 -4.1047 0.0001
-2.0138 -2.7479 0.0037
-2.2682 -2.8393 0.0032
2.9665 -2.1753 0.0064
-2.3286 2.6677 0.0047
-1.3930 0.5025 0.0511
-1.3909 0.3158 0.0546
-1.5567 0.4121 0.0592
-1.5472 0.2442 0.0618
-1.7034 0.3329 0.0666
-1.6903 0.1886 0.0683
-1.7867 0.0715 0.0730
3.6384 3.7264 0.0001
2.7085 1.4470 0.0270
2.7233 1.2177 0.0343
-2.0728 0.5102 0.0731
-2.1756 0.4243 0.0768
-2.2185 0.2899 0.0800
-2.1398 0.1864 0.0813
-2.2860 0.1869 0.0813
2.6604 -4.7570 0.0000
-2.9029 2.6424 0.0030
-3.1623 2.5679 0.0020
-0.5041 3.4186 0.0003
-0.7723 3.5005 0.0004
-0.7052 3.2336 0.0006
-0.8495 3.0246 0.0011
0.8533 -0.8324 0.0292
1.9071 1.0433 0.0485
2.1976 0.9456 0.0564
2.0341 0.9078 0.0566
1.9945 0.7495 0.0627
1.8593 0.8582 0.0552
1.6942 0.7841 0.0535
1.4982 0.7362 0.0489
-1.7407 -1.6372 0.0227
-1.9444 -1.8085 0.0195
-2.1397 -1.9905 0.0154
-1.4084 -4.0517 0.0001
1.1749 0.8306 0.0368
1.3207 0.6857 0.0448
1.1197 0.6291 0.0402
0.9695 0.8063 0.0325
0.9112 0.5972 0.0356
1.2750 0.4888 0.0479
1.0762 0.4277 0.0428
0.9734 0.2823 0.0418
0.8343 0.4262 0.0367
0.7614 0.2528 0.0370
0.6583 0.1010 0.0359
-2.3241 -0.1709 0.0809
-2.4080 -0.2744 0.0776
-2.5012 -0.3727 0.0723
-2.5982 -0.4805 0.0652
-2.5974 -0.6304 0.0608
-2.7015 -0.7351 0.0520
-2.6663 -0.9165 0.0475
-2.8702 -0.8375 0.0392
-2.8286 -1.0440 0.0355
2.6137 0.8792 0.0512
2.4470 0.9447 0.0539
2.3207 1.0376 0.0517
2.4576 0.7645 0.0612
2.3159 0.8388 0.0607
2.1679 0.7711 0.0640
2.3054 0.6715 0.0678
2.2115 0.5634 0.0722
2.1093 0.6431 0.0687
4.7586 2.0556 0.0000
4.2505 2.4055 0.0000
1.2702 3.2129 0.0007
-1.0247 0.4290 0.0409
-1.2079 0.2913 0.0485
-1.3272 0.1418 0.0543
-1.4238 1.0305 0.0368
-1.5487 0.8526 0.0463
-1.1364 0.8368 0.0350
-1.3322 0.8545 0.0397
-1.4419 0.6913 0.0478
-1.5754 0.5793 0.0557
-1.7227 0.5054 0.0632
3.7427 -2.5476 0.0002
-4.2831 -2.3806 0.0000
-4.4264 -2.6328 0.0000
-4.4814 -2.8761 0.0000
-2.3811 -0.0454 0.0808
-2.4501 -0.1414 0.0781
-2.5580 -0.0802 0.0739
-2.5498 -0.2325 0.0728
-2.6979 -0.1881 0.0646
-2.6578 -0.3400 0.0650
-2.7907 -0.3867 0.0552
-2.9337 -0.4619 0.0432
-3.1142 -0.5192 0.0291
2.3416 1.3724 0.0365
2.1223 1.3530 0.0375
-3.8698 0.6444 0.0013
-4.1397 0.6301 0.0002
-4.2821 0.3917 0.0001
-3.9388 -2.9541 0.0001
-4.2108 -3.1113 0.0000
-4.2272 -3.3715 0.0000
-2.3076 0.3676 0.0778
-2.3954 0.2771 0.0780
-2.5143 0.1996 0.0750
-2.7509 0.1068 0.0614
-3.4459 -3.5369 0.0002
-0.9806 -4.4870 0.0000
0.1122 4.7517 0.0000
0.1308 4.5152 0.0000
-0.1708 4.7282 0.0000
-0.3757 4.4895 0.0000
2.2863 -2.1347 0.0129
2.1634 -2.3627 0.0087
-1.8960 3.3206 0.0011
-1.2510 -0.7533 0.0409
-1.3716 -0.9791 0.0375
-1.5640 -1.0374 0.0405
-1.4557 -1.2207 0.0316
-1.5777 -1.4633 0.0259
4.7476 -0.1333 0.0000
-2.9747 -1.2120 0.0240
-3.3981 -1.3223 0.0073
-3.2943 -1.5472 0.0079
2.9576 0.6731 0.0375
2.9765 0.4946 0.0394
2.9669 0.3156 0.0425
2.7890 0.2849 0.0568
2.7505 0.1128 0.0614
4.1860 1.5357 0.0001
4.1655 1.2474 0.0002
0.1579 -0.3708 0.0289
-4.5273 -1.2186 0.0000
-4.5098 -0.9288 0.0000
-4.7634 -1.0823 0.0000
-4.7555 -1.3889 0.0000
-0.6648 1.1596 0.0198
3.2771 -1.5772 0.0074
3.0635 -1.6989 0.0109
2.8912 -1.0633 0.0314
2.9465 -1.2696 0.0233
2.7019 -1.2242 0.0349
2.5250 -1.4277 0.0325
-3.9744 3.5851 0.0000
-4.2280 3.4588 0.0000
-0.8426 0.3121 0.0381
-2.8814 3.6523 0.0003
-3.0494 3.4727 0.0003
-4.7931 4.8099 0.0000
2.1061 3.7488 0.0003
2.3366 3.5336 0.0006
2.0939 3.4428 0.0008
1.8825 3.5706 0.0005
1.8081 3.3396 0.0008
1.5397 3.2966 0.0008
3.3395 2.2525 0.0026
4.6932 1.4910 0.0000
4.4248 1.3794 0.0000
0.0130 0.3156 0.0291
-2.6206 -2.5217 0.0054
4.2105 2.1082 0.0001
-2.2142 -4.0737 0.0001
-2.4297 -3.8885 0.0002
-2.6886 -3.9883 0.0002
-2.7377 -4.2716 0.0001
3.6250 -3.8633 0.0000
3.4165 -4.0843 0.0000
-2.6557 0.2371 0.0668
-2.8241 0.2646 0.0544
-2.9252 0.0944 0.0476
-3.8728 4.1476 0.0000
-3.9637 3.8565 0.0000
2.7435 3.7773 0.0003
2.5998 3.5413 0.0006
-2.5938 1.2855 0.0363
-2.7872 1.1999 0.0323
-2.9298 -4.0394 0.0001
-3.0166 -4.3080 0.0001
-3.2220 -4.4254 0.0000
-3.1116 -4.6177 0.0000
-3.3050 -4.7576 0.0000
1.8091 -3.0194 0.0021
1.5582 -3.1845 0.0013
1.5953 -3.4686 0.0007
1.3343 -3.3715 0.0007
1.3689 -3.6667 0.0004
1.1311 -3.5804 0.0004
3.5514 0.8005 0.0062
3.3403 0.8864 0.0127
3.1698 0.7301 0.0229
1.1963 4.2587 0.0000
2.8748 -3.0764 0.0012
3.9815 2.2723 0.0002
3.5327 2.3712 0.0012
-1.1035 -4.7525 0.0000
-4.7383 0.8128 0.0000
-4.7459 0.5493 0.0000
-4.2123 -4.7656 0.0000
-4.0024 0.3789 0.0006
-4.1486 0.1329 0.0003
-4.4469 0.1352 0.0000
0.9659 -1.0178 0.0268
3.7433 -3.0556 0.0001
3.9841 -3.2548 0.0000
3.7517 -3.3146 0.0000
3.7248 -3.5654 0.0000
-2.3310 3.6661 0.0004
-4.1739 -0.3471 0.0002
-4.4661 -0.3808 0.0000
0.9792 -0.6265 0.0361
0.7404 -0.6378 0.0313
-4.7816 2.9662 0.0000
-3.7012 -1.1995 0.0024
3.8100 3.9404 0.0000
2.0494 4.7584 0.0000
-2.8733 0.4432 0.0478
-3.0710 0.4945 0.0320
-3.2223 0.3283 0.0231
-3.3331 0.1354 0.0172
0.4824 -0.6564 0.0277
2.8005 -0.2184 0.0567
2.6482 -0.1602 0.0681
2.6378 -0.3111 0.0667
2.5201 -0.2181 0.0744
2.4947 -0.3558 0.0731
2.4552 -0.4847 0.0713
2.4260 -0.6062 0.0683
2.3470 -0.3781 0.0769
2.3010 -0.5090 0.0739
2.2786 -0.6568 0.0690
2.1853 -0.4506 0.0761
2.1457 -0.5856 0.0715
2.0778 -0.7151 0.0659
-1.0209 -2.8377 0.0016
-1.2874 -2.8468 0.0019
-1.0889 -3.1117 0.0008
-1.3337 -3.0884 0.0011
-3.5251 1.8478 0.0021
-3.7676 1.6858 0.0008
1.0799 3.3813 0.0004
0.9556 3.1547 0.0007
3.7460 4.4912 0.0000
3.4293 4.5136 0.0000
-2.2024 -0.6598 0.0687
-2.3124 -0.5611 0.0718
-2.3440 -0.7275 0.0651
-2.4659 -0.6508 0.0652
-2.5115 -0.8071 0.0578
0.9007 2.8469 0.0014
-1.8656 -3.7879 0.0003
-1.9355 -4.0288 0.0001
-2.0170 -4.2878 0.0001
-0.7001 3.9904 0.0001
-1.0005 3.9786 0.0001
-1.2087 3.7654 0.0003
-1.8732 2.0098 0.0147
-2.1223 1.9408 0.0177
-2.4054 1.7213 0.0237
-2.5189 1.4982 0.0300
-3.7338 1.1154 0.0019
-3.9655 0.9248 0.0006
2.3995 -4.5043 0.0000
-2.5737 4.1230 0.0001
0.6969 3.0397 0.0007
0.4338 2.9185 0.0009
3.9654 3.7231 0.0000
1.5069 -1.3324 0.0291
1.3693 -1.4829 0.0221
-3.5149 -3.7569 0.0001
-3.5127 -4.0053 0.0001
-1.0088 -0.0254 0.0441
-1.2824 -0.2170 0.0522
3.4500 -2.5728 0.0008
3.1683 -2.6031 0.0018
3.0287 -2.8435 0.0015
-3.7807 -0.6661 0.0023
-4.0164 -0.8470 0.0006
-1.1542 -0.9474 0.0331
-1.2519 -1.1710 0.0289
0.6149 -1.6207 0.0110
2.9708 -1.9227 0.0096
2.7470 -2.0431 0.0112
0.0377 0.0890 0.0303
-0.1266 -0.0663 0.0306
0.6192 -3.0559 0.0008
0.3283 -3.0164 0.0007
-3.2272 3.6700 0.0001
-3.1757 -3.3469 0.0005
-2.9875 -3.8057 0.0002
-3.2108 -3.6080 0.0003
-3.2659 -3.8669 0.0001
-3.1790 -4.0909 0.0001
0.0269 1.2221 0.0160
-0.0819 0.9580 0.0206
-4.2241 0.8616 0.0001
-4.4530 0.6607 0.0000
-0.1648 0.6923 0.0250
-1.8883 2.5591 0.0056
-2.0646 2.7351 0.0042
-2.1390 2.4354 0.0076
4.7580 -4.2383 0.0000
3.5209 -3.3175 0.0001
3.2772 -3.3413 0.0002
3.1153 -0.4540 0.0294
2.9572 -0.6576 0.0374
2.8848 -0.8681 0.0371
3.5393 3.9938 0.0001
3.3268 3.7565 0.0002
-0.0563 -2.3357 0.0028
0.2779 -3.7560 0.0001
0.0322 -3.7399 0.0001
4.2238 0.4527 0.0002
4.1753 0.1544 0.0002
-4.5405 0.3788 0.0000
1.3006 -3.9087 0.0002
1.1294 -1.1388 0.0268
4.2700 -2.4816 0.0000
4.0676 -2.6538 0.0000
-1.5989 3.6985 0.0004
-1.5691 2.7656 0.0032
-1.6603 2.5184 0.0054
-2.6162 3.6433 0.0004
-2.7654 3.3978 0.0006
-1.8931 -3.3021 0.0010
-2.1324 -3.5035 0.0007
-2.1425 -3.7848 0.0003
-2.4108 -3.6185 0.0005
4.4978 0.5808 0.0000
4.4702 0.2981 0.0000
-0.2106 2.4782 0.0022
-0.2600 2.1877 0.0039
4.1571 -3.8516 0.0000
3.9112 -4.0194 0.0000
3.6842 -4.1797 0.0000
2.0845 4.2628 0.0001
-4.2153 -1.8920 0.0001
-4.2760 -2.1322 0.0000
-2.1979 4.5360 0.0000
-2.0921 4.2698 0.0001
-1.7875 -2.8283 0.0028
-1.8333 -3.0641 0.0017
-3.0955 -2.5668 0.0027
-3.0478 -0.9724 0.0257
-3.2167 -1.1514 0.0148
-3.4794 -1.0646 0.0069
1.0948 0.1525 0.0464
0.8849 0.0902 0.0408
0.8008 -0.0962 0.0388
0.7353 -0.2836 0.0362
-1.2746 4.0584 0.0001
-0.1739 -3.5286 0.0002
-0.2638 -3.7891 0.0001
-0.5700 -3.8255 0.0001
2.3716 -4.7531 0.0000
-0.8242 4.2416 0.0001
-2.5993 -2.8714 0.0027
-4.2469 1.1164 0.0001
-4.4942 0.9597 0.0000
2.8627 -2.5994 0.0035
2.7463 -2.8285 0.0025
2.5723 -3.0421 0.0019
0.8240 1.7024 0.0115
-3.0201 0.2746 0.0385
-3.1352 0.0797 0.0305
-3.4211 -0.0733 0.0128
4.0576 -0.6511 0.0004
-1.4680 -2.6234 0.0036
-1.5521 -2.8618 0.0023
-1.5901 -3.0930 0.0014
4.5230 0.8656 0.0000
4.2686 0.7456 0.0001
-4.5086 -2.1240 0.0000
-4.5342 -2.3713 0.0000
-0.8168 0.5175 0.0347
-0.0443 3.0048 0.0007
3.3491 4.7604 0.0000
1.4651 0.0242 0.0601
1.3170 -0.1016 0.0540
1.1363 -0.2070 0.0470
1.4707 -0.1395 0.0598
1.4487 -0.2859 0.0572
1.2914 -0.2814 0.0514
1.3129 -0.4498 0.0493
1.1014 -0.4176 0.0432
-0.6622 4.5008 0.0000
4.7459 -1.4425 0.0000
-0.5853 -1.2220 0.0183
-0.8620 -1.3386 0.0186
-0.9197 -1.5623 0.0147
-0.9702 -1.8054 0.0108
-1.8887 -2.0568 0.0128
-1.8477 -2.2919 0.0084
-1.9578 -2.5013 0.0059
-4.0068 3.0105 0.0000
-4.0527 2.7404 0.0000
-4.2349 2.5605 0.0000
-4.5091 2.4600 0.0000
2.6867 4.2771 0.0001
2.3825 4.2661 0.0001
0.0953 -3.4726 0.0002
0.8610 4.7287 0.0000
0.8340 4.4594 0.0000
3.4673 3.4975 0.0002
3.3314 3.2618 0.0004
-0.6027 0.6022 0.0299
0.6174 -0.4623 0.0322
1.1147 2.6808 0.0024
-1.4288 1.3990 0.0255
-1.5455 1.2053 0.0342
-1.6526 1.0215 0.0435
-1.6521 0.7097 0.0545
-1.8012 0.6570 0.0613
-1.0662 -3.6613 0.0002
-1.3464 -3.7971 0.0001
-2.0373 -0.2473 0.0788
3.1608 1.0339 0.0189
2.9477 1.1390 0.0271
2.7766 1.0044 0.0393
-1.4802 3.0003 0.0018
-3.7090 -0.1334 0.0037
-3.8331 -0.3765 0.0019
-1.1172 4.7363 0.0000
-1.4003 4.7747 0.0000
-1.4579 4.5593 0.0000
-0.6168 0.3666 0.0333
-0.6908 0.1775 0.0361
-0.8837 0.0922 0.0406
-3.3817 2.4453 0.0013
-4.1611 4.5441 0.0000
-4.4160 4.5006 0.0000
-3.6385 4.3568 0.0000
1.0859 1.7384 0.0128
0.9870 1.4851 0.0169
1.3259 3.4993 0.0004
-3.7886 -3.9946 0.0000
-4.7421 -0.4704 0.0000
3.4793 -4.3685 0.0000
-4.0016 1.2236 0.0003
0.7299 -1.0786 0.0221
2.2100 2.2281 0.0104
2.1733 1.9866 0.0156
-2.6402 -1.5339 0.0259
-2.7393 -1.7101 0.0187
-4.7755 0.2918 0.0000
2.8710 3.4849 0.0006
2.5783 3.3041 0.0011
2.3135 3.2629 0.0012
0.6595 1.9422 0.0074
0.3934 1.8828 0.0072
-0.0013 -0.5313 0.0269
0.1077 -0.7949 0.0233
-0.0833 -0.7146 0.0244
-0.3085 -0.7200 0.0252
-0.2928 -0.2283 0.0308
-0.5074 -0.1318 0.0335
-0.4747 -0.3578 0.0315
-4.7537 -2.0296 0.0000
-4.0332 -0.5819 0.0006
-4.2852 -0.6116 0.0001
-1.6480 -1.2664 0.0340
-1.7554 -1.1226 0.0419
-1.9045 -1.2215 0.0408
-1.8146 -1.4050 0.0318
-1.9842 -1.5759 0.0275
-2.0480 -1.3624 0.0366
-2.2119 -1.5038 0.0315
-2.1884 -1.7286 0.0232
-4.0658 -4.5130 0.0000
-1.3907 3.5596 0.0005
1.3582 -1.1697 0.0308
1.2114 -1.3463 0.0229
1.0713 -1.5217 0.0167
0.8622 -2.4693 0.0032
0.7995 -2.8156 0.0016
0.6670 -2.5757 0.0023
0.5043 -2.8047 0.0013
-4.4829 -3.3576 0.0000
-4.7383 -3.3461 0.0000
-0.6551 -4.0904 0.0000
4.7637 -3.8514 0.0000
4.6412 -4.0255 0.0000
4.4722 -4.2422 0.0000
-2.0339 -4.7802 0.0000
-3.0045 1.3129 0.0199
-0.1792 0.1829 0.0304
-0.3326 0.0137 0.0318
2.2315 -0.1014 0.0825
2.1520 -0.2165 0.0810
-1.4554 -0.1993 0.0590
-1.5602 -0.3379 0.0612
-1.5129 -0.4936 0.0562
-1.7151 -0.3272 0.0674
-1.8228 -0.4312 0.0689
-1.6706 -0.4885 0.0621
-1.4531 3.8834 0.0002
-3.7421 3.3365 0.0000
-3.9873 3.2969 0.0000
-4.2517 3.1761 0.0000
-4.2762 2.8960 0.0000
-4.5132 3.0512 0.0000
-1.1253 -3.9619 0.0001
-3.7767 -2.1508 0.0006
-3.8179 -2.4267 0.0004
-4.0345 -2.3775 0.0001
-4.1203 -2.6231 0.0001
-2.7935 2.1661 0.0086
-3.0331 2.0817 0.0065
-3.2904 1.9786 0.0040
-3.5265 -0.7821 0.0069
-3.7499 -0.9410 0.0023
3.1788 0.5009 0.0249
0.0943 -1.5037 0.0114
1.0486 -3.8163 0.0002
-4.5034 2.1578 0.0000
-4.7543 2.3179 0.0000
-4.7540 2.0165 0.0000
-3.0947 -2.8343 0.0017
-3.1413 -3.0882 0.0009
3.3758 0.2903 0.0147
3.1556 0.2936 0.0282
3.3091 0.0319 0.0188
3.1045 0.1197 0.0329
3.0877 -0.0715 0.0342
2.3065 -1.4395 0.0350
2.1484 -1.6313 0.0277
1.9610 -1.8054 0.0208
2.1942 -1.8754 0.0197
1.8421 -1.9970 0.0148
4.7473 -3.2546 0.0000
-3.4548 1.0274 0.0071
0.9329 3.5554 0.0002
0.7426 3.3580 0.0003
0.0093 3.7766 0.0001
-1.0260 0.2268 0.0435
-1.1524 0.1012 0.0483
-1.2005 -0.0591 0.0502
-1.3667 -0.0331 0.0563
-1.5391 -0.0550 0.0632
-3.9108 -4.7598 0.0000
-0.7922 1.9955 0.0070
-2.6568 -4.7526 0.0000
2.3524 4.7576 0.0000
2.2205 4.5120 0.0000
4.7465 0.4461 0.0000
4.7448 0.1591 0.0000
4.7557 -1.7335 0.0000
-0.2042 0.4352 0.0285
-0.4057 0.2523 0.0316
-2.5462 -1.7973 0.0193
-2.6518 -1.9887 0.0134
-3.4713 0.3534 0.0100
-3.5964 0.1145 0.0063
4.7539 -4.5058 0.0000
4.5157 -4.5053 0.0000
-1.7103 4.7287 0.0000
-1.9089 4.4984 0.0000
-2.2459 0.9456 0.0571
-2.2539 0.7917 0.0638
-2.2992 0.6569 0.0688
-2.3074 0.5066 0.0740
-2.4185 0.7758 0.0622
-2.4375 0.5980 0.0683
-2.4313 0.4352 0.0734
-2.5408 0.3449 0.0714
-2.5692 0.5094 0.0660
-2.6964 0.3988 0.0614
-4.2365 3.7549 0.0000
-4.4637 3.6117 0.0000
-4.4972 3.3419 0.0000
-0.3082 0.8996 0.0222
-0.3819 0.6757 0.0264
0.5459 0.9919 0.0224
0.3344 0.8600 0.0231
0.1484 1.0070 0.0199
0.0772 0.7692 0.0236
0.2635 0.6532 0.0260
0.0118 0.5485 0.0267
-1.2457 4.4659 0.0000
-1.4378 4.2494 0.0001
-3.1339 -2.0110 0.0064
-3.3926 -2.1355 0.0027
-3.5771 -2.2971 0.0012
0.2572 -4.0128 0.0001
-0.0455 -4.0000 0.0001
4.0153 -0.1334 0.0006
1.7451 4.7597 0.0000
1.6256 4.5144 0.0000
1.3368 4.5111 0.0000
0.6274 4.2417 0.0000
4.7523 2.6641 0.0000
4.7531 2.3480 0.0000
4.1862 -4.1587 0.0000
3.9491 -4.2922 0.0000
3.7293 -4.4967 0.0000
4.7657 -0.9365 0.0000
-3.3278 3.9627 0.0000
-3.7324 3.8545 0.0000
-3.4939 3.7630 0.0000
-3.7214 3.5839 0.0000
-0.4842 2.3543 0.0031
2.5697 2.2966 0.0084
2.3882 2.2631 0.0096
2.4213 2.0272 0.0142
2.2649 -2.6371 0.0051
2.0417 -2.8447 0.0033
3.8758 3.2213 0.0001
3.7732 2.9886 0.0002
3.7364 2.7136 0.0003
-0.4187 3.9781 0.0001
-0.3275 3.6140 0.0002
-0.5679 3.7260 0.0002
-2.6819 4.7427 0.0000
-2.9845 4.7657 0.0000
3.6291 -0.4246 0.0050
3.7717 -0.6711 0.0022
-0.8712 -3.3093 0.0004
-0.7844 -3.5830 0.0002
-3.3609 4.2411 0.0000
-3.5940 4.0685 0.0000
-1.0202 0.6362 0.0369
-1.2402 0.6524 0.0425
-1.2089 0.4658 0.0456
3.8168 0.8628 0.0017
3.7233 0.5888 0.0031
3.4206 0.5723 0.0115
2.1174 -4.2589 0.0001
-0.4432 2.6058 0.0019
-0.7447 2.2718 0.0042
-4.5061 1.2551 0.0000
-4.7528 1.1043 0.0000
3.6000 -4.7573 0.0000
3.4184 -4.5917 0.0000
1.1927 1.3539 0.0226
0.5500 1.2180 0.0181
0.9944 1.2276 0.0228
0.9465 1.0099 0.0273
0.7676 1.2149 0.0202
0.7490 0.9919 0.0246
0.7605 0.7828 0.0291
-4.3914 -1.4012 0.0000
-4.3168 -1.6418 0.0001
-4.5021 -1.8584 0.0000
4.4947 -0.2685 0.0000
4.4816 -0.5388 0.0000
4.3249 -0.7146 0.0001
-2.3951 -3.3396 0.0010
-2.7044 -3.7306 0.0004
-2.8718 4.5042 0.0000
-3.1159 4.3085 0.0000
-2.1747 -4.5620 0.0000
-2.3578 -4.7412 0.0000
-4.2844 -3.9055 0.0000
-4.4767 -4.0978 0.0000
0.6427 2.7309 0.0015
0.5722 2.4391 0.0028
-4.7669 -0.2001 0.0000
4.0757 0.9502 0.0004
4.0047 0.6535 0.0007
3.9414 0.3742 0.0010
-1.3782 -3.3160 0.0006
-1.6329 -3.3304 0.0008
-1.6091 -3.5705 0.0004
-1.8658 -3.5592 0.0005
0.5911 4.5044 0.0000
0.3601 4.4849 0.0000
0.3558 4.2337 0.0000
0.2038 3.9700 0.0001
-2.4811 -4.1801 0.0001
-2.5265 -4.4914 0.0000
2.2981 -4.0050 0.0002
2.0772 -3.9935 0.0002
1.8359 -4.1452 0.0001
2.0891 -4.7671 0.0000
0.4978 -1.8186 0.0078
-4.7851 -4.7850 0.0000
3.7417 -1.8678 0.0007
0.0368 -1.7794 0.0077
2.6945 -3.2930 0.0009
2.5540 -3.5207 0.0006
-0.6135 1.5756 0.0117
2.7384 1.6517 0.0202
3.1512 -3.5787 0.0002
3.1250 -4.0468 0.0000
2.2329 2.9798 0.0023
2.1675 2.7090 0.0041
2.0868 2.4388 0.0069
4.5095 2.4728 0.0000
4.4790 2.1938 0.0000
2.5421 4.0253 0.0002
2.4240 3.7836 0.0003
-2.5551 2.1705 0.0109
-2.5712 1.9332 0.0158
3.4814 2.6211 0.0010
3.2423 2.5014 0.0022
3.0753 2.3027 0.0045
0.5740 -4.4656 0.0000
4.7166 -0.6912 0.0000
-2.2848 -4.3602 0.0001
-2.3727 4.3148 0.0001
-2.6519 4.3887 0.0000
0.5114 -2.3555 0.0031
0.3852 -2.5630 0.0020
0.1530 -2.4958 0.0021
-0.0899 -2.6465 0.0015
-0.6090 -4.5602 0.0000
-0.8001 -4.7353 0.0000
0.2203 3.0962 0.0005
0.1564 2.8187 0.0010
0.0776 2.5522 0.0018
0.0065 2.2814 0.0032
2.9882 0.8953 0.0308
2.7902 0.8047 0.0449
2.7755 0.6217 0.0509
2.6132 0.7017 0.0576
-2.6394 1.6935 0.0212
-2.7752 1.4506 0.0249
-3.4674 -4.5126 0.0000
-3.6062 -4.7595 0.0000
3.2668 -1.8585 0.0051
4.0314 4.0635 0.0000
4.2276 3.8944 0.0000
2.0473 -2.0837 0.0139
1.9263 -2.2895 0.0094
1.7255 -2.4645 0.0062
1.5000 -2.6191 0.0040
-0.1756 -1.6094 0.0102
2.9932 -3.7990 0.0001
2.8342 -4.0287 0.0001
2.6662 -4.2722 0.0001
3.0610 3.9843 0.0001
2.8175 4.0257 0.0002
4.7515 3.9001 0.0000
4.7517 3.5922 0.0000
4.5012 3.4602 0.0000
2.3009 -2.9513 0.0026
2.3736 -3.2517 0.0013
2.0890 -3.1421 0.0017
1.8250 -3.2948 0.0011
3.4221 -1.1485 0.0073
3.2133 -1.3242 0.0119
3.5970 -2.8110 0.0002
3.3160 -2.8376 0.0007
3.4681 -3.0776 0.0002
3.1811 -3.0926 0.0006
-0.0559 1.9980 0.0053
0.1306 1.8036 0.0075
-0.3093 1.9002 0.0065
1.9000 -4.6644 0.0000
1.7199 -4.7872 0.0000
0.8020 -3.7194 0.0002
0.7967 -3.9901 0.0001
4.0890 3.1201 0.0000
0.2242 -0.6043 0.0265
2.9396 2.0792 0.0082
2.8425 1.8612 0.0132
-1.8404 0.3863 0.0704
-1.9483 0.3007 0.0756
-2.0840 0.3201 0.0783
2.5421 1.3263 0.0356
-4.2603 1.6929 0.0000
-4.2558 1.3984 0.0000
-3.9754 -3.5245 0.0000
-4.0123 -3.7995 0.0000
-4.0840 -4.0597 0.0000
-1.2985 -2.1211 0.0081
-1.3786 -2.3638 0.0056
-2.8572 4.1872 0.0001
3.8151 -2.1659 0.0003
3.5984 -2.3233 0.0007
1.1052 3.9860 0.0001
0.9211 3.8187 0.0001
-3.0787 -0.7294 0.0285
-3.2788 -0.8811 0.0154
4.4798 -2.7708 0.0000
4.2357 -2.8300 0.0000
4.0188 -3.0043 0.0000
-3.5917 -2.5874 0.0007
-1.4720 -4.2998 0.0000
3.7053 2.1576 0.0009
3.9478 1.9778 0.0003
3.6661 1.8658 0.0015
1.8731 -4.4258 0.0000
-4.5846 -1.5666 0.0000
-4.7729 -1.7299 0.0000
-3.3876 -3.0148 0.0006
-3.4242 -3.2798 0.0003
-3.6958 -3.4307 0.0001
-0.9863 3.2825 0.0007
0.5564 -4.1363 0.0001
2.5251 4.5128 0.0000
2.9977 -3.3227 0.0005
0.0871 4.2506 0.0000
-0.0809 4.0461 0.0001
-0.2391 3.8316 0.0001
-1.6795 -4.0600 0.0001
-1.7465 -4.2982 0.0000
-1.8933 -4.5371 0.0000
-3.4970 -1.6637 0.0036
-3.6235 -1.9387 0.0016
-3.7714 -1.6702 0.0011
-3.9299 -1.8981 0.0004
-4.0335 -2.1437 0.0002
-3.2284 1.1734 0.0133
-4.7524 -4.2057 0.0000
3.8736 -2.7840 0.0001
3.3404 -0.8998 0.0119
3.1339 -1.0819 0.0187
1.3241 -4.1952 0.0001
-2.8854 -2.1364 0.0081
-3.1266 -2.2806 0.0042
-3.3280 -0.6115 0.0154
-0.6503 -1.4659 0.0144
-1.4843 0.1108 0.0606
-1.6294 0.0693 0.0668
-1.7085 -0.0592 0.0701
-1.8602 -0.0572 0.0758
-1.6276 -0.1915 0.0660
-1.7856 -0.1866 0.0722
-1.8706 -0.3017 0.0734
-1.9361 -0.1799 0.0772
-1.9792 -0.3499 0.0755
-1.7910 3.8514 0.0003
-1.9472 3.6367 0.0005
-0.1081 4.4481 0.0000
-0.2566 4.2135 0.0000
-0.5389 4.2407 0.0001
4.4780 3.1749 0.0000
4.0071 2.8604 0.0001
4.7709 1.2790 0.0000
4.7507 1.0195 0.0000
4.2472 3.6081 0.0000
4.2498 3.3081 0.0000
4.0240 3.4413 0.0000
1.7466 3.0865 0.0015
1.3892 2.7651 0.0025
1.9823 -0.1166 0.0791
2.0235 -0.2271 0.0788
1.8740 -0.1950 0.0751
1.8021 -0.3381 0.0702
1.9492 -0.3381 0.0749
1.8766 -0.4675 0.0696
1.6979 -0.4449 0.0639
-1.6421 4.4156 0.0001
4.5207 1.9340 0.0000
-4.5089 1.8535 0.0000
-4.5087 1.5526 0.0000
0.2100 2.0858 0.0047
-3.3480 -2.7418 0.0011
-1.5440 3.3306 0.0009
0.5691 1.6726 0.0106
0.3075 1.6109 0.0105
0.0638 1.5088 0.0114
4.4716 -1.3472 0.0000
4.2219 -1.4000 0.0001
-4.7562 1.4062 0.0000
-3.5202 1.5554 0.0032
-3.7612 1.3955 0.0012
4.1789 -0.9153 0.0001
3.9059 -0.9180 0.0008
3.6336 -0.9492 0.0036
3.9572 -1.1532 0.0005
3.7075 -1.2346 0.0019
3.4874 -1.4200 0.0043
-2.9837 1.0745 0.0263
-3.1861 0.9348 0.0185
1.1909 1.9796 0.0095
1.3635 1.7836 0.0144
1.2620 1.5650 0.0183
-1.6331 -2.3980 0.0061
-4.5189 -4.7312 0.0000
4.0228 4.3490 0.0000
3.7840 4.2053 0.0000
1.2300 -0.9698 0.0336
0.9262 4.1953 0.0000
0.7586 3.9912 0.0001
2.4886 0.3002 0.0743
2.6270 0.2302 0.0686
2.6054 0.0881 0.0712
2.4902 0.1538 0.0764
2.3681 0.1054 0.0807
2.3636 0.2280 0.0794
2.3040 0.0022 0.0822
0.3176 -0.2070 0.0311
-1.8226 2.2859 0.0091
-2.0701 2.1751 0.0120
-2.3078 2.1891 0.0117
-2.3377 1.9585 0.0171
4.2831 1.8823 0.0001
4.1021 1.7567 0.0002
-3.9284 4.7504 0.0000
-4.2338 4.7751 0.0000
-4.5136 4.7407 0.0000
2.0287 3.1813 0.0014
1.9586 2.9040 0.0026
1.8869 2.6370 0.0044
3.2209 -0.6633 0.0201
3.0865 -0.8593 0.0251
-2.8226 -2.6975 0.0032
-2.8602 -2.9833 0.0017
0.6690 0.5608 0.0316
0.6016 0.3572 0.0332
0.4685 0.1725 0.0328
0.4377 -0.0236 0.0328
0.2466 0.0134 0.0312
-0.7808 0.7340 0.0301
-0.9274 1.4751 0.0160
-1.2410 1.5006 0.0196
-1.1101 1.3028 0.0223
-1.3137 1.2254 0.0282
-0.8884 1.2270 0.0208
-1.1754 1.0482 0.0302
-1.2232 -1.8637 0.0117
-1.4610 -1.9282 0.0124
-1.6931 -1.8745 0.0156
-1.6016 -2.1418 0.0095
0.3664 2.6346 0.0016
0.2890 2.3602 0.0029
-1.9484 1.7641 0.0219
-1.8922 0.5347 0.0681
-1.9913 0.4277 0.0738
1.2534 -1.6677 0.0159
1.2243 -1.9438 0.0105
0.9732 -2.0345 0.0075
0.7501 -2.2307 0.0046
0.8461 2.5269 0.0028
0.7688 2.2307 0.0047
0.4880 2.1594 0.0046
-4.4312 2.7196 0.0000
-4.6259 2.7981 0.0000
-4.7607 2.6147 0.0000
0.2608 -1.0609 0.0192
0.0385 -0.9849 0.0201
-1.1184 -3.3900 0.0004
-1.3565 -3.5587 0.0003
1.6132 1.3113 0.0317
1.5183 1.1026 0.0371
1.5532 0.9082 0.0449
1.3589 0.9178 0.0391
-2.0236 4.7609 0.0000
-2.3386 4.7804 0.0000
-1.0182 2.1712 0.0062
-1.0548 1.9085 0.0097
-1.2824 1.7644 0.0143
-1.0670 1.6495 0.0142
-2.8035 1.9247 0.0125
-3.0606 1.8236 0.0092
-2.8526 1.6867 0.0165
2.7963 0.4578 0.0534
2.6187 0.5348 0.0626
2.4621 0.6028 0.0670
2.3387 0.5075 0.0731
2.6328 0.3795 0.0656
2.4807 0.4466 0.0712
2.3506 0.3660 0.0769
0.7413 1.4436 0.0154
0.4892 1.4218 0.0141
1.8568 1.3773 0.0336
1.7615 1.1849 0.0396
2.3335 1.7785 0.0214
2.0837 1.7434 0.0224
-2.6369 -2.2487 0.0087
-2.8697 -2.4091 0.0052
0.2389 3.3715 0.0003
-0.0105 3.2701 0.0004
-1.2815 -4.5198 0.0000
2.7300 -0.7577 0.0497
2.5572 -0.8375 0.0553
2.6911 -0.9747 0.0443
2.5365 -1.0866 0.0459
2.4596 -0.9579 0.0535
2.3165 -1.0633 0.0513
2.4742 -1.2393 0.0412
2.3061 -1.2428 0.0434
2.1323 -1.2397 0.0436
-4.0141 1.8334 0.0001
-4.0110 1.5319 0.0002
0.4921 3.9696 0.0001
-2.7402 -0.5382 0.0554
-2.8852 -0.6349 0.0433
0.9362 -1.2754 0.0204
0.8515 -1.5192 0.0144
0.2406 -2.2467 0.0034
1.9625 0.5928 0.0679
1.8326 0.6789 0.0614
1.7774 0.5382 0.0644
1.6415 0.6210 0.0572
1.9074 0.4739 0.0703
1.6274 0.4467 0.0615
1.4722 0.5430 0.0535
1.5793 0.3084 0.0624
1.4251 0.3764 0.0553
1.4324 0.2043 0.0579
1.2369 0.2903 0.0498
1.2940 0.0996 0.0533
1.1608 -0.0164 0.0488
2.2075 -0.7680 0.0648
2.1666 -0.9175 0.0582
2.1380 -1.0736 0.0511
0.6620 3.6971 0.0001
0.4782 3.4903 0.0002
-2.3598 -1.8793 0.0183
-2.3974 -2.1063 0.0126
-2.3973 1.1244 0.0476
-2.4069 0.9482 0.0552
-2.5800 0.8775 0.0529
-2.7645 0.9793 0.0406
-2.7460 0.7726 0.0483
-2.5767 0.6891 0.0599
-2.7261 0.5785 0.0552
-2.9466 0.8541 0.0337
-2.9097 0.6441 0.0411
4.2211 4.7764 0.0000
4.0170 4.6089 0.0000
0.1961 -2.7698 0.0012
0.0121 -2.9764 0.0007
-0.0958 -3.2361 0.0004
4.2632 -1.9203 0.0000
4.0076 -1.9483 0.0001
1.0933 -4.4018 0.0000
2.4889 1.5698 0.0272
2.2350 1.5595 0.0293
-0.5385 -2.2277 0.0042
-0.6229 -2.4999 0.0025
2.7363 2.7753 0.0030
2.6321 2.5381 0.0052
2.3555 2.5076 0.0061
-0.7779 -0.7525 0.0300
4.2673 -3.0935 0.0000
4.2336 -3.3317 0.0000
-4.7732 -2.3155 0.0000
0.1796 -3.2310 0.0004
1.0716 2.4156 0.0041
1.2825 2.2278 0.0067
1.0143 2.1905 0.0060
0.9168 1.9556 0.0083
-0.1032 3.5167 0.0002
-0.2835 3.2888 0.0004
3.5345 4.2548 0.0000
3.2698 4.2575 0.0000
3.2852 4.0191 0.0001
2.9921 4.2531 0.0001
-0.7639 -2.2050 0.0050
-0.8725 -2.3462 0.0041
-0.9099 -2.5703 0.0026
-1.1780 -2.5792 0.0032
-1.4137 -4.7654 0.0000
0.6811 -1.3479 0.0162
-1.1142 -1.3742 0.0210
-1.1843 -1.6171 0.0162
-1.7383 -2.6051 0.0044
-3.8770 -2.6893 0.0002
4.7493 -3.5556 0.0000
4.5134 -3.7117 0.0000
4.3996 -3.9455 0.0000
-0.9520 4.5017 0.0000
1.9726 -0.5937 0.0683
1.9005 -0.7315 0.0615
1.8388 -0.8918 0.0536
1.6491 -0.9254 0.0469
1.5736 -1.1135 0.0380
1.4411 -0.9527 0.0398
-0.0020 -2.0608 0.0048
-0.2746 -2.1373 0.0044
-0.3207 -2.4116 0.0026
-1.7631 1.2069 0.0392
-1.8576 1.0499 0.0477
-1.9376 0.9090 0.0554
-2.0706 1.0076 0.0534
-2.0894 0.8325 0.0613
-2.1231 0.6903 0.0674
-2.1844 0.5755 0.0721
0.0898 -4.2562 0.0000
4.4869 0.0261 0.0000
4.2662 -0.1209 0.0001
4.2138 -0.4043 0.0001
2.6718 2.0768 0.0114
2.5761 1.8244 0.0182
3.5826 3.2061 0.0002
3.2571 3.0296 0.0008
-0.1868 -4.2680 0.0000
-0.3130 -4.5310 0.0000
2.5386 -2.1625 0.0111
2.4202 -2.3972 0.0078
-3.0907 4.0564 0.0000
-3.0397 3.8345 0.0001
-4.7211 -2.6088 0.0000
-2.1568 -0.9824 0.0546
-2.3011 -1.0872 0.0497
-1.9466 -1.0223 0.0502
-2.0992 -1.1557 0.0462
-2.2525 -1.2825 0.0410
-2.3386 -0.9008 0.0578
-2.4573 -1.2028 0.0425
-2.4099 -1.4141 0.0342
-2.5916 -1.3495 0.0336
2.5746 -0.6481 0.0614
2.4139 -0.7534 0.0631
2.3271 -0.8704 0.0598
1.4303 -4.7601 0.0000
1.1676 -4.6924 0.0000
0.9588 -4.7775 0.0000
-0.9025 -0.9453 0.0281
-1.0257 -1.1464 0.0253
1.6659 1.8639 0.0156
3.0338 -2.3885 0.0038
4.5333 1.1746 0.0000
4.3318 1.0419 0.0001
-1.1278 3.0400 0.0013
-1.2771 2.8249 0.0023
-0.2314 -1.8708 0.0069
-3.2389 3.3277 0.0003
-3.2508 3.0617 0.0005
-3.4505 3.4889 0.0001
-3.5042 3.2179 0.0001
-3.7602 3.0598 0.0001
-3.5166 2.9371 0.0003
-3.7789 2.7564 0.0001
-2.4126 0.1305 0.0795
-2.3202 0.0544 0.0820
-2.4774 0.0246 0.0778
-2.5883 0.0876 0.0723
-2.6775 -0.0267 0.0670
-2.8275 -0.0640 0.0557
-2.8606 -0.2446 0.0519
1.0703 -3.2805 0.0007
0.8964 -3.4931 0.0004
-1.7670 0.8521 0.0532
-1.9363 0.7439 0.0620
-2.0020 0.6191 0.0681
4.7408 3.2705 0.0000
4.7646 2.9713 0.0000
4.5431 2.9328 0.0000
4.2868 2.9664 0.0000
4.4922 2.7161 0.0000
-2.2751 4.0402 0.0002
-2.4776 3.8751 0.0002
-2.7744 3.9155 0.0001
2.8266 -1.7080 0.0167
-3.7356 0.3709 0.0030
-3.8664 0.1180 0.0016
-3.9937 -0.1301 0.0008
0.8676 -4.5355 0.0000
3.4695 -0.1885 0.0105
3.2233 -0.2352 0.0236
3.3640 -0.4441 0.0143
-1.7186 3.4991 0.0007
-1.9470 -0.4877 0.0710
-2.0273 -0.5829 0.0697
-2.0696 -0.7178 0.0653
-0.2625 3.0354 0.0007
-0.1368 2.7438 0.0012
2.9443 1.5868 0.0166
2.9188 1.3737 0.0223
0.3297 -3.5296 0.0002
-1.1018 4.2499 0.0001
2.0733 -3.4103 0.0009
1.8565 -3.5854 0.0006
1.8406 -3.8667 0.0003
1.6049 -3.7458 0.0003
1.5632 -4.0041 0.0002
-0.7976 4.7536 0.0000
-0.7023 -1.7288 0.0104
-1.0213 -2.0725 0.0074
-1.1046 -2.3217 0.0050
-0.9674 1.0520 0.0261
-0.9515 0.8514 0.0306
3.6441 0.3364 0.0049
3.8579 0.1102 0.0017
3.5698 0.0731 0.0071
3.7395 -0.1599 0.0031
1.9726 2.1755 0.0108
1.9146 1.9245 0.0161
4.7487 -0.4227 0.0000
3.9711 -1.4120 0.0003
3.7297 -1.5550 0.0012
3.5054 -1.7297 0.0027
-1.7011 3.1120 0.0016
4.4893 -1.6124 0.0000
-1.9277 0.0716 0.0778
-2.0651 0.0678 0.0812
-2.1337 -0.0411 0.0823
-2.2481 -0.0628 0.0826
-2.0007 -0.0595 0.0799
-2.0932 -0.1503 0.0811
-2.1982 -0.1861 0.0816
-3.8775 4.4714 0.0000
-4.1237 4.3020 0.0000
-0.5343 0.0857 0.0340
2.2416 4.0114 0.0002
1.9470 4.0111 0.0001
0.5284 -3.8434 0.0001
-1.9776 3.0295 0.0022
-2.2302 2.9365 0.0027
-0.7492 0.9712 0.0247
2.2421 0.2777 0.0800
2.1443 0.1930 0.0811
2.0733 0.1090 0.0811
1.9298 0.1025 0.0777
2.0236 0.0011 0.0805
1.8816 -0.0289 0.0765
0.2571 1.3349 0.0146
0.3345 1.1287 0.0184
-3.2694 2.7799 0.0009
-3.4981 2.6730 0.0005
-0.1812 -0.9188 0.0214
-0.4121 -0.9519 0.0220
-0.1686 -1.1404 0.0176
-0.3727 -1.1606 0.0181
-2.4378 2.4235 0.0074
-2.7177 2.4144 0.0060
1.9210 4.5126 0.0000
0.4447 -3.2918 0.0004
-3.9266 -4.2715 0.0000
0.6246 -0.8326 0.0260
0.4907 -0.9824 0.0218
0.4898 -1.2105 0.0174
0.2748 -1.3283 0.0145
-2.6328 -3.1623 0.0014
-2.6602 -3.4475 0.0007
1.5948 -4.2857 0.0001
0.3301 -0.8280 0.0236
-1.8124 -0.5856 0.0641
-1.7603 -0.7534 0.0567
-1.9240 -0.6851 0.0638
-1.8996 -0.8400 0.0571
-2.0423 -0.8644 0.0588
-2.2015 -0.8150 0.0623
-4.5291 -0.6602 0.0000
-4.7673 -0.7829 0.0000
1.9956 1.5176 0.0298
1.9829 1.2308 0.0415
1.7180 0.9885 0.0464
-4.2433 -4.2637 0.0000
-4.3490 -4.5309 0.0000
-4.1662 4.0387 0.0000
-4.4391 3.9613 0.0000
-4.5874 3.7935 0.0000
-4.7818 3.8624 0.0000
1.1938 -0.6135 0.0420
1.0881 -0.8204 0.0342
-4.7452 3.5549 0.0000
-4.7549 3.2565 0.0000
-0.2384 -2.8872 0.0009
-0.3221 -3.0999 0.0005
-0.3623 -3.3383 0.0003
0.7228 -1.9537 0.0071
0.4886 -2.0940 0.0049
3.4964 2.9192 0.0005
3.2212 2.7639 0.0015
2.9830 2.9287 0.0017
2.9584 2.5970 0.0033
2.8206 2.3341 0.0063
3.8902 4.7866 0.0000
3.6238 4.7439 0.0000
2.2055 0.4171 0.0768
2.1109 0.3192 0.0786
2.0063 0.2288 0.0784
2.0804 0.4968 0.0734
2.0256 0.3934 0.0754
1.9150 0.3292 0.0741
1.8531 0.2149 0.0741
1.7741 0.3751 0.0685
1.7190 0.2458 0.0688
1.7673 0.0836 0.0722
1.7556 -0.0817 0.0718
1.5991 0.1435 0.0651
1.6241 -0.0050 0.0667
1.6049 -0.1490 0.0652
1.4405 4.7599 0.0000
2.4328 1.1731 0.0441
2.2290 1.1915 0.0450
2.0985 1.0868 0.0493
0.3493 -4.2829 0.0000
0.2660 -4.5200 0.0000
0.1374 -4.7629 0.0000
2.8021 3.2165 0.0011
2.7220 3.0073 0.0019
2.4972 3.0458 0.0020
2.4578 2.7783 0.0035
-2.8989 -3.2603 0.0009
-2.9340 -3.5336 0.0005
3.6210 1.5901 0.0024
3.3969 1.4380 0.0065
3.1720 1.5489 0.0109
3.3898 1.1591 0.0087
3.1503 1.2990 0.0152
-0.1157 1.7048 0.0086
-0.3637 1.6173 0.0101
-0.1808 1.4173 0.0128
-0.4479 1.3413 0.0148
2.3936 -3.7680 0.0003
2.2887 -3.5085 0.0007
2.1094 -3.7243 0.0004
2.9470 -4.2811 0.0000
2.8855 -4.5132 0.0000
1.6070 3.5602 0.0004
-1.2212 3.3913 0.0006
2.2452 0.1314 0.0821
2.1677 0.0243 0.0826
2.1062 -0.0993 0.0817
4.7148 -1.1656 0.0000
4.5066 -0.8699 0.0000
4.4424 -1.0839 0.0000
4.2041 -1.1539 0.0001
-1.8424 0.2140 0.0737
-2.0032 0.1874 0.0789
-2.1995 0.0711 0.0827
-4.7523 -3.6157 0.0000
-4.7552 -3.9130 0.0000
4.2544 2.6918 0.0000
4.0043 2.5700 0.0001
3.7630 2.4478 0.0004
1.5303 -2.9083 0.0023
1.2792 -3.0817 0.0013
-1.5174 1.6176 0.0209
-1.7889 1.5788 0.0261
-1.6571 1.4022 0.0298
3.4622 2.0333 0.0025
3.3702 1.7540 0.0049
3.4579 -3.5859 0.0001
3.3073 -3.8238 0.0001
-2.2772 1.4998 0.0327
-2.3985 1.3107 0.0395
-2.5800 1.0811 0.0448
0.2528 -1.9533 0.0058
-0.5161 3.0898 0.0007
-0.3848 2.8210 0.0012
-0.6558 2.8485 0.0013
-0.7044 2.5730 0.0024
-4.2516 -3.6354 0.0000
-4.5248 -3.8296 0.0000
-0.9512 2.4464 0.0036
3.1887 2.0151 0.0056
3.0747 1.7953 0.0099
-0.8616 3.7608 0.0002
-1.0461 3.5769 0.0004
-0.4846 4.7509 0.0000
-3.3467 -2.4431 0.0019
2.7698 -1.4600 0.0248
2.5922 -1.6398 0.0238
2.3803 -1.6731 0.0255
-2.0622 -2.9982 0.0022
-2.1511 -3.2131 0.0014
2.8483 -3.5480 0.0004
2.6920 -3.7753 0.0002
0.3514 3.7279 0.0001
0.1563 3.5822 0.0002
-0.3599 -4.0422 0.0000
-0.4726 -4.3041 0.0000
3.7504 3.4737 0.0001
0.0895 -0.1462 0.0302
-0.0754 -0.3055 0.0293
-4.6622 4.3570 0.0000
-2.7756 2.9093 0.0020
-3.0363 2.8807 0.0014
-2.4919 4.5779 0.0000
-4.7318 -2.8670 0.0000
-4.7303 -3.1018 0.0000
-4.7213 0.0737 0.0000
-4.1566 -1.3599 0.0002
0.0636 -1.2309 0.0159
-0.1436 -1.3676 0.0138
-0.3844 -1.4070 0.0139
-1.5887 -4.5405 0.0000
-2.0311 1.5450 0.0302
-1.8907 1.3626 0.0355
-2.0074 1.1772 0.0450
-2.1057 1.3511 0.0386
-2.2376 1.2704 0.0425
-2.2155 1.1158 0.0494
-2.0812 -0.4238 0.0756
-2.1417 -0.3056 0.0792
-2.2752 -0.3002 0.0794
-2.2247 -0.4304 0.0765
1.4428 -1.8022 0.0153
1.4789 -2.0636 0.0106
1.2495 -2.1946 0.0072
1.0300 -2.2967 0.0050
1.4537 3.7839 0.0002
1.1796 3.7163 0.0002
-1.3321 3.1847 0.0011
4.4550 -2.1864 0.0000
4.1468 -2.1997 0.0000
0.7016 -4.7475 0.0000
-3.6783 -3.1345 0.0002
-3.9468 -3.2466 0.0001
1.6394 4.0266 0.0001
4.4902 -3.3929 0.0000
4.2644 -3.6194 0.0000
4.0087 -3.5225 0.0000
3.9112 -3.7588 0.0000
1.6756 2.8263 0.0026
1.6040 2.5677 0.0043
1.3354 2.4966 0.0042
1.1705 2.9638 0.0013
1.1374 4.7478 0.0000
1.0666 4.4890 0.0000
0.6152 -0.0792 0.0352
0.5276 -0.2540 0.0331
0.3861 -0.4348 0.0298
-4.7425 4.5713 0.0000
-3.3920 0.7850 0.0108
-3.6744 0.8508 0.0031
-3.5831 0.5972 0.0056
-0.7513 -4.3667 0.0000
-3.8861 -1.4009 0.0008
-4.0586 -1.6295 0.0003
1.0231 -1.7748 0.0115
0.8110 -1.7527 0.0102
3.0279 3.7446 0.0003
3.9554 -2.4120 0.0001
-3.2865 1.6932 0.0061
-3.0445 1.5516 0.0139
-3.2656 1.4228 0.0092
4.7763 4.7807 0.0000
4.5082 4.7049 0.0000
4.7513 4.5088 0.0000
0.9967 -0.0614 0.0437
0.9475 -0.2620 0.0411
0.8648 -0.4525 0.0367
2.6497 4.7563 0.0000
1.8047 2.3777 0.0070
1.7216 2.1134 0.0107
1.4660 2.0179 0.0107
1.7312 -0.2289 0.0694
1.6093 -0.3080 0.0633
1.6096 -0.5969 0.0565
1.7925 -0.5949 0.0630
1.7173 -0.7488 0.0554
1.5249 -0.7674 0.0483
1.5054 -0.4468 0.0565
1.4123 -0.6093 0.0491
1.3142 -0.7800 0.0413
-4.2100 -2.8559 0.0000
-4.4686 -3.1160 0.0000
-3.7799 2.2414 0.0003
-3.7641 1.9750 0.0005
1.4780 -2.3414 0.0066
1.2310 -2.4830 0.0043
1.0183 -2.6449 0.0026
1.2796 -2.7742 0.0025
1.0627 -2.9295 0.0016
0.8937 -3.1097 0.0009
-4.7562 1.7111 0.0000
-4.2463 2.2912 0.0000
-4.2614 1.9910 0.0000
2.0240 -0.8574 0.0592
1.9806 -1.0155 0.0517
1.7914 -1.0785 0.0449
1.7216 -1.2555 0.0364
1.9560 -1.1906 0.0437
1.8942 -1.3519 0.0360
1.6930 -1.4690 0.0283
1.5339 -1.6125 0.0212
1.8364 1.6800 0.0225
1.7081 1.5076 0.0265
1.5578 1.6839 0.0190
1.4596 1.4906 0.0231
-1.6233 4.0585 0.0001
-3.9890 -1.1165 0.0006
-4.2670 -1.1075 0.0001
-4.7369 -4.5169 0.0000
-2.1533 3.2241 0.0014
-2.3751 3.1591 0.0016
-3.6378 -2.8603 0.0004
-3.5111 -0.2796 0.0089
-3.5690 -0.4990 0.0066
-2.1864 1.7184 0.0246
-0.4420 -1.6722 0.0101
-0.5069 -1.9531 0.0067
-0.7651 -1.9854 0.0073
-2.1307 -2.2606 0.0097
-2.3966 -2.3716 0.0079
-0.3923 -2.6518 0.0016
-0.5148 -2.8581 0.0010
-0.7285 -2.7692 0.0015
-0.8096 -3.0362 0.0008
1.4680 3.0234 0.0015
-3.4979 1.2825 0.0047
0.4360 -1.4815 0.0124
0.2917 -1.6674 0.0092
2.0930 -1.4122 0.0359
1.9207 -1.5658 0.0283
1.7411 -1.7096 0.0214
1.6540 -1.8963 0.0156
1.7032 -2.1842 0.0101
-3.1549 4.5457 0.0000
-3.4103 4.5059 0.0000
-0.9546 2.7647 0.0020
-1.1546 2.5881 0.0033
-1.2336 2.3280 0.0056
-3.1102 -1.4077 0.0149
-3.1552 -1.7349 0.0090
-3.3607 -1.8664 0.0043
2.7411 -2.3312 0.0068
2.5999 -2.5464 0.0052
0.7299 -3.3211 0.0005
0.5843 -3.5637 0.0003
2.4975 -2.7570 0.0037
1.7888 4.2645 0.0000
1.4911 4.2691 0.0000
1.3557 4.0197 0.0001
-1.7271 -4.7709 0.0000
-0.7108 1.3913 0.0156
3.9125 -0.4033 0.0011
-1.8102 4.2145 0.0001
-1.9777 4.0081 0.0002
-2.1365 3.8040 0.0003
3.8693 1.6779 0.0007
3.9232 1.4337 0.0007
3.8823 1.1510 0.0010
3.6544 1.3249 0.0027
3.6137 1.0495 0.0041
-4.5260 -4.3699 0.0000
-2.1682 3.4692 0.0008
-0.4139 0.4722 0.0296
-0.4751 -3.5805 0.0002
-0.8544 -3.8724 0.0001
4.0221 -4.5262 0.0000
3.8983 -4.7601 0.0000
