5.0000 5.0000 0.0000
0.0000 5.0000 0.0000
2.5000 5.0000 0.0000
3.7500 5.0000 0.0000
4.3750 5.0000 0.0000
4.6875 5.0000 0.0000
4.0625 5.0000 0.0000
3.1250 5.0000 0.0000
3.4375 5.0000 0.0000
2.8125 5.0000 0.0000
1.2500 5.0000 0.0000
1.8750 5.0000 0.0000
2.1875 5.0000 0.0000
1.5625 5.0000 0.0000
0.6250 5.0000 0.0000
0.9375 5.0000 0.0000
0.3125 5.0000 0.0000
-2.5000 5.0000 0.0000
-1.2500 5.0000 0.0000
-0.6250 5.0000 0.0000
-0.3125 5.0000 0.0000
-0.9375 5.0000 0.0000
-1.8750 5.0000 0.0000
-1.5625 5.0000 0.0000
-2.1875 5.0000 0.0000
-3.7500 5.0000 0.0000
-3.1250 5.0000 0.0000
-2.8125 5.0000 0.0000
-3.4375 5.0000 0.0000
-4.3750 5.0000 0.0000
-4.0625 5.0000 0.0000
-4.6875 5.0000 0.0000
5.0000 -5.0000 0.0000
5.0000 0.0000 0.0000
5.0000 -2.5000 0.0000
5.0000 -3.7500 0.0000
5.0000 -4.3750 0.0000
5.0000 -4.6875 0.0000
5.0000 -4.0625 0.0000
5.0000 -3.1250 0.0000
5.0000 -3.4375 0.0000
5.0000 -2.8125 0.0000
5.0000 -1.2500 0.0000
5.0000 -1.8750 0.0000
5.0000 -2.1875 0.0000
5.0000 -1.5625 0.0000
5.0000 -0.6250 0.0000
5.0000 -0.9375 0.0000
5.0000 -0.3125 0.0000
5.0000 2.5000 0.0000
5.0000 1.2500 0.0000
5.0000 0.6250 0.0000
5.0000 0.3125 0.0000
5.0000 0.9375 0.0000
5.0000 1.8750 0.0000
5.0000 1.5625 0.0000
5.0000 2.1875 0.0000
5.0000 3.7500 0.0000
5.0000 3.1250 0.0000
5.0000 2.8125 0.0000
5.0000 3.4375 0.0000
5.0000 4.3750 0.0000
5.0000 4.0625 0.0000
5.0000 4.6875 0.0000
-5.0000 -5.0000 0.0000
0.0000 -5.0000 0.0000
-2.5000 -5.0000 0.0000
-3.7500 -5.0000 0.0000
-4.3750 -5.0000 0.0000
-4.6875 -5.0000 0.0000
-4.0625 -5.0000 0.0000
-3.1250 -5.0000 0.0000
-3.4375 -5.0000 0.0000
-2.8125 -5.0000 0.0000
-1.2500 -5.0000 0.0000
-1.8750 -5.0000 0.0000
-2.1875 -5.0000 0.0000
-1.5625 -5.0000 0.0000
-0.6250 -5.0000 0.0000
-0.9375 -5.0000 0.0000
-0.3125 -5.0000 0.0000
2.5000 -5.0000 0.0000
1.2500 -5.0000 0.0000
0.6250 -5.0000 0.0000
0.3125 -5.0000 0.0000
0.9375 -5.0000 0.0000
1.8750 -5.0000 0.0000
1.5625 -5.0000 0.0000
2.1875 -5.0000 0.0000
3.7500 -5.0000 0.0000
3.1250 -5.0000 0.0000
2.8125 -5.0000 0.0000
3.4375 -5.0000 0.0000
4.3750 -5.0000 0.0000
4.0625 -5.0000 0.0000
4.6875 -5.0000 0.0000
-5.0000 5.0000 0.0000
-5.0000 0.0000 0.0000
-5.0000 2.5000 0.0000
-5.0000 3.7500 0.0000
-5.0000 4.3750 0.0000
-5.0000 4.6875 0.0000
-5.0000 4.0625 0.0000
-5.0000 3.1250 0.0000
-5.0000 3.4375 0.0000
-5.0000 2.8125 0.0000
-5.0000 1.2500 0.0000
-5.0000 1.8750 0.0000
-5.0000 2.1875 0.0000
-5.0000 1.5625 0.0000
-5.0000 0.6250 0.0000
-5.0000 0.9375 0.0000
-5.0000 0.3125 0.0000
-5.0000 -2.5000 0.0000
-5.0000 -1.2500 0.0000
-5.0000 -0.6250 0.0000
-5.0000 -0.3125 0.0000
-5.0000 -0.9375 0.0000
-5.0000 -1.8750 0.0000
-5.0000 -1.5625 0.0000
-5.0000 -2.1875 0.0000
-5.0000 -3.7500 0.0000
-5.0000 -3.1250 0.0000
-5.0000 -2.8125 0.0000
-5.0000 -3.4375 0.0000
-5.0000 -4.3750 0.0000
-5.0000 -4.0625 0.0000
-5.0000 -4.6875 0.0000
2.6217 -2.1040 0.0115
2.3762 -2.1498 0.0123
1.6855 -3.2246 0.0013
1.5844 -3.4814 0.0007
-1.7305 2.8689 0.0028
-1.8667 2.6118 0.0050
-1.9807 2.3497 0.0086
1.6687 -3.9782 0.0002
1.7804 -2.9645 0.0023
1.4874 -3.0172 0.0018
1.3901 -3.2737 0.0010
-1.1060 4.1803 0.0001
-0.9450 3.9538 0.0001
-1.2056 3.8856 0.0002
-1.4922 3.8370 0.0003
-2.1213 -0.4500 0.0753
-2.2775 -0.4749 0.0749
-2.3991 -0.5465 0.0706
-2.4548 -0.6950 0.0639
0.1865 3.0501 0.0006
-0.0863 3.0717 0.0006
-0.8840 1.0063 0.0258
-2.7083 -1.7994 0.0170
2.9210 2.2367 0.0065
4.5041 -2.7448 0.0000
4.2476 -2.8476 0.0000
4.1309 -3.0719 0.0000
4.1286 -2.0289 0.0000
-1.8083 -4.3467 0.0000
-3.6275 4.2369 0.0000
-4.7658 -0.4587 0.0000
4.7410 1.7070 0.0000
2.2161 3.1997 0.0014
-2.3001 0.5434 0.0729
-2.4069 0.4685 0.0732
-2.5032 0.3780 0.0723
-2.5331 0.2428 0.0735
-2.6667 0.1873 0.0667
-2.7095 0.0530 0.0646
-2.7903 -0.0995 0.0585
-2.9455 -0.2400 0.0451
2.7958 -0.5757 0.0506
2.8154 -0.7710 0.0441
2.6446 -0.8596 0.0507
-1.2885 3.6130 0.0004
-1.8308 2.1245 0.0120
0.1467 1.5946 0.0103
-0.0170 1.3816 0.0134
-1.3502 -2.9903 0.0014
-4.2786 -0.6936 0.0001
-4.2052 -0.9063 0.0002
-4.5003 -0.9444 0.0000
-1.8357 1.4440 0.0316
-1.6765 1.2894 0.0342
-1.8724 1.2212 0.0409
-2.0150 0.8771 0.0583
2.3930 -3.6130 0.0005
3.7806 3.6443 0.0001
3.7058 3.4087 0.0001
-0.3036 -2.0332 0.0054
-3.7337 -3.1295 0.0002
2.2645 -1.1149 0.0494
2.1433 -1.3069 0.0408
2.0898 -1.5412 0.0308
-0.4597 4.7634 0.0000
-0.6064 4.5108 0.0000
-3.5399 -3.9002 0.0001
-3.7924 -4.0284 0.0000
-0.7553 4.7793 0.0000
2.4033 2.9641 0.0024
-2.1101 2.0845 0.0140
-2.1376 1.8228 0.0212
-2.2142 1.6063 0.0287
-2.4311 1.4798 0.0322
0.2056 4.2694 0.0000
-3.5929 2.5359 0.0005
-4.7415 2.2947 0.0000
-4.7648 2.0402 0.0000
0.6689 0.9958 0.0235
0.6740 0.7894 0.0277
0.4795 0.7050 0.0268
0.8406 3.7789 0.0001
-3.5520 -1.6387 0.0030
-2.4073 1.2563 0.0417
-2.3549 1.0525 0.0515
-2.3240 0.8571 0.0605
4.5263 0.9908 0.0000
4.2823 1.0658 0.0001
4.7300 1.4101 0.0000
4.4613 1.2763 0.0000
-2.3538 4.7055 0.0000
-4.7432 -4.4998 0.0000
-4.7609 -4.7609 0.0000
-2.3284 -3.8077 0.0003
4.4479 -3.5741 0.0000
4.7395 -3.1795 0.0000
-3.4477 -3.0719 0.0005
-2.9047 3.4986 0.0004
-0.7072 -2.5252 0.0025
4.5063 2.1662 0.0000
2.9076 1.1560 0.0285
2.8258 0.9917 0.0372
2.9305 0.8022 0.0364
2.9521 0.6042 0.0392
2.7250 0.8153 0.0481
2.7820 0.6523 0.0497
2.7187 0.4963 0.0578
2.5796 0.4324 0.0673
-4.7843 0.4854 0.0000
-0.9260 0.7938 0.0314
3.6637 -0.6904 0.0037
-4.7522 4.2006 0.0000
4.2693 -3.8107 0.0000
3.9861 -4.0671 0.0000
-2.7354 1.0878 0.0383
-2.8777 0.9123 0.0363
-3.0362 0.7511 0.0302
-4.2249 3.0160 0.0000
-4.4850 2.8535 0.0000
-4.4798 2.5686 0.0000
-4.7681 -0.9341 0.0000
-4.5003 0.5510 0.0000
4.2061 4.7797 0.0000
4.7453 -2.3272 0.0000
-2.4440 -0.4139 0.0733
-2.5459 -0.5089 0.0668
-2.5972 -0.6470 0.0602
-2.7546 -0.7200 0.0494
-2.5884 -0.8231 0.0543
-2.7521 -0.9283 0.0429
-2.7794 -1.1415 0.0346
-2.9608 -1.0151 0.0294
-2.9958 -1.2418 0.0224
-2.2634 -3.4854 0.0007
-2.4704 -3.6148 0.0005
-2.6884 -3.7082 0.0004
-2.8724 -3.8844 0.0002
2.9893 -3.7155 0.0002
3.2070 -3.9260 0.0001
2.9340 -3.9936 0.0001
2.7062 -3.9827 0.0001
2.6552 -4.2279 0.0001
-3.1723 -2.0385 0.0056
-1.2878 2.6112 0.0035
4.7577 2.0175 0.0000
-0.3731 3.0645 0.0007
-4.4343 -1.6216 0.0000
-4.5116 -1.8977 0.0000
-2.9812 4.7491 0.0000
-4.3626 1.8009 0.0000
-2.0465 0.1227 0.0806
-3.9642 -0.0599 0.0009
3.5995 -4.7788 0.0000
3.1470 0.6935 0.0247
3.1137 0.4484 0.0300
2.9642 0.2608 0.0433
2.8984 0.4421 0.0462
2.7737 0.3486 0.0570
2.7761 0.1980 0.0588
2.7300 0.0444 0.0632
2.6046 -0.0078 0.0715
2.9092 0.0694 0.0490
2.7878 -0.0982 0.0586
2.6433 -0.1380 0.0686
3.7627 1.0076 0.0021
3.5891 0.7847 0.0053
3.6050 0.5348 0.0056
3.3659 0.6094 0.0136
3.3424 0.4178 0.0159
0.6255 -2.2146 0.0043
-2.4060 1.6989 0.0245
-2.6351 1.5169 0.0268
-3.6283 -0.8413 0.0043
-3.9372 -0.8406 0.0009
0.0748 2.7952 0.0011
-0.0729 2.5691 0.0018
4.1978 1.4141 0.0001
3.8138 1.2325 0.0014
0.4573 0.9271 0.0228
0.2563 0.7806 0.0240
0.0903 0.6032 0.0261
2.1667 -1.9821 0.0167
1.9303 -2.1043 0.0130
3.0181 3.0089 0.0013
2.6055 0.9701 0.0480
2.5589 4.7551 0.0000
2.2947 4.7346 0.0000
2.0190 4.7434 0.0000
-1.5018 -0.3481 0.0587
-1.4154 -0.4909 0.0526
-1.5523 -0.6252 0.0541
-1.6989 -0.3495 0.0663
-1.6076 -0.4600 0.0604
-1.7262 -0.5685 0.0618
0.7840 4.2458 0.0000
3.1452 -4.1949 0.0000
2.9148 -4.2751 0.0000
2.7700 -4.5074 0.0000
2.6427 -4.7475 0.0000
-1.4930 -3.2868 0.0008
4.0065 0.9457 0.0006
0.3083 -3.2378 0.0005
-3.5670 1.6202 0.0024
-4.2754 1.3450 0.0000
-4.2819 1.1130 0.0001
-4.5159 1.0227 0.0000
1.8914 -0.6307 0.0650
1.8725 -0.7781 0.0591
1.6925 -0.7293 0.0553
1.7481 -0.9107 0.0504
1.6196 -1.0756 0.0406
-2.0857 -3.9601 0.0002
2.4071 -3.3134 0.0011
2.1658 -3.4284 0.0009
1.8368 1.7911 0.0191
2.0715 -1.0895 0.0498
1.9533 -1.2166 0.0426
-2.2165 -0.8876 0.0590
-2.3369 -1.0191 0.0524
-2.2495 0.6908 0.0679
-2.3872 0.6628 0.0673
-2.4946 0.5826 0.0669
-2.6984 0.5739 0.0570
-2.7989 0.4552 0.0531
-2.5902 0.4881 0.0655
-2.6599 0.3538 0.0646
-2.8043 0.2553 0.0560
-2.9548 0.3336 0.0431
-2.8654 0.1019 0.0524
-2.9927 -0.0491 0.0421
-3.1774 -4.6186 0.0000
2.3624 -4.7688 0.0000
2.5010 2.4963 0.0060
3.3123 4.7406 0.0000
-2.3791 3.3950 0.0009
-2.1886 3.0894 0.0019
-2.4356 3.1375 0.0016
-2.5261 2.9059 0.0026
-1.0204 -3.1738 0.0007
-1.2618 -3.2263 0.0007
-1.2255 -3.4745 0.0003
-0.9820 2.6220 0.0027
-1.1533 2.8512 0.0020
1.2057 -0.4785 0.0453
0.3593 2.8162 0.0011
0.2389 2.5211 0.0020
0.0560 2.3168 0.0030
-2.9366 -0.6079 0.0403
-2.9272 -0.8003 0.0366
-3.1684 -0.6394 0.0241
-3.1163 -0.8424 0.0243
-3.2055 -1.0622 0.0164
4.7594 -2.0538 0.0000
4.5604 -1.8913 0.0000
-4.2432 2.1126 0.0000
-3.8869 2.0341 0.0002
4.0001 1.9264 0.0003
3.7898 1.7444 0.0010
3.5225 1.7995 0.0028
3.5913 1.5303 0.0029
4.7275 -3.6551 0.0000
1.8737 -4.2135 0.0001
1.6896 -4.4742 0.0000
3.7834 4.4528 0.0000
3.5963 4.2114 0.0000
3.4185 3.9817 0.0001
4.7558 1.1105 0.0000
0.2434 -0.5014 0.0280
0.0289 -0.4473 0.0279
-0.1325 -0.6225 0.0259
1.0081 -0.5538 0.0383
0.8518 -0.3960 0.0372
0.7994 -0.6152 0.0327
0.7588 -0.8436 0.0275
-3.7699 2.3600 0.0003
-4.0057 2.2474 0.0001
3.8523 0.7444 0.0015
-4.0038 0.7438 0.0005
-4.2077 0.5933 0.0001
-2.6167 1.3053 0.0349
-2.8258 1.3136 0.0272
-2.9659 1.1260 0.0260
-3.4170 -4.4373 0.0000
-3.6769 -4.5259 0.0000
-3.4338 -4.7340 0.0000
-3.6969 -4.7692 0.0000
0.6116 3.9715 0.0001
0.3634 3.7846 0.0001
0.0261 1.1439 0.0174
0.0322 0.8721 0.0220
-0.2436 1.2086 0.0165
-0.1646 0.9944 0.0201
-0.2764 0.8383 0.0232
-0.9404 -2.7517 0.0018
1.5652 -4.2345 0.0001
1.4238 -4.5003 0.0000
3.9875 -1.0496 0.0005
3.7178 -0.9655 0.0023
-3.7251 1.1836 0.0018
-2.8224 -2.6829 0.0033
-4.4899 2.2909 0.0000
-4.5105 2.0244 0.0000
-1.4229 -2.1972 0.0077
-1.6654 -2.3180 0.0072
-1.9004 -2.4321 0.0066
-2.1292 -2.4856 0.0064
0.8711 1.6837 0.0121
-4.4934 4.0362 0.0000
-0.4066 -1.4127 0.0139
-0.5249 -1.6132 0.0113
1.9339 3.1285 0.0015
1.6067 2.9902 0.0017
-4.6927 1.7734 0.0000
-4.7506 1.5169 0.0000
1.7878 0.9391 0.0502
1.6019 1.0120 0.0424
1.9411 1.0214 0.0501
1.6617 0.8304 0.0509
1.4676 0.8407 0.0446
-2.3644 4.3807 0.0000
-2.5750 4.4955 0.0000
-0.9017 0.5985 0.0350
-1.0388 0.5049 0.0399
-0.9265 0.3329 0.0397
2.6374 0.3073 0.0668
2.5161 0.2593 0.0739
2.4154 0.2064 0.0784
2.3588 0.0970 0.0810
2.2753 0.1893 0.0813
2.2518 0.0421 0.0827
2.1311 -0.0123 0.0824
2.0502 -0.1072 0.0807
2.1580 -0.1624 0.0817
2.0328 -0.2397 0.0789
1.5537 1.2217 0.0336
1.4014 1.0542 0.0358
-3.1534 -3.0693 0.0009
-0.8149 -1.5772 0.0135
0.8462 -4.4993 0.0000
-0.0216 -0.2144 0.0298
4.7518 -2.6215 0.0000
1.4813 -2.3194 0.0069
1.1938 -2.3374 0.0054
1.0916 -2.5907 0.0031
-2.7466 3.0453 0.0015
2.8423 -2.3644 0.0056
2.5763 -2.3529 0.0077
-1.9530 -2.7023 0.0039
0.2371 1.0379 0.0196
-2.1455 3.3447 0.0011
4.7807 4.5083 0.0000
4.7136 4.2116 0.0000
-0.4828 -1.8538 0.0078
-0.6052 -2.0723 0.0057
0.3270 4.0495 0.0000
0.1025 3.9103 0.0001
-1.7677 -0.2204 0.0710
-1.8044 -0.4292 0.0683
-1.9536 -0.4509 0.0722
-2.0334 -0.5765 0.0700
-2.1568 -0.7318 0.0656
-1.9209 -2.1859 0.0104
-2.1655 -2.2375 0.0101
-4.4550 -0.1363 0.0000
-4.5136 -0.4094 0.0000
4.1456 3.1306 0.0000
-4.1858 4.7466 0.0000
-4.3437 4.5093 0.0000
-4.5098 4.3036 0.0000
-0.4694 -1.1739 0.0184
-0.6509 -1.3773 0.0159
4.5085 1.8766 0.0000
4.4538 1.5718 0.0000
-3.8972 4.7517 0.0000
-1.6981 0.0564 0.0696
-1.8363 0.0380 0.0750
-1.9202 0.1480 0.0771
-1.9604 -0.0026 0.0790
-2.0581 -0.1094 0.0808
3.2166 4.4929 0.0000
2.4694 4.5016 0.0000
0.5307 -0.0851 0.0340
-0.8618 2.8823 0.0014
-1.2809 -4.5050 0.0000
-1.4019 -4.7610 0.0000
4.4498 0.7549 0.0000
4.3031 0.5131 0.0001
-1.5818 3.1076 0.0015
-2.1037 4.4638 0.0000
-1.2976 -1.4569 0.0215
3.8676 -3.5634 0.0000
3.5756 -3.6297 0.0000
3.2902 -3.6593 0.0001
1.1906 -3.0749 0.0013
1.0916 -3.3370 0.0007
-0.1240 1.6216 0.0097
-0.2732 1.4333 0.0127
-0.5081 1.3599 0.0148
-0.6799 1.1726 0.0196
4.4569 -1.0931 0.0000
4.4680 -1.3485 0.0000
-1.1373 0.6952 0.0385
-1.2382 0.5032 0.0458
-1.1343 0.3270 0.0455
-1.3314 0.3305 0.0522
-1.2436 0.1696 0.0509
-1.4390 0.1821 0.0582
-1.5577 1.1218 0.0373
-1.7375 1.0836 0.0434
-1.8686 0.9769 0.0510
-1.6807 0.9034 0.0487
-1.8446 0.7979 0.0575
-1.9734 0.7072 0.0643
-2.1006 0.7030 0.0667
3.3216 -0.3444 0.0171
3.1557 -0.5103 0.0259
4.7828 0.4586 0.0000
4.7278 0.1774 0.0000
4.7807 -0.1286 0.0000
-3.6659 3.2643 0.0001
-3.9488 3.1761 0.0000
-4.5367 -4.0398 0.0000
-4.7626 -4.2143 0.0000
1.1780 -1.6107 0.0162
1.2559 0.9506 0.0354
1.2813 0.7752 0.0411
1.0863 0.7451 0.0366
1.0044 0.5423 0.0389
1.9541 1.5609 0.0277
2.3483 1.3854 0.0360
2.1259 1.3322 0.0385
1.9244 1.3864 0.0342
1.9457 1.2082 0.0420
1.7654 1.1467 0.0412
3.3080 2.4823 0.0020
-1.1004 -0.3851 0.0441
-0.9977 -0.5255 0.0390
-1.2247 -0.5485 0.0450
-1.2860 -0.3552 0.0506
-2.9350 -2.4549 0.0044
-2.0451 1.4489 0.0341
-2.2395 1.3787 0.0378
-2.0438 1.2731 0.0414
-2.2057 1.1760 0.0467
-2.0137 1.0771 0.0496
-2.1788 0.9851 0.0553
-2.1614 0.8210 0.0625
-0.5364 -0.9345 0.0233
-0.7993 -0.9380 0.0265
3.6881 -2.3905 0.0004
3.5118 -2.6060 0.0006
-4.0758 -2.1895 0.0001
-4.2179 -2.4368 0.0000
-1.5083 -1.5449 0.0222
-0.5209 -3.0410 0.0007
-0.4498 -3.2933 0.0003
-0.5595 -3.5119 0.0002
-0.7943 -3.6246 0.0002
4.2556 -0.6407 0.0001
4.2198 -0.9231 0.0001
2.5222 -0.2057 0.0745
2.4122 -0.3029 0.0770
2.2970 -0.3666 0.0779
2.1818 -0.4270 0.0768
2.4661 -0.4328 0.0723
2.3536 -0.4836 0.0740
2.2389 -0.5237 0.0739
2.1726 -0.6309 0.0701
2.0748 -0.5122 0.0731
2.0369 -0.6520 0.0677
-0.4109 -0.3278 0.0311
-0.5276 -0.1841 0.0335
-0.6902 -0.2990 0.0353
-0.5753 -0.4614 0.0316
4.0889 4.3282 0.0000
3.8817 4.1520 0.0000
-4.0826 4.4759 0.0000
-4.2286 4.2067 0.0000
0.6576 -1.5521 0.0124
0.9541 2.6531 0.0023
0.9887 2.3728 0.0042
2.7119 -2.6054 0.0042
2.6120 -2.8415 0.0028
-3.2471 -1.3049 0.0117
-3.4926 -1.3823 0.0049
-3.7160 -1.3070 0.0021
3.0095 -1.1245 0.0238
3.4933 -1.1615 0.0054
3.2107 -1.2698 0.0127
2.9685 -1.3872 0.0197
2.7396 -1.4429 0.0262
-2.3277 -4.7516 0.0000
-1.0959 3.3770 0.0006
1.3921 4.7757 0.0000
1.0860 4.7352 0.0000
-3.6284 0.9035 0.0038
-3.8965 0.9801 0.0008
-2.4007 -2.4260 0.0071
0.2976 2.1873 0.0040
0.0794 2.0514 0.0049
0.0211 1.8270 0.0071
-0.2311 -3.3906 0.0003
-0.3097 -3.6416 0.0001
-1.5804 4.5190 0.0000
4.5340 3.0708 0.0000
4.2999 2.9151 0.0000
4.0633 1.1925 0.0004
4.2031 0.8078 0.0002
4.7423 0.7763 0.0000
-2.1472 0.3082 0.0794
-2.1538 0.1794 0.0815
-2.2990 0.1375 0.0817
-1.3706 0.0299 0.0564
-1.4902 -0.1137 0.0609
-1.5460 0.0470 0.0634
-1.6568 -0.0886 0.0679
-1.5982 -0.2374 0.0642
2.1550 4.4540 0.0000
-0.3134 -3.9356 0.0001
-0.3642 -4.2008 0.0000
-0.5971 -4.0578 0.0000
-0.6169 -4.3399 0.0000
-2.6657 -2.4485 0.0060
-2.5741 -3.1263 0.0016
-3.0581 1.3617 0.0169
-3.2193 1.1538 0.0140
3.5776 -0.4103 0.0063
0.7185 -3.7138 0.0002
2.0512 -3.6725 0.0005
1.9327 -3.9220 0.0002
3.8526 3.0681 0.0001
-2.3868 -3.2855 0.0012
-2.6084 -3.4127 0.0008
-1.1732 1.6369 0.0156
3.4863 -3.8933 0.0000
3.6966 -4.1215 0.0000
0.6319 -2.4576 0.0028
0.5351 -2.7160 0.0016
0.8942 -3.1401 0.0009
0.6007 -3.1988 0.0006
-3.0405 -1.4823 0.0158
-3.0794 -1.7638 0.0102
-3.2842 -1.5758 0.0079
2.8572 -0.2625 0.0518
2.6893 -0.2661 0.0642
2.5709 -0.3375 0.0700
2.7469 -0.4102 0.0577
2.6134 -0.4930 0.0641
2.6447 -0.6628 0.0574
2.4763 -0.5936 0.0672
0.7380 -4.7570 0.0000
-2.6908 -2.9039 0.0024
-2.9028 -3.0115 0.0016
3.4151 -4.1561 0.0000
3.2896 -4.4095 0.0000
2.8782 2.7730 0.0026
2.5861 2.7494 0.0035
-2.7303 2.4857 0.0052
-2.9048 2.2832 0.0059
-3.1737 2.3326 0.0030
-3.0751 2.0728 0.0061
-3.3320 2.0878 0.0029
-3.5092 1.8875 0.0021
1.3094 4.5029 0.0000
1.0675 4.4590 0.0000
-1.4037 3.3584 0.0008
0.0985 -0.6811 0.0250
-0.0878 -0.8559 0.0223
4.4375 0.2522 0.0000
4.1147 0.2911 0.0003
0.4510 -3.7525 0.0002
0.1995 -3.7809 0.0001
-0.6275 -4.5969 0.0000
-0.7987 -4.7767 0.0000
-1.5745 2.6139 0.0043
-1.7101 2.3798 0.0072
3.1981 2.2115 0.0040
3.0452 1.9796 0.0080
4.7563 3.2509 0.0000
4.7724 2.9426 0.0000
-3.5667 0.1716 0.0071
-3.1868 4.1082 0.0000
-3.3601 4.2867 0.0000
2.5343 3.2100 0.0014
-1.5022 -3.5142 0.0004
-1.3569 -3.9816 0.0001
-4.2629 -3.6608 0.0000
-4.5171 -3.7610 0.0000
-4.7695 -3.9032 0.0000
-3.4969 0.6545 0.0079
-3.7613 0.6753 0.0023
-3.3802 -2.3507 0.0020
-3.4905 -2.6038 0.0010
-3.6170 -2.8599 0.0004
1.0890 0.1756 0.0460
0.9527 0.0215 0.0426
0.7524 -0.0329 0.0379
-1.0853 1.9010 0.0100
-1.3140 1.8197 0.0135
4.7524 -4.2276 0.0000
3.4257 2.7326 0.0009
-4.2744 -0.4425 0.0001
-2.4494 -1.8358 0.0191
-2.6249 -2.0131 0.0131
-3.1546 -2.2859 0.0039
-3.1860 -2.5681 0.0023
-3.3184 -2.8252 0.0011
-0.6662 3.0234 0.0009
-0.5090 2.8157 0.0013
-0.7078 2.6723 0.0020
-0.9397 -2.2448 0.0052
1.0025 -3.6010 0.0003
2.7246 -3.1810 0.0012
2.6093 -3.4300 0.0007
1.3876 -4.0078 0.0002
-3.7624 -0.5961 0.0026
-4.0432 -0.5793 0.0005
-3.4356 -0.0484 0.0122
-2.4319 -1.1913 0.0434
-2.6094 -1.2377 0.0373
-2.5430 -1.4118 0.0323
-2.3573 -1.3847 0.0360
-2.5973 -1.6017 0.0246
-2.7846 -1.3954 0.0264
-2.8570 -1.6384 0.0178
-4.1318 3.6636 0.0000
-4.3331 3.5492 0.0000
-4.5335 3.4231 0.0000
0.5629 -4.5139 0.0000
0.4445 -4.7639 0.0000
4.4796 -4.3278 0.0000
3.8284 0.2763 0.0020
3.6626 0.0507 0.0047
3.4972 -0.1534 0.0095
2.1228 2.9085 0.0027
1.6273 0.3510 0.0636
1.4746 0.3153 0.0582
1.4418 0.1524 0.0588
1.2708 0.0858 0.0526
1.3118 -0.1250 0.0538
1.1964 -0.2428 0.0487
2.4683 -3.9063 0.0002
2.4036 -4.1543 0.0001
1.2706 -4.7445 0.0000
0.4512 -1.7021 0.0092
-3.1977 2.8259 0.0011
-3.4800 2.8136 0.0004
4.0709 -0.4628 0.0004
3.9595 -0.7522 0.0007
0.5709 1.7979 0.0088
1.9963 3.3976 0.0008
-1.0277 0.1508 0.0442
-0.9984 -0.0630 0.0438
-1.1582 -0.2016 0.0480
-4.4902 4.7624 0.0000
4.5240 -3.3446 0.0000
1.9727 -3.1851 0.0015
1.8751 -3.4442 0.0008
4.4983 -4.0825 0.0000
4.2555 -4.0492 0.0000
4.1665 -3.5449 0.0000
-1.3576 0.6574 0.0461
-1.4326 0.4780 0.0531
-1.6156 0.4306 0.0611
-1.5185 0.3222 0.0595
-1.7269 0.3313 0.0676
-1.6217 0.2054 0.0653
3.0613 1.4254 0.0162
2.8228 1.3285 0.0271
2.6727 1.1626 0.0381
-4.4876 3.1526 0.0000
-4.7631 3.2897 0.0000
-4.7439 3.0097 0.0000
-4.7438 2.7496 0.0000
0.3642 -2.4792 0.0023
0.1034 -2.4629 0.0022
0.2572 -2.7391 0.0013
0.0839 -2.9930 0.0007
0.0048 -2.7033 0.0013
-0.2151 -2.8625 0.0009
-0.2237 -3.1080 0.0005
-0.2067 2.3398 0.0029
-0.4437 2.2964 0.0034
3.7825 -0.2102 0.0025
-0.5606 -3.7898 0.0001
-0.8362 -3.9051 0.0001
3.8242 0.4941 0.0019
3.5509 0.2993 0.0075
3.3791 0.0891 0.0149
-4.1616 0.9425 0.0002
-4.3796 0.8004 0.0000
-3.6921 0.4121 0.0037
-3.8404 0.1693 0.0018
2.4454 3.6928 0.0004
2.3636 3.4174 0.0009
1.9252 0.8282 0.0581
1.8962 0.5987 0.0661
1.7928 0.7221 0.0588
1.7285 0.5487 0.0625
1.5996 0.6702 0.0543
1.5537 0.4914 0.0577
1.4175 0.6305 0.0493
1.2160 0.5785 0.0441
1.3550 0.4457 0.0514
1.2902 0.2635 0.0520
0.9696 2.9387 0.0012
-1.7396 1.6741 0.0224
4.1889 -1.2324 0.0001
3.9822 -1.4268 0.0003
-4.1793 -0.2423 0.0002
1.4693 2.2170 0.0077
1.3892 1.9747 0.0110
1.1038 1.8890 0.0104
1.3200 1.7376 0.0150
1.0827 1.6151 0.0152
0.8007 1.9160 0.0083
1.0864 4.2198 0.0000
0.9079 4.0059 0.0001
-0.2793 3.3269 0.0004
-1.8734 -4.5630 0.0000
-2.0269 -4.7819 0.0000
2.4449 -2.6112 0.0051
2.3277 -2.8539 0.0032
4.2349 2.3609 0.0000
3.9897 2.2048 0.0002
3.7105 2.0434 0.0010
-3.9763 2.8770 0.0000
-4.2211 2.7165 0.0000
-0.7579 0.4671 0.0344
0.6701 -4.2576 0.0001
4.5127 2.4363 0.0000
4.3934 4.2520 0.0000
4.1810 4.0625 0.0000
3.9743 3.8707 0.0000
-3.6575 -1.8861 0.0015
-3.7887 -2.1249 0.0006
-3.6537 -2.3673 0.0008
-3.9344 -2.4182 0.0002
-4.7377 -0.1784 0.0000
-1.5489 -1.7633 0.0168
-1.7494 -1.6053 0.0238
-1.7656 -1.8515 0.0168
-1.6821 -2.0558 0.0115
-0.8328 3.2302 0.0007
-1.0216 3.0890 0.0011
-0.0020 -1.6494 0.0094
0.0015 -1.1014 0.0181
2.3855 2.2933 0.0091
2.1432 2.1860 0.0111
1.9024 2.0337 0.0134
-1.0793 4.7660 0.0000
3.0331 4.7659 0.0000
2.7732 4.7170 0.0000
-1.8279 4.4414 0.0000
-1.9135 4.1862 0.0001
2.2327 -3.8240 0.0003
2.1493 -4.0520 0.0002
0.5335 1.3816 0.0151
0.4534 1.1576 0.0186
-4.0981 1.8887 0.0001
-4.4766 1.5488 0.0000
1.9221 3.9719 0.0001
1.6495 3.7960 0.0002
1.3644 3.7181 0.0002
3.7565 2.3389 0.0005
3.4959 2.2782 0.0016
3.4000 2.0404 0.0030
-2.6880 -2.2342 0.0086
-2.8569 -3.5199 0.0005
-3.0231 -3.6961 0.0003
-2.8453 4.0278 0.0001
-2.8735 3.7569 0.0002
-3.1088 3.8868 0.0001
-3.1400 3.5823 0.0002
-3.4439 3.4573 0.0001
-3.4441 1.1028 0.0070
3.8868 4.7766 0.0000
4.0171 4.5882 0.0000
3.6180 4.7306 0.0000
3.4896 4.4786 0.0000
-1.1935 -2.3421 0.0051
-1.4351 -2.4797 0.0046
-1.6858 -2.5985 0.0043
-1.3647 -0.6841 0.0461
-1.5090 -0.8079 0.0469
-1.6505 -0.9228 0.0471
-1.7678 -1.0545 0.0450
-1.9518 -1.0429 0.0494
-1.8459 -1.2379 0.0391
0.5269 -1.9605 0.0063
0.3829 -2.2393 0.0037
0.0142 -1.3683 0.0136
-2.0111 3.9143 0.0002
-2.1257 3.6364 0.0005
-3.2265 -3.5361 0.0003
4.5152 -0.5523 0.0000
4.4889 -0.8281 0.0000
-3.2805 4.7562 0.0000
0.9823 2.1066 0.0068
1.0670 -2.0848 0.0074
-1.8792 -0.5777 0.0663
-1.7017 -0.7402 0.0553
-1.8648 -0.7159 0.0610
-2.0058 -0.7146 0.0644
-1.8504 -0.8759 0.0544
-2.0336 -0.8710 0.0583
-2.1362 -1.0387 0.0519
-2.2413 -1.1963 0.0449
-1.6725 4.7691 0.0000
2.1146 -2.2510 0.0106
1.2171 -3.7915 0.0003
-0.4885 0.7872 0.0255
1.9597 -2.4317 0.0073
1.7681 -2.2631 0.0092
1.8699 -2.6959 0.0043
1.6730 -2.5072 0.0056
1.5813 -2.7611 0.0032
-3.2262 0.6287 0.0202
-3.4164 0.4171 0.0120
4.7832 -0.4655 0.0000
4.7527 -0.7546 0.0000
0.5327 -0.9170 0.0234
0.4958 -1.1678 0.0183
0.4502 -1.4099 0.0137
0.2299 -1.5117 0.0114
-1.1259 4.4805 0.0000
-1.7065 0.5479 0.0615
-1.7786 0.1815 0.0718
-3.9108 4.2425 0.0000
-4.0277 3.9859 0.0000
-3.2575 -3.8191 0.0002
-3.3413 -4.0864 0.0001
-3.5485 -4.2106 0.0000
-1.6849 3.3545 0.0009
-1.8934 3.1416 0.0017
4.7385 -2.9161 0.0000
2.9903 4.5187 0.0000
-3.7792 -4.2988 0.0000
-3.9780 -4.4811 0.0000
-3.9524 -4.7365 0.0000
-4.2243 -4.7434 0.0000
-2.1748 -0.5826 0.0714
-2.2967 -0.6479 0.0687
-3.1459 4.4806 0.0000
-3.4313 4.5291 0.0000
0.5938 4.5159 0.0000
0.5056 4.2657 0.0000
1.2952 -3.5314 0.0005
-2.5053 -0.1658 0.0757
-2.6416 -0.2112 0.0680
-2.7706 -0.2881 0.0582
-2.5141 -0.3105 0.0731
-2.6413 -0.3857 0.0650
-2.7283 -0.5298 0.0563
-2.8585 -0.4236 0.0495
-3.0615 -0.4264 0.0340
-1.9635 -1.7018 0.0229
-1.9975 -1.9623 0.0156
-2.1965 -1.7855 0.0214
-2.2616 -2.0107 0.0150
1.4455 -0.4689 0.0537
1.5816 -0.5608 0.0565
1.5005 -0.7005 0.0496
2.1843 3.5834 0.0005
-2.0385 -1.2211 0.0427
-1.9378 -1.4446 0.0320
-2.1584 -1.3806 0.0366
-2.1469 -1.5653 0.0290
-2.3631 -1.5956 0.0276
1.4808 2.4483 0.0051
1.2320 2.4955 0.0039
1.2230 2.2047 0.0067
-1.3678 4.7103 0.0000
-4.6978 -2.5947 0.0000
-4.4003 -2.6692 0.0000
-4.5266 -2.8914 0.0000
-4.7729 -2.8089 0.0000
-4.7414 -3.0578 0.0000
-0.8825 4.5742 0.0000
-0.8481 4.3064 0.0001
-3.4906 -3.6137 0.0001
-3.5613 -3.3387 0.0002
-3.7511 -3.4856 0.0001
-3.7777 -3.7502 0.0000
2.2966 2.6890 0.0043
2.7108 2.9956 0.0020
2.7418 -1.6523 0.0201
2.6104 -1.8769 0.0167
2.3911 -1.9057 0.0182
1.2783 -4.2646 0.0001
0.9503 -4.2368 0.0001
-3.0767 -4.0427 0.0001
-3.1976 -4.2942 0.0000
4.7880 -4.7807 0.0000
4.5218 -4.7568 0.0000
4.3716 -4.5466 0.0000
4.2216 -4.7767 0.0000
4.0513 -0.2126 0.0005
-0.2130 -1.2461 0.0160
-0.2086 -1.5061 0.0118
-0.2578 -1.7439 0.0085
0.6107 3.6485 0.0001
0.3674 3.5133 0.0002
0.6062 3.3435 0.0003
0.2849 3.2897 0.0003
3.1021 -2.3744 0.0034
2.9589 -2.6468 0.0027
1.1631 -0.9085 0.0337
0.9458 -0.9969 0.0271
0.7260 -1.0803 0.0221
0.7050 -1.3242 0.0168
0.1130 3.6080 0.0002
0.0222 3.3348 0.0003
-0.5640 3.2842 0.0005
4.7637 -3.9388 0.0000
4.5153 -3.8353 0.0000
1.3804 -2.5599 0.0041
1.2861 -2.8129 0.0024
0.9981 -2.8679 0.0017
0.7826 4.7502 0.0000
0.8470 4.4907 0.0000
1.8302 -1.0829 0.0458
1.7435 -1.2693 0.0364
1.5309 -1.2646 0.0318
-1.5957 -3.7755 0.0002
-1.8454 -3.8223 0.0002
-0.6769 2.1442 0.0050
-0.8070 1.8959 0.0082
-4.2075 0.0359 0.0002
2.0788 0.6029 0.0698
2.0160 0.4878 0.0726
1.8766 0.4445 0.0703
1.7515 0.4033 0.0671
1.8916 0.2899 0.0742
1.7611 0.2593 0.0703
1.6152 0.1852 0.0655
1.9081 0.1426 0.0768
1.7666 0.1271 0.0720
1.6988 0.0120 0.0698
1.5687 0.0371 0.0645
1.4084 -0.0154 0.0580
1.5296 -0.1208 0.0624
1.4264 -0.2342 0.0571
-1.1157 -0.6980 0.0385
-1.2466 -0.8181 0.0389
-1.3877 -0.9373 0.0392
-1.5285 -1.0526 0.0391
-1.6330 -1.1893 0.0366
2.1649 0.2360 0.0807
2.1582 0.1205 0.0821
2.0369 0.2418 0.0788
2.0449 0.1116 0.0806
1.9787 0.0041 0.0795
1.9281 -0.1284 0.0775
1.8386 -0.0088 0.0751
1.7942 -0.1532 0.0727
1.8958 -0.2642 0.0748
1.7584 -0.2986 0.0693
1.6795 -0.1104 0.0686
1.6298 -0.2426 0.0652
1.5334 -0.3450 0.0596
1.7648 -3.7018 0.0004
1.4912 -3.7457 0.0003
3.0151 -0.8841 0.0288
2.8205 -0.9817 0.0375
2.7982 -1.2089 0.0315
2.5877 -1.2651 0.0372
3.3889 3.2250 0.0004
3.3072 2.9853 0.0008
-4.7344 -1.7176 0.0000
-0.2201 2.8133 0.0011
-0.3897 2.5714 0.0019
0.7489 2.2134 0.0048
0.5352 2.0513 0.0058
-0.1506 2.1011 0.0044
-0.2410 1.8583 0.0068
-4.6252 4.5370 0.0000
-4.8047 4.4743 0.0000
-4.7327 2.5300 0.0000
4.0577 0.5788 0.0005
2.3311 -0.6416 0.0690
2.2011 -0.7723 0.0647
2.5033 -0.7501 0.0606
2.3616 -0.7808 0.0631
2.2954 -0.9339 0.0574
2.1534 -0.9583 0.0564
2.0247 -0.7674 0.0630
2.0760 -0.8671 0.0597
1.9453 -0.9521 0.0538
-1.0943 1.1320 0.0264
-1.1168 0.9175 0.0324
-1.3175 0.8511 0.0394
-1.5194 0.7810 0.0478
-1.5492 0.6046 0.0542
1.4540 2.7150 0.0029
-4.3045 0.3542 0.0001
-4.4432 0.1420 0.0000
1.7670 -4.7398 0.0000
1.5191 -4.7525 0.0000
-0.3218 -0.7834 0.0243
-0.2738 -1.0143 0.0201
0.8193 0.4691 0.0358
0.6776 0.3336 0.0347
0.6020 0.1349 0.0349
0.7028 0.5958 0.0316
0.5413 0.4918 0.0308
0.4126 0.3047 0.0313
0.2145 0.1596 0.0306
0.3926 0.0802 0.0323
-2.2983 3.8941 0.0002
-0.6941 -2.2961 0.0040
-3.9640 0.4625 0.0008
-4.0864 0.2475 0.0004
-0.7733 1.4245 0.0155
-0.9193 1.2423 0.0209
4.4999 4.7414 0.0000
4.2919 4.5223 0.0000
-3.9066 -0.3363 0.0013
-1.8168 3.7014 0.0004
-1.9042 3.4531 0.0008
3.5195 3.7020 0.0001
3.4604 3.4642 0.0002
0.8412 1.4160 0.0168
0.6985 1.2070 0.0196
-0.3956 2.0739 0.0049
-0.5398 1.8757 0.0073
-2.3194 -4.0955 0.0001
-2.5594 -4.2237 0.0001
-3.7557 2.7181 0.0001
-3.9671 2.5568 0.0001
-3.8459 4.5152 0.0000
0.1067 -0.0278 0.0305
-0.2600 -0.1824 0.0308
-0.6486 2.4412 0.0029
-0.9552 2.1396 0.0062
-2.5827 -3.9494 0.0002
-2.8390 -4.1700 0.0001
-2.9887 -4.4141 0.0000
-0.1095 0.6913 0.0249
-0.3118 0.5993 0.0271
-0.5376 0.5554 0.0298
-4.0132 -3.5732 0.0000
-4.0424 -3.8788 0.0000
-4.2914 -3.9688 0.0000
-4.0365 -4.1830 0.0000
-4.2720 -4.2357 0.0000
-4.5056 -4.2885 0.0000
1.1141 -4.0660 0.0001
0.7644 -4.0040 0.0001
3.2577 3.7459 0.0002
-3.4564 2.3195 0.0012
-3.6439 2.1296 0.0008
3.1368 -3.4236 0.0003
2.8693 -3.4473 0.0005
2.6993 -3.7074 0.0003
1.1264 -4.4754 0.0000
1.0172 -4.7448 0.0000
0.1216 -4.2876 0.0000
-2.1441 -4.5338 0.0000
0.1484 4.7456 0.0000
4.5647 0.5036 0.0000
0.7084 -2.9281 0.0012
0.4055 -2.9770 0.0008
-4.2555 -2.9410 0.0000
-4.4476 -3.1707 0.0000
2.9982 3.7665 0.0003
-4.6220 0.3183 0.0000
-4.7408 0.1030 0.0000
0.3915 1.5925 0.0110
0.2516 1.3277 0.0147
-2.4992 -4.5650 0.0000
-2.6445 -4.7758 0.0000
-3.2955 -0.4494 0.0183
-3.4748 -0.5938 0.0093
3.6214 3.1807 0.0002
-0.8981 -4.5002 0.0000
-1.0946 -4.7233 0.0000
-3.8798 -1.7637 0.0006
-4.0040 -1.9566 0.0003
-2.9079 3.2751 0.0007
-3.0689 3.0580 0.0009
-0.7342 -3.2838 0.0004
-0.9675 -3.4357 0.0003
-1.0664 -3.7316 0.0001
0.6603 1.5822 0.0124
-1.7985 -0.0769 0.0735
-1.9107 -0.1395 0.0769
-1.8882 -0.3037 0.0738
-2.0109 -0.2251 0.0785
-2.0345 -0.3571 0.0765
-2.1227 -0.2760 0.0796
-2.2079 -0.3483 0.0786
-2.3433 -0.3491 0.0774
-1.1789 -1.0224 0.0316
-1.3517 -1.1638 0.0311
-1.4696 -1.3149 0.0287
-4.2292 -4.4865 0.0000
-4.4820 -4.5241 0.0000
-4.5007 -4.7580 0.0000
-3.7685 -1.0782 0.0019
-4.0361 -1.1403 0.0004
-3.9593 -1.3975 0.0006
-4.2297 -1.3943 0.0001
3.2632 0.2659 0.0212
3.1244 0.1913 0.0311
3.1090 0.0273 0.0327
2.9776 -0.1145 0.0431
4.0122 2.8571 0.0001
4.5083 -0.0331 0.0000
-2.1957 0.0697 0.0827
-4.7451 3.5971 0.0000
2.6049 0.1512 0.0708
2.4847 0.0781 0.0772
2.3724 -0.0244 0.0810
2.2591 -0.0890 0.0825
2.4929 -0.0733 0.0770
2.3860 -0.1590 0.0799
2.2803 -0.2285 0.0808
2.1663 -0.2940 0.0798
3.8176 -1.2265 0.0011
3.6618 -1.4010 0.0020
3.7960 -1.6424 0.0007
3.5331 -1.6386 0.0027
1.0848 1.3675 0.0207
1.1450 1.1308 0.0279
0.9212 1.1636 0.0232
0.8726 0.9487 0.0275
1.0602 0.9300 0.0315
0.8822 0.7259 0.0325
1.9800 2.6313 0.0046
1.9380 2.3272 0.0081
1.7178 2.4506 0.0058
1.6927 2.1856 0.0093
-0.3557 0.3841 0.0301
-0.4622 0.1764 0.0328
-0.5787 0.3409 0.0330
-0.7531 0.2360 0.0369
-0.8433 0.0697 0.0398
4.5385 2.7893 0.0000
4.3978 2.6199 0.0000
-2.6988 -4.4255 0.0000
-2.8340 -4.6289 0.0000
-2.9815 -4.7868 0.0000
3.7907 2.7284 0.0003
3.6070 2.5529 0.0007
-2.6802 2.7138 0.0035
-2.9007 2.8195 0.0020
-3.0025 2.5702 0.0029
-3.3075 2.5729 0.0013
4.2625 1.7743 0.0001
4.0624 1.6432 0.0003
3.8722 1.4613 0.0008
-1.5652 -4.2728 0.0000
-1.5638 -4.5232 0.0000
-3.7698 -1.5619 0.0013
-4.1058 -1.6395 0.0002
-3.6087 3.7261 0.0000
-3.3575 -0.8310 0.0124
-3.4773 -1.1008 0.0067
2.6327 -1.0571 0.0438
2.4674 -0.9332 0.0544
2.4459 -1.1106 0.0473
2.3657 -1.2950 0.0406
2.2943 -1.4959 0.0328
-1.3947 4.0878 0.0001
-1.7142 3.9594 0.0002
-1.5861 3.5953 0.0005
-2.8510 4.5028 0.0000
-2.6936 4.2512 0.0001
-2.9943 4.2521 0.0000
-1.1760 0.0018 0.0493
-1.3085 -0.1267 0.0538
-1.3987 -0.2512 0.0561
3.2387 -0.1126 0.0231
3.0828 -0.2791 0.0335
-4.5138 -0.6776 0.0000
-4.7490 -0.7099 0.0000
2.9772 4.2574 0.0001
4.5534 4.4743 0.0000
0.4988 -3.9960 0.0001
-0.0141 -4.5396 0.0000
-0.4566 -2.8021 0.0011
-0.6910 -2.7637 0.0014
-0.8031 -3.0005 0.0009
-1.1229 -2.9283 0.0014
-1.4083 2.0041 0.0111
2.1730 -4.3187 0.0001
0.2219 -4.0224 0.0001
-0.0602 -4.0670 0.0001
2.5120 -3.0753 0.0018
2.2303 -3.1202 0.0018
1.6314 1.9311 0.0137
1.7323 1.5794 0.0244
1.5405 1.7055 0.0182
1.3011 1.5054 0.0203
1.5154 1.4563 0.0250
1.3265 1.2659 0.0275
3.1376 2.7284 0.0019
3.0280 2.4712 0.0037
0.5027 2.6067 0.0018
-1.2100 -2.6546 0.0028
-1.4632 -2.7688 0.0026
-0.7153 -1.1444 0.0210
0.6583 -0.2487 0.0351
0.4321 -0.3048 0.0315
0.4342 -0.5252 0.0291
-0.7079 -0.7607 0.0287
-0.7465 -0.5550 0.0331
-0.9012 -0.6962 0.0335
-1.0091 -0.8797 0.0316
-0.9656 -1.1099 0.0252
-3.1241 0.9422 0.0216
-3.3325 0.8638 0.0126
1.4881 3.4888 0.0004
1.4126 3.2283 0.0008
1.3292 2.9707 0.0015
1.1827 2.7778 0.0021
-4.7507 3.8995 0.0000
3.4544 -0.8730 0.0081
-3.1682 -0.2243 0.0278
-3.4045 -0.2579 0.0134
-0.4044 1.6385 0.0099
-0.6576 1.6382 0.0110
0.7400 2.5005 0.0027
0.5016 2.3427 0.0033
-2.8924 -1.9469 0.0109
-2.9088 -2.1894 0.0072
2.3539 2.0290 0.0144
2.1210 1.9443 0.0165
2.0664 1.7492 0.0221
2.3213 1.7755 0.0216
2.1820 1.5447 0.0299
-4.0173 1.2479 0.0003
3.2893 4.2458 0.0000
3.1284 4.0121 0.0001
-2.6699 4.7541 0.0000
3.3987 -1.4335 0.0058
3.3065 -1.7520 0.0053
3.0938 -1.8751 0.0079
3.0865 -2.1348 0.0053
3.1831 -1.5478 0.0100
2.9698 -1.6453 0.0143
2.8515 -1.8927 0.0123
2.8497 -2.1259 0.0085
-3.1848 3.3168 0.0003
-4.3401 -1.1465 0.0001
-4.5038 -1.3471 0.0000
-4.7477 -1.4471 0.0000
-1.8676 4.6689 0.0000
1.6546 -1.4878 0.0270
-2.2692 -2.6877 0.0043
-2.5336 -2.6835 0.0041
2.4961 3.9766 0.0002
2.2132 3.8762 0.0002
-1.2784 -1.7282 0.0148
-1.4373 -1.9514 0.0117
4.2785 -3.2988 0.0000
-2.1868 4.1621 0.0001
-2.4804 4.1278 0.0001
-2.6000 3.8778 0.0002
-0.6247 0.0960 0.0354
-0.6358 -0.0467 0.0357
-0.7965 -0.1374 0.0385
-0.9555 -0.2605 0.0415
-0.8513 -0.4052 0.0374
4.5223 -1.6115 0.0000
4.3153 -1.8276 0.0000
-1.7450 -2.8695 0.0025
-1.5897 -3.0545 0.0015
-2.0259 -3.3564 0.0009
-0.0241 -3.5574 0.0002
-0.0520 -3.8086 0.0001
2.7806 2.0353 0.0109
2.8208 1.7997 0.0149
2.5567 1.8768 0.0170
2.6123 1.6587 0.0225
2.4200 1.5849 0.0275
0.8498 -0.2062 0.0392
0.6390 -0.4530 0.0326
-2.3859 2.1384 0.0125
-2.3396 1.8983 0.0187
-2.5760 1.9448 0.0155
-2.8186 2.0006 0.0109
-2.6049 1.7246 0.0209
-2.8118 1.7528 0.0160
-2.8431 1.5336 0.0205
1.8179 -0.4381 0.0685
1.6608 -0.4251 0.0630
1.7586 -0.5778 0.0625
2.7923 2.5483 0.0044
2.7038 2.3313 0.0071
2.5776 2.1486 0.0108
-4.5940 -2.1594 0.0000
-4.7781 -2.3315 0.0000
1.9480 3.7066 0.0003
1.7391 3.5366 0.0005
1.7033 3.2571 0.0010
-2.0729 -4.2667 0.0001
-2.3481 -4.3802 0.0001
-1.7510 -3.2731 0.0010
-1.7834 -3.5398 0.0005
-2.0730 -3.6603 0.0004
-0.4813 3.9853 0.0001
-0.7387 4.0746 0.0001
-0.6980 3.7746 0.0002
-1.0009 3.6709 0.0003
-0.4972 3.5400 0.0003
-0.7886 3.4941 0.0004
-2.4410 -2.1756 0.0110
-4.5295 1.2812 0.0000
-4.7610 1.2889 0.0000
-4.7688 1.0468 0.0000
4.7103 -4.5157 0.0000
2.9414 -0.4422 0.0426
2.9889 -0.6562 0.0352
3.2472 -4.7549 0.0000
2.4230 0.8791 0.0573
4.0173 -2.7525 0.0000
3.9043 -2.9604 0.0000
3.9943 -3.3129 0.0000
3.8031 -3.1656 0.0000
3.6811 -3.3776 0.0000
3.4131 -3.3829 0.0001
-3.6029 4.7514 0.0000
-3.6574 4.4730 0.0000
-0.9037 -1.3363 0.0191
-1.1552 -1.2740 0.0242
-1.0733 -1.5324 0.0168
2.8276 4.0025 0.0002
4.4561 -3.0511 0.0000
3.2522 1.8483 0.0061
3.3138 1.5835 0.0072
3.0504 1.6865 0.0120
2.8266 1.5506 0.0208
4.7611 4.7641 0.0000
-3.3180 -3.3068 0.0004
0.9294 -1.2449 0.0210
-0.0090 4.1466 0.0000
-0.2452 4.0341 0.0001
-1.3272 -3.7444 0.0002
4.1988 -4.2960 0.0000
3.8921 -4.3399 0.0000
4.0766 -4.5434 0.0000
3.9219 -4.7735 0.0000
3.7642 -4.5848 0.0000
2.6183 0.6280 0.0598
2.4522 0.3615 0.0744
2.5567 0.7746 0.0574
2.4426 0.6747 0.0650
2.3281 0.7504 0.0643
2.2123 0.6536 0.0689
2.5017 0.5479 0.0675
2.3287 0.5810 0.0708
2.4089 0.4680 0.0729
2.2895 0.4427 0.0757
2.1728 0.5005 0.0742
2.3226 0.3131 0.0786
2.1777 0.3533 0.0784
3.6744 -2.8615 0.0002
3.3907 -2.8678 0.0005
3.5504 -3.1099 0.0002
3.1146 -2.8904 0.0011
3.2679 -3.1395 0.0004
2.9953 -3.1682 0.0008
-1.7004 0.7124 0.0561
-1.8577 0.6038 0.0649
-1.9915 0.5341 0.0708
-1.8050 0.4514 0.0677
-1.9165 0.4117 0.0723
-2.0397 0.4002 0.0757
-1.8780 0.2910 0.0737
-2.0161 0.2604 0.0782
1.5504 -0.8847 0.0453
1.3876 -1.0353 0.0357
1.3484 -0.8185 0.0412
1.1429 -1.1233 0.0275
0.3002 1.8683 0.0071
-1.2892 3.1128 0.0013
-1.4386 2.8609 0.0024
-1.4151 2.3552 0.0062
-1.5707 2.1627 0.0096
3.3998 -0.6006 0.0118
3.2096 -0.7565 0.0197
3.0721 -4.5172 0.0000
2.9434 -4.7585 0.0000
3.2164 3.5083 0.0003
3.1298 3.2604 0.0007
-3.0582 0.1654 0.0362
-3.2093 -0.0173 0.0253
-4.4856 -3.4668 0.0000
-4.7354 -3.3178 0.0000
-4.7537 -3.6033 0.0000
-0.1709 -4.7471 0.0000
-0.9206 1.6620 0.0125
-1.0433 1.4360 0.0182
1.3511 -0.6014 0.0473
1.1735 -0.6899 0.0396
0.9733 -0.7699 0.0329
0.4627 4.7610 0.0000
-2.4082 0.0559 0.0800
-2.4488 -0.0571 0.0787
4.2381 0.0122 0.0001
3.9505 0.0381 0.0010
-3.0360 1.8226 0.0098
-3.2667 1.8333 0.0053
-3.0680 1.5923 0.0125
-3.3107 1.6094 0.0064
-3.2993 1.3828 0.0087
-3.5278 1.3604 0.0039
3.8331 -0.4765 0.0017
2.7246 4.4558 0.0000
2.6625 4.2147 0.0001
1.0818 3.6974 0.0002
1.1868 3.4347 0.0004
0.8639 3.4991 0.0002
0.9635 -3.8711 0.0002
-1.5999 -4.0292 0.0001
-1.8384 -4.0898 0.0001
2.0537 -0.3736 0.0766
1.9367 -0.3736 0.0738
1.9436 -0.5082 0.0704
1.9507 -4.4999 0.0000
2.0454 -4.7745 0.0000
-2.0081 2.8598 0.0032
-2.1540 2.5916 0.0056
-2.2821 2.8456 0.0033
-2.4288 2.6253 0.0050
-2.2359 2.3457 0.0090
-2.4777 2.4036 0.0075
-2.6474 2.2055 0.0094
-1.4890 1.7025 0.0182
-1.5880 1.4835 0.0259
-3.3621 -1.8427 0.0045
-3.4684 -2.1094 0.0022
-1.7092 -4.7643 0.0000
4.4767 3.9861 0.0000
4.2570 3.7869 0.0000
4.2187 3.4194 0.0000
4.0431 3.5978 0.0000
3.9396 3.3353 0.0001
0.5815 -0.6878 0.0282
0.3376 -0.7488 0.0250
0.3150 -1.0091 0.0203
0.1377 -0.9130 0.0214
0.2333 -1.2299 0.0161
-3.9075 -2.9163 0.0001
-4.0805 -3.0996 0.0000
-3.9192 -3.2954 0.0001
-4.2160 -3.3443 0.0000
-0.1510 -4.3266 0.0000
-0.3502 -4.5074 0.0000
-0.4624 -4.7789 0.0000
-2.9736 0.5474 0.0384
-3.1607 0.3916 0.0268
-3.3048 0.1928 0.0187
4.7314 -1.0366 0.0000
4.7160 -1.2853 0.0000
4.1738 2.6512 0.0000
3.9525 2.5127 0.0002
-3.3925 3.1061 0.0003
-3.6984 2.9984 0.0001
3.2388 -1.0149 0.0149
0.3963 -4.2642 0.0000
0.2783 -4.5251 0.0000
-4.7041 -1.1677 0.0000
-0.1847 -0.3897 0.0288
-0.3512 -0.5450 0.0281
-0.5253 -0.6805 0.0277
-0.9559 -2.4998 0.0032
1.4233 4.0057 0.0001
1.1662 3.9518 0.0001
3.6979 3.9297 0.0000
-3.7452 1.8293 0.0007
-3.9145 1.6972 0.0003
1.3491 4.2492 0.0000
0.9017 -2.3399 0.0042
0.8210 -2.6481 0.0022
1.7351 1.3562 0.0323
3.2393 -2.6157 0.0015
2.8383 -2.9178 0.0018
-1.0100 -1.7873 0.0114
2.4711 -4.4665 0.0000
2.2136 -4.5759 0.0000
1.9532 -1.8401 0.0197
1.7584 -1.9439 0.0154
1.4886 -1.8896 0.0140
1.6011 -2.0937 0.0110
1.3309 -2.1019 0.0089
3.8373 -1.9327 0.0004
3.5671 -1.8801 0.0016
3.3320 -2.0502 0.0031
0.3164 0.5338 0.0279
0.1485 0.3737 0.0288
-0.1083 0.4288 0.0282
-0.0093 0.1966 0.0299
-0.1323 -0.0043 0.0306
-0.2375 0.1941 0.0306
-0.3908 -0.0179 0.0324
-4.7743 4.7704 0.0000
-4.2359 -1.8710 0.0001
-4.3227 -2.1392 0.0000
-4.4888 -2.4007 0.0000
3.5890 -4.3900 0.0000
3.4368 -4.6116 0.0000
1.7211 4.7782 0.0000
1.5610 4.5750 0.0000
1.8467 4.5195 0.0000
1.6013 4.3269 0.0000
-1.2137 1.3109 0.0239
-1.3150 1.0801 0.0325
-1.4959 0.9684 0.0409
1.9032 4.2587 0.0001
1.6670 4.0838 0.0001
1.3214 -1.2369 0.0280
1.1322 -1.3748 0.0209
2.9429 3.5122 0.0005
2.7189 3.7470 0.0003
2.6506 3.4736 0.0007
-0.7139 0.7098 0.0295
-3.9008 3.7443 0.0000
-3.7711 3.4973 0.0000
-4.0116 3.4398 0.0000
-4.2397 3.3033 0.0000
-4.2297 2.4200 0.0000
-1.1021 -4.0222 0.0001
-1.3336 -4.2349 0.0000
-0.8718 2.3838 0.0038
-1.1363 2.3805 0.0047
-1.2330 2.1349 0.0078
-3.3420 3.7525 0.0001
-3.4463 3.9980 0.0000
-3.7426 3.9842 0.0000
2.5122 -1.4667 0.0313
2.5272 -1.6589 0.0243
2.3347 -1.6984 0.0250
2.1439 -1.7407 0.0239
2.1889 2.4532 0.0068
0.0300 -3.2770 0.0004
-1.1678 -2.0326 0.0086
0.1241 -2.2142 0.0036
-0.1223 -2.1964 0.0038
-0.1465 -2.4043 0.0025
-0.2310 -2.5943 0.0017
-0.4096 -2.2980 0.0034
-0.4636 -2.5428 0.0021
-2.0941 0.0139 0.0819
-2.2000 -0.0680 0.0826
-2.1650 -0.1767 0.0815
-2.2662 -0.2286 0.0808
-2.3049 0.0026 0.0823
-2.3300 -0.1165 0.0814
-2.3994 -0.2299 0.0785
0.7943 -3.4165 0.0004
0.5105 -3.4784 0.0003
0.9138 -1.5278 0.0149
0.7329 -1.7772 0.0094
-2.3909 -2.9427 0.0025
-4.2605 3.8827 0.0000
-4.4994 3.7426 0.0000
-0.4415 1.0527 0.0202
-0.6730 0.9307 0.0246
-1.3590 4.3684 0.0001
-1.6239 4.2246 0.0001
-0.1249 3.8257 0.0001
-0.1700 3.5652 0.0002
-3.7877 -2.6433 0.0003
-4.0895 -2.7041 0.0001
3.5731 1.2923 0.0039
3.5237 1.0597 0.0058
3.3292 1.3394 0.0089
3.0876 1.2033 0.0193
3.2945 1.1084 0.0123
3.3286 0.8632 0.0133
3.0800 0.9579 0.0243
1.1515 -0.0354 0.0485
1.0104 -0.1671 0.0436
4.7599 -1.4967 0.0000
4.7765 -1.7562 0.0000
0.2809 -1.9978 0.0055
4.5972 -0.2943 0.0000
4.3219 -0.3057 0.0001
4.4982 -2.4365 0.0000
4.2649 -2.5768 0.0000
-1.9165 -3.0648 0.0018
-2.1045 -2.8868 0.0028
-2.2000 -3.1457 0.0016
4.7678 3.9159 0.0000
4.5767 3.7404 0.0000
4.3956 3.5834 0.0000
0.9880 -1.8055 0.0107
0.8134 -2.0359 0.0066
-1.3431 1.5062 0.0210
-1.4414 1.2834 0.0292
1.1355 3.1345 0.0008
0.9283 3.2670 0.0005
0.7580 3.1013 0.0006
0.4829 3.0681 0.0006
0.6863 2.8170 0.0013
4.7697 3.5824 0.0000
4.5708 3.4145 0.0000
4.3936 3.2440 0.0000
4.2536 2.0647 0.0001
-3.8139 1.4654 0.0008
-4.1457 1.5731 0.0001
-0.1498 4.7484 0.0000
-0.8556 -4.1917 0.0000
-1.0889 -4.3264 0.0000
2.8354 3.2461 0.0010
0.1423 -4.7692 0.0000
2.6009 1.4155 0.0309
2.4940 1.2346 0.0404
2.2908 1.1887 0.0451
2.1159 1.1107 0.0484
2.4494 1.0610 0.0488
2.2715 0.9944 0.0541
2.0843 0.9196 0.0569
2.2367 0.8453 0.0609
2.1173 0.7640 0.0640
1.9928 0.7003 0.0647
1.8476 2.8959 0.0025
1.6971 2.6941 0.0036
4.2489 -1.5303 0.0000
4.0523 -1.7349 0.0001
0.3030 -0.1021 0.0314
0.1979 -0.2835 0.0299
3.9102 -2.2212 0.0002
3.6143 -2.1396 0.0009
3.3786 -2.3332 0.0016
-2.3276 -0.7946 0.0624
-2.4375 -0.8887 0.0565
-2.5654 -1.0297 0.0470
1.3217 -0.3564 0.0514
1.0517 -0.3543 0.0428
-1.6378 1.9071 0.0151
-1.9000 1.8856 0.0181
-1.9725 1.6511 0.0259
3.6023 2.9201 0.0004
-3.6907 -0.1012 0.0041
-3.6105 -0.3594 0.0057
-0.7301 -1.8096 0.0094
-0.8723 -2.0197 0.0073
1.9079 -1.4143 0.0338
1.8788 -1.6370 0.0254
1.6788 -1.7383 0.0198
4.4528 -2.1383 0.0000
4.2182 -2.2954 0.0000
4.0047 -2.4752 0.0001
3.7923 -2.6310 0.0001
2.2953 -2.4038 0.0080
2.1505 -2.6206 0.0053
2.0556 -2.8998 0.0029
2.3974 4.2478 0.0001
2.1638 4.1420 0.0001
0.2338 -3.5166 0.0002
-3.0374 -2.7890 0.0020
-4.7837 -2.0081 0.0000
-4.7098 0.7713 0.0000
-2.0667 4.7554 0.0000
0.3066 4.5130 0.0000
-0.0129 4.4710 0.0000
4.7677 -3.4296 0.0000
4.0245 -3.8012 0.0000
3.7635 -3.8485 0.0000
-0.3225 4.5239 0.0000
-0.2630 4.2837 0.0000
-0.5228 4.2567 0.0001
-2.4014 3.6368 0.0005
-2.6536 3.5788 0.0005
-2.6402 3.3213 0.0009
1.1483 0.3849 0.0456
0.9492 0.3238 0.0407
0.8274 0.1810 0.0390
4.7426 2.6239 0.0000
4.7611 2.3208 0.0000
-1.6970 -1.3932 0.0303
-2.8093 -3.2275 0.0011
-3.0453 -3.3298 0.0007
1.3859 -1.4475 0.0233
1.4410 -1.6593 0.0187
1.2402 -1.8560 0.0121
0.2189 -1.7763 0.0078
-0.0182 -1.9361 0.0060
-0.3812 3.7545 0.0001
-2.0925 0.5867 0.0709
-2.1845 0.5458 0.0732
-2.1489 0.4426 0.0761
-2.2716 0.3969 0.0774
-2.2683 0.2514 0.0806
-2.3847 0.3096 0.0777
-2.4168 0.1850 0.0788
-2.5424 0.0833 0.0747
-2.6071 -0.0595 0.0713
-2.5465 1.1037 0.0450
-2.5031 0.9330 0.0534
-2.4678 0.7776 0.0608
-2.6006 0.7069 0.0582
-2.6687 0.8817 0.0488
-2.8124 0.7045 0.0461
