5.0000 5.0000 0.0000
0.0000 5.0000 0.0000
2.5000 5.0000 0.0000
3.7500 5.0000 0.0000
4.3750 5.0000 0.0000
4.6875 5.0000 0.0000
4.0625 5.0000 0.0000
3.1250 5.0000 0.0000
3.4375 5.0000 0.0000
2.8125 5.0000 0.0000
1.2500 5.0000 0.0000
1.8750 5.0000 0.0000
2.1875 5.0000 0.0000
1.5625 5.0000 0.0000
0.6250 5.0000 0.0000
0.9375 5.0000 0.0000
0.3125 5.0000 0.0000
-2.5000 5.0000 0.0000
-1.2500 5.0000 0.0000
-0.6250 5.0000 0.0000
-0.3125 5.0000 0.0000
-0.9375 5.0000 0.0000
-1.8750 5.0000 0.0000
-1.5625 5.0000 0.0000
-2.1875 5.0000 0.0000
-3.7500 5.0000 0.0000
-3.1250 5.0000 0.0000
-2.8125 5.0000 0.0000
-3.4375 5.0000 0.0000
-4.3750 5.0000 0.0000
-4.0625 5.0000 0.0000
-4.6875 5.0000 0.0000
5.0000 -5.0000 0.0000
5.0000 0.0000 0.0000
5.0000 -2.5000 0.0000
5.0000 -3.7500 0.0000
5.0000 -4.3750 0.0000
5.0000 -4.6875 0.0000
5.0000 -4.0625 0.0000
5.0000 -3.1250 0.0000
5.0000 -3.4375 0.0000
5.0000 -2.8125 0.0000
5.0000 -1.2500 0.0000
5.0000 -1.8750 0.0000
5.0000 -2.1875 0.0000
5.0000 -1.5625 0.0000
5.0000 -0.6250 0.0000
5.0000 -0.9375 0.0000
5.0000 -0.3125 0.0000
5.0000 2.5000 0.0000
5.0000 1.2500 0.0000
5.0000 0.6250 0.0000
5.0000 0.3125 0.0000
5.0000 0.9375 0.0000
5.0000 1.8750 0.0000
5.0000 1.5625 0.0000
5.0000 2.1875 0.0000
5.0000 3.7500 0.0000
5.0000 3.1250 0.0000
5.0000 2.8125 0.0000
5.0000 3.4375 0.0000
5.0000 4.3750 0.0000
5.0000 4.0625 0.0000
5.0000 4.6875 0.0000
-5.0000 -5.0000 0.0000
0.0000 -5.0000 0.0000
-2.5000 -5.0000 0.0000
-3.7500 -5.0000 0.0000
-4.3750 -5.0000 0.0000
-4.6875 -5.0000 0.0000
-4.0625 -5.0000 0.0000
-3.1250 -5.0000 0.0000
-3.4375 -5.0000 0.0000
-2.8125 -5.0000 0.0000
-1.2500 -5.0000 0.0000
-1.8750 -5.0000 0.0000
-2.1875 -5.0000 0.0000
-1.5625 -5.0000 0.0000
-0.6250 -5.0000 0.0000
-0.9375 -5.0000 0.0000
-0.3125 -5.0000 0.0000
2.5000 -5.0000 0.0000
1.2500 -5.0000 0.0000
0.6250 -5.0000 0.0000
0.3125 -5.0000 0.0000
0.9375 -5.0000 0.0000
1.8750 -5.0000 0.0000
1.5625 -5.0000 0.0000
2.1875 -5.0000 0.0000
3.7500 -5.0000 0.0000
3.1250 -5.0000 0.0000
2.8125 -5.0000 0.0000
3.4375 -5.0000 0.0000
4.3750 -5.0000 0.0000
4.0625 -5.0000 0.0000
4.6875 -5.0000 0.0000
-5.0000 5.0000 0.0000
-5.0000 0.0000 0.0000
-5.0000 2.5000 0.0000
-5.0000 3.7500 0.0000
-5.0000 4.3750 0.0000
-5.0000 4.6875 0.0000
-5.0000 4.0625 0.0000
-5.0000 3.1250 0.0000
-5.0000 3.4375 0.0000
-5.0000 2.8125 0.0000
-5.0000 1.2500 0.0000
-5.0000 1.8750 0.0000
-5.0000 2.1875 0.0000
-5.0000 1.5625 0.0000
-5.0000 0.6250 0.0000
-5.0000 0.9375 0.0000
-5.0000 0.3125 0.0000
-5.0000 -2.5000 0.0000
-5.0000 -1.2500 0.0000
-5.0000 -0.6250 0.0000
-5.0000 -0.3125 0.0000
-5.0000 -0.9375 0.0000
-5.0000 -1.8750 0.0000
-5.0000 -1.5625 0.0000
-5.0000 -2.1875 0.0000
-5.0000 -3.7500 0.0000
-5.0000 -3.1250 0.0000
-5.0000 -2.8125 0.0000
-5.0000 -3.4375 0.0000
-5.0000 -4.3750 0.0000
-5.0000 -4.0625 0.0000
-5.0000 -4.6875 0.0000
1.0829 -1.1082 0.0267
0.9763 -1.2867 0.0207
2.5775 2.4156 0.0067
-2.0198 0.6903 0.0659
-2.1955 0.7134 0.0670
-2.2830 0.5850 0.0716
4.7783 3.9080 0.0000
-4.1812 -3.4066 0.0000
-0.5108 0.5238 0.0299
4.7698 -3.6077 0.0000
-1.9742 0.5497 0.0699
-2.0691 0.4429 0.0751
-2.1696 0.3347 0.0790
0.3428 0.7928 0.0242
0.1462 0.6959 0.0248
-0.0411 0.6162 0.0257
-0.1047 0.4071 0.0283
0.8202 3.5780 0.0002
-2.6936 2.3410 0.0071
-4.0359 2.8773 0.0000
-4.2798 2.8832 0.0000
2.3080 -1.8199 0.0211
2.1172 -1.7138 0.0246
1.9789 -1.8762 0.0189
1.8394 -2.0522 0.0136
1.6930 -2.2409 0.0092
1.3861 -2.6369 0.0036
1.5186 -2.8200 0.0027
1.2901 -2.9384 0.0018
2.4651 1.1433 0.0449
2.2688 1.0934 0.0496
2.2422 0.8978 0.0586
-4.7491 -3.3249 0.0000
-4.7570 -3.6265 0.0000
-2.9686 -0.8835 0.0322
-3.1648 -1.0434 0.0186
-3.1552 -0.7808 0.0230
-3.3847 -0.9190 0.0107
-3.4240 -1.1700 0.0077
4.7310 2.5817 0.0000
4.7363 2.3011 0.0000
4.4709 2.1320 0.0000
4.2077 1.9978 0.0001
0.8125 -3.5233 0.0004
-1.5310 -3.6755 0.0003
3.5210 0.8482 0.0068
3.3513 0.6834 0.0138
-1.7102 3.7714 0.0003
0.1905 0.1252 0.0307
0.0329 -0.0146 0.0304
-0.1193 -0.1538 0.0303
-0.1593 -0.3417 0.0292
-0.3445 -0.3302 0.0304
-2.5301 -4.3664 0.0001
-4.3700 -2.9943 0.0000
0.4169 -3.1460 0.0006
0.1732 -3.2881 0.0004
4.5552 -3.1358 0.0000
4.2822 -3.0738 0.0000
4.3676 -3.3318 0.0000
2.2769 -0.7032 0.0672
2.1509 -0.7964 0.0634
2.0224 -0.7115 0.0651
1.9680 -0.8513 0.0584
2.9558 -4.2530 0.0000
-1.4777 3.6180 0.0004
-1.4677 3.3546 0.0008
0.5116 4.0811 0.0000
0.3936 3.8533 0.0001
-2.4811 -2.1233 0.0118
-2.5792 -2.3611 0.0074
-2.8408 -2.3536 0.0059
4.1984 3.0985 0.0000
-0.2863 1.8825 0.0066
-0.7017 3.4823 0.0004
2.9946 -1.7942 0.0111
2.7763 -1.8584 0.0144
0.1104 2.4741 0.0022
-0.1559 2.3982 0.0025
3.0601 1.0662 0.0232
2.9725 0.8103 0.0336
2.8298 0.9725 0.0376
2.5970 0.7080 0.0582
2.7661 0.7731 0.0472
2.7246 0.5772 0.0553
2.5694 0.5302 0.0652
2.4454 0.4505 0.0723
-2.6439 4.6245 0.0000
-2.8322 4.4996 0.0000
2.4398 4.0738 0.0001
0.9550 -4.5253 0.0000
2.7919 1.9915 0.0116
-0.8610 -1.2450 0.0206
1.8936 2.8181 0.0030
1.5599 -3.3792 0.0008
1.5703 -3.6724 0.0004
-1.4405 -3.3964 0.0005
-1.7256 -3.4861 0.0005
3.3201 1.0054 0.0124
3.1840 0.8343 0.0207
4.1917 4.7315 0.0000
-1.2099 0.8832 0.0356
0.0915 3.1385 0.0005
2.4127 -2.5971 0.0053
-0.5177 2.3125 0.0034
2.3726 3.8239 0.0003
2.1733 3.6410 0.0005
3.1299 -0.7553 0.0243
-1.7088 -1.9563 0.0138
-1.8857 -1.7808 0.0198
-1.9768 -2.0160 0.0142
-2.2173 -2.0799 0.0134
4.4617 2.4106 0.0000
4.1903 2.2667 0.0001
3.9112 2.3933 0.0002
3.9320 2.0966 0.0003
-3.8377 -3.2511 0.0001
-3.9670 -3.4848 0.0000
-0.1498 -3.7197 0.0001
-1.8021 -1.5101 0.0278
-2.1578 -1.8072 0.0206
1.6786 -4.2437 0.0001
3.9599 -1.6422 0.0003
3.7091 -1.7884 0.0010
3.4489 -1.9089 0.0026
-1.5835 0.8478 0.0476
-1.7379 0.7899 0.0546
-1.6878 0.6400 0.0580
-1.9097 0.8169 0.0585
-1.8559 0.6404 0.0636
2.6236 -4.5865 0.0000
1.5449 -2.4378 0.0059
-3.1721 -1.8932 0.0069
-3.2832 -2.0988 0.0039
-1.1730 -2.9248 0.0014
-1.3179 -3.1470 0.0009
-1.6216 -3.1572 0.0012
-2.9948 3.9792 0.0001
-3.1278 3.7457 0.0001
-0.5185 -4.2756 0.0000
-1.0550 -4.3372 0.0000
-0.2767 -1.4738 0.0124
-2.1702 4.5011 0.0000
-3.4129 -4.2163 0.0000
-3.6412 -4.4085 0.0000
-3.6827 -1.7809 0.0015
0.6586 1.1421 0.0205
0.5582 0.8742 0.0247
0.4546 1.0606 0.0203
0.2543 0.9779 0.0206
1.2815 1.5135 0.0199
1.0492 1.4778 0.0178
0.8104 1.3690 0.0175
1.6925 2.3812 0.0065
-2.6523 1.7499 0.0194
-2.9291 1.7640 0.0130
-2.9927 1.5154 0.0161
-2.0457 2.6730 0.0047
-2.1300 2.3597 0.0087
-2.2982 2.1361 0.0128
-0.3955 3.2622 0.0005
0.7449 -4.6469 0.0000
4.1378 -2.5266 0.0000
0.8792 1.6521 0.0127
0.6297 1.5944 0.0120
0.5437 1.3524 0.0156
0.3432 1.2459 0.0164
1.0653 -3.4076 0.0006
4.2957 -3.9049 0.0000
4.0703 -4.0521 0.0000
2.2364 -2.8130 0.0035
-2.3952 0.6755 0.0666
4.5842 4.3738 0.0000
-1.5920 2.9060 0.0024
-1.0788 -0.2780 0.0448
-1.0136 -0.4512 0.0407
-4.5202 -0.3007 0.0000
-4.7716 -0.4346 0.0000
1.2837 0.8953 0.0378
1.1529 0.7003 0.0395
-3.6118 4.3706 0.0000
3.8622 -3.8537 0.0000
3.7905 -4.1457 0.0000
3.5812 -3.9166 0.0000
3.3094 -3.9572 0.0000
3.5153 -4.2061 0.0000
3.2276 -4.2239 0.0000
-1.6529 -1.0488 0.0424
-1.7200 -1.2680 0.0354
-1.1411 0.0564 0.0481
-1.1670 -0.1264 0.0488
-1.3455 0.0866 0.0553
-1.3313 -0.0627 0.0549
-1.3057 -0.2274 0.0529
-1.4492 -0.2675 0.0579
-1.5669 -0.3933 0.0604
0.6034 3.7130 0.0001
2.4090 0.9561 0.0542
2.1378 0.7795 0.0635
2.5993 0.9039 0.0508
2.4465 0.7965 0.0602
2.3038 0.7308 0.0654
2.4480 0.6268 0.0666
2.3200 0.5577 0.0718
2.0365 0.6724 0.0666
2.1805 0.6185 0.0702
2.1878 0.4709 0.0752
2.0465 0.5125 0.0724
2.1305 0.3580 0.0779
1.8852 0.4534 0.0703
2.0101 0.3780 0.0755
1.8973 0.3092 0.0740
1.7705 0.2949 0.0700
1.7624 0.2068 0.0711
-2.9568 4.7455 0.0000
-3.1283 4.4806 0.0000
-0.8447 -3.9232 0.0001
-1.0764 -4.0883 0.0000
-4.0516 4.0040 0.0000
-4.2680 3.9097 0.0000
0.2687 -0.5063 0.0280
0.0583 -0.3069 0.0292
0.0798 -0.5149 0.0272
0.0857 -0.7221 0.0244
4.0664 -3.2980 0.0000
-3.9196 -2.6365 0.0002
-4.1344 -2.8645 0.0000
2.8147 -4.4648 0.0000
-3.1760 2.1906 0.0039
-3.4168 2.0876 0.0022
-3.4932 1.8362 0.0024
-3.7187 1.6766 0.0011
-1.3181 2.8565 0.0022
1.7742 0.7151 0.0585
-3.9911 2.5783 0.0000
0.8396 -1.7466 0.0105
-1.8821 1.1160 0.0455
-2.0142 0.9816 0.0537
-2.0816 0.8303 0.0613
-2.2051 0.8952 0.0594
1.6924 0.8470 0.0512
1.5897 0.6881 0.0535
1.5012 0.8771 0.0445
1.3754 0.7152 0.0456
-1.6762 -0.5296 0.0612
-1.7891 -0.4430 0.0674
-1.8744 -0.5569 0.0668
-1.9469 -0.4176 0.0729
-2.0622 -0.4714 0.0739
-2.0203 -0.6131 0.0685
-2.1382 -0.7212 0.0659
3.6342 4.0297 0.0000
3.2758 0.4214 0.0196
3.1357 0.2562 0.0299
3.3150 0.1084 0.0184
3.0716 0.0511 0.0356
3.2454 -0.1313 0.0226
3.0428 -0.1496 0.0376
4.7537 1.4086 0.0000
-1.4287 4.7441 0.0000
1.6417 1.9111 0.0142
1.6827 1.6664 0.0210
1.7542 -0.4031 0.0670
1.7891 0.0835 0.0731
1.7072 -0.0354 0.0701
1.6897 -0.1860 0.0683
1.6164 -0.3130 0.0635
1.5594 -0.1051 0.0637
1.4512 -0.2352 0.0581
1.4724 -0.4090 0.0560
1.4782 -0.5785 0.0523
1.3212 -0.5652 0.0471
4.5060 -2.8504 0.0000
-4.7575 2.7055 0.0000
-4.3627 -0.5223 0.0001
-4.6212 -0.6062 0.0000
-4.7774 -0.7857 0.0000
-0.6913 3.7473 0.0002
-0.9541 3.6518 0.0003
0.0351 2.1931 0.0037
-0.2548 2.1567 0.0041
-0.4334 3.7204 0.0002
-0.4718 3.4723 0.0003
-1.8556 4.2723 0.0001
-2.0996 4.2439 0.0001
-1.7040 0.3399 0.0665
-1.8500 0.3264 0.0721
-1.7817 0.1967 0.0718
-1.9304 0.2051 0.0768
-2.0699 0.2161 0.0800
-2.1331 0.0969 0.0821
-1.8673 0.0749 0.0759
-2.0060 0.0875 0.0800
-2.0898 -0.0264 0.0819
0.9745 -1.9671 0.0083
0.8366 -2.2030 0.0051
-3.2060 0.0748 0.0254
-3.2608 -0.1517 0.0216
3.0735 4.5445 0.0000
-2.9049 2.4985 0.0040
-3.1676 2.4365 0.0025
-0.5852 1.4098 0.0143
-0.5720 1.1463 0.0192
-0.5934 0.9096 0.0242
-2.3136 3.2957 0.0012
-2.4450 3.0659 0.0019
-2.7462 3.0439 0.0016
0.2109 -3.5699 0.0002
-0.0410 -3.4916 0.0002
0.4785 -2.5521 0.0021
3.7340 0.6741 0.0029
3.5252 0.5268 0.0078
3.9602 -1.9511 0.0002
3.7663 -2.2655 0.0003
2.8607 4.2587 0.0001
2.6853 4.0618 0.0001
0.4687 4.7029 0.0000
0.1904 4.5033 0.0000
-4.3942 -1.4237 0.0000
-4.4023 -1.6953 0.0000
-4.5093 3.7781 0.0000
4.2515 -3.5551 0.0000
4.1102 -3.7588 0.0000
-2.3579 4.2530 0.0001
1.4564 4.0331 0.0001
1.0662 -3.6872 0.0003
0.9276 0.1146 0.0418
0.8527 -0.0909 0.0399
-2.0370 -4.7701 0.0000
-3.6254 0.2353 0.0053
0.3301 -1.1691 0.0175
0.0777 -1.1609 0.0171
0.5148 -1.3419 0.0152
0.2044 -1.3910 0.0133
0.2174 -1.6708 0.0091
2.7931 4.7731 0.0000
-2.5463 0.6408 0.0629
-2.7126 0.6007 0.0554
-1.3176 -4.1131 0.0000
0.4781 -1.7977 0.0080
0.2277 -1.9420 0.0059
-0.9909 3.9531 0.0001
-1.2257 3.7545 0.0003
-1.2063 3.4552 0.0006
-4.5040 1.6728 0.0000
0.9588 4.4254 0.0000
0.6852 3.3651 0.0003
0.5519 3.1523 0.0005
4.3136 3.3079 0.0000
3.9845 3.2624 0.0000
-0.1713 -4.7445 0.0000
2.4250 2.8555 0.0030
2.1746 2.8712 0.0029
-1.8174 -3.8003 0.0002
-1.8142 -4.1089 0.0001
4.3796 4.5211 0.0000
1.2678 -2.4183 0.0049
-3.5634 2.8262 0.0003
-3.7874 2.7408 0.0001
-4.2361 3.3842 0.0000
4.7683 -2.9636 0.0000
-2.4955 -1.4977 0.0298
-2.4234 -1.8966 0.0175
-2.6810 -1.8957 0.0150
-4.5409 -1.2405 0.0000
-4.1213 1.0020 0.0002
-3.9936 0.7019 0.0006
-4.2803 0.7863 0.0001
-2.3023 -3.5433 0.0006
-2.5117 -3.6480 0.0005
-1.6835 3.1784 0.0014
-1.8804 2.9511 0.0025
4.7655 -2.3333 0.0000
4.5308 -2.4574 0.0000
-3.1909 3.4514 0.0002
-3.2333 3.1839 0.0004
0.8680 3.1582 0.0006
0.7083 2.9345 0.0010
-3.6399 -1.3057 0.0029
-3.9005 -1.3041 0.0008
-3.6694 2.2011 0.0006
-3.7391 1.9637 0.0006
-3.9875 1.7828 0.0002
-3.9603 1.4973 0.0003
-1.8959 4.5206 0.0000
-2.4350 -0.6600 0.0658
-2.5921 -0.7170 0.0581
-2.6133 -0.8924 0.0507
-2.7693 -0.7607 0.0474
-2.7921 -0.9673 0.0397
2.1051 1.0122 0.0529
1.9423 1.0803 0.0476
1.8464 0.9354 0.0518
2.0254 0.8817 0.0578
1.9163 0.7727 0.0602
-0.6527 3.1996 0.0006
-0.8747 3.0449 0.0010
-1.0920 2.8992 0.0017
-0.8717 2.7346 0.0020
-1.1389 2.5967 0.0032
0.6459 -2.7559 0.0016
0.4595 -2.9098 0.0010
0.2973 -2.7608 0.0013
0.1425 -2.9957 0.0007
1.3323 -4.1071 0.0001
1.0798 -4.2609 0.0001
0.6930 -1.9610 0.0069
2.0707 -1.4873 0.0327
2.2914 -1.5592 0.0302
1.8855 -1.6329 0.0256
1.7205 -1.7979 0.0188
-4.5207 2.7264 0.0000
-4.4525 -4.4057 0.0000
-4.4842 -4.7097 0.0000
-4.7317 -4.5137 0.0000
-4.7671 -4.7783 0.0000
4.7333 0.1437 0.0000
4.4056 0.1826 0.0000
4.4984 -0.0722 0.0000
-1.7122 0.0624 0.0702
-1.8089 -0.0546 0.0740
-1.9556 -0.0410 0.0788
-2.0470 -0.1530 0.0803
-1.9022 -0.1672 0.0764
-1.9877 -0.2748 0.0772
-2.0922 -0.3271 0.0782
-2.2024 -0.4300 0.0765
1.0623 0.9536 0.0309
0.7735 0.9285 0.0264
-0.3897 -3.6173 0.0001
-0.6314 -3.7571 0.0001
-0.3602 -3.9214 0.0001
-4.7284 -2.9148 0.0000
3.3350 -2.5040 0.0014
3.0426 -2.4550 0.0033
2.8879 -2.6556 0.0030
2.0420 -3.0225 0.0022
1.8035 -3.2083 0.0014
-4.4271 -0.7696 0.0000
-4.5741 -0.9487 0.0000
-4.7826 -1.1005 0.0000
2.9034 0.6033 0.0427
-3.3458 4.2949 0.0000
-3.5524 4.1112 0.0000
-1.3119 0.5965 0.0461
-1.4343 0.4808 0.0531
-1.5421 0.3371 0.0601
-1.3624 0.3288 0.0533
-1.4573 0.1957 0.0588
-1.6249 0.1890 0.0657
-4.2605 0.5032 0.0001
-4.5130 0.5957 0.0000
4.7446 -1.1212 0.0000
4.7378 -1.4193 0.0000
-2.9844 -3.8254 0.0002
-3.2090 -3.9998 0.0001
-0.5111 2.0359 0.0055
-0.4825 1.7408 0.0087
1.4104 -4.3237 0.0001
1.2397 -4.5082 0.0000
-0.2890 -1.9772 0.0059
-0.4820 -2.1578 0.0046
0.4379 1.8050 0.0082
0.1843 1.7407 0.0084
-2.5813 0.4744 0.0663
1.0827 -4.7595 0.0000
-0.6879 1.6264 0.0113
-0.8779 1.4794 0.0154
2.4313 -2.9806 0.0023
4.2392 1.7444 0.0001
3.9819 1.7800 0.0004
3.9853 1.4877 0.0005
4.5290 0.6402 0.0000
3.4509 3.8143 0.0001
-3.1213 0.2774 0.0306
4.7689 -3.2852 0.0000
4.5703 -3.4519 0.0000
4.4835 -3.7100 0.0000
-4.7416 1.4529 0.0000
2.4170 -4.4945 0.0000
2.3388 -4.7511 0.0000
0.6066 -0.0867 0.0351
0.4390 -0.1615 0.0325
0.2926 -0.3147 0.0302
-2.4164 3.5275 0.0006
-2.6257 3.2956 0.0010
-3.7469 -0.0528 0.0031
3.7531 -0.3489 0.0028
3.4824 -0.3390 0.0096
0.4707 0.1023 0.0331
0.3201 -0.0191 0.0317
0.1741 -0.1394 0.0305
-4.2760 3.1248 0.0000
-2.7428 0.4344 0.0575
-2.7240 0.2865 0.0615
-2.9052 0.3193 0.0472
-1.1200 4.2518 0.0001
2.4537 -4.0312 0.0001
2.5887 -4.2937 0.0001
-3.7798 0.4750 0.0023
4.7835 0.4838 0.0000
2.2559 -3.1734 0.0016
0.7885 -4.8127 0.0000
-1.6002 4.4669 0.0000
3.7918 -3.1796 0.0000
3.7288 -3.3926 0.0000
3.4829 -3.3984 0.0001
2.8660 2.5450 0.0041
-4.2474 -2.6417 0.0000
-4.4818 -2.7764 0.0000
-0.6968 4.4974 0.0000
-2.5780 2.8281 0.0030
-2.8379 2.7654 0.0026
3.4839 1.9883 0.0025
3.2448 1.8806 0.0059
3.0040 1.8116 0.0111
0.0068 -2.3678 0.0027
-0.1714 -2.5516 0.0018
0.0190 -2.7124 0.0013
-0.1582 -2.8981 0.0008
-0.3614 -2.7297 0.0013
-0.5296 -2.9235 0.0009
1.6640 -1.0592 0.0424
1.4729 -1.1539 0.0341
-1.1195 4.7553 0.0000
-2.6183 -0.5821 0.0613
-4.7644 2.9879 0.0000
-1.2411 1.0833 0.0307
-1.3775 0.7847 0.0431
-1.5197 0.6577 0.0515
4.5299 -4.0179 0.0000
4.3358 -4.2103 0.0000
3.7288 1.3304 0.0019
3.5443 1.1463 0.0050
-2.5233 -4.6105 0.0000
-2.6661 -4.8002 0.0000
-2.9772 -4.7686 0.0000
-0.0959 -3.1905 0.0004
-0.2807 -3.3977 0.0002
-2.6194 -1.6875 0.0214
-2.8277 -1.6137 0.0191
-2.9182 -1.8027 0.0129
-2.9538 -2.0399 0.0085
-2.4567 -3.0582 0.0020
-2.6952 -3.1268 0.0015
0.9992 2.8989 0.0013
0.7203 2.6490 0.0019
-0.5280 4.7469 0.0000
-1.9863 1.8350 0.0201
-1.8143 1.6910 0.0229
-1.9867 1.5526 0.0295
-2.1577 1.6652 0.0265
-2.3028 1.4966 0.0327
-2.1330 1.4028 0.0366
-2.4286 1.3325 0.0382
-1.0956 -1.3295 0.0218
-1.3395 -1.3963 0.0239
-1.0049 0.8112 0.0326
-1.1638 0.6902 0.0393
3.8587 4.2463 0.0000
3.8975 3.9585 0.0000
-3.7913 3.9646 0.0000
-3.9447 3.7484 0.0000
-4.2110 3.6635 0.0000
4.7542 -0.8162 0.0000
3.3855 -1.4046 0.0063
3.1393 -1.4845 0.0121
3.2154 -1.6997 0.0075
3.7342 -0.1252 0.0032
-4.0487 4.4880 0.0000
-4.2147 4.2286 0.0000
0.7380 0.6892 0.0306
0.5203 0.6416 0.0283
0.5949 0.4703 0.0318
0.4140 0.3796 0.0306
0.3028 0.2530 0.0307
1.2948 0.5288 0.0477
0.7100 3.9404 0.0001
-3.3016 2.9069 0.0006
-3.4046 2.6246 0.0008
-3.4311 2.3543 0.0013
-2.9312 4.2495 0.0000
-3.1820 4.1455 0.0000
-3.3269 3.9417 0.0000
-3.5932 3.8268 0.0000
-3.8760 -2.9529 0.0001
-4.1061 -3.1539 0.0000
2.1427 -4.5037 0.0000
2.0225 -4.7544 0.0000
-0.3449 -3.0803 0.0006
-0.4906 -3.2782 0.0003
3.5552 -2.3716 0.0008
1.7815 -0.5571 0.0639
1.6827 -0.6700 0.0569
1.6774 -0.8575 0.0503
3.4705 0.2700 0.0105
3.4784 -0.0913 0.0103
-1.2331 -3.5941 0.0002
-1.3296 -3.8598 0.0001
1.1267 0.4524 0.0439
1.1240 0.2168 0.0468
0.9635 0.3442 0.0408
0.7808 0.2745 0.0373
0.7403 -1.4015 0.0156
0.6594 -1.6207 0.0113
0.4289 -1.5340 0.0115
2.0359 4.7466 0.0000
1.4934 -0.9290 0.0421
2.5731 -0.1651 0.0725
2.5674 -0.3220 0.0705
2.4271 -0.3651 0.0753
2.5167 -0.4596 0.0697
2.3212 -0.4327 0.0759
2.1789 -0.4564 0.0759
2.4255 -0.5504 0.0702
2.2838 -0.5635 0.0723
2.1508 -0.6205 0.0703
4.3483 3.9409 0.0000
-3.8314 -2.3407 0.0004
-4.1056 -2.3882 0.0001
-1.6482 -0.0700 0.0676
-1.7546 -0.1888 0.0709
-1.8494 -0.3045 0.0726
4.0214 -2.2337 0.0001
3.8617 -2.4910 0.0001
-1.5039 -1.2204 0.0326
-1.5731 -1.4532 0.0261
-0.3439 -0.1106 0.0317
-0.5579 -0.0182 0.0343
-0.7586 -0.1279 0.0377
-0.5525 -0.2333 0.0335
-0.5188 -0.4708 0.0307
-0.7044 -0.3778 0.0347
-0.8784 -0.2977 0.0392
-0.8278 -0.5347 0.0349
-1.9852 -3.5994 0.0005
2.9584 1.5711 0.0165
2.7518 1.4505 0.0257
2.6442 1.2642 0.0353
-3.8121 -0.5713 0.0020
-3.9076 -0.8160 0.0011
0.0374 1.5864 0.0103
-0.1676 1.6664 0.0091
-0.3614 1.5230 0.0115
-3.1595 -1.2975 0.0149
0.0627 4.2686 0.0000
-0.0815 4.0713 0.0001
0.1239 3.9189 0.0001
-0.2145 3.8701 0.0001
-4.7548 3.9070 0.0000
-4.7436 3.5839 0.0000
-2.2949 -2.8228 0.0033
-2.5693 -2.8293 0.0030
-4.4816 0.2965 0.0000
-0.8177 4.7542 0.0000
-0.9841 4.5055 0.0000
-3.8756 4.2433 0.0000
2.6764 -2.0952 0.0111
2.5380 -2.3227 0.0084
4.5734 0.3667 0.0000
2.3865 0.3012 0.0776
2.2820 0.1869 0.0813
2.3078 0.4161 0.0763
2.2450 0.3127 0.0793
2.1573 0.2163 0.0809
2.1508 0.1104 0.0821
2.2266 0.0500 0.0828
2.0364 0.2384 0.0789
1.9076 0.1800 0.0764
2.0390 0.1034 0.0805
1.9329 0.0497 0.0781
2.0960 -0.0125 0.0819
1.9780 -0.0639 0.0793
1.8449 -0.0506 0.0752
2.0819 -0.1464 0.0810
1.9481 -0.1891 0.0775
1.9266 -0.3178 0.0747
1.8289 -0.1630 0.0739
1.8014 -0.2882 0.0711
2.8746 -3.6639 0.0003
2.6725 -3.8472 0.0002
2.0778 -3.6740 0.0005
1.8722 -4.0165 0.0002
-0.9306 3.3401 0.0006
-1.1533 3.1700 0.0010
-1.3895 3.1092 0.0014
2.3052 -0.2962 0.0794
2.1841 -0.3235 0.0793
2.0647 -0.2723 0.0789
2.0494 -0.4011 0.0758
2.0344 -0.5403 0.0715
1.9020 -0.4544 0.0707
1.9029 -0.6259 0.0655
1.8318 -0.7608 0.0585
-4.7823 -2.6559 0.0000
-3.0800 0.6944 0.0284
-0.0877 2.6715 0.0014
0.6850 -0.9279 0.0248
0.5752 -1.1347 0.0195
1.1140 -2.2015 0.0063
1.1796 3.9377 0.0001
0.9227 3.8236 0.0001
4.7496 4.5367 0.0000
-0.0204 -1.5415 0.0109
1.2433 -1.9838 0.0100
3.0922 -0.9896 0.0224
2.9158 -1.1079 0.0289
3.3301 -0.5950 0.0149
3.2981 -0.9163 0.0135
-3.6684 0.7392 0.0035
-4.3854 -2.4139 0.0000
-4.5759 -2.5438 0.0000
1.5822 -3.9745 0.0002
1.8388 -1.1749 0.0422
1.6553 -1.2842 0.0340
1.4513 -1.4002 0.0259
-2.0680 -1.4137 0.0346
-2.3282 -1.3793 0.0363
3.6360 -2.6189 0.0003
3.7154 -2.8975 0.0001
-1.8508 -2.5733 0.0049
-2.0219 -2.8147 0.0032
1.2378 4.5129 0.0000
-4.7499 0.4384 0.0000
-0.7339 1.8987 0.0078
-2.6322 4.2968 0.0001
-2.6958 4.0397 0.0001
-2.8280 3.7792 0.0002
4.3021 0.4682 0.0001
4.2562 1.5258 0.0001
1.4794 3.2192 0.0009
-2.1812 -3.7501 0.0003
-2.3952 -3.8938 0.0002
-4.4700 2.4470 0.0000
-4.7276 2.4500 0.0000
-4.7381 2.2203 0.0000
2.4546 3.0928 0.0018
-3.7655 -2.0477 0.0008
-4.0261 -2.1088 0.0002
-4.4995 4.3209 0.0000
-4.7500 4.2129 0.0000
-2.3484 4.7543 0.0000
-2.4535 4.5043 0.0000
-3.4857 -3.9407 0.0001
-3.7014 -4.1203 0.0000
-3.9334 -4.2940 0.0000
2.8160 4.5134 0.0000
2.5604 4.3525 0.0001
-3.6818 2.5004 0.0003
-3.9183 2.3000 0.0001
4.7651 -4.5092 0.0000
1.2078 4.2269 0.0000
0.9396 4.1157 0.0000
4.7291 1.1031 0.0000
4.5218 0.9158 0.0000
3.7242 1.9004 0.0011
3.4697 1.7157 0.0037
-2.6953 -3.8687 0.0003
0.8748 2.3988 0.0037
0.7715 2.1265 0.0057
0.6876 1.8612 0.0084
-3.0563 -2.7461 0.0021
-3.1663 -2.9335 0.0012
-3.4083 -2.8688 0.0008
-3.4730 3.3806 0.0001
-3.3310 -3.1448 0.0006
-3.3506 -3.4757 0.0003
-3.5422 -3.3304 0.0002
4.7718 3.6034 0.0000
4.5162 3.4726 0.0000
4.7645 3.3198 0.0000
4.7644 3.0468 0.0000
4.7571 -2.0225 0.0000
4.5193 -2.1644 0.0000
0.7811 -4.3399 0.0000
0.5678 -4.4968 0.0000
4.3044 3.6416 0.0000
4.1321 3.4647 0.0000
-1.7948 -2.1964 0.0097
-2.0146 -2.3095 0.0086
-2.1188 -2.5625 0.0055
0.2138 4.7761 0.0000
3.7583 0.3797 0.0028
3.6503 0.1084 0.0049
4.7421 2.0106 0.0000
4.7516 1.7133 0.0000
3.2667 -4.7455 0.0000
-3.5995 -2.5230 0.0008
-3.6531 -2.7747 0.0004
-4.2289 1.5870 0.0000
-4.1839 1.2962 0.0001
-4.4554 1.3889 0.0000
-4.4016 1.0993 0.0000
1.9977 3.8097 0.0003
-2.3035 -2.3376 0.0085
-2.3649 -2.5855 0.0053
-2.5909 -2.5951 0.0048
-3.3338 -2.6400 0.0014
-3.6125 -3.0626 0.0003
1.3245 -3.8259 0.0002
1.0696 -3.9722 0.0001
-0.5702 4.2423 0.0001
-0.8519 4.2387 0.0001
3.4442 -1.6528 0.0038
4.5810 4.0733 0.0000
4.5554 3.7649 0.0000
2.9982 -3.1917 0.0007
2.8007 -3.3826 0.0006
2.5849 -3.5707 0.0005
-1.8524 3.9987 0.0002
3.7271 1.6122 0.0015
3.4748 1.4386 0.0050
3.2684 1.2647 0.0115
-2.4008 1.7050 0.0243
-1.2239 -0.3633 0.0484
-1.3790 -0.4251 0.0527
-1.1892 -0.5341 0.0442
-1.9076 -1.3312 0.0362
-2.9025 -4.0730 0.0001
-3.1248 -4.2540 0.0001
-2.7376 -2.1246 0.0099
-3.0718 -2.2302 0.0051
1.6991 -2.6362 0.0044
1.7700 -2.9263 0.0025
4.1088 4.4333 0.0000
-3.5000 0.9473 0.0064
-0.2796 4.2181 0.0000
-0.4471 3.9914 0.0001
-0.7200 3.9863 0.0001
3.5137 -3.1114 0.0002
3.2706 -3.2748 0.0003
3.1095 -3.4745 0.0003
-3.1978 1.3652 0.0119
3.9339 2.9717 0.0001
3.6879 2.9170 0.0003
3.1570 -2.7253 0.0015
-1.5283 0.0458 0.0627
-1.4773 -0.1032 0.0605
-1.6012 -0.2176 0.0646
-1.6993 -0.3353 0.0666
4.1021 3.8093 0.0000
3.9440 3.6203 0.0000
-0.0376 -0.9397 0.0208
3.7288 -4.4554 0.0000
3.4147 -4.4790 0.0000
3.0977 2.3657 0.0039
2.8227 2.2664 0.0071
-3.7841 3.0181 0.0001
-2.1634 3.1253 0.0018
-2.1387 2.9165 0.0028
-2.3391 2.8228 0.0034
-2.3061 2.5981 0.0055
-2.5956 2.5845 0.0049
-0.2593 4.7319 0.0000
-0.4083 4.4817 0.0000
4.4948 -0.9940 0.0000
4.0353 -0.8559 0.0004
4.1918 -1.1306 0.0001
3.9393 -1.3524 0.0004
3.8797 -1.0875 0.0008
3.6412 -1.2701 0.0026
3.6866 -1.5194 0.0015
3.9400 -3.5450 0.0000
3.6624 -3.6496 0.0000
-1.5222 -2.1611 0.0088
-1.6800 -2.3949 0.0063
-1.5526 -2.6355 0.0037
-1.7298 -2.8540 0.0026
-1.9029 -3.0629 0.0018
-1.8809 -3.2977 0.0010
-2.1033 -3.3666 0.0009
1.8451 -0.9653 0.0509
-3.9178 -4.7785 0.0000
-3.7186 -1.0494 0.0025
1.9634 4.2157 0.0001
3.9241 2.6815 0.0002
-2.3754 0.9511 0.0557
-2.5010 0.8213 0.0580
-0.2342 -4.4633 0.0000
-0.4672 -4.7582 0.0000
2.9421 -4.7352 0.0000
2.6481 -4.7833 0.0000
-3.8801 -4.5529 0.0000
-4.1651 -4.5001 0.0000
-4.2008 -4.7508 0.0000
4.1992 1.2831 0.0001
2.0481 -3.3535 0.0010
-1.5652 -0.6868 0.0527
-1.7396 -0.6875 0.0584
-1.8131 -0.8829 0.0531
-1.8954 -0.7126 0.0619
-1.9999 -0.8081 0.0604
-1.9849 -0.9814 0.0526
-2.1453 -0.8912 0.0586
-2.1576 -1.0731 0.0503
4.0296 -4.3152 0.0000
4.0031 -4.5719 0.0000
3.8647 -4.7657 0.0000
3.5745 -4.7331 0.0000
-0.0228 4.7268 0.0000
-0.1213 4.4544 0.0000
3.9338 -2.7389 0.0000
-1.2157 1.2795 0.0248
-1.4271 0.9765 0.0386
2.5154 -3.2831 0.0011
2.3031 -3.4777 0.0007
2.8958 0.2221 0.0492
2.8875 0.0336 0.0509
2.7316 0.0828 0.0630
2.7244 -0.0853 0.0635
3.4326 -2.8099 0.0005
3.2218 -3.0019 0.0007
-2.6567 4.8037 0.0000
3.2689 3.5490 0.0003
3.0247 3.3806 0.0006
2.7650 3.4640 0.0007
2.7442 3.1781 0.0013
-1.2514 -2.6381 0.0029
2.5622 4.6803 0.0000
2.3034 4.7725 0.0000
4.2106 -1.4491 0.0001
2.3158 4.5263 0.0000
2.0408 4.4981 0.0000
1.6230 -0.5034 0.0596
1.5221 -0.7280 0.0495
1.3390 -0.7767 0.0421
-4.0271 0.4172 0.0005
-3.8997 0.1845 0.0013
-4.4852 2.1928 0.0000
-4.2539 1.8703 0.0000
-4.5088 1.9418 0.0000
-4.7500 1.9798 0.0000
-4.7613 1.7245 0.0000
3.2158 1.5728 0.0095
3.0290 1.3446 0.0189
2.8498 1.2013 0.0298
2.6550 1.0735 0.0421
-0.1450 -0.7252 0.0244
-0.3012 -0.8637 0.0228
-0.4482 -1.0332 0.0208
2.3140 1.5247 0.0305
2.0863 1.2120 0.0436
1.2964 -1.5752 0.0186
-2.9210 -1.3502 0.0228
-3.0208 -1.5165 0.0158
-3.1565 -1.6344 0.0102
3.7605 -0.8200 0.0021
3.5957 -1.0195 0.0040
3.3731 -1.1330 0.0088
3.1436 -1.2258 0.0159
-1.3394 2.3765 0.0056
-1.5437 2.1676 0.0094
-1.4490 1.9260 0.0129
-1.6084 1.7542 0.0185
-1.7517 1.9647 0.0149
0.7096 4.2552 0.0000
-1.5324 -4.5296 0.0000
-1.7423 -4.7297 0.0000
4.7322 -2.6549 0.0000
1.4401 2.4662 0.0048
1.5490 2.1745 0.0087
1.2949 2.2106 0.0069
-0.9447 1.7334 0.0115
-1.1336 1.5317 0.0173
3.6914 -2.0568 0.0007
1.1607 -1.4185 0.0203
0.9599 -1.5389 0.0151
-3.6011 -1.5302 0.0028
-0.6873 -3.1370 0.0006
1.6815 3.0060 0.0018
2.1776 -1.1447 0.0480
-4.7286 0.1449 0.0000
-2.1233 3.9979 0.0002
-2.4047 4.0190 0.0002
3.4544 3.0220 0.0005
3.1900 2.9213 0.0012
3.1485 2.6370 0.0022
3.1176 0.5996 0.0279
3.0072 0.4130 0.0383
3.9055 0.1635 0.0013
4.2581 0.7564 0.0001
-1.4032 4.2576 0.0001
-1.6181 4.1327 0.0001
4.5331 3.1747 0.0000
4.4350 2.9593 0.0000
4.6897 2.8405 0.0000
4.4455 2.6816 0.0000
-0.4634 -4.5281 0.0000
-0.7598 -4.7517 0.0000
-2.5471 3.7827 0.0003
-2.6922 3.5356 0.0005
3.0307 4.7765 0.0000
0.2490 3.6346 0.0001
0.0715 3.4302 0.0002
-2.8182 -4.3227 0.0001
-2.7918 -4.5673 0.0000
4.2013 -0.0067 0.0002
4.2722 -0.2566 0.0001
3.9680 -0.0786 0.0009
4.0304 -0.3290 0.0005
-4.0977 -0.5614 0.0004
-4.1978 -0.8201 0.0002
-4.3265 -1.0761 0.0001
-4.6174 -3.1235 0.0000
-1.8174 2.2213 0.0102
-2.0296 2.0949 0.0136
2.9316 -2.9176 0.0016
2.7127 -3.0908 0.0014
-1.0162 -0.6572 0.0369
-1.2818 4.5062 0.0000
2.3671 -3.7632 0.0003
2.1446 -3.9665 0.0002
3.9033 4.7495 0.0000
0.1660 -4.7526 0.0000
-1.5635 -4.2493 0.0000
-1.7919 -4.4198 0.0000
-2.0183 -4.5448 0.0000
-3.3973 3.6480 0.0001
-3.7028 3.5886 0.0000
-3.7470 3.2968 0.0000
3.6582 2.4839 0.0006
3.6406 2.2126 0.0010
1.0111 -2.4525 0.0038
0.7388 -2.4712 0.0029
0.8732 -2.6872 0.0022
-1.0126 1.2648 0.0217
-3.3646 0.7432 0.0123
1.7150 1.4173 0.0297
1.6267 1.2377 0.0347
1.4390 1.0808 0.0359
-1.3558 -0.6146 0.0477
-1.5057 -0.5474 0.0546
-1.4159 -0.7970 0.0445
-1.6192 -0.8560 0.0487
-1.4547 2.6356 0.0038
-1.7519 2.6847 0.0042
3.3169 2.1842 0.0031
3.0483 2.0878 0.0067
-2.0386 4.7612 0.0000
-4.4983 4.7499 0.0000
-4.7744 4.7744 0.0000
0.8116 -3.8117 0.0002
0.8069 -4.0888 0.0001
0.5531 -3.9530 0.0001
0.5103 -4.2233 0.0001
0.2873 -4.4360 0.0000
1.4648 0.2254 0.0591
1.2989 0.1405 0.0534
1.6505 0.1492 0.0673
1.5914 0.0529 0.0654
1.4601 0.0770 0.0600
1.4027 -0.0617 0.0576
1.2446 -0.0068 0.0518
1.2528 -0.1831 0.0512
1.0891 0.0283 0.0466
1.0501 -0.1374 0.0450
1.1074 -0.3197 0.0449
-1.6131 0.4895 0.0596
-1.7826 0.4894 0.0659
-1.9130 0.4438 0.0714
-2.0037 0.3307 0.0765
3.6694 2.7017 0.0004
-2.1756 -0.5692 0.0719
-2.2939 -0.6619 0.0682
-2.2942 -0.8080 0.0622
-2.4432 -0.8112 0.0596
-2.3045 -0.9739 0.0547
-2.4510 -0.9655 0.0529
-2.5223 -1.0939 0.0456
-2.6707 -1.0754 0.0415
1.3021 -0.3745 0.0504
1.1227 -0.4936 0.0425
0.9368 -0.5254 0.0371
0.9871 -0.7247 0.0342
0.7881 -0.7175 0.0306
0.5675 -0.7223 0.0274
0.3622 1.5420 0.0116
0.1685 1.4046 0.0132
-0.2742 0.5504 0.0274
-0.4116 0.3581 0.0307
-0.2369 0.2668 0.0301
-0.4169 0.1245 0.0323
-2.7902 1.1161 0.0348
-2.9458 0.9180 0.0321
-3.1870 0.9055 0.0189
1.5876 2.7108 0.0032
1.5070 1.4878 0.0239
1.4441 1.2918 0.0290
1.2601 1.3082 0.0250
1.2189 1.1029 0.0301
1.0486 1.2501 0.0231
0.9032 1.1021 0.0244
-1.2089 -0.7455 0.0399
-1.4520 -1.0023 0.0389
4.3881 -2.6250 0.0000
4.2054 -2.8139 0.0000
4.0023 -3.0113 0.0000
-1.8338 -1.0955 0.0448
-1.9975 -1.1787 0.0440
-2.1686 -1.2686 0.0414
2.1354 1.8861 0.0182
-2.1976 0.2105 0.0814
-2.2702 0.1391 0.0821
-2.3772 0.1382 0.0804
-2.2268 0.0356 0.0829
-2.3412 0.0218 0.0818
-2.4417 -0.0155 0.0791
-2.4234 -0.1314 0.0791
-2.4995 0.0976 0.0766
-2.5683 -0.0141 0.0736
-2.5520 -0.1355 0.0738
-2.7064 -0.1429 0.0644
-3.6000 -4.7187 0.0000
-2.5926 -0.2679 0.0701
-2.7434 -0.3180 0.0597
0.5724 -3.6462 0.0002
0.3535 -3.7876 0.0001
0.0938 -3.8070 0.0001
2.5451 -1.8573 0.0180
2.4103 -2.0740 0.0138
2.1555 -2.0255 0.0155
4.0094 0.5164 0.0007
3.4193 2.7365 0.0009
3.3952 2.4550 0.0016
1.6806 4.1796 0.0001
2.2749 -2.3018 0.0096
1.0129 3.3732 0.0004
-3.8686 -1.5472 0.0008
-4.1354 -1.5811 0.0002
-3.9536 -1.8206 0.0004
-4.2154 -1.8806 0.0001
2.2845 2.3201 0.0088
-0.6671 -2.6588 0.0018
-0.8123 -2.8888 0.0012
-0.9891 -3.0974 0.0008
-1.1248 -3.3460 0.0004
-3.4523 1.2946 0.0056
-4.0198 -3.7255 0.0000
-4.2774 -3.6284 0.0000
2.1327 -2.5200 0.0064
1.9623 -2.7274 0.0041
-4.2482 -3.9197 0.0000
-4.2155 -4.2119 0.0000
-4.5093 -3.7915 0.0000
-4.7507 -3.9316 0.0000
-4.4864 -4.0944 0.0000
-4.7366 -4.2308 0.0000
1.8973 1.8403 0.0182
4.4674 -1.2833 0.0000
4.4775 -1.5820 0.0000
4.2207 -1.7533 0.0000
2.8129 0.4081 0.0532
2.6478 0.4053 0.0643
2.5288 0.3535 0.0716
2.5356 0.2527 0.0732
2.6961 0.2526 0.0639
4.4856 1.8441 0.0000
4.5042 1.5621 0.0000
0.4624 -4.7455 0.0000
3.7372 3.7586 0.0000
3.5701 3.5554 0.0001
3.7848 3.4370 0.0001
3.7024 3.1902 0.0002
3.4669 3.3229 0.0003
1.1624 -0.6721 0.0398
1.1355 -0.8820 0.0338
0.9145 -0.9489 0.0276
0.7962 -1.1557 0.0213
-2.9393 -1.1220 0.0279
-3.9936 2.0613 0.0001
-3.0575 -3.5595 0.0004
-3.2572 -3.7347 0.0002
-3.5173 -3.6731 0.0001
0.6113 2.3454 0.0034
0.3139 2.2981 0.0033
0.5035 2.0808 0.0054
0.2411 2.0114 0.0055
-0.0260 1.9109 0.0062
-2.2568 3.7495 0.0004
1.8245 2.5749 0.0048
1.2931 3.4222 0.0004
1.1830 3.1215 0.0009
1.8045 1.1717 0.0410
1.6628 1.0300 0.0434
4.7688 0.7909 0.0000
0.4342 -3.4387 0.0003
2.7350 -1.0047 0.0412
2.5599 -1.0042 0.0485
2.5431 -1.1864 0.0416
2.3601 -1.1769 0.0457
2.4553 -1.3800 0.0356
2.2369 -1.3433 0.0392
-0.6554 0.6808 0.0293
-0.8114 0.8393 0.0284
-1.0554 -1.0954 0.0271
-1.2813 -1.1671 0.0296
1.7621 4.4656 0.0000
1.4739 4.3567 0.0000
2.5563 1.8822 0.0169
2.3438 1.7631 0.0219
-4.7673 -1.3980 0.0000
-4.4763 3.5221 0.0000
1.1517 -2.7155 0.0026
0.9530 -2.9115 0.0015
-2.0656 -3.9666 0.0002
-2.0455 -4.2634 0.0001
1.3007 -1.0100 0.0342
1.2667 -1.2451 0.0267
-2.9256 1.3092 0.0232
-3.0560 1.1231 0.0216
-3.3149 1.0994 0.0110
-0.7210 -4.4815 0.0000
-0.9697 -4.5486 0.0000
-1.0764 -4.7957 0.0000
2.0751 2.1085 0.0125
1.8154 2.1140 0.0112
-2.4172 2.3662 0.0083
-2.5733 2.1507 0.0111
-4.4281 -0.0130 0.0000
-4.7400 -0.1365 0.0000
-1.7253 4.7486 0.0000
2.1121 1.6601 0.0253
1.9025 1.5666 0.0270
3.1827 -2.2440 0.0035
-2.2646 -4.4650 0.0000
-2.3167 -4.7489 0.0000
3.3196 4.7338 0.0000
-3.2434 1.8848 0.0053
-3.1887 1.6642 0.0084
-3.4324 1.5712 0.0044
3.0238 -0.3290 0.0377
2.8749 -0.1248 0.0515
2.8487 -0.2850 0.0522
2.7029 -0.2372 0.0637
2.8575 -0.4772 0.0484
2.7024 -0.4026 0.0609
2.6324 -0.5234 0.0622
2.7454 -0.6454 0.0521
2.5566 -0.6607 0.0618
2.6625 -0.8193 0.0512
1.0209 4.7139 0.0000
0.7641 4.7628 0.0000
0.6966 4.5225 0.0000
2.0101 -2.2323 0.0107
1.8604 -2.4371 0.0070
-4.6761 1.1971 0.0000
-4.7668 0.9965 0.0000
-4.6150 -1.5699 0.0000
-4.7570 -1.7499 0.0000
-3.0748 0.4616 0.0322
-3.3503 0.2872 0.0157
-3.3995 -1.7394 0.0045
4.1147 1.0047 0.0003
3.9711 0.8014 0.0008
-0.5600 -1.3620 0.0156
-0.7526 -1.4396 0.0156
-0.7162 -1.6682 0.0114
-0.9649 -1.7444 0.0118
0.0244 -4.5390 0.0000
2.0050 -1.0685 0.0498
2.0304 -1.2728 0.0412
0.9046 -3.2228 0.0007
-2.8753 -3.3440 0.0008
-3.1568 -3.3103 0.0006
-3.0784 -4.5100 0.0000
-3.3648 -4.4887 0.0000
-3.2797 -4.7514 0.0000
-3.7219 -3.5333 0.0001
-3.7625 -3.8185 0.0000
-3.9790 -4.0164 0.0000
-4.3971 -3.2726 0.0000
-4.5147 -3.4880 0.0000
0.2475 -4.0809 0.0001
0.0163 -4.2728 0.0000
1.8166 -3.5045 0.0007
1.8294 -3.7803 0.0003
2.2210 3.1460 0.0016
4.4928 1.2836 0.0000
4.3621 1.0639 0.0001
-3.2634 4.7601 0.0000
-3.4280 4.5554 0.0000
-4.5343 3.0032 0.0000
1.3974 1.9592 0.0113
1.4204 1.7277 0.0163
1.1793 1.9571 0.0098
1.1516 1.7230 0.0137
-3.4563 0.0370 0.0112
-3.4973 -0.2120 0.0095
-3.6913 -0.3284 0.0040
-3.9506 -0.3012 0.0010
-1.7699 3.4774 0.0007
-1.9559 3.2361 0.0014
1.8271 3.9744 0.0001
1.6475 3.8117 0.0002
3.6136 4.5410 0.0000
-3.7740 4.5379 0.0000
-2.1246 0.5822 0.0715
-2.1995 0.4688 0.0756
-2.3135 0.4182 0.0765
-2.3220 0.2744 0.0796
-2.4274 0.5229 0.0710
-2.4456 0.3749 0.0745
-2.4705 0.2354 0.0763
-0.0346 3.7076 0.0001
-0.2157 3.5269 0.0002
-0.1607 3.2528 0.0004
-4.2103 0.2018 0.0002
-4.0740 -0.0426 0.0004
-4.2363 -0.2710 0.0001
3.2445 -0.3441 0.0216
3.0918 -0.5256 0.0301
2.9327 -0.6566 0.0392
2.8836 -0.8533 0.0376
4.4934 -1.8755 0.0000
4.2453 -2.0392 0.0000
4.2944 -2.3204 0.0000
3.6071 4.7674 0.0000
3.2055 -1.9662 0.0052
2.9539 -2.0803 0.0077
2.8387 -2.3183 0.0061
-0.1109 -0.5162 0.0272
-0.3208 -0.5643 0.0276
-0.4467 -0.7296 0.0261
-0.6152 -0.8816 0.0252
-0.8314 -0.9992 0.0256
-0.6433 -1.1510 0.0202
1.1592 2.4408 0.0041
1.0319 2.1778 0.0062
0.9384 1.9088 0.0091
2.6866 -2.5297 0.0050
2.6318 -2.8037 0.0030
4.4905 -4.7212 0.0000
2.2799 -4.2428 0.0001
-2.8157 -2.8782 0.0023
-2.9910 -3.0902 0.0012
2.7586 1.7209 0.0180
2.5436 1.6127 0.0250
1.3175 -3.5394 0.0005
-2.6815 -0.4437 0.0614
-2.7782 -0.5741 0.0520
-2.9026 -0.4320 0.0461
-2.9523 -0.6572 0.0382
-3.6470 1.1263 0.0029
-3.8351 0.9412 0.0012
-1.7698 1.4637 0.0298
-1.9374 1.3247 0.0378
-2.0670 1.1780 0.0458
-2.2053 1.0527 0.0523
-2.3196 0.7907 0.0633
-3.5976 4.7523 0.0000
-1.4492 -2.8936 0.0019
0.3376 3.0045 0.0007
0.1147 2.8541 0.0009
-0.1480 2.9696 0.0008
-0.4048 3.0241 0.0008
-0.6334 2.8839 0.0012
-0.3585 2.7551 0.0013
-0.3531 2.5008 0.0022
4.7550 -4.7641 0.0000
-3.3373 -2.3595 0.0022
-3.5660 -2.2387 0.0013
4.7585 -3.8956 0.0000
1.2865 4.7829 0.0000
-0.1089 1.3651 0.0136
-0.3472 1.2549 0.0160
-3.3530 -1.4493 0.0074
1.1021 -3.0893 0.0012
-0.8811 0.6257 0.0341
-0.9406 0.4221 0.0389
-1.0726 0.5487 0.0400
-1.2045 0.4272 0.0462
-1.0538 0.2657 0.0440
-1.2372 0.2219 0.0503
2.5600 2.1554 0.0108
2.3346 2.0371 0.0143
-3.6918 1.4079 0.0017
-3.9142 1.2148 0.0006
-0.2494 -1.7327 0.0086
-0.5235 -1.8688 0.0077
1.9565 3.0924 0.0017
3.0580 4.0664 0.0001
2.8921 3.9143 0.0002
2.9738 3.6639 0.0003
3.4309 -2.1733 0.0018
2.1553 3.9995 0.0002
-4.5167 3.2708 0.0000
-4.7556 3.2847 0.0000
1.9005 0.6003 0.0662
1.7510 0.4065 0.0671
1.7391 0.5565 0.0627
1.6041 0.4975 0.0595
1.6179 0.3629 0.0630
1.6024 0.2542 0.0642
1.4524 0.3897 0.0562
-2.7871 -3.6106 0.0005
0.7195 -3.0235 0.0010
1.5298 -3.0979 0.0015
1.2942 -3.2526 0.0009
4.3517 4.2392 0.0000
4.1162 4.1188 0.0000
-0.9888 2.0186 0.0077
-1.1850 1.8334 0.0120
-1.3623 1.6683 0.0174
-4.4901 4.0606 0.0000
4.1207 0.2561 0.0003
4.5174 4.7374 0.0000
-1.3712 1.4227 0.0237
-1.4468 1.1862 0.0324
-1.5720 1.5455 0.0237
-1.5837 1.3251 0.0309
-1.7379 1.2211 0.0381
-1.6297 1.0585 0.0415
-1.7919 0.9627 0.0496
1.4698 0.5570 0.0531
1.2860 0.3266 0.0511
2.1058 1.4287 0.0343
1.9088 1.3262 0.0364
-0.6116 2.5928 0.0021
-0.7686 2.1878 0.0050
-0.8422 2.4544 0.0033
-1.0601 2.2982 0.0052
-1.2594 2.1069 0.0084
-4.0210 3.1697 0.0000
-0.7777 -1.9283 0.0080
-1.0201 -2.0173 0.0080
-1.2626 -2.1124 0.0080
-1.1643 -2.3482 0.0049
-1.4085 -2.3958 0.0053
-1.6247 2.4256 0.0063
-1.8967 2.4511 0.0070
0.0992 1.1603 0.0171
-0.1382 1.0823 0.0185
0.0416 0.8925 0.0215
-0.1787 0.8053 0.0232
-0.3636 0.9893 0.0209
-0.4170 0.7442 0.0256
4.7878 4.7951 0.0000
-0.7128 -2.1341 0.0055
-0.9423 -2.2376 0.0052
-2.8876 -0.2215 0.0499
-3.0854 -0.3088 0.0334
-3.1254 -0.5314 0.0282
-3.3301 -0.3947 0.0167
-3.5480 -0.5242 0.0071
-3.3518 -0.6598 0.0140
-3.6113 -0.7980 0.0048
-4.5290 0.8854 0.0000
-4.7627 0.7279 0.0000
0.7116 0.0823 0.0370
-1.5785 -3.9635 0.0001
-0.5913 -4.0376 0.0000
-0.8133 -4.2237 0.0000
0.4410 -0.9309 0.0225
0.2032 -0.9426 0.0211
-4.2011 4.7568 0.0000
-4.3218 4.5128 0.0000
-4.6123 4.5318 0.0000
-4.7985 4.4937 0.0000
-4.2972 -2.1442 0.0000
-4.5567 -2.2118 0.0000
-4.7641 -2.3537 0.0000
1.8432 3.6041 0.0004
1.5673 3.5150 0.0004
-2.8187 -2.6078 0.0038
-3.0879 -2.4931 0.0032
1.2625 2.7237 0.0025
0.9860 2.6493 0.0023
3.8538 4.5119 0.0000
3.5932 4.2911 0.0000
1.4032 2.9453 0.0017
2.9049 -1.3504 0.0231
2.9209 -1.5798 0.0171
2.7233 -1.6413 0.0209
2.5031 -1.6218 0.0258
-1.9755 3.7254 0.0004
-2.1041 3.4723 0.0008
-2.7614 1.9935 0.0119
-2.9097 2.2223 0.0065
-3.0343 1.9800 0.0077
3.1154 -4.4965 0.0000
-4.0329 -1.0574 0.0005
-4.1699 -1.3063 0.0002
0.9105 -0.3205 0.0396
0.7064 -0.2636 0.0358
0.7099 -0.4943 0.0332
-0.6280 -3.4815 0.0002
-0.8429 -3.3395 0.0004
-0.9140 -3.6099 0.0002
-1.0892 -3.8292 0.0001
2.5790 0.1301 0.0724
2.5878 -0.0167 0.0725
2.4307 0.1765 0.0784
2.3395 0.0848 0.0815
2.4506 -0.0959 0.0785
2.4391 -0.2313 0.0775
2.4600 0.0396 0.0784
2.3342 -0.0363 0.0818
2.2081 -0.0737 0.0827
2.3181 -0.1640 0.0812
2.1935 -0.1992 0.0815
-2.6606 0.7740 0.0529
-2.8541 0.7340 0.0426
-2.8978 0.5380 0.0441
-0.7126 0.4512 0.0338
-0.6005 0.2550 0.0341
-0.8264 0.2609 0.0383
-0.7273 0.0790 0.0372
-0.9322 0.0830 0.0419
-0.9687 -0.1000 0.0429
0.3202 0.5462 0.0278
0.1376 0.4142 0.0284
0.0041 0.2163 0.0297
-0.1853 0.0628 0.0307
0.6602 -3.3133 0.0005
2.6672 3.7741 0.0003
2.4857 3.5823 0.0006
2.5268 3.3189 0.0011
2.2902 3.3977 0.0009
2.6949 2.9314 0.0023
-2.3041 -4.1556 0.0001
-2.5996 -4.1145 0.0001
-4.1912 2.3619 0.0000
-4.2417 2.1286 0.0000
3.3510 4.1158 0.0001
3.1894 3.8398 0.0002
4.7245 -4.2119 0.0000
4.5290 -4.4277 0.0000
4.2695 -4.4954 0.0000
4.1962 -4.7683 0.0000
-3.5149 3.1057 0.0002
0.9423 0.7921 0.0323
0.9589 0.5766 0.0371
0.7766 0.4730 0.0349
1.5667 -4.5251 0.0000
1.7165 -4.7603 0.0000
1.3985 -4.7453 0.0000
2.4046 -0.6958 0.0656
2.4745 -0.8340 0.0582
2.3915 -1.0095 0.0527
2.3027 -0.8535 0.0608
2.2259 -0.9961 0.0548
2.0913 -0.9347 0.0569
4.1825 2.8171 0.0000
4.1835 2.5383 0.0000
1.5693 -1.9842 0.0129
1.4094 -2.1796 0.0084
4.7705 -0.1624 0.0000
4.7519 -0.5023 0.0000
4.5686 -0.3362 0.0000
4.3802 -0.4859 0.0000
4.5212 -0.6796 0.0000
4.2941 -0.8230 0.0001
-4.2506 2.6324 0.0000
3.3614 4.4526 0.0000
3.1276 4.3105 0.0001
-4.5176 -1.9229 0.0000
-4.7717 -2.0432 0.0000
-2.9369 3.5249 0.0003
-2.9306 3.2661 0.0007
2.4911 1.3853 0.0343
2.2916 1.2941 0.0403
1.8619 -1.3939 0.0339
1.6833 -1.5142 0.0267
1.5349 -1.6569 0.0201
1.3967 -1.8246 0.0144
1.1222 -1.7365 0.0131
0.5853 0.2677 0.0338
-1.2983 -4.3750 0.0000
-1.2373 -4.6121 0.0000
-1.4229 -4.7736 0.0000
-3.0250 2.9850 0.0011
-3.1135 2.7045 0.0017
-2.1649 -3.0893 0.0018
-2.3771 -3.2952 0.0012
-2.5990 -3.3870 0.0009
-0.0069 -1.8207 0.0072
-0.0696 -2.0495 0.0049
0.1286 -2.1616 0.0040
-0.2242 -2.2604 0.0034
-2.2266 1.8977 0.0190
-2.4816 1.9322 0.0168
-1.6555 -1.6991 0.0198
4.7453 -1.7200 0.0000
-0.4867 -1.5872 0.0115
2.7183 -1.2082 0.0348
2.6722 -1.4204 0.0291
3.9264 1.1810 0.0008
3.7685 0.9820 0.0021
-2.2445 1.2532 0.0433
-2.3965 1.1261 0.0476
-2.5814 1.2030 0.0399
-2.5683 0.9988 0.0485
-2.7358 0.9197 0.0440
-3.9110 4.7630 0.0000
-2.2224 -1.5499 0.0297
-2.3835 -1.6798 0.0244
-2.1936 -0.0764 0.0826
-2.3043 -0.0870 0.0821
-2.3044 -0.2075 0.0808
-2.4457 -0.2655 0.0766
-2.5574 -0.3957 0.0694
-2.1621 -0.1872 0.0814
-2.2121 -0.2971 0.0798
-2.3210 -0.3512 0.0778
-2.4289 -0.4059 0.0741
-2.3294 -0.5148 0.0731
-2.4910 -0.5326 0.0684
-2.5858 0.3251 0.0695
-2.6194 0.1636 0.0699
-2.7977 0.1447 0.0576
-2.6852 0.0206 0.0664
-2.9816 0.1173 0.0427
-2.8490 -0.0333 0.0540
-3.0417 -0.0876 0.0380
-0.0723 -4.0107 0.0001
-0.2838 -4.1974 0.0000
-3.9736 3.4676 0.0000
-3.2677 0.5173 0.0189
-3.5158 0.5027 0.0079
3.2319 3.2115 0.0006
2.9698 3.1056 0.0012
2.9222 2.8247 0.0022
2.0227 3.3871 0.0009
1.7555 3.3015 0.0009
-0.9495 -1.5065 0.0160
-1.1756 -1.5791 0.0169
-1.4113 -1.6446 0.0182
-1.2156 -1.8350 0.0121
-1.4612 -1.8999 0.0129
2.1046 2.5918 0.0051
1.9806 2.3456 0.0080
-0.6389 -0.6324 0.0300
-0.8235 -0.7655 0.0305
-1.0284 -0.8731 0.0322
-1.2433 -0.9492 0.0352
0.4719 3.5049 0.0002
0.3243 3.3057 0.0003
0.4307 4.3755 0.0000
0.2607 4.1440 0.0000
-0.7875 1.2623 0.0189
-0.8115 1.0440 0.0239
-1.0237 1.0409 0.0273
-2.3447 -1.1603 0.0459
-2.5322 -1.2819 0.0375
-2.7401 -1.2250 0.0334
-2.7101 -1.4410 0.0272
1.9941 -4.2506 0.0001
1.8516 -4.5001 0.0000
0.4749 2.8099 0.0011
0.4480 2.5335 0.0021
0.2461 2.6666 0.0015
-0.4447 -2.4455 0.0025
-0.7007 -2.3852 0.0033
-0.9411 -2.5266 0.0030
-0.9942 -2.7584 0.0018
-1.2739 4.0290 0.0001
-1.4973 3.9122 0.0002
-1.9962 -1.6014 0.0267
1.3785 3.7293 0.0002
1.1146 3.6394 0.0002
2.2481 4.2727 0.0001
-2.5448 1.5087 0.0292
-2.7779 1.5527 0.0219
-2.7089 1.3491 0.0303
0.4460 -2.0632 0.0051
0.5868 -2.2669 0.0038
0.3237 -2.2944 0.0032
0.1905 -2.5105 0.0020
2.6393 2.6763 0.0039
2.3629 2.5998 0.0051
3.3828 -3.6441 0.0001
3.1350 -3.7446 0.0001
2.9924 -3.9692 0.0001
2.7468 -4.1079 0.0001
4.7885 4.2222 0.0000
-0.2007 -1.0779 0.0188
-0.0965 -1.2964 0.0149
-0.3697 -1.2581 0.0163
0.5177 -0.3449 0.0321
0.4722 -0.5344 0.0294
0.3163 -0.7201 0.0253
4.1667 -0.5823 0.0002
3.8966 -0.5881 0.0011
3.6097 -0.5794 0.0051
3.4757 -0.8013 0.0078
-3.4882 -1.9839 0.0025
1.7693 4.7446 0.0000
1.5132 4.6597 0.0000
