5.0000 5.0000 0.0000
0.0000 5.0000 0.0000
2.5000 5.0000 0.0000
3.7500 5.0000 0.0000
4.3750 5.0000 0.0000
4.6875 5.0000 0.0000
4.0625 5.0000 0.0000
3.1250 5.0000 0.0000
3.4375 5.0000 0.0000
2.8125 5.0000 0.0000
1.2500 5.0000 0.0000
1.8750 5.0000 0.0000
2.1875 5.0000 0.0000
1.5625 5.0000 0.0000
0.6250 5.0000 0.0000
0.9375 5.0000 0.0000
0.3125 5.0000 0.0000
-2.5000 5.0000 0.0000
-1.2500 5.0000 0.0000
-0.6250 5.0000 0.0000
-0.3125 5.0000 0.0000
-0.9375 5.0000 0.0000
-1.8750 5.0000 0.0000
-1.5625 5.0000 0.0000
-2.1875 5.0000 0.0000
-3.7500 5.0000 0.0000
-3.1250 5.0000 0.0000
-2.8125 5.0000 0.0000
-3.4375 5.0000 0.0000
-4.3750 5.0000 0.0000
-4.0625 5.0000 0.0000
-4.6875 5.0000 0.0000
5.0000 -5.0000 0.0000
5.0000 0.0000 0.0000
5.0000 -2.5000 0.0000
5.0000 -3.7500 0.0000
5.0000 -4.3750 0.0000
5.0000 -4.6875 0.0000
5.0000 -4.0625 0.0000
5.0000 -3.1250 0.0000
5.0000 -3.4375 0.0000
5.0000 -2.8125 0.0000
5.0000 -1.2500 0.0000
5.0000 -1.8750 0.0000
5.0000 -2.1875 0.0000
5.0000 -1.5625 0.0000
5.0000 -0.6250 0.0000
5.0000 -0.9375 0.0000
5.0000 -0.3125 0.0000
5.0000 2.5000 0.0000
5.0000 1.2500 0.0000
5.0000 0.6250 0.0000
5.0000 0.3125 0.0000
5.0000 0.9375 0.0000
5.0000 1.8750 0.0000
5.0000 1.5625 0.0000
5.0000 2.1875 0.0000
5.0000 3.7500 0.0000
5.0000 3.1250 0.0000
5.0000 2.8125 0.0000
5.0000 3.4375 0.0000
5.0000 4.3750 0.0000
5.0000 4.0625 0.0000
5.0000 4.6875 0.0000
-5.0000 -5.0000 0.0000
0.0000 -5.0000 0.0000
-2.5000 -5.0000 0.0000
-3.7500 -5.0000 0.0000
-4.3750 -5.0000 0.0000
-4.6875 -5.0000 0.0000
-4.0625 -5.0000 0.0000
-3.1250 -5.0000 0.0000
-3.4375 -5.0000 0.0000
-2.8125 -5.0000 0.0000
-1.2500 -5.0000 0.0000
-1.8750 -5.0000 0.0000
-2.1875 -5.0000 0.0000
-1.5625 -5.0000 0.0000
-0.6250 -5.0000 0.0000
-0.9375 -5.0000 0.0000
-0.3125 -5.0000 0.0000
2.5000 -5.0000 0.0000
1.2500 -5.0000 0.0000
0.6250 -5.0000 0.0000
0.3125 -5.0000 0.0000
0.9375 -5.0000 0.0000
1.8750 -5.0000 0.0000
1.5625 -5.0000 0.0000
2.1875 -5.0000 0.0000
3.7500 -5.0000 0.0000
3.1250 -5.0000 0.0000
2.8125 -5.0000 0.0000
3.4375 -5.0000 0.0000
4.3750 -5.0000 0.0000
4.0625 -5.0000 0.0000
4.6875 -5.0000 0.0000
-5.0000 5.0000 0.0000
-5.0000 0.0000 0.0000
-5.0000 2.5000 0.0000
-5.0000 3.7500 0.0000
-5.0000 4.3750 0.0000
-5.0000 4.6875 0.0000
-5.0000 4.0625 0.0000
-5.0000 3.1250 0.0000
-5.0000 3.4375 0.0000
-5.0000 2.8125 0.0000
-5.0000 1.2500 0.0000
-5.0000 1.8750 0.0000
-5.0000 2.1875 0.0000
-5.0000 1.5625 0.0000
-5.0000 0.6250 0.0000
-5.0000 0.9375 0.0000
-5.0000 0.3125 0.0000
-5.0000 -2.5000 0.0000
-5.0000 -1.2500 0.0000
-5.0000 -0.6250 0.0000
-5.0000 -0.3125 0.0000
-5.0000 -0.9375 0.0000
-5.0000 -1.8750 0.0000
-5.0000 -1.5625 0.0000
-5.0000 -2.1875 0.0000
-5.0000 -3.7500 0.0000
-5.0000 -3.1250 0.0000
-5.0000 -2.8125 0.0000
-5.0000 -3.4375 0.0000
-5.0000 -4.3750 0.0000
-5.0000 -4.0625 0.0000
-5.0000 -4.6875 0.0000
3.2524 -4.0470 0.0000
3.2040 -4.2879 0.0000
-2.5395 -0.1692 0.0741
-2.6835 -0.2189 0.0652
-2.8467 -0.2899 0.0524
-2.8515 -0.4857 0.0489
4.0007 4.0551 0.0000
3.8609 3.8507 0.0000
-2.8180 3.5494 0.0004
-3.2556 3.7598 0.0001
1.2258 -2.6290 0.0032
3.9726 -1.6664 0.0002
-0.5308 3.6318 0.0002
-0.5108 3.3308 0.0004
-0.7658 3.4767 0.0004
-0.7523 3.1818 0.0007
-4.7285 -4.7595 0.0000
-1.2981 3.9997 0.0002
-1.5682 3.9863 0.0002
-1.7450 3.7993 0.0003
-0.7303 -1.5555 0.0133
3.7072 -0.9772 0.0024
3.3980 -0.9835 0.0092
4.2523 -4.2399 0.0000
3.4335 0.3079 0.0119
0.7571 -3.9762 0.0001
-1.5960 -3.1714 0.0011
-1.8066 -3.4118 0.0007
-2.0753 3.4291 0.0009
-2.0543 -4.7602 0.0000
0.4170 -4.2480 0.0000
0.7268 -4.4726 0.0000
0.4582 -4.5137 0.0000
0.4713 -4.7638 0.0000
2.6173 -0.4541 0.0649
2.6145 -0.6217 0.0604
2.5601 -0.7828 0.0573
2.4538 -0.6502 0.0660
2.2956 -0.6504 0.0691
2.2193 -0.7728 0.0646
2.5153 -0.9486 0.0523
2.3799 -0.7990 0.0620
2.3292 -0.9471 0.0564
1.6579 1.4232 0.0286
1.4812 1.3401 0.0281
0.1732 -4.7171 0.0000
-0.1442 -4.7682 0.0000
-1.2809 -0.8790 0.0381
-1.5000 -0.8532 0.0451
-0.3098 -3.1943 0.0004
3.3054 -0.4171 0.0175
0.2505 2.8933 0.0009
-4.2148 -2.3226 0.0001
1.0327 -1.3325 0.0204
2.7954 1.6012 0.0202
2.5593 1.5470 0.0270
-3.8868 4.7736 0.0000
-4.2054 4.7441 0.0000
-3.1875 -0.1428 0.0267
1.3884 -0.6126 0.0483
1.7113 4.7147 0.0000
0.8080 -1.3429 0.0174
-4.0791 -0.0187 0.0004
-1.5038 -2.2880 0.0069
-1.7788 -2.4188 0.0064
0.8305 -1.5698 0.0133
0.9356 1.4719 0.0166
0.6935 1.4830 0.0144
-0.2702 -1.5551 0.0112
-0.5136 -1.5951 0.0114
-0.3678 -1.8115 0.0080
-0.6404 -1.8264 0.0087
-4.2941 -0.1036 0.0001
-4.2492 -0.3374 0.0001
2.7461 1.3670 0.0285
2.5119 1.3539 0.0351
2.3967 1.1814 0.0443
2.2744 1.0319 0.0523
0.3774 -1.9775 0.0058
3.2908 -1.2687 0.0101
3.2364 -1.5401 0.0087
4.7574 -1.7267 0.0000
-0.9071 -1.7406 0.0114
-1.0982 -1.9197 0.0099
2.4859 3.0331 0.0020
2.4135 2.7473 0.0038
0.4629 -3.9523 0.0001
-3.7649 -2.0161 0.0008
0.1194 0.1227 0.0304
0.0722 -0.1277 0.0302
-0.0833 -0.0017 0.0306
-0.2190 -0.1667 0.0307
3.4321 -1.7652 0.0034
-1.0522 -1.2601 0.0229
3.7776 -2.2210 0.0003
-0.5738 -3.5728 0.0002
2.3609 -2.3096 0.0094
2.1410 -2.4410 0.0076
2.3346 -2.5964 0.0055
1.9733 -2.6353 0.0050
3.9518 2.7427 0.0001
3.6767 2.6758 0.0004
0.3293 0.1713 0.0313
0.4739 0.0278 0.0332
0.2726 -0.0479 0.0313
2.2135 0.3352 0.0789
2.0997 0.2732 0.0793
2.0690 0.1610 0.0806
1.9394 0.1591 0.0775
1.9660 0.0456 0.0791
1.8652 -0.0107 0.0760
1.8099 0.1043 0.0738
1.7195 -0.0106 0.0706
1.5752 -0.0099 0.0648
1.6380 -0.1575 0.0666
1.4905 -0.1940 0.0602
3.8251 -2.6872 0.0001
-2.0429 4.2537 0.0001
-2.2188 4.0195 0.0002
-2.3982 3.8233 0.0003
0.9004 -0.0510 0.0412
0.8023 -0.2298 0.0380
0.6224 -0.3214 0.0339
0.4596 -0.1790 0.0326
0.4903 -0.5849 0.0289
1.9785 -1.6782 0.0250
1.7369 -1.6020 0.0247
1.5504 -1.7550 0.0178
1.3669 -1.9295 0.0120
1.1406 -1.8338 0.0115
1.1358 -2.0803 0.0079
-2.0755 3.7898 0.0003
-2.2487 3.6208 0.0005
-2.5352 3.5772 0.0005
-0.8102 -2.0082 0.0072
-1.0045 -2.1546 0.0063
1.7965 -1.8387 0.0185
1.6084 -2.0099 0.0127
1.3656 -0.2716 0.0543
1.1799 -0.3008 0.0474
1.0542 -0.4602 0.0412
-4.7682 -0.7571 0.0000
1.9450 -3.9987 0.0002
1.8847 -4.2880 0.0001
4.0117 -4.1121 0.0000
3.9926 -4.4239 0.0000
3.7487 -4.2412 0.0000
3.7065 -4.4957 0.0000
-4.4698 -4.5416 0.0000
-4.3087 3.1638 0.0000
-4.4921 2.9866 0.0000
1.8271 3.4043 0.0007
1.5591 3.3494 0.0007
1.7482 3.1235 0.0014
-4.4969 -0.3657 0.0000
-4.7488 -0.4565 0.0000
-2.9905 -1.8785 0.0103
-3.2506 -1.9844 0.0050
-3.5257 -2.0774 0.0019
-3.2865 -2.2572 0.0030
-3.5587 -2.3494 0.0011
-3.7512 -2.5419 0.0004
-4.4958 0.3563 0.0000
0.2156 4.3008 0.0000
-0.7675 -2.5666 0.0024
-3.6653 -4.4886 0.0000
-3.7601 0.8661 0.0020
-3.9016 1.1271 0.0007
-4.0429 0.9259 0.0003
-1.6787 3.5026 0.0007
-1.8651 3.2625 0.0012
-3.4366 0.9890 0.0079
-3.2729 0.6851 0.0171
-3.4457 0.4915 0.0104
0.2417 -3.3256 0.0004
3.2654 0.8136 0.0167
3.3109 0.5979 0.0164
-0.3012 -4.5321 0.0000
-0.4571 -4.7680 0.0000
2.5378 -0.0741 0.0749
2.4886 -0.1888 0.0762
-1.5119 0.9507 0.0419
-1.5862 0.7519 0.0509
-1.7023 0.8983 0.0495
-1.7655 0.7571 0.0567
-1.9112 0.7998 0.0592
-1.8741 0.6383 0.0642
-1.9989 0.6010 0.0687
-2.0514 0.7321 0.0649
-2.1005 0.5142 0.0734
-2.7098 -3.9698 0.0002
-2.6316 -4.2499 0.0001
-0.6745 1.0799 0.0215
-0.9373 3.6615 0.0003
-1.1465 3.5046 0.0005
-1.4623 3.7210 0.0003
-2.3039 -3.5381 0.0006
-3.1361 4.0260 0.0000
3.0469 0.7868 0.0294
-4.7362 -1.5609 0.0000
-4.7700 -1.8040 0.0000
-4.7689 -4.1743 0.0000
2.6247 -3.2716 0.0010
0.5725 -1.2097 0.0180
2.0587 3.9704 0.0002
-3.4791 -1.8070 0.0032
-3.7059 -1.7543 0.0014
-3.9593 -1.8045 0.0004
-4.0576 -2.1010 0.0002
0.8519 -3.2885 0.0006
-3.9385 3.7715 0.0000
1.6548 -2.2634 0.0086
1.3981 -2.1904 0.0081
1.4567 -2.4667 0.0052
4.7588 -2.0404 0.0000
4.5153 -2.2076 0.0000
-1.4647 1.3575 0.0274
-1.6036 1.2269 0.0348
-4.5029 -0.6387 0.0000
-4.3119 -0.8675 0.0001
-2.1106 2.7006 0.0045
4.0229 1.9014 0.0002
2.9495 4.7783 0.0000
3.1035 -1.0919 0.0200
3.0106 -1.3455 0.0190
2.8164 -1.5273 0.0214
-3.4486 0.2530 0.0112
-3.6891 0.3047 0.0039
4.7437 -4.5300 0.0000
4.7729 -4.7874 0.0000
-3.8715 -3.3598 0.0001
-0.1920 -1.3101 0.0148
-0.4767 -1.3617 0.0150
4.1363 1.5987 0.0002
3.9266 1.3951 0.0007
-0.2740 4.7571 0.0000
2.6986 2.8540 0.0026
3.0238 -3.6498 0.0002
4.3006 2.6844 0.0000
3.8873 -0.7347 0.0011
3.6148 -0.7414 0.0045
-1.5449 -3.4379 0.0005
-1.7524 -3.6697 0.0003
1.5765 -0.9054 0.0455
1.4141 -0.8282 0.0430
1.2468 -0.7750 0.0395
2.1492 -2.8262 0.0035
-4.7558 0.4654 0.0000
2.2745 3.7596 0.0003
1.9748 3.6961 0.0004
4.0157 -1.0051 0.0004
3.8507 -1.1995 0.0009
3.5644 -1.2209 0.0038
3.4903 -1.4916 0.0039
2.6034 0.2030 0.0703
2.5762 0.0587 0.0730
2.4290 -0.0023 0.0795
2.3807 -0.1275 0.0803
2.3842 -0.2587 0.0786
-0.8672 -3.7140 0.0001
-0.6010 -3.8297 0.0001
-0.8101 -4.0064 0.0001
-4.4537 -2.8456 0.0000
-4.2856 3.6787 0.0000
-4.4752 3.4729 0.0000
1.4780 3.0715 0.0013
1.8867 -2.9370 0.0026
1.8312 -3.2150 0.0014
1.5765 -3.3222 0.0009
-2.8657 1.3870 0.0236
-3.1510 1.3669 0.0135
1.8339 -4.5527 0.0000
3.9146 -2.9542 0.0000
4.1409 2.8732 0.0000
4.3826 -0.5601 0.0000
4.1864 -0.7651 0.0001
-2.2681 4.5120 0.0000
-2.3508 4.2751 0.0001
-2.5308 4.0539 0.0001
-2.0429 1.5928 0.0285
-2.2822 1.6839 0.0257
-2.1873 1.4369 0.0353
-2.3992 1.4676 0.0330
-2.5021 -3.7598 0.0004
-2.7873 1.6202 0.0198
-3.0380 1.5835 0.0135
0.1673 -1.7495 0.0080
0.0780 -1.9997 0.0053
-1.2018 0.7360 0.0393
-1.4062 0.7550 0.0449
-1.3246 0.5716 0.0471
-1.4370 0.4295 0.0543
-1.5253 0.5704 0.0542
-1.6606 0.4376 0.0627
-1.5524 0.3304 0.0607
-1.6899 0.2558 0.0674
-1.8263 0.1850 0.0736
-1.5482 0.1598 0.0629
-1.6889 0.0905 0.0692
-1.6888 -0.0686 0.0693
-1.8185 -0.0930 0.0742
-3.3710 -3.1284 0.0005
3.0605 3.5297 0.0004
3.0121 -1.6151 0.0137
2.9190 -1.8184 0.0123
-1.0214 1.3315 0.0203
-0.9234 1.1137 0.0239
-1.2329 1.2664 0.0254
-1.1492 1.0947 0.0284
-1.2918 0.9400 0.0361
-4.7586 3.8963 0.0000
4.7612 -0.8357 0.0000
4.7646 -1.1193 0.0000
4.7373 -1.4077 0.0000
4.2148 -3.0035 0.0000
0.2080 -3.8170 0.0001
3.2020 4.3900 0.0000
1.3411 -1.0005 0.0356
0.7800 3.4867 0.0002
1.7342 -3.8130 0.0003
1.6710 -4.1078 0.0001
-2.0073 -1.1220 0.0467
-2.0101 -1.3036 0.0387
-2.1765 -1.3261 0.0389
-2.3413 -1.4617 0.0329
-2.3164 -1.6840 0.0246
-2.5400 -1.5992 0.0255
-2.7565 -1.7462 0.0174
-3.2541 -0.3335 0.0214
2.4546 0.1339 0.0780
2.2950 -0.0322 0.0824
2.4714 0.2706 0.0755
2.3451 0.3340 0.0777
2.3355 0.2099 0.0802
2.2183 0.2154 0.0812
2.3177 0.0870 0.0818
2.1992 0.1071 0.0824
2.1910 -0.0139 0.0828
2.0885 0.0417 0.0818
2.2566 -0.1537 0.0819
2.1407 -0.1119 0.0821
2.0318 -0.0610 0.0806
2.1460 -0.2444 0.0805
2.0323 -0.3383 0.0770
4.2604 0.4626 0.0001
4.2047 0.1985 0.0002
-3.5990 4.7455 0.0000
4.4907 3.7442 0.0000
4.5434 3.1498 0.0000
-0.2359 0.9196 0.0216
4.5283 -0.3290 0.0000
4.2604 -0.3056 0.0001
1.1695 -0.5985 0.0417
0.9191 -0.6083 0.0352
1.0344 -0.7466 0.0348
0.8862 -0.8940 0.0284
-0.0994 -1.7755 0.0078
-0.2085 -2.0276 0.0053
-0.4913 -2.0601 0.0055
-2.9897 2.0683 0.0073
0.1987 -2.2444 0.0034
0.1974 -2.5103 0.0020
-4.2142 2.9007 0.0000
4.7449 -2.6720 0.0000
-2.5421 2.1158 0.0120
-2.7559 2.0438 0.0110
-2.9563 1.8317 0.0113
-4.2413 2.2428 0.0000
-3.9006 -4.7096 0.0000
-0.9315 0.4954 0.0375
-1.0600 0.3025 0.0437
-1.3099 -2.0612 0.0090
0.7218 0.3710 0.0351
0.6186 0.1432 0.0350
1.7593 1.2409 0.0373
1.5666 1.1560 0.0363
3.8269 2.1361 0.0005
3.7423 1.8744 0.0010
3.8301 1.6393 0.0009
3.5319 0.5495 0.0076
3.4804 1.0530 0.0069
3.2492 1.0358 0.0149
3.6331 2.3622 0.0009
3.3545 2.3100 0.0023
-0.3437 1.3810 0.0137
-0.5253 1.2727 0.0165
-3.3092 1.5578 0.0068
-3.4118 1.2747 0.0067
-3.6337 1.1251 0.0031
-4.5070 1.8357 0.0000
0.7001 3.2308 0.0004
2.6522 2.5739 0.0048
2.5644 2.2694 0.0088
2.3860 2.0284 0.0144
-0.0409 -0.2838 0.0294
-0.2150 -0.4088 0.0288
-0.4398 -0.4862 0.0297
-0.4797 -0.7103 0.0268
-0.6629 -0.5550 0.0317
-0.7030 -0.7751 0.0285
-4.7594 -3.8811 0.0000
-2.3814 -3.2392 0.0013
2.9164 0.1676 0.0480
2.7608 0.2864 0.0589
2.7375 0.1098 0.0624
2.6917 -0.0497 0.0659
2.8711 -0.0199 0.0522
2.7888 -0.1873 0.0579
2.6236 -0.1987 0.0692
1.4817 3.8536 0.0001
-4.0068 -0.2597 0.0007
-3.3006 -0.7709 0.0155
-3.5259 -0.7372 0.0071
-1.6972 0.6045 0.0595
-1.8201 0.5030 0.0668
-1.8125 0.3507 0.0703
-1.9438 0.2925 0.0757
-1.9531 0.4519 0.0723
-2.0718 0.3652 0.0771
-2.0669 0.2245 0.0798
-1.9547 0.1476 0.0781
-2.1853 0.2736 0.0803
-2.0760 0.0936 0.0813
-2.1920 0.1503 0.0821
-2.3178 0.1927 0.0809
-2.1868 0.0087 0.0828
-2.2882 0.0665 0.0824
-2.3501 -0.0281 0.0815
-2.2599 -0.1102 0.0823
-4.4310 -1.1642 0.0000
2.7448 -1.9785 0.0124
4.5007 -0.8048 0.0000
4.5377 -1.0806 0.0000
3.0506 1.9560 0.0082
3.0376 1.6810 0.0124
2.9925 1.4262 0.0185
-0.5329 4.7451 0.0000
-0.8063 4.7492 0.0000
-4.3801 -2.0632 0.0000
-4.5089 -2.2984 0.0000
-4.7016 -2.0647 0.0000
-4.7627 -2.3655 0.0000
1.3864 0.3139 0.0549
1.3172 0.1796 0.0538
1.4290 -0.0545 0.0587
1.2906 0.0332 0.0535
1.1379 0.0410 0.0481
1.2717 -0.1332 0.0523
1.0851 -0.1121 0.0462
0.9860 -0.2686 0.0421
-1.0116 -2.6910 0.0022
-1.2751 -2.7742 0.0022
3.4301 -3.2985 0.0002
3.2444 -3.4903 0.0002
-2.9736 4.2790 0.0000
2.2785 -3.6212 0.0005
-1.6333 1.7630 0.0186
-1.0024 2.7496 0.0021
-1.1176 2.5396 0.0035
4.2244 4.4952 0.0000
3.9825 4.3620 0.0000
-2.1835 0.6614 0.0690
-2.2358 0.5308 0.0737
-2.3456 0.6088 0.0700
-2.3558 0.4577 0.0747
-2.4754 0.6006 0.0670
-2.5055 0.4556 0.0703
-2.6525 0.4026 0.0641
0.1042 2.1625 0.0040
-0.0370 1.9492 0.0058
-0.1898 1.7345 0.0082
-0.3553 1.5598 0.0109
-3.3393 2.9099 0.0006
-3.4741 2.6784 0.0006
-3.7085 2.7764 0.0002
-3.8310 2.5653 0.0001
-3.9610 2.3602 0.0001
-0.6689 -2.2188 0.0046
-0.8663 -2.3442 0.0041
4.7454 -4.2586 0.0000
4.4929 -4.3962 0.0000
-3.7748 1.3561 0.0012
-3.6101 2.4650 0.0005
-3.7187 2.2217 0.0004
-4.4710 -4.7665 0.0000
-0.7623 -4.7584 0.0000
0.2826 0.5692 0.0273
0.3010 0.3678 0.0297
0.1052 0.3518 0.0290
-0.0908 0.2105 0.0300
-1.3842 3.4625 0.0006
-1.2538 3.2059 0.0010
-1.5624 3.2461 0.0011
-2.6674 -3.2466 0.0012
-2.5418 -1.1461 0.0429
4.2832 3.5694 0.0000
-1.9123 3.9929 0.0002
-1.9166 3.6044 0.0005
-4.7570 2.6141 0.0000
-3.9678 -0.5050 0.0008
-3.7618 -0.7100 0.0025
1.5853 -0.3303 0.0620
1.4404 -0.4119 0.0548
1.2725 -0.4508 0.0480
-1.7193 3.0084 0.0021
-1.9954 2.9713 0.0025
-2.1718 3.1687 0.0016
2.8126 -2.2210 0.0076
2.5587 -2.1574 0.0110
1.7402 -4.7725 0.0000
1.0032 -4.5000 0.0000
1.2408 -4.7612 0.0000
1.0075 -4.7420 0.0000
0.7446 -4.7348 0.0000
-2.0241 -3.6148 0.0005
-3.9908 2.0831 0.0001
-4.2538 1.9555 0.0000
1.4997 -4.7099 0.0000
-3.6805 -3.5260 0.0001
-4.3664 2.6942 0.0000
-0.7600 -1.0056 0.0246
-0.9030 -1.1411 0.0236
-0.0110 4.1922 0.0000
-0.2473 4.0242 0.0001
-0.2683 3.7506 0.0001
1.8122 0.5195 0.0661
1.6878 0.3310 0.0663
1.6774 0.4772 0.0627
1.5158 0.4517 0.0573
1.5424 0.2758 0.0615
0.2518 2.6314 0.0016
1.9787 1.6647 0.0243
1.8864 1.4328 0.0318
1.3173 1.2093 0.0290
1.3843 1.0003 0.0372
1.1651 1.0487 0.0305
1.2685 0.8181 0.0396
1.0719 0.8554 0.0336
3.4148 2.5827 0.0012
3.1344 2.5000 0.0029
2.8527 2.3976 0.0054
4.4834 1.2148 0.0000
4.2420 1.0362 0.0001
4.4105 1.4810 0.0000
4.1965 1.3100 0.0001
4.2794 3.2691 0.0000
4.0357 3.1050 0.0000
3.7816 2.9635 0.0002
-0.1266 -3.0360 0.0006
1.7128 -2.5188 0.0056
1.7142 -2.7583 0.0035
1.4762 -2.7358 0.0032
1.2769 -2.9186 0.0019
1.0356 -3.0940 0.0011
1.0872 -3.3957 0.0006
-4.1900 2.5079 0.0000
-2.6747 4.2826 0.0000
-2.8350 4.0414 0.0001
-0.5776 2.0413 0.0057
-0.7744 -2.8541 0.0012
-1.0467 -2.9656 0.0012
-1.3190 -3.0873 0.0011
1.6004 -4.4276 0.0000
1.3033 -4.5027 0.0000
-0.5240 -4.0617 0.0000
4.7531 2.9760 0.0000
4.7583 2.6675 0.0000
4.5198 2.8274 0.0000
-4.4902 4.7599 0.0000
-4.5251 3.7514 0.0000
3.7927 -0.4589 0.0021
-4.5050 -3.7307 0.0000
-4.5275 -4.0338 0.0000
2.7295 -1.3225 0.0305
-2.7347 -1.2580 0.0325
-2.9509 -1.3655 0.0213
-2.7491 -1.4942 0.0244
-2.9775 -1.6135 0.0151
-3.2251 -1.7128 0.0078
-3.5548 1.4767 0.0030
4.7343 0.1902 0.0000
4.4708 -0.0834 0.0000
3.2233 4.7092 0.0000
2.9611 4.5382 0.0000
2.6913 -1.7202 0.0194
2.5109 -1.8952 0.0174
4.0101 2.2769 0.0002
-3.3225 -2.5383 0.0017
-3.5571 -2.6729 0.0007
-3.6153 -2.9341 0.0004
-3.6158 -3.2422 0.0002
3.7516 -1.4571 0.0012
2.0251 4.7565 0.0000
-1.0784 -3.9232 0.0001
-0.9802 -4.2293 0.0000
-1.2475 -4.1920 0.0000
-1.1949 1.7367 0.0138
4.0275 0.6233 0.0006
-2.6693 4.7636 0.0000
-2.8318 4.5242 0.0000
-2.9786 4.7636 0.0000
-3.1315 4.5212 0.0000
0.7313 3.8342 0.0001
0.5402 3.6320 0.0001
2.1337 4.2515 0.0001
4.4699 4.5459 0.0000
-4.2965 1.3875 0.0000
-4.5129 0.9300 0.0000
-4.4951 4.5317 0.0000
-4.7458 4.4907 0.0000
1.9261 1.1493 0.0443
1.8458 0.8121 0.0569
-1.9925 -2.2525 0.0095
-2.1129 -2.4296 0.0071
-2.3346 -2.3784 0.0078
-2.2905 -2.6527 0.0047
-2.5641 -2.5249 0.0055
4.7474 -3.5688 0.0000
0.4068 -3.6135 0.0002
-2.6155 -0.7125 0.0572
-2.7068 -0.8376 0.0484
-2.8617 -0.7028 0.0433
-2.9006 -0.9110 0.0354
-4.3856 -2.5397 0.0000
3.7123 4.7426 0.0000
3.4882 4.7613 0.0000
-3.1534 -3.3040 0.0006
-3.3864 -3.4655 0.0003
-3.5349 -3.7283 0.0001
-3.7304 -3.9163 0.0000
0.7993 1.2521 0.0197
0.5558 1.2320 0.0179
-0.6781 2.2796 0.0040
1.0805 4.7727 0.0000
0.7618 4.7288 0.0000
-2.1887 0.8353 0.0620
-4.5012 2.1382 0.0000
-4.7533 2.0110 0.0000
-4.7602 1.7059 0.0000
-4.7599 1.3937 0.0000
0.9641 -2.5169 0.0032
0.8820 -1.9934 0.0074
0.6446 -2.1016 0.0053
-4.7437 4.1983 0.0000
-1.7061 -4.4035 0.0000
3.9681 -3.2241 0.0000
3.9905 -3.5130 0.0000
-3.1098 2.3044 0.0038
4.7384 4.4955 0.0000
0.9124 1.7334 0.0116
1.1867 -2.3540 0.0052
1.0125 -2.7994 0.0019
0.7940 -2.9555 0.0012
3.5034 -2.2629 0.0011
3.3359 -2.4491 0.0015
3.1311 -2.6047 0.0020
3.2957 -2.8034 0.0008
3.0388 -2.8900 0.0013
3.6998 -1.7258 0.0011
-2.6636 -4.7479 0.0000
4.5055 -1.6076 0.0000
4.5145 -1.9024 0.0000
4.2526 -1.7820 0.0000
-3.5887 -4.7571 0.0000
-0.5223 0.5993 0.0289
-0.6971 0.4794 0.0331
-0.6791 0.2471 0.0354
-0.6305 0.7738 0.0272
3.1882 -1.8351 0.0067
3.2928 -2.0842 0.0033
3.0143 -2.0686 0.0070
-1.1484 1.9980 0.0091
-3.9734 4.0438 0.0000
-2.7205 -1.0385 0.0407
-2.9220 -1.1290 0.0285
-0.0158 -2.7588 0.0012
-0.5298 -2.7153 0.0015
-0.2941 -2.8538 0.0010
-0.5171 -3.0103 0.0007
-0.5515 -3.3004 0.0003
-1.1639 -1.6465 0.0154
0.4224 -0.9900 0.0212
0.2967 -1.1863 0.0170
0.0758 -1.2603 0.0154
-1.7980 -1.8829 0.0163
-2.8713 2.8004 0.0022
-3.1448 2.7407 0.0015
-3.2433 -0.5595 0.0204
-3.4698 -0.5038 0.0098
-4.3240 -3.1339 0.0000
-4.7410 -2.9576 0.0000
-4.5471 -3.1515 0.0000
-4.7706 -3.2830 0.0000
-1.2083 -2.2645 0.0059
-1.6540 -3.9281 0.0001
-1.8371 -4.1630 0.0001
-1.0871 -0.7510 0.0365
0.6298 2.2019 0.0046
-4.7046 -1.3006 0.0000
-1.2435 -0.6410 0.0434
-2.2068 0.4050 0.0774
-2.3051 0.3119 0.0791
-2.4237 0.3337 0.0761
-2.4450 0.2073 0.0776
-2.5707 0.1109 0.0731
-2.5560 0.2859 0.0717
-2.6938 0.2259 0.0644
-2.4197 0.0851 0.0796
-2.4923 -0.0286 0.0771
-2.6364 -0.0520 0.0695
-2.7402 0.0642 0.0624
-2.8020 -0.1051 0.0576
-3.8827 -2.7729 0.0002
-4.1333 -2.9398 0.0000
-2.2232 -3.8175 0.0003
-2.4263 -4.0306 0.0002
0.4792 4.7517 0.0000
0.4475 4.5133 0.0000
-0.0056 2.7189 0.0013
-0.0519 2.4552 0.0022
-2.5255 -1.8409 0.0182
-2.4867 -2.0866 0.0126
-2.7439 -2.0151 0.0117
-2.5645 -2.2830 0.0086
-2.7882 -2.2662 0.0073
-3.0165 -2.1509 0.0064
-3.0514 -2.4312 0.0038
-2.0150 -1.9951 0.0148
-2.2389 -2.1638 0.0116
-3.8587 -3.7057 0.0000
-4.0469 -3.8657 0.0000
-0.0590 -2.2517 0.0034
-0.0511 -2.4780 0.0021
-0.2818 -2.5671 0.0018
1.1796 1.3675 0.0221
1.0286 1.2196 0.0235
0.9081 1.0105 0.0266
0.8512 0.7829 0.0307
-1.4106 1.6373 0.0188
-0.2894 -3.4793 0.0002
-0.3473 -3.7695 0.0001
2.1341 2.6970 0.0042
1.8631 2.6265 0.0044
2.4933 -3.8265 0.0003
-0.0768 4.4748 0.0000
-0.2789 4.2644 0.0000
-0.6065 1.5362 0.0123
-0.7721 1.3226 0.0175
-4.5467 3.2448 0.0000
2.2782 3.2293 0.0013
2.0197 3.1847 0.0014
3.5556 -0.4972 0.0067
3.3636 -0.6967 0.0126
3.1441 -0.6064 0.0255
3.1583 -0.8563 0.0211
1.8884 -1.0870 0.0469
2.1715 -0.9050 0.0588
2.0425 -0.9975 0.0535
2.2114 -1.0852 0.0508
2.0612 -1.2100 0.0443
1.8801 -1.2801 0.0387
2.1084 -1.4123 0.0361
1.9227 -1.4692 0.0320
1.6865 -1.1635 0.0391
1.6889 -1.3777 0.0314
1.5018 -1.5082 0.0237
-4.2813 -3.9668 0.0000
-4.4075 -4.2625 0.0000
-4.6411 -4.3459 0.0000
0.4403 -2.2844 0.0034
0.4640 -2.5658 0.0020
3.7508 -3.6992 0.0000
-2.2602 1.9578 0.0172
-2.4686 1.8920 0.0179
-2.6986 1.8419 0.0161
-2.5321 1.6543 0.0243
-2.6334 1.4378 0.0295
0.1770 2.3961 0.0026
-2.4014 -0.1421 0.0796
-2.4415 -0.2752 0.0765
-2.4913 -0.4358 0.0712
-2.5065 -0.6111 0.0653
-4.5916 2.7617 0.0000
-4.4901 2.4448 0.0000
-4.7481 2.3159 0.0000
4.0039 -1.9310 0.0001
3.7649 -1.9691 0.0005
4.5100 0.9316 0.0000
4.2704 0.7551 0.0001
2.3835 1.8062 0.0204
2.3547 1.5804 0.0282
2.3083 1.3774 0.0366
2.1702 1.7366 0.0229
2.1272 1.4837 0.0321
2.0323 1.2951 0.0394
3.6845 -3.1329 0.0001
-4.4139 0.1268 0.0000
-4.7256 0.1456 0.0000
1.7625 1.6513 0.0225
1.5417 1.6101 0.0208
1.3568 1.4986 0.0213
3.9747 0.3516 0.0008
3.7048 0.3026 0.0037
4.7501 3.8976 0.0000
0.9326 -3.6129 0.0003
0.6645 -3.7331 0.0002
-1.6641 -0.5075 0.0614
-1.8330 -0.4955 0.0675
-1.9528 -0.6012 0.0675
2.1708 -1.6181 0.0282
2.0483 -1.9063 0.0184
1.8616 -2.0854 0.0130
1.9118 -2.3431 0.0085
0.0680 0.5893 0.0263
-0.1130 0.4330 0.0282
-0.3247 0.5023 0.0284
-0.5009 0.3623 0.0317
4.1303 2.5241 0.0001
-0.7525 4.0883 0.0001
-1.1307 4.2271 0.0001
-0.4938 3.9512 0.0001
-0.7363 3.8096 0.0002
-0.9992 3.9661 0.0001
2.3429 -4.7214 0.0000
4.7161 1.4158 0.0000
4.7392 -2.9747 0.0000
3.8585 2.4736 0.0003
-1.7543 -4.7745 0.0000
-0.2563 -0.6451 0.0260
-0.5284 -0.9369 0.0232
0.9937 3.9894 0.0001
4.7541 4.1970 0.0000
4.4954 4.0329 0.0000
-0.9077 -0.0621 0.0413
-0.9889 -0.2916 0.0420
-1.0695 -0.5092 0.0411
3.7795 0.5849 0.0024
-3.9725 4.5509 0.0000
-3.9956 4.3114 0.0000
4.5085 4.7676 0.0000
-0.0717 -0.8165 0.0228
-0.1021 -1.0633 0.0188
1.8534 4.1858 0.0001
4.0701 3.7097 0.0000
-4.2664 1.0758 0.0001
-4.2664 0.7708 0.0001
-4.5095 0.6334 0.0000
2.4187 4.3224 0.0001
2.3473 4.0459 0.0002
-3.1936 1.1209 0.0154
-2.9801 1.2155 0.0232
-2.8572 1.0748 0.0328
-3.0296 0.9504 0.0266
-2.8371 0.8571 0.0403
-3.0370 0.7210 0.0307
-3.2365 0.8828 0.0167
-0.3028 2.0044 0.0054
-0.4659 1.7874 0.0081
1.2452 -1.1786 0.0281
1.2752 -1.4124 0.0223
1.0737 -1.5625 0.0159
2.3666 -4.3895 0.0000
-0.8502 0.3240 0.0381
-0.8952 0.1460 0.0406
-1.0720 0.0744 0.0459
-1.0974 -0.1353 0.0465
-1.2421 -0.0134 0.0517
-1.2885 -0.2058 0.0525
1.0904 3.4905 0.0003
-4.0664 3.5697 0.0000
-4.2263 3.3881 0.0000
1.6813 2.0950 0.0108
1.6068 1.8564 0.0152
1.3599 1.7649 0.0148
0.4022 -1.3840 0.0139
0.2253 -1.4862 0.0118
-0.0172 -1.5188 0.0113
-3.7172 4.4860 0.0000
-1.0968 4.7570 0.0000
-1.3712 4.7462 0.0000
-1.6301 4.7566 0.0000
-1.5432 4.5034 0.0000
-1.7823 4.4405 0.0000
-1.5365 -2.8824 0.0021
-3.4847 -0.2235 0.0100
3.5256 -1.9925 0.0017
3.3745 -0.0978 0.0150
3.1986 -0.1984 0.0255
3.0694 -0.3855 0.0335
2.9347 -0.5430 0.0414
-2.7717 3.0598 0.0014
-3.0775 3.0228 0.0009
-4.5127 1.2300 0.0000
-4.7587 1.0856 0.0000
-2.2888 2.9056 0.0029
3.9916 -2.4687 0.0001
-1.8304 2.7434 0.0038
-1.9290 2.4854 0.0066
-2.2240 2.4480 0.0074
-2.0696 2.2450 0.0106
-2.3093 2.1827 0.0118
2.8489 -2.6595 0.0031
2.5858 -2.7123 0.0038
2.3932 -2.8715 0.0030
0.2014 4.7602 0.0000
0.1861 4.5228 0.0000
4.7517 -3.8337 0.0000
4.7605 -4.0277 0.0000
4.5035 -4.0792 0.0000
-3.9388 -4.0880 0.0000
-4.1622 -4.2000 0.0000
-3.8593 -3.0644 0.0001
-4.0810 -3.2263 0.0000
3.0263 3.2449 0.0008
-2.3331 0.7543 0.0647
-2.4791 0.7426 0.0618
-2.6419 0.7753 0.0538
-2.6270 0.5903 0.0607
2.0062 -3.7013 0.0004
2.1438 -0.6319 0.0699
2.0465 -0.7817 0.0628
1.8791 -0.7099 0.0618
1.9034 -0.8860 0.0556
1.7355 -0.9813 0.0474
1.5101 -1.0677 0.0380
1.4682 -1.2650 0.0304
-0.5166 0.9381 0.0229
-0.3815 0.7604 0.0250
0.8409 -0.4279 0.0366
0.6724 -0.5211 0.0322
0.7602 -0.7114 0.0302
0.5674 -0.7761 0.0265
0.3350 -0.7763 0.0245
0.1486 -0.9723 0.0204
3.5090 0.8080 0.0073
-1.5893 -0.6662 0.0541
-1.7765 -0.6550 0.0607
-1.9121 -0.7455 0.0611
-1.8395 -0.8707 0.0543
-1.9933 -0.9519 0.0541
1.9578 0.2899 0.0761
1.8417 0.3786 0.0708
1.8086 0.2379 0.0723
1.6578 0.1499 0.0676
1.4740 0.1227 0.0603
-2.3631 3.3639 0.0010
-2.4734 3.1067 0.0017
-3.1254 -0.9901 0.0213
-3.1433 -1.2113 0.0169
-3.1964 -1.4549 0.0115
-1.4095 1.1323 0.0332
-1.6787 1.0787 0.0421
-1.8596 0.9720 0.0510
2.5599 -3.5488 0.0005
0.4741 3.3674 0.0003
0.2365 3.4773 0.0002
0.2365 3.1878 0.0004
-0.0061 3.0209 0.0006
1.3865 3.5681 0.0003
1.2764 3.2901 0.0006
3.7599 4.1898 0.0000
3.6430 3.9727 0.0000
3.5845 3.7139 0.0001
-3.9025 -1.2693 0.0008
-3.9864 -1.5528 0.0004
-0.6924 -4.2736 0.0000
-0.5842 -4.5206 0.0000
-0.8771 -4.5029 0.0000
3.8150 3.5684 0.0001
-1.1562 -4.4810 0.0000
-1.0630 -4.7494 0.0000
3.5477 2.0829 0.0017
3.5062 1.8032 0.0029
-2.8086 -2.5047 0.0047
-3.0720 -2.7096 0.0022
-3.3343 -2.8363 0.0010
-3.8311 -0.9912 0.0015
-4.1214 -1.0716 0.0003
0.7022 4.4278 0.0000
0.4676 4.2343 0.0000
3.0828 2.2295 0.0050
4.5046 -3.7715 0.0000
4.2582 -3.9371 0.0000
0.9718 3.2263 0.0005
2.3334 4.7848 0.0000
2.2106 4.5273 0.0000
1.2034 2.2475 0.0061
1.0478 2.0692 0.0075
-4.7581 0.7769 0.0000
2.8370 0.9760 0.0371
2.6581 0.8131 0.0516
2.8438 0.7920 0.0420
2.7078 0.6368 0.0547
2.5399 0.6690 0.0619
2.6514 0.4911 0.0620
2.5261 0.5361 0.0669
2.4613 0.4138 0.0728
-3.6031 0.0319 0.0061
-3.8717 0.0901 0.0015
4.7620 -2.3519 0.0000
4.5242 -2.5063 0.0000
4.2443 -1.5100 0.0000
-4.7564 4.7570 0.0000
1.7641 1.0101 0.0468
1.5772 0.9621 0.0437
1.6695 0.8083 0.0520
1.7617 0.6577 0.0601
1.4712 0.7981 0.0462
1.5975 0.6281 0.0556
1.4155 0.6319 0.0492
1.4004 4.7566 0.0000
1.2092 4.5356 0.0000
4.5179 0.6465 0.0000
4.5041 0.3829 0.0000
4.4547 0.1481 0.0000
-4.7704 -4.5242 0.0000
-2.1250 1.2234 0.0443
-2.3086 1.2576 0.0427
-2.3457 1.0914 0.0498
-1.1054 1.5424 0.0167
-1.2940 1.4642 0.0213
-0.3734 4.5105 0.0000
-0.5354 4.2394 0.0001
-0.6776 4.4776 0.0000
-0.8781 4.2814 0.0001
2.9578 -0.7369 0.0357
2.9097 -0.9238 0.0342
2.8558 -1.1407 0.0310
2.7048 -0.9744 0.0437
2.6132 -1.1394 0.0413
2.4081 -1.1169 0.0477
-4.5706 -0.9358 0.0000
-4.7718 -1.0646 0.0000
-3.6926 -4.2081 0.0000
-3.9373 -4.4017 0.0000
-4.2008 -4.4943 0.0000
0.2690 -2.7954 0.0012
0.1275 -3.0523 0.0006
-2.5672 -0.3244 0.0704
-2.7008 -0.3945 0.0612
-2.6094 -0.5069 0.0639
-2.7182 -0.6031 0.0551
2.1142 -4.4910 0.0000
2.0396 -4.7608 0.0000
3.1464 -2.2944 0.0035
2.9370 -2.4157 0.0044
2.6245 -2.4392 0.0063
2.2128 2.9594 0.0025
1.9367 2.9046 0.0026
0.3675 2.1773 0.0042
-2.3354 -4.2910 0.0001
-2.5198 -4.5117 0.0000
-3.7008 3.9380 0.0000
4.1941 -0.0498 0.0002
3.9813 -0.2342 0.0008
4.0761 -0.5119 0.0004
4.4929 -4.7156 0.0000
4.1941 -4.7658 0.0000
-0.5029 3.0362 0.0008
2.1942 1.2216 0.0437
2.0933 1.0711 0.0500
1.9555 0.9543 0.0534
2.1443 0.8901 0.0587
2.0146 0.7910 0.0614
-3.0840 -3.5745 0.0004
-2.9922 -3.8689 0.0002
-3.2699 -3.7766 0.0002
-3.4667 -4.0025 0.0001
1.6626 2.8441 0.0025
1.5749 2.5729 0.0042
1.3858 2.7937 0.0023
1.1203 2.7281 0.0022
3.0884 0.5816 0.0301
2.9686 0.3806 0.0417
2.8888 0.5955 0.0439
2.7900 0.4470 0.0541
2.6050 0.3577 0.0677
3.7171 -3.4092 0.0000
3.0032 -3.9449 0.0001
2.9500 -4.2258 0.0000
2.8358 -3.4541 0.0005
2.7695 -3.7454 0.0002
1.9417 4.4845 0.0000
4.4020 2.0185 0.0000
4.2855 1.8066 0.0001
-2.5843 2.8471 0.0028
-4.2745 -3.4095 0.0000
-4.2527 -3.6816 0.0000
-2.5701 -2.7647 0.0034
-2.8209 -2.7368 0.0030
0.3143 1.2315 0.0166
0.1746 1.0257 0.0196
0.0612 1.2645 0.0153
-0.0701 1.0586 0.0188
0.2383 0.7963 0.0237
0.0027 0.8291 0.0226
-0.1696 0.6686 0.0254
2.5543 3.6057 0.0005
2.5370 3.3193 0.0011
0.7297 4.1252 0.0000
-0.7601 -1.3212 0.0179
-0.9696 -1.4704 0.0170
-0.2543 2.8695 0.0010
4.5018 1.6843 0.0000
1.7002 4.4089 0.0000
4.2961 -2.6398 0.0000
4.1007 -2.7420 0.0000
2.0029 2.4056 0.0072
2.1382 1.9599 0.0162
1.9611 2.1556 0.0111
1.8851 1.8907 0.0167
3.6324 -2.8480 0.0002
3.4267 -3.0072 0.0003
-0.8177 0.8918 0.0274
-1.0527 0.9050 0.0314
-0.7902 0.6588 0.0317
-0.9930 0.7032 0.0349
1.3355 -3.4579 0.0006
-1.7672 -2.6994 0.0037
-1.8168 -2.9382 0.0023
-0.0460 -3.3276 0.0003
-2.6525 3.3195 0.0009
-2.9382 3.2841 0.0006
-3.0992 3.5222 0.0002
-3.2191 3.2593 0.0003
-3.4309 3.1693 0.0002
-3.2426 2.0507 0.0041
2.9781 2.9605 0.0016
-2.8402 -2.9638 0.0019
-3.1050 -2.9941 0.0012
-2.9184 -3.2043 0.0010
2.7567 3.1385 0.0014
0.4760 3.0523 0.0006
-2.8610 -3.4504 0.0006
-2.7824 -3.6966 0.0004
3.2993 0.1080 0.0193
3.0870 -0.0010 0.0344
-3.2153 1.8131 0.0064
-3.4901 1.7684 0.0027
-3.5133 4.2331 0.0000
-3.7470 4.2175 0.0000
-0.7910 -3.1299 0.0006
-0.8092 -3.4147 0.0003
-1.0521 -3.5227 0.0003
-3.2559 4.2668 0.0000
0.5152 0.2834 0.0326
0.4170 -0.3934 0.0305
0.2385 -0.2718 0.0301
0.2585 -0.5419 0.0275
0.1016 -0.4182 0.0282
-0.0410 -0.5601 0.0265
0.1222 -0.7096 0.0246
-0.3011 0.2637 0.0306
-0.2911 0.0453 0.0315
-0.5063 0.1233 0.0335
-0.7191 0.0431 0.0371
-0.4612 -0.0809 0.0331
-0.4110 -0.2671 0.0317
-0.6372 -0.1210 0.0355
-0.8062 -0.2146 0.0382
0.4898 3.9365 0.0001
0.2666 3.7427 0.0001
2.7520 -2.9176 0.0020
2.5664 -3.0506 0.0018
2.3224 -3.1165 0.0018
-2.3415 0.9185 0.0576
-2.4960 0.9056 0.0547
-4.2578 1.6592 0.0000
-4.5242 1.5410 0.0000
0.1069 -3.5678 0.0002
-0.1031 -3.6825 0.0001
-2.5713 -3.4895 0.0007
-3.5166 0.7643 0.0068
-3.7206 0.5692 0.0030
-3.9591 0.3633 0.0008
-1.1764 -0.3324 0.0472
-1.2940 -0.4673 0.0489
-1.4725 -0.5103 0.0542
1.5809 -3.0210 0.0019
1.3183 -3.1856 0.0011
3.9013 0.0614 0.0013
3.5811 0.0535 0.0068
-3.9928 0.6508 0.0006
-4.2439 0.4770 0.0001
-4.1814 0.2121 0.0002
-0.5577 2.4923 0.0025
-0.7815 2.6125 0.0023
3.6744 -2.4802 0.0003
3.4848 -2.6451 0.0006
-4.5160 -3.4365 0.0000
-4.7583 -3.5857 0.0000
3.1921 -3.1219 0.0005
2.8807 -3.1490 0.0010
3.0731 -3.3421 0.0004
-2.9130 -4.1710 0.0001
-3.1337 -4.3450 0.0000
-3.1940 -4.0687 0.0001
-3.4193 -4.2750 0.0000
-2.6869 3.8087 0.0002
-2.9739 3.7879 0.0001
2.4335 -4.1053 0.0001
2.1567 -4.1954 0.0001
4.7547 3.5993 0.0000
4.5234 3.4393 0.0000
-1.0720 -0.9931 0.0301
-1.2375 -1.1388 0.0295
-1.9931 -2.6006 0.0049
-2.0589 -2.8396 0.0031
-2.1288 -3.0868 0.0018
4.3067 2.3429 0.0000
4.4696 -1.3165 0.0000
3.2641 -3.7773 0.0001
1.3014 2.5125 0.0040
1.0185 2.4648 0.0036
0.8870 2.2471 0.0050
3.7141 -0.1823 0.0035
3.5010 -0.2652 0.0091
-1.2299 0.1816 0.0504
-1.3974 0.0795 0.0574
-1.5521 -0.0168 0.0638
-2.3404 -2.9307 0.0026
-4.2477 4.4705 0.0000
-4.4944 4.2860 0.0000
2.4884 -1.3071 0.0380
2.2705 -1.2710 0.0424
2.3385 -1.4730 0.0334
2.5760 -1.5059 0.0285
2.4245 -1.6840 0.0247
-4.2419 4.1820 0.0000
-4.4793 4.0071 0.0000
-3.5789 -0.9813 0.0049
0.9171 -2.2475 0.0050
0.6939 -2.3936 0.0033
-2.6887 2.5781 0.0045
-2.7936 2.3017 0.0067
3.9659 4.6801 0.0000
3.7107 4.4700 0.0000
2.9772 -0.1901 0.0427
2.8605 -0.3581 0.0502
2.7596 -0.5122 0.0547
2.7804 -0.6919 0.0486
2.7150 -0.8190 0.0485
4.2412 -4.5262 0.0000
3.9125 -4.7196 0.0000
-1.4391 -1.0536 0.0367
4.0426 3.4098 0.0000
3.7970 3.2655 0.0001
-3.7619 1.6507 0.0009
-1.1283 0.5257 0.0421
-1.2536 0.3762 0.0488
-1.3973 0.2541 0.0558
-1.3013 -2.5103 0.0040
-1.5358 -2.5867 0.0040
-0.5137 2.7542 0.0014
-0.7592 2.8984 0.0013
-1.4011 -0.0942 0.0575
-1.4041 -0.3224 0.0554
-1.6647 -0.2061 0.0673
-1.5180 -0.1889 0.0616
-1.5772 -0.3556 0.0616
-1.8008 -0.2188 0.0724
-1.7425 -0.3567 0.0679
-1.8923 -0.3546 0.0730
-4.1929 -1.3404 0.0001
-4.2434 -1.6157 0.0001
-4.2084 -1.8577 0.0001
-4.4680 -1.4631 0.0000
-4.4979 -1.7805 0.0000
3.2011 2.7787 0.0015
2.9216 2.6799 0.0029
0.7434 -2.6708 0.0020
0.5422 -2.8488 0.0012
0.4025 -3.0736 0.0007
3.7660 -3.9809 0.0000
3.5173 -3.9126 0.0000
3.4974 -4.2065 0.0000
3.2779 1.5262 0.0085
3.4488 1.2964 0.0063
3.2091 1.2614 0.0136
2.9943 1.1972 0.0235
3.0354 0.9932 0.0260
0.6600 -3.1455 0.0007
0.5060 -3.3520 0.0004
0.7059 -3.4794 0.0004
-1.8138 -1.2385 0.0384
-1.8880 -1.4548 0.0309
-2.1089 -1.5348 0.0299
-1.9043 -1.6918 0.0227
-2.0951 -1.7764 0.0213
-2.2830 -1.9245 0.0172
-4.2345 -0.5818 0.0001
-4.0358 -0.7901 0.0005
1.1360 1.8800 0.0107
1.1433 1.6195 0.0157
-0.7236 1.8063 0.0089
-0.8720 1.5683 0.0137
0.6829 0.6151 0.0309
0.4610 0.7249 0.0263
0.5041 0.4932 0.0302
2.7060 4.4486 0.0000
2.0293 -0.1965 0.0794
1.9006 -0.2510 0.0752
1.9247 -0.1158 0.0775
1.7907 -0.1435 0.0727
1.7458 -0.2859 0.0691
1.7200 -0.4444 0.0648
1.8691 -0.3842 0.0715
1.8548 -0.5426 0.0668
1.5685 -0.5221 0.0571
1.7187 -0.6195 0.0598
1.7327 -0.7961 0.0543
1.5630 -0.7064 0.0516
4.7431 -3.2764 0.0000
-1.3532 -1.8071 0.0139
-1.4295 -1.2917 0.0287
-1.6485 -0.9894 0.0445
-1.6214 -1.1794 0.0367
-1.6411 -1.4011 0.0290
-1.7108 -1.5972 0.0235
3.4521 4.5071 0.0000
3.4628 4.2174 0.0000
3.1636 4.1046 0.0001
-4.0081 1.7961 0.0002
2.3556 -3.3470 0.0010
-1.0583 -3.2420 0.0006
-1.3084 -3.3840 0.0005
-1.2311 -3.6810 0.0002
-1.4893 -3.6800 0.0002
1.4486 -3.9087 0.0002
1.1765 -4.0132 0.0001
-3.7770 -0.1775 0.0026
-3.8349 -2.2697 0.0004
-4.0179 -2.4759 0.0001
-4.1790 -2.6793 0.0000
-4.7451 3.5701 0.0000
-0.9751 4.5141 0.0000
-1.2476 4.4824 0.0000
-1.4461 4.2537 0.0001
-1.7305 4.1920 0.0001
-4.0342 -3.5404 0.0000
-3.1059 -4.6005 0.0000
-3.3825 -4.5371 0.0000
-3.2818 -4.7874 0.0000
0.2370 4.0320 0.0001
-0.0007 3.8887 0.0001
2.6910 -0.3319 0.0630
2.5133 -0.3327 0.0728
2.4844 -0.4880 0.0702
2.3627 -0.5305 0.0723
4.2521 -3.6296 0.0000
4.0101 -3.8096 0.0000
-0.0138 3.3196 0.0003
-0.2572 3.1709 0.0005
-0.2966 -0.8847 0.0224
-0.3583 -1.1237 0.0186
3.5931 -4.7507 0.0000
3.4294 -4.4861 0.0000
3.1249 -4.5232 0.0000
3.2886 -4.7534 0.0000
2.9758 -4.7619 0.0000
-1.8355 4.7088 0.0000
-2.0883 4.7706 0.0000
-2.0454 4.5132 0.0000
-2.3641 4.7561 0.0000
-2.5381 4.5174 0.0000
-3.3843 3.4911 0.0001
-3.6009 3.3616 0.0001
-3.7625 3.1429 0.0000
2.2700 -0.2756 0.0801
2.3488 -0.3923 0.0765
2.2359 -0.5036 0.0745
2.1835 -0.3739 0.0781
2.1023 -0.4857 0.0743
1.9784 -0.4684 0.0725
2.0010 -0.6144 0.0683
1.5286 -3.6300 0.0004
4.2381 3.9015 0.0000
0.1852 -4.1048 0.0001
0.1863 -4.4035 0.0000
2.8270 2.1310 0.0089
2.6120 2.0008 0.0135
2.8244 1.8528 0.0137
2.5890 1.7641 0.0197
4.2609 -2.3702 0.0000
-1.0624 -2.4692 0.0036
1.3087 -1.6634 0.0167
0.9349 -1.7762 0.0107
0.6551 -1.8062 0.0086
4.7705 3.2915 0.0000
-4.1933 -4.7495 0.0000
-0.3269 -2.2854 0.0034
-0.5421 -2.4277 0.0028
4.2734 -2.0663 0.0000
4.0307 -2.1921 0.0001
-1.9933 -0.4573 0.0730
-2.1136 -0.5297 0.0728
-2.2401 -0.6146 0.0704
-2.3711 -0.6974 0.0658
-2.0846 -0.6630 0.0677
-2.2125 -0.7705 0.0642
-2.3451 -0.8709 0.0590
-2.3618 -1.0400 0.0512
-2.4930 -0.7958 0.0589
-2.5388 -0.9463 0.0513
-2.8346 -4.4785 0.0000
-2.9467 -4.7744 0.0000
-2.4030 2.6441 0.0048
-2.5046 2.3783 0.0077
-1.8508 1.1857 0.0420
-2.0050 1.0965 0.0486
-2.1847 1.0311 0.0533
-2.0396 0.9135 0.0571
0.7268 2.9693 0.0009
0.8360 2.7085 0.0018
0.5321 2.7398 0.0014
-2.5126 1.0871 0.0466
4.4806 -3.1418 0.0000
4.4913 -3.4522 0.0000
4.3039 -1.0036 0.0001
4.2046 -1.2240 0.0001
4.0105 -1.3843 0.0003
-2.4974 1.2727 0.0393
-2.7044 1.2114 0.0352
-2.6736 0.9797 0.0449
4.7614 0.7925 0.0000
4.7626 0.4873 0.0000
-2.8716 0.1804 0.0514
-2.9341 0.0173 0.0470
-2.9966 -0.1638 0.0414
-1.8542 1.8073 0.0198
-2.0643 1.8048 0.0214
-1.8277 1.5774 0.0267
-1.9695 1.3644 0.0366
3.9636 1.1326 0.0007
3.7204 1.0821 0.0024
-3.5924 2.9792 0.0002
-3.9153 2.9183 0.0000
-4.0389 2.6932 0.0000
-1.5936 -1.7521 0.0176
1.1966 3.7693 0.0001
0.9281 3.7036 0.0001
2.8254 3.7095 0.0004
2.7950 3.4264 0.0007
4.1802 2.1127 0.0001
-1.5525 -2.0014 0.0117
2.3050 3.4965 0.0007
2.0750 3.4627 0.0007
0.0902 1.7057 0.0087
-0.0834 1.4862 0.0117
-0.1990 1.2435 0.0158
-0.3730 1.0943 0.0190
-4.2097 3.8975 0.0000
2.9252 4.2614 0.0001
2.8713 3.9867 0.0002
4.3376 3.0049 0.0000
3.2970 2.0413 0.0041
3.2772 1.7834 0.0062
-4.7625 2.9775 0.0000
-3.7084 -0.4346 0.0036
4.7775 -0.3067 0.0000
4.7023 -0.5638 0.0000
-1.6078 2.2654 0.0083
-1.6157 2.0134 0.0127
-1.8275 2.2553 0.0096
-1.8310 2.0248 0.0141
-2.0444 2.0330 0.0151
0.7207 2.4754 0.0028
0.4575 2.4444 0.0026
2.2441 -1.8218 0.0213
2.3210 -2.0339 0.0152
2.1178 -2.1572 0.0125
1.2105 3.0214 0.0012
0.9668 2.9574 0.0011
2.6769 4.7491 0.0000
2.4797 4.5891 0.0000
2.8084 1.1663 0.0326
2.6076 1.1637 0.0402
2.6551 0.9779 0.0457
2.4696 0.9984 0.0510
2.4915 0.8285 0.0575
-1.3573 -4.7396 0.0000
-3.2902 4.7566 0.0000
-3.4339 4.4998 0.0000
2.7210 -4.0210 0.0001
2.6561 -4.2871 0.0001
3.5642 1.5664 0.0031
3.6967 1.3298 0.0022
0.8052 1.9677 0.0077
0.5234 1.9421 0.0069
-0.0352 -3.9264 0.0001
-0.2752 -4.0104 0.0001
0.9585 4.5189 0.0000
0.9865 4.2620 0.0000
-1.3740 2.1477 0.0086
-1.3979 1.8878 0.0131
-0.6190 -0.3315 0.0338
-0.8413 -0.4290 0.0368
-0.8889 -0.6381 0.0344
-0.9095 -0.8635 0.0301
-0.2828 2.5642 0.0019
-0.3848 2.2834 0.0034
-4.0094 1.5040 0.0002
-4.0875 1.2612 0.0002
-3.3761 -1.2417 0.0085
-3.6246 -1.2427 0.0033
-3.4618 -1.5225 0.0048
-3.7268 -1.5119 0.0016
4.4976 4.3059 0.0000
4.2455 4.2099 0.0000
-0.1361 2.2307 0.0035
3.5607 3.4343 0.0002
3.5352 3.1490 0.0003
3.4813 2.8731 0.0006
4.2348 -3.3197 0.0000
-1.9374 -3.8879 0.0002
-2.1345 -4.0858 0.0001
-3.8959 3.3958 0.0000
-4.0454 3.1713 0.0000
4.7711 2.0618 0.0000
4.6121 1.9058 0.0000
4.7715 1.7055 0.0000
-0.0855 -4.2377 0.0000
-0.3729 -4.2923 0.0000
0.9201 -4.1994 0.0001
0.6458 -4.2193 0.0001
2.2165 -3.9071 0.0002
3.9956 0.8756 0.0006
3.7502 0.8334 0.0025
-0.0527 -4.5079 0.0000
4.2331 4.7629 0.0000
1.2226 0.6309 0.0431
1.3280 0.4821 0.0498
1.2113 0.3666 0.0479
1.0894 0.4731 0.0424
0.9568 0.3214 0.0409
1.1470 0.2243 0.0475
0.9850 0.1166 0.0433
0.7971 0.1561 0.0384
0.6742 -0.0690 0.0363
-1.8189 0.0392 0.0744
-1.9366 0.0317 0.0783
-1.9393 -0.0955 0.0781
-2.0431 -0.1730 0.0800
-2.0500 -0.0241 0.0811
-2.1377 -0.1059 0.0820
-2.1650 -0.2333 0.0808
-2.3085 -0.2369 0.0802
-2.3638 -0.3800 0.0763
-1.9235 -0.2249 0.0763
-2.0384 -0.3078 0.0777
-2.1266 -0.3927 0.0770
-2.2332 -0.3371 0.0788
-2.2495 -0.4707 0.0752
-2.3804 -0.5340 0.0715
4.7641 2.3663 0.0000
4.5105 2.5203 0.0000
4.5367 2.2197 0.0000
1.7974 -3.5105 0.0007
1.7492 2.3562 0.0071
1.4814 2.2941 0.0067
1.3778 2.0320 0.0099
4.7289 -0.0704 0.0000
-2.6005 -3.0170 0.0020
-4.6174 -2.5923 0.0000
-4.7836 -2.6927 0.0000
3.3728 3.9194 0.0001
3.1012 3.8167 0.0002
-1.2043 3.7535 0.0003
3.3243 3.6273 0.0002
3.2966 3.3418 0.0004
4.7515 1.1018 0.0000
-3.4942 2.0285 0.0018
-3.7491 1.9289 0.0006
-0.8767 2.0804 0.0064
-0.9688 1.8081 0.0105
0.6574 1.7106 0.0105
0.3867 1.6929 0.0096
0.4589 1.4605 0.0134
0.2015 1.4765 0.0122
-0.0119 3.6098 0.0002
-0.2679 3.4675 0.0003
-3.0414 -0.3642 0.0362
-3.0421 -0.5688 0.0335
-2.2168 -4.5394 0.0000
-2.3626 -4.7645 0.0000
1.4140 -4.2056 0.0001
1.1637 -4.2817 0.0001
2.0974 -3.1119 0.0019
2.0773 -3.3951 0.0009
1.1410 -0.9440 0.0323
1.0161 -1.1130 0.0254
1.4699 4.4786 0.0000
1.2465 4.2841 0.0000
-2.7839 0.5021 0.0532
-2.8239 0.3438 0.0532
-2.8060 0.6756 0.0473
-2.9623 0.5457 0.0392
-2.9909 0.3871 0.0395
-3.0321 0.2370 0.0378
-3.1122 0.0577 0.0324
-1.7604 -2.1450 0.0104
2.6413 4.1574 0.0001
2.5782 3.8784 0.0003
1.5407 4.1592 0.0001
1.2631 4.0382 0.0001
-0.8960 2.3947 0.0038
-1.1285 2.2614 0.0058
4.4726 -2.8349 0.0000
-1.8859 -3.1643 0.0014
-2.1001 -3.3516 0.0010
-1.3663 -3.9379 0.0001
-1.5368 -4.1761 0.0000
-1.2290 -1.4055 0.0219
-1.4369 -1.5513 0.0211
3.4950 -3.6023 0.0000
-1.5971 1.5125 0.0252
-1.7444 1.3564 0.0332
4.7637 4.7594 0.0000
0.6891 1.0377 0.0229
0.6479 0.8433 0.0263
0.4325 0.9852 0.0216
1.0396 0.6706 0.0372
0.8808 0.5321 0.0361
-3.4258 3.9953 0.0000
-3.5309 3.7184 0.0000
-3.7383 3.6050 0.0000
1.7612 3.9191 0.0001
1.6810 3.6344 0.0003
3.2236 0.3902 0.0230
3.1144 0.2177 0.0317
0.5947 -1.5052 0.0128
0.4148 -1.6836 0.0093
3.2553 3.0605 0.0008
-1.4060 -0.6863 0.0473
-1.6963 -0.8124 0.0525
-1.8178 -1.0443 0.0465
-0.0558 4.7311 0.0000
-4.5451 -0.1175 0.0000
-4.7756 -0.1688 0.0000
-2.0482 -0.8057 0.0614
-2.1737 -0.9483 0.0562
-2.1828 -1.1291 0.0479
-2.3620 -1.2407 0.0421
-2.5434 -1.3665 0.0340
-1.4171 -4.4321 0.0000
-1.5844 -4.6422 0.0000
1.2186 -3.7064 0.0003
0.9697 -3.8671 0.0002
-2.9670 2.5300 0.0033
-3.2784 2.5251 0.0016
-3.4104 2.2935 0.0016
2.4096 2.4793 0.0064
2.1986 2.4828 0.0065
2.2429 2.2305 0.0103
2.3287 0.8649 0.0594
2.1006 0.6843 0.0670
2.3773 0.6895 0.0659
2.3866 0.5446 0.0710
2.2228 0.7466 0.0651
2.2311 0.5866 0.0714
2.2930 0.4510 0.0754
1.9331 0.6403 0.0656
2.0693 0.5505 0.0715
2.1514 0.4481 0.0757
2.0468 0.3861 0.0760
1.9558 0.4707 0.0717
2.8543 -4.4994 0.0000
2.5705 -4.5436 0.0000
2.6744 -4.7678 0.0000
-4.7682 3.2780 0.0000
-0.9941 3.3251 0.0006
-1.0103 3.0440 0.0012
-1.2239 2.8838 0.0020
-1.3393 2.6740 0.0032
-1.4371 2.9993 0.0018
-1.5546 2.7670 0.0031
-1.3830 2.4243 0.0054
-1.6477 2.5199 0.0054
-3.1825 0.4756 0.0245
-3.2338 0.2639 0.0228
-3.3477 0.0114 0.0166
-3.0808 -0.7748 0.0275
-3.3496 -1.0008 0.0113
-0.6069 -1.1585 0.0197
0.2464 1.9259 0.0063
0.8079 -1.1268 0.0220
0.6600 -0.9616 0.0238
-1.8996 -4.5467 0.0000
-2.0375 -4.3436 0.0000
