5.0000 5.0000 0.0000
0.0000 5.0000 0.0000
2.5000 5.0000 0.0000
3.7500 5.0000 0.0000
4.3750 5.0000 0.0000
4.6875 5.0000 0.0000
4.0625 5.0000 0.0000
3.1250 5.0000 0.0000
3.4375 5.0000 0.0000
2.8125 5.0000 0.0000
1.2500 5.0000 0.0000
1.8750 5.0000 0.0000
2.1875 5.0000 0.0000
1.5625 5.0000 0.0000
0.6250 5.0000 0.0000
0.9375 5.0000 0.0000
0.3125 5.0000 0.0000
-2.5000 5.0000 0.0000
-1.2500 5.0000 0.0000
-0.6250 5.0000 0.0000
-0.3125 5.0000 0.0000
-0.9375 5.0000 0.0000
-1.8750 5.0000 0.0000
-1.5625 5.0000 0.0000
-2.1875 5.0000 0.0000
-3.7500 5.0000 0.0000
-3.1250 5.0000 0.0000
-2.8125 5.0000 0.0000
-3.4375 5.0000 0.0000
-4.3750 5.0000 0.0000
-4.0625 5.0000 0.0000
-4.6875 5.0000 0.0000
5.0000 -5.0000 0.0000
5.0000 0.0000 0.0000
5.0000 -2.5000 0.0000
5.0000 -3.7500 0.0000
5.0000 -4.3750 0.0000
5.0000 -4.6875 0.0000
5.0000 -4.0625 0.0000
5.0000 -3.1250 0.0000
5.0000 -3.4375 0.0000
5.0000 -2.8125 0.0000
5.0000 -1.2500 0.0000
5.0000 -1.8750 0.0000
5.0000 -2.1875 0.0000
5.0000 -1.5625 0.0000
5.0000 -0.6250 0.0000
5.0000 -0.9375 0.0000
5.0000 -0.3125 0.0000
5.0000 2.5000 0.0000
5.0000 1.2500 0.0000
5.0000 0.6250 0.0000
5.0000 0.3125 0.0000
5.0000 0.9375 0.0000
5.0000 1.8750 0.0000
5.0000 1.5625 0.0000
5.0000 2.1875 0.0000
5.0000 3.7500 0.0000
5.0000 3.1250 0.0000
5.0000 2.8125 0.0000
5.0000 3.4375 0.0000
5.0000 4.3750 0.0000
5.0000 4.0625 0.0000
5.0000 4.6875 0.0000
-5.0000 -5.0000 0.0000
0.0000 -5.0000 0.0000
-2.5000 -5.0000 0.0000
-3.7500 -5.0000 0.0000
-4.3750 -5.0000 0.0000
-4.6875 -5.0000 0.0000
-4.0625 -5.0000 0.0000
-3.1250 -5.0000 0.0000
-3.4375 -5.0000 0.0000
-2.8125 -5.0000 0.0000
-1.2500 -5.0000 0.0000
-1.8750 -5.0000 0.0000
-2.1875 -5.0000 0.0000
-1.5625 -5.0000 0.0000
-0.6250 -5.0000 0.0000
-0.9375 -5.0000 0.0000
-0.3125 -5.0000 0.0000
2.5000 -5.0000 0.0000
1.2500 -5.0000 0.0000
0.6250 -5.0000 0.0000
0.3125 -5.0000 0.0000
0.9375 -5.0000 0.0000
1.8750 -5.0000 0.0000
1.5625 -5.0000 0.0000
2.1875 -5.0000 0.0000
3.7500 -5.0000 0.0000
3.1250 -5.0000 0.0000
2.8125 -5.0000 0.0000
3.4375 -5.0000 0.0000
4.3750 -5.0000 0.0000
4.0625 -5.0000 0.0000
4.6875 -5.0000 0.0000
-5.0000 5.0000 0.0000
-5.0000 0.0000 0.0000
-5.0000 2.5000 0.0000
-5.0000 3.7500 0.0000
-5.0000 4.3750 0.0000
-5.0000 4.6875 0.0000
-5.0000 4.0625 0.0000
-5.0000 3.1250 0.0000
-5.0000 3.4375 0.0000
-5.0000 2.8125 0.0000
-5.0000 1.2500 0.0000
-5.0000 1.8750 0.0000
-5.0000 2.1875 0.0000
-5.0000 1.5625 0.0000
-5.0000 0.6250 0.0000
-5.0000 0.9375 0.0000
-5.0000 0.3125 0.0000
-5.0000 -2.5000 0.0000
-5.0000 -1.2500 0.0000
-5.0000 -0.6250 0.0000
-5.0000 -0.3125 0.0000
-5.0000 -0.9375 0.0000
-5.0000 -1.8750 0.0000
-5.0000 -1.5625 0.0000
-5.0000 -2.1875 0.0000
-5.0000 -3.7500 0.0000
-5.0000 -3.1250 0.0000
-5.0000 -2.8125 0.0000
-5.0000 -3.4375 0.0000
-5.0000 -4.3750 0.0000
-5.0000 -4.0625 0.0000
-5.0000 -4.6875 0.0000
1.6411 0.3846 0.0635
1.5382 0.2545 0.0616
1.3860 0.2705 0.0555
1.2094 0.2523 0.0493
1.3522 0.1030 0.0556
1.1593 0.0687 0.0488
4.5250 1.8786 0.0000
4.2781 1.7277 0.0001
4.0676 1.5539 0.0003
-1.2896 0.2432 0.0519
-1.3271 0.0793 0.0546
-1.4826 0.1018 0.0606
0.9693 2.4469 0.0036
1.5091 1.3687 0.0277
-2.4893 -0.3768 0.0726
-2.5814 -0.5075 0.0652
-2.6818 -0.6582 0.0555
-3.1832 4.2940 0.0000
-3.2927 4.0567 0.0000
-1.6209 -3.4572 0.0005
4.7678 -1.0886 0.0000
4.7352 -1.3950 0.0000
0.2627 2.4234 0.0025
0.0124 2.3392 0.0028
-0.1379 2.1487 0.0041
2.7265 -4.2301 0.0001
-1.2067 3.5912 0.0004
-1.3657 3.4009 0.0007
-1.0789 -0.8834 0.0331
-1.2319 -1.0061 0.0332
-1.3682 -1.1982 0.0304
-1.7353 0.4796 0.0644
-1.8514 0.3918 0.0707
-1.9638 0.4146 0.0735
-2.0019 0.2812 0.0774
2.1065 -1.1307 0.0483
1.9097 -1.1839 0.0432
1.8407 -1.3942 0.0335
0.7823 -4.7508 0.0000
1.3917 4.7763 0.0000
3.9631 3.0231 0.0001
-1.7212 0.3162 0.0676
-1.8618 0.2572 0.0737
-1.9408 0.1639 0.0775
2.7690 -0.3336 0.0576
2.7091 -0.4800 0.0588
2.6372 -0.2650 0.0676
2.5738 -0.3986 0.0686
2.5835 -0.5651 0.0637
1.4760 -2.8987 0.0023
-3.7666 -1.0591 0.0020
-0.7620 -1.0640 0.0233
1.9519 -3.0222 0.0022
2.9207 -2.1376 0.0074
-2.1104 -1.0160 0.0527
-2.2414 -1.1951 0.0449
-2.2776 -1.4167 0.0350
-2.4490 -1.2998 0.0384
-2.4672 -1.5389 0.0287
-0.7026 2.7342 0.0017
-0.8969 2.5456 0.0029
4.5025 -1.2095 0.0000
4.7598 -4.0650 0.0000
3.7123 -4.4075 0.0000
3.7983 1.5958 0.0011
-1.8096 -0.8589 0.0540
-1.8922 -1.0522 0.0478
-2.0208 -1.1752 0.0445
-2.1021 -1.3616 0.0370
2.5072 -3.4097 0.0008
2.5425 -3.7032 0.0004
0.7589 -3.0040 0.0010
0.5455 -3.2201 0.0006
0.3008 -3.3519 0.0004
-2.0418 3.1257 0.0018
-2.2136 2.9426 0.0027
-2.4009 2.7426 0.0040
2.5973 1.3780 0.0324
2.4741 1.2435 0.0404
-1.9995 -4.3619 0.0000
-2.1500 -4.5418 0.0000
-2.3282 -4.7490 0.0000
-2.6028 -4.7643 0.0000
-1.7254 -0.2471 0.0691
-1.8523 -0.3447 0.0718
-1.5403 -0.3896 0.0594
-1.6958 -0.3919 0.0653
-1.8240 -0.4913 0.0673
-1.9611 -0.5805 0.0683
-1.6548 -0.5610 0.0595
-1.8114 -0.6474 0.0620
-1.6946 -0.7474 0.0549
-1.9337 -0.7445 0.0616
-1.9793 -0.8999 0.0561
-3.0396 -1.1164 0.0232
-3.1032 -1.3568 0.0160
-3.3680 -1.4743 0.0069
2.5116 2.8673 0.0029
-3.9290 -2.6791 0.0002
-4.2173 -2.6446 0.0000
-4.2200 4.5027 0.0000
-1.9063 0.9995 0.0509
-1.9848 0.8483 0.0589
0.6004 0.7496 0.0275
4.4978 2.4869 0.0000
4.5194 2.1764 0.0000
4.2795 2.3128 0.0000
4.2716 2.0088 0.0001
2.0705 3.5015 0.0006
1.8160 3.3926 0.0007
1.7986 3.0933 0.0016
-2.2905 0.8458 0.0613
-2.2823 0.6722 0.0685
-4.0506 0.2754 0.0005
-4.2783 0.1015 0.0001
-4.3854 -0.1421 0.0000
-4.7758 -0.1359 0.0000
1.1984 0.6120 0.0428
1.0921 0.4217 0.0433
-4.2777 -3.4946 0.0000
-4.4734 -3.7379 0.0000
-1.0941 4.7787 0.0000
3.2748 -3.3885 0.0002
4.1558 1.2802 0.0002
3.8924 1.3146 0.0009
-2.6552 -0.3741 0.0644
-2.7711 -0.5015 0.0542
-0.5191 3.9573 0.0001
3.2127 -2.1283 0.0039
3.2275 -2.8603 0.0009
3.2270 -3.1122 0.0005
2.9833 -2.7998 0.0018
2.9456 -3.0268 0.0012
-3.8556 1.0509 0.0010
3.7035 -2.7575 0.0002
3.6174 -2.4659 0.0005
3.4303 -2.6687 0.0007
3.4867 -2.9542 0.0003
3.5083 -4.1730 0.0000
1.6839 0.2306 0.0677
1.6761 0.0997 0.0686
1.5207 0.1089 0.0623
1.6181 -0.0311 0.0665
1.4634 -0.0563 0.0601
1.9298 0.3049 0.0751
2.0550 0.2460 0.0791
1.9399 0.1623 0.0775
1.8180 0.2009 0.0731
-2.6547 2.0504 0.0122
-2.6700 1.7898 0.0179
-0.6137 -1.2629 0.0178
-0.6901 -1.4902 0.0142
-2.3885 -3.6094 0.0005
-4.5272 1.5526 0.0000
-2.1310 -3.1718 0.0015
-2.4007 -3.2994 0.0011
-2.2267 1.9841 0.0166
-2.4420 1.8883 0.0183
-2.2286 1.7182 0.0247
-2.4701 1.6423 0.0256
2.2718 -3.9042 0.0002
2.1995 -4.1936 0.0001
1.9754 -4.0023 0.0002
1.8994 -4.2631 0.0001
2.1030 -4.4813 0.0000
2.2556 3.0656 0.0019
-3.3877 2.1145 0.0023
-3.6038 1.8933 0.0014
-0.5135 -4.0176 0.0000
-1.3942 -3.2900 0.0007
3.9930 1.8537 0.0003
3.6841 1.8474 0.0014
0.1161 -1.4123 0.0128
-0.2590 -1.6736 0.0094
0.0143 -1.6482 0.0094
-0.0841 -1.8848 0.0065
-0.3659 -1.9258 0.0066
-0.4366 -2.1825 0.0043
-0.6887 -2.2704 0.0042
0.0922 2.6481 0.0015
0.4340 -4.5252 0.0000
-3.3552 -4.7509 0.0000
0.3608 -0.2615 0.0311
0.4141 -0.4907 0.0293
0.1680 -0.3890 0.0288
-4.0559 -2.1052 0.0002
-3.1760 -2.6114 0.0022
-3.5508 -3.1497 0.0003
2.3734 -4.4604 0.0000
-1.1859 1.3848 0.0215
-0.2650 4.4807 0.0000
-0.5429 4.4735 0.0000
-0.7938 4.4360 0.0000
0.4700 0.3294 0.0317
0.2441 0.3680 0.0294
1.1799 3.8009 0.0001
1.3640 3.6243 0.0003
1.1176 3.5174 0.0003
0.8331 3.4857 0.0002
-3.7394 -2.4313 0.0005
-4.7619 1.7047 0.0000
-1.3587 -3.0102 0.0014
3.2953 -4.0000 0.0000
3.0025 -4.1071 0.0001
1.4783 -1.5644 0.0217
1.2948 -1.6627 0.0166
-2.5096 -0.6372 0.0642
-2.5578 -0.7915 0.0567
-2.7485 -0.8403 0.0461
-4.1263 2.1851 0.0000
-4.3000 1.9898 0.0000
-4.5059 1.8356 0.0000
-0.9179 -2.1373 0.0061
-2.0870 0.3833 0.0769
-2.1513 0.2606 0.0803
-2.2885 0.2690 0.0801
-2.3528 0.1656 0.0806
-2.3343 0.0520 0.0817
-2.4511 0.0248 0.0787
2.6777 -2.9278 0.0022
-4.2277 -0.8319 0.0001
-2.1485 -3.4568 0.0008
3.5630 -0.6837 0.0059
-4.1916 2.4877 0.0000
-4.4900 2.4871 0.0000
-4.3652 2.2823 0.0000
-0.7299 -0.6243 0.0316
-0.8719 -0.8420 0.0299
1.1980 2.2470 0.0061
-4.0900 1.8734 0.0001
-4.2573 1.6697 0.0000
-4.3340 1.4047 0.0000
-2.6102 -3.4541 0.0007
-2.7382 -3.6560 0.0004
-2.8658 -3.8620 0.0002
2.0562 0.1082 0.0808
2.0579 -0.0232 0.0812
1.9355 0.0296 0.0782
1.8090 0.0692 0.0739
1.7676 -0.0527 0.0724
1.8979 -0.0838 0.0769
1.8261 -0.1987 0.0734
-0.1906 -0.7411 0.0243
2.9572 4.7708 0.0000
-3.2704 4.7681 0.0000
-3.3913 4.5257 0.0000
-3.5829 4.7618 0.0000
4.7545 2.3435 0.0000
3.0323 -3.5638 0.0003
3.0019 4.5392 0.0000
2.7406 4.4566 0.0000
2.4624 4.3003 0.0001
2.7548 1.7594 0.0171
1.4985 1.5713 0.0213
-2.4212 2.4462 0.0071
-2.4149 2.1634 0.0119
3.5159 -3.2340 0.0001
-1.2352 -0.2987 0.0496
-1.1407 -0.4983 0.0434
-1.3515 -0.4281 0.0517
-1.3153 -0.6158 0.0463
-1.4828 -0.5516 0.0536
2.7280 -1.0372 0.0404
3.1367 -0.5571 0.0267
3.5966 0.1142 0.0063
3.5577 -0.1124 0.0074
-1.7062 4.7694 0.0000
-3.5812 1.0783 0.0041
-3.6554 0.8169 0.0035
-3.8788 0.7328 0.0011
0.1577 -3.9031 0.0001
4.7550 -2.9539 0.0000
4.5092 -3.0997 0.0000
4.5136 -3.3974 0.0000
-4.7516 -3.6004 0.0000
0.4519 -4.2953 0.0000
-0.8601 -3.2278 0.0005
1.0238 1.4492 0.0181
0.7711 1.3846 0.0168
-3.1633 2.5766 0.0020
-0.8730 -0.2202 0.0397
-1.0417 -0.3134 0.0433
4.2663 -3.2543 0.0000
4.2674 -3.5456 0.0000
4.0245 -3.4187 0.0000
4.0022 -3.6795 0.0000
3.7627 -3.6598 0.0000
-0.7832 4.1715 0.0001
-1.0325 4.0172 0.0001
-1.2848 4.1482 0.0001
-1.2716 3.8574 0.0002
0.1888 -4.7683 0.0000
-2.0440 -1.7778 0.0211
-0.1117 -4.7187 0.0000
-0.4544 -4.7645 0.0000
-2.2780 3.2578 0.0013
-2.4589 3.0436 0.0020
-2.6671 2.8573 0.0026
-1.5554 -1.5795 0.0219
-1.6178 -1.7898 0.0169
-1.8190 -1.6847 0.0221
-1.8483 -1.9306 0.0155
4.3476 -1.4292 0.0000
4.2834 -1.7158 0.0000
1.5655 -0.3425 0.0610
4.7692 1.7244 0.0000
3.5468 -1.6835 0.0024
0.2046 -0.5933 0.0265
0.0547 -0.7182 0.0243
-0.0072 -0.9422 0.0207
4.3057 -0.9715 0.0001
4.1894 -1.2022 0.0001
-3.4940 0.3942 0.0090
-3.7153 0.5050 0.0032
-3.7919 0.2460 0.0023
0.5170 4.7600 0.0000
0.3254 4.6756 0.0000
2.9718 -0.6672 0.0363
2.8230 -0.8355 0.0418
0.8349 -3.2638 0.0006
0.6859 -3.4857 0.0003
0.6976 -3.7324 0.0002
0.4112 -3.7706 0.0001
2.5208 0.9112 0.0533
2.3909 0.8083 0.0609
2.5879 -4.7473 0.0000
2.3105 -4.7309 0.0000
2.4155 0.2720 0.0773
1.1306 2.9896 0.0012
1.0693 2.7125 0.0022
-1.6315 -2.0520 0.0113
3.6210 1.3600 0.0030
2.0003 -3.2618 0.0013
0.7400 -0.2386 0.0366
0.5718 -0.3532 0.0328
-4.3348 0.9022 0.0000
3.1848 4.0797 0.0001
2.9117 3.9847 0.0002
-4.2895 -1.3742 0.0001
0.2323 -0.8796 0.0222
0.1628 -1.1269 0.0177
3.0064 2.1951 0.0061
-0.1797 2.4859 0.0021
-0.3748 2.2959 0.0033
2.8503 3.7318 0.0003
2.5690 3.6315 0.0005
-4.0003 -3.9759 0.0000
-4.2716 -3.9507 0.0000
-4.2606 -4.2096 0.0000
-1.1589 -3.7626 0.0001
-1.3224 -4.0406 0.0001
0.5281 3.0910 0.0006
0.5944 2.8319 0.0011
0.7350 2.2736 0.0043
-3.8505 1.7817 0.0004
-4.0034 1.5711 0.0002
4.2471 -3.8310 0.0000
4.2423 -4.1115 0.0000
4.2509 -4.4216 0.0000
4.0145 -4.2491 0.0000
-3.4524 0.6326 0.0095
-4.0614 -3.1816 0.0000
-4.2984 -3.2343 0.0000
-4.5326 -3.4286 0.0000
-2.6269 4.2790 0.0001
-2.9238 4.2397 0.0000
-3.0314 3.9996 0.0001
-3.2173 3.7994 0.0001
1.1532 -0.6288 0.0405
1.0099 -0.7947 0.0331
0.8456 -0.6370 0.0332
0.7657 -0.8332 0.0279
0.6669 -1.0493 0.0221
-2.3775 -0.7107 0.0651
-2.4271 -0.9003 0.0562
-2.6018 -0.9766 0.0479
-2.8059 -1.0429 0.0366
-2.1410 0.7820 0.0640
-1.8949 0.7108 0.0622
-2.0274 0.6704 0.0668
-2.0099 0.5364 0.0711
-2.1556 0.6251 0.0702
-2.1304 0.5003 0.0742
-2.2193 0.3826 0.0780
-2.2642 0.5148 0.0741
-2.3576 0.3966 0.0763
0.2229 -0.1106 0.0309
0.0643 -0.2224 0.0298
-0.1061 -0.3066 0.0293
-4.4836 2.9988 0.0000
-3.8611 1.3064 0.0008
-4.1139 1.3501 0.0001
-4.1590 1.1232 0.0001
-2.1237 -2.8793 0.0029
2.4393 2.1658 0.0112
2.3287 1.9364 0.0168
4.7442 1.4074 0.0000
4.5102 1.2462 0.0000
-2.8532 0.4668 0.0489
-2.5004 0.4266 0.0713
-2.5855 0.3030 0.0699
-2.7383 0.3198 0.0600
-2.7163 0.1764 0.0634
-2.9032 0.2717 0.0480
-2.8616 0.1126 0.0527
-3.0792 0.1611 0.0346
-3.2933 0.1381 0.0195
-1.4158 -3.7854 0.0002
-1.6062 -3.9919 0.0001
-1.7961 -4.1857 0.0001
1.7518 -3.2776 0.0012
1.7476 -3.5273 0.0006
1.5046 -3.7390 0.0003
1.3917 4.2978 0.0000
-4.4939 4.7621 0.0000
-4.4609 4.5568 0.0000
-2.2151 -0.6966 0.0672
-2.2692 -0.8447 0.0608
-2.2754 -1.0046 0.0535
-2.4370 -1.0972 0.0474
2.8092 0.2168 0.0561
2.7407 0.0271 0.0624
2.6573 0.1719 0.0674
2.5751 0.0500 0.0731
2.4315 0.1019 0.0790
2.3414 0.0018 0.0817
2.5894 -0.1091 0.0721
2.4627 -0.0283 0.0783
2.4384 -0.1421 0.0786
2.3144 -0.1263 0.0816
-2.7539 -2.2352 0.0081
-2.6686 -2.5151 0.0053
-2.9578 -2.4230 0.0045
-3.2422 -2.3302 0.0030
1.9964 1.6619 0.0246
1.7483 1.6117 0.0236
1.9430 1.4385 0.0323
1.7184 1.4032 0.0303
2.0776 1.8969 0.0177
2.2413 1.6996 0.0242
2.1622 1.4834 0.0323
4.0205 1.0285 0.0005
3.7313 1.0866 0.0023
4.7476 0.4773 0.0000
-3.1268 2.0277 0.0058
-3.3344 1.8424 0.0043
0.3003 2.9079 0.0008
0.0439 2.9388 0.0008
0.2240 0.9748 0.0206
-4.0028 -4.2651 0.0000
-4.2222 -4.4953 0.0000
-4.4890 -4.7006 0.0000
1.2565 2.5041 0.0039
0.0718 0.8202 0.0228
-0.2608 0.7837 0.0239
-3.9217 -4.7775 0.0000
-2.2204 0.1329 0.0822
-2.2418 -0.0233 0.0827
-4.7682 -1.4006 0.0000
0.5292 -0.8599 0.0245
0.4064 -1.0425 0.0201
-0.5146 -1.0444 0.0211
1.7178 0.6811 0.0579
1.5426 0.6816 0.0521
1.4007 0.5970 0.0496
1.5994 0.5404 0.0582
1.4743 0.4308 0.0561
1.2889 0.4337 0.0494
3.9454 3.3026 0.0001
3.6834 3.1602 0.0002
-0.6724 1.3185 0.0167
-0.8244 1.1194 0.0224
-3.1364 1.2768 0.0154
2.4678 -4.1984 0.0001
2.6228 -4.4714 0.0000
-3.2376 0.5747 0.0201
-3.2818 0.3513 0.0193
-3.5390 0.1779 0.0079
-0.5897 -3.2678 0.0004
1.6639 2.8920 0.0023
1.5606 2.6836 0.0033
0.5545 -1.2626 0.0169
0.6424 -1.4839 0.0134
0.3386 -1.2867 0.0154
0.3700 -1.5136 0.0117
0.2346 -1.7318 0.0083
-3.6890 4.5137 0.0000
-3.9801 4.4552 0.0000
4.7566 -0.1297 0.0000
4.5357 -0.2761 0.0000
4.2721 -0.3996 0.0001
1.5791 3.2124 0.0010
1.4286 3.0066 0.0015
1.3357 2.7642 0.0024
4.5382 1.5859 0.0000
4.3423 1.4362 0.0000
0.5922 1.7840 0.0091
0.3716 1.6508 0.0101
-4.2150 2.7534 0.0000
3.2766 -3.6675 0.0001
3.0764 -3.8466 0.0001
-1.0456 4.2923 0.0001
1.7782 2.5454 0.0050
1.4913 2.4591 0.0050
1.4398 2.2269 0.0074
-1.1529 -3.2434 0.0006
-1.0512 -3.4848 0.0003
2.0437 3.2283 0.0013
2.0079 2.9438 0.0024
-1.5240 4.2664 0.0001
-1.5315 3.9783 0.0002
-1.7755 3.8462 0.0003
4.4878 0.3339 0.0000
4.2447 0.1541 0.0001
-1.4327 0.6068 0.0499
-1.5921 0.5547 0.0571
-1.5791 0.3910 0.0605
-4.5127 -0.9383 0.0000
-4.7647 -1.0885 0.0000
-1.8752 2.9077 0.0028
3.7093 2.8841 0.0003
-1.8440 2.2400 0.0100
-2.0352 2.1073 0.0134
-2.0138 1.8329 0.0204
0.2272 1.4503 0.0127
0.0070 1.3928 0.0132
2.9664 0.5686 0.0389
2.8416 0.4136 0.0509
2.6828 0.4701 0.0606
2.5396 0.4869 0.0677
2.6649 0.3218 0.0648
2.5230 0.3482 0.0719
2.5229 0.2005 0.0745
4.7429 3.8743 0.0000
4.7394 3.5701 0.0000
0.5534 -2.1768 0.0044
0.3992 -1.9611 0.0060
0.1317 -1.9807 0.0055
0.0449 -2.2299 0.0035
0.2924 -2.2385 0.0035
0.2457 -2.5095 0.0021
0.4378 2.1198 0.0048
0.2134 2.1834 0.0040
0.0948 1.9948 0.0054
-2.9542 -4.4287 0.0000
-0.4324 2.6033 0.0019
2.9541 2.6935 0.0027
2.6760 2.6490 0.0040
1.4061 -4.2047 0.0001
1.2796 -4.4627 0.0000
1.3618 -4.7544 0.0000
1.0203 -4.5344 0.0000
1.0886 -4.7671 0.0000
-0.7743 3.9054 0.0001
-0.9867 3.7423 0.0002
2.9617 4.2632 0.0001
2.6862 4.1599 0.0001
2.5907 3.8982 0.0002
2.2932 3.8073 0.0003
2.3274 3.5780 0.0006
-0.9085 -0.4579 0.0379
-0.9688 -0.6540 0.0358
-1.1542 -0.7241 0.0389
2.9141 -0.4630 0.0444
2.7890 -0.6306 0.0498
2.6539 -0.6947 0.0560
2.6223 -0.8562 0.0519
2.4379 -0.8767 0.0575
-3.4938 3.7795 0.0000
-3.7607 3.7312 0.0000
3.5711 -4.7659 0.0000
-2.6702 -1.8071 0.0173
-2.8421 -1.9839 0.0110
-3.0386 -2.1530 0.0062
2.1418 0.4908 0.0743
2.1593 0.3250 0.0789
2.1724 0.1762 0.0816
4.4817 3.9890 0.0000
-2.1420 -2.5981 0.0051
-2.3844 -2.7620 0.0037
-2.6227 -2.7958 0.0031
-2.5923 -3.0892 0.0017
2.6577 -1.4770 0.0275
2.4276 -1.6060 0.0274
2.5192 -1.9043 0.0171
2.3357 -1.7984 0.0217
2.2069 -1.9734 0.0169
1.9870 -2.0822 0.0137
-1.7805 -4.4922 0.0000
-3.4508 -2.5174 0.0012
-3.3913 -2.8130 0.0009
-2.8722 3.7981 0.0002
-3.3342 3.5385 0.0001
-3.0336 3.5860 0.0002
-3.1637 3.3214 0.0003
-3.4865 3.2770 0.0001
2.3172 3.3317 0.0011
3.2701 4.7122 0.0000
-4.7531 0.4739 0.0000
1.7049 -1.5949 0.0244
1.5249 -1.8077 0.0162
-4.5604 -3.1333 0.0000
-2.1464 3.4840 0.0008
-2.5721 3.3140 0.0010
-1.6505 -3.7084 0.0003
-2.3470 4.3484 0.0001
-2.5220 4.5364 0.0000
-2.8885 1.9236 0.0110
0.9420 -3.7541 0.0002
0.8975 -4.0228 0.0001
0.6741 -4.2298 0.0001
-2.4221 4.0564 0.0001
-2.7239 4.0279 0.0001
4.2499 -2.9618 0.0000
-2.6571 2.3190 0.0076
-1.4244 2.4114 0.0056
-1.6868 2.4125 0.0067
-1.5704 2.1562 0.0098
3.3323 -0.0247 0.0174
3.1055 -0.3464 0.0312
-0.0739 3.6826 0.0001
-0.3348 3.7070 0.0002
-0.4825 3.4732 0.0003
-2.3654 1.0335 0.0522
-2.4498 0.8768 0.0573
-2.4292 0.7080 0.0646
-2.3920 0.5468 0.0712
-2.5268 0.5812 0.0658
3.4855 2.7350 0.0008
-1.9901 -4.7350 0.0000
1.4060 1.1539 0.0327
1.1874 1.0397 0.0313
0.9633 0.9983 0.0279
0.9450 1.2046 0.0226
-3.2989 -1.1988 0.0112
-3.5617 -1.2863 0.0041
-0.6384 2.4265 0.0030
-0.8535 2.2586 0.0047
3.0771 -1.5607 0.0128
2.8568 -1.6676 0.0168
1.4239 -3.9559 0.0002
1.1549 -4.1952 0.0001
0.9327 -4.3084 0.0001
0.7062 -4.5003 0.0000
-1.8859 -2.1939 0.0101
-1.9086 -2.4523 0.0064
1.3900 1.9973 0.0106
1.1420 1.9729 0.0093
0.8654 1.8926 0.0089
3.8014 -1.4560 0.0009
3.5438 -1.4490 0.0033
3.3029 -1.4420 0.0080
0.9737 -3.4903 0.0004
-1.5724 1.1414 0.0370
-1.7154 1.0372 0.0446
-2.9534 -4.1204 0.0001
-4.7565 4.7683 0.0000
-4.7462 4.5127 0.0000
-4.5273 4.3445 0.0000
-4.7699 4.2135 0.0000
-3.1784 -4.5436 0.0000
-4.5263 -1.5370 0.0000
-0.2012 3.4011 0.0003
1.9060 2.1016 0.0119
1.2620 -2.1558 0.0077
0.9672 0.0201 0.0430
0.9377 -0.1859 0.0415
0.8680 -0.3881 0.0377
4.4977 -4.5236 0.0000
4.4986 -4.7622 0.0000
4.2168 -4.7193 0.0000
4.7504 2.9605 0.0000
2.2851 1.1464 0.0470
2.1430 1.0313 0.0523
2.0730 0.8887 0.0581
1.9185 0.9135 0.0544
2.0371 0.7293 0.0644
1.8870 0.7597 0.0600
1.5790 -1.0015 0.0421
1.3596 -1.0016 0.0360
1.4855 -1.1877 0.0333
1.3662 -1.3829 0.0248
2.2440 -1.4713 0.0339
2.1657 -1.6846 0.0258
2.0212 -1.5231 0.0310
1.8999 -1.6563 0.0250
0.9091 -1.0262 0.0257
0.8005 -1.2578 0.0191
4.4952 0.6304 0.0000
4.2288 0.4873 0.0002
4.0922 0.7568 0.0004
2.2177 -3.0391 0.0022
-2.6489 -4.5148 0.0000
-2.8632 -4.6842 0.0000
-3.0739 -4.7736 0.0000
-1.7576 -0.1108 0.0717
-1.8735 -0.2036 0.0750
-1.9941 -0.2971 0.0769
4.7635 1.0992 0.0000
4.5392 0.9422 0.0000
-3.9554 2.9251 0.0000
-4.2174 3.0137 0.0000
4.3723 -0.7318 0.0000
1.5361 -0.2031 0.0619
1.4042 -0.3974 0.0537
-3.6458 -0.7836 0.0042
-1.4678 -0.0666 0.0602
-1.4198 -0.2455 0.0570
-1.6174 -0.0888 0.0663
-1.5845 -0.2298 0.0637
1.2978 3.2851 0.0006
1.0092 3.2500 0.0005
0.8363 3.0137 0.0009
0.8570 2.7599 0.0016
-2.9668 -3.4963 0.0005
-3.0676 -3.7624 0.0002
-3.2683 -3.6047 0.0002
-3.3814 -3.8507 0.0001
-3.1846 -3.9930 0.0001
-3.2115 -4.2712 0.0001
-3.4753 -4.1465 0.0000
-0.8937 -1.3051 0.0197
2.2938 0.5346 0.0728
2.2374 0.4140 0.0769
2.3323 0.3508 0.0776
2.2605 0.2561 0.0803
2.3456 0.1797 0.0804
2.2715 0.0963 0.0823
0.1980 0.6568 0.0257
0.0771 0.5000 0.0274
-0.0679 0.6621 0.0252
-0.1154 0.4013 0.0285
-0.2625 0.2782 0.0303
3.6016 -1.9299 0.0013
3.3559 -1.9288 0.0035
3.2290 -4.2812 0.0000
0.0039 -2.4725 0.0021
-0.0481 -2.7142 0.0013
-0.2696 -2.9154 0.0008
2.8088 3.4682 0.0006
2.5818 3.3641 0.0009
3.8761 2.3794 0.0003
2.4799 1.7416 0.0216
2.4150 -0.3958 0.0750
2.4982 -0.2634 0.0748
2.3613 -0.2551 0.0792
2.2255 -0.2195 0.0812
2.2792 -0.3531 0.0785
2.1627 -0.3485 0.0786
2.1406 -0.4768 0.0750
2.2229 -0.6101 0.0710
2.0733 -0.6180 0.0695
-0.1848 2.7670 0.0012
-3.9714 3.5628 0.0000
-4.4620 3.5251 0.0000
-3.6497 -3.8958 0.0000
-3.7712 -4.1041 0.0000
-3.7071 -4.3760 0.0000
-3.9390 -4.5364 0.0000
0.0113 3.2023 0.0004
3.0009 -3.2958 0.0006
2.7669 -3.4877 0.0005
-4.7651 1.0997 0.0000
0.7767 -2.4449 0.0032
-1.4481 3.1142 0.0014
-1.6157 2.8931 0.0025
0.0184 -4.1046 0.0001
-0.0954 -4.3683 0.0000
-0.3156 -4.5347 0.0000
0.7489 -2.7153 0.0018
0.4879 -2.6620 0.0017
0.4968 -2.9248 0.0010
-3.1113 1.7537 0.0091
-3.4384 1.6152 0.0040
3.2799 -0.7564 0.0160
3.2033 -1.0192 0.0165
0.5794 0.1187 0.0345
0.5594 -0.1252 0.0342
0.3934 -0.0182 0.0324
4.0527 2.1619 0.0002
3.7995 2.0989 0.0006
3.5306 2.0906 0.0018
-4.1905 3.4064 0.0000
-4.3356 3.2238 0.0000
4.0420 -2.2258 0.0001
4.1162 -2.4797 0.0000
3.8915 -2.5397 0.0001
3.9895 -2.8189 0.0000
0.4822 -4.7595 0.0000
-4.7275 1.3865 0.0000
-1.8711 -3.8797 0.0002
-2.0570 -4.0631 0.0001
-2.5826 0.9779 0.0488
-2.7230 0.8470 0.0472
-2.5746 0.7739 0.0571
-2.6487 0.6492 0.0577
-2.6644 0.4764 0.0617
3.6867 -3.9145 0.0000
-1.6314 -3.1591 0.0012
-1.8826 -3.0238 0.0019
-1.8805 -3.3126 0.0010
2.3716 4.0653 0.0001
2.0158 3.7311 0.0003
2.0894 2.6084 0.0050
1.9839 2.3641 0.0077
-1.2597 0.4150 0.0482
-1.4200 0.4393 0.0534
2.2953 0.9465 0.0561
2.2046 0.8045 0.0627
2.3044 0.6819 0.0674
2.1644 0.6348 0.0695
-4.2908 -1.1070 0.0001
-4.5364 -1.2396 0.0000
2.3370 -1.0503 0.0517
2.0679 -1.3241 0.0394
-0.6191 -3.7492 0.0001
-0.8995 -3.7384 0.0001
4.0091 -3.1318 0.0000
3.7768 -3.3613 0.0000
4.4793 -2.4961 0.0000
4.5010 -2.8019 0.0000
2.3897 -2.0972 0.0134
2.1998 -2.2710 0.0103
1.9676 -2.3216 0.0091
1.9973 -2.5432 0.0060
1.7276 -2.5066 0.0058
1.5886 -2.7050 0.0036
0.7014 2.5556 0.0023
-1.7726 0.8433 0.0537
-1.7406 0.6551 0.0594
-1.8759 0.5536 0.0670
-3.5471 4.0126 0.0000
-3.7845 3.9983 0.0000
-0.2156 3.0641 0.0006
3.3857 1.8825 0.0039
3.4442 -4.4923 0.0000
3.2973 -4.7613 0.0000
2.5565 0.7582 0.0581
2.6174 0.6230 0.0600
2.4429 0.6186 0.0671
2.4047 0.4490 0.0735
-3.3655 -0.7566 0.0127
-3.4850 -1.0073 0.0070
0.5326 1.4700 0.0136
0.3129 1.2275 0.0166
3.2050 3.2396 0.0006
2.9378 3.2375 0.0009
4.5055 2.7981 0.0000
0.4426 3.8706 0.0001
0.3371 3.5835 0.0002
0.1695 3.7748 0.0001
0.1117 3.4594 0.0002
0.2699 3.2088 0.0004
-1.3002 1.1910 0.0289
-1.4234 1.0235 0.0370
-2.7460 3.0885 0.0014
-2.9190 2.7702 0.0022
-0.4296 1.2585 0.0162
-0.3358 1.0164 0.0202
-0.5838 1.0670 0.0209
-0.7472 0.8869 0.0264
2.6739 4.7416 0.0000
4.2932 1.0725 0.0001
4.3047 0.8093 0.0001
0.9030 3.7453 0.0001
0.6222 3.6451 0.0001
-3.4901 4.2739 0.0000
-3.7624 4.2548 0.0000
1.1169 0.8196 0.0356
0.9950 0.6101 0.0373
0.7816 0.5837 0.0332
0.6234 4.4893 0.0000
0.4953 4.1909 0.0000
0.3509 4.4566 0.0000
0.1903 4.2763 0.0000
0.2359 4.0489 0.0001
-0.0254 3.9804 0.0001
3.7550 -3.0475 0.0001
-0.1667 -2.1281 0.0043
-0.2278 -2.3870 0.0026
-0.3095 -2.6357 0.0016
-0.5414 -2.7784 0.0013
-0.9195 1.3539 0.0184
-1.0672 1.1617 0.0251
-2.0353 3.6948 0.0004
-1.0602 0.5569 0.0395
-3.9718 -1.5899 0.0004
-4.1307 -1.8404 0.0001
4.0678 -1.4688 0.0002
3.7988 -1.7123 0.0007
-0.5035 -2.4541 0.0026
-0.6946 -2.5966 0.0021
-4.0115 -0.5137 0.0006
-4.2199 -0.5844 0.0002
-3.9383 -0.7874 0.0009
2.7351 3.1442 0.0014
0.7231 3.2734 0.0004
0.4881 3.3851 0.0003
2.7898 -1.9082 0.0131
2.6468 -2.1276 0.0108
2.4652 -2.3407 0.0085
-1.3375 -3.5351 0.0003
3.3742 0.6472 0.0130
3.2469 0.4278 0.0212
3.0821 0.4417 0.0323
2.9868 0.2961 0.0412
2.9486 0.0928 0.0456
2.8944 -0.0713 0.0502
2.7488 -0.1538 0.0613
4.7700 -1.7191 0.0000
-4.5213 4.0762 0.0000
-4.7604 3.9147 0.0000
3.9228 -4.7755 0.0000
1.6441 1.1982 0.0365
1.3658 0.9500 0.0383
1.3276 0.7722 0.0426
-1.3717 4.7497 0.0000
2.0865 4.0070 0.0002
1.8040 3.9250 0.0002
1.7418 3.6505 0.0003
1.5340 3.4738 0.0005
-3.6941 1.5628 0.0014
-2.8001 0.6540 0.0484
-3.0092 0.6061 0.0348
-3.0677 0.3885 0.0336
4.7582 0.7788 0.0000
-4.2750 -2.3013 0.0000
-4.4141 -2.4941 0.0000
-4.6126 -2.4695 0.0000
-4.7591 -2.6567 0.0000
1.3849 -0.2286 0.0556
1.2305 -0.2704 0.0495
1.0688 -0.3522 0.0433
1.0011 -0.5364 0.0385
-2.8800 3.3313 0.0006
-3.0014 3.0530 0.0010
-3.2853 3.0898 0.0004
-3.2003 2.8441 0.0010
2.9680 1.2159 0.0243
2.8443 1.0161 0.0355
2.6778 0.9556 0.0456
-0.4436 -3.4991 0.0002
-0.7512 -3.4962 0.0002
0.6867 0.3320 0.0349
0.8133 0.1732 0.0387
0.7621 -0.0308 0.0380
-2.6960 1.5448 0.0243
-2.8980 1.6702 0.0157
-2.9396 1.4453 0.0194
-3.1807 1.5375 0.0102
-4.0086 -0.0050 0.0007
-4.1498 -0.2583 0.0003
-4.3921 -0.4120 0.0000
-4.6148 -0.2995 0.0000
-4.7524 -0.4904 0.0000
4.2219 3.7693 0.0000
3.9460 3.5643 0.0000
-2.8778 -0.6823 0.0427
-2.9636 -0.8917 0.0323
-0.3867 -0.8875 0.0230
-1.1453 1.8659 0.0111
-1.2318 1.6612 0.0158
3.4580 1.1311 0.0071
3.2937 0.9088 0.0144
3.3425 -2.3884 0.0017
3.1551 -2.5962 0.0019
-4.3295 -2.0118 0.0000
-4.5260 -2.1888 0.0000
-4.7313 -2.0087 0.0000
-4.7766 -2.3155 0.0000
3.9156 -1.1874 0.0006
3.6345 -1.1958 0.0028
4.2717 2.6427 0.0000
4.0889 2.4742 0.0001
3.9730 2.7233 0.0001
4.0181 0.2686 0.0006
3.8535 0.0632 0.0017
-1.9024 -3.5931 0.0005
-2.1514 -3.7632 0.0003
-3.4460 -4.4599 0.0000
-3.6448 -4.6984 0.0000
-2.6665 4.7605 0.0000
-2.8228 4.4995 0.0000
-1.5111 3.6704 0.0004
-1.6244 3.3804 0.0008
-1.0380 -2.9995 0.0011
-4.4668 2.7422 0.0000
-4.7468 2.6141 0.0000
-1.7458 3.1464 0.0015
-0.4433 3.2003 0.0005
-0.4456 2.8912 0.0010
-0.2679 -3.2291 0.0004
-0.1554 -3.5202 0.0002
-1.8025 4.1289 0.0001
-2.6331 -1.1753 0.0390
-2.8545 -1.2591 0.0279
-2.8920 -1.4868 0.0204
-3.1341 -1.6115 0.0110
3.0610 2.9835 0.0013
2.7293 -3.2114 0.0011
-2.6578 -1.3852 0.0305
-2.6796 -1.6005 0.0229
-2.9030 -1.7288 0.0147
-3.1086 -1.8817 0.0081
-3.3322 -0.2994 0.0169
-3.4828 -0.5304 0.0093
1.5969 4.1107 0.0001
1.5168 3.8276 0.0002
1.4862 -3.4790 0.0006
1.2341 -3.6496 0.0004
1.1797 -3.9225 0.0002
-3.6634 -2.6920 0.0005
-3.6287 -2.9332 0.0003
-3.7950 -3.2035 0.0001
-2.0052 4.3242 0.0001
2.7846 2.9157 0.0022
3.8259 0.8195 0.0017
3.5506 0.8657 0.0060
3.6546 0.6094 0.0043
3.9298 0.5389 0.0011
3.7393 0.3304 0.0031
3.4983 0.4080 0.0091
3.3824 0.2073 0.0145
-1.0709 -4.7591 0.0000
-0.2581 0.5465 0.0274
-0.4135 0.3960 0.0304
-0.5252 0.2361 0.0331
-0.7477 0.2225 0.0369
-0.5932 0.0434 0.0349
-0.7985 0.0027 0.0388
2.0984 1.2550 0.0417
1.9803 1.0810 0.0482
1.8673 1.2387 0.0394
1.7824 1.0449 0.0458
1.5774 1.0088 0.0420
1.7209 0.8555 0.0517
1.5287 0.8263 0.0470
-0.9878 -1.0725 0.0265
-1.1494 -1.2301 0.0253
-3.3151 -2.0467 0.0038
-3.3873 1.3578 0.0067
-3.6089 1.3117 0.0029
-0.3423 -3.7699 0.0001
3.5301 -3.5333 0.0001
3.4699 -3.8190 0.0000
-4.0580 0.8675 0.0003
-4.2013 0.6475 0.0001
-4.4960 0.6277 0.0000
-1.0624 2.7141 0.0024
-1.2488 2.5677 0.0037
1.8246 -4.5331 0.0000
0.9450 2.1487 0.0061
0.6539 2.0380 0.0062
4.4761 3.6985 0.0000
4.4781 3.3942 0.0000
4.2068 3.5017 0.0000
4.2200 3.2094 0.0000
2.5571 2.4005 0.0070
-1.3717 0.8023 0.0424
0.9878 -1.9782 0.0082
0.7914 -2.1840 0.0051
4.1494 -0.6519 0.0002
3.8660 -0.6767 0.0013
0.5009 2.3544 0.0032
-1.5940 1.8916 0.0150
-1.8082 1.9891 0.0148
4.7627 -4.7750 0.0000
-1.5240 -4.2705 0.0000
-1.4890 -4.5234 0.0000
-0.6767 3.0395 0.0009
-0.9185 2.9129 0.0014
2.8445 -1.2233 0.0291
2.6445 -1.2519 0.0359
-4.7321 3.6233 0.0000
-4.7750 3.3772 0.0000
2.8705 1.9641 0.0109
-1.3795 -4.7658 0.0000
-2.6595 2.5963 0.0045
-2.9061 2.4700 0.0041
1.1329 -1.0018 0.0305
3.2232 2.7409 0.0015
3.1224 2.4543 0.0032
-1.1571 0.0393 0.0487
-1.2952 -0.1070 0.0534
-2.2319 -1.6205 0.0271
-2.2652 -1.8672 0.0189
-2.4529 -1.7723 0.0209
-2.5615 -2.0200 0.0135
-2.1768 4.1593 0.0001
-4.7456 -3.8998 0.0000
-4.7534 -4.2148 0.0000
-4.5165 -4.0655 0.0000
-4.4955 -4.3793 0.0000
-4.7445 -4.5105 0.0000
-4.7670 -4.7778 0.0000
4.7582 -3.2567 0.0000
4.7568 -3.5521 0.0000
4.5039 -3.6922 0.0000
-3.3727 -1.7548 0.0048
-3.5843 -1.9341 0.0018
-0.0472 -0.5062 0.0272
4.0465 -0.9171 0.0003
-4.2633 3.9784 0.0000
-4.4982 3.8002 0.0000
-1.1017 2.3742 0.0047
-1.0656 2.0849 0.0074
-1.2921 2.1984 0.0074
-1.3547 1.9573 0.0114
0.9264 4.4990 0.0000
-2.3601 -3.0136 0.0022
-2.7762 -3.2833 0.0010
3.5983 2.3321 0.0010
3.2887 2.1947 0.0033
-3.8130 -1.3436 0.0013
-4.0622 -1.3304 0.0003
-0.0938 1.6058 0.0099
-0.1732 1.2100 0.0163
-1.0372 4.5599 0.0000
4.7658 -2.0319 0.0000
4.2849 -2.0066 0.0000
4.0330 -1.7306 0.0002
4.0476 -1.9732 0.0001
3.8167 -1.9953 0.0004
2.0087 -1.8442 0.0200
1.7603 -1.8447 0.0179
1.7578 -2.0514 0.0131
1.5181 -2.0571 0.0111
1.7477 -2.2668 0.0091
1.5048 -2.3280 0.0070
3.1529 0.1699 0.0290
3.0988 -0.0908 0.0333
2.9285 -0.2492 0.0462
-4.7753 -3.2850 0.0000
-0.8002 -3.9940 0.0001
-1.0696 -4.0030 0.0001
-4.0335 4.1699 0.0000
-4.2811 4.2633 0.0000
-0.3094 -0.3148 0.0303
-0.3793 1.9931 0.0056
-0.6087 2.1264 0.0050
-0.6187 1.8129 0.0083
-0.8325 1.9815 0.0073
-0.9294 1.7783 0.0107
-0.9335 -1.5653 0.0148
1.6677 -0.1666 0.0676
1.7165 -0.2960 0.0678
4.2306 2.9185 0.0000
-0.3601 0.0943 0.0320
-0.4368 -0.1114 0.0327
-0.6640 -0.1641 0.0357
-0.7152 -0.3836 0.0349
2.4887 -0.7050 0.0629
2.3281 -0.7344 0.0655
2.1635 -0.7579 0.0651
-2.0785 0.1556 0.0808
-1.9936 0.0486 0.0797
-2.1290 0.0336 0.0823
-2.0399 -0.0617 0.0807
-2.1467 -0.1055 0.0821
2.6495 1.5915 0.0239
2.4130 1.5135 0.0303
2.3102 1.3392 0.0382
-0.2898 -0.5180 0.0280
0.2158 -2.7904 0.0011
-0.0134 -3.0121 0.0007
4.0963 4.7244 0.0000
3.8808 4.7724 0.0000
3.8016 4.5290 0.0000
-4.5409 3.3035 0.0000
-4.7394 3.1263 0.0000
-4.7417 2.8801 0.0000
-2.0689 2.7588 0.0040
-2.1905 2.5719 0.0059
-1.8339 2.6392 0.0047
-1.9810 2.4347 0.0074
-2.1883 2.2859 0.0100
3.7494 -0.9322 0.0020
-1.4532 1.7212 0.0173
-1.3955 1.4822 0.0225
-1.8913 4.6014 0.0000
2.4941 3.1012 0.0018
3.7145 2.5890 0.0004
3.3943 2.4782 0.0016
4.7675 -0.4436 0.0000
4.5190 -0.5612 0.0000
1.6775 -4.0510 0.0002
1.6142 -4.3319 0.0001
1.5385 -4.5782 0.0000
4.7570 0.1795 0.0000
4.5234 0.0430 0.0000
4.3228 -0.1253 0.0001
-0.3986 -4.2781 0.0000
-0.6032 -4.5120 0.0000
-0.7667 -4.7536 0.0000
-3.1709 -0.0885 0.0279
-3.4343 -0.0683 0.0122
-3.5961 -0.2854 0.0062
-3.7488 -0.5308 0.0028
-3.7154 -0.0302 0.0036
-3.8699 -0.2650 0.0016
-2.6697 -4.0128 0.0002
-2.7307 -4.2936 0.0001
-3.4933 2.9624 0.0003
-3.7074 2.8005 0.0001
-3.9429 2.6366 0.0001
-3.6712 2.5126 0.0003
-3.9085 2.3536 0.0001
-2.0274 1.1393 0.0470
-2.1653 1.3169 0.0404
-2.2096 1.1293 0.0489
-2.1360 0.9621 0.0561
3.1482 -4.5428 0.0000
3.0077 -4.7701 0.0000
0.5998 0.5154 0.0313
0.3867 0.5554 0.0283
-1.1833 3.2207 0.0009
-1.1848 2.9644 0.0016
-1.3633 2.7932 0.0026
-1.5646 2.6398 0.0040
0.7938 4.2390 0.0000
0.7029 3.9574 0.0001
1.7109 2.2970 0.0077
2.4688 -0.5169 0.0700
2.2897 -0.4775 0.0751
2.3746 -0.5911 0.0701
-0.5034 -3.0486 0.0006
-0.7538 -2.9584 0.0009
-1.4422 -0.9755 0.0395
-1.5645 -1.1238 0.0374
-1.5925 -1.3344 0.0305
-3.4088 2.4020 0.0013
-3.6437 2.2141 0.0007
-3.8743 2.0578 0.0003
-4.1998 -4.7575 0.0000
4.7463 -2.6484 0.0000
1.2652 -1.9061 0.0115
1.0208 -2.2777 0.0052
2.7195 2.1834 0.0091
-1.7990 3.5812 0.0006
-1.9331 3.3630 0.0010
-4.0320 -1.0734 0.0005
-4.4687 1.1941 0.0000
-1.5749 0.9109 0.0452
-1.5811 0.7356 0.0513
1.2899 -0.0735 0.0533
1.1170 -0.1291 0.0470
0.8811 0.3995 0.0381
1.0148 0.2248 0.0435
0.4067 2.6382 0.0016
3.1230 1.9283 0.0074
2.9682 1.6821 0.0141
-4.2630 -1.6344 0.0001
-4.4902 -1.8289 0.0000
-4.7563 -1.7099 0.0000
-1.3976 -2.1659 0.0080
-1.6437 -2.3181 0.0072
4.7394 -4.2842 0.0000
4.7473 -4.5280 0.0000
1.9147 -0.6384 0.0653
1.7929 -0.7118 0.0591
1.6758 -0.8316 0.0511
2.8177 -3.7566 0.0002
2.7665 -3.9787 0.0001
2.5267 -3.9652 0.0002
1.8305 -2.7766 0.0036
1.6878 -3.0166 0.0020
-2.3306 -2.0840 0.0132
3.7903 -0.1927 0.0024
4.7877 4.7666 0.0000
4.5324 4.7426 0.0000
4.2770 4.7699 0.0000
2.0192 0.5677 0.0701
1.8802 0.6113 0.0653
2.0457 0.3980 0.0757
1.9091 0.4545 0.0709
1.7590 0.5071 0.0647
1.7919 0.3503 0.0697
4.7511 2.6496 0.0000
-2.0063 -0.1688 0.0792
-2.1253 -0.2291 0.0804
-2.1168 -0.3729 0.0774
-2.2468 -0.2987 0.0796
-2.3535 -0.3837 0.0764
-2.2384 -0.4431 0.0760
-2.4049 -0.5201 0.0714
0.1336 4.7709 0.0000
0.0432 4.5168 0.0000
-0.0607 4.2407 0.0000
-0.2634 3.9674 0.0001
4.5407 -1.5784 0.0000
3.9822 -4.5046 0.0000
3.7346 -4.6388 0.0000
3.0907 -1.2689 0.0174
2.8732 -1.4234 0.0223
3.3681 -1.2062 0.0083
-3.1032 -0.7185 0.0271
-3.2114 -0.9491 0.0178
2.4183 -2.8151 0.0034
-2.9665 -0.0109 0.0443
-2.9626 -0.2078 0.0439
-3.1035 -0.3300 0.0318
-2.9847 -0.5032 0.0387
-3.2273 -0.5286 0.0216
-3.4341 2.6903 0.0006
3.9731 -3.9490 0.0000
3.7852 -4.1660 0.0000
4.7072 4.4863 0.0000
4.7493 4.1795 0.0000
-1.6881 -4.7553 0.0000
-0.5231 -1.7122 0.0098
-0.6544 -1.9829 0.0069
4.4907 4.2599 0.0000
4.2271 4.2534 0.0000
4.2241 4.0162 0.0000
3.9555 4.0304 0.0000
-1.1470 -1.4591 0.0194
-1.3713 -1.4120 0.0240
-1.3375 -1.6626 0.0169
2.4766 4.5394 0.0000
2.2156 4.5352 0.0000
2.1742 4.2832 0.0001
1.9369 4.4929 0.0000
1.8859 4.2036 0.0001
-0.5067 -0.3094 0.0324
-0.5214 -0.4998 0.0305
1.2487 -2.7524 0.0026
1.0030 -2.8756 0.0016
1.2716 -3.0451 0.0014
1.0343 -3.1475 0.0010
-2.9619 4.7641 0.0000
-3.0970 4.5305 0.0000
1.2349 -2.4235 0.0047
1.4113 -2.5745 0.0041
1.0274 -2.5831 0.0030
-2.8945 -2.6966 0.0030
-2.8420 -2.9813 0.0018
-3.1090 -2.8906 0.0015
-3.0353 -3.1823 0.0009
-3.3159 -3.0817 0.0007
-3.2444 -3.3461 0.0004
-1.5537 4.5609 0.0000
-1.7467 4.4055 0.0001
3.6788 3.4600 0.0001
3.4491 3.3214 0.0003
3.3978 3.0121 0.0006
2.2666 2.3826 0.0078
2.1645 2.1437 0.0119
2.0335 4.7601 0.0000
1.7227 4.7257 0.0000
1.6831 4.3918 0.0000
1.4961 4.5532 0.0000
1.0855 4.7602 0.0000
-2.3619 -0.0860 0.0810
-2.2602 -0.1675 0.0816
-2.3937 -0.2368 0.0785
-2.4930 -0.1123 0.0767
-2.5554 -0.2449 0.0723
-0.1577 4.7480 0.0000
-0.4584 4.7430 0.0000
-0.7730 4.7287 0.0000
1.3049 4.0288 0.0001
0.9917 4.0151 0.0001
-4.7319 2.3212 0.0000
3.7043 4.2716 0.0000
3.4453 4.1872 0.0000
0.4499 -3.5316 0.0003
0.1466 -3.5973 0.0002
-0.9943 -4.2476 0.0000
-1.2458 -4.2874 0.0000
0.6245 -3.9781 0.0001
0.3665 -4.0562 0.0001
0.1969 -4.2693 0.0000
1.2180 4.5243 0.0000
1.1016 4.2635 0.0000
-1.3371 -0.8137 0.0416
-1.5067 -0.7201 0.0497
-1.5817 -0.8793 0.0467
-1.7035 -0.9948 0.0458
-1.7624 -1.1994 0.0390
-1.8915 -1.3256 0.0362
-2.3302 -3.9719 0.0002
-0.5075 0.8333 0.0248
-0.6927 0.6608 0.0301
-0.9157 0.7220 0.0328
-0.4753 0.6088 0.0283
-0.6545 0.4265 0.0332
-0.8569 0.5043 0.0357
-0.9150 0.3350 0.0395
4.0840 4.4972 0.0000
3.9567 4.2627 0.0000
3.6880 4.0030 0.0000
3.9859 3.8034 0.0000
3.7326 3.7589 0.0001
-0.9589 0.1465 0.0423
-0.9839 -0.0515 0.0434
-1.1171 -0.1540 0.0470
1.7075 -4.7819 0.0000
4.0688 -0.1027 0.0004
3.9929 -0.3970 0.0007
2.8376 1.4568 0.0229
2.7494 1.2269 0.0330
2.6134 1.1154 0.0420
2.4433 1.0419 0.0498
-3.7240 3.1160 0.0001
-4.0162 3.2096 0.0000
2.4713 -3.1162 0.0017
-0.8977 -2.4261 0.0035
-0.9107 -2.7299 0.0018
-1.1869 -2.7862 0.0020
-1.4185 -2.7142 0.0028
-4.5047 -0.6497 0.0000
-4.7583 -0.7873 0.0000
0.7932 4.7484 0.0000
2.6208 -1.7098 0.0211
-2.0381 3.9752 0.0002
2.5623 -2.5865 0.0050
-2.0485 4.7850 0.0000
-2.3515 4.7467 0.0000
4.7638 2.0331 0.0000
0.3451 1.9013 0.0068
0.1215 1.7106 0.0087
2.5973 1.9481 0.0148
-0.0691 -1.2016 0.0164
-0.1607 -1.4312 0.0128
-0.4281 -1.4583 0.0132
-1.9812 -0.4370 0.0733
-2.2682 -0.5728 0.0717
0.0775 1.1570 0.0172
-0.0849 0.9632 0.0204
-2.3100 1.4816 0.0332
-2.5144 1.4031 0.0337
-2.7203 1.3178 0.0310
-2.3563 1.2565 0.0424
-2.5303 1.1772 0.0424
-2.7139 1.1037 0.0387
-2.9178 1.1984 0.0264
4.5691 -0.9128 0.0000
-2.1803 4.5295 0.0000
-4.5853 0.9219 0.0000
-0.9829 0.9390 0.0291
-1.2129 0.9729 0.0332
-1.1403 0.7678 0.0368
3.3491 1.3972 0.0079
3.0886 1.4328 0.0152
3.2035 1.1738 0.0150
-2.1163 -0.5321 0.0727
-2.0772 -0.6846 0.0667
-2.1199 -0.8379 0.0608
0.8029 -1.7156 0.0107
0.5242 -1.7236 0.0091
0.7360 1.1553 0.0211
0.5447 1.2296 0.0179
-3.4918 -3.3769 0.0002
-3.7552 -3.4414 0.0001
-4.0173 -3.4482 0.0000
-3.5540 -3.6329 0.0001
-3.8529 -3.7225 0.0000
-4.1418 -3.7192 0.0000
2.1650 0.0401 0.0826
2.2275 -0.0483 0.0828
2.1440 -0.1182 0.0820
2.0044 -0.1312 0.0795
2.0886 -0.2378 0.0799
1.9493 -0.2450 0.0767
1.8647 -0.3652 0.0718
2.0256 -0.3636 0.0763
1.9826 -0.4923 0.0719
1.8344 -0.5189 0.0668
1.7031 -0.4407 0.0642
1.7030 -0.6025 0.0597
0.3233 0.1657 0.0314
0.1449 0.0780 0.0306
-0.0131 -0.0436 0.0304
4.7511 -3.8256 0.0000
4.5026 -3.9840 0.0000
4.4928 -4.2572 0.0000
-3.7932 -2.1544 0.0006
-4.0269 -2.4015 0.0001
-4.4958 -2.7684 0.0000
-1.7584 -1.4776 0.0283
-2.0065 -1.5373 0.0292
3.4693 -0.9517 0.0072
1.3178 1.7614 0.0145
1.2538 1.5296 0.0191
1.3055 1.3418 0.0249
1.1483 1.2395 0.0250
2.0147 -4.7557 0.0000
-1.7578 1.7322 0.0210
-1.9405 1.6214 0.0266
-2.0971 1.5245 0.0315
3.0630 -2.3415 0.0039
2.8990 -2.5209 0.0038
2.7588 -2.7101 0.0032
2.7393 -2.3653 0.0064
-3.5207 -2.2333 0.0015
-1.2548 0.5967 0.0443
3.7060 -0.4526 0.0034
0.2616 -3.0832 0.0006
0.0286 -3.2989 0.0003
-1.2887 4.4623 0.0000
-3.3242 1.1045 0.0106
-3.3796 0.8691 0.0107
4.7498 -0.7470 0.0000
2.3919 2.6132 0.0050
-4.0164 3.8605 0.0000
-4.2341 3.6888 0.0000
1.2561 -1.1989 0.0278
1.0436 -1.2444 0.0227
1.1663 -1.4609 0.0194
0.9157 -1.4790 0.0158
0.0468 0.2533 0.0296
-0.1232 0.1276 0.0304
-0.2115 -0.1016 0.0309
1.2345 -0.4589 0.0466
0.7104 -0.4799 0.0334
0.5965 -0.6407 0.0292
0.3688 -0.7241 0.0256
-3.9049 4.7327 0.0000
-4.1987 4.7513 0.0000
3.3021 -1.6924 0.0059
3.0665 -1.8641 0.0086
-1.0898 0.3790 0.0435
-1.1286 0.2111 0.0468
1.8279 1.8497 0.0174
1.6491 2.0442 0.0115
1.5757 1.8018 0.0162
-2.2740 3.8154 0.0003
-2.4043 3.5528 0.0006
-2.5643 3.7972 0.0003
-2.7186 3.5610 0.0004
-0.3103 4.2135 0.0000
-0.5446 4.2138 0.0001
-3.8720 -2.9472 0.0001
-4.1432 -2.9078 0.0000
-4.3673 -2.9732 0.0000
2.9344 -4.4031 0.0000
2.8233 -4.6483 0.0000
-0.4639 -0.6973 0.0269
-0.6415 -0.8452 0.0263
-3.9864 0.5098 0.0007
-4.2814 0.4028 0.0001
-4.5225 0.3089 0.0000
-2.8952 2.1901 0.0070
-3.1490 2.2988 0.0035
4.7505 -2.3480 0.0000
-0.6278 3.6886 0.0002
-0.7051 3.3339 0.0005
-3.0911 1.0133 0.0220
-3.1727 0.7947 0.0212
-3.6183 3.5122 0.0000
-3.8139 3.3734 0.0000
-3.6476 -1.6087 0.0021
-3.8498 -1.8581 0.0006
-0.7711 1.5780 0.0127
-1.0339 1.5687 0.0153
2.2696 -2.5405 0.0062
2.1234 -2.7848 0.0038
0.8664 0.7888 0.0309
0.7205 0.9616 0.0249
3.0600 -0.8334 0.0272
2.9560 -1.0345 0.0288
-0.1304 1.8663 0.0067
-0.3519 1.7169 0.0087
-0.2747 1.4482 0.0125
-0.5241 1.5274 0.0120
3.5850 4.7516 0.0000
-2.5255 -3.8135 0.0003
-2.2410 -4.2584 0.0001
-2.4926 -4.1985 0.0001
-2.4157 -4.4750 0.0000
-0.2250 -1.0094 0.0200
-0.3409 -1.2148 0.0169
2.2507 -3.3131 0.0011
2.2725 -3.5953 0.0006
1.9984 -3.5031 0.0007
2.0269 -3.7448 0.0004
1.7577 -3.7864 0.0003
1.5409 -0.5154 0.0562
1.5691 -0.6878 0.0524
1.3726 -0.6187 0.0475
1.2487 -0.8079 0.0387
2.2371 2.8221 0.0033
1.8798 2.7571 0.0034
2.2694 -0.8784 0.0600
2.1782 -1.0016 0.0546
2.0771 -0.8912 0.0586
1.9698 -0.9997 0.0522
-0.8247 3.5518 0.0003
-1.0275 3.4249 0.0005
-0.9240 3.1814 0.0008
4.3735 4.5119 0.0000
-0.0751 -3.7985 0.0001
-0.2246 -4.0475 0.0001
1.9949 -0.7622 0.0626
1.8735 -0.8503 0.0562
1.7805 -1.0084 0.0475
1.7057 -1.1918 0.0385
1.6096 -1.3792 0.0297
-0.7049 -4.2559 0.0000
-0.9119 -4.5000 0.0000
4.7428 3.2656 0.0000
-1.4595 1.3034 0.0290
-0.9292 -1.8863 0.0093
-1.1732 -1.9924 0.0092
-1.1519 -2.2752 0.0056
2.5392 -1.0320 0.0481
2.4598 -1.1905 0.0435
2.2659 -1.2415 0.0437
2.4482 -1.3846 0.0356
-4.5671 0.0266 0.0000
-4.7774 0.1756 0.0000
-4.5309 2.1324 0.0000
-4.7622 2.0076 0.0000
1.0599 1.7095 0.0131
0.8016 1.6239 0.0127
0.4855 1.0011 0.0217
0.3645 0.7946 0.0244
-2.8546 0.9871 0.0355
-2.9416 0.8083 0.0351
-0.7700 -1.7328 0.0107
-4.7727 0.7652 0.0000
3.2935 -0.2579 0.0191
3.3607 -0.5080 0.0141
1.4589 -0.8243 0.0444
4.5294 -1.8738 0.0000
4.5280 -2.1769 0.0000
4.2915 -2.2941 0.0000
4.2446 -2.6715 0.0000
0.5308 -2.4193 0.0028
3.5019 3.6707 0.0001
3.3200 3.5423 0.0003
3.0718 3.4992 0.0004
-1.1440 -2.5445 0.0033
-1.3924 -2.4487 0.0048
-1.6564 -2.5860 0.0043
-1.6359 -2.8783 0.0023
-1.8885 -2.7350 0.0036
2.3492 4.7770 0.0000
3.5159 -0.3369 0.0084
3.4165 3.8970 0.0001
3.1537 3.7814 0.0002
0.1637 -4.5218 0.0000
-1.2047 -4.5214 0.0000
0.6890 -1.9411 0.0071
3.8002 -2.2553 0.0003
3.5245 -2.1780 0.0012
-4.7391 -2.9527 0.0000
-1.1152 -1.7330 0.0132
-1.4002 -1.8864 0.0127
-1.6698 1.3251 0.0328
-1.8236 1.1986 0.0409
2.8426 2.4272 0.0052
1.4887 -3.2144 0.0012
1.2168 -3.3467 0.0007
3.5104 1.6238 0.0036
3.2322 1.6577 0.0082
-1.4425 0.2686 0.0573
-1.6024 0.2170 0.0644
-1.6289 0.0550 0.0668
-1.7542 0.1632 0.0711
-1.7539 0.0105 0.0719
-1.8579 0.0723 0.0756
-1.8993 -0.0622 0.0770
-2.4421 0.2782 0.0766
-2.4699 0.1459 0.0774
-2.5866 0.1626 0.0718
-2.5816 0.0254 0.0728
-2.6421 -0.1151 0.0688
-2.7323 -0.2477 0.0615
-2.7284 0.0227 0.0633
-2.8159 -0.1108 0.0564
-2.8600 -0.3462 0.0506
3.0620 0.9640 0.0252
3.1355 0.6989 0.0254
2.9111 0.7951 0.0378
2.7203 0.7957 0.0491
2.7858 0.6200 0.0503
1.0574 -1.7120 0.0129
-1.6235 1.5522 0.0244
-1.8266 1.4613 0.0308
-1.9690 1.3409 0.0376
3.4980 4.4855 0.0000
3.2329 4.3867 0.0000
-2.0836 -2.0415 0.0140
-2.1744 -2.3124 0.0089
-2.4858 -2.2826 0.0090
-2.4003 -2.5171 0.0060
4.4875 3.0938 0.0000
