5.0000 5.0000 0.0000
0.0000 5.0000 0.0000
2.5000 5.0000 0.0000
3.7500 5.0000 0.0000
4.3750 5.0000 0.0000
4.6875 5.0000 0.0000
4.0625 5.0000 0.0000
3.1250 5.0000 0.0000
3.4375 5.0000 0.0000
2.8125 5.0000 0.0000
1.2500 5.0000 0.0000
1.8750 5.0000 0.0000
2.1875 5.0000 0.0000
1.5625 5.0000 0.0000
0.6250 5.0000 0.0000
0.9375 5.0000 0.0000
0.3125 5.0000 0.0000
-2.5000 5.0000 0.0000
-1.2500 5.0000 0.0000
-0.6250 5.0000 0.0000
-0.3125 5.0000 0.0000
-0.9375 5.0000 0.0000
-1.8750 5.0000 0.0000
-1.5625 5.0000 0.0000
-2.1875 5.0000 0.0000
-3.7500 5.0000 0.0000
-3.1250 5.0000 0.0000
-2.8125 5.0000 0.0000
-3.4375 5.0000 0.0000
-4.3750 5.0000 0.0000
-4.0625 5.0000 0.0000
-4.6875 5.0000 0.0000
5.0000 -5.0000 0.0000
5.0000 0.0000 0.0000
5.0000 -2.5000 0.0000
5.0000 -3.7500 0.0000
5.0000 -4.3750 0.0000
5.0000 -4.6875 0.0000
5.0000 -4.0625 0.0000
5.0000 -3.1250 0.0000
5.0000 -3.4375 0.0000
5.0000 -2.8125 0.0000
5.0000 -1.2500 0.0000
5.0000 -1.8750 0.0000
5.0000 -2.1875 0.0000
5.0000 -1.5625 0.0000
5.0000 -0.6250 0.0000
5.0000 -0.9375 0.0000
5.0000 -0.3125 0.0000
5.0000 2.5000 0.0000
5.0000 1.2500 0.0000
5.0000 0.6250 0.0000
5.0000 0.3125 0.0000
5.0000 0.9375 0.0000
5.0000 1.8750 0.0000
5.0000 1.5625 0.0000
5.0000 2.1875 0.0000
5.0000 3.7500 0.0000
5.0000 3.1250 0.0000
5.0000 2.8125 0.0000
5.0000 3.4375 0.0000
5.0000 4.3750 0.0000
5.0000 4.0625 0.0000
5.0000 4.6875 0.0000
-5.0000 -5.0000 0.0000
0.0000 -5.0000 0.0000
-2.5000 -5.0000 0.0000
-3.7500 -5.0000 0.0000
-4.3750 -5.0000 0.0000
-4.6875 -5.0000 0.0000
-4.0625 -5.0000 0.0000
-3.1250 -5.0000 0.0000
-3.4375 -5.0000 0.0000
-2.8125 -5.0000 0.0000
-1.2500 -5.0000 0.0000
-1.8750 -5.0000 0.0000
-2.1875 -5.0000 0.0000
-1.5625 -5.0000 0.0000
-0.6250 -5.0000 0.0000
-0.9375 -5.0000 0.0000
-0.3125 -5.0000 0.0000
2.5000 -5.0000 0.0000
1.2500 -5.0000 0.0000
0.6250 -5.0000 0.0000
0.3125 -5.0000 0.0000
0.9375 -5.0000 0.0000
1.8750 -5.0000 0.0000
1.5625 -5.0000 0.0000
2.1875 -5.0000 0.0000
3.7500 -5.0000 0.0000
3.1250 -5.0000 0.0000
2.8125 -5.0000 0.0000
3.4375 -5.0000 0.0000
4.3750 -5.0000 0.0000
4.0625 -5.0000 0.0000
4.6875 -5.0000 0.0000
-5.0000 5.0000 0.0000
-5.0000 0.0000 0.0000
-5.0000 2.5000 0.0000
-5.0000 3.7500 0.0000
-5.0000 4.3750 0.0000
-5.0000 4.6875 0.0000
-5.0000 4.0625 0.0000
-5.0000 3.1250 0.0000
-5.0000 3.4375 0.0000
-5.0000 2.8125 0.0000
-5.0000 1.2500 0.0000
-5.0000 1.8750 0.0000
-5.0000 2.1875 0.0000
-5.0000 1.5625 0.0000
-5.0000 0.6250 0.0000
-5.0000 0.9375 0.0000
-5.0000 0.3125 0.0000
-5.0000 -2.5000 0.0000
-5.0000 -1.2500 0.0000
-5.0000 -0.6250 0.0000
-5.0000 -0.3125 0.0000
-5.0000 -0.9375 0.0000
-5.0000 -1.8750 0.0000
-5.0000 -1.5625 0.0000
-5.0000 -2.1875 0.0000
-5.0000 -3.7500 0.0000
-5.0000 -3.1250 0.0000
-5.0000 -2.8125 0.0000
-5.0000 -3.4375 0.0000
-5.0000 -4.3750 0.0000
-5.0000 -4.0625 0.0000
-5.0000 -4.6875 0.0000
-1.5981 -0.2460 0.0641
-1.6223 -0.4056 0.0622
-1.6772 -0.5811 0.0597
-1.7827 -0.4283 0.0676
-1.8578 -0.5656 0.0661
-1.9775 -0.6781 0.0652
2.8440 -2.0128 0.0103
1.0984 4.7541 0.0000
2.5830 -2.8800 0.0026
2.5210 -3.1148 0.0016
2.4425 -3.3421 0.0010
2.3544 -3.5803 0.0006
-4.0003 4.0960 0.0000
-2.2704 -2.5640 0.0055
-2.4154 -2.7961 0.0034
1.0554 -1.1836 0.0243
0.6588 -1.3955 0.0151
4.7617 2.3644 0.0000
4.5188 2.3659 0.0000
0.4114 -2.9902 0.0008
0.1338 -3.2210 0.0004
-0.8152 0.8239 0.0288
-1.0489 0.8001 0.0338
0.5127 0.6100 0.0287
2.9827 -1.5759 0.0152
1.0684 4.2326 0.0000
-2.1683 -3.5390 0.0006
4.7707 -2.3414 0.0000
4.5260 -2.3637 0.0000
-2.0456 1.5188 0.0313
-2.0795 1.3277 0.0394
-2.2610 1.3348 0.0396
-2.3706 1.1478 0.0470
-2.4315 0.9902 0.0529
3.8544 1.9524 0.0006
-2.1361 3.6339 0.0005
-2.4253 3.5348 0.0006
2.0725 1.0739 0.0497
1.9645 0.9241 0.0549
1.8705 0.7822 0.0587
1.7742 0.9367 0.0499
1.6793 0.7785 0.0533
0.0752 -1.3145 0.0144
-0.1692 -1.4424 0.0127
-3.2019 2.1308 0.0040
-2.2559 0.7756 0.0645
4.0311 2.1491 0.0002
-3.5665 4.3109 0.0000
-0.7307 2.9577 0.0011
-0.7696 2.6675 0.0021
-1.0254 2.5874 0.0030
3.6931 3.4380 0.0001
3.7272 3.1127 0.0002
3.6019 2.9047 0.0004
-2.4465 -3.4153 0.0009
1.5176 4.5133 0.0000
1.2406 4.5029 0.0000
1.3349 4.2468 0.0000
0.5052 0.0182 0.0337
0.3881 -0.1121 0.0322
-2.7992 1.2651 0.0297
-2.9571 1.0812 0.0275
-3.1716 1.1333 0.0162
-3.2367 0.9216 0.0162
3.3114 4.2667 0.0000
4.4819 -0.6603 0.0000
-1.7861 -0.9200 0.0509
2.2362 -0.0007 0.0828
2.1235 -0.1010 0.0820
1.9797 -0.0987 0.0792
2.0408 -0.2210 0.0793
1.8956 -0.2244 0.0754
1.8094 -0.3645 0.0699
1.8244 -0.0972 0.0743
1.7425 -0.2257 0.0699
4.3014 2.2241 0.0000
-3.9668 1.3782 0.0004
2.2884 -2.4589 0.0072
2.0503 -2.5592 0.0059
2.1041 -2.7889 0.0038
1.8609 -2.8479 0.0031
1.3110 -0.4091 0.0501
1.1590 -0.5614 0.0422
0.9216 -0.5594 0.0361
0.8475 -0.8019 0.0298
-4.7051 4.4951 0.0000
-4.7549 4.1961 0.0000
-4.7521 3.8852 0.0000
1.8527 3.0177 0.0019
-1.7717 -4.7221 0.0000
-2.0357 -4.7719 0.0000
4.5163 -4.7508 0.0000
4.2203 -4.7608 0.0000
-4.2187 2.0813 0.0000
-4.2957 -1.4409 0.0001
4.7466 0.5088 0.0000
-0.6829 1.0250 0.0227
0.8807 -0.0848 0.0405
0.7646 -0.2237 0.0372
2.8137 -3.7568 0.0002
2.7199 -4.0267 0.0001
-1.3583 3.5422 0.0005
-1.4459 3.2674 0.0010
-1.6518 3.4663 0.0007
-1.7467 3.1586 0.0015
0.0065 -4.4992 0.0000
-0.1440 -4.7314 0.0000
-3.8042 -0.9351 0.0018
-4.0438 -1.0508 0.0004
-0.2874 -4.1178 0.0000
-0.5102 -4.2899 0.0000
-0.6485 -4.5181 0.0000
-0.6628 3.2438 0.0006
-0.9424 3.1443 0.0009
-1.0230 2.8524 0.0018
2.7734 2.5734 0.0043
2.5274 2.6520 0.0044
2.3359 2.4647 0.0067
-0.1741 -4.3183 0.0000
-0.3428 -4.5073 0.0000
-0.4121 -4.7549 0.0000
-0.6334 -4.7763 0.0000
-1.7216 4.2448 0.0001
-1.5955 3.9935 0.0002
-1.8488 3.9869 0.0002
4.1304 2.7134 0.0001
3.8168 2.7604 0.0002
3.6581 2.5010 0.0006
-1.5379 -1.7783 0.0164
-1.4154 -1.9932 0.0108
-1.6067 -2.1943 0.0087
4.7089 -4.4949 0.0000
4.7815 -4.7709 0.0000
4.7211 2.6449 0.0000
4.3951 2.5912 0.0000
4.1685 2.4213 0.0001
-0.9377 1.0166 0.0264
2.3605 4.7642 0.0000
2.2662 4.5216 0.0000
-1.4740 1.8738 0.0141
4.5151 2.0763 0.0000
4.7449 1.3628 0.0000
4.7667 1.0881 0.0000
-3.2070 2.4431 0.0023
-3.4480 2.2465 0.0015
0.6644 -0.9136 0.0248
-2.5051 0.3998 0.0717
-2.6076 0.2678 0.0693
-2.5335 0.1555 0.0745
-2.6112 0.0536 0.0710
-2.6840 -0.0631 0.0664
-1.9555 1.1735 0.0444
-1.9205 1.0062 0.0509
-2.0791 1.0086 0.0535
-1.9425 0.8498 0.0580
-2.0993 0.8580 0.0603
-3.7497 4.1735 0.0000
-2.4990 -3.1107 0.0017
-2.7444 -3.3548 0.0009
4.0361 1.4806 0.0003
-4.2424 -2.6287 0.0000
-4.5196 -2.7220 0.0000
0.6124 -2.3848 0.0032
0.3991 -2.5002 0.0023
0.1008 -2.4837 0.0021
0.9168 -0.3369 0.0394
3.5869 1.8614 0.0020
3.5264 1.6144 0.0034
1.0096 -3.8646 0.0002
1.2008 -4.0622 0.0001
0.9652 -4.2179 0.0001
-2.6195 -3.6120 0.0005
-2.7330 -3.8184 0.0003
-3.9637 2.2362 0.0001
-4.7453 1.0833 0.0000
-2.1062 -0.4516 0.0751
-2.2084 -0.5234 0.0736
-2.3306 -0.5803 0.0708
-2.4756 -0.6194 0.0660
-2.4086 -0.7528 0.0628
-2.5651 -0.8028 0.0560
2.6754 4.7579 0.0000
2.5492 4.5185 0.0000
0.9139 -3.1388 0.0009
0.8438 -3.4091 0.0005
-0.9090 -3.1320 0.0007
-1.0971 -3.3437 0.0004
-3.6974 2.0749 0.0006
-3.9538 1.9429 0.0002
-1.9411 -0.8302 0.0584
3.2781 0.2510 0.0203
3.0819 0.3237 0.0335
3.1347 0.0738 0.0307
2.9299 0.0077 0.0474
2.9730 -0.3132 0.0419
-1.9380 -0.4295 0.0724
-2.0204 -0.5368 0.0711
-2.1327 -0.6272 0.0696
-2.1097 -0.7876 0.0629
-2.2600 -0.6988 0.0670
1.1487 -3.3282 0.0007
1.9897 -3.0626 0.0020
-0.1925 -0.7892 0.0236
-0.0140 -0.8383 0.0225
-0.2551 -1.0086 0.0202
-0.5640 0.0742 0.0345
-0.7449 0.1611 0.0373
-0.8278 -0.0147 0.0395
4.5063 4.7175 0.0000
-1.0956 1.6406 0.0146
3.1812 3.2375 0.0006
3.0678 2.9679 0.0013
3.4749 2.3215 0.0016
3.3594 2.0438 0.0034
3.0616 1.7305 0.0111
-4.4862 2.2196 0.0000
3.9030 -4.3850 0.0000
-2.9351 -1.8564 0.0117
1.9029 -1.6326 0.0258
2.9887 3.8147 0.0002
2.8997 3.3459 0.0008
2.8889 3.6015 0.0004
2.6630 3.6130 0.0005
2.6380 3.3578 0.0009
2.6254 3.1115 0.0016
-1.6227 2.1156 0.0108
-1.5856 -2.9293 0.0020
1.3731 2.8876 0.0019
-2.8178 -2.3687 0.0059
-3.0714 -2.4200 0.0037
4.7458 -0.5155 0.0000
4.7461 -0.8033 0.0000
-4.5285 -1.2664 0.0000
3.3072 1.7649 0.0058
3.3135 1.4947 0.0079
3.0961 1.5048 0.0137
3.1084 1.2755 0.0172
-4.2323 2.9480 0.0000
2.5884 1.0691 0.0447
1.8843 1.0960 0.0458
1.6883 1.1121 0.0408
1.5704 0.9500 0.0438
1.4898 0.7615 0.0478
1.3664 0.9309 0.0389
1.2981 0.7197 0.0431
1.3534 0.5533 0.0490
1.2038 0.5066 0.0451
1.0251 0.4369 0.0412
4.2501 -1.7927 0.0000
4.0852 -2.0654 0.0001
1.2531 -0.7406 0.0406
1.0483 -0.7445 0.0351
1.1847 -0.9255 0.0338
0.9801 -0.9711 0.0283
0.8103 -1.1131 0.0224
0.5882 -1.1612 0.0191
-3.0872 -1.6611 0.0115
-3.3168 -1.7937 0.0055
-3.4334 1.9560 0.0025
3.5989 4.2539 0.0000
-4.5181 4.7538 0.0000
-4.7824 4.7703 0.0000
-0.8154 1.2335 0.0198
-0.9672 -1.8663 0.0099
-1.1340 -2.0906 0.0077
-1.5195 -0.9114 0.0438
-1.6505 -1.0282 0.0431
-1.7712 -1.1746 0.0402
-1.9049 -1.0693 0.0473
-2.3570 0.3700 0.0769
-2.4467 0.2674 0.0766
-2.2166 0.3538 0.0786
-2.2964 0.2336 0.0805
-2.3009 0.0908 0.0820
-2.3987 0.1440 0.0797
-2.4548 0.0331 0.0785
-3.2698 1.3728 0.0096
-3.4924 1.4328 0.0041
2.3305 -4.7668 0.0000
-4.7202 0.5662 0.0000
-4.5400 -1.5666 0.0000
-4.7791 -1.7080 0.0000
-3.0731 -1.0924 0.0221
-3.3079 -1.2193 0.0107
-1.1777 0.9953 0.0317
-1.2648 0.7896 0.0396
-1.4563 0.8166 0.0446
-0.0624 4.7137 0.0000
-0.4242 4.4293 0.0000
4.2842 3.9524 0.0000
4.1248 3.7319 0.0000
-2.1893 2.1711 0.0122
-2.3720 1.9682 0.0166
-2.4720 1.7610 0.0217
-2.0473 3.1431 0.0017
-1.9796 -4.1081 0.0001
-3.4361 1.1335 0.0070
-3.6799 0.9894 0.0028
-3.7192 1.5374 0.0013
-3.7021 1.2578 0.0019
1.7921 -2.6315 0.0047
-4.2099 1.1978 0.0001
-4.2515 0.9249 0.0001
1.4427 3.3893 0.0005
0.7022 3.2356 0.0004
0.4759 3.0428 0.0006
0.1305 2.9554 0.0007
0.4075 -1.3109 0.0152
-1.2682 2.5614 0.0038
-2.7892 0.8766 0.0426
2.4723 -1.2432 0.0411
2.4028 -1.0284 0.0518
2.2090 -1.0323 0.0533
2.1165 -1.2862 0.0415
-1.2173 1.8721 0.0116
-1.3431 1.6425 0.0177
0.0080 4.1110 0.0000
-0.2033 3.8753 0.0001
-2.8086 -0.6877 0.0470
-2.7358 -0.8505 0.0464
-2.9490 -0.8297 0.0346
2.4452 2.9199 0.0026
2.2472 2.7199 0.0041
2.0585 2.5228 0.0058
0.4304 -0.9898 0.0213
0.2566 -1.1379 0.0177
0.0190 -1.0476 0.0190
3.8591 1.2889 0.0010
2.7382 0.2909 0.0604
2.6020 0.1429 0.0710
2.4671 0.2056 0.0767
2.4715 0.0777 0.0778
2.3551 0.0854 0.0812
2.3642 -0.0407 0.0812
2.4894 -0.0467 0.0772
2.4152 -0.1767 0.0790
2.3176 -0.2558 0.0800
2.8953 0.3925 0.0472
2.9129 0.1896 0.0481
2.7410 0.1444 0.0619
2.7696 0.0105 0.0603
2.6109 0.0091 0.0712
2.6821 -0.1123 0.0663
2.5549 -0.1587 0.0735
-4.4954 1.0724 0.0000
-4.5005 0.7843 0.0000
-0.1240 -0.3977 0.0286
-0.1683 -0.5922 0.0264
-0.3337 1.7602 0.0081
-1.7506 -0.1422 0.0712
-1.7426 -0.2770 0.0693
-1.8792 -0.1625 0.0756
-1.8873 -0.2952 0.0740
-2.0372 -0.3331 0.0771
-4.4780 -0.0609 0.0000
-4.7469 -0.1934 0.0000
-4.5113 -0.3638 0.0000
-4.7621 -0.4894 0.0000
-1.2938 3.8129 0.0002
-1.5698 3.7495 0.0003
-1.8490 3.7116 0.0004
-3.8177 -0.3609 0.0021
-4.0523 -0.4812 0.0005
-4.0534 -0.7732 0.0005
-4.2925 -0.8456 0.0001
1.7672 -0.9457 0.0496
1.5750 -0.9803 0.0427
1.4775 -1.1625 0.0339
1.5941 -0.8191 0.0489
1.3875 -0.9499 0.0384
1.2462 -1.1225 0.0297
1.6876 -1.1446 0.0398
1.5458 -1.3699 0.0287
1.3124 -1.3244 0.0254
1.1209 -1.4110 0.0199
-1.4633 -4.2726 0.0000
-1.6211 -4.4913 0.0000
4.3053 4.4913 0.0000
4.0342 4.4993 0.0000
-0.4090 3.6675 0.0002
-0.4721 3.4103 0.0003
-1.7404 2.3690 0.0075
1.7439 -3.8023 0.0003
1.5295 -3.9551 0.0002
-0.0269 -1.8991 0.0063
0.5652 1.1471 0.0196
3.1035 1.9598 0.0073
2.8285 1.8717 0.0133
2.5801 1.8450 0.0176
4.2376 1.9457 0.0001
3.1533 4.5197 0.0000
0.7358 -1.8768 0.0081
0.4937 -1.8624 0.0073
0.7474 -2.1152 0.0056
0.5013 -2.1288 0.0047
0.2965 -2.2773 0.0033
0.0361 -2.1951 0.0037
-0.5478 -0.3692 0.0324
-0.5762 -0.5685 0.0302
-0.7726 -0.4560 0.0350
-0.7692 -0.6751 0.0314
-0.9121 -0.8070 0.0314
1.0230 0.2289 0.0436
0.8397 0.1216 0.0395
0.6429 0.2219 0.0351
0.6711 -0.0259 0.0363
0.1427 -4.7619 0.0000
1.6471 3.4915 0.0005
-0.0380 2.1838 0.0038
-3.1725 -3.5929 0.0003
-3.2540 -3.8167 0.0002
0.2374 -1.7468 0.0081
0.2433 -2.0072 0.0053
-1.3306 -2.2518 0.0066
-1.3668 -2.6635 0.0030
-1.3530 -2.8959 0.0018
-1.9465 -3.3558 0.0009
1.4779 1.4181 0.0256
1.2867 1.3102 0.0255
1.4668 1.1557 0.0340
1.2228 1.0892 0.0306
0.9842 1.0278 0.0275
-4.2239 1.5004 0.0001
-4.4775 1.3481 0.0000
-0.4172 0.6336 0.0274
-0.5697 0.2950 0.0333
-4.5037 -4.7672 0.0000
-3.0966 -1.3723 0.0159
-3.3174 -1.5099 0.0077
-0.7206 -0.2687 0.0361
-2.7144 3.4166 0.0006
4.7754 3.9154 0.0000
4.5533 3.8955 0.0000
2.2822 -1.1907 0.0459
2.1252 -1.5150 0.0320
3.9009 4.7551 0.0000
4.7639 1.8782 0.0000
4.7441 1.6349 0.0000
-0.4334 1.0160 0.0208
-0.5625 0.8038 0.0259
-0.7099 0.6355 0.0308
3.3966 3.4823 0.0002
3.1290 3.5210 0.0004
-3.4883 2.5239 0.0007
-3.7165 2.3448 0.0004
3.9359 2.5064 0.0002
3.8224 2.2829 0.0004
3.6432 2.1285 0.0011
3.3214 -2.1085 0.0029
3.2686 -2.3685 0.0022
-4.5344 -0.6678 0.0000
-4.7690 -0.7973 0.0000
-2.2992 3.0596 0.0020
-2.5112 2.9096 0.0026
-3.1303 1.5853 0.0109
4.3189 -1.5219 0.0000
3.1613 -4.2072 0.0000
3.2266 -4.4364 0.0000
3.0330 -4.5135 0.0000
2.7616 -4.5227 0.0000
2.9583 -4.7580 0.0000
0.3769 4.5013 0.0000
0.1043 4.4481 0.0000
-2.6810 2.6834 0.0037
-2.8426 2.4831 0.0045
-2.9959 2.2979 0.0049
-1.9526 2.8988 0.0029
-2.1959 2.8457 0.0033
2.8766 3.1147 0.0013
2.7540 2.8559 0.0025
1.4045 -4.5110 0.0000
1.4356 -4.7515 0.0000
2.7417 -1.5626 0.0226
2.7351 -1.7800 0.0170
-4.0209 0.8811 0.0004
-3.9632 0.6260 0.0007
-4.0883 0.3913 0.0004
-3.4601 0.8332 0.0081
-3.7803 0.7887 0.0019
-3.6219 0.6281 0.0047
-3.7970 0.4189 0.0021
-0.9626 -0.5854 0.0370
-0.7469 -4.1383 0.0000
-0.8462 -4.3700 0.0000
-1.1874 -4.3295 0.0000
3.8213 0.6909 0.0018
3.5522 0.5814 0.0069
3.2802 0.4948 0.0188
-4.2861 -1.1363 0.0001
2.1299 1.8131 0.0203
2.3782 1.7620 0.0218
-0.6127 -2.7383 0.0014
-0.8573 -2.8495 0.0013
4.0045 0.5004 0.0007
3.7507 0.4045 0.0029
4.2388 0.6213 0.0001
4.2172 0.3235 0.0002
4.1666 0.0406 0.0002
3.9461 0.2120 0.0010
3.8771 -0.0711 0.0015
3.6733 0.1269 0.0044
3.5841 -0.1350 0.0066
-1.7363 -1.3730 0.0317
-1.9069 -1.5158 0.0289
-1.8269 -1.7480 0.0202
-2.0680 -1.6894 0.0241
-2.2377 -1.8731 0.0187
-1.1179 4.7525 0.0000
-1.3024 4.5480 0.0000
-1.9571 0.0855 0.0786
-1.9752 -0.0493 0.0793
-2.0793 0.1090 0.0812
-2.0805 0.0148 0.0816
-2.1987 0.0032 0.0828
-2.1088 -0.1035 0.0817
-2.2408 -0.1249 0.0822
-2.1366 -0.2279 0.0805
-2.2604 -0.2659 0.0801
-2.1808 -0.3564 0.0783
-2.3479 -0.1830 0.0803
-2.3804 -0.3212 0.0773
-2.2873 -0.4212 0.0763
-2.4252 -0.4638 0.0725
-0.0166 -3.4617 0.0002
-0.1770 -3.6754 0.0001
4.7590 -3.8830 0.0000
-0.5585 1.6554 0.0102
-0.6844 1.4517 0.0143
3.7553 -1.0549 0.0018
3.2046 -1.1065 0.0152
0.6855 -0.6549 0.0301
0.4631 -0.7458 0.0259
0.2221 -0.8473 0.0228
-1.8792 -3.6175 0.0004
-2.0814 -3.8158 0.0003
-3.9918 -3.6406 0.0000
-4.2346 -3.8343 0.0000
-4.2161 -4.0956 0.0000
-4.2660 -4.3173 0.0000
-2.9547 4.7498 0.0000
-1.0278 -4.5131 0.0000
-0.8679 -4.7207 0.0000
-3.5793 -2.2491 0.0012
-3.8391 -2.3392 0.0004
-3.3438 -2.4376 0.0019
-3.6248 -2.5374 0.0007
-3.9023 -2.6064 0.0002
-4.1045 -2.4447 0.0001
-4.0246 -2.8285 0.0001
-3.5103 0.3927 0.0084
-3.6467 0.1820 0.0049
-3.9529 0.1512 0.0009
-4.2198 0.0440 0.0002
-4.0147 -0.1561 0.0007
-4.2549 -0.2641 0.0001
-4.2931 -0.5615 0.0001
-4.2235 1.7920 0.0000
-1.6067 0.6892 0.0536
-1.7216 0.5707 0.0614
-1.7520 0.4293 0.0663
-1.8992 0.3726 0.0727
-1.7844 0.2794 0.0706
-1.9244 0.2236 0.0762
-2.0452 0.2011 0.0796
-2.0546 0.3336 0.0775
-2.1587 0.2437 0.0806
-2.1881 0.1305 0.0822
2.3808 2.2103 0.0105
2.2961 1.9882 0.0156
-1.3395 -1.2975 0.0268
-1.5068 -1.4463 0.0252
-1.6682 -1.5978 0.0229
0.9336 1.9378 0.0086
-2.4052 -4.4866 0.0000
-3.0430 0.5589 0.0331
-0.6948 -1.8946 0.0081
-0.1400 -2.9567 0.0007
-3.0023 0.8778 0.0297
-2.8906 0.6914 0.0413
-3.1632 0.7116 0.0229
-3.3456 0.5909 0.0142
2.0485 3.2145 0.0013
-3.0130 2.6619 0.0023
-3.2988 2.7248 0.0010
1.3048 1.5908 0.0182
1.1310 1.4783 0.0187
0.8807 1.4476 0.0165
-0.6527 -0.0922 0.0359
-0.8889 -0.1946 0.0403
-1.0586 -0.1478 0.0452
-0.9530 -0.3728 0.0402
-1.1242 -0.3222 0.0457
-1.3037 -0.4137 0.0502
-0.7419 2.3965 0.0034
3.3255 -3.1357 0.0003
-1.8560 2.6280 0.0049
-2.0070 2.3653 0.0084
0.1760 2.0139 0.0053
-1.3644 -3.4526 0.0004
4.4918 -0.9511 0.0000
2.6340 -1.3378 0.0331
-0.1515 4.3999 0.0000
-0.3049 4.1456 0.0001
-0.5245 3.9134 0.0001
3.8445 0.9879 0.0014
-2.0723 -2.3850 0.0076
-3.7269 -2.8281 0.0003
-3.7623 -3.0931 0.0002
-3.9982 -3.0757 0.0001
-3.9216 -3.3471 0.0001
-4.2225 -3.1127 0.0000
-4.1839 -3.3546 0.0000
-4.2639 -3.5709 0.0000
-1.3880 0.0934 0.0568
-1.3451 -0.0417 0.0554
-1.4626 -0.1361 0.0597
4.7432 -1.1048 0.0000
4.4891 -1.2765 0.0000
-1.8943 -4.4190 0.0000
-2.4435 1.3450 0.0374
-2.5790 1.1923 0.0404
-2.7538 1.0519 0.0387
-2.5794 1.0074 0.0478
-2.5971 0.8507 0.0532
0.5585 -3.5066 0.0003
0.3976 -3.7439 0.0002
-4.1165 3.8001 0.0000
-4.3897 3.7759 0.0000
-4.5585 3.6511 0.0000
-4.7781 3.6078 0.0000
-0.7891 3.7592 0.0002
4.7697 -3.2989 0.0000
4.7477 -3.5841 0.0000
4.4982 -3.7088 0.0000
4.2493 -3.7556 0.0000
2.0461 4.4356 0.0000
2.1583 4.2068 0.0001
1.8714 4.2186 0.0001
3.8108 -3.8502 0.0000
-3.1544 -1.9573 0.0066
-3.3336 -2.1478 0.0031
-2.4671 -4.2259 0.0001
2.0715 -1.1062 0.0490
1.8953 -1.1689 0.0435
1.9400 -1.3971 0.0349
1.7452 -1.3314 0.0341
1.7369 -1.5258 0.0271
1.5880 -1.6172 0.0219
1.4254 -1.7989 0.0152
4.7650 -2.6302 0.0000
4.5116 -2.5854 0.0000
4.4069 -2.8403 0.0000
0.7502 2.4626 0.0030
2.7403 2.1093 0.0101
2.3808 0.4823 0.0731
2.3019 0.3539 0.0779
2.1618 0.3649 0.0780
2.2114 0.2454 0.0807
2.2387 0.1229 0.0822
2.1258 0.1310 0.0817
2.0774 0.2510 0.0794
2.0035 0.1377 0.0795
2.1193 0.0203 0.0822
2.0117 0.0218 0.0803
1.8890 0.0196 0.0768
-1.0129 0.4221 0.0407
-1.1022 0.2277 0.0457
-1.0036 0.0497 0.0439
-1.2269 0.1378 0.0506
-1.1842 -0.0154 0.0496
-1.2774 -0.2078 0.0520
1.9636 0.6459 0.0662
2.0904 0.4944 0.0737
2.0317 0.3736 0.0761
1.9575 0.5209 0.0703
1.9144 0.3970 0.0726
1.1473 0.8696 0.0350
0.9224 0.7997 0.0317
4.7679 -2.0253 0.0000
4.5602 -2.1343 0.0000
2.0189 -4.7615 0.0000
3.6313 -1.2991 0.0026
3.5195 -1.5618 0.0032
3.3616 -1.3300 0.0075
3.1060 -1.3489 0.0153
3.4885 -3.3852 0.0001
-3.9408 2.8147 0.0000
-4.7691 -1.4048 0.0000
-4.5327 3.9955 0.0000
2.9587 -1.1333 0.0261
2.8617 -1.3520 0.0246
3.3817 -3.6684 0.0001
-0.8853 4.2658 0.0001
-1.1212 4.1205 0.0001
1.8069 0.4889 0.0669
1.9327 0.2612 0.0760
1.7907 0.3307 0.0701
1.6663 0.1818 0.0676
-3.1089 4.1849 0.0000
-3.3916 4.0903 0.0000
1.4074 1.8677 0.0131
1.1892 1.7921 0.0127
1.0015 1.6720 0.0133
-0.1266 -3.2070 0.0004
-0.3150 -3.4380 0.0002
2.8985 -0.7315 0.0398
2.6037 -0.9206 0.0503
2.5784 -1.0871 0.0446
4.2828 -4.0214 0.0000
1.7235 3.9820 0.0001
1.8785 3.7301 0.0003
1.6122 3.7242 0.0002
0.5992 4.0229 0.0000
-0.5516 -2.0926 0.0054
-0.1650 0.0546 0.0307
-0.3593 0.1987 0.0315
2.9830 -0.5189 0.0382
2.7738 -0.5619 0.0525
2.7095 -0.7471 0.0513
1.3233 -2.5523 0.0040
1.2742 -2.8231 0.0023
1.0553 -2.6021 0.0029
0.9806 -2.8621 0.0017
3.7491 -4.0922 0.0000
3.4286 -4.1892 0.0000
-4.4816 4.2683 0.0000
0.6395 3.5038 0.0002
3.9147 -4.7489 0.0000
3.5743 -4.7684 0.0000
3.7679 -3.3680 0.0000
3.6590 -3.6297 0.0000
-4.7675 -1.1026 0.0000
3.1996 2.2501 0.0038
2.9873 2.1364 0.0069
-4.7576 0.8277 0.0000
1.4507 -4.2108 0.0001
-4.7462 2.3551 0.0000
3.6031 1.1206 0.0040
3.5951 0.8466 0.0050
3.3438 0.7217 0.0139
4.3723 -0.1531 0.0000
4.1418 -0.2422 0.0003
4.2467 -0.4793 0.0001
3.9937 -0.5582 0.0006
3.7930 1.6236 0.0011
-1.5858 1.6390 0.0213
-2.2778 -1.0515 0.0514
-2.4332 -0.9390 0.0545
-2.4446 -1.1447 0.0452
4.7570 -4.1910 0.0000
4.5158 -3.9936 0.0000
4.4959 -4.2665 0.0000
2.4288 0.9668 0.0534
2.4204 0.7908 0.0610
2.2897 0.8645 0.0599
2.2303 0.7349 0.0657
2.1396 0.9041 0.0581
2.0601 0.7718 0.0630
2.3829 0.6439 0.0676
2.2518 0.5907 0.0712
2.2316 0.4764 0.0751
2.1131 0.6215 0.0696
1.5088 0.2324 0.0607
1.3476 0.2117 0.0546
-4.3622 -2.0274 0.0000
-4.5972 -2.1973 0.0000
2.9005 -4.2671 0.0000
2.6061 -4.2847 0.0001
2.4716 -4.5328 0.0000
0.2055 4.7405 0.0000
-0.5925 4.2073 0.0001
-0.8008 4.0248 0.0001
-1.0385 3.9033 0.0002
-1.0530 3.6244 0.0003
3.4861 3.2234 0.0003
3.3639 2.9965 0.0007
0.8712 -1.3504 0.0179
0.9293 -1.5912 0.0138
0.7148 -1.6410 0.0113
0.4736 -1.5942 0.0108
-3.4388 4.5674 0.0000
-3.7310 4.5299 0.0000
0.8825 -2.3651 0.0040
0.7704 -2.6313 0.0022
0.5268 -2.7200 0.0016
0.2483 -2.7358 0.0013
0.1289 -2.9809 0.0007
-4.7571 0.3410 0.0000
-1.3356 -4.5349 0.0000
-1.4643 -4.7606 0.0000
-3.8035 -1.5044 0.0012
-4.0584 -1.6258 0.0003
1.6528 -4.4284 0.0000
3.0318 -3.2115 0.0006
2.8145 -3.0253 0.0015
2.7357 -3.2767 0.0009
2.1429 -3.4895 0.0007
1.9805 -3.6624 0.0005
-1.6693 1.4128 0.0297
-1.8772 1.3778 0.0347
-1.7556 1.1994 0.0393
-1.7587 1.0250 0.0463
-1.0892 -2.6765 0.0024
-3.5517 -1.3704 0.0040
-3.8102 -1.7908 0.0008
2.3912 4.2853 0.0001
2.0030 3.9671 0.0002
4.2209 3.2056 0.0000
-3.2549 4.7378 0.0000
0.8935 3.9848 0.0001
0.7974 3.7506 0.0001
4.7768 4.7829 0.0000
-2.6523 4.7625 0.0000
-2.7823 4.5002 0.0000
-4.0783 4.5591 0.0000
-1.1541 -4.7521 0.0000
-3.4853 -4.2678 0.0000
-3.4597 -4.5336 0.0000
-3.6418 -4.7444 0.0000
3.5977 1.3831 0.0033
4.7589 4.5138 0.0000
4.5248 4.4023 0.0000
-4.4778 1.9310 0.0000
-4.7380 1.7991 0.0000
-4.4871 1.6322 0.0000
-2.7380 -1.6971 0.0190
-2.6770 -1.9567 0.0138
4.5031 1.8020 0.0000
4.2678 1.6406 0.0001
-0.1467 3.5688 0.0002
-2.2381 -2.9913 0.0023
-2.2288 -3.2629 0.0012
4.2721 -1.1035 0.0001
-1.2312 -1.8079 0.0128
-0.6614 3.5756 0.0003
-0.8626 3.4278 0.0005
-1.1504 3.3487 0.0007
-1.2195 3.0722 0.0013
-1.4926 2.9965 0.0019
-1.3152 2.8024 0.0025
4.0320 1.7788 0.0003
-2.1048 3.9188 0.0002
-2.3745 3.8147 0.0003
4.4173 3.6736 0.0000
4.2195 3.4655 0.0000
1.6549 2.8271 0.0026
1.4925 2.5878 0.0039
-2.1293 -0.9512 0.0559
-4.5056 -3.4692 0.0000
-4.7574 -3.5973 0.0000
-4.7503 -3.9065 0.0000
4.2094 -0.7906 0.0001
-4.7516 1.5562 0.0000
-4.7312 1.3331 0.0000
1.0126 3.0354 0.0009
-1.5076 0.2075 0.0607
-1.5372 0.0299 0.0631
-1.6569 0.1570 0.0673
-1.7853 0.1596 0.0723
-1.8443 0.0883 0.0750
4.7720 -1.7211 0.0000
-4.7466 -2.4208 0.0000
-4.7556 -2.7032 0.0000
-3.9145 3.5917 0.0000
-4.0360 3.3605 0.0000
-4.2610 3.2331 0.0000
0.4088 1.3300 0.0153
0.2107 1.2362 0.0161
-0.0381 1.2235 0.0160
0.0822 1.0031 0.0198
1.5998 4.2503 0.0000
1.4552 3.9797 0.0001
1.1899 3.9731 0.0001
1.8409 -2.0874 0.0128
1.4551 -3.3444 0.0008
-4.1956 4.3073 0.0000
-4.2631 4.0384 0.0000
-2.2600 -4.0184 0.0002
-0.8136 4.7584 0.0000
0.6414 1.9208 0.0076
0.5206 1.6353 0.0109
-0.0372 -2.7183 0.0013
-0.2752 -2.6381 0.0016
1.8779 0.1358 0.0759
1.7881 0.2011 0.0721
1.7473 0.0486 0.0717
1.6718 -0.0839 0.0685
1.5756 0.0606 0.0647
1.5147 -0.0874 0.0620
1.5798 -0.2269 0.0634
1.4457 -0.2923 0.0571
-3.9000 4.7507 0.0000
-3.9114 4.3712 0.0000
0.0462 0.0011 0.0305
4.7211 3.6083 0.0000
-0.2912 2.0584 0.0049
-0.5262 1.9541 0.0064
1.5581 3.1227 0.0012
1.2552 3.1557 0.0009
-1.4303 4.7705 0.0000
2.3510 3.2139 0.0014
2.1604 2.9766 0.0023
-2.2028 3.3591 0.0010
-2.4502 3.2582 0.0012
-2.6286 3.9887 0.0001
-2.6369 3.7153 0.0003
-2.8802 3.6811 0.0002
3.8922 -0.8017 0.0010
-3.3391 -0.6883 0.0143
-3.5711 -0.8094 0.0057
-3.5658 -1.0944 0.0048
-2.1153 2.6107 0.0054
-2.2961 2.4037 0.0080
-2.4750 2.1831 0.0111
-2.5680 2.4341 0.0067
-1.7810 0.8553 0.0535
-1.7931 0.7072 0.0593
-1.8837 0.5470 0.0675
-2.0014 0.4584 0.0732
-2.0552 0.5831 0.0704
-2.1405 0.4650 0.0754
-1.7981 -3.8920 0.0002
2.1496 2.2714 0.0095
2.0553 2.0680 0.0133
1.8965 1.8859 0.0170
1.1987 -4.3294 0.0001
1.1142 -4.5324 0.0000
1.1783 -4.7493 0.0000
3.3018 -0.1566 0.0189
3.0676 -0.1413 0.0356
3.1726 -0.3620 0.0263
-0.2303 -1.7207 0.0088
-0.3682 -1.9346 0.0065
-0.2133 -2.1088 0.0045
-0.3965 -2.2952 0.0034
3.3618 0.9770 0.0111
3.1418 0.7892 0.0236
3.0637 0.5614 0.0320
2.9483 0.9187 0.0325
2.8146 -2.4845 0.0047
2.5997 -2.6257 0.0045
-4.2377 2.3682 0.0000
-0.1632 -1.2191 0.0163
-0.4122 -1.2522 0.0166
-0.3874 -1.5024 0.0124
-0.5188 -1.7240 0.0096
-0.7871 -1.6520 0.0121
0.3213 3.9589 0.0001
-0.2721 3.2886 0.0004
-0.4443 3.0847 0.0007
-4.2810 0.2820 0.0001
-4.7523 0.0800 0.0000
0.3365 -0.3446 0.0303
0.1006 -0.4013 0.0285
0.2786 -0.5847 0.0271
0.0468 -0.6271 0.0257
2.6943 4.2660 0.0001
4.5155 -1.8487 0.0000
4.3291 -2.0795 0.0000
4.2899 -2.3379 0.0000
4.0595 -2.3161 0.0000
1.1760 3.4532 0.0003
-1.5045 -2.4443 0.0052
-1.6532 -2.6778 0.0036
-1.8712 -2.8771 0.0027
-3.5594 -1.6584 0.0028
2.8433 -0.1712 0.0538
2.6785 -0.2638 0.0650
2.8100 -0.3776 0.0538
2.6438 -0.4218 0.0643
3.2120 -3.4286 0.0002
2.9257 -3.4838 0.0004
0.8403 0.3389 0.0379
1.3757 -1.5440 0.0206
1.1768 -1.6484 0.0154
1.2134 -1.8808 0.0114
0.9695 -1.8447 0.0100
0.9989 -2.0942 0.0069
1.3997 4.7610 0.0000
-0.0164 2.7615 0.0012
-0.2567 2.6285 0.0016
-0.0309 2.4571 0.0022
-0.2808 2.3406 0.0029
0.4275 0.1775 0.0323
0.7530 0.9668 0.0252
0.5300 0.8937 0.0240
0.3448 1.0397 0.0200
0.3862 0.7540 0.0252
0.2224 0.8347 0.0230
-2.1223 1.9465 0.0175
-2.0637 1.6953 0.0250
-2.2512 1.7401 0.0238
-2.2530 1.5259 0.0317
3.9223 -0.3345 0.0011
3.7056 -0.3390 0.0035
3.7028 -0.5815 0.0032
3.6052 -0.8401 0.0044
3.4454 -0.3925 0.0109
3.4364 -0.6697 0.0099
3.4665 -1.0610 0.0067
3.1394 1.0452 0.0197
0.1672 3.5063 0.0002
-1.9855 -1.9321 0.0163
-2.1616 -2.1270 0.0123
1.8903 -0.4912 0.0694
1.7271 -0.7286 0.0564
-3.7667 2.5903 0.0002
-4.0002 2.5112 0.0000
1.7778 2.1038 0.0112
1.6232 1.9477 0.0133
1.7251 1.7450 0.0193
1.5127 1.6689 0.0189
2.1156 -2.0219 0.0156
2.0849 -2.2718 0.0102
1.8556 -2.3745 0.0079
1.7010 -1.8209 0.0179
-1.4745 2.3569 0.0064
1.9562 2.7716 0.0034
1.7711 2.5616 0.0048
2.8819 1.3593 0.0241
2.6925 1.2124 0.0356
2.8984 1.1315 0.0295
2.7575 0.9660 0.0414
2.5856 0.8731 0.0525
-4.2416 3.5403 0.0000
-4.4913 3.4023 0.0000
-4.7368 3.3648 0.0000
1.2917 2.3473 0.0054
1.2002 2.0596 0.0084
-0.3009 1.2286 0.0163
-0.1747 1.0165 0.0197
-0.2976 0.8102 0.0237
3.9673 3.5023 0.0000
3.9548 3.2602 0.0001
-1.1408 -0.5172 0.0430
-1.3185 -0.6205 0.0463
-1.1404 -0.7357 0.0382
-1.2600 -0.9112 0.0366
-1.3881 -0.7962 0.0436
-0.1073 1.6488 0.0093
-1.0919 -3.6092 0.0002
-1.3501 -3.7399 0.0002
-1.1397 -3.8764 0.0001
-1.3075 -4.0695 0.0001
-2.5687 -2.5333 0.0054
-2.8573 -2.6229 0.0036
-2.9521 -2.8732 0.0019
-1.7495 -3.1446 0.0013
-2.0122 -3.0897 0.0018
-4.7534 3.1508 0.0000
3.9632 -1.8159 0.0002
-3.4032 1.6699 0.0043
2.5181 -1.5141 0.0295
4.7582 -1.4052 0.0000
4.5435 -1.5807 0.0000
-2.9749 0.3555 0.0412
-3.1109 0.1881 0.0320
-2.7157 0.1478 0.0637
-2.8958 0.1716 0.0495
-2.8130 0.0012 0.0569
-2.9899 -0.0054 0.0424
-3.1903 -0.0217 0.0266
-2.9594 -0.1773 0.0444
-3.1231 -0.2321 0.0310
-3.3323 -0.1976 0.0172
3.5971 4.7577 0.0000
-2.3694 0.6532 0.0680
-2.5247 0.6878 0.0622
-2.4042 0.5196 0.0718
-2.5415 0.5492 0.0661
-2.6538 0.4154 0.0637
1.7413 -4.1547 0.0001
-4.2357 0.6377 0.0001
-4.4584 0.4865 0.0000
-4.5184 0.2148 0.0000
-2.6551 3.1208 0.0014
-2.8281 2.8902 0.0020
4.7510 2.1091 0.0000
-1.5897 4.5137 0.0000
1.0923 0.6543 0.0389
0.8725 0.5769 0.0352
2.2204 -3.8063 0.0003
1.9446 -3.9616 0.0002
-0.6213 -1.4499 0.0144
-1.0456 -1.6129 0.0149
-3.4919 -3.9777 0.0001
-3.0080 -3.9088 0.0002
-3.2392 -4.1101 0.0001
3.6559 -4.3024 0.0000
3.7366 -4.5708 0.0000
3.4509 -4.4968 0.0000
3.2645 -4.7347 0.0000
0.8098 -4.0072 0.0001
0.6717 -4.2370 0.0001
0.8604 -4.4798 0.0000
-3.4964 3.2430 0.0001
-3.4019 2.9889 0.0004
-3.6020 2.7931 0.0003
2.3112 -4.2998 0.0001
2.1711 -4.5254 0.0000
3.7450 4.5058 0.0000
3.4513 4.5124 0.0000
1.7811 3.2756 0.0010
2.5966 2.3502 0.0075
2.5348 2.0419 0.0133
2.5272 4.0584 0.0002
2.2738 3.9806 0.0002
2.4449 3.7789 0.0003
2.1600 3.7113 0.0004
2.3956 3.5062 0.0007
2.1385 3.4431 0.0008
0.3456 -4.2776 0.0000
0.2684 -4.5145 0.0000
0.5557 -4.4804 0.0000
-2.3773 -3.7311 0.0004
-2.7021 -4.3033 0.0001
-2.6439 -4.5402 0.0000
3.1121 -2.6224 0.0020
2.8540 -2.7543 0.0026
-3.2006 0.4109 0.0239
-3.3488 0.2688 0.0159
-3.3494 0.1063 0.0163
-3.5015 -0.0215 0.0094
-3.7634 -0.0728 0.0028
4.3852 -4.5134 0.0000
3.4273 -1.8262 0.0032
3.1687 -1.8567 0.0068
0.9576 4.4966 0.0000
0.7944 4.2499 0.0000
2.5228 -1.7468 0.0216
2.3215 -1.6361 0.0273
0.2492 0.0675 0.0311
0.1815 -0.1748 0.0304
-4.7654 -4.7626 0.0000
3.0990 -3.7066 0.0001
2.9915 -3.9814 0.0001
-3.5910 4.7764 0.0000
0.7692 -3.6904 0.0002
2.8453 4.5021 0.0000
-1.0427 -0.9517 0.0306
-1.1835 -1.1223 0.0288
-1.4061 -1.0636 0.0356
-1.5582 -1.2141 0.0340
-4.5021 3.1032 0.0000
0.4322 -4.7522 0.0000
3.0808 -2.9298 0.0011
-2.7000 0.7001 0.0533
-2.6897 0.5552 0.0581
-2.8375 0.5014 0.0494
-2.7788 0.3207 0.0571
2.5792 -2.0067 0.0140
2.3427 -2.1787 0.0119
3.8299 -2.0726 0.0003
3.8079 -2.3240 0.0002
-0.3831 -3.1480 0.0005
-0.6003 -3.3265 0.0003
3.6967 -2.5872 0.0002
3.4164 -2.6020 0.0008
-0.8450 -2.1129 0.0061
-0.6875 -2.3456 0.0036
4.1985 4.2377 0.0000
3.8921 4.2490 0.0000
-1.7082 0.0165 0.0701
-1.6197 -0.1053 0.0663
-0.7690 -0.9647 0.0255
-0.6852 -1.2069 0.0195
-0.9285 -1.1435 0.0239
-0.8752 -1.4038 0.0174
-3.5662 -0.2784 0.0071
-3.0974 -0.4182 0.0315
-3.3202 -0.4385 0.0170
-3.5717 -0.5358 0.0064
-3.8132 -0.6494 0.0019
1.0477 1.2528 0.0230
0.8049 1.2081 0.0207
-1.0706 2.0968 0.0073
4.2490 -2.5950 0.0000
3.9875 -2.5843 0.0000
3.8468 -2.8394 0.0001
-3.7463 -4.4491 0.0000
-3.9269 -4.7343 0.0000
-4.2800 -4.5532 0.0000
-4.2127 -4.7708 0.0000
1.0728 3.7289 0.0001
3.2379 -1.5973 0.0081
2.9623 -1.7911 0.0118
3.5052 2.6863 0.0008
3.2537 2.7601 0.0014
3.3155 2.5132 0.0018
0.0817 3.7898 0.0001
2.3276 -1.3977 0.0366
0.2439 -1.4762 0.0120
0.0168 -1.6078 0.0099
-0.1661 1.4366 0.0125
-0.3966 1.4781 0.0123
-0.5505 1.2461 0.0171
-4.4885 2.5150 0.0000
1.3546 3.6869 0.0002
3.9195 -1.2807 0.0006
0.5319 2.2930 0.0037
0.2350 2.3079 0.0031
4.7557 2.9669 0.0000
4.5060 2.8277 0.0000
-2.4931 4.5370 0.0000
-2.5841 4.2693 0.0001
-2.8579 4.2172 0.0000
-3.8020 -1.2217 0.0015
-4.0496 -1.3358 0.0004
-4.4940 2.8115 0.0000
4.2364 -3.1784 0.0000
4.0273 -3.3474 0.0000
4.4919 -3.3949 0.0000
4.2499 -3.4931 0.0000
3.9708 -3.6216 0.0000
-1.6593 -3.4056 0.0006
-1.6033 -3.6690 0.0003
-0.3810 -0.5968 0.0276
-0.4015 -0.8016 0.0246
-0.6122 -0.7965 0.0268
-0.5164 -1.0209 0.0215
1.4346 -3.0689 0.0015
1.1829 -3.0789 0.0013
2.6439 -4.7674 0.0000
4.1612 -1.3227 0.0001
-0.7863 2.1004 0.0058
-0.9545 1.8663 0.0095
0.8923 3.5109 0.0002
4.0914 1.1322 0.0003
4.2978 0.9562 0.0001
4.0652 0.8182 0.0004
2.7949 -2.2313 0.0076
2.5846 -2.2583 0.0091
2.5138 -2.4359 0.0069
-2.3965 2.6647 0.0047
2.1282 -1.7563 0.0233
1.9288 -1.8659 0.0188
-2.2741 -0.8624 0.0600
-3.0187 3.4296 0.0004
-1.4138 0.6283 0.0487
-1.3464 0.4794 0.0499
-1.4655 0.3767 0.0564
-1.5686 0.5016 0.0576
-1.6343 0.3197 0.0641
-2.4508 1.5484 0.0292
-2.6782 1.6655 0.0212
-2.6448 1.4230 0.0298
-2.8703 1.5114 0.0202
-3.0245 1.3299 0.0188
2.5201 -0.2965 0.0733
2.4954 -0.4512 0.0709
2.3980 -0.3471 0.0766
2.4039 -0.5340 0.0714
2.3184 -0.4397 0.0759
2.2748 -0.5882 0.0716
2.4468 -0.6471 0.0664
2.3312 -0.7192 0.0661
2.1344 -0.6067 0.0707
2.1758 -0.7384 0.0660
2.0974 -0.8969 0.0586
1.9548 -0.9691 0.0532
-4.2886 -2.8939 0.0000
-4.5307 -2.9882 0.0000
-4.7605 -2.9907 0.0000
4.0070 3.9926 0.0000
3.7224 3.9937 0.0000
3.4411 3.9978 0.0001
-3.9781 -4.2419 0.0000
-4.0344 -4.4940 0.0000
-0.7104 1.8170 0.0087
-0.8452 1.6203 0.0126
-0.9645 1.4173 0.0177
-1.7080 -1.9561 0.0138
-1.8875 -2.1694 0.0105
-0.3056 4.6711 0.0000
-0.5350 4.7427 0.0000
-2.1824 -4.2932 0.0001
0.0970 0.6695 0.0251
0.0452 0.4481 0.0279
0.0397 0.2111 0.0299
1.7089 -4.7270 0.0000
-1.1687 4.3509 0.0001
-1.4356 4.2805 0.0001
-1.3574 4.0480 0.0001
1.1112 2.8379 0.0017
0.8942 2.7218 0.0018
-1.5245 -3.9531 0.0001
-1.7043 -4.1801 0.0001
-3.9399 1.0993 0.0006
-0.0867 3.0870 0.0006
4.2038 4.7536 0.0000
1.3778 -0.1460 0.0561
1.2381 -0.2449 0.0500
1.1017 -0.3844 0.0438
4.0334 -1.0307 0.0003
0.3872 1.8257 0.0078
4.2723 2.9297 0.0000
-1.9519 0.7031 0.0639
-2.1060 0.7166 0.0663
-2.2204 0.6080 0.0711
-2.2783 0.4860 0.0749
1.6531 -2.2464 0.0088
1.5851 -2.4868 0.0055
-2.3462 -4.7499 0.0000
-2.6305 -4.7659 0.0000
0.1509 1.7295 0.0085
-1.8981 2.1036 0.0128
-1.7166 1.8683 0.0168
-1.9333 1.8307 0.0198
-1.8237 1.6121 0.0255
0.7757 2.9759 0.0009
4.8000 0.0260 0.0000
4.5881 -0.0555 0.0000
4.7463 -0.2418 0.0000
4.4945 -0.3683 0.0000
-2.6690 -1.1904 0.0372
-2.5052 -1.3258 0.0364
-2.7059 -1.4196 0.0280
-2.8954 -1.5305 0.0193
-1.3524 2.1046 0.0090
-0.0435 -0.1886 0.0300
-0.2585 -0.1903 0.0308
-0.3457 -0.3963 0.0298
-0.6851 4.4951 0.0000
-0.9760 4.5251 0.0000
0.8010 4.7534 0.0000
0.6668 4.5080 0.0000
1.2763 -3.5653 0.0004
1.0359 -3.6048 0.0003
1.8918 -4.5020 0.0000
-1.4501 -0.3161 0.0572
-1.4811 -0.5015 0.0548
-1.5178 -0.6762 0.0514
-1.6459 -0.7919 0.0517
-1.8054 -0.7218 0.0592
4.4890 3.3969 0.0000
4.5037 3.1152 0.0000
-2.8763 -2.1167 0.0085
-3.0904 -2.1980 0.0052
2.5918 -0.5831 0.0628
2.5439 -0.7487 0.0593
2.4339 -0.8532 0.0587
2.2724 -0.8772 0.0601
-1.2390 -3.1516 0.0009
-1.4703 -3.1864 0.0010
-1.1097 -2.9428 0.0013
0.3323 2.8144 0.0011
0.1838 2.6020 0.0017
0.7061 -2.9299 0.0012
0.6400 -3.2080 0.0006
0.3828 -3.2537 0.0005
0.2623 -3.4955 0.0002
4.0422 -3.9269 0.0000
3.9865 -4.1639 0.0000
2.8555 1.6022 0.0187
2.6672 1.4361 0.0286
2.4948 1.3083 0.0373
2.4180 1.1535 0.0453
2.2397 1.2171 0.0439
2.2546 1.0407 0.0521
3.3501 1.2490 0.0091
-1.8447 -0.0279 0.0753
-2.0061 -0.1949 0.0788
-3.1094 2.9419 0.0010
2.1899 -4.0606 0.0002
1.9999 -4.2660 0.0001
-1.0798 1.2065 0.0242
0.1018 -3.7310 0.0001
-0.0710 -3.9675 0.0001
-0.3583 -3.8228 0.0001
-0.5376 -4.0101 0.0000
-0.3837 -2.8693 0.0009
-0.6445 -3.0440 0.0007
-1.4456 1.4176 0.0253
-4.0691 -2.1685 0.0001
-4.3079 -2.2808 0.0000
-4.4740 -2.4692 0.0000
1.8928 2.3161 0.0081
1.6090 2.3246 0.0069
1.4596 2.1291 0.0089
4.7517 3.2841 0.0000
-4.3152 -1.7389 0.0000
-4.5688 -1.8661 0.0000
1.3941 0.0459 0.0574
1.2179 -0.0568 0.0507
1.2008 0.1262 0.0499
1.0369 0.0281 0.0449
1.0474 -0.1813 0.0445
0.6123 2.7509 0.0014
0.4451 2.5351 0.0021
-2.0236 4.7605 0.0000
-3.3804 -3.4779 0.0002
-3.4912 -3.6900 0.0001
-3.7145 -3.5443 0.0001
-3.7391 -3.8259 0.0000
-3.9747 -3.9488 0.0000
0.4156 3.3514 0.0003
0.2231 3.1787 0.0004
0.2811 0.5474 0.0276
0.2434 0.3130 0.0299
4.4780 1.2005 0.0000
-4.0857 -1.9131 0.0002
-0.3832 -0.0124 0.0323
-0.4818 -0.1856 0.0329
3.9833 2.9805 0.0001
-3.1491 3.9320 0.0001
-3.4033 3.7753 0.0000
-3.6688 3.6982 0.0000
-2.5255 -3.9607 0.0002
-2.7665 -4.0712 0.0001
1.7107 1.5137 0.0263
2.2027 1.5906 0.0281
1.9567 1.6430 0.0249
2.0930 1.4179 0.0346
1.9025 1.4483 0.0314
1.8700 1.2705 0.0381
1.6737 1.3013 0.0332
3.4966 0.3265 0.0093
3.4075 0.0611 0.0135
-2.3327 4.7475 0.0000
-3.1548 -2.6740 0.0020
-3.4342 -2.7386 0.0009
-3.2307 -2.9477 0.0010
-3.4966 -3.0272 0.0004
-3.2878 -3.2391 0.0005
-3.5905 -3.3120 0.0002
2.6417 1.6583 0.0220
2.4500 1.5441 0.0287
2.2997 1.3805 0.0365
2.0596 1.2432 0.0419
2.6398 -3.5413 0.0005
2.5184 -3.8049 0.0003
2.4428 -4.0504 0.0001
4.4779 0.4242 0.0000
4.7143 0.2405 0.0000
4.4439 0.1451 0.0000
-2.6686 -2.8349 0.0028
-2.7739 -3.0974 0.0015
-3.0223 -3.1338 0.0010
-3.0319 -3.3736 0.0006
-4.2221 4.7727 0.0000
-4.3817 4.5241 0.0000
-1.0899 -1.3298 0.0217
-1.2296 -1.4992 0.0195
-1.3836 -1.6278 0.0183
3.5854 -2.8607 0.0002
3.3317 -2.8624 0.0006
1.2893 -3.8232 0.0002
3.8343 3.7353 0.0000
3.5581 3.7246 0.0001
3.2647 3.7564 0.0002
-2.6104 -1.0002 0.0466
-2.8380 -1.0332 0.0353
-2.8849 -1.2636 0.0265
0.6052 -3.8678 0.0001
0.4792 -4.0681 0.0001
0.2364 -3.9802 0.0001
0.0799 -4.2196 0.0000
-2.1554 4.5263 0.0000
-2.3143 4.3507 0.0001
-4.7479 2.6413 0.0000
-3.2101 3.2125 0.0004
-1.9253 3.4144 0.0009
0.5562 -0.2472 0.0335
0.5051 -0.4981 0.0302
3.0182 4.2853 0.0001
2.8663 4.0787 0.0001
2.7172 3.8742 0.0002
3.2912 4.7604 0.0000
2.9807 4.7552 0.0000
-0.0754 1.9031 0.0063
-4.7507 2.9132 0.0000
2.3500 -2.7089 0.0043
2.2932 -2.9911 0.0024
2.2189 -3.2413 0.0014
-3.5351 -1.9517 0.0022
-3.8072 -2.0603 0.0006
-2.0427 4.2261 0.0001
-2.3390 4.0894 0.0001
0.7553 1.6877 0.0113
0.6328 1.4163 0.0151
-0.5292 2.2241 0.0040
-2.7377 2.2114 0.0085
-2.9368 2.0244 0.0087
-2.1222 -4.5535 0.0000
-3.7324 -4.1290 0.0000
-4.5222 -4.5279 0.0000
-1.9696 -1.2885 0.0389
-2.1295 -1.4529 0.0334
-2.3452 -1.4214 0.0345
-2.5350 -1.5602 0.0270
-2.2997 -1.6353 0.0264
-2.4871 -1.7952 0.0200
2.9204 0.7333 0.0386
2.7413 0.7650 0.0488
2.5534 0.7013 0.0602
2.8439 0.5700 0.0476
2.7066 0.4407 0.0598
2.6725 0.5937 0.0579
2.5145 0.5424 0.0671
2.5648 0.4214 0.0683
2.5927 0.2836 0.0697
2.4423 0.3473 0.0750
2.3432 0.2195 0.0799
-1.7299 4.7550 0.0000
-4.7594 -4.4968 0.0000
-0.9904 -2.3382 0.0045
-1.1971 -2.4476 0.0042
-2.4213 -2.0482 0.0137
-2.3576 -2.3159 0.0088
-2.6100 -2.2283 0.0092
-1.8783 4.4912 0.0000
3.7064 -1.7894 0.0010
3.5864 -2.0596 0.0011
3.5427 -2.3257 0.0009
-4.7731 -2.0241 0.0000
-3.1087 -0.6457 0.0278
-3.1540 -0.8757 0.0217
-3.3483 -0.9666 0.0117
1.5269 -2.0258 0.0117
1.4070 -2.2894 0.0069
1.2654 -2.0850 0.0087
1.1450 -2.3351 0.0052
-1.7770 -2.4109 0.0065
-1.9406 -2.6093 0.0048
-2.1231 -2.7736 0.0036
3.5413 -3.9224 0.0000
3.2679 -3.9398 0.0000
2.3360 -1.9032 0.0186
-4.2305 2.6684 0.0000
-0.8306 -3.3776 0.0003
-0.8355 -3.6133 0.0002
-0.8881 -3.8918 0.0001
-1.0217 -4.1466 0.0000
0.7200 -0.4322 0.0341
1.6498 -0.3634 0.0639
1.5169 -0.4498 0.0568
1.7173 -0.5238 0.0626
1.5666 -0.6274 0.0541
1.3752 -0.5817 0.0485
1.4291 -0.7735 0.0450
1.2357 2.6273 0.0030
1.0294 2.4963 0.0034
0.9996 2.2360 0.0054
0.4997 4.7550 0.0000
-3.1691 1.8526 0.0068
-4.5028 -4.2899 0.0000
2.9981 2.6953 0.0026
3.0750 2.4672 0.0034
2.8729 2.3495 0.0058
-4.7437 2.0692 0.0000
2.2688 -0.1302 0.0821
2.1781 -0.2253 0.0811
2.2366 -0.3446 0.0789
2.1028 -0.3454 0.0781
1.9620 -0.3509 0.0750
2.1810 -0.4695 0.0756
2.0406 -0.4773 0.0736
1.9962 -0.6215 0.0680
2.0242 -0.7573 0.0634
1.8552 -0.6415 0.0635
1.8901 -0.8055 0.0584
4.1355 -2.8854 0.0000
3.9126 -3.0964 0.0000
3.6175 -3.1110 0.0001
-2.3264 -0.0232 0.0819
-2.4154 -0.0930 0.0795
-2.5435 -0.0810 0.0745
-2.6225 -0.2106 0.0691
-2.7903 -0.1863 0.0579
-2.8911 -0.3567 0.0481
-2.9342 -0.5590 0.0414
-0.5339 -3.5968 0.0002
-0.6568 -3.8177 0.0001
1.8061 0.6317 0.0624
1.6498 0.6199 0.0576
1.6731 0.4783 0.0625
1.6532 0.3275 0.0650
1.5019 0.5936 0.0532
1.5257 0.4316 0.0580
1.3763 0.3835 0.0533
1.2000 0.3250 0.0480
-1.2071 0.3791 0.0471
-1.3349 0.2692 0.0532
-2.9210 3.1709 0.0009
-3.6765 1.7907 0.0011
-3.9657 1.6646 0.0003
-0.9314 0.6117 0.0353
-1.1700 0.5932 0.0418
0.6992 -4.7344 0.0000
-0.2396 2.9142 0.0009
-0.4995 2.7958 0.0013
-0.5078 2.5158 0.0023
1.5214 -3.6494 0.0004
3.2455 -0.5575 0.0198
3.1158 -0.7002 0.0260
3.2926 -0.8600 0.0144
3.0350 -0.9160 0.0270
2.8005 -0.9441 0.0398
2.7377 -1.1504 0.0360
1.6602 -2.9431 0.0023
-2.4782 -0.2139 0.0761
-2.5299 -0.3454 0.0716
-2.6972 -0.3476 0.0623
-2.5827 -0.4890 0.0657
-2.6337 -0.6553 0.0581
-2.7522 -0.5069 0.0553
-0.5731 0.5040 0.0310
-0.7847 0.4088 0.0357
-0.9134 0.2311 0.0405
4.4946 1.4929 0.0000
4.2470 1.3285 0.0001
-3.2143 -4.4150 0.0000
-3.1505 -4.6846 0.0000
-3.3585 -4.7680 0.0000
1.7158 -3.1887 0.0014
0.3213 1.5331 0.0117
0.0950 1.4562 0.0123
0.6932 0.7253 0.0292
0.6770 0.4692 0.0331
0.4657 0.3899 0.0311
-4.4541 -3.2216 0.0000
-4.7368 -3.2808 0.0000
-1.3268 1.1948 0.0294
-1.3955 0.9930 0.0373
-1.5478 1.2083 0.0341
-1.5788 1.0260 0.0413
-1.6235 0.8604 0.0485
-2.9157 -3.6267 0.0004
-4.5063 -3.7486 0.0000
-4.4808 -4.0310 0.0000
-4.7484 -4.2090 0.0000
4.6424 -2.8362 0.0000
4.7838 -2.9860 0.0000
4.6017 -3.1388 0.0000
4.4309 -3.0631 0.0000
0.0061 3.3205 0.0003
-1.2127 1.4150 0.0212
4.0464 -1.5723 0.0002
3.8014 -1.5297 0.0008
0.7471 2.1596 0.0053
0.4333 2.0826 0.0052
4.7467 4.2031 0.0000
4.4746 4.1533 0.0000
-3.6219 3.9725 0.0000
-3.8723 3.8826 0.0000
-3.0713 4.4862 0.0000
-3.2988 4.3692 0.0000
1.5330 -2.7490 0.0032
-0.9674 2.3478 0.0044
3.0687 -2.0907 0.0060
3.0308 -2.3263 0.0043
-3.5789 3.4999 0.0000
-3.7741 3.3305 0.0000
-3.7114 3.0426 0.0001
-3.9873 3.0971 0.0000
1.7441 -3.4916 0.0007
4.5543 0.9456 0.0000
4.7658 0.7846 0.0000
4.4873 0.6975 0.0000
1.9080 3.5013 0.0006
0.9587 3.2694 0.0005
-2.8949 3.9365 0.0001
-3.1337 3.6843 0.0001
-3.3204 3.4851 0.0001
0.5187 4.2616 0.0000
0.2720 4.2186 0.0000
-1.9912 -0.9540 0.0540
-2.0925 -1.1287 0.0474
-2.2461 -1.2522 0.0423
-0.0584 0.8071 0.0230
-0.1649 0.5802 0.0266
-0.1577 0.3180 0.0294
-0.3592 0.4205 0.0297
0.9359 -4.7628 0.0000
3.1583 4.0315 0.0001
-0.1611 -2.4096 0.0025
-0.4955 -2.5318 0.0022
-0.8373 -2.5648 0.0025
-1.2098 2.3244 0.0055
2.0300 4.7299 0.0000
1.7103 4.7572 0.0000
1.7928 4.4970 0.0000
4.2185 -4.2668 0.0000
4.0903 -4.5179 0.0000
1.9486 -3.3346 0.0011
0.5851 3.7868 0.0001
0.3805 3.6654 0.0001
-2.6605 1.9425 0.0144
-2.9064 1.7673 0.0135
-4.5313 -0.9678 0.0000
-2.1702 1.1476 0.0479
-2.2590 0.9595 0.0565
-2.4171 0.8272 0.0601
-1.6866 2.8552 0.0028
-1.5544 2.6280 0.0041
-2.9906 -4.2231 0.0001
-2.9194 -4.4997 0.0000
-2.9009 -4.7624 0.0000
