5.0000 5.0000 0.0000
0.0000 5.0000 0.0000
2.5000 5.0000 0.0000
3.7500 5.0000 0.0000
4.3750 5.0000 0.0000
4.6875 5.0000 0.0000
4.0625 5.0000 0.0000
3.1250 5.0000 0.0000
3.4375 5.0000 0.0000
2.8125 5.0000 0.0000
1.2500 5.0000 0.0000
1.8750 5.0000 0.0000
2.1875 5.0000 0.0000
1.5625 5.0000 0.0000
0.6250 5.0000 0.0000
0.9375 5.0000 0.0000
0.3125 5.0000 0.0000
-2.5000 5.0000 0.0000
-1.2500 5.0000 0.0000
-0.6250 5.0000 0.0000
-0.3125 5.0000 0.0000
-0.9375 5.0000 0.0000
-1.8750 5.0000 0.0000
-1.5625 5.0000 0.0000
-2.1875 5.0000 0.0000
-3.7500 5.0000 0.0000
-3.1250 5.0000 0.0000
-2.8125 5.0000 0.0000
-3.4375 5.0000 0.0000
-4.3750 5.0000 0.0000
-4.0625 5.0000 0.0000
-4.6875 5.0000 0.0000
5.0000 -5.0000 0.0000
5.0000 0.0000 0.0000
5.0000 -2.5000 0.0000
5.0000 -3.7500 0.0000
5.0000 -4.3750 0.0000
5.0000 -4.6875 0.0000
5.0000 -4.0625 0.0000
5.0000 -3.1250 0.0000
5.0000 -3.4375 0.0000
5.0000 -2.8125 0.0000
5.0000 -1.2500 0.0000
5.0000 -1.8750 0.0000
5.0000 -2.1875 0.0000
5.0000 -1.5625 0.0000
5.0000 -0.6250 0.0000
5.0000 -0.9375 0.0000
5.0000 -0.3125 0.0000
5.0000 2.5000 0.0000
5.0000 1.2500 0.0000
5.0000 0.6250 0.0000
5.0000 0.3125 0.0000
5.0000 0.9375 0.0000
5.0000 1.8750 0.0000
5.0000 1.5625 0.0000
5.0000 2.1875 0.0000
5.0000 3.7500 0.0000
5.0000 3.1250 0.0000
5.0000 2.8125 0.0000
5.0000 3.4375 0.0000
5.0000 4.3750 0.0000
5.0000 4.0625 0.0000
5.0000 4.6875 0.0000
-5.0000 -5.0000 0.0000
0.0000 -5.0000 0.0000
-2.5000 -5.0000 0.0000
-3.7500 -5.0000 0.0000
-4.3750 -5.0000 0.0000
-4.6875 -5.0000 0.0000
-4.0625 -5.0000 0.0000
-3.1250 -5.0000 0.0000
-3.4375 -5.0000 0.0000
-2.8125 -5.0000 0.0000
-1.2500 -5.0000 0.0000
-1.8750 -5.0000 0.0000
-2.1875 -5.0000 0.0000
-1.5625 -5.0000 0.0000
-0.6250 -5.0000 0.0000
-0.9375 -5.0000 0.0000
-0.3125 -5.0000 0.0000
2.5000 -5.0000 0.0000
1.2500 -5.0000 0.0000
0.6250 -5.0000 0.0000
0.3125 -5.0000 0.0000
0.9375 -5.0000 0.0000
1.8750 -5.0000 0.0000
1.5625 -5.0000 0.0000
2.1875 -5.0000 0.0000
3.7500 -5.0000 0.0000
3.1250 -5.0000 0.0000
2.8125 -5.0000 0.0000
3.4375 -5.0000 0.0000
4.3750 -5.0000 0.0000
4.0625 -5.0000 0.0000
4.6875 -5.0000 0.0000
-5.0000 5.0000 0.0000
-5.0000 0.0000 0.0000
-5.0000 2.5000 0.0000
-5.0000 3.7500 0.0000
-5.0000 4.3750 0.0000
-5.0000 4.6875 0.0000
-5.0000 4.0625 0.0000
-5.0000 3.1250 0.0000
-5.0000 3.4375 0.0000
-5.0000 2.8125 0.0000
-5.0000 1.2500 0.0000
-5.0000 1.8750 0.0000
-5.0000 2.1875 0.0000
-5.0000 1.5625 0.0000
-5.0000 0.6250 0.0000
-5.0000 0.9375 0.0000
-5.0000 0.3125 0.0000
-5.0000 -2.5000 0.0000
-5.0000 -1.2500 0.0000
-5.0000 -0.6250 0.0000
-5.0000 -0.3125 0.0000
-5.0000 -0.9375 0.0000
-5.0000 -1.8750 0.0000
-5.0000 -1.5625 0.0000
-5.0000 -2.1875 0.0000
-5.0000 -3.7500 0.0000
-5.0000 -3.1250 0.0000
-5.0000 -2.8125 0.0000
-5.0000 -3.4375 0.0000
-5.0000 -4.3750 0.0000
-5.0000 -4.0625 0.0000
-5.0000 -4.6875 0.0000
3.8586 -2.8844 0.0001
3.6626 -3.0877 0.0001
4.4468 0.0739 0.0000
4.5095 -1.5163 0.0000
4.2808 -1.4081 0.0000
4.4219 -1.7528 0.0000
4.1311 -1.6174 0.0001
4.1585 -1.8959 0.0001
4.1246 -2.1530 0.0000
2.3077 1.7499 0.0225
2.0539 -3.0865 0.0020
4.5097 3.4696 0.0000
4.4908 3.1797 0.0000
-4.5274 -3.1556 0.0000
-4.7508 -3.0009 0.0000
-4.7438 -3.3106 0.0000
-3.9645 2.0256 0.0002
-4.0184 1.7531 0.0002
-4.2743 1.6539 0.0000
-4.5284 1.5345 0.0000
-1.2991 1.6660 0.0166
-4.4939 3.5098 0.0000
-1.9470 0.4081 0.0732
4.7103 -1.9462 0.0000
4.4800 2.9070 0.0000
4.5431 4.3871 0.0000
4.2115 -3.2343 0.0000
0.3431 -2.6942 0.0015
0.1312 -2.8153 0.0011
0.2367 -3.0350 0.0007
3.8973 -1.8409 0.0003
3.8406 -2.0889 0.0003
3.6269 -2.3208 0.0006
-2.9505 0.6626 0.0378
-2.9342 0.4864 0.0424
-3.1227 0.4132 0.0293
3.5178 3.5503 0.0002
3.4468 3.3115 0.0003
-0.0780 0.7996 0.0231
-0.3174 0.7239 0.0252
-1.3875 -1.8378 0.0136
-1.4969 -2.0343 0.0107
2.2482 2.0174 0.0149
1.8480 -2.6414 0.0047
1.1096 1.9584 0.0093
0.8858 1.8315 0.0099
0.6520 1.7042 0.0105
0.8696 1.5542 0.0144
0.6095 1.4490 0.0144
2.1142 -3.6100 0.0005
4.4511 -0.6644 0.0000
4.0868 -0.6365 0.0003
4.7391 2.4267 0.0000
4.7820 2.1870 0.0000
4.5433 2.1299 0.0000
-0.2862 3.0783 0.0006
-0.4627 2.8517 0.0011
1.9979 0.0188 0.0800
1.9982 -0.0901 0.0798
1.8814 -0.1356 0.0760
1.7215 -0.2568 0.0687
1.8543 -0.2694 0.0734
1.7189 -0.3945 0.0660
1.6033 -0.4939 0.0592
1.6101 -0.6473 0.0551
-1.9437 2.2748 0.0097
-1.9316 2.0506 0.0142
-2.1453 2.0069 0.0160
-0.5874 0.6916 0.0281
-0.6614 0.4839 0.0324
-2.3634 3.2574 0.0013
-2.6625 3.4660 0.0006
-2.6452 3.2242 0.0011
-2.7506 2.9670 0.0018
3.7147 -4.5235 0.0000
3.8963 -4.7607 0.0000
3.5775 -4.7560 0.0000
-4.2342 -1.8847 0.0001
1.4966 -4.0653 0.0001
-1.6970 2.9277 0.0024
2.7310 -1.8486 0.0154
-0.8616 -3.6652 0.0001
-2.6021 0.5892 0.0620
-2.6188 0.4315 0.0654
-2.7732 0.3707 0.0566
-2.7580 0.5485 0.0539
-2.9462 0.2767 0.0444
-1.7320 -3.1595 0.0013
2.2881 -1.0825 0.0507
2.1126 -1.1660 0.0468
1.9519 -1.0478 0.0498
2.0310 -1.3165 0.0394
1.8605 -1.2301 0.0404
-4.2710 -0.5031 0.0001
-4.2667 -0.7929 0.0001
-4.4908 2.7201 0.0000
-4.7429 2.5791 0.0000
-4.0442 -1.1238 0.0004
-4.1505 -1.3770 0.0002
4.4989 -0.1870 0.0000
4.5497 -0.4338 0.0000
4.2796 -0.4299 0.0001
-3.3570 2.5638 0.0011
-3.6118 2.4196 0.0005
3.4746 2.7452 0.0008
3.2349 2.7631 0.0014
3.0007 2.6085 0.0030
-3.7356 -3.7464 0.0001
-4.0312 -3.7846 0.0000
3.2672 0.9013 0.0157
1.5913 -3.5734 0.0005
-2.4254 -2.3594 0.0079
3.6904 -3.3931 0.0000
-4.5864 -1.2072 0.0000
-2.9802 -3.7253 0.0003
3.1260 -0.5468 0.0275
2.9188 -0.6213 0.0410
2.8602 -0.8162 0.0401
2.7808 -0.4874 0.0538
2.7158 -0.6666 0.0534
2.6548 -0.8404 0.0509
-0.0820 2.5245 0.0019
-0.0644 2.2525 0.0033
-0.1143 2.0035 0.0053
2.2720 0.5591 0.0722
2.2217 0.4285 0.0765
2.1224 0.5102 0.0735
2.0486 0.3898 0.0760
2.2751 3.1629 0.0016
2.0403 3.0307 0.0020
-2.2275 -0.3653 0.0781
-2.3816 -0.5449 0.0711
-2.6111 -0.6989 0.0578
-3.4177 -4.1876 0.0000
-3.7294 -4.2494 0.0000
1.4079 -0.8922 0.0408
-4.7571 -0.4722 0.0000
-4.7617 -0.7765 0.0000
0.0868 -4.3019 0.0000
-3.9217 -2.3606 0.0002
4.3293 0.3449 0.0001
4.1352 0.1250 0.0003
2.4728 -0.0012 0.0780
2.3605 -0.0750 0.0812
2.4719 -0.1482 0.0774
2.3354 -0.1961 0.0806
2.2366 -0.1472 0.0822
2.2411 -0.0390 0.0828
2.1789 -0.2443 0.0808
2.1143 -0.1343 0.0816
2.0061 -0.2184 0.0786
2.0962 -0.3113 0.0787
-0.5551 2.3669 0.0031
-0.8703 2.2175 0.0051
2.0259 2.4506 0.0067
2.0487 2.1580 0.0114
-2.5962 3.7287 0.0003
-2.2307 3.0095 0.0023
-2.4794 2.9898 0.0022
-2.0023 4.2384 0.0001
0.4628 4.7025 0.0000
-1.9296 -0.6615 0.0648
-2.0455 -0.7879 0.0621
-2.2023 -0.7745 0.0640
-2.1732 -0.9291 0.0571
-2.3057 -1.0486 0.0514
-2.3298 -1.2153 0.0436
-0.1970 -2.6541 0.0015
-0.0852 -2.9089 0.0008
-0.2703 -3.1433 0.0005
-0.1719 -3.3721 0.0003
-0.0806 1.4514 0.0122
-1.2518 -4.1316 0.0000
-2.9267 1.6991 0.0144
-3.0457 1.5060 0.0146
-3.4636 4.5230 0.0000
-3.5595 4.2457 0.0000
-3.2336 1.6331 0.0078
-3.1456 1.3144 0.0144
-3.3684 1.4251 0.0066
-3.5846 1.2650 0.0033
1.6079 -4.5507 0.0000
-0.0992 -2.3758 0.0026
3.0098 2.3541 0.0047
2.3293 -3.7590 0.0003
2.4963 -3.9764 0.0002
2.6100 -0.5255 0.0635
2.5223 -0.6786 0.0626
2.4567 -0.5192 0.0703
2.3640 -0.6059 0.0698
2.3467 -0.7513 0.0646
2.3097 -0.9098 0.0583
2.4845 -0.8447 0.0576
2.6391 -1.0167 0.0451
2.4707 -1.0042 0.0513
2.1751 -0.8037 0.0633
2.1334 -0.9752 0.0555
-3.9380 -2.6094 0.0002
-4.1942 -2.7588 0.0000
0.2993 -1.6915 0.0089
-3.1297 -4.2100 0.0001
-0.7699 1.4575 0.0148
-0.7152 1.2152 0.0191
-0.9117 1.0584 0.0250
-1.1204 1.0306 0.0295
1.8687 1.2240 0.0401
-1.2047 2.7020 0.0028
-1.3926 2.5229 0.0045
-2.8127 1.9216 0.0124
-1.3310 0.4306 0.0504
-1.5043 0.4117 0.0572
-1.6753 0.3195 0.0657
-4.2942 1.3653 0.0000
4.7076 1.9255 0.0000
4.7601 -1.0779 0.0000
4.2598 2.4862 0.0000
4.0003 2.5844 0.0001
4.0529 2.3160 0.0001
3.7938 2.3583 0.0004
3.7389 2.6517 0.0004
3.5239 2.4512 0.0011
3.2539 2.4815 0.0023
3.3370 2.2223 0.0028
3.1042 2.1483 0.0055
3.0169 1.9056 0.0094
3.9712 1.1357 0.0006
-0.3052 4.5209 0.0000
0.4615 4.3562 0.0000
-4.5162 -1.5081 0.0000
-2.7110 -1.9303 0.0139
-2.9311 -1.9867 0.0097
-2.8900 -2.2182 0.0070
-2.9510 -2.4497 0.0043
3.1122 -1.6434 0.0106
0.5248 -2.4728 0.0025
0.4784 -0.7622 0.0258
0.3144 -0.9276 0.0218
1.3020 -2.5779 0.0038
0.9243 2.6860 0.0021
0.6614 2.7200 0.0016
0.4251 2.3982 0.0028
-2.8264 -1.5039 0.0220
-2.9248 -1.7314 0.0142
-1.5044 -2.6228 0.0036
-1.7654 -2.6944 0.0037
-0.1094 4.0625 0.0001
-0.3520 4.2480 0.0000
-0.6243 4.1444 0.0001
-0.3796 3.9721 0.0001
-0.6261 3.8587 0.0001
-0.8400 3.6699 0.0003
-0.3039 2.3077 0.0031
-0.3707 2.0742 0.0049
-0.6241 2.1431 0.0049
-0.5827 1.8795 0.0074
4.7327 -0.7603 0.0000
-4.7635 2.8356 0.0000
0.7560 -1.1671 0.0206
-1.8511 -2.9270 0.0024
2.9539 -4.2572 0.0000
-4.2603 0.8240 0.0001
0.9278 -3.9700 0.0001
3.9120 -2.3705 0.0001
3.7373 -2.6013 0.0002
3.4528 -2.5594 0.0008
-4.7509 0.4616 0.0000
1.0771 -3.6761 0.0003
-4.2723 2.5296 0.0000
-4.4993 2.4106 0.0000
-4.7512 2.2964 0.0000
4.4955 2.3741 0.0000
4.2867 2.1690 0.0000
3.9535 3.9954 0.0000
3.7641 3.7594 0.0000
3.7617 3.4552 0.0001
1.4706 2.5562 0.0041
1.3070 2.7646 0.0023
1.1542 2.5491 0.0033
-2.1241 -0.1615 0.0813
-2.2202 -0.2342 0.0808
-2.3512 -0.2753 0.0788
-2.3482 -0.4064 0.0759
-2.4210 -0.1507 0.0789
-2.4909 -0.2740 0.0747
-2.4758 -0.4089 0.0724
-2.5265 -0.5677 0.0659
-2.6222 -0.3117 0.0676
-2.6119 -0.4527 0.0651
-2.2013 2.2571 0.0105
-2.3788 2.0529 0.0144
-0.1575 -4.0089 0.0001
-0.1740 -4.2804 0.0000
-1.1198 -4.3820 0.0000
-3.9019 4.7561 0.0000
0.2647 -2.4208 0.0025
0.0609 -2.5758 0.0017
-3.9079 -2.8757 0.0001
-4.1382 -3.0558 0.0000
1.7443 -4.7699 0.0000
1.6652 -2.1609 0.0103
1.4126 -2.0927 0.0097
1.6638 -3.8334 0.0003
-2.4572 -4.5124 0.0000
-2.7407 -4.4934 0.0000
-2.6376 -4.7547 0.0000
-2.9216 -4.7459 0.0000
3.9436 0.6374 0.0009
3.7434 0.4297 0.0030
-0.9860 -3.3860 0.0004
-1.0402 -3.8980 0.0001
2.5295 2.1543 0.0110
2.4681 1.9114 0.0169
-2.3503 2.5101 0.0064
-1.7412 0.9861 0.0473
-0.5965 -2.2061 0.0045
-0.6481 -2.4707 0.0027
1.5341 -3.0258 0.0018
1.3070 -3.1934 0.0011
1.3242 -3.4861 0.0006
-0.0205 0.0870 0.0303
-0.0473 -0.1550 0.0301
-0.1116 -0.3993 0.0285
-0.1667 -0.6415 0.0257
0.1528 1.5306 0.0112
1.4147 -1.1973 0.0313
1.2617 -1.3487 0.0238
3.5279 -0.9857 0.0055
3.4847 -1.2280 0.0053
-0.8969 3.9929 0.0001
-1.0995 3.7936 0.0002
-1.4205 3.6453 0.0004
1.4977 4.2547 0.0000
1.5926 4.0396 0.0001
1.2488 4.1495 0.0000
1.3709 3.8822 0.0001
1.0688 3.8862 0.0001
3.2137 -2.7458 0.0012
2.8915 -2.8847 0.0018
2.6309 -3.0195 0.0019
-0.5685 -3.6899 0.0001
-0.7366 -3.9433 0.0001
-0.8472 1.9655 0.0076
-1.0677 1.8188 0.0112
-0.8099 1.7110 0.0108
-1.0278 1.5590 0.0155
-1.2221 1.4149 0.0214
2.7349 2.7654 0.0031
2.5059 2.7259 0.0038
-4.3075 -3.7889 0.0000
-4.3150 -3.2766 0.0000
-4.4960 -3.4877 0.0000
-4.7614 -3.6086 0.0000
-4.5326 -3.7645 0.0000
-4.7594 -3.9245 0.0000
2.9720 -0.2008 0.0431
2.2718 2.5773 0.0054
3.6243 -1.7812 0.0015
2.2801 0.3026 0.0793
2.3146 0.1766 0.0811
2.2122 0.0859 0.0826
2.1215 -0.0100 0.0823
0.4540 -0.1264 0.0328
0.1929 -0.0824 0.0307
0.1061 -0.3219 0.0292
-2.2943 -4.2868 0.0001
0.1676 2.2778 0.0033
4.7515 -2.6946 0.0000
4.0122 -4.1159 0.0000
4.2270 -4.0043 0.0000
4.1885 -4.3387 0.0000
4.0026 -4.5093 0.0000
3.8610 -4.2861 0.0000
2.7259 0.5442 0.0562
2.5810 0.5284 0.0647
2.4301 0.5450 0.0699
2.5033 0.3962 0.0717
2.3581 0.4195 0.0754
2.6670 0.3774 0.0637
2.5542 0.2495 0.0723
2.4127 0.2797 0.0773
2.4498 0.1416 0.0781
2.3433 0.0513 0.0816
1.4579 -0.1574 0.0592
1.3360 -0.3236 0.0525
-3.3474 0.2268 0.0161
-3.5262 0.0133 0.0085
0.9520 -4.2102 0.0001
0.8534 -4.4968 0.0000
4.7434 0.0969 0.0000
-1.7690 0.6134 0.0617
0.1809 4.1738 0.0000
4.0607 2.0637 0.0002
3.8282 2.0856 0.0005
3.5793 2.1419 0.0014
3.8329 1.8352 0.0007
3.5712 1.8771 0.0021
3.4041 1.6464 0.0050
-1.2885 -2.1655 0.0075
3.5574 -2.8220 0.0003
3.3670 -2.9783 0.0004
3.1167 -3.0206 0.0008
3.1856 -3.2587 0.0004
-2.2222 -1.4944 0.0319
-2.3894 -1.6449 0.0256
2.0795 1.8251 0.0198
1.9245 1.6472 0.0244
1.9642 1.3992 0.0342
4.5046 -0.9483 0.0000
4.5209 -1.2351 0.0000
4.7350 -2.9886 0.0000
0.5357 -3.4485 0.0003
0.5433 -3.7131 0.0002
0.3453 -3.9113 0.0001
-0.0506 4.7849 0.0000
-0.0402 4.5740 0.0000
1.3667 -1.8288 0.0139
1.6625 0.2903 0.0660
1.6516 0.1456 0.0673
1.5286 0.3617 0.0595
1.4897 0.1888 0.0604
1.5613 0.0051 0.0642
1.3933 0.0216 0.0574
4.2201 -0.1399 0.0002
4.0080 -0.3392 0.0006
3.8166 -0.5356 0.0018
3.5638 -0.4910 0.0065
2.4873 -1.3784 0.0352
2.3588 -1.5561 0.0299
2.2587 -1.7830 0.0224
2.1079 -1.9716 0.0169
1.8781 -2.0570 0.0137
-4.2583 0.0921 0.0001
-1.4446 0.5934 0.0507
-1.6347 0.5072 0.0599
-1.7925 0.4459 0.0673
2.6878 -3.7854 0.0002
0.3415 -1.1543 0.0178
0.1179 -1.2373 0.0158
4.0101 -1.2984 0.0003
3.8378 -1.5596 0.0006
2.8516 4.4948 0.0000
2.7443 4.2468 0.0001
2.6484 3.9950 0.0002
-0.7565 2.8819 0.0013
-0.9340 2.6572 0.0024
2.7610 2.2850 0.0074
2.7005 1.9294 0.0140
3.9100 4.7612 0.0000
-4.5103 -0.3324 0.0000
-4.5166 -0.6396 0.0000
1.3429 2.3657 0.0054
1.1241 2.2412 0.0059
-1.2563 -2.8220 0.0020
-1.4194 4.2136 0.0001
-1.7146 4.2393 0.0001
-0.3650 -2.9090 0.0008
-0.6380 -2.9376 0.0009
-0.5181 -3.1987 0.0004
-0.8201 -3.1549 0.0006
-1.5995 3.4266 0.0008
-1.8733 3.4783 0.0007
-1.7794 3.2013 0.0014
3.6131 -0.0165 0.0058
3.4153 -0.2264 0.0127
3.3371 -0.4852 0.0154
-4.7696 3.9057 0.0000
-4.7576 3.6152 0.0000
-0.8730 -0.8265 0.0302
-0.9513 -1.0612 0.0262
-1.0590 -1.2669 0.0229
0.5192 -0.3491 0.0321
0.2797 -0.4958 0.0282
-1.2743 -3.3616 0.0005
-1.6022 -4.5285 0.0000
0.1648 0.7429 0.0242
0.0416 0.5596 0.0266
-0.1755 0.5573 0.0269
-0.3021 0.3796 0.0296
0.1390 0.3584 0.0290
-0.0634 0.3295 0.0291
-0.2318 0.1900 0.0306
-0.4244 0.1287 0.0325
-4.4907 -4.0469 0.0000
1.9191 1.9668 0.0151
1.7337 2.0909 0.0112
4.7657 4.2224 0.0000
4.3066 4.4769 0.0000
4.0368 4.4991 0.0000
4.1549 4.2132 0.0000
3.7505 4.5295 0.0000
3.8680 4.2637 0.0000
3.6675 4.0342 0.0000
-0.5914 -1.8643 0.0080
-0.7530 -2.0233 0.0068
-0.9710 -2.1223 0.0065
-1.4422 -1.1236 0.0344
-1.7374 -1.2447 0.0366
-1.3095 -1.2996 0.0262
-1.5453 -1.3225 0.0299
-1.6469 -1.5112 0.0254
-4.5045 -1.7898 0.0000
-0.1908 -1.5800 0.0106
-0.4578 -1.6527 0.0104
2.7254 0.0185 0.0636
2.5987 -0.0755 0.0718
2.7363 -0.1604 0.0622
2.5894 -0.2372 0.0708
-0.4516 -3.9405 0.0001
-0.6806 -4.2215 0.0000
4.1852 -2.4264 0.0000
4.0151 -2.6586 0.0000
-3.4989 -1.7621 0.0032
-3.6544 -2.0899 0.0011
0.0171 -3.1640 0.0005
0.5453 -1.2878 0.0163
0.5372 -1.5681 0.0115
1.1204 -1.7380 0.0130
1.1584 -2.0068 0.0090
0.9121 -1.8928 0.0089
0.2416 -0.7177 0.0249
0.0161 -0.8030 0.0230
0.1207 -0.9880 0.0201
-0.0799 -1.0727 0.0186
-2.1823 1.0664 0.0516
-2.3252 0.9577 0.0560
-2.4725 0.8475 0.0578
-2.6208 0.7464 0.0559
-2.4622 0.6682 0.0651
-2.4883 1.0340 0.0496
-2.6494 0.9158 0.0484
-2.7792 0.7121 0.0481
-3.2744 3.1353 0.0004
-3.5350 3.0178 0.0002
0.4551 -4.7515 0.0000
-4.0136 0.1333 0.0006
-4.0030 -0.1035 0.0007
-4.0453 -0.3438 0.0005
-4.2740 -0.1867 0.0001
-3.5241 -0.8870 0.0066
-3.7597 -1.0670 0.0020
0.8269 -2.6306 0.0023
1.3192 4.4776 0.0000
1.0795 4.4044 0.0000
0.8787 3.6650 0.0001
0.6776 3.5108 0.0002
0.5462 3.1979 0.0004
0.2724 3.1494 0.0005
4.7810 -4.7816 0.0000
-1.4270 2.8375 0.0025
-1.6257 2.6553 0.0041
3.0299 1.2357 0.0211
3.0464 0.9984 0.0253
2.8151 1.0731 0.0352
2.8729 0.8506 0.0387
2.6835 0.8822 0.0479
-0.4816 -2.6759 0.0016
-0.7668 -2.6858 0.0018
-0.9517 -2.8887 0.0013
2.7539 3.2583 0.0011
2.7397 3.0130 0.0018
-2.5698 -4.2403 0.0001
1.4452 -0.4811 0.0535
1.4489 -0.6716 0.0487
1.2638 -0.5351 0.0460
1.1047 -0.7013 0.0376
4.7659 -3.5605 0.0000
1.8111 -2.3437 0.0082
3.3569 -1.6968 0.0049
-0.7272 -0.3982 0.0349
-0.8037 -0.6088 0.0332
-1.0334 -0.6490 0.0374
-1.0913 -0.8761 0.0335
4.1687 1.3520 0.0002
-0.3602 2.5841 0.0019
-0.6402 2.6332 0.0020
-0.8132 2.4260 0.0034
-1.1060 2.4147 0.0044
-1.9718 -2.5474 0.0054
-2.2793 -2.6251 0.0049
2.9897 3.1599 0.0010
-3.9660 3.4082 0.0000
-0.3981 -3.4603 0.0002
-0.6954 -3.4252 0.0003
-3.1587 -1.8556 0.0076
-3.3965 -1.9747 0.0034
-3.4207 -2.2483 0.0021
-1.5653 -2.8947 0.0021
4.4201 4.1824 0.0000
4.2979 3.9567 0.0000
4.1095 3.8269 0.0000
3.9964 3.6077 0.0000
0.1554 -4.7606 0.0000
-1.4090 -3.1048 0.0011
-0.9751 1.2954 0.0205
-1.1736 1.1857 0.0265
-1.3463 0.9916 0.0360
-1.3807 1.2256 0.0297
-1.5491 1.0807 0.0385
-3.2901 -0.7309 0.0163
-3.0892 -0.9070 0.0247
-3.2871 -1.0134 0.0136
-3.4718 -1.1605 0.0065
-3.6250 -1.3254 0.0031
1.6632 2.4253 0.0059
2.2704 2.8694 0.0030
-0.9501 -4.1632 0.0000
0.9873 1.1536 0.0245
0.9617 0.9362 0.0293
0.7441 0.8229 0.0281
0.5446 0.9415 0.0233
0.4621 0.7126 0.0265
0.2906 0.5539 0.0275
1.6399 -1.2267 0.0357
1.7356 -1.4261 0.0305
1.5014 -1.4159 0.0264
1.3254 -1.5828 0.0189
3.8277 -3.6511 0.0000
3.5802 -3.7054 0.0000
-0.4652 -0.9492 0.0224
-0.7071 -0.9958 0.0240
-0.5461 -1.1946 0.0185
-0.7835 -1.2148 0.0203
-4.7599 1.0765 0.0000
-2.8030 1.4857 0.0230
-3.4238 0.7172 0.0101
0.2067 3.8943 0.0001
0.2376 3.6378 0.0001
-0.0416 3.8361 0.0001
-0.0133 3.5973 0.0002
-0.2881 3.7566 0.0001
-0.5210 3.6103 0.0002
-1.8214 -1.4170 0.0314
-2.1033 -1.6962 0.0240
-2.2427 -1.8846 0.0183
-1.8865 -3.8583 0.0002
-2.0597 -4.1022 0.0001
-3.5073 2.0897 0.0015
-3.7299 2.2027 0.0004
-3.6952 1.9068 0.0009
-3.7924 1.7136 0.0007
1.8773 1.0260 0.0487
1.6977 1.0786 0.0424
1.5373 0.9585 0.0427
-2.6887 -2.4291 0.0060
-2.1562 3.9879 0.0002
2.0919 -3.3360 0.0011
4.7517 -0.1798 0.0000
4.7675 -0.4743 0.0000
-2.6679 -3.9592 0.0002
4.4091 0.8544 0.0000
4.2232 0.6150 0.0002
0.2801 -3.6078 0.0002
0.0559 -3.8079 0.0001
0.1183 -4.0728 0.0001
-4.0240 0.9089 0.0004
-3.9294 0.6699 0.0009
3.2743 -4.7489 0.0000
-2.0687 0.5250 0.0726
-3.1641 0.6483 0.0237
-3.3426 0.4611 0.0152
-1.1371 0.8671 0.0342
-1.2598 0.7867 0.0396
-1.2548 0.6197 0.0437
-3.7107 4.0177 0.0000
-3.7903 3.7668 0.0000
3.9200 -0.0709 0.0012
3.7141 -0.2670 0.0035
2.6463 -4.2357 0.0001
2.3395 -4.2282 0.0001
2.2002 -4.4935 0.0000
-2.3089 4.7493 0.0000
1.4807 0.5454 0.0537
1.2663 0.5276 0.0468
1.3667 0.3625 0.0534
1.1685 0.3559 0.0467
1.0990 0.1805 0.0463
-4.7633 -1.3915 0.0000
-4.0347 3.0584 0.0000
-4.2344 2.7973 0.0000
2.2292 -2.6578 0.0049
2.2779 -2.9284 0.0028
-3.7258 3.4912 0.0000
4.7237 0.7878 0.0000
4.7787 0.4981 0.0000
4.5068 0.5841 0.0000
-4.7860 -1.0715 0.0000
0.7428 3.8988 0.0001
0.5055 3.7367 0.0001
0.4172 3.4271 0.0002
0.1233 3.3687 0.0003
-1.0975 2.1157 0.0072
-1.2868 1.9477 0.0110
2.3596 -3.1601 0.0016
-1.8379 0.2965 0.0722
-1.9856 0.2811 0.0770
-1.9087 0.1611 0.0766
-1.9883 0.0412 0.0796
-2.0466 0.1690 0.0801
-2.1060 0.3026 0.0790
-2.1108 0.0699 0.0819
-2.0605 -0.0658 0.0811
-2.1596 0.2068 0.0812
-2.2092 0.1347 0.0822
-2.2650 0.0672 0.0825
-2.3074 -0.0160 0.0822
-2.3911 -0.0441 0.0805
-2.1672 -0.0075 0.0826
-2.2123 -0.0842 0.0825
-2.2970 -0.1454 0.0816
3.4553 3.0352 0.0005
1.5973 4.5288 0.0000
-0.8855 -1.3986 0.0176
-0.9564 -1.5869 0.0145
-1.1602 -1.4720 0.0193
-1.1761 -1.7132 0.0141
-3.0202 -4.4771 0.0000
-3.1925 -4.7335 0.0000
-2.6258 -2.9169 0.0024
4.4571 -3.1068 0.0000
-0.6846 0.9807 0.0237
-0.9390 0.8501 0.0304
-1.0448 0.6682 0.0368
-3.7603 1.4789 0.0011
-3.8468 1.2236 0.0009
-4.0309 1.4677 0.0002
-4.0882 1.1598 0.0002
-4.3814 -2.9567 0.0000
0.1331 2.0140 0.0053
-0.0551 1.7314 0.0082
-0.0667 4.3251 0.0000
3.0640 4.2321 0.0001
1.7710 1.7931 0.0184
1.5675 1.9288 0.0132
1.5640 1.6639 0.0197
1.3162 1.5488 0.0194
-2.8101 2.7159 0.0030
-3.0958 2.6511 0.0020
4.5266 -3.6492 0.0000
4.1608 -3.7144 0.0000
3.9494 -3.8513 0.0000
-3.5538 3.2801 0.0001
-3.8139 3.2012 0.0000
-2.5858 4.7486 0.0000
2.4302 -0.2842 0.0769
2.2781 -0.3121 0.0794
2.3628 -0.4154 0.0757
2.2710 -0.5048 0.0744
2.1880 -0.4035 0.0775
2.2185 -0.6525 0.0695
0.6067 0.0288 0.0352
0.3190 -0.2894 0.0306
-3.2976 -4.4606 0.0000
-3.4411 -4.7378 0.0000
-4.2043 4.7575 0.0000
-4.1694 4.2685 0.0000
-1.9900 1.8261 0.0204
-1.9607 -3.3231 0.0010
4.2675 3.6140 0.0000
4.2478 3.3401 0.0000
-1.4751 -2.3268 0.0063
-1.7240 -2.4256 0.0061
4.7803 3.8830 0.0000
4.4967 3.7775 0.0000
0.3236 2.8997 0.0009
0.1023 2.7793 0.0011
2.1808 1.3540 0.0378
2.0623 1.1603 0.0456
3.6046 -4.2551 0.0000
3.4202 -4.4858 0.0000
-4.7100 -4.2315 0.0000
0.2000 4.7579 0.0000
0.2097 4.4820 0.0000
-3.0552 4.2073 0.0000
-3.3090 4.0704 0.0000
-3.4957 3.9189 0.0000
-3.5444 3.6709 0.0000
-1.8573 4.4991 0.0000
1.8405 -3.5804 0.0006
-0.8790 3.1427 0.0009
-1.0396 2.9164 0.0016
2.0968 0.6356 0.0688
1.9695 0.5090 0.0709
1.9178 0.3812 0.0731
1.7923 0.3931 0.0688
1.4367 -4.3515 0.0001
1.4254 -4.7721 0.0000
-1.2421 -0.7691 0.0401
-1.3361 -0.4237 0.0512
-1.2282 -0.5959 0.0439
-1.4139 -0.5929 0.0501
-1.4300 -0.7529 0.0461
-1.3356 -0.9363 0.0378
-1.5255 -0.4414 0.0578
-1.5891 -0.5922 0.0563
-1.6093 -0.7454 0.0522
-1.7250 -0.9000 0.0501
-1.5338 -0.9234 0.0437
-1.6409 -1.0867 0.0406
-2.9727 2.1232 0.0069
-3.1014 1.8576 0.0080
4.7530 3.5962 0.0000
4.7529 3.2922 0.0000
-4.7558 -4.5128 0.0000
-1.5746 0.8866 0.0460
-1.6016 0.6889 0.0535
-1.3604 3.8764 0.0002
-1.6904 3.7231 0.0004
-1.1244 -2.3241 0.0050
-1.2747 -2.5168 0.0038
4.7404 -4.5139 0.0000
4.4579 -4.4626 0.0000
4.5118 -4.7422 0.0000
4.2184 -4.7028 0.0000
-4.7782 4.7723 0.0000
-0.6079 0.0373 0.0351
-0.7846 -0.0325 0.0384
-0.6535 -0.1877 0.0354
-0.8659 -0.2361 0.0394
-1.0681 -0.2443 0.0447
-0.9501 -0.4395 0.0391
-1.1469 -0.4229 0.0448
4.4906 1.1319 0.0000
4.2425 1.0924 0.0001
4.5193 -3.3608 0.0000
4.2975 -3.4940 0.0000
-0.7017 3.3852 0.0004
-0.5894 3.1075 0.0007
1.5797 -3.3107 0.0010
0.3192 -1.4157 0.0131
0.0760 -1.5044 0.0114
-0.5426 4.7188 0.0000
-0.8098 4.7597 0.0000
-3.6735 -2.3848 0.0007
-3.6740 -2.6751 0.0005
-1.7622 -4.0746 0.0001
-1.7941 -4.3132 0.0000
-4.7613 1.7047 0.0000
-2.8703 3.7138 0.0002
-3.0956 3.6010 0.0002
-3.1675 3.3640 0.0003
-3.3866 3.4689 0.0001
-3.5707 -4.4712 0.0000
-3.8711 -4.4962 0.0000
-3.6915 -4.7378 0.0000
-3.9662 -4.7502 0.0000
-1.9693 -3.6174 0.0004
0.7519 4.7684 0.0000
0.6800 4.5263 0.0000
-1.7237 -2.1536 0.0100
-1.9502 -2.2532 0.0093
-2.1719 -2.3984 0.0076
-0.2687 -1.8395 0.0074
-1.3996 -1.5498 0.0206
-1.5868 -1.7283 0.0182
-1.7194 -1.9029 0.0151
2.8480 1.7316 0.0158
-1.9208 1.0814 0.0477
-2.0680 1.1900 0.0452
-1.9016 0.8904 0.0553
-2.0619 0.9700 0.0549
-2.7719 -0.3983 0.0563
-2.8797 -0.6115 0.0442
-3.0280 -0.7064 0.0321
2.0186 -2.8285 0.0034
1.7559 -2.8648 0.0029
1.8090 -3.1111 0.0017
-2.1750 -3.8190 0.0003
-2.3737 -4.0151 0.0002
-1.3373 2.2463 0.0071
-1.5069 2.0638 0.0109
-4.0187 3.6593 0.0000
0.6991 -2.0414 0.0061
0.5779 -2.2267 0.0041
-2.2918 4.2365 0.0001
-2.9062 2.4585 0.0043
4.2089 3.0631 0.0000
4.2349 2.7693 0.0000
2.5348 -3.5993 0.0005
-1.3924 4.7367 0.0000
2.6763 3.5109 0.0006
2.5125 3.2900 0.0011
2.5081 3.0080 0.0021
-1.3328 -4.4842 0.0000
3.2146 3.3215 0.0005
0.6684 -1.7585 0.0093
0.4640 -1.9095 0.0067
0.6953 -4.2452 0.0001
0.5671 -4.4923 0.0000
2.4139 -1.9583 0.0166
2.2901 -2.1280 0.0131
2.0436 -2.2315 0.0108
-1.3038 4.4680 0.0000
-1.4449 -3.6055 0.0003
-0.2351 -0.0248 0.0311
-0.2757 -0.2505 0.0305
-0.4457 -0.1058 0.0328
-0.4991 -0.3323 0.0321
-0.3362 -0.4829 0.0287
-0.5678 -0.5527 0.0303
-0.3978 -0.7159 0.0259
-0.6363 -0.7726 0.0275
-4.2866 -1.0670 0.0001
-4.5225 -0.9415 0.0000
-2.4585 -3.7231 0.0004
-0.8275 4.5193 0.0000
0.5625 1.2001 0.0185
0.3202 0.8764 0.0227
1.1004 1.6740 0.0141
1.0851 1.3922 0.0201
0.8158 1.3086 0.0187
0.7613 1.0622 0.0233
1.5240 1.4269 0.0262
1.3197 1.3083 0.0261
1.1854 1.1361 0.0285
1.3577 1.0625 0.0345
1.3800 -3.7700 0.0003
1.1920 -3.9585 0.0002
2.1519 0.3327 0.0787
2.1802 0.2080 0.0812
0.7285 -0.3809 0.0350
0.6654 -0.5530 0.0316
0.4697 -0.5516 0.0291
-4.7600 -1.6861 0.0000
2.0052 -1.7673 0.0223
1.8056 -1.8646 0.0178
1.6048 -1.9068 0.0148
4.7595 4.5232 0.0000
0.3957 -4.2155 0.0001
-4.4778 0.5986 0.0000
1.0704 -3.3691 0.0006
0.8009 -3.4867 0.0004
2.3386 -3.4429 0.0008
4.6033 4.0400 0.0000
1.8441 4.0711 0.0001
1.9298 3.8200 0.0002
1.6661 3.7898 0.0002
1.4794 3.5879 0.0003
1.2928 3.3408 0.0005
0.9755 -1.0484 0.0263
0.9568 -1.3072 0.0200
1.0770 -1.4851 0.0176
0.7541 -1.4353 0.0151
0.8761 -1.6216 0.0128
-0.4279 -2.0224 0.0058
-0.1056 3.2778 0.0004
0.0232 3.0415 0.0006
-0.1754 2.8097 0.0011
4.7626 -1.3868 0.0000
4.7400 -1.6818 0.0000
-0.4357 0.5467 0.0287
-0.5102 0.3176 0.0322
-0.6695 0.2077 0.0354
-4.5429 1.2330 0.0000
2.3624 1.5309 0.0300
2.1368 1.5740 0.0286
1.1237 -0.1703 0.0470
1.1318 -0.3496 0.0452
0.9081 -0.4085 0.0384
1.0574 -0.5389 0.0398
-0.8619 4.2669 0.0001
-1.0990 4.2884 0.0001
-1.1846 4.0716 0.0001
2.0349 -4.2490 0.0001
1.9013 -4.5122 0.0000
0.9391 -2.1795 0.0057
0.7741 -2.3797 0.0036
0.1525 -3.3764 0.0003
-0.0291 -3.5574 0.0002
-0.2545 -3.7152 0.0001
-3.9535 2.3179 0.0001
-4.2213 2.2456 0.0000
-4.4908 2.1254 0.0000
-4.2452 1.9504 0.0000
-4.5085 1.8327 0.0000
1.7895 3.5166 0.0005
1.5587 3.3195 0.0007
2.4256 4.2158 0.0001
2.4196 3.9324 0.0002
2.1585 4.0489 0.0001
2.2134 3.7724 0.0003
0.1916 -1.9555 0.0058
0.6618 1.9695 0.0070
0.4337 1.8763 0.0074
0.1981 1.7945 0.0077
1.7937 2.6170 0.0044
1.8437 2.2886 0.0084
1.0492 -2.7652 0.0021
2.2373 4.3764 0.0000
1.9551 4.5239 0.0000
2.0414 4.2734 0.0001
1.7675 4.7388 0.0000
1.7617 4.3304 0.0000
0.5599 2.9625 0.0008
-0.2600 -2.1754 0.0041
-0.3830 -2.4017 0.0027
-2.5126 1.2260 0.0409
-2.6819 1.0984 0.0403
-2.8575 1.0614 0.0332
-3.0738 1.0744 0.0217
-2.8225 0.8795 0.0405
-3.0163 0.8538 0.0294
3.6790 1.5818 0.0019
3.4913 1.3604 0.0050
0.4153 2.6670 0.0015
0.1811 2.5344 0.0019
-2.8854 3.4395 0.0005
-2.9423 3.1905 0.0008
-3.0401 2.9276 0.0012
-3.3162 2.8429 0.0007
-1.5011 1.8139 0.0158
-2.2076 0.4217 0.0769
-2.2353 0.3050 0.0797
-2.3117 0.2019 0.0808
-2.3308 0.4495 0.0753
-2.4894 0.3605 0.0733
-2.3594 0.3340 0.0777
-2.4502 0.2286 0.0771
-2.5327 0.1292 0.0748
1.8070 3.2028 0.0012
1.8079 2.9062 0.0024
-2.3920 -1.3997 0.0350
-2.5919 -1.4541 0.0297
-2.6540 -1.6814 0.0211
-2.5349 -2.6569 0.0043
-2.8313 -2.6929 0.0032
-3.1284 -2.6599 0.0022
3.5851 4.3027 0.0000
3.3728 4.1033 0.0001
-2.8347 4.7121 0.0000
-3.0418 4.7714 0.0000
2.9624 3.7246 0.0003
-0.0817 -2.0230 0.0052
1.4684 4.7595 0.0000
-2.2231 -3.5242 0.0006
-1.6552 -3.7547 0.0002
-0.4101 -4.1799 0.0000
-0.5033 -4.4104 0.0000
0.0109 -1.7601 0.0079
3.9331 -3.1716 0.0000
4.0057 -3.4603 0.0000
2.0363 2.7360 0.0038
3.4965 0.5179 0.0088
3.2019 0.1867 0.0255
-3.6075 4.7615 0.0000
-1.5196 0.2590 0.0605
-1.6169 0.1435 0.0658
-1.7644 0.1630 0.0715
-2.9999 -3.4565 0.0005
-3.2438 -3.6365 0.0002
-3.2298 -3.9416 0.0001
-3.5328 -3.5396 0.0001
-3.4544 -3.8134 0.0001
-3.6032 -4.0055 0.0000
1.9000 -0.7037 0.0626
1.7455 -0.7365 0.0568
1.6104 -0.8487 0.0485
2.0053 -0.8507 0.0593
1.8314 -0.8825 0.0539
1.7410 -1.0400 0.0452
1.5365 -1.0376 0.0397
2.9789 2.8715 0.0019
2.7657 2.5373 0.0046
3.0397 0.0569 0.0382
2.8840 -0.0605 0.0511
3.0124 0.2863 0.0393
2.6947 0.1940 0.0648
2.8616 0.1318 0.0527
2.5841 0.0879 0.0725
-3.8829 -1.3509 0.0009
-3.9903 -1.6343 0.0004
-1.8520 -1.6742 0.0227
-1.9728 -1.9514 0.0157
-2.1826 -2.1404 0.0120
-4.4328 -2.6132 0.0000
0.3628 -2.1671 0.0041
-1.7066 4.7516 0.0000
3.5442 -1.5031 0.0030
3.2630 -1.4188 0.0093
4.5007 2.6424 0.0000
4.5414 1.6537 0.0000
0.8632 -0.6195 0.0338
0.9410 -0.8079 0.0314
0.6815 -0.7547 0.0282
0.7671 -0.9298 0.0258
0.5509 -1.0064 0.0219
0.6153 -2.7142 0.0017
-1.4244 0.7876 0.0445
-0.2331 3.4990 0.0002
-0.4222 3.3242 0.0004
3.8156 0.1783 0.0021
-4.7349 3.3329 0.0000
-4.7659 3.0935 0.0000
4.0245 -0.9910 0.0004
3.7658 -1.0544 0.0017
-2.6178 0.2649 0.0687
-2.6657 0.1072 0.0674
-2.7882 0.2073 0.0578
-2.8179 0.0531 0.0565
-2.8802 -0.1074 0.0512
-3.0558 -0.0929 0.0368
-3.7427 -1.8501 0.0011
-3.9909 -1.8964 0.0003
-2.1063 -0.3048 0.0788
-2.1153 -0.4492 0.0753
-2.2343 -0.5165 0.0738
-2.0137 -0.5323 0.0711
-2.1209 -0.6294 0.0693
-2.2860 -0.6642 0.0682
-2.4322 -0.7065 0.0641
-2.5311 -0.8527 0.0553
-1.5757 3.9812 0.0002
-1.8598 3.9816 0.0002
-1.8470 -1.0552 0.0468
-1.9596 -1.2267 0.0414
-2.0137 -1.4685 0.0318
4.7929 1.6856 0.0000
4.7258 1.4129 0.0000
4.4579 1.3657 0.0000
4.7422 2.9891 0.0000
4.7487 2.7013 0.0000
1.3067 -4.5650 0.0000
1.0773 -4.7398 0.0000
1.2240 -4.2086 0.0001
1.1076 -4.4418 0.0000
1.2154 4.7296 0.0000
0.9822 4.6612 0.0000
-3.5955 2.7277 0.0003
-3.7743 2.9302 0.0001
-3.9808 2.7801 0.0000
-3.8060 2.5680 0.0001
-4.0616 2.5343 0.0000
4.6615 -2.1986 0.0000
4.4102 -2.3078 0.0000
0.4674 -2.9415 0.0010
0.5894 -3.1736 0.0006
0.3478 -3.2565 0.0004
-4.7455 -1.9737 0.0000
-1.7057 0.0112 0.0700
-1.8499 0.0272 0.0754
3.7774 0.9374 0.0020
3.5093 1.0412 0.0062
3.4886 0.7888 0.0080
-1.1490 -3.6215 0.0002
-1.3208 -3.8433 0.0001
2.6045 -3.3091 0.0009
2.0415 -0.4405 0.0747
1.9643 -0.3485 0.0752
1.8597 -0.4248 0.0702
2.1226 -0.5434 0.0728
2.0580 -0.6827 0.0669
1.9521 -0.5477 0.0694
1.7762 -0.5637 0.0635
2.9579 3.4624 0.0006
0.4037 1.6115 0.0108
0.3490 1.3562 0.0146
0.3203 1.1116 0.0187
-3.9045 -2.1260 0.0004
-4.1795 -2.1654 0.0001
-4.1833 -2.4567 0.0001
4.0689 0.8657 0.0004
-4.7697 1.3955 0.0000
-3.8902 -4.0160 0.0000
-4.1939 -4.0265 0.0000
-4.0362 -4.2661 0.0000
-4.3398 -4.2666 0.0000
-4.4922 -4.4754 0.0000
-4.1884 -4.5155 0.0000
-4.2450 -4.7623 0.0000
-4.5036 -4.7345 0.0000
-4.7625 -4.7684 0.0000
-2.5313 1.8629 0.0181
-2.6754 1.6878 0.0206
-4.2656 -1.6163 0.0001
1.3431 0.8724 0.0401
1.1541 0.9264 0.0337
1.1538 0.7267 0.0389
0.9458 0.7311 0.0337
3.1659 -0.3150 0.0271
2.9606 -0.4102 0.0416
2.8088 -0.2931 0.0552
2.6673 -0.3614 0.0641
2.5188 -0.3874 0.0715
-0.8649 0.1388 0.0399
-0.9774 -0.0568 0.0431
-2.1896 0.6896 0.0679
-2.3298 0.7632 0.0643
-2.1936 0.5454 0.0732
-2.3255 0.5923 0.0709
-2.4621 0.5004 0.0706
-3.3307 -3.0792 0.0006
-3.5410 -3.2403 0.0003
-3.7444 -3.3822 0.0001
-3.8253 0.4294 0.0018
1.5644 3.0531 0.0015
1.5692 2.7868 0.0027
3.2808 4.7563 0.0000
2.9675 4.7612 0.0000
2.6638 4.7387 0.0000
2.5475 4.4777 0.0000
-4.5090 -0.0081 0.0000
-4.7511 -0.1642 0.0000
-2.0742 -2.7778 0.0035
-2.3340 -2.9230 0.0027
2.4983 -4.4877 0.0000
2.6526 -4.7478 0.0000
2.3502 -4.7471 0.0000
0.7860 -2.9362 0.0012
2.0419 0.9586 0.0545
1.9039 0.8475 0.0568
1.7127 0.8628 0.0512
1.8148 0.7147 0.0597
1.6608 0.6452 0.0572
3.1278 4.5313 0.0000
1.5419 2.2248 0.0079
1.3485 2.0748 0.0090
1.3353 1.8043 0.0137
4.5068 4.7118 0.0000
2.4589 -1.1747 0.0442
2.2922 -1.2775 0.0420
2.1956 -1.4112 0.0364
2.1131 -1.5873 0.0292
1.9443 -1.4797 0.0318
1.8103 -1.6466 0.0243
1.5793 -1.6545 0.0208
2.0443 0.2522 0.0788
2.0766 0.1241 0.0811
1.9236 0.2593 0.0757
1.9369 0.1358 0.0777
1.8671 -0.0009 0.0761
2.9792 1.4929 0.0175
2.8191 1.3102 0.0277
3.6984 1.2170 0.0024
-2.6920 1.2946 0.0328
-2.9080 1.2699 0.0250
2.8534 2.0829 0.0093
2.2644 -2.3860 0.0083
2.0208 -2.5002 0.0066
4.0332 0.3783 0.0006
-3.0473 3.9301 0.0001
-3.2697 3.7510 0.0001
3.3046 1.9356 0.0046
3.1392 1.6897 0.0099
-3.7012 0.7506 0.0030
-0.2682 0.9630 0.0209
-0.4904 0.8668 0.0240
4.7746 1.1911 0.0000
4.6992 1.0170 0.0000
2.3802 4.7626 0.0000
2.2799 4.5572 0.0000
2.0764 4.7529 0.0000
-1.5317 -3.9829 0.0001
-1.5011 -4.2614 0.0000
-3.2483 -1.3109 0.0117
-3.4283 -1.4801 0.0056
-3.7135 -1.5824 0.0016
-2.0627 -3.0636 0.0019
-2.2571 -3.2444 0.0013
1.1972 3.6334 0.0002
1.0041 3.4319 0.0003
0.7844 3.2665 0.0004
-3.2382 2.0783 0.0040
-3.3931 2.3016 0.0016
3.4616 3.8242 0.0001
-2.7703 -3.1946 0.0012
-2.7498 -3.4401 0.0007
-2.7316 -3.6902 0.0004
-3.1517 -2.1362 0.0050
-3.1830 -2.3843 0.0031
-3.4160 -2.5324 0.0013
-3.3977 -2.8022 0.0009
1.7560 1.5033 0.0274
1.7001 1.2969 0.0340
1.5099 1.1873 0.0339
4.6170 0.3134 0.0000
-1.9237 0.5494 0.0685
-2.0793 0.4109 0.0761
1.5267 0.7587 0.0492
1.3479 0.6907 0.0455
1.0589 0.5350 0.0405
2.3972 0.9974 0.0525
2.5047 0.8388 0.0567
2.3193 0.8404 0.0606
2.2185 0.6939 0.0673
-3.4085 1.8347 0.0033
-3.5371 1.6101 0.0027
3.5086 0.2449 0.0090
3.3491 0.0388 0.0165
3.1616 -0.0934 0.0285
-2.3888 0.0976 0.0804
-2.4901 0.0013 0.0772
-2.6176 -0.0139 0.0707
-2.7268 -0.0737 0.0633
-2.5506 -0.1373 0.0738
-2.6797 -0.1975 0.0657
-2.8214 -0.2534 0.0548
-2.9930 -0.2904 0.0407
-2.9358 -0.4541 0.0431
-3.1244 -0.5136 0.0285
2.5636 1.4195 0.0315
2.3886 1.3273 0.0381
2.4675 1.1714 0.0435
2.2684 1.1634 0.0463
2.2109 0.9952 0.0541
-1.1657 3.5667 0.0004
-1.3275 3.3599 0.0008
-1.4930 3.1406 0.0014
-3.1287 2.3510 0.0033
-2.1586 3.4971 0.0007
-2.4249 3.4999 0.0007
3.7109 0.7071 0.0032
-2.0498 0.6504 0.0679
-0.1265 -1.3261 0.0144
-0.3830 -1.3941 0.0141
-2.4898 -1.8669 0.0179
-2.4188 -2.0901 0.0128
-2.6464 -2.1580 0.0101
-1.0981 -4.7024 0.0000
1.3267 3.0515 0.0012
1.0594 3.1613 0.0007
1.0882 2.8848 0.0015
0.8220 2.9814 0.0009
3.7076 2.9347 0.0003
3.6875 3.2216 0.0002
-2.9408 -3.9738 0.0002
-1.7456 -3.5069 0.0005
2.5690 1.6815 0.0224
-1.9983 3.7365 0.0004
-2.2996 3.7500 0.0004
-3.3317 1.1495 0.0099
-3.5332 0.9831 0.0054
-3.7927 0.9929 0.0015
1.2190 -2.2803 0.0060
1.0399 -2.4674 0.0037
-2.4687 3.9908 0.0002
-2.5694 4.2387 0.0001
-2.8059 4.1974 0.0001
-2.7598 3.9678 0.0001
2.8419 -2.1085 0.0088
2.6070 -2.0602 0.0125
2.5082 -2.2586 0.0096
-3.9071 -3.5449 0.0000
-4.2150 -3.5507 0.0000
-1.5929 1.3090 0.0317
-1.7446 1.1836 0.0397
-0.8568 -4.4621 0.0000
4.2407 -0.8315 0.0001
4.2629 -1.1252 0.0001
-1.3671 0.2572 0.0546
-1.4438 0.0933 0.0591
4.7777 4.7872 0.0000
-1.8688 1.6242 0.0257
1.2800 -0.7543 0.0410
1.1484 -0.9149 0.0332
1.2878 -1.0456 0.0329
1.1446 -1.1855 0.0259
4.2094 4.7496 0.0000
1.2984 0.1895 0.0530
1.2078 0.0180 0.0505
1.0144 -0.0123 0.0443
-1.4590 1.4771 0.0238
-1.7528 1.4336 0.0305
0.9036 2.4071 0.0037
0.6760 2.4750 0.0027
0.8804 2.1291 0.0061
0.6314 2.2172 0.0045
0.3836 2.1084 0.0048
-1.7103 -4.7824 0.0000
-4.3723 -1.2969 0.0000
-0.6295 -4.5895 0.0000
-1.1980 -1.0779 0.0304
-4.1879 3.2930 0.0000
-4.2897 3.0257 0.0000
4.2869 -2.6601 0.0000
4.1721 -2.9386 0.0000
2.5925 1.0298 0.0461
2.6997 0.7136 0.0528
2.5464 0.6775 0.0614
2.3807 0.6916 0.0658
-0.2871 4.7763 0.0000
-0.5875 4.4353 0.0000
0.7937 -3.7395 0.0002
0.6362 -3.9935 0.0001
-2.7806 2.2573 0.0074
-0.8030 -4.7664 0.0000
-4.5632 -2.8156 0.0000
-0.3194 1.7998 0.0076
-0.3037 1.5412 0.0111
-0.5530 1.6219 0.0107
-0.5067 1.3652 0.0147
-0.2520 1.2680 0.0154
-0.4583 1.1153 0.0191
-2.0516 0.7995 0.0621
-2.1976 0.8631 0.0608
4.7580 -2.4100 0.0000
3.0020 -2.3268 0.0046
2.9648 -2.5957 0.0029
2.7382 -2.3807 0.0063
2.4896 -2.5298 0.0058
3.6047 4.7778 0.0000
3.4599 4.5659 0.0000
2.8481 -1.6322 0.0179
2.9966 -1.4056 0.0183
2.7410 -1.4007 0.0276
2.6098 -1.5796 0.0253
2.5132 -1.7647 0.0211
2.0482 -4.7536 0.0000
-4.2577 3.5329 0.0000
-4.4670 3.2532 0.0000
-2.5131 2.7439 0.0037
-2.6343 2.4895 0.0057
1.0556 -3.0596 0.0012
0.8298 -3.2277 0.0007
2.9125 3.9994 0.0002
-2.0123 4.7533 0.0000
-2.8441 -4.2283 0.0001
-2.8923 -2.9430 0.0018
-3.1286 -2.9066 0.0014
-3.0457 -3.1891 0.0009
-3.2821 -3.3625 0.0004
-1.7147 2.1483 0.0109
-1.7389 1.8693 0.0171
-2.5602 1.4706 0.0302
-0.0137 -4.5393 0.0000
-0.1561 -4.7710 0.0000
-4.7543 0.7595 0.0000
-1.7478 0.7938 0.0548
-1.9040 0.7145 0.0623
1.8497 -3.3553 0.0010
3.7176 -3.9901 0.0000
3.4381 -3.9426 0.0000
3.4125 -4.1479 0.0000
-3.3135 4.7469 0.0000
-2.9101 4.4480 0.0000
-3.1367 4.5364 0.0000
-3.2798 4.3474 0.0000
1.6503 -2.5228 0.0054
1.5262 -2.7277 0.0033
1.2924 -2.8878 0.0020
0.0859 -2.2237 0.0035
3.3115 4.3657 0.0000
-1.4058 -4.7557 0.0000
-1.0640 4.5419 0.0000
-2.7192 -0.5630 0.0560
-2.7721 -0.7452 0.0477
-2.8863 -0.8883 0.0369
-2.5262 -1.2235 0.0401
-2.7482 -1.2731 0.0315
-2.5138 -3.1681 0.0015
-2.4977 -3.4398 0.0008
-2.9815 0.0811 0.0429
-3.1405 0.1888 0.0297
-3.2482 -0.0119 0.0226
-3.1983 -0.2840 0.0253
-3.3587 -0.4726 0.0148
-2.4068 4.4927 0.0000
-2.6578 4.4822 0.0000
4.7565 -3.2663 0.0000
-0.7948 0.3501 0.0366
-1.0010 0.2948 0.0421
-1.0764 0.1124 0.0458
-1.1341 0.4651 0.0434
-1.1929 0.2788 0.0481
3.1787 3.9120 0.0001
2.5224 2.4460 0.0065
2.2821 2.2958 0.0092
3.5696 -2.0272 0.0013
3.3605 -2.2352 0.0021
3.2163 -2.4503 0.0022
-3.7445 4.5009 0.0000
-4.5318 0.9074 0.0000
1.9554 -3.8181 0.0003
-1.5573 -3.3527 0.0007
-1.2661 0.0993 0.0523
-1.1704 -0.0684 0.0491
-1.3548 -0.0651 0.0558
-1.2687 -0.2368 0.0515
-1.4345 -0.2781 0.0572
3.2375 -4.2735 0.0000
3.1055 -4.5133 0.0000
2.7997 -4.4978 0.0000
2.9597 -4.7538 0.0000
-2.0651 3.2455 0.0013
-1.9729 2.9803 0.0024
-1.5726 4.4904 0.0000
1.8000 0.2521 0.0718
1.7997 0.1289 0.0732
1.4825 -2.3637 0.0064
4.3851 1.8976 0.0000
4.1177 1.8481 0.0002
4.2781 1.6111 0.0001
-1.5910 2.3504 0.0071
-1.8022 2.4698 0.0065
1.8336 -4.0526 0.0002
1.7183 -4.2893 0.0001
2.0701 3.5779 0.0005
2.0450 3.3217 0.0010
-0.2942 -4.5220 0.0000
-0.4577 -4.7593 0.0000
-1.9169 2.7269 0.0041
-2.0812 2.5084 0.0066
-4.5329 2.9893 0.0000
-2.0551 -4.3898 0.0000
-2.1967 -4.5883 0.0000
-2.3520 -4.7830 0.0000
-4.7522 2.0054 0.0000
-1.1206 -3.1115 0.0009
0.0849 1.2581 0.0155
2.7158 3.7596 0.0003
2.4589 3.6639 0.0005
2.3123 3.4579 0.0008
0.7594 -4.7519 0.0000
0.8449 0.5570 0.0349
0.7275 0.3915 0.0350
0.7410 0.1935 0.0371
0.6673 0.6421 0.0303
0.5193 0.4778 0.0306
0.3475 0.3178 0.0305
0.5451 0.2478 0.0333
0.3828 0.0819 0.0322
0.1741 0.1540 0.0304
0.9531 4.1299 0.0000
0.8341 4.3903 0.0000
0.6764 4.1851 0.0000
0.4520 4.0353 0.0000
0.9464 0.3522 0.0403
0.9101 0.1627 0.0411
0.8135 -0.0203 0.0392
0.6870 -0.1859 0.0361
0.0952 0.9844 0.0201
-0.1049 1.0987 0.0181
3.7336 -1.2962 0.0016
-2.2786 1.8103 0.0215
-2.4237 1.6387 0.0263
-0.8522 -2.3503 0.0040
-1.0113 -2.5963 0.0027
-1.9075 1.2999 0.0383
-2.0256 1.4538 0.0337
-2.1833 1.3131 0.0406
-2.3224 1.1647 0.0467
4.5179 -2.5306 0.0000
4.4868 -2.8332 0.0000
3.0147 -1.8706 0.0095
3.1245 -2.1203 0.0050
-2.1220 1.6660 0.0263
-2.2599 1.5188 0.0319
-2.3910 1.3703 0.0370
3.8410 -0.7958 0.0013
3.5844 -0.7476 0.0051
3.2841 -0.9485 0.0138
3.3472 -0.7155 0.0132
3.1025 -0.7601 0.0259
3.0341 -0.9764 0.0258
3.2566 -1.1688 0.0124
3.0552 -1.1820 0.0205
2.8207 -1.0100 0.0367
2.8450 -1.1977 0.0298
2.6403 -1.2003 0.0380
-4.1681 0.5921 0.0002
-4.2964 0.3436 0.0001
2.7116 -2.6859 0.0035
2.4856 -2.8099 0.0033
-0.6458 -1.4430 0.0147
-0.7364 -1.6742 0.0114
-0.9297 -1.8447 0.0099
-1.1711 -1.9730 0.0095
-0.2165 -0.8858 0.0221
-0.3081 -1.1388 0.0181
2.8878 -3.2109 0.0008
3.0835 -3.4958 0.0003
2.8079 -3.5090 0.0004
3.3066 -1.9290 0.0041
-4.3490 4.5160 0.0000
-4.6982 4.5026 0.0000
-4.4765 4.2890 0.0000
-4.5329 4.0276 0.0000
-4.7566 4.2116 0.0000
1.7177 0.0029 0.0706
1.7579 -0.1212 0.0717
1.6143 -0.1470 0.0657
1.5490 -0.3176 0.0608
3.2727 0.6347 0.0181
3.2753 0.3773 0.0199
3.0721 0.7502 0.0285
3.0724 0.4991 0.0323
2.8907 0.6429 0.0428
2.8712 0.4514 0.0481
2.8146 0.3032 0.0547
-4.0406 4.5108 0.0000
-3.8751 4.2507 0.0000
-4.0097 3.9791 0.0000
-4.2601 3.7980 0.0000
-4.2916 4.0455 0.0000
-4.5073 3.7697 0.0000
-4.4387 -2.3300 0.0000
-4.6839 -2.4883 0.0000
-4.7783 -2.7036 0.0000
-4.5312 0.2833 0.0000
-4.7634 0.1441 0.0000
-0.9727 3.4266 0.0005
-1.1321 3.2237 0.0009
-1.2551 3.0252 0.0015
-3.5962 0.5163 0.0055
-3.5705 0.2822 0.0068
-4.0451 0.3627 0.0005
-3.7789 0.1485 0.0025
-3.7552 -0.1383 0.0029
-1.6204 1.6202 0.0223
-2.3479 -0.8592 0.0594
-2.4782 -1.0226 0.0498
-2.6869 -0.9017 0.0471
-2.6626 -1.0669 0.0421
-4.5064 4.7479 0.0000
3.2639 -3.7404 0.0001
3.1358 -4.0080 0.0000
2.9744 -3.7595 0.0002
2.8267 -4.0124 0.0001
3.4400 -3.2167 0.0002
3.3877 -3.4860 0.0001
3.2392 3.6049 0.0003
0.2847 -4.4996 0.0000
0.0569 -0.5607 0.0265
-2.4820 2.2821 0.0093
-2.6404 2.0836 0.0117
4.4151 -2.0332 0.0000
-1.7390 -0.5726 0.0621
-1.7751 -0.7136 0.0586
-1.8903 -0.8461 0.0566
-2.0057 -0.9802 0.0531
-2.1273 -1.1129 0.0484
-2.1637 -1.2992 0.0401
-1.8798 -4.5854 0.0000
-2.0331 -4.7787 0.0000
-4.4686 -2.0643 0.0000
-4.7284 -2.2423 0.0000
-2.8618 -1.0818 0.0327
-3.0638 -1.1224 0.0219
-2.9748 -1.3192 0.0215
-3.0926 -1.5328 0.0134
-3.2676 -1.6627 0.0074
-2.2171 2.7603 0.0040
4.7255 -4.2213 0.0000
3.2259 1.4268 0.0109
3.2711 1.1635 0.0126
1.2910 -0.1493 0.0528
0.9187 -0.2117 0.0408
2.1654 -3.9813 0.0002
3.2243 3.0331 0.0009
2.1526 0.8292 0.0614
2.0274 0.7670 0.0626
1.9457 0.6466 0.0657
1.8143 0.5420 0.0655
1.6535 0.4718 0.0619
-2.1381 4.4952 0.0000
-1.1022 4.7650 0.0000
-3.6254 -2.9761 0.0003
-3.8468 -3.1480 0.0001
-4.0459 -3.3229 0.0000
-0.7572 0.7968 0.0285
-0.8218 0.6177 0.0331
-0.9373 0.4803 0.0379
-1.5519 -0.0085 0.0638
-1.4799 -0.1407 0.0604
-1.5920 -0.2914 0.0632
-1.6388 -0.1419 0.0668
-1.7917 -0.1140 0.0730
-1.9363 -0.0956 0.0780
-2.0067 -0.2191 0.0785
-1.7398 -0.2624 0.0694
-1.6993 -0.4257 0.0647
-1.8676 -0.5096 0.0682
-1.8818 -0.2323 0.0748
-1.8441 -0.3680 0.0711
-1.9827 -0.3756 0.0749
-3.4073 -0.1913 0.0133
-3.5706 -0.3292 0.0069
-3.8048 -0.4324 0.0022
-3.5768 -0.6127 0.0061
-3.7819 -0.7768 0.0022
-4.0072 -0.6176 0.0006
-4.0228 -0.8849 0.0005
4.7543 -3.8621 0.0000
4.4019 -3.8309 0.0000
4.5651 -3.9983 0.0000
4.4088 -4.1869 0.0000
-3.2571 0.8994 0.0155
2.7425 1.5137 0.0240
2.6414 1.2358 0.0364
3.9930 1.6040 0.0004
3.8629 1.3886 0.0009
-4.3256 1.0767 0.0000
4.0115 3.3528 0.0000
3.9359 3.1320 0.0001
3.9729 2.8594 0.0001
