5.0000 5.0000 0.0000
0.0000 5.0000 0.0000
2.5000 5.0000 0.0000
3.7500 5.0000 0.0000
4.3750 5.0000 0.0000
4.6875 5.0000 0.0000
4.0625 5.0000 0.0000
3.1250 5.0000 0.0000
3.4375 5.0000 0.0000
2.8125 5.0000 0.0000
1.2500 5.0000 0.0000
1.8750 5.0000 0.0000
2.1875 5.0000 0.0000
1.5625 5.0000 0.0000
0.6250 5.0000 0.0000
0.9375 5.0000 0.0000
0.3125 5.0000 0.0000
-2.5000 5.0000 0.0000
-1.2500 5.0000 0.0000
-0.6250 5.0000 0.0000
-0.3125 5.0000 0.0000
-0.9375 5.0000 0.0000
-1.8750 5.0000 0.0000
-1.5625 5.0000 0.0000
-2.1875 5.0000 0.0000
-3.7500 5.0000 0.0000
-3.1250 5.0000 0.0000
-2.8125 5.0000 0.0000
-3.4375 5.0000 0.0000
-4.3750 5.0000 0.0000
-4.0625 5.0000 0.0000
-4.6875 5.0000 0.0000
5.0000 -5.0000 0.0000
5.0000 0.0000 0.0000
5.0000 -2.5000 0.0000
5.0000 -3.7500 0.0000
5.0000 -4.3750 0.0000
5.0000 -4.6875 0.0000
5.0000 -4.0625 0.0000
5.0000 -3.1250 0.0000
5.0000 -3.4375 0.0000
5.0000 -2.8125 0.0000
5.0000 -1.2500 0.0000
5.0000 -1.8750 0.0000
5.0000 -2.1875 0.0000
5.0000 -1.5625 0.0000
5.0000 -0.6250 0.0000
5.0000 -0.9375 0.0000
5.0000 -0.3125 0.0000
5.0000 2.5000 0.0000
5.0000 1.2500 0.0000
5.0000 0.6250 0.0000
5.0000 0.3125 0.0000
5.0000 0.9375 0.0000
5.0000 1.8750 0.0000
5.0000 1.5625 0.0000
5.0000 2.1875 0.0000
5.0000 3.7500 0.0000
5.0000 3.1250 0.0000
5.0000 2.8125 0.0000
5.0000 3.4375 0.0000
5.0000 4.3750 0.0000
5.0000 4.0625 0.0000
5.0000 4.6875 0.0000
-5.0000 -5.0000 0.0000
0.0000 -5.0000 0.0000
-2.5000 -5.0000 0.0000
-3.7500 -5.0000 0.0000
-4.3750 -5.0000 0.0000
-4.6875 -5.0000 0.0000
-4.0625 -5.0000 0.0000
-3.1250 -5.0000 0.0000
-3.4375 -5.0000 0.0000
-2.8125 -5.0000 0.0000
-1.2500 -5.0000 0.0000
-1.8750 -5.0000 0.0000
-2.1875 -5.0000 0.0000
-1.5625 -5.0000 0.0000
-0.6250 -5.0000 0.0000
-0.9375 -5.0000 0.0000
-0.3125 -5.0000 0.0000
2.5000 -5.0000 0.0000
1.2500 -5.0000 0.0000
0.6250 -5.0000 0.0000
0.3125 -5.0000 0.0000
0.9375 -5.0000 0.0000
1.8750 -5.0000 0.0000
1.5625 -5.0000 0.0000
2.1875 -5.0000 0.0000
3.7500 -5.0000 0.0000
3.1250 -5.0000 0.0000
2.8125 -5.0000 0.0000
3.4375 -5.0000 0.0000
4.3750 -5.0000 0.0000
4.0625 -5.0000 0.0000
4.6875 -5.0000 0.0000
-5.0000 5.0000 0.0000
-5.0000 0.0000 0.0000
-5.0000 2.5000 0.0000
-5.0000 3.7500 0.0000
-5.0000 4.3750 0.0000
-5.0000 4.6875 0.0000
-5.0000 4.0625 0.0000
-5.0000 3.1250 0.0000
-5.0000 3.4375 0.0000
-5.0000 2.8125 0.0000
-5.0000 1.2500 0.0000
-5.0000 1.8750 0.0000
-5.0000 2.1875 0.0000
-5.0000 1.5625 0.0000
-5.0000 0.6250 0.0000
-5.0000 0.9375 0.0000
-5.0000 0.3125 0.0000
-5.0000 -2.5000 0.0000
-5.0000 -1.2500 0.0000
-5.0000 -0.6250 0.0000
-5.0000 -0.3125 0.0000
-5.0000 -0.9375 0.0000
-5.0000 -1.8750 0.0000
-5.0000 -1.5625 0.0000
-5.0000 -2.1875 0.0000
-5.0000 -3.7500 0.0000
-5.0000 -3.1250 0.0000
-5.0000 -2.8125 0.0000
-5.0000 -3.4375 0.0000
-5.0000 -4.3750 0.0000
-5.0000 -4.0625 0.0000
-5.0000 -4.6875 0.0000
2.7134 1.3821 0.0290
2.5285 1.2841 0.0376
2.2852 0.6352 0.0694
2.0149 -2.6191 0.0052
-4.2420 0.8654 0.0001
-2.0375 3.7196 0.0004
-2.1942 3.5039 0.0007
-2.6389 3.2812 0.0010
-3.0483 -2.2258 0.0054
0.7733 1.1502 0.0216
0.8461 0.9364 0.0273
0.6008 0.9251 0.0242
0.3593 1.0233 0.0204
0.2097 0.8552 0.0226
0.7720 0.7444 0.0301
0.5603 0.6443 0.0288
0.3996 0.7748 0.0250
0.1233 0.6648 0.0253
0.3902 -2.5229 0.0021
4.0628 3.0471 0.0000
3.8967 2.8102 0.0001
3.9931 2.5343 0.0001
3.7203 2.5807 0.0004
3.6928 2.3393 0.0007
4.2576 -3.8916 0.0000
4.0319 -4.0104 0.0000
-4.7331 -4.4889 0.0000
2.1671 4.1824 0.0001
1.8785 4.0778 0.0001
-3.3848 -0.7742 0.0118
-3.6668 -0.8936 0.0036
4.4831 -0.8219 0.0000
4.2061 -0.9363 0.0001
1.5500 3.5331 0.0004
1.3199 3.4224 0.0004
-4.6541 -2.1409 0.0000
-2.6637 -1.1612 0.0385
-2.6554 -1.3766 0.0309
-2.8703 -1.1647 0.0299
-2.8674 -1.3481 0.0249
-2.8247 -1.5510 0.0208
-2.8130 0.0946 0.0566
-2.9216 0.3155 0.0459
-2.9816 0.1588 0.0425
-2.9779 -0.0215 0.0433
2.5610 -3.9894 0.0002
2.5677 -4.2485 0.0001
2.2872 -4.1559 0.0001
-4.7637 -4.7556 0.0000
3.9810 3.3104 0.0000
3.7692 3.0709 0.0002
3.6028 2.8556 0.0004
-3.3789 3.0275 0.0004
-3.6976 2.8136 0.0002
4.0253 4.5126 0.0000
4.0609 2.0305 0.0002
-1.1151 -0.6048 0.0406
-1.2718 -0.7675 0.0410
1.5607 0.0465 0.0641
1.6649 -0.0316 0.0684
1.5013 -0.0965 0.0614
1.3556 -0.0188 0.0559
1.3884 -0.2309 0.0557
-1.3257 3.7186 0.0003
-1.4836 3.5340 0.0005
-1.7015 3.3774 0.0009
-1.8117 3.1548 0.0016
1.3020 3.0500 0.0012
2.5242 4.2314 0.0001
2.3923 4.0024 0.0002
2.5388 1.5245 0.0281
2.3610 1.4063 0.0350
2.2662 1.2322 0.0431
0.5230 -4.7650 0.0000
-2.0540 -1.3873 0.0355
-4.0402 -1.5573 0.0003
-4.2213 -1.8713 0.0001
4.1137 -2.5293 0.0000
3.9789 -2.7756 0.0000
-3.5049 2.4868 0.0007
-3.5957 2.1982 0.0009
-3.6180 1.8819 0.0013
-4.2690 1.7544 0.0000
-0.1367 -0.3856 0.0287
-0.3134 -0.5081 0.0283
-2.5563 1.9289 0.0161
-2.5448 1.6740 0.0235
1.0240 -3.9111 0.0002
0.8967 -4.1322 0.0001
-0.4970 -1.8778 0.0076
-0.7311 -2.0161 0.0068
2.9624 0.3033 0.0431
2.7848 0.2628 0.0575
2.7315 0.0978 0.0629
2.6095 0.0098 0.0713
2.0774 0.4769 0.0741
-4.7850 -3.9122 0.0000
-1.6760 1.2596 0.0353
-1.8096 1.1453 0.0427
-1.9847 1.0986 0.0482
-2.0634 0.9275 0.0569
0.6208 -4.2179 0.0001
3.6161 -4.3893 0.0000
3.4095 -4.5463 0.0000
3.2550 -4.7630 0.0000
2.8430 -0.3856 0.0511
-4.2033 4.7621 0.0000
1.8113 3.5276 0.0005
-0.7800 -2.8547 0.0012
2.9780 4.7683 0.0000
2.8440 4.5330 0.0000
1.9550 2.5733 0.0051
2.2195 2.4425 0.0070
1.9863 2.3135 0.0085
1.7256 2.4327 0.0060
-1.0101 -3.5517 0.0002
-1.2700 -3.6865 0.0002
-1.4612 -3.8800 0.0001
-1.3593 1.0924 0.0332
-1.5611 1.1033 0.0381
-3.5831 4.2557 0.0000
-3.7491 4.0291 0.0000
-4.0088 4.0191 0.0000
-4.0100 3.7815 0.0000
0.0744 3.0819 0.0006
-0.0667 2.8314 0.0010
-1.5857 2.3163 0.0075
-1.4882 2.0523 0.0109
1.5100 -2.0830 0.0105
1.3021 -2.2349 0.0070
1.2167 -2.5081 0.0040
3.2913 0.8252 0.0154
-3.5294 3.9130 0.0000
-3.7538 3.7474 0.0000
-2.7674 1.8192 0.0154
3.4741 4.0006 0.0001
3.6750 3.7867 0.0001
3.3863 3.7302 0.0001
3.1283 3.6507 0.0003
-3.6365 -2.3637 0.0008
-3.7070 -2.6040 0.0004
-3.9487 -2.5034 0.0002
-3.9880 -2.7402 0.0001
-1.0479 -2.9759 0.0011
0.9719 0.6943 0.0351
0.9028 0.5239 0.0368
0.7286 0.5363 0.0330
0.6758 0.3612 0.0344
0.4776 0.4354 0.0307
-1.6935 -2.6026 0.0043
2.7907 4.2917 0.0001
2.6994 4.0179 0.0002
2.6143 3.7668 0.0003
2.3325 3.7238 0.0004
4.5051 2.4912 0.0000
4.2214 2.2751 0.0001
4.7392 0.4757 0.0000
4.4474 0.6053 0.0000
4.4974 4.7127 0.0000
4.2002 4.7541 0.0000
4.2825 4.4821 0.0000
4.2056 4.2279 0.0000
3.9017 4.2836 0.0000
-0.3366 0.5138 0.0284
-0.5370 0.4934 0.0307
-0.7167 0.3428 0.0352
2.1362 -4.5172 0.0000
1.5646 -3.6499 0.0004
1.3048 -3.7860 0.0003
-1.2352 -2.5505 0.0035
-1.2669 -2.8314 0.0019
-1.4717 -2.4196 0.0053
-1.4823 -2.7068 0.0030
-0.2312 1.3976 0.0132
-0.1351 0.3826 0.0288
-0.1731 0.1373 0.0305
-3.5981 4.7603 0.0000
-3.7441 4.5139 0.0000
-2.5025 -3.7000 0.0004
-2.7625 -3.8567 0.0003
0.4747 -1.1236 0.0190
0.5477 -1.3868 0.0145
0.3146 -1.3433 0.0143
0.0565 -1.3426 0.0140
2.2719 -3.8718 0.0003
2.0126 -4.0019 0.0002
2.9986 -1.5376 0.0155
2.7902 -1.7043 0.0176
-1.6357 1.8531 0.0164
-2.7032 2.6466 0.0039
-2.8336 2.3330 0.0060
-3.9024 4.7554 0.0000
-0.6352 -0.2804 0.0345
-0.7341 -0.1190 0.0373
-0.8988 -0.2215 0.0404
-0.7934 -0.3840 0.0364
-1.0109 -0.4011 0.0413
4.7718 -2.9239 0.0000
-1.9847 4.2194 0.0001
-2.1592 3.9899 0.0002
3.6451 2.0950 0.0012
3.5521 1.8253 0.0024
1.0645 0.4440 0.0422
0.8859 0.3218 0.0392
0.7412 0.1572 0.0373
-4.2481 3.7544 0.0000
-1.9612 -0.3442 0.0751
-2.0756 -0.4299 0.0753
-2.0379 -0.5647 0.0705
-2.1725 -0.5461 0.0727
-2.2961 -0.5945 0.0707
2.5130 -2.3262 0.0085
0.5205 0.1866 0.0334
0.3940 -0.0019 0.0324
1.7923 -3.5041 0.0007
1.7775 -3.8433 0.0003
1.1968 3.6408 0.0002
-3.9814 0.7739 0.0006
-4.2155 0.5841 0.0001
-1.2339 -1.4350 0.0212
-1.1964 -1.7166 0.0142
0.8708 -1.7754 0.0103
0.5882 -2.0719 0.0054
-1.7696 -3.4381 0.0006
-2.0062 -3.6174 0.0005
1.8444 0.8811 0.0540
1.7250 0.7402 0.0561
1.6368 0.5970 0.0578
1.5043 0.5127 0.0554
0.3332 1.7393 0.0088
-1.1969 -0.0319 0.0500
-1.3607 0.0312 0.0560
-1.5907 -0.0295 0.0653
-1.2993 -0.1752 0.0531
-1.4439 -0.1032 0.0591
-1.4846 -0.2552 0.0594
-1.6087 -0.1802 0.0652
1.4258 2.8566 0.0021
-3.3514 0.3262 0.0155
-3.4204 0.0635 0.0128
-3.6150 0.3249 0.0055
-3.7160 0.0740 0.0036
-3.5882 -0.1516 0.0065
-3.8616 -0.1839 0.0016
-0.4264 -2.4383 0.0026
4.7503 -0.4256 0.0000
4.7467 -0.7061 0.0000
-4.2059 3.4949 0.0000
-2.1888 -0.6923 0.0673
-2.3371 -0.7398 0.0646
-2.3612 -0.8964 0.0576
-2.4045 -1.0626 0.0495
-2.5541 -0.9820 0.0493
-2.4827 -1.2304 0.0407
-2.4396 -1.4364 0.0329
-1.2717 0.3473 0.0498
-1.2347 0.1634 0.0507
-1.5077 0.0781 0.0617
2.5008 -0.5649 0.0673
-3.9570 3.5224 0.0000
-3.8490 3.2791 0.0000
-3.9294 3.0169 0.0000
-4.1493 3.2274 0.0000
-4.2125 2.9418 0.0000
-4.2652 2.6570 0.0000
3.5298 0.7240 0.0070
4.7507 2.6460 0.0000
4.7560 2.3435 0.0000
4.7334 2.0402 0.0000
-3.2439 0.5525 0.0200
-3.4777 0.5922 0.0088
-4.0024 0.0420 0.0007
-4.1624 -0.2133 0.0002
-4.2546 -0.4729 0.0001
-4.2946 1.1185 0.0000
-0.5305 -1.6098 0.0114
-0.7513 -1.7301 0.0107
-3.2279 3.8258 0.0001
-0.9123 -0.5791 0.0360
2.0393 -3.3986 0.0009
3.5022 3.1924 0.0003
3.3860 2.9641 0.0007
3.2292 2.7880 0.0014
4.7225 -1.2070 0.0000
2.3487 -4.7306 0.0000
3.7067 -0.5596 0.0032
2.1601 4.5302 0.0000
-4.1454 -2.9231 0.0000
-4.2564 -3.1392 0.0000
-0.1807 -2.2626 0.0034
-3.9834 -4.0808 0.0000
-3.9275 -4.3896 0.0000
-4.2076 -4.5197 0.0000
-0.7105 -2.3113 0.0039
1.2476 -4.0597 0.0001
1.1182 -4.2677 0.0001
0.8245 -4.4061 0.0000
-4.4813 3.6024 0.0000
-0.9900 0.9332 0.0294
-1.2735 0.8848 0.0372
-1.0940 0.7809 0.0353
-1.2506 0.6724 0.0423
-1.4390 0.7323 0.0466
-3.1007 2.1127 0.0054
3.3023 -3.6894 0.0001
3.8636 1.4053 0.0009
-0.0727 -3.1583 0.0005
-0.3253 -3.2350 0.0004
0.1610 -2.9715 0.0008
0.1852 -3.2619 0.0004
3.5365 0.1784 0.0081
1.6608 2.9920 0.0018
-3.3043 -3.0571 0.0007
-3.6069 -3.0794 0.0003
-4.3196 -3.3737 0.0000
-4.5265 -3.4559 0.0000
0.2179 1.5314 0.0114
3.8924 4.7591 0.0000
3.5830 4.7527 0.0000
-3.0390 1.0019 0.0249
0.3724 -1.8958 0.0066
0.0269 -2.0764 0.0046
-0.9751 -1.8643 0.0099
-1.2128 -1.9997 0.0094
-4.0487 1.5471 0.0002
-4.1294 1.2755 0.0001
-4.7515 -0.7910 0.0000
-1.2881 2.2297 0.0070
-1.2568 1.9438 0.0107
4.1303 -4.2601 0.0000
3.9804 -4.4975 0.0000
3.7343 -4.5831 0.0000
1.5261 0.7414 0.0496
1.3610 0.6373 0.0472
4.7333 -1.7505 0.0000
0.8097 -4.7230 0.0000
-4.5650 2.2076 0.0000
-1.0555 2.3452 0.0047
1.4031 -1.4405 0.0239
1.2551 -1.6194 0.0170
1.1087 -1.8101 0.0117
1.3133 -1.9444 0.0113
1.0743 -2.0648 0.0077
0.8502 -2.0070 0.0071
0.7916 -2.2426 0.0046
-0.1322 -4.2570 0.0000
-0.3632 -4.1977 0.0000
-0.4289 -4.4567 0.0000
-0.6180 -4.2195 0.0000
-0.8493 -4.3509 0.0000
-0.6774 -4.5289 0.0000
3.2123 3.1631 0.0007
3.0283 2.9721 0.0014
2.9545 2.7333 0.0025
2.7106 2.7600 0.0032
2.6947 2.5049 0.0052
2.4536 2.4001 0.0073
0.7909 1.8331 0.0094
0.5572 1.6408 0.0110
-0.2737 -2.0152 0.0055
-0.4817 -2.1661 0.0045
-0.9832 -2.4160 0.0038
-1.1268 0.5108 0.0423
-1.3294 0.5181 0.0485
-1.4643 0.3827 0.0562
1.7286 3.2743 0.0010
1.4756 3.2130 0.0009
0.8853 -0.2182 0.0399
4.2632 2.5187 0.0000
3.9369 2.2828 0.0003
-2.0669 -0.7023 0.0658
-2.1756 -0.8513 0.0605
-2.2191 -1.0273 0.0526
-2.2917 -1.2099 0.0440
-3.1059 4.4303 0.0000
-3.2874 4.3074 0.0000
3.9895 -0.1559 0.0007
1.1197 -4.7626 0.0000
-0.8377 4.2923 0.0001
-4.1990 -4.2670 0.0000
-4.4660 -4.2375 0.0000
-2.6824 1.0894 0.0405
-2.8289 0.9127 0.0391
-2.6208 0.9096 0.0499
-2.6890 0.7464 0.0523
-3.0404 0.7903 0.0291
2.5333 3.5026 0.0007
-3.1581 -0.3487 0.0277
-4.5311 1.5850 0.0000
-4.7589 1.4101 0.0000
3.9728 -3.1254 0.0000
3.7429 -3.2731 0.0000
0.8899 -0.3932 0.0381
0.7510 -0.4308 0.0348
-4.5202 0.9629 0.0000
3.5207 -3.4478 0.0001
3.2390 -3.4126 0.0002
3.0210 -3.6009 0.0002
3.0673 4.2978 0.0001
2.9735 4.0714 0.0001
-1.0102 -0.8072 0.0334
-1.1792 -0.9432 0.0338
-1.1942 -1.1809 0.0275
-3.9793 2.7492 0.0000
-4.0474 2.4911 0.0000
-4.0965 2.2289 0.0000
-4.3129 2.3474 0.0000
-4.3639 2.0569 0.0000
-2.9297 3.8369 0.0001
-3.0819 3.5939 0.0002
1.8347 0.4104 0.0698
1.7422 0.2827 0.0692
1.6980 0.1312 0.0693
1.2870 2.2028 0.0070
2.9309 2.4979 0.0041
2.6878 2.2382 0.0085
2.5809 1.9962 0.0139
3.0084 1.1899 0.0231
2.8577 1.0191 0.0348
1.7841 1.9213 0.0152
1.5337 1.8323 0.0150
4.5302 0.0089 0.0000
-1.9274 1.5486 0.0291
-1.9287 1.3126 0.0382
-2.1261 1.4419 0.0350
-2.1325 1.2433 0.0435
-3.0662 -1.3936 0.0166
-3.2771 -1.5212 0.0086
-3.5022 -1.6143 0.0037
2.6665 4.7630 0.0000
2.5492 4.5109 0.0000
-1.8660 -0.9526 0.0514
-1.7553 -1.0985 0.0428
-1.9253 -1.1571 0.0438
-1.8610 -1.3264 0.0356
-2.1034 -1.1998 0.0441
-2.2626 -1.3764 0.0367
-4.4828 -0.6468 0.0000
0.6009 -3.5697 0.0003
0.4523 -3.7550 0.0002
-1.2292 -2.2699 0.0060
1.0780 -3.6214 0.0003
0.8145 -3.7311 0.0002
-4.7450 -2.6980 0.0000
-4.6794 4.4891 0.0000
-4.7589 4.2190 0.0000
3.5975 -3.7359 0.0000
-2.6659 0.0177 0.0677
-2.6350 -0.1615 0.0689
-2.6232 -0.3224 0.0674
-2.7827 -0.2507 0.0578
-2.7912 -0.4051 0.0548
0.2184 0.1141 0.0308
0.2049 -0.1118 0.0308
-0.9062 -4.0915 0.0000
-1.1441 -4.2774 0.0000
-1.2702 -4.5029 0.0000
-1.4305 -4.7408 0.0000
-1.7103 -4.7779 0.0000
3.5598 -4.1208 0.0000
3.3369 -4.2766 0.0000
2.6951 0.5410 0.0582
2.5439 0.6150 0.0637
4.1532 -1.5138 0.0001
3.8791 -1.7078 0.0004
0.0948 1.0794 0.0185
-0.2076 0.9141 0.0216
-0.4146 0.9645 0.0217
-0.0112 0.8668 0.0220
-0.1354 0.6508 0.0256
-0.3724 0.7327 0.0255
2.8737 2.0535 0.0094
-3.7523 -1.1651 0.0020
-4.0097 -1.2566 0.0005
-0.7429 -1.4431 0.0154
-0.9815 -1.5788 0.0149
-1.7737 0.3977 0.0679
-1.8970 0.4754 0.0700
-1.8955 0.2939 0.0742
4.4932 -1.9308 0.0000
-4.4948 0.1589 0.0000
-4.7014 -0.0394 0.0000
-1.5594 4.5119 0.0000
3.0362 0.8856 0.0282
2.8501 0.8155 0.0410
2.8954 0.6332 0.0427
1.5308 -3.9641 0.0002
1.7500 -4.1841 0.0001
1.4490 -4.2399 0.0001
1.3016 -4.4825 0.0000
-0.3991 1.9153 0.0064
-0.5772 1.7456 0.0090
-0.7441 1.6072 0.0120
-0.9417 1.5303 0.0151
1.8210 -2.4521 0.0067
1.6639 -2.6305 0.0044
-3.0467 1.8737 0.0088
-2.5863 4.2714 0.0001
-2.7729 4.0776 0.0001
-4.7583 2.0317 0.0000
2.9754 1.7649 0.0124
-4.5170 3.8956 0.0000
3.2985 4.2240 0.0001
3.1919 3.9471 0.0001
3.7373 -0.2658 0.0031
3.4349 -0.1679 0.0120
3.4966 -0.3767 0.0089
3.2526 -0.4219 0.0205
3.0860 -1.7680 0.0095
-2.7369 1.5487 0.0231
-2.9351 1.3967 0.0207
4.7592 -2.0368 0.0000
4.5267 -2.2080 0.0000
1.7877 1.0601 0.0452
1.6533 0.9064 0.0478
-0.1013 -3.7223 0.0001
-0.3277 -3.9585 0.0001
-0.6076 -3.9476 0.0001
-2.6223 4.7590 0.0000
-2.9235 4.7150 0.0000
-0.9934 -4.5428 0.0000
-1.1231 -4.7670 0.0000
3.8455 2.0028 0.0006
1.5837 -3.2940 0.0010
4.7862 1.7377 0.0000
4.6092 1.5828 0.0000
1.3161 1.9611 0.0107
1.0624 1.9250 0.0095
-0.0786 2.3486 0.0028
-0.2674 2.1396 0.0042
3.9536 -1.9866 0.0002
3.6671 -1.9441 0.0009
3.7648 -2.1976 0.0004
3.5662 -2.3097 0.0008
1.6840 4.7711 0.0000
1.3857 4.7411 0.0000
2.7698 -0.9491 0.0413
2.7227 -1.1700 0.0360
2.5698 -1.0294 0.0473
2.4858 -1.1998 0.0426
2.2949 -1.2427 0.0435
2.3506 -4.4204 0.0000
-2.5294 -3.0976 0.0017
2.2692 0.4830 0.0748
2.3744 0.3881 0.0760
2.2526 0.3215 0.0792
2.3396 0.2446 0.0797
2.2616 0.1446 0.0820
2.1780 0.4052 0.0771
2.0871 0.3290 0.0781
-3.7435 -4.6293 0.0000
-3.9670 -4.7265 0.0000
-4.2447 -4.7667 0.0000
-1.8101 -0.7782 0.0571
-1.9920 -0.8262 0.0595
-2.0427 -1.0010 0.0526
0.8727 -3.1489 0.0008
0.6424 -2.9772 0.0010
-0.3983 0.0751 0.0324
-0.4995 -0.1160 0.0335
4.5075 0.3041 0.0000
4.2970 0.0890 0.0001
4.3560 -1.7261 0.0000
4.1486 -1.7966 0.0001
4.2488 -2.0463 0.0000
1.2036 1.2540 0.0256
-2.6325 3.8103 0.0002
-2.7811 3.5696 0.0004
-2.3190 1.3129 0.0403
-2.5102 1.2127 0.0415
-2.4802 1.0082 0.0509
4.7423 -0.9644 0.0000
-2.2632 0.1776 0.0816
-2.3929 0.1376 0.0799
-2.5255 0.0888 0.0754
-2.1906 0.0723 0.0826
-2.3058 0.0522 0.0822
-2.2757 -0.0454 0.0825
-2.3734 -0.1049 0.0806
-2.4193 -0.0002 0.0798
-2.4854 -0.1670 0.0765
-2.5364 -0.0506 0.0750
1.0934 -3.3345 0.0007
3.8208 1.7852 0.0008
-3.2569 1.7489 0.0062
-3.3528 1.4225 0.0069
-3.6091 1.3789 0.0026
3.2743 -2.9494 0.0006
3.3888 1.5467 0.0059
3.1860 1.3609 0.0131
2.3201 4.3722 0.0001
1.9382 4.3510 0.0000
-3.7038 -4.1277 0.0000
-3.6377 -4.3937 0.0000
-4.2854 -1.6422 0.0001
-4.5120 -1.8414 0.0000
-4.7803 -1.9391 0.0000
1.6060 1.1068 0.0390
1.7020 0.4604 0.0640
1.6011 0.3735 0.0621
1.5725 0.2167 0.0634
1.4322 0.3221 0.0565
1.4243 0.1243 0.0583
1.2884 0.2117 0.0524
1.1852 0.0613 0.0496
-4.3583 -2.1022 0.0000
1.9474 3.0889 0.0017
1.9281 2.8367 0.0030
2.5339 1.7543 0.0207
2.3133 1.6474 0.0259
1.6851 2.6991 0.0035
0.7672 4.7438 0.0000
1.2304 -0.3586 0.0482
-3.7498 2.5431 0.0002
-3.8453 2.2931 0.0002
-4.1164 2.0061 0.0001
-4.4701 -4.4907 0.0000
-4.5069 -4.7420 0.0000
0.8559 3.1993 0.0005
3.5932 4.2670 0.0000
-1.4119 -1.6021 0.0193
-2.4059 0.6655 0.0667
-2.5578 0.6212 0.0631
-2.7155 0.5634 0.0562
-2.4972 -1.8201 0.0191
-3.4335 1.1605 0.0069
-3.4892 0.8624 0.0071
2.7556 -3.4826 0.0005
0.3670 2.5762 0.0018
0.4812 2.3345 0.0033
0.3178 2.0539 0.0052
1.0549 2.9623 0.0012
0.4625 -0.2116 0.0326
0.2795 -0.2786 0.0304
0.1126 -0.4161 0.0284
4.4987 2.2135 0.0000
4.3389 2.0037 0.0000
1.0687 4.7687 0.0000
1.1691 4.5365 0.0000
3.5696 -4.7657 0.0000
-3.9510 -0.4424 0.0009
-4.0980 -0.6940 0.0004
1.4511 1.6027 0.0198
1.2529 1.7331 0.0144
1.3923 -2.9889 0.0018
4.1502 1.8102 0.0001
3.9959 1.6439 0.0004
1.4492 2.5902 0.0038
2.0220 -4.7577 0.0000
-0.3754 1.1844 0.0174
-0.5782 0.7171 0.0276
3.3363 0.3077 0.0167
3.3156 0.0499 0.0184
3.1092 0.0907 0.0326
0.3367 0.2664 0.0309
-4.7437 -2.4011 0.0000
-2.2470 -3.8356 0.0003
-2.5237 -3.9886 0.0002
-2.8054 -4.1595 0.0001
-2.9987 -3.9736 0.0002
1.0471 -0.4320 0.0415
-4.4432 3.3262 0.0000
-4.7265 3.2051 0.0000
-4.4594 3.0663 0.0000
2.5827 -0.1430 0.0722
2.5557 -0.2859 0.0718
2.4388 -0.1896 0.0781
2.2998 -0.2240 0.0807
2.5331 -0.4246 0.0699
2.4156 -0.3216 0.0766
2.2866 -0.3533 0.0784
2.3893 -0.4606 0.0739
2.2506 -0.4799 0.0753
0.4568 1.4432 0.0136
0.2748 1.2644 0.0159
0.0249 1.3387 0.0141
-0.1442 1.1313 0.0176
0.2044 2.3222 0.0030
-3.2532 0.9960 0.0145
-3.2476 0.7673 0.0175
-2.7936 -2.9816 0.0019
-3.0307 -3.1615 0.0010
-1.5585 -2.9560 0.0018
1.1578 3.9179 0.0001
4.7231 -3.5946 0.0000
4.4919 -3.7591 0.0000
-2.0544 0.5317 0.0721
-2.0005 0.3997 0.0748
-2.1855 0.4781 0.0753
-2.1279 0.3767 0.0776
-2.0473 0.2786 0.0785
-2.1304 0.1900 0.0811
-2.2138 0.3013 0.0798
-2.3514 0.2729 0.0790
-1.4157 0.2206 0.0568
-1.5836 0.2038 0.0638
2.0095 3.3543 0.0009
0.1397 -0.8674 0.0222
-0.0732 -0.8291 0.0227
-0.0247 -1.0775 0.0185
-1.7478 2.0699 0.0126
-1.8966 1.8047 0.0203
0.8923 -2.8559 0.0016
-2.9813 -0.9639 0.0296
-3.0880 -1.1596 0.0201
-3.2478 -0.9933 0.0155
-3.3089 -1.2720 0.0102
-3.5494 -1.3665 0.0040
-4.2763 -3.9965 0.0000
-4.5462 -3.9494 0.0000
-4.7366 -4.2076 0.0000
2.2644 -3.5854 0.0006
-0.4858 -0.6427 0.0279
4.4600 -3.0843 0.0000
1.1777 2.7271 0.0023
-2.9762 -4.7409 0.0000
-3.2682 -4.7555 0.0000
0.2209 2.8189 0.0010
4.5231 1.8578 0.0000
4.3327 1.6499 0.0000
2.7542 -0.7506 0.0485
2.5806 -0.8591 0.0536
1.5050 2.3446 0.0062
1.5499 2.0902 0.0100
2.5135 -3.7152 0.0004
-2.0726 -1.7144 0.0232
-2.2513 -1.8591 0.0191
-2.1816 -2.1167 0.0125
-2.4377 -2.0653 0.0133
0.6135 3.0973 0.0006
0.0053 0.0062 0.0304
0.0108 -0.2162 0.0298
0.0800 2.5789 0.0017
-0.2008 2.6084 0.0017
4.4940 0.8795 0.0000
4.1381 0.6431 0.0003
-0.3055 -2.9759 0.0007
3.1907 -1.1013 0.0159
3.1301 -1.3305 0.0148
3.2957 -1.5641 0.0071
-3.7011 1.0828 0.0023
-3.9843 1.0406 0.0005
-3.1519 1.5321 0.0110
-3.1472 1.2425 0.0155
2.3504 -3.0015 0.0023
2.1444 -3.1319 0.0018
-4.7605 3.9594 0.0000
-3.4038 -0.4661 0.0127
1.3284 0.4662 0.0501
1.2239 0.3722 0.0482
1.0916 0.2410 0.0455
0.9562 0.1176 0.0425
0.8174 -0.0366 0.0392
-0.5228 -0.4185 0.0315
-0.6866 -0.5553 0.0320
-2.9608 -0.4129 0.0418
-2.9789 -0.5954 0.0375
-3.1900 -0.5775 0.0235
-3.1123 -0.7943 0.0254
-1.0930 1.4611 0.0183
-1.2396 1.2770 0.0253
1.4134 -4.7412 0.0000
-3.4581 3.6649 0.0000
-3.6599 3.4752 0.0000
4.2456 -3.2928 0.0000
4.5097 -1.6073 0.0000
4.5279 -3.3752 0.0000
-2.5202 1.4332 0.0324
-2.7110 1.3103 0.0316
-2.8901 1.1603 0.0287
-4.2662 -1.3640 0.0001
-4.5192 -1.5209 0.0000
2.1726 0.2356 0.0808
2.1222 0.1123 0.0819
2.0283 0.2256 0.0790
1.9768 0.1202 0.0790
2.0283 -0.0017 0.0807
1.8973 0.0104 0.0772
1.8447 0.1502 0.0747
1.7759 0.0073 0.0729
-2.4843 -0.2946 0.0746
-2.4931 -0.4458 0.0708
-2.6393 -0.4897 0.0627
-2.5795 -0.6211 0.0619
-2.7965 -0.5747 0.0508
-2.6958 -0.6860 0.0539
-2.6657 -0.8284 0.0507
-2.7663 -0.9769 0.0407
-2.8688 -0.7774 0.0409
1.2358 1.0120 0.0332
1.0476 0.8941 0.0321
1.4630 0.9521 0.0408
1.3293 0.8195 0.0412
1.1749 0.7695 0.0383
1.1649 0.5919 0.0422
2.0567 4.7933 0.0000
1.8974 4.6300 0.0000
3.9989 1.1499 0.0005
3.7252 1.1612 0.0023
2.3003 -2.5202 0.0064
2.1841 -2.7988 0.0037
0.6085 -0.0265 0.0352
-2.8395 -4.4553 0.0000
-3.1122 -4.2399 0.0001
-3.1356 -4.4998 0.0000
-0.6180 0.9399 0.0238
-0.8144 0.8046 0.0292
-1.4888 0.9139 0.0425
-1.7006 1.0051 0.0455
-1.6524 0.8498 0.0497
-1.6234 0.6817 0.0545
-1.7991 0.7558 0.0578
-1.9240 0.6305 0.0659
-1.7728 0.5767 0.0630
2.0960 1.6204 0.0267
-0.6090 -0.7970 0.0267
4.7738 4.7872 0.0000
4.7498 4.5275 0.0000
4.5073 4.3943 0.0000
4.4629 4.1209 0.0000
-0.4810 3.5765 0.0002
-0.6522 3.3505 0.0005
-0.7792 3.0989 0.0009
1.9055 0.2710 0.0750
-4.7550 0.7919 0.0000
-3.1750 0.1398 0.0274
-3.1728 -0.0924 0.0278
-3.3735 -0.2240 0.0150
-3.6670 -0.3912 0.0044
4.4892 -0.2562 0.0000
4.2361 -0.1474 0.0001
3.8178 0.6323 0.0019
3.5854 0.4614 0.0062
-3.0729 4.1050 0.0000
-3.3646 4.0665 0.0000
1.0170 -2.3140 0.0048
0.9207 -2.5658 0.0028
0.6709 -2.4301 0.0030
-2.1199 1.6723 0.0262
-2.3434 1.7855 0.0221
-2.3272 1.5466 0.0306
1.6275 4.2535 0.0000
1.3670 4.1005 0.0001
-4.7472 3.6925 0.0000
-4.7301 3.4474 0.0000
-4.4007 -3.7090 0.0000
-4.7258 -3.6367 0.0000
4.3526 -3.5542 0.0000
0.5730 -4.5127 0.0000
0.2766 -4.7582 0.0000
0.9991 3.4668 0.0003
2.1597 1.4330 0.0343
2.0467 1.2719 0.0405
1.9624 1.0984 0.0471
1.6144 3.9872 0.0001
1.4355 3.7833 0.0002
-4.5057 -1.2247 0.0000
-4.7588 -1.3804 0.0000
-4.7543 -1.6729 0.0000
-1.7905 -3.1351 0.0014
-2.0287 -3.3227 0.0010
-2.2683 -3.5234 0.0007
0.8481 -3.4443 0.0004
0.6258 -3.2725 0.0005
4.2495 3.8799 0.0000
4.1497 3.5703 0.0000
3.8528 3.5579 0.0000
0.4565 -2.2731 0.0036
0.2747 -2.1195 0.0044
1.0314 -0.0608 0.0447
4.7148 3.5281 0.0000
4.5006 3.3415 0.0000
4.2583 3.2977 0.0000
-3.6025 -0.6292 0.0054
-3.8383 -0.6832 0.0017
-2.3347 1.1093 0.0492
-2.3926 0.8710 0.0588
-2.5090 0.7834 0.0592
1.4978 -1.0834 0.0371
1.4211 -1.2380 0.0302
1.2338 -1.1627 0.0283
1.1731 -1.3835 0.0214
-4.4150 4.6519 0.0000
-4.5357 4.7874 0.0000
-4.7743 4.7454 0.0000
-0.9349 3.3574 0.0006
-1.0586 3.1088 0.0011
1.8922 1.7115 0.0220
1.6941 1.6735 0.0210
-1.4122 -1.2421 0.0300
-1.6585 -1.2647 0.0343
-1.5071 -1.4283 0.0258
-1.7091 -1.4985 0.0268
-1.6247 -1.6894 0.0197
-2.7983 -0.0856 0.0579
-2.9635 -0.2191 0.0437
-4.7649 -3.3041 0.0000
0.4691 -0.6463 0.0277
0.3859 -0.8862 0.0229
0.2215 -1.1050 0.0183
-4.4336 -0.1301 0.0000
-4.5000 -0.3588 0.0000
-4.5248 2.5104 0.0000
-4.7728 2.3556 0.0000
1.9887 -2.9529 0.0026
1.8446 -3.1816 0.0015
-2.3215 4.7561 0.0000
-2.4339 4.5086 0.0000
-2.7228 4.5099 0.0000
-0.7985 -0.7458 0.0306
0.0269 2.0944 0.0045
-0.1427 1.8700 0.0066
-0.3176 1.6476 0.0096
4.5060 -4.3386 0.0000
4.5171 -4.6233 0.0000
4.4317 -4.8050 0.0000
-4.5259 -3.1615 0.0000
-3.7395 0.8129 0.0023
-3.7188 0.5697 0.0030
-3.9484 0.5218 0.0008
1.7707 2.1818 0.0098
3.1487 0.2799 0.0288
2.9276 0.1361 0.0472
2.8716 -0.0139 0.0522
-4.1793 -2.3593 0.0001
-4.4517 -2.3521 0.0000
-4.2413 -2.6326 0.0000
-4.4988 -2.5917 0.0000
-4.4521 -2.8759 0.0000
4.6954 -3.1089 0.0000
4.7776 -3.3078 0.0000
4.5201 3.8357 0.0000
4.4254 3.5983 0.0000
0.9389 -0.6039 0.0357
0.7150 -0.6179 0.0312
0.8557 -0.8225 0.0295
0.6077 -0.8143 0.0262
0.6698 -0.9975 0.0232
0.7224 -1.2207 0.0191
2.8984 -1.9528 0.0103
2.7176 -2.1438 0.0097
4.7430 3.9924 0.0000
4.7648 3.7466 0.0000
4.7651 -3.8906 0.0000
4.5412 -4.0301 0.0000
4.3335 -4.1467 0.0000
4.7477 4.2482 0.0000
1.2760 -0.7730 0.0404
1.3205 -0.9661 0.0361
1.0738 -0.7756 0.0350
1.1042 -0.9724 0.0307
0.9034 -1.0456 0.0252
3.1211 -4.4932 0.0000
2.8520 -4.5070 0.0000
2.5956 -4.5244 0.0000
-3.8653 1.3253 0.0007
-4.7462 -2.9868 0.0000
-3.0311 -1.6495 0.0131
-3.0007 -1.9370 0.0092
1.5574 -0.5757 0.0553
1.4581 -0.7445 0.0469
1.6761 -0.9158 0.0481
1.5037 -0.9035 0.0433
2.5303 0.7860 0.0580
2.4036 0.7062 0.0648
2.4039 0.5404 0.0708
2.5259 0.4522 0.0694
2.4957 0.2972 0.0742
-2.6949 -4.7488 0.0000
-0.5284 2.2478 0.0038
-0.5740 2.0443 0.0056
-0.7927 2.2603 0.0045
-1.0252 2.0558 0.0075
-0.7620 1.9458 0.0074
-0.9481 1.7818 0.0107
-0.4822 4.3092 0.0000
-0.6670 4.1327 0.0001
3.9359 -1.0211 0.0006
3.6927 -1.1851 0.0022
3.8115 -1.4902 0.0008
4.7370 0.7734 0.0000
4.7463 -1.4603 0.0000
4.2481 -0.6591 0.0001
4.0370 -0.7139 0.0004
3.8642 -0.7524 0.0012
3.6536 -0.8759 0.0034
1.7856 3.7860 0.0002
-4.7597 -1.0874 0.0000
2.8312 -0.5637 0.0484
2.6662 -0.5673 0.0591
0.7302 3.4638 0.0002
0.5893 3.6874 0.0001
0.3847 3.5428 0.0002
1.0781 4.2309 0.0000
0.9077 4.0100 0.0001
4.2269 -0.4059 0.0001
3.9728 -0.4473 0.0007
0.4447 4.7268 0.0000
0.1498 4.7734 0.0000
0.6498 -2.6940 0.0018
0.3962 -2.8139 0.0012
0.4048 -3.1078 0.0006
2.3189 0.8249 0.0613
2.1784 0.7326 0.0657
2.1572 0.5708 0.0718
2.0339 0.6391 0.0678
1.9483 0.5306 0.0697
1.8107 0.5796 0.0642
1.9776 0.3835 0.0746
2.9887 -2.2249 0.0056
2.7875 -2.4077 0.0056
2.8176 -2.7037 0.0030
2.6467 -2.9263 0.0023
-1.6905 0.0860 0.0692
-1.7268 -0.0973 0.0706
3.0468 3.4070 0.0006
2.9268 3.2100 0.0010
2.7388 3.0133 0.0018
2.4667 2.9344 0.0025
2.4396 2.6665 0.0044
-1.7203 -4.0239 0.0001
-3.7800 -2.8529 0.0002
-3.9194 -3.0708 0.0001
-4.0381 -3.3033 0.0000
2.9372 1.4339 0.0202
3.0403 -0.0820 0.0380
2.8690 -0.1974 0.0515
2.7040 -0.2579 0.0633
2.9560 -4.7528 0.0000
2.8470 -4.0274 0.0001
3.7264 4.5149 0.0000
3.4131 4.4928 0.0000
4.2407 0.3758 0.0001
4.0512 0.1381 0.0005
4.0345 -2.2570 0.0001
3.8318 -2.4770 0.0001
2.0570 -0.3109 0.0781
1.9719 -0.4043 0.0740
1.9355 -0.1112 0.0779
1.9997 -0.2198 0.0784
1.8844 -0.2703 0.0743
1.7231 -0.2888 0.0682
1.8232 -0.4099 0.0694
2.1771 -0.3474 0.0788
2.1154 -0.4530 0.0755
2.0260 -0.5589 0.0708
1.8764 -0.5381 0.0676
1.7462 -0.6023 0.0613
1.6837 -0.4465 0.0634
1.9268 -0.6853 0.0640
1.7966 -0.7789 0.0569
1.6321 -0.7388 0.0529
-1.6017 2.9982 0.0020
-1.7436 2.8098 0.0032
-1.4871 0.5587 0.0531
-1.6347 0.4970 0.0602
-1.6121 0.3482 0.0627
-1.7409 0.2435 0.0696
-1.4256 -1.8567 0.0135
-1.4799 -2.1316 0.0090
-4.7722 1.7198 0.0000
-4.0745 4.5192 0.0000
0.7997 2.8830 0.0012
0.5266 2.8131 0.0012
3.9855 0.8958 0.0007
3.7332 0.9052 0.0026
-2.1684 1.0788 0.0511
-2.2593 0.9355 0.0576
-2.7596 -3.2669 0.0010
3.1177 -3.1365 0.0006
2.9778 -3.3306 0.0005
1.2262 2.4570 0.0042
4.0177 4.0372 0.0000
3.7546 4.0381 0.0000
1.4860 -2.4331 0.0057
1.4285 -2.7261 0.0031
3.0994 -2.7829 0.0015
2.9257 -2.9811 0.0014
-2.5963 -2.5300 0.0054
-2.8555 -2.6888 0.0031
-3.0516 -2.8802 0.0016
1.0688 -0.2501 0.0445
3.7498 -3.9464 0.0000
3.8392 -4.2419 0.0000
-3.4844 -1.0768 0.0067
4.1420 -3.6578 0.0000
3.9314 -3.7620 0.0000
0.6412 3.9727 0.0001
-0.7837 1.3444 0.0171
0.6164 4.4879 0.0000
2.0982 3.9048 0.0002
2.0584 3.6370 0.0004
-4.3695 4.4485 0.0000
-4.4961 4.1930 0.0000
-0.1903 4.1942 0.0000
-0.4279 4.0426 0.0001
-0.2604 3.8356 0.0001
-0.5541 3.8186 0.0001
-0.6079 -1.1980 0.0190
-0.8232 -1.2030 0.0210
-1.0061 -1.3294 0.0206
-3.2963 4.7735 0.0000
-3.4343 4.5245 0.0000
4.7722 3.2522 0.0000
1.2091 1.4866 0.0195
0.9597 1.3715 0.0190
1.0128 1.1207 0.0257
-2.4578 4.0233 0.0001
1.3366 -3.2269 0.0010
1.3412 -3.4964 0.0005
-3.2207 -3.3835 0.0004
4.1542 1.4233 0.0002
-0.7495 -2.5715 0.0023
-1.0060 -2.6977 0.0021
-1.8911 -2.4886 0.0059
-1.8053 -2.8273 0.0029
-2.0368 -3.0086 0.0021
3.4525 -1.0855 0.0069
3.3770 -1.3044 0.0073
3.5818 -1.4248 0.0029
3.5808 -1.6894 0.0021
3.3141 0.5427 0.0166
3.1058 0.6819 0.0275
3.0714 0.4757 0.0327
2.8419 0.4441 0.0504
4.7887 -2.3270 0.0000
4.5981 -2.4718 0.0000
2.5724 -0.7055 0.0596
2.4228 -0.7211 0.0642
2.4109 -0.8713 0.0584
2.3788 -1.0429 0.0516
-1.8117 2.5047 0.0061
-1.8826 2.2828 0.0094
-2.1087 2.4649 0.0072
-2.1223 2.1945 0.0117
-1.9860 0.1656 0.0787
-1.9424 0.0354 0.0784
-2.0707 0.0569 0.0814
-2.1588 -0.0491 0.0825
-2.0290 -0.0762 0.0805
-2.1143 -0.1780 0.0810
-2.2417 -0.1606 0.0818
-2.2182 -0.2894 0.0799
0.3673 -4.2950 0.0000
0.3089 -4.5223 0.0000
-2.8992 2.8345 0.0020
-2.9537 2.5829 0.0031
-3.2365 2.5787 0.0016
-3.0907 2.3591 0.0036
-3.3342 2.2736 0.0021
2.7627 -1.4616 0.0250
2.6023 -1.3401 0.0340
2.4004 -1.4256 0.0347
2.1694 -1.4276 0.0357
2.5657 -1.5815 0.0262
-3.2567 -3.9447 0.0001
-3.4040 -4.1994 0.0000
-3.4014 -4.4921 0.0000
-3.5499 -4.7466 0.0000
-0.3264 4.5043 0.0000
-1.9132 -1.5585 0.0274
-1.8327 -1.7774 0.0194
4.2595 -2.7797 0.0000
4.1985 -3.0052 0.0000
1.0108 -1.2274 0.0226
0.8611 -1.3780 0.0173
1.0021 -1.5562 0.0153
0.7147 -1.5622 0.0126
0.6256 -1.8156 0.0083
4.2614 1.1426 0.0001
4.2510 0.8920 0.0001
2.7748 -3.7562 0.0002
-1.2830 4.4814 0.0000
-1.3570 -1.0143 0.0360
-1.5538 -1.0667 0.0392
-1.8455 0.1439 0.0746
-1.8042 0.0038 0.0738
-1.8948 -0.0927 0.0767
0.7701 2.3369 0.0039
0.8389 2.0826 0.0064
4.4971 -0.5391 0.0000
2.2751 3.4438 0.0008
2.2173 3.1799 0.0015
-1.3093 -3.1032 0.0010
-1.5388 -3.2644 0.0008
3.2786 1.8009 0.0060
3.1158 1.6035 0.0116
4.7473 1.3666 0.0000
-2.5415 -4.5309 0.0000
-2.3958 -4.7692 0.0000
0.3886 -3.4147 0.0003
0.2192 -3.5969 0.0002
-3.3284 -3.6383 0.0002
-3.5186 -3.8897 0.0001
-4.4507 0.3972 0.0000
-4.7521 0.2214 0.0000
0.1196 1.8343 0.0072
-0.0349 1.6089 0.0099
-3.6048 -3.5939 0.0001
-3.7945 -3.8419 0.0000
-0.7782 3.9168 0.0001
-0.9800 4.0688 0.0001
-0.7958 3.6221 0.0003
-1.1124 3.5628 0.0004
4.2792 -4.4878 0.0000
4.1802 -4.7389 0.0000
3.8963 -4.7778 0.0000
1.6781 1.4750 0.0271
1.6413 1.2790 0.0334
0.4015 -4.0237 0.0001
0.1447 -4.1743 0.0000
-3.4695 -3.3328 0.0003
-3.7520 -3.3243 0.0001
-2.9735 -3.4417 0.0006
-3.0660 -3.7061 0.0003
-1.9768 2.6810 0.0046
-3.8991 0.2851 0.0012
-4.1774 0.3141 0.0002
-4.2513 0.0789 0.0001
-3.2550 -1.7866 0.0065
-3.2633 -2.0533 0.0044
-3.5209 -2.1686 0.0017
-2.8636 3.1284 0.0011
-3.0708 3.0541 0.0009
-3.1698 2.8324 0.0011
-3.4584 2.7646 0.0005
-0.3053 -2.7084 0.0013
2.9094 3.8021 0.0003
2.8227 3.5416 0.0005
2.7065 3.2967 0.0010
2.4668 3.1994 0.0014
0.5995 2.1107 0.0053
0.5490 1.8854 0.0076
3.0655 -3.8661 0.0001
-0.0592 4.4689 0.0000
3.9603 3.7953 0.0000
3.4203 -3.9259 0.0000
3.2212 -4.0387 0.0000
-0.6666 2.8096 0.0014
4.4365 1.3774 0.0000
-4.4872 0.6796 0.0000
-4.7277 0.4904 0.0000
3.4536 2.6248 0.0010
3.4379 2.3485 0.0017
3.1856 2.5120 0.0025
3.1676 2.2422 0.0041
2.9405 2.2787 0.0059
3.6718 1.5659 0.0020
3.5502 1.3333 0.0041
0.2161 -1.5735 0.0105
0.1465 -1.8202 0.0072
0.1658 -3.8639 0.0001
-0.0764 -4.0026 0.0001
-1.9726 2.0255 0.0150
-2.3559 2.3039 0.0095
-2.3284 2.0468 0.0148
-2.1425 1.9004 0.0189
-1.0698 4.7715 0.0000
-1.2727 4.7053 0.0000
-1.8639 0.9362 0.0526
-1.9671 0.7962 0.0607
-2.0677 0.6899 0.0668
-2.1630 0.8020 0.0633
-2.2976 0.7459 0.0654
-2.1940 0.6315 0.0702
-2.3054 0.5613 0.0722
0.4016 3.8768 0.0001
0.2105 3.7464 0.0001
0.1022 3.4650 0.0002
-0.0420 3.6811 0.0001
-0.2227 3.5229 0.0002
-0.0821 3.2967 0.0004
-0.2304 3.0421 0.0007
-0.3787 3.2939 0.0004
-0.5133 3.0532 0.0008
-4.3095 1.4538 0.0000
-4.5102 1.2706 0.0000
4.4626 -1.0940 0.0000
2.3370 -0.6014 0.0704
2.2526 -0.7502 0.0655
2.1801 -0.5996 0.0713
2.0800 -0.7106 0.0662
2.1017 -0.8620 0.0602
2.2406 -0.9206 0.0583
2.0238 -1.0279 0.0519
1.9434 -0.8526 0.0579
1.8396 -0.9944 0.0496
1.6726 -1.1112 0.0407
2.4240 2.1693 0.0112
2.2040 2.1670 0.0115
2.0008 2.0388 0.0138
2.3154 1.9167 0.0174
2.0955 1.8452 0.0192
3.0458 -2.5057 0.0030
-0.2192 -0.1078 0.0309
-0.3606 -0.2825 0.0310
-2.8619 0.6867 0.0433
-2.8755 0.4745 0.0470
-3.0381 0.5709 0.0332
-3.1049 0.3604 0.0311
-4.2786 -0.8148 0.0001
-4.5132 -0.9436 0.0000
-1.8661 4.5049 0.0000
-1.7205 4.2755 0.0001
-1.6745 4.0545 0.0002
-1.8726 3.9299 0.0002
-1.1672 2.8233 0.0021
-1.1270 2.5943 0.0032
-1.3492 2.4976 0.0045
-2.1425 -2.4436 0.0069
-2.3479 -2.3252 0.0086
-2.5981 -2.2626 0.0087
-2.3429 -2.6186 0.0050
-2.5724 -2.8060 0.0032
-2.6016 -1.6212 0.0238
2.6309 -1.8860 0.0161
2.4552 -1.7550 0.0221
2.3149 -1.9173 0.0183
4.1946 -1.2160 0.0001
3.9398 -1.3113 0.0005
2.7691 -3.1990 0.0010
-2.0580 -2.7127 0.0040
-2.2994 -2.8985 0.0028
3.8183 0.0474 0.0021
3.6101 -0.0442 0.0059
4.0184 -3.4251 0.0000
3.7933 -3.5601 0.0000
-3.3002 3.4899 0.0001
-0.9273 2.8515 0.0016
2.6756 -0.4182 0.0623
4.5514 3.0897 0.0000
4.3312 3.0283 0.0000
4.7540 2.9391 0.0000
4.4847 2.7802 0.0000
1.4388 1.3677 0.0265
1.4111 1.1583 0.0326
1.8397 -2.7858 0.0035
1.6501 -2.9688 0.0022
-1.4407 -0.4617 0.0541
-1.6016 -0.5465 0.0580
-1.6337 -0.7247 0.0536
2.4142 1.1306 0.0463
2.2981 1.0031 0.0535
2.1472 1.0872 0.0497
2.1545 0.9039 0.0581
2.0239 0.7947 0.0614
1.9893 0.9471 0.0542
1.8942 0.7117 0.0620
-1.0572 -3.2588 0.0005
-1.2841 -3.4027 0.0004
-1.5168 -3.5681 0.0003
-1.7374 -3.7379 0.0003
-1.1401 4.2687 0.0001
-1.4398 4.2269 0.0001
-1.0430 3.8100 0.0002
-1.2668 4.0061 0.0001
-1.5138 3.9034 0.0002
-1.6873 3.7183 0.0004
-2.2199 -0.4207 0.0767
-2.3520 -0.2296 0.0796
-2.3530 -0.3568 0.0771
-2.3475 -0.4840 0.0737
-2.4470 -0.6040 0.0675
-2.5040 -0.7780 0.0592
1.0085 1.6521 0.0137
0.7744 1.5794 0.0132
0.6908 1.3721 0.0163
0.5280 1.1842 0.0186
-3.3580 1.9844 0.0032
-3.4777 1.6521 0.0033
3.4508 -2.0955 0.0019
3.2713 -2.3211 0.0024
-0.7714 -0.9719 0.0254
-0.9947 -1.0566 0.0270
-1.1670 1.7126 0.0140
-1.4300 1.7508 0.0163
-0.9852 4.5241 0.0000
-0.4828 -4.7407 0.0000
-0.0117 -0.6042 0.0260
-0.2165 -0.6694 0.0255
3.2218 -0.1789 0.0240
3.0375 -0.3027 0.0368
3.0253 -0.5079 0.0352
3.1793 -0.6716 0.0225
2.9552 -0.7192 0.0362
-2.0385 -4.4030 0.0000
-2.9572 3.3608 0.0005
-3.1959 3.2569 0.0004
-0.8677 -3.8456 0.0001
-1.0744 -3.8154 0.0001
-1.2049 -4.0119 0.0001
-1.4486 -4.1931 0.0000
-1.5175 -4.4649 0.0000
-0.5150 1.4418 0.0134
-0.6020 1.1785 0.0188
-0.8276 1.0735 0.0234
-1.5465 1.5339 0.0237
-1.7183 1.6542 0.0228
-1.7402 1.4228 0.0307
-2.9563 1.6547 0.0144
0.1327 -2.3599 0.0027
-0.1100 -2.5287 0.0019
2.3576 4.7312 0.0000
3.3806 2.0667 0.0031
3.0964 1.9817 0.0072
-4.5382 1.8723 0.0000
0.3117 0.5718 0.0274
0.2039 0.3938 0.0289
0.0366 0.4860 0.0275
0.0469 0.2397 0.0297
0.5351 3.3263 0.0003
0.2702 3.2742 0.0003
0.3651 3.0426 0.0006
0.7705 4.2446 0.0000
0.4867 4.2108 0.0000
0.2820 4.0765 0.0000
3.5264 -2.5021 0.0007
3.3150 -2.6153 0.0012
-2.2712 -4.1215 0.0001
-2.2979 -4.3909 0.0000
-2.5568 -4.2653 0.0001
2.1934 -1.0746 0.0513
2.0803 -1.2251 0.0439
1.8605 -1.2037 0.0415
1.9552 -1.3825 0.0358
2.0081 -1.6059 0.0278
1.6375 -1.3185 0.0324
1.7878 -1.4774 0.0296
1.7737 -1.7123 0.0218
1.5746 -1.5758 0.0230
1.6090 -1.8559 0.0160
1.4251 -1.7459 0.0164
-0.3328 0.2985 0.0307
-0.5214 0.2746 0.0328
-0.6488 0.0957 0.0358
-0.8054 -4.7544 0.0000
2.5899 -2.5770 0.0050
2.4544 -2.7592 0.0038
-2.3054 0.4090 0.0768
-2.4518 0.3670 0.0744
-2.4882 0.2259 0.0757
-2.5966 0.3124 0.0691
-2.6432 0.1756 0.0682
3.6792 -2.6996 0.0002
3.4715 -2.8297 0.0004
2.2147 2.9436 0.0025
2.1915 2.7067 0.0042
1.1551 -2.7716 0.0023
1.1221 -3.0414 0.0013
-2.4338 0.5092 0.0712
-2.5773 0.4624 0.0668
-2.7255 0.3874 0.0596
-2.7751 0.2474 0.0583
-3.7611 1.6230 0.0009
3.0477 -4.2262 0.0000
2.7980 -4.2774 0.0000
3.7943 -2.9452 0.0001
3.5953 -3.0572 0.0001
3.4049 -3.1913 0.0002
2.7806 1.2072 0.0325
2.6174 1.0973 0.0426
2.6952 0.7149 0.0531
2.6686 0.9143 0.0475
2.4674 0.9369 0.0537
4.7575 -2.6475 0.0000
4.5224 -2.8162 0.0000
-2.8371 -2.4024 0.0055
-3.0901 -2.5226 0.0030
-3.2386 -2.7249 0.0015
-0.8762 0.2151 0.0397
-0.8531 0.0233 0.0401
-1.0505 0.1088 0.0451
-1.0050 -0.0747 0.0439
-1.1266 -0.2303 0.0467
-2.6350 -3.4836 0.0007
-2.8079 -3.6264 0.0004
-3.8899 4.2813 0.0000
-4.1805 4.2567 0.0000
-4.2704 4.0082 0.0000
-4.0581 -2.0977 0.0002
3.9620 0.4065 0.0009
3.7652 0.2833 0.0028
2.5216 -3.1908 0.0014
2.3017 -3.3167 0.0011
1.1395 3.2485 0.0006
0.1476 -2.6624 0.0015
-0.0685 -2.8389 0.0010
4.7524 -4.2020 0.0000
4.7605 -4.4943 0.0000
-1.8205 -0.1993 0.0732
-1.9700 -0.2112 0.0777
-2.0903 -0.3020 0.0786
-0.0412 -1.5918 0.0102
-0.1157 -1.8504 0.0070
4.4397 -1.3742 0.0000
0.9135 4.4888 0.0000
3.2847 4.7589 0.0000
3.1316 4.5244 0.0000
-0.5784 -3.1701 0.0005
-0.8189 -3.1076 0.0007
-0.5249 -3.4458 0.0002
-0.7936 -3.3773 0.0003
-0.7221 -3.6530 0.0001
-0.5796 2.5345 0.0023
-0.8618 2.5721 0.0027
-0.4726 4.7407 0.0000
0.0043 -3.4419 0.0002
-1.9863 -3.8946 0.0002
-2.0181 -4.1443 0.0001
0.6705 2.5788 0.0022
0.8874 3.7359 0.0001
-4.7466 2.9412 0.0000
-0.5430 -2.6810 0.0016
2.7663 1.8610 0.0145
2.7739 1.6148 0.0204
-1.6638 -1.9522 0.0135
-1.9976 -1.9498 0.0159
-1.7007 -2.2958 0.0077
-1.8244 -2.0954 0.0116
-1.9967 -2.2490 0.0096
-2.3523 2.5664 0.0058
-2.5932 2.4412 0.0064
-2.5934 2.1685 0.0105
-2.8375 2.0684 0.0095
-1.4174 2.7794 0.0028
-1.6010 2.6109 0.0044
-0.9981 1.2357 0.0222
-1.1368 1.0564 0.0292
1.0377 -4.5241 0.0000
1.8026 -0.1369 0.0732
1.6516 -0.1520 0.0672
1.5557 -0.2759 0.0617
1.5298 -0.4163 0.0581
1.3849 -0.4127 0.0527
1.3716 -0.5742 0.0486
1.1831 -0.5720 0.0426
-3.8403 2.0289 0.0003
-3.9569 1.7963 0.0002
-0.2406 -0.9845 0.0205
-0.1667 -1.2675 0.0155
-0.3585 -1.1706 0.0178
-0.4593 -1.3927 0.0145
1.2213 -0.1427 0.0504
-1.5764 -0.3718 0.0611
-1.6979 -0.2794 0.0675
-1.8376 -0.3368 0.0715
-1.7334 -0.4423 0.0655
-1.7695 -0.6009 0.0622
-1.9031 -0.4854 0.0698
-1.9189 -0.6567 0.0646
-0.3873 2.7778 0.0013
-0.3454 2.4231 0.0025
4.7615 -0.1400 0.0000
-2.0277 4.7549 0.0000
-2.1463 4.4948 0.0000
-2.2864 4.2513 0.0001
0.6813 -3.9350 0.0001
-0.3589 -0.8114 0.0241
-0.5097 -0.9823 0.0222
3.4345 -0.6359 0.0102
3.3847 -0.8628 0.0106
3.1731 -0.8881 0.0199
2.9713 -0.8975 0.0312
2.9603 -1.0998 0.0269
2.8956 -1.3018 0.0247
4.3047 -2.3152 0.0000
4.4004 -2.5600 0.0000
-3.1412 4.6240 0.0000
2.0393 -4.2741 0.0001
1.8580 -4.4904 0.0000
1.5877 -4.4812 0.0000
-1.9559 2.9595 0.0025
-2.2122 2.8096 0.0036
-2.4959 2.7681 0.0036
-0.7556 0.5720 0.0327
-0.9700 0.6460 0.0355
-0.9222 0.4298 0.0383
-1.0811 0.3021 0.0443
-1.7638 -4.2928 0.0000
-1.7446 -4.5437 0.0000
-2.2567 -3.1892 0.0015
-2.4543 -3.3578 0.0010
-0.7794 4.7522 0.0000
-0.6586 4.4993 0.0000
1.7166 -4.7490 0.0000
4.5289 1.1243 0.0000
-1.8680 3.5425 0.0006
-2.0118 3.3238 0.0011
-2.1536 3.1161 0.0018
2.6589 0.3760 0.0643
2.6270 0.2236 0.0687
2.5495 0.1332 0.0740
2.4732 0.0433 0.0779
2.4294 0.1738 0.0785
2.3656 0.0622 0.0811
2.4748 -0.0606 0.0778
2.3490 -0.0804 0.0814
2.2544 0.0163 0.0828
2.1475 -0.0088 0.0826
2.0828 -0.1270 0.0812
2.2207 -0.1142 0.0825
2.1628 -0.2292 0.0809
-2.9033 4.3463 0.0000
-3.7953 -1.4637 0.0013
-3.8936 -3.5702 0.0000
-4.1758 -3.5493 0.0000
-4.0826 -3.8025 0.0000
0.9277 2.6541 0.0022
-4.7586 1.1040 0.0000
0.6856 -0.2323 0.0357
0.5448 -0.4196 0.0317
0.3432 -0.4646 0.0291
0.2198 -0.6594 0.0258
4.7470 -4.7752 0.0000
-1.2475 3.3475 0.0007
-1.3161 3.0494 0.0015
-1.4998 3.2410 0.0011
-2.3487 3.2997 0.0011
-2.4194 3.0369 0.0021
-2.6776 2.9641 0.0020
-3.7382 -1.7150 0.0013
-3.9752 -1.8058 0.0004
0.9927 2.4205 0.0038
1.0614 2.1864 0.0062
-3.9694 -0.9533 0.0007
-4.2372 -1.0720 0.0001
-2.3306 3.7642 0.0003
-2.4973 3.5414 0.0006
3.4796 1.0140 0.0071
3.3521 1.2225 0.0093
3.1856 1.0556 0.0175
4.1896 2.7755 0.0000
2.2889 -1.6145 0.0282
2.1586 -1.7777 0.0226
1.9451 -1.8691 0.0188
1.7746 -2.0153 0.0139
1.9290 -2.1862 0.0113
1.6602 -2.2694 0.0085
-0.2462 -1.4673 0.0125
-0.3056 -1.7008 0.0092
-1.4609 4.7693 0.0000
-1.7359 4.7545 0.0000
2.5294 -3.4577 0.0007
2.0162 -3.7004 0.0004
2.4635 -2.0665 0.0137
2.2677 -2.2208 0.0112
2.1129 -2.0433 0.0150
2.0800 -2.3651 0.0086
2.6612 -4.7678 0.0000
-3.2995 -2.3354 0.0026
-3.4284 -2.5359 0.0013
-3.4962 -2.8188 0.0006
-4.4993 2.7976 0.0000
-4.7603 2.6547 0.0000
-1.2063 -0.4043 0.0471
-1.3490 -0.3285 0.0532
-1.3004 -0.5586 0.0471
-1.4556 -0.6604 0.0497
-1.4736 -0.8553 0.0443
-1.6749 -0.9085 0.0483
-0.9694 -2.1452 0.0063
-2.7936 -1.7903 0.0156
-2.6647 -1.9654 0.0137
-2.8072 -2.1222 0.0092
4.7615 0.1678 0.0000
4.7691 1.0635 0.0000
0.0723 -4.4581 0.0000
0.0477 -4.7232 0.0000
-0.1961 -4.5098 0.0000
-0.2073 -4.7513 0.0000
-3.4895 3.3001 0.0001
-3.6465 3.0817 0.0001
-2.1805 -1.5554 0.0294
-2.3540 -1.6376 0.0260
3.7058 3.3311 0.0001
3.5659 3.5287 0.0001
3.3339 3.4246 0.0003
0.4388 -1.6283 0.0101
-0.5405 -2.9317 0.0009
0.1491 4.5641 0.0000
0.3313 4.4314 0.0000
0.1097 4.2588 0.0000
0.0233 3.9676 0.0001
-4.7510 -0.2495 0.0000
-4.7479 -0.5120 0.0000
-0.1478 4.7419 0.0000
-0.2464 -3.4780 0.0002
-0.4232 -3.7070 0.0001
-1.3163 1.5125 0.0204
-1.4737 1.3160 0.0289
3.3623 -1.8372 0.0039
3.1730 -2.0359 0.0051
2.7257 -0.0880 0.0634
1.9054 1.4672 0.0307
1.8299 1.2608 0.0378
-3.5097 -1.8935 0.0026
-3.7657 -2.0211 0.0008
-3.8593 -2.2753 0.0004
-1.9462 -4.6186 0.0000
-2.0401 -4.7979 0.0000
-2.2259 -4.6294 0.0000
1.6759 4.5031 0.0000
1.4632 4.5130 0.0000
1.3295 4.3490 0.0000
