5.0000 5.0000 0.0000
0.0000 5.0000 0.0000
2.5000 5.0000 0.0000
3.7500 5.0000 0.0000
4.3750 5.0000 0.0000
4.6875 5.0000 0.0000
4.0625 5.0000 0.0000
3.1250 5.0000 0.0000
3.4375 5.0000 0.0000
2.8125 5.0000 0.0000
1.2500 5.0000 0.0000
1.8750 5.0000 0.0000
2.1875 5.0000 0.0000
1.5625 5.0000 0.0000
0.6250 5.0000 0.0000
0.9375 5.0000 0.0000
0.3125 5.0000 0.0000
-2.5000 5.0000 0.0000
-1.2500 5.0000 0.0000
-0.6250 5.0000 0.0000
-0.3125 5.0000 0.0000
-0.9375 5.0000 0.0000
-1.8750 5.0000 0.0000
-1.5625 5.0000 0.0000
-2.1875 5.0000 0.0000
-3.7500 5.0000 0.0000
-3.1250 5.0000 0.0000
-2.8125 5.0000 0.0000
-3.4375 5.0000 0.0000
-4.3750 5.0000 0.0000
-4.0625 5.0000 0.0000
-4.6875 5.0000 0.0000
5.0000 -5.0000 0.0000
5.0000 0.0000 0.0000
5.0000 -2.5000 0.0000
5.0000 -3.7500 0.0000
5.0000 -4.3750 0.0000
5.0000 -4.6875 0.0000
5.0000 -4.0625 0.0000
5.0000 -3.1250 0.0000
5.0000 -3.4375 0.0000
5.0000 -2.8125 0.0000
5.0000 -1.2500 0.0000
5.0000 -1.8750 0.0000
5.0000 -2.1875 0.0000
5.0000 -1.5625 0.0000
5.0000 -0.6250 0.0000
5.0000 -0.9375 0.0000
5.0000 -0.3125 0.0000
5.0000 2.5000 0.0000
5.0000 1.2500 0.0000
5.0000 0.6250 0.0000
5.0000 0.3125 0.0000
5.0000 0.9375 0.0000
5.0000 1.8750 0.0000
5.0000 1.5625 0.0000
5.0000 2.1875 0.0000
5.0000 3.7500 0.0000
5.0000 3.1250 0.0000
5.0000 2.8125 0.0000
5.0000 3.4375 0.0000
5.0000 4.3750 0.0000
5.0000 4.0625 0.0000
5.0000 4.6875 0.0000
-5.0000 -5.0000 0.0000
0.0000 -5.0000 0.0000
-2.5000 -5.0000 0.0000
-3.7500 -5.0000 0.0000
-4.3750 -5.0000 0.0000
-4.6875 -5.0000 0.0000
-4.0625 -5.0000 0.0000
-3.1250 -5.0000 0.0000
-3.4375 -5.0000 0.0000
-2.8125 -5.0000 0.0000
-1.2500 -5.0000 0.0000
-1.8750 -5.0000 0.0000
-2.1875 -5.0000 0.0000
-1.5625 -5.0000 0.0000
-0.6250 -5.0000 0.0000
-0.9375 -5.0000 0.0000
-0.3125 -5.0000 0.0000
2.5000 -5.0000 0.0000
1.2500 -5.0000 0.0000
0.6250 -5.0000 0.0000
0.3125 -5.0000 0.0000
0.9375 -5.0000 0.0000
1.8750 -5.0000 0.0000
1.5625 -5.0000 0.0000
2.1875 -5.0000 0.0000
3.7500 -5.0000 0.0000
3.1250 -5.0000 0.0000
2.8125 -5.0000 0.0000
3.4375 -5.0000 0.0000
4.3750 -5.0000 0.0000
4.0625 -5.0000 0.0000
4.6875 -5.0000 0.0000
-5.0000 5.0000 0.0000
-5.0000 0.0000 0.0000
-5.0000 2.5000 0.0000
-5.0000 3.7500 0.0000
-5.0000 4.3750 0.0000
-5.0000 4.6875 0.0000
-5.0000 4.0625 0.0000
-5.0000 3.1250 0.0000
-5.0000 3.4375 0.0000
-5.0000 2.8125 0.0000
-5.0000 1.2500 0.0000
-5.0000 1.8750 0.0000
-5.0000 2.1875 0.0000
-5.0000 1.5625 0.0000
-5.0000 0.6250 0.0000
-5.0000 0.9375 0.0000
-5.0000 0.3125 0.0000
-5.0000 -2.5000 0.0000
-5.0000 -1.2500 0.0000
-5.0000 -0.6250 0.0000
-5.0000 -0.3125 0.0000
-5.0000 -0.9375 0.0000
-5.0000 -1.8750 0.0000
-5.0000 -1.5625 0.0000
-5.0000 -2.1875 0.0000
-5.0000 -3.7500 0.0000
-5.0000 -3.1250 0.0000
-5.0000 -2.8125 0.0000
-5.0000 -3.4375 0.0000
-5.0000 -4.3750 0.0000
-5.0000 -4.0625 0.0000
-5.0000 -4.6875 0.0000
-3.9811 -0.1397 0.0008
-1.7079 2.3720 0.0075
-1.7568 2.1444 0.0115
-2.0021 2.1552 0.0125
-2.3478 -4.2682 0.0001
-2.5003 -4.5101 0.0000
-2.3502 -4.7589 0.0000
-2.6550 -4.7529 0.0000
1.1017 4.7530 0.0000
1.0324 1.1483 0.0254
-4.5349 1.5899 0.0000
-2.7995 0.9315 0.0425
-2.8589 0.7321 0.0449
-3.0743 0.6548 0.0306
-1.3053 -0.7055 0.0462
-1.2251 -0.8644 0.0386
-1.4270 -0.9419 0.0421
-4.0627 1.5275 0.0002
1.0690 -1.9164 0.0094
0.7856 -1.8775 0.0081
-0.5219 -4.7515 0.0000
3.3999 -4.5280 0.0000
3.2745 -4.7553 0.0000
2.4762 -0.6173 0.0611
2.3025 -0.6773 0.0624
2.2938 -0.8518 0.0562
2.1527 -0.8293 0.0571
2.0866 -0.9737 0.0510
-0.9863 1.5888 0.0149
0.2408 0.0742 0.0305
0.0932 -0.1388 0.0296
3.0192 3.1301 0.0011
-2.6653 -3.0760 0.0017
-2.7093 -3.3685 0.0008
-2.9321 -3.5034 0.0005
-3.1707 -3.6341 0.0003
-3.3084 -3.8133 0.0001
4.7550 -1.7287 0.0000
4.7594 -2.0269 0.0000
4.4958 -1.8846 0.0000
4.5188 -2.1626 0.0000
4.4622 -2.4628 0.0000
1.8797 2.5840 0.0050
3.0946 -3.8123 0.0001
2.7856 -3.7528 0.0002
-0.1201 -0.0972 0.0306
-0.3407 -0.1107 0.0326
-0.3702 -0.3208 0.0311
0.1105 4.4710 0.0000
0.1470 4.2256 0.0000
-0.0063 4.0058 0.0001
0.4583 1.9908 0.0063
0.2456 1.8734 0.0071
-4.0096 2.5426 0.0000
1.1132 0.9227 0.0319
0.9563 0.7126 0.0332
-3.7810 4.5409 0.0000
-4.0694 4.5207 0.0000
2.1091 -4.2261 0.0001
-4.2176 2.0360 0.0000
-4.2745 1.7253 0.0000
-1.4767 0.3578 0.0618
-1.6070 0.3403 0.0679
-1.7307 0.3012 0.0741
-1.6241 0.1937 0.0712
-1.6377 0.0522 0.0730
4.1259 -3.3687 0.0000
3.4909 3.0044 0.0005
3.2101 2.9282 0.0011
-3.9276 3.3282 0.0000
-4.0591 3.1156 0.0000
-3.9735 2.8308 0.0000
-4.2263 -4.7651 0.0000
-4.5376 -1.5937 0.0000
-4.7665 -1.7386 0.0000
-0.9980 -2.2334 0.0053
-1.3095 -2.3045 0.0057
-3.9029 4.2737 0.0000
-4.0480 4.0511 0.0000
-4.1534 3.7657 0.0000
-1.8133 2.6354 0.0048
-2.0502 2.7031 0.0045
-2.2487 2.5502 0.0061
-2.2308 2.2851 0.0102
-2.2224 2.0256 0.0160
-3.5315 -3.7102 0.0001
-3.8248 -3.6844 0.0000
-3.3199 -1.5230 0.0076
-3.4469 -1.7906 0.0037
-0.5895 -3.7611 0.0001
-3.7204 -3.0992 0.0002
-3.8213 -3.3061 0.0001
-4.0610 -3.2439 0.0000
-4.0054 -3.4935 0.0000
-2.5346 1.1718 0.0451
-2.1189 -2.4880 0.0062
-1.5224 -2.5146 0.0045
-1.6423 -2.7482 0.0030
-1.8011 -2.9868 0.0020
0.8863 0.9429 0.0277
2.6282 -2.4045 0.0067
2.6164 -2.6750 0.0040
2.3551 -2.6237 0.0051
2.4134 -2.8572 0.0031
2.1519 -2.9180 0.0029
4.7678 2.8351 0.0000
1.9780 4.0708 0.0001
1.7968 3.8874 0.0002
2.8915 1.1985 0.0268
-0.5520 -1.0304 0.0210
-0.6884 -1.2283 0.0185
3.2944 4.7622 0.0000
3.1721 4.5091 0.0000
-1.2700 4.5289 0.0000
3.9580 3.7811 0.0000
3.6526 3.8034 0.0001
2.9807 -4.7581 0.0000
-3.3108 -2.0649 0.0038
-3.4086 -2.3215 0.0019
4.7364 -4.5266 0.0000
3.9015 -4.5236 0.0000
-1.6111 -1.0751 0.0423
-1.8534 -1.3641 0.0354
1.3445 0.9280 0.0366
1.2161 0.7329 0.0383
4.5275 -3.4406 0.0000
-2.4642 1.6397 0.0269
-3.3002 -0.6105 0.0173
-4.7485 2.6571 0.0000
-2.7069 2.2490 0.0083
-2.9135 2.0734 0.0084
-3.1109 1.9080 0.0072
1.3482 -0.6683 0.0421
1.1627 -0.7857 0.0345
0.9750 -0.9395 0.0273
-1.4659 -4.2638 0.0000
-1.5865 -4.5210 0.0000
1.6161 1.3186 0.0305
-3.6004 -2.0622 0.0015
-3.6776 -2.3226 0.0008
-2.3386 4.7608 0.0000
-1.8949 1.1331 0.0481
-2.0848 1.1218 0.0519
-2.2167 1.0143 0.0581
-2.1727 0.8564 0.0658
-2.2830 0.7410 0.0711
-2.2773 0.6051 0.0770
-2.4017 0.6395 0.0734
-2.4953 0.5454 0.0737
-1.7300 4.7585 0.0000
0.8544 1.8147 0.0103
1.6067 0.2317 0.0592
1.5384 0.0548 0.0579
0.3013 2.4444 0.0024
0.0425 2.3138 0.0030
-0.1969 2.1609 0.0041
-1.9628 -0.8181 0.0639
-2.1276 -0.8202 0.0665
-2.0776 -0.9672 0.0585
-2.2479 -0.9589 0.0598
-1.9632 -1.1162 0.0491
-2.1648 -1.1209 0.0513
-2.3671 -1.1230 0.0504
3.7783 0.6187 0.0024
-1.6698 -0.0975 0.0743
-1.7475 -0.2241 0.0764
-1.8873 -0.2057 0.0822
-1.8447 -0.3318 0.0782
-1.9550 -0.4160 0.0797
-1.9495 -0.5453 0.0752
-0.5246 -2.9953 0.0007
-0.7790 -2.9399 0.0010
-0.6825 -3.2390 0.0004
1.8073 -3.3829 0.0009
-0.9412 -0.4944 0.0399
-0.8468 -0.6835 0.0335
-1.0936 -0.6790 0.0401
-1.3040 -0.5459 0.0507
1.2537 1.1298 0.0294
2.3733 -2.4026 0.0077
2.1143 -2.4249 0.0076
2.1176 -2.6686 0.0048
1.8616 -2.4434 0.0068
1.8665 -2.6785 0.0044
1.6151 -2.7550 0.0033
2.0214 -1.3320 0.0363
-0.5001 0.9750 0.0232
-0.7204 0.8901 0.0275
-0.9503 0.8773 0.0318
-0.8490 0.6627 0.0348
-1.0106 0.5230 0.0417
2.6174 1.5122 0.0260
2.6211 1.2587 0.0343
-1.3309 -3.5437 0.0003
-0.2633 -1.7581 0.0081
-0.2143 -2.0268 0.0051
-4.5340 -2.8251 0.0000
-4.7676 -2.9789 0.0000
3.1461 -0.3697 0.0269
2.9338 -0.2958 0.0424
2.9639 -0.5025 0.0377
2.7709 -0.4256 0.0517
2.6344 -0.5398 0.0570
-2.0547 -3.0056 0.0021
-2.3221 -3.0108 0.0022
-2.2239 -3.2782 0.0012
-2.4675 -3.2274 0.0013
2.1040 2.5115 0.0062
2.0376 2.2334 0.0101
3.7132 -0.1086 0.0036
3.4843 -0.2309 0.0097
-4.7566 -2.0440 0.0000
0.5404 0.4333 0.0310
0.3698 0.2635 0.0307
0.1431 0.2869 0.0299
-2.6150 0.4934 0.0691
-2.7537 0.4298 0.0610
-2.9149 0.3480 0.0489
-2.4960 0.4106 0.0779
-2.7573 0.2621 0.0639
-2.8942 0.1570 0.0530
-2.9028 0.5373 0.0464
-3.0788 0.2399 0.0358
-3.2275 0.1198 0.0246
-4.2075 4.2799 0.0000
-4.3249 4.0129 0.0000
2.5164 0.6178 0.0595
2.4526 0.4886 0.0650
2.3531 0.3753 0.0698
2.6288 0.4832 0.0585
2.5259 0.3411 0.0658
2.4122 0.2291 0.0712
2.4433 0.0833 0.0717
2.2943 0.1223 0.0743
2.3265 -0.0186 0.0744
2.2281 -0.1172 0.0748
2.2515 0.2692 0.0728
2.1550 0.1565 0.0742
2.1636 0.0210 0.0750
2.0830 -0.1099 0.0738
2.4369 2.8732 0.0030
2.3755 2.6045 0.0051
2.2975 2.3362 0.0086
4.5279 -1.2954 0.0000
4.2760 -1.4203 0.0000
3.3641 -1.0255 0.0099
3.1090 -1.1240 0.0187
-1.9732 -0.2984 0.0832
-2.0660 -0.4405 0.0815
-2.0954 -0.3271 0.0853
-2.1843 -0.4255 0.0833
-2.3004 -0.3915 0.0838
-2.0824 -0.5557 0.0777
-2.2137 -0.5334 0.0796
-2.3398 -0.4983 0.0797
-2.4332 -0.5824 0.0742
-2.3118 -0.6405 0.0746
-2.4365 -0.7366 0.0677
-1.4599 -3.2885 0.0007
-2.3170 1.1299 0.0517
-2.3341 0.8989 0.0630
-2.4348 1.0142 0.0554
-2.6263 1.0080 0.0489
-2.5364 0.8741 0.0586
-2.6706 0.7926 0.0554
2.8073 4.2187 0.0001
3.3177 -1.2954 0.0090
3.0789 -1.3970 0.0152
2.8457 -1.4780 0.0211
-2.6070 2.8538 0.0027
-2.8215 2.7948 0.0024
1.8490 1.7222 0.0210
1.7107 1.5285 0.0253
-2.5603 -1.2229 0.0414
-2.8285 -1.3018 0.0288
-0.9335 -0.3139 0.0427
-1.1293 -0.4803 0.0460
4.0801 4.1167 0.0000
4.7479 -2.9447 0.0000
4.5384 -3.0971 0.0000
4.3702 -3.2658 0.0000
-1.7403 -3.2535 0.0010
-1.2318 0.8161 0.0405
-1.4431 0.8263 0.0469
-1.3745 0.6511 0.0502
-1.5598 0.6685 0.0566
-1.6938 0.5996 0.0643
-3.5884 0.4642 0.0059
-3.9096 0.3741 0.0011
-1.5312 2.8334 0.0027
-1.5718 2.6010 0.0045
-1.9802 2.4136 0.0078
-4.5079 2.9629 0.0000
-4.7570 2.9620 0.0000
-2.8523 -2.1843 0.0079
2.9934 -2.3108 0.0048
2.8537 -2.5077 0.0042
2.6991 0.6530 0.0508
2.5651 0.7715 0.0530
2.7125 3.0043 0.0019
2.6607 2.7179 0.0036
3.9980 3.5065 0.0000
3.8513 3.3058 0.0001
3.7652 3.0626 0.0002
4.4888 3.4929 0.0000
4.4717 3.1943 0.0000
-1.6186 -1.3185 0.0325
-1.6911 -1.5414 0.0255
-1.8871 -1.5928 0.0265
-2.0846 -1.7268 0.0234
-1.8507 -1.8017 0.0190
-2.0126 -1.9931 0.0149
-4.7477 2.3437 0.0000
3.6053 -4.7362 0.0000
0.7136 0.7891 0.0282
-1.7562 -4.2726 0.0000
1.6035 2.4476 0.0056
1.4114 2.2691 0.0069
-2.7979 -4.4924 0.0000
-3.0820 -4.4921 0.0000
-2.6298 -0.2188 0.0742
-2.5736 -0.3588 0.0750
-2.6616 -0.4788 0.0664
-2.7378 -0.5981 0.0577
-2.7288 -0.3429 0.0648
-2.8575 -0.4702 0.0519
-2.9075 -0.6533 0.0437
-4.2555 0.4185 0.0001
-4.5409 0.3284 0.0000
4.2234 -0.3642 0.0001
4.1723 -0.6489 0.0002
-0.7058 -4.5035 0.0000
-0.9540 3.4952 0.0004
-1.8928 4.5085 0.0000
-2.6743 3.3203 0.0009
2.4433 -3.6241 0.0005
1.5267 -3.2844 0.0010
0.1384 -3.9690 0.0001
-0.0026 -4.2244 0.0000
-0.2846 -4.2350 0.0000
-0.3268 -1.5011 0.0117
3.3925 3.5121 0.0002
3.1494 3.7062 0.0002
3.0890 3.4277 0.0005
-2.2062 -4.0187 0.0002
-2.4952 -4.0074 0.0002
4.2058 4.7604 0.0000
4.3488 4.5355 0.0000
-0.9344 -1.9709 0.0079
4.7469 0.3481 0.0000
4.7122 0.1100 0.0000
4.7493 -0.1285 0.0000
4.4770 -0.1939 0.0000
4.4746 -0.5344 0.0000
4.3363 -3.8734 0.0000
-4.2869 -3.2543 0.0000
-4.2708 -3.5163 0.0000
-4.1345 -3.7433 0.0000
-4.4610 -3.7522 0.0000
-2.0411 3.9559 0.0002
2.1329 1.4173 0.0333
4.7460 -2.3360 0.0000
4.7548 -2.6279 0.0000
4.5317 -2.7569 0.0000
1.5961 -1.2120 0.0329
1.4125 -1.3312 0.0257
2.7944 -0.8314 0.0410
2.6203 -0.9246 0.0461
3.8448 -1.0698 0.0011
3.7934 -1.3639 0.0011
-0.4343 -3.9950 0.0001
-4.2601 2.9485 0.0000
-4.5053 2.7439 0.0000
3.9107 4.7560 0.0000
3.6008 4.7656 0.0000
3.4587 4.5235 0.0000
0.6617 1.3344 0.0174
0.4997 1.1962 0.0189
1.8895 3.5952 0.0005
1.7493 3.2963 0.0009
1.7698 0.2611 0.0644
-2.6783 3.5711 0.0004
-2.9492 3.6156 0.0003
0.6761 3.5854 0.0002
1.0165 1.5947 0.0154
-0.4390 -2.2302 0.0039
-0.5329 -2.4860 0.0024
-0.6323 3.5751 0.0003
-0.7121 3.3170 0.0005
0.5692 2.8493 0.0011
0.3244 3.0050 0.0007
0.3254 2.7139 0.0013
0.6026 4.1303 0.0000
0.1460 -3.4355 0.0003
0.3428 1.0582 0.0205
0.3171 0.7567 0.0255
0.1119 0.6898 0.0259
0.0324 0.4750 0.0286
0.7737 -2.9706 0.0011
0.6829 -3.2418 0.0006
0.4141 -3.2816 0.0004
4.5118 2.8658 0.0000
-1.4175 4.7652 0.0000
1.2343 3.3750 0.0005
0.9984 3.2111 0.0006
0.7948 3.0263 0.0008
1.0253 2.8970 0.0014
0.8192 2.7242 0.0017
3.8802 4.2812 0.0000
3.8430 4.0193 0.0000
0.0607 -2.0826 0.0045
0.5776 0.2232 0.0327
0.4958 0.0195 0.0320
-0.6660 0.0785 0.0382
-3.0347 0.0295 0.0407
-3.4357 0.0404 0.0123
1.6562 -0.0625 0.0621
1.4393 -0.0929 0.0542
1.3208 -0.2468 0.0489
-1.6976 1.1388 0.0429
-1.9055 0.9828 0.0554
-2.0444 0.9523 0.0598
-1.7422 0.9551 0.0520
-1.8602 0.8327 0.0610
-1.8873 0.6688 0.0687
-2.0086 0.7928 0.0666
-2.1412 0.7181 0.0721
-2.1567 0.6010 0.0772
-4.7436 -3.8975 0.0000
-0.7425 -0.1163 0.0395
3.1826 0.0590 0.0260
3.0425 -0.1164 0.0357
2.8340 -0.1285 0.0509
-4.7784 1.4267 0.0000
1.3438 0.5749 0.0450
1.2303 0.4305 0.0442
-0.8213 3.7826 0.0002
3.2127 -1.8552 0.0061
3.1353 -2.1172 0.0049
3.9468 -3.5125 0.0000
3.7763 -3.7026 0.0000
3.5982 -3.8787 0.0000
-0.8688 -4.2624 0.0000
-1.2976 -4.4893 0.0000
4.0676 1.8424 0.0002
0.8728 -3.7340 0.0002
0.7175 -3.9893 0.0001
-1.3963 3.8061 0.0003
1.8650 -4.4908 0.0000
1.6746 -4.7322 0.0000
1.4053 -4.7434 0.0000
2.6416 3.6840 0.0004
-2.5236 3.0620 0.0018
3.0978 1.7310 0.0101
1.2370 -3.1827 0.0010
1.2102 -3.4049 0.0006
0.9570 -3.2028 0.0008
0.9902 -3.4710 0.0005
-0.0044 -3.7077 0.0001
-0.1459 -3.9725 0.0001
-2.6340 -2.2606 0.0086
-0.7163 1.6110 0.0122
-2.4782 2.3950 0.0077
-2.4593 2.1314 0.0126
-2.6712 1.9761 0.0138
0.6302 4.4989 0.0000
0.4816 4.7626 0.0000
0.3483 4.5301 0.0000
1.1791 -1.0248 0.0291
0.9841 -1.1848 0.0220
0.7571 1.5736 0.0137
0.5095 1.5093 0.0133
-1.3769 -2.8102 0.0022
-1.5370 -3.0304 0.0015
-0.0503 -1.0169 0.0186
-0.2896 -1.0393 0.0189
2.6489 -1.9489 0.0141
2.5095 -2.1667 0.0110
2.2414 -2.1746 0.0118
1.6646 3.5855 0.0004
1.5082 3.4313 0.0005
1.3442 3.6391 0.0002
1.9188 -3.6755 0.0005
-1.9957 -3.2458 0.0012
-2.1992 -3.5228 0.0006
1.1969 -1.2679 0.0234
3.2729 -1.5780 0.0074
3.0173 -1.6719 0.0124
-3.7095 1.8653 0.0008
-2.4629 -3.4971 0.0007
-2.6760 -3.6951 0.0004
-2.9585 -3.7949 0.0002
-1.5763 4.5277 0.0000
-1.2213 0.0019 0.0549
-1.2579 -0.1800 0.0555
-1.2736 -0.3538 0.0538
1.4691 1.5192 0.0223
1.3810 1.3246 0.0264
-4.2346 -1.9903 0.0001
-4.1899 -2.2369 0.0001
-4.3881 -2.4340 0.0000
1.3615 -0.8844 0.0370
1.3846 -1.1105 0.0312
1.4935 -0.3404 0.0535
1.3298 -0.4482 0.0462
1.1279 -0.3583 0.0417
1.1708 -0.5662 0.0394
1.0037 -0.5729 0.0353
0.9653 -0.7222 0.0317
-4.2634 -2.9784 0.0000
-4.5259 -3.1230 0.0000
-4.7626 -3.2868 0.0000
-2.5219 -0.4942 0.0739
-2.5700 -0.6395 0.0664
-2.6886 -0.7428 0.0561
-2.8335 -0.8049 0.0448
-2.9904 -0.8915 0.0321
-3.6518 2.8467 0.0002
-3.7580 2.6158 0.0002
3.0434 1.4744 0.0155
2.8160 1.3783 0.0248
-2.4213 3.3172 0.0011
4.2427 1.0839 0.0001
4.0090 0.9033 0.0006
-4.2731 3.2571 0.0000
-4.5076 3.1805 0.0000
-4.7598 3.2639 0.0000
2.0157 1.2579 0.0387
1.9305 1.0616 0.0452
1.7046 1.0952 0.0397
1.7725 0.9028 0.0479
1.5661 0.9220 0.0422
1.6464 0.7356 0.0499
1.4439 0.7461 0.0439
4.2561 -1.7034 0.0000
3.9893 -1.8321 0.0002
4.2338 -1.9765 0.0000
3.9740 -2.1365 0.0001
3.8355 -2.3987 0.0002
3.6650 -2.1852 0.0006
3.5395 -2.4097 0.0008
-0.9679 -1.6429 0.0131
-1.0726 -1.4522 0.0182
-1.2472 -1.5764 0.0176
-1.1138 -1.7919 0.0117
-1.3683 -1.8110 0.0136
-1.4805 -2.0488 0.0101
0.7994 2.3307 0.0041
0.7065 2.0520 0.0065
0.5883 1.7809 0.0095
4.7936 -4.7909 0.0000
4.5271 -4.7569 0.0000
4.3922 -4.5717 0.0000
-0.6409 2.7856 0.0015
-0.8099 2.5969 0.0025
-1.1721 2.3264 0.0055
-0.8027 -2.6831 0.0019
-1.0712 -2.8104 0.0017
-1.2510 -3.0553 0.0011
4.5242 1.8702 0.0000
4.2852 1.9789 0.0000
1.5880 3.7773 0.0002
-3.1822 3.4826 0.0002
-4.7479 1.0891 0.0000
4.3306 -4.2326 0.0000
4.1566 -4.4804 0.0000
-2.9510 -3.1910 0.0010
-3.1843 -3.3429 0.0005
-3.3966 -3.4986 0.0002
-3.6658 -3.4578 0.0001
-0.1716 -3.4743 0.0002
-2.9400 -4.2178 0.0001
-2.2917 4.0179 0.0002
-3.2938 4.7618 0.0000
-2.3766 -3.7658 0.0003
-2.7691 -3.9818 0.0002
-2.6441 -4.2518 0.0001
-0.7508 -3.5290 0.0002
-1.0544 -3.5827 0.0002
4.2036 -0.0631 0.0002
3.9632 -0.2331 0.0009
3.9357 -0.5100 0.0009
3.6950 -0.3780 0.0037
3.6494 -0.6317 0.0041
-1.6994 3.3312 0.0010
-1.9477 3.2120 0.0014
-2.0107 2.9542 0.0026
-2.2269 3.1354 0.0017
-2.2978 2.8563 0.0032
-0.0171 -2.9245 0.0008
-0.2724 -3.0050 0.0007
2.2807 4.0715 0.0001
2.0847 3.8246 0.0003
1.8251 -0.5287 0.0606
1.6817 -0.6372 0.0532
1.5352 -0.7598 0.0453
1.7087 -0.8543 0.0475
1.5554 -0.9813 0.0392
2.8881 1.8659 0.0121
2.8461 1.6196 0.0180
1.5705 1.7183 0.0183
1.2688 1.5956 0.0179
1.1647 1.3716 0.0219
1.5688 -4.1082 0.0001
1.2787 -4.0089 0.0001
1.3743 -4.2715 0.0001
1.1111 -4.2541 0.0001
0.8401 -4.2451 0.0001
-3.6793 -0.0602 0.0043
-3.2265 1.7207 0.0070
-3.2984 1.4819 0.0077
-3.5713 1.4242 0.0029
-3.2371 2.4416 0.0020
-1.9265 3.7318 0.0004
-0.6192 4.5437 0.0000
-0.5593 4.2324 0.0001
-1.4820 1.1914 0.0350
-1.5516 0.9937 0.0444
-1.6366 0.8187 0.0540
1.7452 -3.8983 0.0002
-2.4236 -1.3527 0.0384
-2.4836 -1.5755 0.0282
4.3601 -2.9341 0.0000
4.1766 -3.0912 0.0000
3.5033 -2.8817 0.0003
3.3109 -3.0886 0.0004
3.1197 -3.2858 0.0004
4.7514 0.8267 0.0000
4.7630 0.5660 0.0000
4.5162 0.6432 0.0000
4.2737 0.4792 0.0001
4.4995 0.3573 0.0000
4.4405 0.1055 0.0000
4.1670 0.2452 0.0002
3.9381 0.0598 0.0011
4.1402 -4.0260 0.0000
-3.2455 -4.7581 0.0000
-0.4184 3.3494 0.0004
-0.2524 3.1043 0.0006
-0.4277 2.8806 0.0011
2.2986 -1.2447 0.0406
2.2232 -1.4037 0.0346
2.0956 -1.5498 0.0289
-1.6189 -0.8709 0.0512
-1.7750 -0.9742 0.0515
-1.7970 -1.1678 0.0431
1.1683 -3.7234 0.0003
-1.9239 -3.5040 0.0006
-2.0710 -3.7699 0.0003
0.5044 -1.7520 0.0084
1.4844 1.1196 0.0343
-3.6308 0.2204 0.0052
-3.8643 0.0974 0.0016
-4.2954 0.7567 0.0001
1.6652 -3.0392 0.0019
1.4006 -2.9740 0.0018
-4.3725 -0.8003 0.0001
2.8558 -3.9944 0.0001
2.6072 -4.1133 0.0001
2.3687 -4.2563 0.0001
4.7650 -1.1171 0.0000
4.7647 -1.4243 0.0000
4.5152 -1.5847 0.0000
-4.5571 -0.6096 0.0000
-4.7794 -0.7591 0.0000
-3.0275 -2.0087 0.0080
4.4678 2.2100 0.0000
-4.0879 0.6119 0.0003
-3.9312 -2.3098 0.0002
-4.1137 -2.5086 0.0001
-1.5340 -0.1039 0.0681
-1.7100 -0.3666 0.0721
-3.6170 4.3566 0.0000
1.6471 -3.5990 0.0005
-0.3614 4.0905 0.0001
-1.7027 3.8218 0.0003
1.7972 4.2592 0.0000
3.6962 3.5548 0.0001
3.5704 3.2859 0.0002
3.2918 3.2216 0.0005
1.5417 0.5643 0.0513
1.4396 0.3939 0.0513
0.4490 3.4020 0.0002
-1.4767 -4.7704 0.0000
-1.7509 -4.7593 0.0000
-2.0457 -4.7606 0.0000
0.1584 3.4956 0.0002
0.2270 3.2390 0.0004
1.8450 2.3563 0.0076
1.6780 2.1841 0.0095
-0.1377 -4.4832 0.0000
4.2709 1.3941 0.0001
4.0245 1.2533 0.0004
3.7962 1.1240 0.0016
3.7574 0.8598 0.0024
3.5235 0.8892 0.0065
-1.4165 4.2916 0.0001
2.4737 -0.0732 0.0708
2.3664 -0.1722 0.0730
2.2787 -0.2676 0.0729
2.2606 -0.3936 0.0707
2.1184 -0.3819 0.0704
2.0504 -0.5248 0.0660
2.1317 -0.6704 0.0626
2.1608 -0.2413 0.0733
2.0211 -0.2576 0.0712
1.9521 -0.4116 0.0668
1.9999 -0.7758 0.0572
1.9481 -0.6159 0.0613
1.8286 -0.7282 0.0548
3.5574 2.2602 0.0013
3.3182 2.1399 0.0033
-0.0725 -3.2160 0.0004
-0.5451 -0.1108 0.0356
-0.7609 -0.2981 0.0384
-0.5722 -0.3004 0.0344
-0.7267 -0.4904 0.0347
-2.8886 -2.4349 0.0048
-2.9868 -2.6431 0.0028
-3.5282 -2.6030 0.0008
-3.4826 -2.9313 0.0006
-2.2952 -1.7008 0.0248
-0.5574 3.1046 0.0007
-0.7769 2.9852 0.0011
2.1182 -3.1907 0.0015
2.0802 -3.4564 0.0008
-0.5131 3.8490 0.0001
-3.1127 -3.9987 0.0001
-3.4177 -4.0268 0.0001
-2.5409 1.4562 0.0326
-2.6627 1.3135 0.0348
-2.6851 -1.6898 0.0208
3.3999 -0.4619 0.0124
3.1855 -0.6046 0.0222
-1.1820 3.2875 0.0008
-1.4568 3.3307 0.0009
-1.4142 3.0748 0.0015
-1.6874 3.0897 0.0017
-1.7821 2.8714 0.0029
4.5135 -4.0544 0.0000
0.8241 -2.7049 0.0020
0.5378 -2.7563 0.0015
0.4792 -3.0208 0.0008
-4.5272 -4.7366 0.0000
0.2980 -1.9759 0.0056
0.4134 -2.2551 0.0036
1.8774 0.1352 0.0690
1.7128 0.0995 0.0640
-3.1907 1.0488 0.0169
-3.0165 0.8784 0.0301
-3.3808 3.3159 0.0002
-3.9285 -1.0560 0.0008
-4.1505 -0.9682 0.0002
-4.0130 -1.3017 0.0004
-4.2297 -1.2172 0.0001
-3.7637 -0.3027 0.0028
-3.6055 4.7525 0.0000
-2.7698 3.8388 0.0002
-3.5206 -0.4741 0.0082
-3.5414 -0.7633 0.0066
3.5545 1.1400 0.0048
3.2907 1.0048 0.0133
2.6690 -3.5167 0.0005
1.3578 4.2124 0.0000
-4.1527 -1.5256 0.0002
-4.3788 -1.4086 0.0000
-4.3077 -1.7234 0.0001
-4.5194 -1.8972 0.0000
0.9467 4.5184 0.0000
-3.6545 -1.0136 0.0035
-3.7365 -1.2780 0.0019
4.7580 1.4068 0.0000
4.7520 1.1093 0.0000
4.5032 1.2463 0.0000
4.4964 0.9497 0.0000
-0.4222 -1.2521 0.0160
-0.5798 -1.4503 0.0136
-0.0062 1.1021 0.0189
2.6720 -3.0009 0.0019
2.5721 -3.2839 0.0011
3.4171 -3.3538 0.0001
3.5803 -3.5429 0.0000
3.3987 -3.7148 0.0001
-0.7070 -2.2019 0.0047
-0.7747 -2.4329 0.0031
-1.5990 3.5867 0.0005
-1.8908 3.5107 0.0007
-2.4137 1.8742 0.0196
-2.6432 1.7380 0.0205
-0.8750 0.0532 0.0432
-1.0438 0.0662 0.0483
-1.0828 -0.1131 0.0494
4.7459 -3.2711 0.0000
2.4654 4.6401 0.0000
2.3130 4.7906 0.0000
2.1630 4.5782 0.0000
2.3546 4.3846 0.0001
2.0863 4.3123 0.0001
-4.7629 -0.1611 0.0000
-4.4273 -1.0760 0.0000
-4.5796 -1.2629 0.0000
-4.7614 -1.4293 0.0000
1.1755 2.7212 0.0024
0.9721 2.5400 0.0030
-4.5186 0.9195 0.0000
-4.7552 0.7751 0.0000
2.9849 -0.7178 0.0326
2.7953 -0.6260 0.0461
2.6243 -0.7290 0.0522
-0.6793 -1.9829 0.0067
-0.4783 0.7799 0.0269
-0.6300 0.6712 0.0308
-0.7280 0.4703 0.0360
-0.5959 0.2855 0.0358
-0.8984 0.4078 0.0408
-0.8032 0.2388 0.0404
-1.0046 0.2548 0.0458
-0.4651 -1.9539 0.0064
0.2487 -4.7430 0.0000
1.1485 3.9800 0.0001
1.1302 3.7274 0.0001
0.9808 3.5006 0.0002
-4.3235 1.4226 0.0000
-4.3860 1.1276 0.0000
-1.8097 1.7189 0.0230
-2.0083 1.6711 0.0267
-1.8898 1.4869 0.0325
-2.1156 1.4811 0.0352
-2.0060 1.3017 0.0423
-2.2053 1.2769 0.0449
-2.4122 1.2921 0.0425
0.8705 -2.4284 0.0035
-3.1388 3.1796 0.0005
-0.4524 2.0566 0.0053
2.0000 4.7762 0.0000
1.6985 4.7413 0.0000
4.7410 3.9230 0.0000
4.7462 3.6265 0.0000
2.2740 3.2928 0.0012
-0.4547 0.0988 0.0346
1.0712 4.2564 0.0000
0.7865 4.2945 0.0000
0.7782 -0.7917 0.0272
0.7665 -1.0384 0.0222
0.7480 -1.2756 0.0174
0.5633 -1.3959 0.0139
0.3866 -1.5287 0.0111
-2.4844 3.8067 0.0003
-2.0730 -1.4837 0.0330
-2.2646 -1.4997 0.0330
-1.0356 1.2493 0.0235
-2.8763 4.0899 0.0001
-3.1673 4.1038 0.0000
0.3363 3.9995 0.0001
0.1418 3.8063 0.0001
-0.0682 3.6630 0.0001
1.9662 3.0853 0.0018
1.9271 2.8312 0.0031
4.7706 -3.5855 0.0000
1.6068 -1.9686 0.0130
-0.1155 3.3806 0.0003
0.0093 3.1373 0.0005
-0.3202 1.4321 0.0134
-0.1681 1.2627 0.0161
-0.4226 1.2054 0.0180
2.9931 4.7566 0.0000
-4.7499 0.1568 0.0000
-0.4163 -4.4937 0.0000
-0.5757 1.4075 0.0149
-0.6668 1.1593 0.0208
3.7140 2.7869 0.0003
3.5427 2.5265 0.0009
-1.7638 0.1508 0.0779
-1.7602 0.0056 0.0786
-1.8427 0.2698 0.0793
-1.9070 0.1638 0.0834
-1.8591 0.0539 0.0825
-1.9784 0.0618 0.0866
-1.8154 -0.1048 0.0806
-1.9109 -0.0471 0.0845
-2.0349 -0.0380 0.0882
-1.9718 -0.1394 0.0858
-2.0428 -0.2165 0.0866
-2.1002 -0.1244 0.0889
-2.1613 -0.2213 0.0883
0.9220 -1.4214 0.0163
-4.2527 2.6648 0.0000
-4.4908 2.4725 0.0000
-1.5429 4.0526 0.0001
-0.2411 1.8636 0.0069
-3.2549 0.8036 0.0171
-3.1188 0.4311 0.0306
-3.3171 0.5589 0.0162
-3.3539 0.3104 0.0158
-3.4982 1.6868 0.0029
1.3844 -3.5358 0.0005
3.4166 2.7333 0.0010
2.2238 2.0639 0.0137
2.2470 1.7975 0.0206
2.0232 1.8986 0.0173
2.6045 3.3511 0.0010
2.4857 3.1432 0.0016
-3.3154 2.9817 0.0005
0.2514 -2.8278 0.0011
0.1943 -3.1213 0.0006
0.7215 -3.4827 0.0004
0.5842 -3.7439 0.0002
0.4255 -3.9784 0.0001
-3.0650 2.9025 0.0012
2.9308 -1.9485 0.0098
2.7905 -2.1824 0.0083
-3.4733 -0.2171 0.0106
-2.3732 4.2809 0.0001
-2.5800 4.0647 0.0001
-0.3600 0.3086 0.0324
1.7996 -1.2890 0.0345
-0.1147 0.6505 0.0268
-0.2196 0.4682 0.0297
0.7857 4.7537 0.0000
-1.4632 -0.7529 0.0502
-1.2639 2.0871 0.0089
-1.3865 1.8609 0.0140
-1.2610 1.6377 0.0173
-1.5174 1.6458 0.0210
-1.6916 1.5462 0.0270
-1.4082 1.4271 0.0255
-1.6157 1.3631 0.0321
-1.8026 1.3122 0.0382
0.7442 3.3210 0.0003
0.5359 3.1433 0.0005
-3.5979 -1.5500 0.0028
-3.7372 -1.8098 0.0011
-3.8690 -1.5470 0.0008
-4.0253 -1.7908 0.0003
-3.9110 -2.0563 0.0004
-3.8241 -2.5664 0.0003
1.8670 -1.5120 0.0280
1.7423 -1.7221 0.0201
-0.7736 -1.5234 0.0137
-0.7631 -1.7646 0.0098
1.8302 -0.0126 0.0681
1.9353 -0.1216 0.0707
1.8766 -0.2620 0.0676
1.7707 -0.1639 0.0654
1.7928 -0.3696 0.0632
1.5548 -0.1785 0.0577
1.6736 -0.2747 0.0608
1.6511 -0.4522 0.0568
1.5031 -0.5496 0.0497
-4.2304 2.3374 0.0000
-4.4861 2.1825 0.0000
-4.4991 1.8921 0.0000
-3.4970 2.5319 0.0007
-3.7280 2.3582 0.0003
-3.9669 2.2925 0.0001
3.0737 1.0590 0.0219
2.8929 0.9475 0.0331
2.7904 0.8041 0.0421
2.3581 -4.5140 0.0000
2.1132 -4.4771 0.0000
2.1362 -4.7324 0.0000
1.9236 -4.7563 0.0000
2.9341 2.8402 0.0021
3.1493 2.6329 0.0022
2.8754 2.5431 0.0041
-2.9270 3.3537 0.0005
-2.8306 3.0773 0.0013
3.0668 4.2362 0.0001
3.0997 3.9793 0.0001
2.8361 3.9798 0.0002
2.9010 3.7438 0.0003
-1.3331 0.4627 0.0536
-1.5068 0.5148 0.0593
-1.6451 0.4702 0.0663
3.2818 0.7327 0.0163
3.3215 0.4816 0.0162
-2.5014 4.5314 0.0000
-2.6835 4.3136 0.0000
1.6160 4.0961 0.0001
1.4027 3.9161 0.0001
4.2587 2.7308 0.0000
4.0034 2.6503 0.0001
-1.4920 -0.5735 0.0573
-1.6382 -0.6895 0.0591
-1.7936 -0.7931 0.0603
2.8148 -1.0489 0.0339
2.6382 -1.1142 0.0389
2.4644 -1.1328 0.0429
2.4783 -1.3334 0.0351
4.5139 2.5580 0.0000
-3.3737 1.2305 0.0080
-3.6384 1.1609 0.0029
-3.7088 0.8957 0.0025
-3.7975 0.6326 0.0019
4.7052 -0.8228 0.0000
4.5124 -1.0196 0.0000
1.4076 4.7348 0.0000
-0.2338 0.1011 0.0320
-4.1142 0.1475 0.0003
-4.2762 -0.1102 0.0001
2.7267 0.0050 0.0585
2.7284 -0.2480 0.0570
2.6284 -0.1309 0.0638
2.5132 -0.2340 0.0681
2.6079 -0.3446 0.0623
2.5069 -0.4456 0.0646
2.4088 -0.3380 0.0697
2.3609 -0.5074 0.0668
2.2061 -0.5315 0.0673
3.2283 -3.5416 0.0002
2.9556 -3.5301 0.0003
3.3177 2.4257 0.0021
3.0742 2.3253 0.0043
3.1386 1.9858 0.0065
3.3319 4.2626 0.0000
3.3425 4.0129 0.0001
3.4080 3.7762 0.0001
-2.8678 -2.9407 0.0019
0.9168 1.3703 0.0190
0.8015 1.1628 0.0221
-1.2520 4.0450 0.0001
-0.5811 1.8430 0.0080
-0.8602 1.8342 0.0096
1.1237 0.0863 0.0441
0.9209 -0.0238 0.0389
0.7009 -0.1186 0.0343
1.1095 -0.1451 0.0433
0.9322 -0.2244 0.0382
0.7509 -0.3093 0.0338
0.6186 -0.4368 0.0304
1.8731 2.0547 0.0129
1.7089 1.8930 0.0154
-3.0009 -1.1726 0.0246
-3.0679 -1.4002 0.0168
-3.0987 -1.6444 0.0117
2.7767 2.2858 0.0072
2.5813 2.4488 0.0063
2.4955 2.1879 0.0105
4.5400 -3.7281 0.0000
4.7493 -3.9042 0.0000
2.7644 -1.7238 0.0172
-4.1124 3.4800 0.0000
-4.3533 3.5481 0.0000
-4.5344 3.4330 0.0000
-4.2899 -4.2691 0.0000
-4.5463 -4.3557 0.0000
-4.7393 -4.5200 0.0000
2.2140 0.6606 0.0629
2.1105 0.5559 0.0657
2.0125 0.4341 0.0675
3.3843 -2.6209 0.0009
3.2104 -2.8306 0.0010
2.8625 -2.7981 0.0023
3.0044 -3.0160 0.0011
2.8392 -3.2570 0.0008
2.7396 1.0785 0.0363
2.5284 1.0362 0.0447
2.4114 1.1868 0.0413
2.3116 1.0243 0.0488
-1.6277 -3.5216 0.0004
-1.0158 3.9713 0.0001
-2.0334 -1.2800 0.0421
-2.2311 -1.2964 0.0425
-2.2532 -1.9357 0.0172
-2.4556 -2.0929 0.0127
-2.4900 0.2708 0.0815
-2.6173 0.3375 0.0730
-2.6243 0.1950 0.0750
-2.7371 0.0964 0.0673
-2.5149 0.1443 0.0821
-2.5061 0.0089 0.0833
-2.6112 0.0461 0.0770
-2.6715 -0.0691 0.0726
-2.8349 -0.0212 0.0591
-2.9739 -0.1434 0.0459
-2.7849 -0.1836 0.0626
-2.9004 -0.3159 0.0509
-3.0772 -0.3075 0.0357
-1.8247 4.0541 0.0002
-0.5495 2.5406 0.0023
-0.6654 2.2986 0.0038
-0.7287 2.0702 0.0060
-0.8995 2.3502 0.0042
-0.9861 2.0980 0.0069
-1.1176 1.8492 0.0114
-2.6476 -2.5145 0.0053
-2.7453 -2.7351 0.0032
-1.5305 2.0849 0.0110
-1.6463 1.8657 0.0168
-1.8974 1.9335 0.0174
-2.0999 1.8662 0.0205
-2.2441 1.6971 0.0265
-0.5732 -4.2514 0.0000
-0.4269 1.6584 0.0100
0.0418 2.6133 0.0016
-0.3283 2.6439 0.0016
-0.1839 2.4630 0.0022
-0.4072 2.3250 0.0032
4.2504 -2.6810 0.0000
-2.9066 -1.8018 0.0134
-3.2034 -1.8275 0.0071
-4.5755 1.2837 0.0000
-0.1493 4.2363 0.0000
2.3359 -3.3994 0.0009
1.6021 -2.4864 0.0055
1.3393 -2.7040 0.0030
1.0873 -2.6263 0.0029
1.0854 -2.9148 0.0016
-3.1500 -1.0109 0.0204
-3.2986 -0.8561 0.0151
-3.2472 -1.2338 0.0128
-3.4270 -1.0517 0.0085
-3.4905 -1.2978 0.0054
0.0964 2.9022 0.0008
-0.1471 2.8325 0.0010
-2.8853 1.3402 0.0249
-3.1173 1.3004 0.0160
4.7405 3.3372 0.0000
0.9197 -2.1362 0.0060
0.6886 -2.2247 0.0044
0.5958 -2.4898 0.0026
2.2057 3.0365 0.0021
2.1596 2.7745 0.0037
0.8789 4.0269 0.0000
0.8824 3.7710 0.0001
-2.9523 -4.7498 0.0000
1.2440 2.0714 0.0088
1.1196 1.8301 0.0118
-2.7571 1.1422 0.0373
-2.9609 1.1042 0.0278
0.5597 -4.2365 0.0001
0.2781 -4.2271 0.0000
0.4085 -4.4878 0.0000
-4.7398 3.5894 0.0000
2.1753 3.5641 0.0006
2.0178 3.3363 0.0010
0.1340 -4.4807 0.0000
0.0002 -4.7468 0.0000
-4.1561 -0.3355 0.0003
-4.2963 -0.5242 0.0001
3.6525 0.1400 0.0049
3.3794 0.2344 0.0143
3.4301 -0.0028 0.0122
3.2510 -0.1898 0.0213
1.2523 4.4895 0.0000
-1.4868 -3.7767 0.0002
-1.7802 -3.7648 0.0002
1.9841 -1.7429 0.0219
2.1166 -1.9496 0.0168
1.8555 -1.9637 0.0152
1.9802 -2.1897 0.0111
0.0245 -0.3638 0.0278
-0.0544 -0.5904 0.0251
-0.1554 -0.2857 0.0294
-0.2242 -0.4834 0.0275
-0.3396 -0.6374 0.0262
-0.1730 -0.7955 0.0225
-0.4352 -0.8326 0.0237
-2.4941 2.6647 0.0045
-2.7222 2.5315 0.0048
-2.9791 2.5996 0.0028
-2.9683 2.3481 0.0047
2.5025 -1.7327 0.0214
2.3743 -1.9427 0.0167
4.2653 2.4433 0.0000
4.0087 2.3833 0.0002
-4.4943 3.7652 0.0000
-3.7041 4.0768 0.0000
-3.8805 3.8728 0.0000
-0.7727 4.3689 0.0000
3.3048 1.2637 0.0102
3.0975 1.2792 0.0170
-1.0441 -2.5056 0.0033
-1.2841 -2.5889 0.0033
1.7159 -2.2144 0.0094
1.4507 -2.2148 0.0079
1.3492 -2.4534 0.0048
1.1270 -2.3675 0.0047
0.0103 1.3994 0.0136
-0.8397 1.3664 0.0180
-1.1550 1.4265 0.0209
-1.1159 3.7432 0.0003
-1.2860 3.5427 0.0005
0.0979 -0.7989 0.0220
3.9171 -3.1706 0.0000
3.7532 -3.3729 0.0000
1.9046 -2.9139 0.0027
1.8859 -3.1675 0.0016
1.1110 0.5611 0.0390
0.7473 0.5638 0.0320
0.9449 0.4558 0.0368
0.7683 0.3328 0.0347
-0.3006 -3.7316 0.0001
-3.5214 3.0888 0.0002
-3.8500 -0.8087 0.0015
-4.0851 -0.7052 0.0004
2.8967 4.4966 0.0000
2.6372 4.4473 0.0000
2.5438 4.1813 0.0001
-4.0380 -2.7684 0.0001
-4.3135 -2.6966 0.0000
4.1403 2.1730 0.0001
3.9042 2.0395 0.0004
2.9554 2.1051 0.0076
2.6937 2.0317 0.0119
-3.5030 3.5766 0.0001
-3.6620 3.3448 0.0000
-3.7961 3.0772 0.0000
-4.5230 -3.4328 0.0000
-4.7452 -3.6018 0.0000
-0.8811 1.0892 0.0251
-1.1192 1.0123 0.0317
-1.2644 1.2157 0.0289
-1.3427 1.0078 0.0376
4.1901 -4.7558 0.0000
3.8997 -4.7573 0.0000
3.8840 0.3421 0.0014
-3.0663 3.8545 0.0001
-3.2776 3.7074 0.0001
-3.4075 1.9594 0.0027
2.5514 -3.8447 0.0002
2.3158 -3.9775 0.0002
3.5253 0.6462 0.0074
3.5941 0.3968 0.0061
0.4514 -3.5098 0.0003
0.2806 -3.7196 0.0002
-4.7897 -4.7880 0.0000
-4.6198 -0.9224 0.0000
-4.7778 -1.1038 0.0000
-2.3888 -2.3712 0.0078
0.0368 1.7349 0.0085
-3.9058 1.0856 0.0007
-3.9823 0.8416 0.0005
0.3235 -0.1189 0.0303
-1.0595 0.7283 0.0382
-1.1978 0.5907 0.0457
4.7603 2.6101 0.0000
4.7372 2.3339 0.0000
4.7331 4.5192 0.0000
2.1322 -1.1700 0.0436
1.9021 -0.9184 0.0501
1.9426 -1.1216 0.0432
1.7513 -1.0610 0.0415
-2.3175 1.4722 0.0354
-0.9027 4.1729 0.0001
4.2834 -3.5778 0.0000
4.0591 4.4895 0.0000
3.7553 4.5278 0.0000
2.8957 -1.2287 0.0256
2.6862 -1.2951 0.0313
2.3726 -1.5252 0.0294
2.6120 -1.5210 0.0260
2.2091 -3.7162 0.0004
2.0222 -3.9554 0.0002
-3.0639 -0.5061 0.0344
-3.0957 -0.7326 0.0284
-2.0521 -4.2708 0.0001
4.7431 -4.2164 0.0000
4.5209 -4.3811 0.0000
0.1740 0.9359 0.0221
-0.0538 0.8732 0.0231
4.7318 3.0709 0.0000
4.7448 2.0393 0.0000
4.7610 1.7200 0.0000
4.5241 1.5530 0.0000
-1.2755 2.7934 0.0025
-1.3498 2.5436 0.0042
-1.4588 2.3118 0.0071
-0.5283 -1.6990 0.0096
-1.0234 -4.0104 0.0001
-1.1598 -4.2563 0.0000
-4.7656 0.4742 0.0000
3.1029 -4.1388 0.0000
2.8573 -4.2748 0.0000
-3.2946 -2.7646 0.0012
0.6438 1.0261 0.0232
0.4816 0.8908 0.0243
0.5173 0.6486 0.0283
0.2922 0.5028 0.0286
2.6937 4.7481 0.0000
1.0799 2.2789 0.0055
0.9634 2.0588 0.0075
4.7509 4.2124 0.0000
4.4877 3.7876 0.0000
4.2363 3.6477 0.0000
1.6914 3.0017 0.0018
1.6608 2.7233 0.0034
0.2553 -0.3225 0.0284
0.1763 -0.5531 0.0256
-3.2486 -4.2633 0.0000
-3.5252 -4.2418 0.0000
-3.5906 -4.4551 0.0000
-0.3750 -3.2521 0.0004
-0.4765 -3.4960 0.0002
0.4165 4.2927 0.0000
-4.7640 -0.4505 0.0000
-1.6635 -0.5195 0.0659
-1.8221 -0.4762 0.0735
-1.7854 -0.6170 0.0673
-1.9097 -0.6694 0.0692
-2.0432 -0.6853 0.0716
-2.7126 -1.9726 0.0132
2.8390 3.4952 0.0006
2.8146 3.2357 0.0011
3.1177 -4.4630 0.0000
2.8499 -4.5371 0.0000
2.6576 -4.7345 0.0000
2.6016 -4.4328 0.0000
2.3887 -4.7511 0.0000
-2.4927 -1.8359 0.0191
-2.2058 -2.7693 0.0036
-2.4131 -2.6381 0.0046
-2.5286 -2.8629 0.0028
-0.9252 3.1814 0.0008
-1.1323 3.0159 0.0014
0.3427 1.3637 0.0151
0.1762 1.2230 0.0170
-2.0184 0.6284 0.0739
-2.2209 0.4894 0.0816
-2.3643 0.4882 0.0800
-2.2760 0.3844 0.0846
-2.3934 0.3513 0.0833
1.4697 3.1690 0.0010
1.2140 3.0635 0.0011
3.7549 -1.6509 0.0009
3.5303 -1.4749 0.0034
3.4869 -1.7603 0.0028
-0.5183 4.7802 0.0000
-0.8082 4.7402 0.0000
-0.9703 4.5132 0.0000
-3.9162 4.7698 0.0000
-0.2490 -4.7448 0.0000
4.1267 -0.9411 0.0002
4.2950 -1.1331 0.0000
4.0499 -1.2464 0.0002
4.0179 -1.5405 0.0002
-3.1845 2.1620 0.0039
-3.4451 2.2529 0.0014
-2.6465 4.7738 0.0000
-2.1800 -0.6727 0.0738
-2.2856 -0.7923 0.0679
-2.4068 -0.9136 0.0601
-2.5631 -0.8348 0.0588
-2.5439 -1.0268 0.0509
-2.7214 -1.1444 0.0389
-2.7134 -0.9368 0.0473
-2.8755 -1.0349 0.0350
0.3337 -0.7341 0.0237
3.8893 -0.7863 0.0010
3.6191 -0.9102 0.0040
3.5782 -1.1916 0.0037
-3.7519 -0.5856 0.0027
-3.9721 -0.4787 0.0008
3.5949 -4.1553 0.0000
3.6434 -4.4459 0.0000
3.3387 -3.9899 0.0000
3.3540 -4.2763 0.0000
4.2764 -2.2185 0.0000
4.1272 -2.4228 0.0000
3.9544 -2.6468 0.0001
3.6804 -2.6562 0.0002
4.0531 -2.8826 0.0000
3.7926 -2.9189 0.0001
1.6264 -1.4729 0.0255
1.5058 -1.7262 0.0171
1.3537 -1.9458 0.0112
1.2023 -2.1485 0.0073
-3.9347 2.0654 0.0002
-4.0038 1.8060 0.0002
0.9704 -1.6725 0.0123
-3.1151 -2.2843 0.0043
-3.2151 -2.5294 0.0023
-3.6523 -3.9290 0.0000
-3.9437 -3.9461 0.0000
-3.7539 -4.1648 0.0000
-4.0344 -4.2099 0.0000
3.3400 -2.2773 0.0021
3.1907 -2.4577 0.0023
3.0621 -2.6513 0.0022
-2.1494 3.4345 0.0008
-1.7508 0.7274 0.0617
-1.8199 0.5475 0.0709
-2.0807 0.4991 0.0801
-1.7706 0.4253 0.0728
-1.8868 0.3876 0.0782
-1.9427 0.5076 0.0764
-2.0189 0.3882 0.0822
-1.9671 0.2753 0.0835
-2.1461 0.3890 0.0844
-2.0875 0.2781 0.0864
-2.2029 0.2864 0.0874
-2.2554 0.1904 0.0890
-2.3219 0.2704 0.0868
-2.3937 0.1994 0.0864
-2.4244 0.0857 0.0865
0.1915 -2.2700 0.0032
0.0456 -2.4201 0.0024
0.3068 -2.5441 0.0020
0.0017 -2.6465 0.0015
-1.2078 -2.0434 0.0084
-0.2603 1.0214 0.0209
-0.2740 0.8012 0.0250
-0.3625 0.6009 0.0290
-0.5051 0.4840 0.0322
-4.1175 1.2386 0.0002
-4.1881 0.9711 0.0001
-0.6996 4.0318 0.0001
0.5038 -0.2454 0.0309
0.4050 -0.4890 0.0276
3.6097 1.9793 0.0016
3.3569 1.8381 0.0045
-3.4437 0.9741 0.0078
-3.5160 0.7174 0.0070
-2.8087 4.5601 0.0000
-2.9839 4.3429 0.0000
2.3792 -3.1095 0.0018
-0.4957 -0.5060 0.0302
-0.6050 -0.6935 0.0285
-0.7135 -0.8798 0.0263
-0.8306 -1.0600 0.0241
-1.0023 -1.1806 0.0239
-0.8807 -1.3436 0.0182
-3.3684 -4.5216 0.0000
-3.5421 -4.7621 0.0000
-3.7475 -4.6561 0.0000
-3.9404 -4.7576 0.0000
-0.1043 0.2835 0.0305
0.0097 0.0878 0.0306
2.1916 0.4216 0.0698
1.9358 0.2880 0.0688
3.6075 4.2833 0.0000
3.5849 4.0531 0.0000
1.1522 -1.4753 0.0180
4.2910 1.6870 0.0001
4.0308 1.5530 0.0003
2.0674 1.6418 0.0251
1.9119 1.4658 0.0298
1.8167 1.2723 0.0355
-3.6703 2.1134 0.0007
1.8698 4.5195 0.0000
1.5622 4.4456 0.0000
-4.5151 4.7532 0.0000
-4.7828 4.7752 0.0000
-4.7066 4.5050 0.0000
-1.1077 4.7625 0.0000
-2.7553 1.5435 0.0236
-3.7848 1.6111 0.0008
-3.8472 1.3479 0.0008
-1.1512 0.3845 0.0486
-1.3270 0.2839 0.0569
-1.4882 0.2003 0.0650
-1.1852 0.1870 0.0526
-1.3532 0.1080 0.0599
-1.5074 0.0459 0.0671
-1.1214 4.2858 0.0001
2.1163 0.9552 0.0516
1.9542 0.8557 0.0533
1.8323 0.7146 0.0556
1.7281 0.5594 0.0572
1.6352 0.3950 0.0578
-0.9641 -0.8658 0.0316
-1.0862 -1.0131 0.0304
-1.2671 -1.0901 0.0323
-1.1906 -1.2786 0.0247
-1.4414 -1.1744 0.0338
-1.3802 -1.3748 0.0254
-1.4848 -1.5754 0.0210
-2.4373 0.7817 0.0663
-2.5578 0.6753 0.0660
-2.7140 0.6093 0.0590
-0.9793 -3.0992 0.0008
-0.9450 -3.3579 0.0004
3.0706 0.8169 0.0263
3.0712 0.5415 0.0303
2.9151 0.6813 0.0379
2.8249 0.5058 0.0470
3.1447 0.3148 0.0276
3.0022 0.1618 0.0386
2.9136 0.3329 0.0436
2.7093 0.3324 0.0570
2.9108 0.0339 0.0457
2.7746 0.1699 0.0548
2.5898 0.1863 0.0653
2.5862 0.0355 0.0663
2.4543 1.6718 0.0234
2.2875 1.5480 0.0286
2.4296 1.4026 0.0328
2.2575 1.2850 0.0386
2.1560 1.1367 0.0445
-2.0353 4.7560 0.0000
-2.1943 4.5084 0.0000
3.7683 2.5157 0.0004
3.7917 2.2500 0.0005
-0.9638 2.8267 0.0018
-1.0815 2.5838 0.0032
1.2696 0.2468 0.0476
1.4553 0.2247 0.0540
1.3487 0.0800 0.0512
1.2606 -0.0651 0.0482
1.0022 -3.9858 0.0001
-0.1470 1.5864 0.0106
-1.6235 -1.7898 0.0169
-1.7501 -2.0347 0.0122
-1.9238 -2.2538 0.0091
-2.1907 -2.1980 0.0108
-3.2174 -0.1222 0.0255
-3.2792 -0.3713 0.0202
-1.3837 -0.0668 0.0616
-1.4332 -0.2438 0.0622
-1.4234 -0.4120 0.0588
-1.5987 -0.2469 0.0696
-1.5633 -0.3960 0.0651
-3.8430 -4.4153 0.0000
-4.0863 -4.5091 0.0000
-4.3733 -4.5340 0.0000
-2.8910 1.7858 0.0137
-3.0238 1.5629 0.0145
0.9215 -0.4280 0.0358
0.7761 -0.5719 0.0309
0.5583 -0.6702 0.0265
0.5769 -0.8882 0.0230
0.3754 -0.9420 0.0206
0.1993 -1.0258 0.0186
-2.1946 3.7188 0.0004
-2.4166 3.5531 0.0006
-1.1947 -3.7971 0.0001
-1.3303 -4.0263 0.0001
-1.6256 -4.0191 0.0001
0.7122 -1.5862 0.0117
4.4637 4.0798 0.0000
4.2185 3.9265 0.0000
-1.1925 -3.3127 0.0005
-4.3753 0.1566 0.0000
-4.5446 -0.0199 0.0000
2.0962 0.2977 0.0717
2.0256 0.1593 0.0724
2.0028 0.0215 0.0727
-4.4903 -0.3125 0.0000
4.7851 4.7857 0.0000
3.8110 1.7464 0.0009
3.7776 1.4238 0.0014
2.6555 0.9034 0.0453
2.4380 0.8703 0.0530
2.2676 0.8352 0.0565
2.3815 0.6902 0.0605
2.3057 0.5354 0.0664
-1.0091 -4.5160 0.0000
-1.0846 -4.7692 0.0000
-1.2924 -4.7149 0.0000
-0.9253 -0.1337 0.0442
-1.0996 -0.2936 0.0483
-4.5890 -2.5401 0.0000
-4.7860 -2.6760 0.0000
-2.6484 -1.4199 0.0308
-2.8652 -1.5380 0.0206
-4.4926 -2.1888 0.0000
-4.7455 -2.3425 0.0000
-1.6282 -2.2736 0.0075
-3.1945 2.6872 0.0014
-3.4221 2.7608 0.0006
-4.7496 2.0407 0.0000
-4.7606 1.7384 0.0000
3.2936 1.5405 0.0079
0.0646 -1.2378 0.0150
-0.1590 -1.2913 0.0144
4.7169 -0.3780 0.0000
4.7666 -0.6003 0.0000
1.2637 -4.5116 0.0000
0.9719 -4.5070 0.0000
0.6875 -4.4978 0.0000
1.1056 -4.7579 0.0000
0.8086 -4.7551 0.0000
0.5206 -4.7500 0.0000
3.5617 1.6630 0.0028
3.5298 1.3929 0.0042
2.6562 1.7745 0.0180
2.4524 1.9310 0.0162
2.4568 -0.7846 0.0561
2.4508 -0.9576 0.0499
2.2718 -1.0309 0.0493
0.5273 -1.1307 0.0183
0.3238 -1.2520 0.0152
0.1417 -1.4536 0.0117
-0.0651 -1.5587 0.0103
1.0768 0.3109 0.0414
0.9271 0.1931 0.0387
0.7343 0.0934 0.0352
0.5984 2.5493 0.0022
0.5236 2.2686 0.0039
0.2590 2.1600 0.0043
0.0160 2.0127 0.0053
-1.8954 -4.5163 0.0000
-2.1978 -4.5174 0.0000
3.6079 -3.1527 0.0001
-3.4494 4.5382 0.0000
1.4659 -3.8157 0.0003
4.0669 -3.7490 0.0000
3.8660 -3.9830 0.0000
2.1103 0.7743 0.0584
2.0064 0.6659 0.0608
1.9083 0.5511 0.0623
1.8265 0.4121 0.0635
-2.9622 4.7821 0.0000
-3.1178 4.5852 0.0000
1.3802 -1.5279 0.0201
1.2351 -1.7201 0.0141
0.6140 3.8651 0.0001
0.3939 3.6879 0.0001
0.5714 -2.0136 0.0058
4.3941 -0.8061 0.0000
0.1644 4.7466 0.0000
-0.1112 4.7587 0.0000
-0.3344 4.6814 0.0000
-0.1114 4.4990 0.0000
-0.3830 4.4221 0.0000
3.4049 -0.7412 0.0106
3.1832 -0.8576 0.0192
2.9788 -0.9433 0.0284
4.2624 0.7777 0.0001
4.0329 0.5939 0.0006
4.2354 3.3549 0.0000
4.0618 3.1817 0.0000
4.2698 3.0212 0.0000
3.9975 2.9196 0.0001
-3.7486 -2.8242 0.0003
-3.9825 -3.0239 0.0001
-0.2166 3.8782 0.0001
2.2444 -1.7177 0.0236
-1.9177 -0.9554 0.0562
1.5103 2.0114 0.0114
1.3738 1.8152 0.0142
0.2080 -1.7195 0.0082
-0.0046 -1.8345 0.0068
-4.2419 -3.9882 0.0000
-4.5104 -4.0611 0.0000
-4.7665 -4.2042 0.0000
4.0637 -4.2533 0.0000
3.8475 -4.2539 0.0000
-4.5937 4.0324 0.0000
-4.7781 3.8815 0.0000
-3.3860 3.9250 0.0000
-3.6074 3.8184 0.0000
-3.8306 3.6015 0.0000
-4.5008 0.6069 0.0000
2.5892 3.9424 0.0002
2.3644 3.7881 0.0003
-0.1405 -2.2756 0.0032
4.5232 4.3642 0.0000
4.2489 4.2736 0.0000
1.4105 2.8833 0.0020
1.4207 2.6082 0.0036
1.2488 2.4426 0.0045
-2.0559 4.2470 0.0001
-0.8062 -4.7557 0.0000
-3.2721 4.3732 0.0000
-3.4474 4.1717 0.0000
4.5171 4.7335 0.0000
-1.8086 -2.4977 0.0054
-1.9363 -2.7347 0.0036
-2.0322 0.1696 0.0871
-2.0950 0.0693 0.0893
-2.1526 -0.0248 0.0902
-2.2140 -0.1208 0.0899
-2.1503 0.1733 0.0890
-2.2123 0.0761 0.0903
-2.2630 -0.0158 0.0903
-2.3224 -0.1042 0.0891
-2.2257 -0.3102 0.0866
-2.2864 -0.2138 0.0882
-2.3114 0.1152 0.0892
-2.3503 0.0176 0.0890
-2.4192 -0.0554 0.0868
-2.4109 -0.1742 0.0860
-2.5353 -0.1142 0.0812
-2.3673 -0.2918 0.0852
-2.4937 -0.2579 0.0814
-2.4342 -0.3996 0.0804
-3.0826 -2.8692 0.0016
-3.2256 -3.0708 0.0008
-3.4805 -3.2308 0.0003
-4.2174 4.7615 0.0000
-4.3750 4.5202 0.0000
-4.4950 4.2801 0.0000
-4.7753 4.2170 0.0000
-1.9141 -4.0205 0.0001
-0.7278 -4.0135 0.0000
3.7248 -1.9316 0.0007
3.4353 -2.0386 0.0022
1.8326 -4.2127 0.0001
1.5803 -4.4466 0.0000
2.4432 3.5080 0.0007
-0.3389 3.6110 0.0002
-0.2788 -2.7534 0.0012
-0.2669 -2.4990 0.0021
-0.5364 -2.7352 0.0014
-0.8807 -3.7731 0.0001
0.3589 1.6840 0.0100
0.1848 1.5404 0.0116
-1.7226 4.2918 0.0001
