5.0000 5.0000 0.0000
0.0000 5.0000 0.0000
2.5000 5.0000 0.0000
3.7500 5.0000 0.0000
4.3750 5.0000 0.0000
4.6875 5.0000 0.0000
4.0625 5.0000 0.0000
3.1250 5.0000 0.0000
3.4375 5.0000 0.0000
2.8125 5.0000 0.0000
1.2500 5.0000 0.0000
1.8750 5.0000 0.0000
2.1875 5.0000 0.0000
1.5625 5.0000 0.0000
0.6250 5.0000 0.0000
0.9375 5.0000 0.0000
0.3125 5.0000 0.0000
-2.5000 5.0000 0.0000
-1.2500 5.0000 0.0000
-0.6250 5.0000 0.0000
-0.3125 5.0000 0.0000
-0.9375 5.0000 0.0000
-1.8750 5.0000 0.0000
-1.5625 5.0000 0.0000
-2.1875 5.0000 0.0000
-3.7500 5.0000 0.0000
-3.1250 5.0000 0.0000
-2.8125 5.0000 0.0000
-3.4375 5.0000 0.0000
-4.3750 5.0000 0.0000
-4.0625 5.0000 0.0000
-4.6875 5.0000 0.0000
5.0000 -5.0000 0.0000
5.0000 0.0000 0.0000
5.0000 -2.5000 0.0000
5.0000 -3.7500 0.0000
5.0000 -4.3750 0.0000
5.0000 -4.6875 0.0000
5.0000 -4.0625 0.0000
5.0000 -3.1250 0.0000
5.0000 -3.4375 0.0000
5.0000 -2.8125 0.0000
5.0000 -1.2500 0.0000
5.0000 -1.8750 0.0000
5.0000 -2.1875 0.0000
5.0000 -1.5625 0.0000
5.0000 -0.6250 0.0000
5.0000 -0.9375 0.0000
5.0000 -0.3125 0.0000
5.0000 2.5000 0.0000
5.0000 1.2500 0.0000
5.0000 0.6250 0.0000
5.0000 0.3125 0.0000
5.0000 0.9375 0.0000
5.0000 1.8750 0.0000
5.0000 1.5625 0.0000
5.0000 2.1875 0.0000
5.0000 3.7500 0.0000
5.0000 3.1250 0.0000
5.0000 2.8125 0.0000
5.0000 3.4375 0.0000
5.0000 4.3750 0.0000
5.0000 4.0625 0.0000
5.0000 4.6875 0.0000
-5.0000 -5.0000 0.0000
0.0000 -5.0000 0.0000
-2.5000 -5.0000 0.0000
-3.7500 -5.0000 0.0000
-4.3750 -5.0000 0.0000
-4.6875 -5.0000 0.0000
-4.0625 -5.0000 0.0000
-3.1250 -5.0000 0.0000
-3.4375 -5.0000 0.0000
-2.8125 -5.0000 0.0000
-1.2500 -5.0000 0.0000
-1.8750 -5.0000 0.0000
-2.1875 -5.0000 0.0000
-1.5625 -5.0000 0.0000
-0.6250 -5.0000 0.0000
-0.9375 -5.0000 0.0000
-0.3125 -5.0000 0.0000
2.5000 -5.0000 0.0000
1.2500 -5.0000 0.0000
0.6250 -5.0000 0.0000
0.3125 -5.0000 0.0000
0.9375 -5.0000 0.0000
1.8750 -5.0000 0.0000
1.5625 -5.0000 0.0000
2.1875 -5.0000 0.0000
3.7500 -5.0000 0.0000
3.1250 -5.0000 0.0000
2.8125 -5.0000 0.0000
3.4375 -5.0000 0.0000
4.3750 -5.0000 0.0000
4.0625 -5.0000 0.0000
4.6875 -5.0000 0.0000
-5.0000 5.0000 0.0000
-5.0000 0.0000 0.0000
-5.0000 2.5000 0.0000
-5.0000 3.7500 0.0000
-5.0000 4.3750 0.0000
-5.0000 4.6875 0.0000
-5.0000 4.0625 0.0000
-5.0000 3.1250 0.0000
-5.0000 3.4375 0.0000
-5.0000 2.8125 0.0000
-5.0000 1.2500 0.0000
-5.0000 1.8750 0.0000
-5.0000 2.1875 0.0000
-5.0000 1.5625 0.0000
-5.0000 0.6250 0.0000
-5.0000 0.9375 0.0000
-5.0000 0.3125 0.0000
-5.0000 -2.5000 0.0000
-5.0000 -1.2500 0.0000
-5.0000 -0.6250 0.0000
-5.0000 -0.3125 0.0000
-5.0000 -0.9375 0.0000
-5.0000 -1.8750 0.0000
-5.0000 -1.5625 0.0000
-5.0000 -2.1875 0.0000
-5.0000 -3.7500 0.0000
-5.0000 -3.1250 0.0000
-5.0000 -2.8125 0.0000
-5.0000 -3.4375 0.0000
-5.0000 -4.3750 0.0000
-5.0000 -4.0625 0.0000
-5.0000 -4.6875 0.0000
4.7713 -3.2937 0.0000
-3.9651 3.3624 0.0000
2.1471 1.1764 0.0441
2.8859 4.5312 0.0000
2.6965 4.4719 0.0000
0.2052 -3.8519 0.0001
-0.0054 -4.0548 0.0001
-0.2983 -4.0089 0.0001
2.1338 -3.9333 0.0002
-0.4229 -2.0406 0.0055
-0.6550 -2.1867 0.0047
-0.9271 -2.2662 0.0048
-3.1147 -1.5135 0.0132
-2.9650 -1.7192 0.0136
-3.0859 -1.9565 0.0077
2.7089 0.8208 0.0471
2.5499 0.8085 0.0542
2.3942 0.7579 0.0602
2.1057 0.6731 0.0644
1.9953 0.5901 0.0656
4.2100 -1.5479 0.0001
3.9483 -1.6841 0.0003
4.2076 -1.8370 0.0000
4.0226 -1.9552 0.0001
3.8362 -2.0048 0.0003
0.3982 4.7463 0.0000
0.1250 4.7319 0.0000
0.1984 4.5012 0.0000
0.0418 4.3181 0.0000
-0.0775 1.2572 0.0158
-0.3174 1.2107 0.0171
-0.4801 1.0124 0.0218
-0.5766 1.2319 0.0180
-0.7280 1.0446 0.0235
-0.6325 0.8361 0.0269
-0.8928 0.8640 0.0302
-4.7453 1.3782 0.0000
-1.8077 1.5692 0.0275
-1.8694 1.3927 0.0352
-2.0681 1.3128 0.0413
-1.8646 1.2396 0.0415
-1.9920 1.1435 0.0481
-2.1161 1.0440 0.0544
-2.2127 1.1874 0.0480
-2.3295 1.0644 0.0532
1.2079 -2.0707 0.0084
1.1439 -2.2926 0.0055
1.0122 -2.5086 0.0034
-2.7527 -3.7018 0.0004
-2.8278 -3.9670 0.0002
4.7528 -0.4782 0.0000
3.9965 1.8864 0.0003
1.6266 -2.3276 0.0075
1.3498 -2.3930 0.0055
-2.9631 -3.5083 0.0005
2.3467 1.6198 0.0263
2.2711 1.4267 0.0338
3.0180 -4.2270 0.0000
0.5527 2.0057 0.0064
-1.5162 -1.5693 0.0217
-1.7076 -1.6854 0.0209
4.2497 4.3480 0.0000
-3.3072 4.7463 0.0000
-3.2056 4.4892 0.0000
3.8356 -2.2749 0.0002
2.0456 2.5077 0.0060
1.7764 2.4103 0.0065
-3.4837 3.1643 0.0002
-3.7389 3.2145 0.0000
-4.4949 0.3218 0.0000
-1.9676 4.1334 0.0001
4.7454 -2.9928 0.0000
4.4773 -3.0859 0.0000
1.2990 -0.5856 0.0441
1.1557 -0.7110 0.0372
0.9946 -0.8341 0.0308
0.7803 -0.7813 0.0282
0.8167 -1.0014 0.0242
1.8089 4.2823 0.0000
0.5405 0.9106 0.0242
0.2759 0.8170 0.0240
0.2629 0.5840 0.0274
1.1236 4.7706 0.0000
0.8857 4.6989 0.0000
3.7639 -3.8750 0.0000
3.7199 -0.5096 0.0031
0.0045 -1.7141 0.0083
0.1057 0.4164 0.0288
1.5461 -2.5885 0.0044
3.3422 -0.8996 0.0118
-3.1641 -4.5889 0.0000
-3.2869 -4.7920 0.0000
-1.7290 0.6766 0.0608
-1.8860 0.6759 0.0661
-1.9927 0.7639 0.0653
-2.0947 0.6633 0.0713
-1.9801 0.5739 0.0725
-2.1044 0.5148 0.0770
-2.2146 0.6262 0.0737
-2.2470 0.5247 0.0774
-2.3481 0.4758 0.0778
-2.2027 0.4139 0.0809
-2.1207 0.2893 0.0834
-2.2051 0.2982 0.0838
-2.2776 0.2423 0.0846
-2.3228 0.1752 0.0850
2.1122 2.7749 0.0036
-2.5120 2.2982 0.0090
-3.2893 -2.5280 0.0019
2.1790 0.2294 0.0768
2.1820 0.0714 0.0784
2.0886 -0.0316 0.0777
2.1114 -0.1635 0.0772
4.4984 -0.3421 0.0000
-1.5989 2.4918 0.0056
-3.0226 -2.4554 0.0038
1.0837 4.1902 0.0000
0.9832 4.4401 0.0000
0.8366 4.0871 0.0000
-0.2258 0.2372 0.0310
-0.4492 0.1556 0.0335
1.7708 0.4089 0.0645
1.6972 0.2758 0.0644
1.6490 0.1112 0.0642
-2.5600 -1.2154 0.0408
-2.6788 -1.0350 0.0440
-2.7687 -1.2465 0.0324
-2.9905 -1.2971 0.0218
-2.8515 -1.4933 0.0219
4.7420 -1.7103 0.0000
0.3824 -1.0931 0.0185
-0.3942 4.7051 0.0000
-0.6217 4.7386 0.0000
-0.8492 4.7744 0.0000
1.2845 0.8841 0.0371
1.1447 0.7178 0.0377
0.9144 0.7194 0.0327
0.8671 0.4891 0.0356
-2.9954 2.2175 0.0056
-3.1238 2.4731 0.0026
-3.2505 2.2542 0.0028
-0.8450 -3.4724 0.0002
-1.0543 -3.6562 0.0002
2.8953 -3.6334 0.0003
2.6794 -3.8262 0.0002
2.3877 -3.7464 0.0004
2.4413 -4.0080 0.0002
3.1621 4.5208 0.0000
2.9804 4.2802 0.0001
-4.5272 -0.7493 0.0000
-4.7558 -0.9405 0.0000
-4.7363 -1.1840 0.0000
-4.7393 -1.4597 0.0000
3.5501 0.9655 0.0056
-1.1466 1.7049 0.0142
-1.3877 1.5992 0.0198
-1.5876 1.5312 0.0251
4.7913 2.4845 0.0000
4.6748 2.2781 0.0000
3.7769 -0.0094 0.0026
3.6584 -0.2346 0.0046
-0.8969 3.7518 0.0002
-0.6012 -0.5400 0.0312
3.1599 4.0333 0.0001
3.0308 3.7692 0.0002
2.7331 3.7802 0.0003
-2.3045 -3.9299 0.0002
-2.5345 4.2002 0.0001
-0.2842 2.9049 0.0009
4.2773 -4.4476 0.0000
3.4992 3.5871 0.0001
0.9746 2.2287 0.0055
0.8906 1.9786 0.0081
0.7050 1.8320 0.0092
-4.7441 3.2890 0.0000
-4.4958 4.2900 0.0000
3.5133 -0.7106 0.0072
1.4449 -2.8571 0.0024
0.8673 -2.8913 0.0014
0.5782 4.0087 0.0000
0.4080 3.7679 0.0001
0.2363 3.5406 0.0002
-2.8169 -2.6672 0.0034
-3.0836 -2.7410 0.0020
-1.8499 2.0289 0.0144
-1.6503 1.7581 0.0194
-1.8976 1.7867 0.0214
-2.0552 1.5367 0.0317
-2.5690 1.8433 0.0185
0.0491 -2.9768 0.0007
-2.5146 1.6596 0.0250
-2.7106 1.5651 0.0238
-2.9587 1.6505 0.0146
4.1694 3.2094 0.0000
1.2845 2.5680 0.0036
1.2309 2.2929 0.0059
4.3590 1.1031 0.0001
-0.1562 -2.1812 0.0039
2.5640 0.2757 0.0681
2.7224 0.7046 0.0499
2.6446 0.5709 0.0577
2.6367 0.4101 0.0620
2.4978 0.4877 0.0663
2.4430 0.3694 0.0710
2.4247 0.2253 0.0741
2.7243 0.2540 0.0594
2.8454 0.1102 0.0520
2.6789 0.0959 0.0636
2.5491 0.1336 0.0705
2.4283 0.0888 0.0754
2.5761 -0.0158 0.0697
2.4499 -0.0378 0.0749
2.3459 -0.1291 0.0771
-4.1990 0.2390 0.0002
0.8946 -3.3647 0.0005
-2.0967 1.9739 0.0171
-2.3359 1.8756 0.0198
0.9113 3.8613 0.0001
0.6991 3.7564 0.0001
0.5366 3.5178 0.0002
4.7740 1.3848 0.0000
4.6989 1.0704 0.0000
-3.6708 4.2331 0.0000
-4.0183 4.1515 0.0000
0.7954 1.2752 0.0195
-4.0284 0.4717 0.0005
-4.2822 0.5001 0.0001
-1.6542 1.3358 0.0331
-1.8739 1.0185 0.0514
-2.0154 0.9220 0.0588
-2.4731 1.0077 0.0531
-3.5437 -3.6714 0.0001
0.0183 0.2393 0.0301
-0.0629 0.0609 0.0307
-1.5605 4.5242 0.0000
-1.7676 4.3337 0.0001
-0.7536 -2.4280 0.0031
-0.9521 -2.5798 0.0026
3.9847 -1.3557 0.0003
-2.5406 3.6396 0.0004
-2.6580 3.3873 0.0007
-2.8801 3.2350 0.0008
2.2309 -0.2142 0.0772
2.1639 -0.3189 0.0754
2.0578 -0.2618 0.0751
1.9798 -0.3093 0.0726
1.1727 3.3648 0.0004
0.9347 3.2653 0.0005
1.1222 3.0574 0.0010
-3.3112 0.2817 0.0181
-3.6307 0.1202 0.0053
-2.4284 3.9083 0.0002
-1.6136 2.2344 0.0089
-1.6298 1.9893 0.0135
3.5653 -3.6942 0.0000
-3.5658 -2.6030 0.0007
4.7442 -0.7856 0.0000
-3.4386 3.6985 0.0000
-3.6634 3.4723 0.0000
2.1714 3.0485 0.0020
4.2749 -3.9871 0.0000
4.1720 -4.2102 0.0000
1.8133 -0.9118 0.0501
4.6966 3.3336 0.0000
-3.1198 2.7537 0.0015
3.0770 -2.3880 0.0035
-2.2531 -0.0154 0.0869
-2.3038 -0.1014 0.0860
-2.3478 -0.2077 0.0840
-2.3913 0.0046 0.0846
-2.4302 -0.1217 0.0828
-2.4883 -0.2186 0.0793
-2.3907 -0.2978 0.0813
-2.5175 -0.3376 0.0757
-2.5945 -0.1847 0.0743
-2.6519 -0.3333 0.0683
-2.8218 -0.3469 0.0556
-2.9370 -0.4928 0.0438
-3.9013 0.6990 0.0010
-4.2133 0.7584 0.0001
-0.3502 3.5899 0.0002
0.6374 4.7814 0.0000
0.4379 4.4963 0.0000
3.1855 3.5077 0.0004
2.9639 3.1990 0.0010
1.8246 -2.5286 0.0058
2.0526 -2.6473 0.0049
1.9448 -2.8486 0.0032
1.7274 -2.7857 0.0033
1.6760 -3.0480 0.0019
-4.2884 4.0548 0.0000
-1.8854 -2.2667 0.0088
-2.1632 -2.2512 0.0098
3.0408 -2.6640 0.0022
3.0053 -2.9318 0.0013
2.7674 -2.7990 0.0026
2.7241 -3.0555 0.0016
2.5514 -3.2427 0.0012
0.7725 -4.7508 0.0000
1.7262 4.7502 0.0000
-1.5734 -2.9703 0.0018
-1.6783 -3.2224 0.0010
-1.9063 -3.3330 0.0009
-0.4031 3.1382 0.0006
-0.5758 2.9928 0.0009
-0.7762 2.8528 0.0014
-0.9917 2.7048 0.0023
-1.7524 -0.2075 0.0741
-1.8002 -0.3446 0.0735
-1.9247 -0.4260 0.0756
-2.0472 -0.5260 0.0754
3.5905 4.7608 0.0000
3.2971 4.7515 0.0000
-3.8723 -0.5376 0.0015
2.0690 -0.7151 0.0628
2.0057 -0.8737 0.0558
0.6652 3.2542 0.0004
0.5137 3.0234 0.0007
-0.9121 -3.1920 0.0006
-1.1310 -3.3689 0.0004
-2.7594 0.4253 0.0588
-2.9371 0.4670 0.0438
-2.8575 0.2826 0.0534
-3.0026 0.6627 0.0350
-3.1615 0.4881 0.0263
-3.0682 0.2874 0.0355
-0.2195 1.4685 0.0123
-0.4772 1.4400 0.0135
-2.0248 -1.5971 0.0275
-2.2480 -1.6167 0.0276
-2.8532 -2.9435 0.0019
-3.1177 -3.0237 0.0011
-1.8862 -1.7941 0.0195
-2.7462 2.3128 0.0070
0.3552 1.0414 0.0206
0.1496 1.0630 0.0194
-0.0697 1.0428 0.0196
0.0510 0.8452 0.0230
0.0271 0.6239 0.0263
2.3104 -4.4876 0.0000
2.1257 -4.7200 0.0000
-2.4632 -2.3610 0.0078
-2.7504 -2.4005 0.0060
2.2777 2.4898 0.0064
2.2651 2.2737 0.0096
-1.0588 -1.3458 0.0207
-1.2827 -1.4693 0.0209
-1.0686 -1.6024 0.0151
-1.3089 -1.7134 0.0152
-2.1339 3.9050 0.0002
-2.2648 3.6654 0.0005
2.4940 2.2550 0.0094
2.2250 2.0470 0.0141
4.4952 2.8394 0.0000
3.0562 1.9437 0.0082
2.8453 1.8443 0.0134
2.6082 1.7949 0.0183
-2.0529 2.2259 0.0111
0.2063 0.1496 0.0306
3.0098 -4.7655 0.0000
1.8242 -1.3907 0.0323
1.6652 -1.2923 0.0327
1.5721 -1.4788 0.0250
-3.0712 -0.6612 0.0308
-2.9808 -0.8627 0.0327
-3.1976 -0.8802 0.0196
1.8936 2.9557 0.0023
1.8343 2.6854 0.0039
-0.4004 -2.3195 0.0032
3.2931 2.4443 0.0022
1.5821 4.1884 0.0000
1.3530 4.0855 0.0001
4.7504 2.7334 0.0000
4.4745 -4.2395 0.0000
1.3562 0.6900 0.0442
1.2490 0.5188 0.0447
1.4389 0.5104 0.0509
1.2482 0.3389 0.0476
1.0812 0.3545 0.0424
0.9289 0.2763 0.0393
-0.8515 0.0908 0.0413
-0.9053 -0.0996 0.0427
2.5921 -2.3526 0.0076
2.3739 -2.1839 0.0115
2.3296 -2.4404 0.0073
2.2853 -2.6946 0.0045
-0.3585 -3.3593 0.0003
-0.5618 -3.5602 0.0002
-0.7636 -3.7582 0.0001
1.9784 -0.1247 0.0750
-4.1001 3.8484 0.0000
2.2256 -4.2092 0.0001
1.9433 -4.1796 0.0001
2.0434 -4.4459 0.0000
1.7972 -4.4806 0.0000
1.8986 -4.7424 0.0000
1.6212 2.8841 0.0023
1.3586 2.8558 0.0020
-2.4709 -1.5983 0.0270
-2.6867 -1.6951 0.0203
-2.8176 -1.9333 0.0123
2.8661 4.0193 0.0002
2.5555 4.0122 0.0002
-4.4702 2.5408 0.0000
-4.7453 2.4374 0.0000
-4.4978 2.2863 0.0000
-4.7617 2.1867 0.0000
3.7326 3.4793 0.0001
3.6071 3.2372 0.0002
-4.4741 3.5058 0.0000
-4.4850 3.2746 0.0000
-4.1037 -3.6905 0.0000
4.2447 0.0851 0.0001
4.0115 -0.0631 0.0007
3.9461 -0.3156 0.0009
-1.8248 2.2811 0.0093
-2.5930 -4.0240 0.0002
-2.8632 -4.2337 0.0001
3.4302 -1.4401 0.0052
3.4816 -4.4888 0.0000
3.2858 -4.7255 0.0000
4.7526 -0.1730 0.0000
4.5021 0.2436 0.0000
4.5006 -0.0462 0.0000
4.5251 3.6230 0.0000
4.3585 3.4161 0.0000
3.6835 0.7215 0.0036
3.4618 -0.4284 0.0100
3.1986 -0.3736 0.0239
2.4117 3.7713 0.0003
2.3914 3.4799 0.0007
3.4897 -2.9898 0.0003
3.4306 -3.2652 0.0002
3.5354 -2.7013 0.0004
2.3478 4.7666 0.0000
2.2043 4.5154 0.0000
-1.3386 -3.5487 0.0003
-1.4900 -3.7659 0.0002
-1.7551 -3.8199 0.0002
-1.4468 -1.0985 0.0362
-1.4587 -0.8762 0.0445
-1.6226 -0.9759 0.0458
-1.7983 -0.9559 0.0516
-0.1850 2.2253 0.0036
-0.2281 1.9598 0.0058
2.4859 4.5295 0.0000
2.1029 4.2566 0.0001
4.7789 -2.0374 0.0000
4.5643 -2.2149 0.0000
4.2389 2.9262 0.0000
3.5939 -4.7576 0.0000
1.8004 -3.5492 0.0006
1.5844 -3.7070 0.0004
1.2652 -3.7792 0.0003
1.7914 -3.9302 0.0002
1.5051 -3.9823 0.0002
-3.9357 -1.0317 0.0008
-3.9942 -1.2801 0.0005
-3.2616 2.0140 0.0041
-3.4110 1.5512 0.0049
2.4881 2.0314 0.0137
2.3682 1.8199 0.0198
2.1379 1.8179 0.0200
2.1187 1.5960 0.0272
1.9019 1.4851 0.0295
3.7227 4.2863 0.0000
3.4672 4.4700 0.0000
3.2728 4.2756 0.0000
3.4815 4.0928 0.0000
3.3239 3.8060 0.0001
-2.0358 -3.9241 0.0002
-2.0956 -4.2114 0.0001
-2.3473 -4.1716 0.0001
3.7422 2.9979 0.0002
3.6827 2.7547 0.0004
2.5219 1.1711 0.0410
2.6797 0.9954 0.0426
2.5078 0.9665 0.0495
2.3447 1.0669 0.0483
2.1794 0.9997 0.0518
2.3436 0.8917 0.0557
2.1911 0.8310 0.0589
-2.0665 4.3980 0.0001
-2.2553 4.1609 0.0001
1.1629 3.8969 0.0001
-0.1578 -4.7609 0.0000
-1.8683 4.5837 0.0000
0.4302 -3.0829 0.0007
0.2001 -3.1522 0.0005
0.0044 -3.3322 0.0003
-2.4263 1.2325 0.0439
-2.5935 1.1184 0.0443
-2.7111 0.9616 0.0453
-1.7667 3.5319 0.0006
-3.7112 0.9101 0.0025
-3.6029 0.6582 0.0050
0.2153 -2.5457 0.0019
0.0026 -2.7028 0.0013
-1.1669 -2.1429 0.0070
4.4920 4.4790 0.0000
4.3002 -1.2898 0.0000
-4.4203 0.0406 0.0000
4.3992 -3.7238 0.0000
4.0749 -3.8164 0.0000
2.3193 -0.9141 0.0556
2.1864 -0.8172 0.0600
2.1540 -0.9912 0.0527
1.9686 -1.0550 0.0478
2.3144 -1.1179 0.0471
2.1388 -1.1742 0.0448
1.9555 -1.2630 0.0392
-0.5539 -2.5330 0.0022
-0.7617 -2.7324 0.0016
-4.2082 3.5584 0.0000
4.7655 -1.0790 0.0000
1.9299 -0.4202 0.0690
0.3192 2.8100 0.0011
3.5723 -2.4065 0.0007
3.3082 -2.5440 0.0014
-1.8906 -0.1896 0.0795
-1.9155 -0.2975 0.0785
-2.8905 1.3936 0.0229
-3.0640 1.1998 0.0200
-3.0994 0.8713 0.0246
-0.6936 4.4998 0.0000
-0.9734 4.3027 0.0001
-1.2282 2.5576 0.0037
-1.3912 2.3734 0.0059
4.7378 3.0210 0.0000
-0.1338 2.7253 0.0013
-0.4846 2.7479 0.0014
-0.3244 2.5676 0.0019
-0.4526 2.4010 0.0028
-0.7048 2.2910 0.0040
-0.4514 2.1486 0.0045
-4.4713 -4.5580 0.0000
-4.5143 -4.7828 0.0000
-2.9069 -1.0605 0.0319
-3.1285 -1.1114 0.0195
-3.2612 -1.3359 0.0111
0.6758 4.5347 0.0000
0.7594 4.3130 0.0000
0.5172 4.2521 0.0000
3.5909 -2.1138 0.0010
3.3378 -2.2589 0.0022
1.0733 -2.7760 0.0021
1.7065 1.5921 0.0234
3.7732 -0.7895 0.0020
3.6015 -0.9937 0.0040
-2.3707 3.4014 0.0009
-2.4935 3.1548 0.0015
-4.0707 4.5324 0.0000
-4.2137 4.3269 0.0000
-3.2160 -2.2278 0.0038
3.4237 -1.7096 0.0038
1.6352 -0.4375 0.0589
1.4681 -0.5131 0.0513
1.5142 -0.6850 0.0485
1.3644 -0.7719 0.0414
4.0966 -2.1845 0.0000
4.0551 -2.4677 0.0000
3.7959 -2.5760 0.0001
-3.4497 -3.3828 0.0003
-3.7257 -3.4277 0.0001
2.7404 -4.0931 0.0001
2.5048 -4.2714 0.0001
-4.4936 1.5153 0.0000
2.6849 3.0524 0.0018
-3.2586 -1.7204 0.0071
-4.4649 -0.4788 0.0000
-4.7382 -0.4350 0.0000
-4.7587 -0.6938 0.0000
-0.7675 3.1681 0.0007
-1.0197 3.0019 0.0013
-3.4707 -2.3039 0.0016
-2.3192 0.3553 0.0817
-2.4525 0.3846 0.0775
-2.5539 0.3582 0.0736
-2.6582 0.3401 0.0678
-2.4168 0.2628 0.0814
-2.5438 0.2139 0.0768
-2.6943 0.2307 0.0671
-2.6455 0.0848 0.0719
-2.7893 0.1142 0.0608
-2.8310 -0.0301 0.0576
-3.0348 -0.0821 0.0397
-2.9640 0.1117 0.0457
-0.3856 -1.4415 0.0130
-0.2501 -1.6199 0.0099
-3.9708 1.7255 0.0002
-3.0925 4.2317 0.0000
-3.2354 3.9463 0.0000
-1.8991 -0.5643 0.0704
-0.8381 -1.4432 0.0160
-1.8479 3.8753 0.0003
-0.6641 -0.7732 0.0279
-0.8990 -0.7512 0.0327
0.1257 -0.0326 0.0304
-0.0793 -0.1622 0.0301
4.5208 2.5464 0.0000
4.3352 2.3336 0.0000
-0.2272 -0.7709 0.0235
-0.4491 -0.8886 0.0231
1.3587 -1.0573 0.0331
1.2325 -1.2005 0.0264
1.1644 -1.4560 0.0190
-2.3821 -0.8550 0.0615
-2.5574 -0.8848 0.0552
-2.4750 -1.0328 0.0512
4.5433 -1.2188 0.0000
4.5152 -1.4983 0.0000
4.4312 -1.7270 0.0000
-1.1273 -2.4109 0.0042
-1.3046 -2.5785 0.0034
-1.5152 -2.6791 0.0032
-1.4728 4.2602 0.0001
-1.6816 4.0705 0.0001
-4.7540 3.8801 0.0000
-2.2519 -2.4880 0.0064
0.3859 0.0543 0.0316
0.3196 -0.1298 0.0307
-1.2521 -0.5656 0.0471
4.1561 -3.5343 0.0000
3.8664 -3.6125 0.0000
-1.1283 -4.4758 0.0000
-1.3567 -4.7005 0.0000
-1.6205 -4.7909 0.0000
-1.8542 -4.6853 0.0000
1.3095 3.6342 0.0002
1.0345 3.6178 0.0002
0.8212 3.5083 0.0002
0.0471 2.8911 0.0009
-0.4195 4.1014 0.0001
-0.4492 3.8372 0.0001
4.7471 0.4458 0.0000
-2.5618 -0.4712 0.0702
-2.5642 -0.6048 0.0658
-2.6817 -0.6545 0.0578
-2.7293 -0.4988 0.0593
-2.8496 -0.6785 0.0462
-2.6519 -0.7822 0.0550
-2.7809 -0.8716 0.0447
-4.7463 -4.1969 0.0000
2.7451 2.3181 0.0070
2.7290 2.0540 0.0111
3.9921 -3.0528 0.0000
3.9447 -3.3348 0.0000
1.2710 -2.6332 0.0033
2.0920 -2.4117 0.0078
0.1170 -1.2695 0.0148
-0.2021 -1.2925 0.0148
-2.4342 -3.5576 0.0006
-2.5208 -3.7867 0.0003
3.5162 0.4940 0.0082
3.6595 0.2411 0.0047
3.3864 0.2604 0.0141
3.5075 0.0160 0.0092
3.2482 0.0464 0.0222
3.0192 0.0647 0.0386
2.4010 -4.7586 0.0000
-3.6304 -3.1448 0.0002
-0.9499 2.4316 0.0037
-1.1626 2.2600 0.0060
0.1648 -1.0315 0.0188
-0.0705 -1.1238 0.0172
4.7854 1.7189 0.0000
-0.1025 3.0934 0.0006
-4.7669 -4.7555 0.0000
-2.2813 -0.3514 0.0820
-2.4086 -0.4277 0.0775
-2.2939 -0.5062 0.0773
-2.4236 -0.5694 0.0724
-2.3104 -0.6730 0.0707
-2.4808 -0.7240 0.0647
3.4031 -1.1735 0.0076
3.1699 -1.3109 0.0135
3.1710 -1.5700 0.0100
4.1903 -1.0692 0.0001
4.2549 0.6816 0.0001
4.2353 0.3563 0.0001
3.9331 -4.0662 0.0000
3.6880 -4.2424 0.0000
3.2690 -2.8323 0.0009
3.2133 -3.1309 0.0005
2.9338 -3.1782 0.0009
-1.8284 -1.1203 0.0450
-1.8584 -1.3184 0.0368
-1.8369 -1.5301 0.0279
-2.0094 -1.1872 0.0452
-2.0505 -1.3994 0.0359
-2.2480 -1.4342 0.0352
-4.4322 3.7781 0.0000
-4.7281 3.5862 0.0000
-1.9955 -2.5286 0.0056
-2.0811 -2.8133 0.0032
2.1659 3.3413 0.0010
1.9266 3.2232 0.0012
-4.2351 -1.2123 0.0001
-4.2371 -1.4793 0.0001
-4.4877 -1.3310 0.0000
-1.7617 2.7757 0.0035
-1.8244 2.5223 0.0060
-2.0710 2.4579 0.0073
-0.8340 3.4556 0.0004
2.4753 -1.6825 0.0237
2.1797 -1.9538 0.0171
-3.4995 4.4842 0.0000
-0.1848 -4.2719 0.0000
-0.8305 -0.9597 0.0265
-1.0682 -0.9042 0.0327
-0.8065 -1.2038 0.0206
-1.0034 -1.1254 0.0254
-1.1797 -1.1211 0.0290
-4.7811 -3.3042 0.0000
-3.7054 3.7555 0.0000
-3.9274 3.6411 0.0000
4.5025 -0.6366 0.0000
4.2653 -0.7701 0.0001
-1.7322 -1.9769 0.0134
1.7951 1.3160 0.0342
3.1716 -3.7108 0.0001
3.5896 1.4618 0.0031
3.6663 1.1968 0.0029
3.3103 0.9956 0.0127
2.1688 3.6441 0.0005
-1.2151 4.1536 0.0001
-3.3626 2.5830 0.0010
-3.7099 2.4416 0.0003
-3.3412 -1.9870 0.0039
-3.5663 -2.0738 0.0016
-1.4404 3.9574 0.0002
4.5067 4.7482 0.0000
-1.1267 4.7496 0.0000
-4.2679 1.0515 0.0001
-4.4992 0.9149 0.0000
-0.9448 4.0360 0.0001
-1.1709 3.8573 0.0002
-4.4062 -2.9908 0.0000
4.5614 -3.2849 0.0000
4.4310 -3.4530 0.0000
-1.4038 4.7485 0.0000
3.7888 0.4749 0.0023
0.5593 -0.8830 0.0236
1.0820 -4.7598 0.0000
2.9357 -4.5375 0.0000
2.7138 -4.7460 0.0000
-3.7625 2.1991 0.0004
3.6782 -1.2711 0.0022
-2.0181 4.7869 0.0000
-2.1818 4.6398 0.0000
0.3721 -2.3485 0.0030
3.2815 1.8305 0.0057
3.0553 1.6700 0.0120
2.8110 1.5885 0.0199
3.0869 1.4267 0.0151
2.8932 1.3517 0.0234
-1.0466 -0.2079 0.0462
-1.2357 -0.2511 0.0522
-1.3301 -0.3933 0.0536
-1.4643 -0.5163 0.0561
-2.9914 3.8064 0.0001
-3.1806 3.6207 0.0001
-3.3900 3.4036 0.0001
4.2499 2.6468 0.0000
4.0714 2.4161 0.0001
3.9995 2.1742 0.0002
-2.5514 -2.5888 0.0049
1.6047 3.6361 0.0003
1.4506 3.3892 0.0005
4.5444 -3.9529 0.0000
-1.5340 1.1301 0.0377
-1.4804 0.8985 0.0443
-1.7376 1.1520 0.0423
-1.6794 0.9760 0.0477
-1.6460 0.8114 0.0530
-1.8318 0.8393 0.0579
-1.0188 -1.8331 0.0105
-1.2242 -1.9090 0.0107
-1.4289 -2.0544 0.0097
2.0399 4.7617 0.0000
1.9083 4.5190 0.0000
-1.4141 -2.3416 0.0058
-1.6839 -2.4664 0.0054
-1.7915 -2.7403 0.0033
-3.6587 -3.9722 0.0000
-3.6462 -4.2780 0.0000
-3.7250 -4.5173 0.0000
-3.8811 -3.1776 0.0001
-4.0183 -3.4238 0.0000
3.9596 0.7577 0.0008
-0.2502 0.9628 0.0214
-0.4117 0.7718 0.0259
-0.5378 0.5823 0.0304
-0.6264 0.3887 0.0343
-0.8398 0.2913 0.0397
3.1481 -0.7755 0.0225
2.9919 -0.9096 0.0289
3.1636 -1.0574 0.0175
0.8959 -2.2430 0.0049
0.6957 -2.3875 0.0033
2.7038 -0.5917 0.0540
2.5530 -0.6950 0.0582
2.7242 -0.7933 0.0471
2.5571 -0.8664 0.0521
2.4583 -1.0037 0.0497
1.9052 -0.7202 0.0594
-4.2279 3.2726 0.0000
-4.5205 3.0406 0.0000
3.4221 3.3591 0.0003
3.2451 3.2039 0.0006
-0.9754 -3.9430 0.0001
-1.0540 -4.2099 0.0000
-1.2899 -4.1170 0.0000
-1.3566 -4.3717 0.0000
-1.5927 -4.2626 0.0000
-1.5983 -4.5306 0.0000
1.6962 0.8283 0.0500
1.5044 0.8319 0.0445
1.5522 0.6496 0.0512
1.4092 0.3475 0.0529
-2.0401 2.7135 0.0044
-2.3000 2.4356 0.0076
2.9359 -1.4230 0.0198
2.6883 -1.5739 0.0232
2.6737 -1.8243 0.0168
2.4230 -1.9321 0.0169
1.8935 0.7180 0.0590
1.8346 0.5566 0.0627
0.9500 1.4435 0.0176
0.5967 1.1426 0.0203
-1.7854 -0.6599 0.0634
-1.8851 -0.7964 0.0609
-1.9944 -0.6666 0.0690
-2.0434 -0.8174 0.0633
-2.1534 -0.9154 0.0599
-1.9806 -0.9828 0.0545
-2.1529 -1.0821 0.0517
-0.9705 -2.9163 0.0012
-1.1884 -3.0856 0.0010
-4.2776 -0.2316 0.0001
-1.3858 3.6627 0.0004
4.4957 3.8909 0.0000
-0.5513 -0.2472 0.0341
-0.7011 -0.3785 0.0353
0.2974 -3.3900 0.0003
0.1136 -3.5940 0.0002
-0.1833 -3.5259 0.0002
-0.0939 -3.7935 0.0001
2.5398 2.5073 0.0058
-2.6200 4.4929 0.0000
1.0845 2.7799 0.0019
0.8395 2.6982 0.0019
3.7046 -1.5420 0.0014
2.8244 2.5883 0.0040
-4.4774 -2.4639 0.0000
-4.7327 -2.6405 0.0000
-4.7306 -2.9276 0.0000
1.3933 3.1316 0.0010
4.7515 -4.1772 0.0000
4.7274 -4.4683 0.0000
4.7642 -4.7379 0.0000
4.5087 -4.7643 0.0000
0.0694 3.3084 0.0003
2.8087 -0.9573 0.0377
2.9425 -1.1621 0.0257
2.7393 -1.1841 0.0338
2.6457 -1.0235 0.0430
2.7389 -1.3542 0.0284
-0.6910 2.5794 0.0023
-0.9317 2.1355 0.0062
-4.3868 -3.2656 0.0000
-4.4799 -3.7276 0.0000
-4.0975 -0.0115 0.0004
0.3958 2.5285 0.0021
-3.9841 -2.3461 0.0002
-4.2512 -2.2759 0.0000
2.6676 4.7553 0.0000
-3.4710 2.3592 0.0011
-3.5190 2.1069 0.0014
1.7051 2.1350 0.0103
4.7847 0.7965 0.0000
4.4632 0.8659 0.0000
-3.3733 -1.0755 0.0100
-3.5147 -1.2909 0.0050
-3.7569 -1.3069 0.0017
-1.9341 0.1769 0.0810
-2.0578 0.2187 0.0836
-2.1790 0.1657 0.0859
-2.2839 0.0847 0.0864
-1.9231 0.0533 0.0817
-2.0494 0.1018 0.0848
-2.1558 0.0410 0.0867
0.9862 1.1540 0.0245
0.8021 0.9851 0.0256
4.7507 4.2122 0.0000
4.5034 4.1847 0.0000
-1.0889 -0.6797 0.0391
-1.2611 -0.7811 0.0415
-1.2767 -0.9799 0.0357
2.7709 -0.0372 0.0577
2.6593 -0.1291 0.0646
2.6175 -0.2746 0.0655
2.4934 -0.1753 0.0725
2.4693 -0.3337 0.0710
2.3996 -0.4494 0.0705
2.3534 -0.2705 0.0752
2.2753 -0.3749 0.0741
2.2551 -0.5129 0.0707
2.1372 -0.5901 0.0680
1.9982 -1.5161 0.0301
1.7786 -1.5949 0.0248
1.7578 -1.8295 0.0179
1.5627 -1.7216 0.0183
1.4255 -1.8970 0.0130
2.6273 2.7753 0.0033
3.5622 -4.0181 0.0000
3.3810 -4.2271 0.0000
1.3747 -4.2601 0.0001
-2.0497 -0.3839 0.0799
-2.1721 -0.4432 0.0797
-4.7205 0.1368 0.0000
0.7866 -2.6342 0.0022
-1.1057 3.5691 0.0004
-1.3091 3.3828 0.0007
-4.4686 -1.6356 0.0000
-4.7565 -1.7383 0.0000
1.2386 -4.0451 0.0001
1.0450 -4.2420 0.0001
0.9339 -4.5248 0.0000
-3.0113 2.9976 0.0011
-3.2241 3.1099 0.0005
-3.3788 2.8796 0.0005
-3.6105 2.6719 0.0003
-0.9430 1.1207 0.0247
-1.1111 0.9895 0.0314
-2.8943 -3.2287 0.0010
-3.1729 -3.3092 0.0006
-3.2550 -3.5928 0.0003
-3.0111 1.9401 0.0086
-3.2074 1.7384 0.0073
0.6064 -4.5279 0.0000
0.4571 -4.7568 0.0000
3.8834 -1.0766 0.0008
-1.6448 -3.5105 0.0005
-1.9367 -3.6185 0.0004
-4.7855 4.7757 0.0000
2.9139 -1.6853 0.0148
3.8000 1.6642 0.0010
4.0708 -4.5469 0.0000
-0.8163 -0.5654 0.0348
-1.1292 -0.4041 0.0463
-3.1095 -4.0556 0.0001
-3.1408 -4.3254 0.0000
-3.4131 -4.4414 0.0000
-3.4734 -4.6543 0.0000
-3.6410 -4.7831 0.0000
1.6482 -0.5978 0.0554
1.7481 -0.7203 0.0549
1.6222 -0.8244 0.0477
1.4689 -0.9188 0.0402
4.2483 -2.9330 0.0000
4.2335 -3.2388 0.0000
-1.0058 -0.5299 0.0402
-3.1406 1.4643 0.0124
-3.3310 1.2869 0.0087
-3.5236 1.1067 0.0051
1.3922 -1.3529 0.0254
1.3400 -1.6152 0.0178
1.1726 -1.7992 0.0122
1.7091 3.3975 0.0007
1.6514 3.1362 0.0013
0.1253 -0.2642 0.0291
0.0501 -0.4470 0.0273
-0.1377 -0.3624 0.0287
-0.2372 -0.5286 0.0273
1.7237 0.6846 0.0555
1.6601 0.5201 0.0582
1.5787 0.3956 0.0581
-1.6355 3.7536 0.0003
-3.0480 -3.7832 0.0002
0.5979 -1.1260 0.0193
0.6043 -1.3659 0.0149
0.3608 -1.3150 0.0146
0.1912 -1.5221 0.0110
-1.0420 0.0208 0.0469
-1.0487 0.2215 0.0461
-1.2097 0.0813 0.0525
-1.1918 -0.0921 0.0519
1.3732 -4.7494 0.0000
1.4587 1.9082 0.0129
1.2629 1.7652 0.0140
1.1782 1.5480 0.0178
0.3143 -0.8526 0.0223
-3.3591 -2.8221 0.0009
-3.3802 -3.0964 0.0005
-3.7540 4.5514 0.0000
-3.8880 4.3573 0.0000
0.1265 2.6048 0.0016
-0.0992 2.4499 0.0023
4.5878 1.5760 0.0000
-1.3969 0.3297 0.0570
-1.5488 0.3731 0.0624
-1.5509 0.2171 0.0652
-1.6980 0.2585 0.0709
-1.8049 0.1558 0.0766
3.0996 2.6669 0.0023
3.6737 -1.8236 0.0011
2.4756 -2.9317 0.0025
2.2671 -3.1768 0.0016
2.3509 -3.4409 0.0008
2.1560 -3.6266 0.0005
1.9415 -3.7274 0.0004
-2.2992 -1.0039 0.0555
-2.3568 -1.1844 0.0462
-2.2022 -1.2512 0.0436
-2.4196 -1.3786 0.0365
-2.6331 -1.4356 0.0300
-3.5962 4.7667 0.0000
3.2151 -4.0486 0.0000
3.1878 -4.4448 0.0000
1.9340 -1.9986 0.0151
1.8721 -2.2464 0.0098
0.4985 -2.5845 0.0020
0.5903 -2.8548 0.0012
0.2926 -2.8272 0.0011
0.2696 -4.1327 0.0001
0.1144 -4.3186 0.0000
-0.0233 -4.5260 0.0000
2.6921 3.3151 0.0010
2.4343 3.2231 0.0014
0.5489 -1.8478 0.0075
0.3557 -2.0401 0.0051
3.3730 -3.8592 0.0000
2.9772 -3.9178 0.0001
0.1528 -2.2314 0.0035
-0.0361 -2.4196 0.0024
-3.4100 -0.3870 0.0128
-3.5816 -0.5873 0.0061
-3.7536 -0.7987 0.0025
-3.3116 -0.6407 0.0163
-3.4734 -0.8391 0.0083
-3.6599 -1.0553 0.0033
1.2144 -2.9742 0.0016
1.4199 -3.1615 0.0012
1.0020 2.4832 0.0034
0.7284 2.1865 0.0051
1.4198 4.7284 0.0000
1.2101 4.5406 0.0000
-4.5267 -1.8891 0.0000
-4.1693 -0.4961 0.0002
-2.5604 -1.9142 0.0161
-2.6665 -2.1552 0.0100
-2.9369 -2.1869 0.0069
2.3047 0.2991 0.0753
2.2985 0.1538 0.0774
2.3140 0.0138 0.0781
2.2160 -0.0727 0.0785
-1.3560 -0.0216 0.0584
-1.3826 -0.1972 0.0586
-1.5043 -0.1080 0.0644
-1.5933 -0.2151 0.0673
-1.6709 -0.3277 0.0688
-3.8909 0.2087 0.0013
2.7741 -4.3651 0.0000
2.5844 -4.5363 0.0000
-2.1743 -0.5822 0.0748
0.7113 0.7659 0.0286
0.4787 0.6893 0.0274
1.0187 -1.6330 0.0136
0.8430 -1.7915 0.0097
0.9867 -1.9887 0.0080
0.7188 -2.0433 0.0061
0.5468 -2.1942 0.0042
-2.1286 1.7453 0.0242
-2.3041 1.6139 0.0290
-2.2606 1.3921 0.0384
-2.4750 1.4461 0.0337
3.1048 -3.4084 0.0003
2.7907 -3.3757 0.0007
2.5977 -3.5567 0.0005
-1.2530 0.2247 0.0530
-1.3986 0.1458 0.0595
-1.5276 0.0449 0.0656
-1.6620 -0.0618 0.0715
0.4427 -1.5796 0.0107
0.2698 -1.7850 0.0076
-0.3155 -0.2284 0.0312
-0.4232 -0.4180 0.0305
-0.4321 -0.6612 0.0270
-1.9724 3.6598 0.0005
-0.2657 -2.5668 0.0018
-0.4808 -2.7930 0.0012
-1.0488 3.2765 0.0007
-1.3116 3.1261 0.0012
-1.2546 2.8452 0.0022
-1.5376 2.9512 0.0021
-1.4841 2.6848 0.0035
4.2535 4.0354 0.0000
4.2412 3.7149 0.0000
-2.3232 -2.7086 0.0041
-2.3447 -2.9870 0.0023
-2.5863 -2.8507 0.0028
4.4781 -0.9576 0.0000
1.5604 2.6214 0.0039
1.5050 2.3599 0.0062
1.4317 2.1121 0.0091
1.1681 2.0051 0.0092
4.7442 4.4925 0.0000
4.7544 0.1340 0.0000
-1.1585 1.9720 0.0096
-1.3861 2.0985 0.0095
-1.4033 1.8320 0.0145
-4.7650 -2.0414 0.0000
1.8763 -0.2412 0.0709
1.7845 -0.3569 0.0659
-2.1421 -0.7083 0.0695
-2.2412 -0.8123 0.0650
2.0044 -1.7463 0.0224
1.6613 -2.0438 0.0122
1.4293 -2.1582 0.0087
1.6685 -4.2238 0.0001
1.5169 -4.4940 0.0000
-3.1716 0.0756 0.0284
-3.3933 0.0549 0.0142
-3.5233 -0.1478 0.0086
-3.6971 -0.3369 0.0038
0.0647 -1.9804 0.0054
-0.2011 -1.8935 0.0065
4.7458 3.9180 0.0000
4.7677 3.6278 0.0000
4.2442 -0.2094 0.0001
4.2312 -0.4922 0.0001
3.9867 -0.5923 0.0006
1.5950 1.4107 0.0275
0.6297 -0.6496 0.0284
0.4131 -0.6471 0.0262
-2.6509 1.3277 0.0339
-2.8083 1.1692 0.0331
-2.9424 1.0018 0.0310
-2.8574 0.8057 0.0417
2.3977 -0.7833 0.0597
2.2578 -0.6890 0.0648
0.3773 3.2916 0.0003
0.2203 3.0779 0.0005
-1.5498 3.4458 0.0007
-1.5999 3.2156 0.0012
-1.8770 3.2957 0.0012
-2.0917 3.4439 0.0008
-2.1633 3.1870 0.0015
2.8992 3.5095 0.0005
2.6153 3.5525 0.0006
1.0027 -3.9320 0.0002
0.7621 -4.0627 0.0001
0.7724 -4.3287 0.0000
0.4979 -4.2567 0.0001
0.5127 1.6704 0.0106
0.3102 1.5224 0.0120
0.5878 1.4142 0.0152
0.3841 1.2695 0.0166
0.1576 1.2827 0.0156
3.6552 -3.4282 0.0000
3.3614 -3.5181 0.0001
-3.7133 -1.5533 0.0017
-3.9776 -1.5472 0.0004
-4.1808 -1.7632 0.0001
-4.3106 -1.9920 0.0000
4.5067 1.3087 0.0000
4.1918 1.3147 0.0001
4.2830 -2.6425 0.0000
4.0210 -2.7580 0.0000
-0.7535 -0.1805 0.0384
-0.9088 -0.3425 0.0406
4.4612 3.1365 0.0000
2.6341 -2.0836 0.0116
-3.1214 3.3383 0.0004
-2.4205 0.1324 0.0831
-2.5220 0.0629 0.0793
-2.5358 -0.0596 0.0786
-2.6782 -0.0483 0.0698
-2.7332 -0.1934 0.0647
-2.8811 -0.1817 0.0526
-3.0265 -0.2956 0.0392
-3.2459 -0.1806 0.0229
-3.1692 -0.4426 0.0267
-2.5310 2.0630 0.0134
-2.7642 2.0629 0.0106
-2.7730 1.8110 0.0157
-0.2714 -0.0013 0.0319
-0.4882 -0.0532 0.0342
-0.7319 0.6679 0.0317
-0.8003 0.4905 0.0361
-4.7655 4.2042 0.0000
1.3814 1.4870 0.0219
1.3863 1.2648 0.0283
1.1554 1.3172 0.0231
-0.6596 1.7263 0.0098
-0.6946 1.4906 0.0139
4.0041 1.1482 0.0005
3.1425 -1.8323 0.0075
1.8383 -0.0987 0.0711
1.7321 -0.1796 0.0667
1.6274 -0.2650 0.0617
1.4755 -0.3233 0.0552
1.3101 -0.3861 0.0483
1.1399 -0.4687 0.0417
1.0261 -0.5839 0.0367
0.8915 -0.6288 0.0330
0.3284 -0.3630 0.0291
0.2357 -0.5388 0.0266
0.1535 -0.7282 0.0237
-0.0392 -0.6277 0.0251
-0.0131 -0.8802 0.0212
3.7604 2.2144 0.0006
3.7388 1.9567 0.0010
3.4864 2.0091 0.0024
2.6938 4.2470 0.0001
2.4047 4.2725 0.0001
-2.4080 4.7404 0.0000
-2.7082 4.7504 0.0000
4.3406 1.5453 0.0000
0.6800 0.5652 0.0314
0.4805 0.4597 0.0303
0.2897 0.3320 0.0301
1.6993 3.9631 0.0001
1.4732 3.8625 0.0001
-1.4187 -0.6760 0.0498
-1.5733 -0.7384 0.0532
-1.7036 -0.8053 0.0551
-2.2264 0.9389 0.0599
-2.3618 0.8713 0.0619
-2.1493 0.8118 0.0656
-2.2773 0.7412 0.0687
-2.4518 0.7333 0.0657
-2.3698 0.6159 0.0725
-2.4779 0.5217 0.0726
-2.5660 0.6450 0.0645
-2.6176 0.4955 0.0666
4.5486 -1.9207 0.0000
4.3318 -2.0588 0.0000
4.5409 -2.5145 0.0000
4.3171 -2.3530 0.0000
4.7691 -3.8724 0.0000
-1.4865 -0.3235 0.0612
-1.6116 -0.4354 0.0639
-1.6290 -0.5978 0.0600
-1.7646 -0.4864 0.0685
-3.8776 -2.6447 0.0002
1.2003 -3.3027 0.0008
1.0831 -3.5643 0.0004
0.9139 -3.7142 0.0002
0.7111 -3.5324 0.0003
0.4292 -3.6457 0.0002
0.6832 -3.8069 0.0002
0.4742 -3.9572 0.0001
-1.2821 -1.2493 0.0273
-1.4811 -1.3258 0.0289
1.5864 4.4901 0.0000
1.3373 4.3554 0.0000
-2.7430 3.7428 0.0003
-2.8945 3.5285 0.0004
2.0037 2.2425 0.0097
1.9417 1.9875 0.0147
1.9086 1.7305 0.0213
-2.7965 4.2619 0.0000
-2.9257 4.0324 0.0001
2.4134 2.9541 0.0025
2.3464 2.7193 0.0041
2.0739 1.3643 0.0358
1.9576 1.2028 0.0411
3.8099 2.4664 0.0004
3.5590 2.5076 0.0009
3.5181 2.2569 0.0015
3.2394 2.1547 0.0040
3.0291 2.3937 0.0042
2.9557 2.1509 0.0071
2.5225 -1.1972 0.0404
2.3338 -1.3119 0.0388
2.1459 -1.3603 0.0371
2.5454 -1.4002 0.0322
2.3845 -1.5084 0.0307
2.2023 -1.5523 0.0298
2.2497 -1.7389 0.0234
-0.7971 1.2953 0.0187
1.6922 1.8658 0.0158
1.4926 1.6686 0.0186
3.3867 0.7409 0.0118
3.0901 0.9350 0.0237
3.1460 0.7156 0.0239
3.2573 0.4933 0.0198
2.9045 0.8290 0.0362
2.9392 0.6836 0.0374
2.8154 0.5795 0.0476
2.8071 0.4254 0.0512
3.1392 0.2711 0.0289
3.0177 0.4816 0.0355
2.9275 0.2769 0.0445
-3.6389 -2.8802 0.0004
-3.8968 -2.9349 0.0001
2.2565 4.0107 0.0002
1.9280 4.0557 0.0001
2.9784 4.7619 0.0000
-1.9820 -2.0357 0.0137
-4.5461 -0.1968 0.0000
-4.7747 -0.1373 0.0000
-3.9044 -4.2149 0.0000
-4.2153 -4.4444 0.0000
-3.9795 -4.4580 0.0000
-3.9337 -4.7354 0.0000
-4.2177 -4.7302 0.0000
-0.2123 4.2390 0.0000
0.9917 1.7358 0.0124
0.7665 1.5839 0.0134
4.0177 3.8779 0.0000
3.8542 3.7007 0.0000
-4.7331 -4.4911 0.0000
4.4796 -4.5402 0.0000
4.2301 -4.7523 0.0000
2.0060 1.0031 0.0501
2.0271 0.8207 0.0578
1.8494 0.8876 0.0518
-2.3926 -3.2722 0.0012
-2.6240 -3.1281 0.0015
-2.6692 -3.4273 0.0008
3.4567 3.0061 0.0005
3.3792 2.7303 0.0011
0.2759 4.2361 0.0000
-0.0049 4.0587 0.0001
1.2187 -4.4969 0.0000
4.5160 1.8306 0.0000
-2.2984 2.6910 0.0046
-2.5843 2.5632 0.0051
3.1104 -2.1085 0.0053
2.8520 -2.2356 0.0070
2.8117 -2.5150 0.0044
2.5480 -2.6336 0.0046
4.6133 0.6794 0.0000
4.4490 0.5147 0.0000
-3.8249 -3.6971 0.0000
-3.9699 -3.9484 0.0000
-1.8527 -4.3907 0.0000
-2.1088 -4.4976 0.0000
-2.1057 -4.7579 0.0000
-4.5206 -2.1825 0.0000
-4.7530 -2.3471 0.0000
-1.5302 -1.8411 0.0147
-1.6441 -2.1877 0.0089
-2.6152 -4.2790 0.0001
-2.6240 -4.5293 0.0000
-2.3515 -4.4428 0.0000
-2.3778 -4.7270 0.0000
-2.6777 -4.7693 0.0000
-2.8826 -4.5012 0.0000
-2.9609 -4.7650 0.0000
-0.6358 3.6450 0.0002
-0.5491 3.3594 0.0004
-0.6063 -4.5089 0.0000
-0.8235 -4.3759 0.0000
-0.4555 -4.7578 0.0000
-0.7451 -4.7671 0.0000
-0.9043 -4.6119 0.0000
-1.0878 -4.7755 0.0000
-0.6419 0.1864 0.0364
-0.6729 -0.0112 0.0374
-0.9564 0.6403 0.0366
-1.0061 0.4288 0.0420
-1.1657 0.5730 0.0438
-1.1982 0.3816 0.0487
1.5303 0.2222 0.0589
1.4957 0.0433 0.0586
1.3247 -0.0087 0.0523
1.4929 -0.1400 0.0580
1.3164 -0.1956 0.0510
1.1326 -0.2716 0.0444
-3.7504 0.4447 0.0027
4.2219 4.6910 0.0000
3.9988 4.4727 0.0000
-3.4435 -1.5339 0.0050
-3.5636 -1.8017 0.0024
-3.3459 -3.8755 0.0001
-3.3924 -4.1520 0.0001
-0.6915 2.0081 0.0064
-0.9135 1.8569 0.0095
-3.7473 1.9242 0.0006
-3.4768 1.8244 0.0026
-3.6955 1.6378 0.0013
-3.9806 3.0388 0.0000
-4.2617 3.0171 0.0000
-4.4422 2.7916 0.0000
-4.7518 2.9923 0.0000
-4.7226 2.7168 0.0000
3.8720 1.3730 0.0009
3.2924 -0.6081 0.0166
2.5190 0.6561 0.0605
2.3720 0.5746 0.0671
2.2676 0.6889 0.0643
2.1981 0.5422 0.0695
2.0748 0.4680 0.0707
1.9348 0.4298 0.0688
1.8712 0.2925 0.0699
2.3180 0.4433 0.0718
2.1812 0.3758 0.0740
2.0390 0.3038 0.0739
2.0749 0.1506 0.0767
1.9473 0.1736 0.0738
2.0561 3.8522 0.0002
1.8265 3.7430 0.0003
4.7563 2.0086 0.0000
-4.4904 2.0473 0.0000
-4.4777 1.7800 0.0000
3.9508 -4.3440 0.0000
3.7606 -4.5271 0.0000
-0.0605 -1.4521 0.0120
-4.7367 1.9459 0.0000
-4.7485 1.6717 0.0000
-4.7652 -3.6126 0.0000
0.8211 2.9820 0.0009
0.5905 2.7482 0.0014
-4.2838 -3.5095 0.0000
-0.2312 3.3436 0.0003
-0.5969 -1.5758 0.0119
-0.8091 -1.7044 0.0112
-1.6680 0.1020 0.0714
-1.7959 0.0313 0.0771
-1.8044 -0.0859 0.0773
4.4802 2.0832 0.0000
4.2297 2.0696 0.0001
4.2699 1.8003 0.0001
-3.9125 4.7583 0.0000
-4.2197 4.7594 0.0000
-1.1932 1.4683 0.0201
-2.5457 0.8655 0.0568
-2.6702 0.7634 0.0548
-2.7734 0.6085 0.0532
-4.7126 4.5041 0.0000
4.7793 -2.3612 0.0000
4.7670 -2.6752 0.0000
4.5158 -2.8070 0.0000
-4.2143 1.6844 0.0000
-4.2381 1.4195 0.0001
1.2184 -0.9206 0.0335
1.0508 -1.0576 0.0266
1.0176 -1.2808 0.0208
0.8129 -1.2210 0.0195
0.8686 -1.4634 0.0153
0.6926 -1.6136 0.0114
-1.6612 0.5322 0.0630
-1.6859 0.3943 0.0676
-1.8146 0.4001 0.0725
-1.8404 0.2855 0.0760
-1.9682 0.3086 0.0798
0.7212 -3.1372 0.0008
0.5448 -3.3390 0.0004
-1.7015 4.7743 0.0000
-3.2531 0.7106 0.0181
-3.4107 0.5285 0.0117
-3.5512 0.3287 0.0072
-3.6818 2.9432 0.0001
-3.8845 2.7348 0.0001
-4.1565 2.7578 0.0000
-4.2221 2.5053 0.0000
-1.6558 -1.1793 0.0384
-1.6731 -1.4065 0.0299
0.1460 2.3065 0.0031
3.9091 -4.7578 0.0000
3.3642 -0.1891 0.0152
3.1153 -0.1513 0.0310
2.9665 -0.3282 0.0408
2.8704 -0.4979 0.0453
3.0594 -0.5557 0.0312
2.8987 -0.7116 0.0390
0.7690 -0.0660 0.0368
0.7647 -0.4898 0.0329
0.7311 -0.2707 0.0349
0.5346 -0.4427 0.0302
4.7704 -1.3982 0.0000
3.9169 4.7581 0.0000
3.7389 4.5477 0.0000
-0.1427 4.7865 0.0000
-0.1339 4.5266 0.0000
-0.4359 4.4216 0.0000
-4.2570 -3.8826 0.0000
-4.7439 -3.8992 0.0000
-3.9336 1.4557 0.0004
-4.0880 1.2213 0.0002
-3.9973 0.9558 0.0005
-2.1211 -1.8086 0.0206
-2.3843 -1.8071 0.0206
-2.2436 -1.9918 0.0156
-2.4119 -2.1260 0.0121
-2.7190 3.0375 0.0016
-2.8276 2.7687 0.0025
-2.8834 2.5209 0.0039
-1.8652 -3.0159 0.0019
-2.1159 -3.1330 0.0016
-2.1648 -3.4244 0.0008
-2.2074 -3.6945 0.0004
3.1673 2.9455 0.0012
3.7610 -2.8716 0.0001
3.7165 -3.1554 0.0001
-1.1318 -2.7430 0.0021
-1.3301 -2.8909 0.0018
-1.4143 -3.2478 0.0008
4.0652 1.5818 0.0003
4.0057 4.1824 0.0000
3.7778 4.0154 0.0000
1.0127 -3.1104 0.0010
-0.9137 1.5994 0.0138
-0.9853 1.3940 0.0188
-3.9639 2.4847 0.0001
-4.0027 2.2356 0.0001
-4.2457 2.2454 0.0000
-4.1841 -2.5655 0.0000
-4.4456 -2.7348 0.0000
0.3117 -4.4874 0.0000
0.1556 -4.7403 0.0000
-1.8294 3.0353 0.0021
-2.0520 2.9488 0.0026
-2.3139 2.9516 0.0026
-2.5492 2.8365 0.0030
-0.9444 4.5398 0.0000
-1.2476 4.4675 0.0000
4.0361 0.5096 0.0006
3.9622 0.2241 0.0009
0.3655 1.8371 0.0078
0.0352 2.0026 0.0054
-0.1258 1.7336 0.0083
0.1549 1.7526 0.0083
0.0380 1.5099 0.0116
-2.2855 2.1600 0.0126
-2.9158 4.5016 0.0000
3.3727 -1.9731 0.0031
2.8888 -1.9596 0.0104
-0.1644 0.7457 0.0249
-0.2954 0.5589 0.0283
-0.1276 0.4419 0.0288
-0.4100 0.3694 0.0316
2.1380 -2.1803 0.0118
4.6986 -3.5939 0.0000
-3.0103 4.7525 0.0000
-1.4052 1.3329 0.0277
-4.0269 -0.7564 0.0005
-4.2058 -0.9691 0.0002
-4.2979 -0.7302 0.0001
-4.4789 -1.0230 0.0000
1.8115 -0.5403 0.0624
2.5474 1.5802 0.0256
2.6729 1.3875 0.0293
2.7194 1.1837 0.0346
2.4718 1.3745 0.0341
2.3092 1.2393 0.0413
1.6509 -4.7471 0.0000
2.8992 2.8798 0.0021
-0.2539 -1.0022 0.0198
-0.3989 -1.1661 0.0177
1.7874 -1.1390 0.0409
1.6308 -1.0297 0.0410
1.5096 -1.1808 0.0330
-0.6083 -1.0439 0.0217
-0.6008 -1.3129 0.0164
2.0957 -0.4341 0.0721
1.9831 -0.5658 0.0663
-1.2424 -3.8632 0.0001
-1.5305 -4.0205 0.0001
-1.8203 -4.1026 0.0001
-0.4576 -1.7625 0.0087
-0.6749 -1.8997 0.0078
-0.9047 -2.0183 0.0073
-1.1202 0.7706 0.0375
-1.2898 0.8819 0.0391
-1.3455 0.6922 0.0464
-1.5314 0.6782 0.0535
-1.3513 0.5025 0.0517
-1.5030 0.5139 0.0572
-3.6223 1.3709 0.0025
-3.8111 1.1766 0.0012
-4.5113 0.6302 0.0000
-4.7513 0.4589 0.0000
-4.1479 -2.8514 0.0000
-4.1480 -3.1539 0.0000
4.0312 -0.8440 0.0004
1.4374 1.0417 0.0362
1.2152 1.0918 0.0300
1.0452 0.9209 0.0309
-4.5481 4.0289 0.0000
-1.1549 1.2296 0.0256
-1.3307 1.0893 0.0337
-0.4509 1.8929 0.0069
-0.3913 1.6676 0.0096
-3.3734 4.2238 0.0000
-3.5291 3.9792 0.0000
-3.8305 3.9836 0.0000
0.2815 4.0100 0.0001
0.1044 3.7948 0.0001
-0.1902 3.8654 0.0001
-0.0630 3.5755 0.0002
-2.3566 4.4312 0.0000
-2.6834 3.9729 0.0001
-4.5207 4.7593 0.0000
-4.3890 4.5348 0.0000
-3.7905 -2.1058 0.0006
-3.7212 -2.3742 0.0006
2.9120 -0.1115 0.0468
2.7913 -0.2470 0.0548
2.7335 -0.4071 0.0563
2.5838 -0.4224 0.0645
2.5330 -0.5348 0.0639
2.3937 -0.6107 0.0659
-3.2476 1.0303 0.0145
-3.4277 0.8504 0.0091
-0.6966 4.2350 0.0001
-0.6847 3.9495 0.0001
-4.6286 -3.1475 0.0000
-1.9237 -0.0626 0.0817
-2.0459 -0.0220 0.0851
-2.0178 -0.1459 0.0837
-2.1599 -0.0936 0.0864
-2.0216 -0.2699 0.0819
-2.1204 -0.2054 0.0848
-2.2390 -0.2156 0.0852
-2.1573 -0.3153 0.0830
-4.4716 1.2275 0.0000
-4.7427 1.0824 0.0000
-4.7570 0.7751 0.0000
-1.8207 0.5350 0.0689
-1.9478 0.4386 0.0759
-2.0726 0.3869 0.0803
-0.3801 -3.7246 0.0001
-0.5723 -3.9275 0.0001
-0.7613 -4.1160 0.0000
1.8054 1.0755 0.0436
1.6104 1.1893 0.0353
1.6386 0.9885 0.0429
0.7008 2.4550 0.0029
1.0548 0.5301 0.0392
0.6949 0.3385 0.0341
0.4728 0.2368 0.0320
0.7926 0.1336 0.0371
0.6193 0.1302 0.0341
0.5721 -0.0412 0.0335
0.5186 -0.2189 0.0321
-4.5620 -3.4533 0.0000
2.1919 -2.9255 0.0028
1.9722 -3.1011 0.0019
2.0480 -3.3880 0.0010
1.7814 -3.2810 0.0012
1.5564 -3.3790 0.0008
1.3623 -3.5189 0.0005
1.3531 0.1710 0.0528
1.1545 0.1500 0.0463
1.1448 -0.0684 0.0462
0.9754 0.0497 0.0416
0.9510 -0.1672 0.0403
0.9425 -0.3811 0.0380
0.4587 2.2727 0.0037
3.5318 1.7319 0.0029
3.3120 1.5318 0.0076
3.3928 1.2584 0.0078
3.1509 1.2079 0.0164
2.9384 1.1293 0.0271
2.8484 0.9686 0.0357
-0.2183 -2.8675 0.0009
-0.1590 -3.1572 0.0005
-0.4254 -3.0749 0.0006
-0.6952 -3.0004 0.0008
-0.6342 -3.2786 0.0004
2.0217 0.0459 0.0764
1.9103 0.0265 0.0736
1.8038 0.1522 0.0696
1.7599 0.0078 0.0687
1.6361 -0.0671 0.0639
4.7635 4.7574 0.0000
-0.4976 -4.2408 0.0000
-0.3215 -4.5066 0.0000
4.0525 3.5009 0.0000
3.8940 3.2471 0.0001
0.2789 2.0657 0.0051
-4.0058 1.9866 0.0001
-4.2422 1.9682 0.0000
1.9368 3.5206 0.0006
-3.8085 -0.0748 0.0022
-3.9893 -0.2801 0.0008
-4.1937 -4.1677 0.0000
-4.4884 -4.0283 0.0000
-4.4745 -4.2973 0.0000
3.9882 2.9674 0.0001
3.9696 2.7120 0.0001
4.1557 0.9474 0.0002
3.8270 0.9834 0.0015
-3.8546 -1.8239 0.0006
-4.0521 -2.0470 0.0002
3.6196 3.8157 0.0001
