5.0000 5.0000 0.0000
0.0000 5.0000 0.0000
2.5000 5.0000 0.0000
3.7500 5.0000 0.0000
4.3750 5.0000 0.0000
4.6875 5.0000 0.0000
4.0625 5.0000 0.0000
3.1250 5.0000 0.0000
3.4375 5.0000 0.0000
2.8125 5.0000 0.0000
1.2500 5.0000 0.0000
1.8750 5.0000 0.0000
2.1875 5.0000 0.0000
1.5625 5.0000 0.0000
0.6250 5.0000 0.0000
0.9375 5.0000 0.0000
0.3125 5.0000 0.0000
-2.5000 5.0000 0.0000
-1.2500 5.0000 0.0000
-0.6250 5.0000 0.0000
-0.3125 5.0000 0.0000
-0.9375 5.0000 0.0000
-1.8750 5.0000 0.0000
-1.5625 5.0000 0.0000
-2.1875 5.0000 0.0000
-3.7500 5.0000 0.0000
-3.1250 5.0000 0.0000
-2.8125 5.0000 0.0000
-3.4375 5.0000 0.0000
-4.3750 5.0000 0.0000
-4.0625 5.0000 0.0000
-4.6875 5.0000 0.0000
5.0000 -5.0000 0.0000
5.0000 0.0000 0.0000
5.0000 -2.5000 0.0000
5.0000 -3.7500 0.0000
5.0000 -4.3750 0.0000
5.0000 -4.6875 0.0000
5.0000 -4.0625 0.0000
5.0000 -3.1250 0.0000
5.0000 -3.4375 0.0000
5.0000 -2.8125 0.0000
5.0000 -1.2500 0.0000
5.0000 -1.8750 0.0000
5.0000 -2.1875 0.0000
5.0000 -1.5625 0.0000
5.0000 -0.6250 0.0000
5.0000 -0.9375 0.0000
5.0000 -0.3125 0.0000
5.0000 2.5000 0.0000
5.0000 1.2500 0.0000
5.0000 0.6250 0.0000
5.0000 0.3125 0.0000
5.0000 0.9375 0.0000
5.0000 1.8750 0.0000
5.0000 1.5625 0.0000
5.0000 2.1875 0.0000
5.0000 3.7500 0.0000
5.0000 3.1250 0.0000
5.0000 2.8125 0.0000
5.0000 3.4375 0.0000
5.0000 4.3750 0.0000
5.0000 4.0625 0.0000
5.0000 4.6875 0.0000
-5.0000 -5.0000 0.0000
0.0000 -5.0000 0.0000
-2.5000 -5.0000 0.0000
-3.7500 -5.0000 0.0000
-4.3750 -5.0000 0.0000
-4.6875 -5.0000 0.0000
-4.0625 -5.0000 0.0000
-3.1250 -5.0000 0.0000
-3.4375 -5.0000 0.0000
-2.8125 -5.0000 0.0000
-1.2500 -5.0000 0.0000
-1.8750 -5.0000 0.0000
-2.1875 -5.0000 0.0000
-1.5625 -5.0000 0.0000
-0.6250 -5.0000 0.0000
-0.9375 -5.0000 0.0000
-0.3125 -5.0000 0.0000
2.5000 -5.0000 0.0000
1.2500 -5.0000 0.0000
0.6250 -5.0000 0.0000
0.3125 -5.0000 0.0000
0.9375 -5.0000 0.0000
1.8750 -5.0000 0.0000
1.5625 -5.0000 0.0000
2.1875 -5.0000 0.0000
3.7500 -5.0000 0.0000
3.1250 -5.0000 0.0000
2.8125 -5.0000 0.0000
3.4375 -5.0000 0.0000
4.3750 -5.0000 0.0000
4.0625 -5.0000 0.0000
4.6875 -5.0000 0.0000
-5.0000 5.0000 0.0000
-5.0000 0.0000 0.0000
-5.0000 2.5000 0.0000
-5.0000 3.7500 0.0000
-5.0000 4.3750 0.0000
-5.0000 4.6875 0.0000
-5.0000 4.0625 0.0000
-5.0000 3.1250 0.0000
-5.0000 3.4375 0.0000
-5.0000 2.8125 0.0000
-5.0000 1.2500 0.0000
-5.0000 1.8750 0.0000
-5.0000 2.1875 0.0000
-5.0000 1.5625 0.0000
-5.0000 0.6250 0.0000
-5.0000 0.9375 0.0000
-5.0000 0.3125 0.0000
-5.0000 -2.5000 0.0000
-5.0000 -1.2500 0.0000
-5.0000 -0.6250 0.0000
-5.0000 -0.3125 0.0000
-5.0000 -0.9375 0.0000
-5.0000 -1.8750 0.0000
-5.0000 -1.5625 0.0000
-5.0000 -2.1875 0.0000
-5.0000 -3.7500 0.0000
-5.0000 -3.1250 0.0000
-5.0000 -2.8125 0.0000
-5.0000 -3.4375 0.0000
-5.0000 -4.3750 0.0000
-5.0000 -4.0625 0.0000
-5.0000 -4.6875 0.0000
-0.0372 1.4628 0.0168
-0.1194 1.3991 0.0178
-0.1186 1.2980 0.0240
-0.1969 1.3550 0.0180
-0.2479 1.2919 0.0201
-0.1910 1.2430 0.0251
-0.3310 1.1438 0.0272
-0.3166 1.3427 0.0156
-0.3192 1.2391 0.0212
-0.4099 1.2822 0.0166
-0.4040 1.1821 0.0224
-0.5139 1.2590 0.0159
-0.4743 1.2032 0.0195
-0.5197 1.1404 0.0221
-0.5896 1.2020 0.0174
-0.6095 1.1022 0.0226
-0.4412 1.0981 0.0270
-0.5360 1.0514 0.0277
-0.6068 0.9956 0.0300
-0.8967 -0.3078 0.1258
-0.9498 -0.4322 0.1213
-1.0240 -0.5899 0.1122
-1.0740 -0.3958 0.1361
-1.1337 -0.4975 0.1342
-1.1758 -0.6888 0.1174
-1.2329 -0.5493 0.1391
-1.3304 -0.6185 0.1417
-1.3621 -0.7818 0.1252
-2.9804 2.6279 0.0002
3.7468 -0.5405 0.0085
-2.8435 -2.8959 0.0007
-3.0311 -3.0386 0.0003
-3.2283 -3.2038 0.0001
-3.4417 -3.3670 0.0000
-3.4941 3.2849 0.0000
-4.0636 -3.7664 0.0000
-4.1651 -4.0368 0.0000
1.6476 2.0597 0.0349
-1.8737 3.7009 0.0000
-3.5030 3.5446 0.0000
3.5309 -2.9177 0.0012
3.6952 2.3793 0.0018
1.4173 -0.2984 0.0001
1.5840 -0.5219 0.0001
-4.7840 -4.7849 0.0000
1.0904 -4.7707 0.0001
-0.8498 1.5217 0.0062
-0.9717 1.4394 0.0080
-0.9536 1.3203 0.0109
-1.0564 1.3507 0.0103
-1.1142 1.2646 0.0131
-0.0287 -0.3187 0.0261
-0.2321 -0.5280 0.0252
-0.1642 -0.7962 0.0064
-0.4309 -0.7300 0.0243
0.0337 3.3682 0.0000
-3.0841 3.2021 0.0000
3.7569 0.9076 0.0067
4.7396 1.1351 0.0000
1.5116 -3.6444 0.0007
1.4041 -3.8556 0.0005
4.7389 2.3284 0.0000
4.4759 2.2293 0.0000
4.5358 1.9810 0.0000
4.2942 1.9197 0.0001
0.7990 -4.2813 0.0001
0.9398 -4.5237 0.0001
0.7844 -4.7616 0.0000
-2.1164 2.6988 0.0006
-2.4508 2.7660 0.0004
-2.6289 -0.2121 0.1072
3.9667 -0.4179 0.0029
-4.7485 -4.2127 0.0000
-0.7751 0.0457 0.1211
2.0834 -3.0239 0.0025
1.8893 -3.2466 0.0017
1.6452 -3.1652 0.0013
1.5882 -3.4086 0.0010
-4.5126 -4.3851 0.0000
-0.3767 0.4500 0.0935
-0.4439 0.3634 0.0993
-0.5384 0.3952 0.0952
-0.6106 0.3389 0.0991
-0.5271 0.2768 0.1050
-0.5707 0.1590 0.1116
-0.6283 0.2399 0.1075
-0.6711 0.1046 0.1161
0.3684 4.0276 0.0000
-3.1233 -4.4870 0.0000
-2.9879 -1.1545 0.0304
4.1158 1.7519 0.0005
-1.8749 2.5942 0.0008
-1.8278 2.2972 0.0018
-4.7549 4.1980 0.0000
-4.7579 3.8934 0.0000
-4.7601 3.5930 0.0000
-2.1740 -1.4252 0.0705
-3.4935 3.8304 0.0000
-0.1375 -3.8868 0.0001
0.3879 -2.9728 0.0002
0.2533 -3.2294 0.0001
-0.5353 -0.4666 0.0652
-0.7325 -0.3182 0.1082
-0.7948 -0.5300 0.0910
-0.9231 -0.7760 0.0729
0.4043 -2.2105 0.0001
-1.6716 4.2479 0.0000
-1.7731 3.9793 0.0000
-1.9621 4.2258 0.0000
-3.7128 -1.8916 0.0004
-3.9541 -2.0498 0.0001
-2.1907 -4.0577 0.0000
-3.2485 3.6900 0.0000
0.0355 -4.4771 0.0000
2.7259 -1.5960 0.0051
2.9886 -1.6936 0.0097
2.7466 -1.8967 0.0064
2.5334 -1.7565 0.0035
2.3769 -1.9200 0.0028
1.5176 3.9394 0.0000
1.0076 2.0993 0.0179
0.8971 1.9301 0.0235
0.6898 1.9591 0.0149
-2.7643 -1.9712 0.0131
-2.9520 -2.1635 0.0056
-3.2167 -2.1190 0.0029
-0.9372 -3.2284 0.0000
-0.8258 -3.4878 0.0000
-3.1702 1.0600 0.0060
3.6622 -3.4600 0.0001
-3.4938 -0.3079 0.0041
1.3651 -3.2074 0.0009
1.2033 -2.9616 0.0007
1.0817 -3.2398 0.0006
2.6834 3.1973 0.0035
2.5329 2.9786 0.0065
2.4059 2.7570 0.0112
2.3115 2.5270 0.0179
4.2575 -1.6656 0.0001
2.1806 1.2643 0.0241
1.9227 1.4500 0.0345
1.9091 1.1461 0.0219
1.6616 1.2659 0.0335
0.5700 1.2823 0.0564
0.4799 0.9347 0.0715
-0.7119 1.8493 0.0023
-0.9199 1.9812 0.0017
-0.7198 1.6394 0.0044
-0.8785 1.7273 0.0035
-0.9991 1.5899 0.0054
-2.6464 -1.4887 0.0427
-2.8400 -1.6784 0.0210
-3.0373 -1.8601 0.0088
-2.0908 0.0005 0.1456
-2.2091 -0.1148 0.1518
-2.2902 -0.1740 0.1503
-2.4073 -0.2971 0.1432
-2.3635 -0.1244 0.1406
-2.3816 -0.2084 0.1431
-2.4795 -0.2047 0.1305
-2.5277 -0.3182 0.1263
-1.7236 0.1246 0.1264
-1.8101 0.0842 0.1337
-1.9016 0.0537 0.1393
-1.8262 -0.0121 0.1456
-1.9188 -0.0424 0.1504
-1.9926 0.0295 0.1430
-2.0208 -0.0606 0.1525
-1.9522 -0.1241 0.1586
-2.0453 -0.1515 0.1604
-2.1210 -0.0866 0.1532
-2.1367 -0.1881 0.1605
-2.2168 -0.2100 0.1578
-2.2123 -0.2840 0.1617
-2.3045 -0.2745 0.1539
-2.3349 -0.3702 0.1533
-2.4377 -0.4012 0.1407
-2.5505 -0.4658 0.1228
1.1052 -4.2796 0.0002
-2.6906 -0.3793 0.0983
-2.7601 -0.5542 0.0836
4.2141 4.7524 0.0000
3.9151 4.7549 0.0000
-4.7553 -1.3957 0.0000
2.8793 -4.1922 0.0002
2.6050 -4.2346 0.0003
0.1750 1.3198 0.0352
0.0677 1.2794 0.0334
0.0541 1.1724 0.0420
-0.0451 1.1501 0.0390
0.0161 1.0805 0.0487
-0.1000 1.0958 0.0412
-0.1336 0.9974 0.0490
-0.0670 0.9322 0.0591
-0.1652 0.9156 0.0557
-0.2586 0.9096 0.0516
1.1143 4.7291 0.0000
0.9382 4.5272 0.0000
3.6305 -0.3113 0.0132
3.3511 -0.3978 0.0184
2.0726 -3.5549 0.0015
-0.4894 -1.7829 0.0001
-0.6385 -2.0536 0.0000
-0.7900 -2.3228 0.0000
-2.2572 -0.9066 0.1349
-2.4235 -0.8831 0.1206
-3.0168 -0.8802 0.0352
3.4649 -2.2158 0.0056
3.3366 -2.4348 0.0057
3.3097 -2.7334 0.0038
-0.6641 2.0740 0.0012
-1.1547 -1.5076 0.0145
-1.0444 -1.7884 0.0025
-1.3166 -1.7541 0.0087
-1.2029 -2.0294 0.0013
4.7803 4.7740 0.0000
4.7684 2.6302 0.0000
4.5089 2.5284 0.0000
-1.9340 -2.1521 0.0080
-2.1072 -2.3731 0.0043
-2.2630 -2.6098 0.0020
-3.2447 4.2669 0.0000
-2.8785 2.1157 0.0013
-3.0334 1.9116 0.0014
2.4787 -1.1264 0.0012
3.5222 3.1845 0.0008
2.0504 -0.7266 0.0002
1.7433 -0.7669 0.0001
-2.3521 -4.7656 0.0000
-4.2400 -0.3941 0.0000
-4.4968 -0.6038 0.0000
-4.7499 -0.7719 0.0000
-1.4574 -4.2813 0.0000
-1.7481 -4.3032 0.0000
-3.7082 -4.4697 0.0000
-3.8145 -4.7375 0.0000
4.7668 0.8119 0.0000
4.6001 0.6367 0.0000
4.7875 0.4800 0.0000
4.7490 0.2009 0.0000
-3.4062 -4.4991 0.0000
-3.5537 -4.7436 0.0000
2.6919 1.0830 0.0219
2.4411 1.1447 0.0204
2.3832 0.8984 0.0124
-1.4853 -3.7968 0.0000
-2.7241 4.2808 0.0000
4.2611 -3.3676 0.0000
4.0094 -3.5200 0.0000
1.4413 0.2591 0.0018
-3.3143 3.0784 0.0000
-3.4472 2.8219 0.0000
2.6638 2.6897 0.0111
2.5410 2.4399 0.0185
2.3162 2.2707 0.0259
3.4938 1.3113 0.0130
3.4666 0.4193 0.0190
-3.9209 1.3406 0.0000
-4.1895 1.2179 0.0000
2.4426 -3.9930 0.0007
1.3157 2.6027 0.0065
1.2254 2.3979 0.0109
1.2070 2.1911 0.0192
-0.9895 1.1577 0.0167
2.9615 2.1992 0.0166
-4.7568 -4.5112 0.0000
0.1445 -0.0682 0.0333
0.2289 -4.2315 0.0001
-0.0535 -4.1827 0.0001
-4.7204 1.2998 0.0000
0.9294 3.0490 0.0003
-4.5257 -4.7067 0.0000
-1.4714 1.3742 0.0129
-1.5161 1.5312 0.0094
-1.5081 1.2900 0.0160
-1.5908 1.2851 0.0173
-1.6859 1.3347 0.0169
-1.5813 1.1972 0.0207
-1.6676 1.2224 0.0210
-1.7643 1.2572 0.0211
-1.8812 1.2826 0.0218
-1.7264 1.1541 0.0253
-1.8209 1.1751 0.0259
-1.8631 1.0922 0.0313
-1.9250 1.1770 0.0276
-1.9464 1.0823 0.0335
-1.8522 1.0017 0.0368
-1.9425 0.9999 0.0388
-1.8124 0.9087 0.0424
-2.0319 1.0352 0.0379
-1.9106 0.9168 0.0442
-1.9664 0.8399 0.0517
-1.9402 0.7553 0.0586
-2.0337 0.7583 0.0604
-2.0848 0.6785 0.0689
-2.0135 0.9328 0.0451
-2.1199 0.8979 0.0493
-2.0591 0.8520 0.0524
-2.1262 0.7895 0.0587
1.2668 -1.3393 0.0001
2.6568 4.7502 0.0000
3.3831 -0.1098 0.0196
3.1272 -0.2401 0.0145
2.7787 -0.4027 0.0037
0.5825 -3.7203 0.0002
0.2953 1.2454 0.0478
0.4385 1.1406 0.0622
0.2682 1.0990 0.0593
0.3012 0.9665 0.0701
0.1512 0.9171 0.0697
4.1450 1.2641 0.0006
3.9808 1.0089 0.0020
-1.7008 0.6555 0.0614
-1.7868 0.6058 0.0692
-1.9139 0.4853 0.0864
-1.5260 0.6839 0.0539
-1.5542 0.6020 0.0628
-1.6155 0.6358 0.0609
-1.6694 0.5674 0.0697
-1.7406 0.5361 0.0753
-1.6054 0.5098 0.0743
-1.7175 0.4571 0.0838
-1.8189 0.5061 0.0812
-1.8146 0.4344 0.0896
-1.8902 0.4015 0.0958
-1.7845 0.6964 0.0599
-1.8809 0.6571 0.0666
-1.8744 0.5702 0.0756
-2.0393 0.3024 0.1109
-1.9450 0.3193 0.1073
-1.9741 0.6751 0.0672
-1.9583 0.5809 0.0767
-2.0057 0.5038 0.0864
-1.9889 0.4087 0.0972
-2.0376 0.6057 0.0757
-2.0890 0.5614 0.0813
-2.0860 0.4747 0.0909
-2.0760 0.3935 0.1003
-2.1746 0.4158 0.0978
-1.6531 0.4054 0.0881
-1.7673 0.3723 0.0958
-1.8501 0.3273 0.1039
-1.5902 0.3431 0.0942
-1.6290 0.2686 0.1050
-1.6952 0.3260 0.0994
-1.7053 0.2210 0.1134
-1.7806 0.2740 0.1087
-1.7989 0.1828 0.1210
-1.8800 0.2385 0.1159
-1.9689 0.2260 0.1193
-2.1238 0.2470 0.1177
-2.1374 0.3271 0.1082
-2.2082 0.2172 0.1197
-2.0515 0.1920 0.1243
-1.8866 0.1482 0.1275
-1.9725 0.1294 0.1312
-2.0615 0.0955 0.1356
-2.1426 0.1529 0.1283
-2.2225 0.3174 0.1081
-2.2925 0.2521 0.1128
-2.2872 0.1593 0.1227
-2.2294 0.0998 0.1315
-2.1494 0.0633 0.1379
-2.2032 -0.0113 0.1434
-2.3641 0.1195 0.1216
-2.3038 0.0397 0.1332
-2.2875 -0.0640 0.1430
-2.3766 -0.0339 0.1332
-2.4091 0.0497 0.1236
-2.4459 -0.1129 0.1307
-0.0260 1.3457 0.0242
-0.0287 1.2450 0.0316
-0.1138 1.2031 0.0312
-0.1696 1.1461 0.0334
-0.2449 1.1773 0.0279
-0.1784 1.0669 0.0400
-0.2636 1.0803 0.0349
-0.3656 1.0643 0.0322
-0.3093 0.9905 0.0410
-0.4027 0.9797 0.0380
-0.2217 0.9908 0.0452
-0.3497 0.9036 0.0477
-0.3829 0.8161 0.0554
-0.4712 1.0101 0.0328
-0.4448 0.8945 0.0444
-0.5295 0.8453 0.0458
3.9020 -0.1651 0.0044
-3.2704 2.5782 0.0000
-3.5610 2.5577 0.0000
-0.1612 3.1937 0.0000
-0.2381 2.9819 0.0000
-0.0540 2.8318 0.0001
-0.2256 2.6402 0.0002
2.4034 3.2542 0.0031
3.9700 1.5181 0.0014
3.6923 1.5050 0.0056
-0.9201 -2.0563 0.0002
-1.0835 -2.3014 0.0001
-1.2760 -2.5201 0.0001
-4.7461 1.7763 0.0000
-4.7507 1.5209 0.0000
-4.5299 3.4389 0.0000
-4.7579 3.2784 0.0000
-4.5190 3.1193 0.0000
-4.7620 2.9688 0.0000
4.4018 2.7784 0.0000
4.2618 2.4431 0.0001
2.2574 -0.9541 0.0004
2.1210 -1.1836 0.0004
1.0620 1.8361 0.0353
0.9722 1.6702 0.0432
0.7938 1.5510 0.0453
0.7824 1.7694 0.0293
0.6341 1.6375 0.0323
0.6069 1.4645 0.0442
-0.9965 -4.4878 0.0000
0.1586 4.7563 0.0000
1.1910 0.1932 0.0027
3.5213 3.7665 0.0002
3.3112 3.6646 0.0004
-0.2450 -4.4027 0.0000
-0.4922 -4.5300 0.0000
4.2774 -3.6571 0.0000
4.0490 -3.7868 0.0000
3.9761 -4.2498 0.0000
-1.1077 -4.7534 0.0000
1.3059 4.4874 0.0000
-0.2108 4.0464 0.0000
3.0960 -2.2828 0.0087
3.0694 -2.5751 0.0067
-0.4908 1.3471 0.0125
-0.5949 1.3092 0.0127
-0.6997 1.3264 0.0113
-0.7780 1.3027 0.0117
-0.8596 1.2923 0.0118
-0.6708 1.2517 0.0142
-0.7515 1.2204 0.0149
-0.8307 1.2101 0.0148
-0.6852 1.1552 0.0185
-0.7800 1.1178 0.0194
-0.8798 1.1410 0.0176
-0.8608 1.0496 0.0224
3.1569 0.8918 0.0243
-3.4697 -1.4479 0.0028
-3.5014 -1.7202 0.0016
2.9863 1.1620 0.0261
2.8875 0.8685 0.0211
2.7095 3.7480 0.0006
2.5762 3.4882 0.0015
0.7930 -2.6694 0.0003
0.9393 -2.9405 0.0005
0.8195 -3.2061 0.0004
0.6665 -2.9461 0.0003
4.2634 -1.4123 0.0001
4.2272 -1.1324 0.0002
4.0145 -1.3492 0.0011
-0.2063 3.7784 0.0000
-0.4650 3.6142 0.0000
-0.4566 3.9080 0.0000
-0.7115 3.7289 0.0000
-0.6259 3.4020 0.0000
-0.8496 3.5132 0.0000
-0.9696 3.2875 0.0000
0.6933 0.2413 0.0173
0.4508 0.1170 0.0239
-1.6888 -0.1367 0.1556
-1.7729 -0.1756 0.1611
-1.8384 -0.2336 0.1667
-1.9641 -0.3937 0.1746
-2.1155 -0.4955 0.1709
-1.7314 0.0215 0.1395
-1.7533 -0.0743 0.1509
-1.8445 -0.1099 0.1563
-1.8880 -0.1809 0.1632
-1.9660 -0.2177 0.1662
-1.9099 -0.2969 0.1712
-1.9993 -0.3040 0.1710
-2.0646 -0.3508 0.1714
-2.0620 -0.4369 0.1732
-2.1527 -0.3900 0.1686
-2.1907 -0.4689 0.1667
-2.2176 -0.5505 0.1634
-2.2454 -0.6410 0.1575
-1.5911 -0.2359 0.1611
-1.6778 -0.2230 0.1626
-1.7474 -0.2751 0.1678
-1.8228 -0.3184 0.1715
-1.7541 -0.3756 0.1724
-1.8625 -0.3922 0.1746
-1.8928 -0.4763 0.1757
-1.9906 -0.4901 0.1750
-2.0481 -0.5490 0.1726
-1.7948 -0.4663 0.1745
-1.8305 -0.5629 0.1734
-1.9296 -0.5541 0.1744
-1.9900 -0.6067 0.1719
-1.9881 -0.6973 0.1666
-2.0705 -0.6439 0.1680
-2.0791 -0.7439 0.1608
-2.1404 -0.5784 0.1677
-2.1634 -0.6701 0.1620
-2.1896 -0.7729 0.1528
-2.3461 -0.6172 0.1484
-2.3086 -0.7495 0.1447
-2.4567 -0.7119 0.1290
-2.3126 2.0049 0.0045
-2.5452 1.9237 0.0047
-2.5692 1.6581 0.0090
2.6174 0.8340 0.0143
2.4480 0.6014 0.0066
2.3701 0.3495 0.0027
0.3465 2.1466 0.0032
0.1238 2.0735 0.0025
0.2874 1.9368 0.0064
0.1290 1.8550 0.0060
-0.0020 1.7451 0.0069
-0.5602 0.7654 0.0530
-0.5257 0.9430 0.0367
-0.6130 0.8912 0.0385
-0.6312 0.8021 0.0464
-0.6162 0.6983 0.0582
-0.7103 0.8454 0.0399
-0.7976 0.7861 0.0433
-0.7025 0.7422 0.0503
-0.7698 0.6774 0.0552
-0.8334 0.6084 0.0612
-0.8990 0.5411 0.0675
4.5420 -3.7678 0.0000
4.3506 -3.9230 0.0000
0.9762 4.0891 0.0000
0.8777 3.8275 0.0000
-4.7636 -1.9943 0.0000
-0.4495 -3.1140 0.0000
0.5735 1.8019 0.0190
0.4792 1.6373 0.0254
0.3850 1.7917 0.0134
0.2186 1.7316 0.0115
0.3375 1.6344 0.0199
0.2061 1.5666 0.0190
0.1795 1.4455 0.0257
0.0679 1.5182 0.0171
-3.7352 -1.0338 0.0007
-3.7397 -1.3113 0.0006
-3.9938 -1.4638 0.0001
-1.5853 -4.5328 0.0000
-1.7302 -4.7661 0.0000
-2.4920 4.5886 0.0000
-4.4886 0.8424 0.0000
-4.5197 0.5640 0.0000
-4.7882 0.4738 0.0000
-4.6047 0.3109 0.0000
-4.7793 0.1464 0.0000
1.4219 -0.0340 0.0004
-0.1237 4.2717 0.0000
1.1083 4.3388 0.0000
-4.2995 0.4022 0.0000
-4.1178 0.1696 0.0000
-4.3090 -0.0885 0.0000
-4.0760 -0.1328 0.0000
-4.5122 -0.3021 0.0000
1.3832 -4.3522 0.0002
1.2307 -4.5437 0.0001
-0.5330 -4.7704 0.0000
-1.8382 1.5612 0.0117
-2.0897 1.8550 0.0067
-2.0289 1.6283 0.0113
-2.1908 1.5615 0.0137
-2.1382 1.3925 0.0196
-2.3842 -2.3247 0.0065
-2.5352 -2.5455 0.0030
-2.7686 -2.6379 0.0019
-3.0543 -2.6933 0.0010
0.9447 0.3639 0.0125
3.4022 3.4153 0.0007
3.1181 3.4283 0.0012
0.8632 -3.7461 0.0003
4.7502 3.2748 0.0000
4.5006 3.0806 0.0000
1.4465 -1.5757 0.0002
-2.5475 -1.0385 0.0909
-2.6491 -1.2210 0.0632
-2.8515 -1.3345 0.0357
2.5571 -2.1182 0.0048
2.2885 -2.1893 0.0030
2.3250 -2.4213 0.0037
2.1981 -2.6673 0.0032
2.3038 -2.8801 0.0035
-2.9681 3.8182 0.0000
4.7420 -4.2405 0.0000
-4.2494 -4.2796 0.0000
2.3439 4.7697 0.0000
2.0389 4.7911 0.0000
1.8799 4.6006 0.0000
0.8782 -1.6125 0.0001
-2.6077 2.1556 0.0022
2.4433 4.5198 0.0000
4.1925 2.9791 0.0001
3.9195 2.8286 0.0003
1.5736 -4.5111 0.0001
-1.0855 4.7557 0.0000
-1.1005 4.3012 0.0000
-1.3802 4.2650 0.0000
-1.4845 4.0027 0.0000
0.6540 3.0526 0.0001
-0.4605 4.7549 0.0000
1.1773 1.2764 0.0528
-3.6452 1.4724 0.0001
-2.0795 2.1387 0.0032
2.2729 -3.7510 0.0012
2.1562 -4.0197 0.0006
0.7305 -0.5591 0.0002
-1.9698 1.4318 0.0169
-2.0157 1.2717 0.0241
-2.1569 1.2105 0.0284
-2.2926 1.1035 0.0347
-2.0351 1.1414 0.0313
-2.1408 1.0740 0.0366
-2.2096 0.9717 0.0440
-2.1028 0.9727 0.0433
-2.3311 0.9431 0.0454
-2.2855 0.8496 0.0534
-2.1928 0.8712 0.0520
-2.2226 0.7782 0.0600
-2.2870 0.7299 0.0639
-2.3542 0.7826 0.0579
-2.4763 1.0215 0.0367
-2.4664 0.8492 0.0490
-2.5920 0.7203 0.0520
-0.6919 1.0547 0.0241
-0.7718 1.0096 0.0258
-0.8515 0.9618 0.0280
-0.6939 0.9486 0.0315
-0.7819 0.9024 0.0334
-0.8597 0.8603 0.0355
-0.9207 0.9170 0.0304
-0.8642 0.7069 0.0497
-0.9129 0.7961 0.0402
-0.9817 0.8720 0.0333
-1.0117 0.7900 0.0398
-0.9630 0.7127 0.0474
-1.0623 0.7259 0.0452
-1.0268 0.6383 0.0543
-1.0897 0.5685 0.0614
-1.1273 0.6582 0.0516
-1.1441 0.7587 0.0421
-1.1884 0.5817 0.0597
-1.1448 0.4921 0.0700
-1.2231 0.6753 0.0501
-1.2874 0.5922 0.0590
-1.3309 0.5028 0.0695
-1.4049 0.5620 0.0638
-1.5030 0.5480 0.0673
-1.4147 0.4765 0.0738
-1.4904 0.4701 0.0760
-1.5615 0.4275 0.0829
-1.2397 0.4990 0.0692
-1.2950 0.4131 0.0800
-1.3868 0.4033 0.0823
-1.4814 0.3782 0.0871
-4.2263 4.7806 0.0000
-4.5218 4.7572 0.0000
-4.3860 4.5321 0.0000
0.9353 1.1672 0.0594
0.6795 1.0818 0.0661
-4.3441 -3.8374 0.0000
-4.4813 -4.0769 0.0000
1.4216 0.5390 0.0069
1.0697 -3.8920 0.0003
0.9521 -4.0658 0.0002
-1.6073 -0.4894 0.1680
-1.6422 -0.5621 0.1672
-1.6388 -0.6602 0.1608
-1.6894 -0.4415 0.1716
-1.7246 -0.5255 0.1718
-1.7388 -0.6131 0.1686
-1.7295 -0.7135 0.1608
-1.8032 -0.7754 0.1576
-1.8837 -0.8666 0.1493
-1.8226 -0.6655 0.1678
-1.9067 -0.6390 0.1707
-1.9013 -0.7373 0.1634
-1.9890 -0.8092 0.1566
-2.1002 -0.8743 0.1472
-1.9888 -0.9723 0.1367
-2.1492 -1.0404 0.1247
-2.3541 -1.0863 0.1064
-2.4224 -1.3075 0.0753
4.4994 4.0233 0.0000
4.5037 3.7186 0.0000
4.2652 3.8808 0.0000
-2.4453 3.6054 0.0000
4.7301 -2.2551 0.0000
-0.7184 -3.0416 0.0000
-0.6371 -3.3108 0.0000
-4.2361 1.7669 0.0000
-4.4908 1.6209 0.0000
2.4591 0.0688 0.0016
2.1759 0.7018 0.0063
2.1896 1.5407 0.0331
2.1258 3.3208 0.0020
1.9453 3.1408 0.0030
1.9765 -2.7685 0.0023
0.2624 -3.4848 0.0001
0.0490 -3.6700 0.0001
4.7520 3.8893 0.0000
4.7535 3.5818 0.0000
4.5084 3.4095 0.0000
-0.4132 -1.2613 0.0018
-0.6808 -1.2591 0.0072
-3.1179 0.0561 0.0255
-3.3426 -0.1076 0.0095
0.9892 2.3296 0.0083
0.7409 2.3464 0.0041
0.8105 2.1393 0.0107
0.4955 2.3550 0.0020
0.5899 2.1499 0.0060
0.4816 1.9685 0.0090
-4.2355 -1.6415 0.0000
3.0318 0.6125 0.0203
2.7524 0.5895 0.0122
4.2125 2.1517 0.0002
4.0094 2.0003 0.0007
3.8203 1.8095 0.0023
3.5666 1.7791 0.0067
3.4095 1.5762 0.0132
-4.7377 -3.9155 0.0000
-1.1527 -0.8893 0.0849
-0.9009 -1.0270 0.0372
-0.9538 -1.3028 0.0169
-1.1546 -1.1369 0.0490
-1.2915 -1.2953 0.0420
0.1632 1.1955 0.0456
0.1326 1.0627 0.0564
0.0340 0.9764 0.0597
-0.0575 1.0298 0.0498
0.0167 0.8557 0.0701
-0.1032 0.8379 0.0668
-0.0416 0.7336 0.0784
4.2511 -1.9148 0.0001
-2.6608 4.7871 0.0000
-2.9794 4.7323 0.0000
2.1733 0.1575 0.0008
2.3170 -4.2580 0.0003
2.1787 -4.5142 0.0002
-1.8576 4.4930 0.0000
4.7540 -3.0210 0.0000
4.5120 -2.8998 0.0000
2.9450 1.4675 0.0273
2.7141 1.3390 0.0274
-4.4914 4.2816 0.0000
-4.5076 4.0147 0.0000
-4.3096 3.2848 0.0000
1.8810 2.6857 0.0116
2.3853 -3.4646 0.0021
0.6242 4.5255 0.0000
-3.1515 -2.3968 0.0019
-3.3402 -2.6024 0.0006
0.2278 0.2132 0.0525
2.4431 3.7626 0.0005
0.0199 -2.5292 0.0000
-2.8038 0.6887 0.0374
-3.0385 0.5874 0.0214
-2.1698 0.7078 0.0667
-2.2409 0.6608 0.0711
-2.3329 0.6541 0.0700
-2.4308 0.6928 0.0631
-2.3842 0.5741 0.0759
-2.5096 0.5766 0.0689
-2.4400 0.4767 0.0823
-2.6739 0.5388 0.0582
-2.5682 0.4312 0.0763
-2.8481 0.4396 0.0453
-2.8782 0.2033 0.0517
-3.0792 0.3141 0.0246
-3.2914 0.4828 0.0079
2.1673 -0.4721 0.0002
1.8629 -0.4979 0.0001
-2.5767 3.3488 0.0000
3.2148 -0.6439 0.0153
3.0180 -0.4654 0.0098
2.9259 -0.7150 0.0067
2.6938 -0.6596 0.0023
2.5532 -0.8649 0.0012
-1.3777 -2.2571 0.0008
-1.5760 -2.4839 0.0005
-2.9627 3.0015 0.0000
-3.1557 2.8488 0.0000
4.7879 -4.7877 0.0000
1.7267 -4.2808 0.0003
-4.5432 -3.7385 0.0000
-1.6245 2.1344 0.0023
-1.8625 2.0173 0.0039
-1.8590 1.7735 0.0072
-4.7607 -2.7739 0.0000
-4.7520 -3.0312 0.0000
-2.4011 3.1287 0.0001
-2.5870 2.9632 0.0001
-2.7444 3.1373 0.0000
-2.8060 2.8324 0.0001
-1.2477 4.5266 0.0000
-1.5509 4.5085 0.0000
0.5402 -3.2175 0.0002
-2.0350 -1.8900 0.0221
-2.3132 -1.8403 0.0275
-2.2147 -2.1045 0.0127
-0.7136 -2.5689 0.0000
-0.8345 -2.7990 0.0000
-3.1990 -4.2110 0.0000
-3.4596 -4.2699 0.0000
3.1877 0.3657 0.0208
2.9139 0.3302 0.0127
-2.9955 4.1328 0.0000
-3.2307 3.9717 0.0000
-4.2783 2.3473 0.0000
-0.1710 1.7434 0.0051
0.0895 1.6483 0.0117
-0.0730 1.5936 0.0103
-0.1715 1.4896 0.0122
-0.2561 1.4212 0.0134
-0.2517 1.5911 0.0077
-0.4215 1.5933 0.0061
-0.3353 1.4822 0.0098
-0.3923 1.3864 0.0124
0.3928 -0.1266 0.0122
0.2538 -0.3700 0.0074
0.0644 -0.5952 0.0059
-1.3791 -1.0175 0.0908
-1.5178 -1.2288 0.0711
-1.6892 -1.4461 0.0530
-1.8746 -1.6488 0.0382
-1.4366 -1.5024 0.0304
-1.6012 -1.7132 0.0213
-1.7648 -1.9264 0.0138
-2.1263 -1.6450 0.0444
0.0587 2.5578 0.0003
-0.1782 2.3729 0.0005
-0.4189 2.4641 0.0003
3.1974 -3.6881 0.0005
3.0204 -3.9136 0.0004
2.7292 -3.9540 0.0006
1.9149 0.2695 0.0010
3.2171 -1.4596 0.0131
-2.8157 1.5530 0.0073
-3.7185 -2.2035 0.0002
-3.5154 1.7278 0.0001
3.2035 1.3809 0.0223
3.2959 1.1279 0.0215
3.1283 2.4259 0.0091
-1.9126 2.9122 0.0003
-0.7737 4.7514 0.0000
-0.9250 4.5031 0.0000
-3.2285 -0.4213 0.0178
-3.2465 -0.7297 0.0153
1.9759 -3.8012 0.0009
1.8613 -4.0444 0.0005
-3.5887 0.0562 0.0018
-3.7203 -0.1858 0.0008
-3.9573 -0.3310 0.0001
1.0163 -3.5126 0.0004
-2.3190 4.7509 0.0000
-3.7487 3.6593 0.0000
-3.7736 3.3467 0.0000
-3.2034 -1.3175 0.0116
-0.3024 4.4985 0.0000
0.7049 -3.9917 0.0002
0.4205 -3.9904 0.0001
-2.0218 4.7416 0.0000
2.9740 2.6749 0.0079
2.8239 2.4420 0.0143
2.6552 2.2019 0.0230
4.0788 4.4920 0.0000
3.9243 4.2572 0.0000
-4.0117 -4.5213 0.0000
-4.0457 -4.7753 0.0000
1.9512 -0.9777 0.0002
0.3175 -2.4770 0.0001
0.2236 -2.7434 0.0001
-1.9451 -3.5787 0.0000
1.2634 4.1203 0.0000
1.1806 3.8616 0.0000
-2.4473 4.3646 0.0000
2.0094 2.9079 0.0070
1.7597 2.9296 0.0048
1.5979 2.7276 0.0073
1.5078 2.5252 0.0119
1.2053 3.0530 0.0007
-2.6732 -2.2812 0.0066
-2.8859 -2.4349 0.0031
3.5463 -4.4891 0.0000
-0.1459 0.6401 0.0831
-0.2375 0.5666 0.0868
-0.2597 0.4490 0.0945
-0.3197 0.3294 0.1002
-0.0547 1.9219 0.0032
-0.2683 1.9388 0.0022
-1.6643 -3.5084 0.0000
-1.7370 -3.7783 0.0000
-1.9982 -3.8393 0.0000
-3.2160 2.0997 0.0003
-1.4049 4.7601 0.0000
-1.7153 4.7511 0.0000
0.6832 -2.1628 0.0001
0.6177 -2.4334 0.0002
0.5066 -2.7022 0.0002
-1.7981 3.1942 0.0001
-3.2790 1.8193 0.0005
2.5077 -2.6499 0.0048
-4.2620 3.5497 0.0000
1.1982 -3.7158 0.0005
-1.6625 2.7659 0.0004
4.2148 -2.1881 0.0000
2.5761 -1.4078 0.0026
2.3017 -1.3384 0.0009
2.3819 -1.5761 0.0018
3.4253 -4.2145 0.0000
3.0173 -4.4399 0.0001
-3.2547 -2.8945 0.0003
-3.4867 -3.0849 0.0001
2.1447 0.4431 0.0025
-2.3889 -1.5701 0.0491
-2.5770 -1.7671 0.0274
-2.4965 -2.0532 0.0145
4.4823 -0.3941 0.0000
0.7143 -1.0761 0.0000
-1.4882 2.3204 0.0012
-1.4339 1.9641 0.0030
-1.6553 1.8830 0.0046
-3.6693 1.1697 0.0002
-3.9405 1.0517 0.0000
-3.9794 0.7603 0.0000
-4.2494 0.6701 0.0000
3.6471 -4.7506 0.0000
-0.1528 4.7520 0.0000
1.8444 -1.2575 0.0003
1.5414 -1.2939 0.0002
4.4572 -2.3527 0.0000
-3.2916 4.7725 0.0000
4.7458 -0.8127 0.0000
3.7750 -1.2142 0.0052
3.5067 -1.3485 0.0115
3.4910 -1.6262 0.0098
3.4987 -1.9174 0.0073
3.2505 3.1636 0.0017
2.9741 3.1612 0.0028
2.8202 2.9270 0.0059
4.7634 -1.6939 0.0000
-2.1730 4.4756 0.0000
-1.8966 -4.5331 0.0000
-2.0431 -4.7638 0.0000
-1.4162 -4.7642 0.0000
1.7409 -2.2865 0.0012
1.5366 -2.4953 0.0010
1.3524 -2.7059 0.0008
-0.9293 0.6279 0.0568
-0.9911 0.5470 0.0650
-1.0501 0.4800 0.0723
-0.9265 0.4715 0.0754
-0.9861 0.4356 0.0787
-1.0271 0.3591 0.0879
-1.0963 0.4055 0.0811
-1.1940 0.4115 0.0799
-1.1370 0.3283 0.0908
-1.2395 0.3311 0.0902
-1.0655 0.2805 0.0975
-1.1104 0.2065 0.1066
-1.1809 0.2553 0.1001
-1.2147 0.1790 0.1100
-1.1486 0.1212 0.1170
-1.2456 0.0922 0.1210
-1.3373 0.3159 0.0929
-1.2829 0.2465 0.1016
-1.3846 0.2059 0.1080
-1.4181 0.3162 0.0939
-1.4591 0.2563 0.1025
-1.5249 0.2994 0.0983
-1.5617 0.2190 0.1097
-1.4870 0.1793 0.1133
-1.5490 0.1076 0.1241
-1.6310 0.1627 0.1190
-1.6495 0.0682 0.1316
-1.5833 0.0172 0.1362
-1.6536 -0.0447 0.1452
-1.3060 0.1625 0.1128
-1.2960 0.0051 0.1317
-1.3497 0.0904 0.1224
-1.3981 0.0081 0.1331
-1.4498 -0.0811 0.1439
-1.4417 0.1024 0.1225
-1.4920 0.0167 0.1341
-1.5483 -0.0668 0.1449
-1.6066 -0.1408 0.1539
4.2723 -2.7722 0.0000
-0.6015 2.3127 0.0005
-0.8556 2.2421 0.0008
-1.1012 2.2189 0.0010
-1.3330 2.1659 0.0016
-1.1732 1.9805 0.0022
3.5074 -3.2319 0.0006
3.3970 -3.5207 0.0004
4.4869 -0.9699 0.0000
-1.6469 -0.7885 0.1484
-1.7303 -0.8815 0.1415
-1.8270 -1.0258 0.1251
-1.9872 -1.1740 0.1067
-2.1893 -1.2298 0.0970
-1.0040 -2.9647 0.0000
-1.2292 -3.1218 0.0000
-1.1377 -3.4397 0.0000
-1.3929 -3.3064 0.0000
-1.4173 -3.5527 0.0000
0.2952 3.7736 0.0000
0.0359 3.6612 0.0000
1.8643 2.2371 0.0286
-0.0723 -2.0569 0.0000
-4.5106 2.8325 0.0000
-4.2849 2.6983 0.0000
-4.4924 2.5174 0.0000
1.0623 3.5884 0.0000
0.8052 3.3149 0.0000
0.5453 3.2986 0.0000
1.4565 -0.7998 0.0001
1.4350 -1.0435 0.0001
-4.5100 2.2068 0.0000
-4.7531 2.0576 0.0000
0.3088 -1.7023 0.0000
2.0138 -2.2321 0.0019
2.0577 -2.4548 0.0024
1.8327 -2.5503 0.0017
1.6527 -2.7545 0.0014
1.8030 -2.9616 0.0018
1.4846 -2.9553 0.0011
-0.8740 1.3856 0.0091
-0.9255 1.2214 0.0142
-3.7720 2.0439 0.0000
-4.0061 1.9198 0.0000
-4.7503 2.6617 0.0000
-4.7508 2.3597 0.0000
-2.8993 -0.0048 0.0553
-3.0706 -0.2050 0.0339
-0.0637 -4.7387 0.0000
-0.2719 -4.6954 0.0000
-3.6804 2.2918 0.0000
2.7602 0.0807 0.0056
2.8811 -0.1606 0.0069
4.1567 2.6690 0.0001
3.9007 2.5517 0.0005
4.0204 2.3387 0.0004
3.8397 2.1616 0.0013
2.1484 0.9970 0.0142
-1.0181 2.4761 0.0005
-1.2785 2.4481 0.0007
0.1090 -2.2672 0.0000
-3.7206 4.2449 0.0000
1.8352 3.3976 0.0009
1.6720 3.1812 0.0015
1.5014 2.9748 0.0024
4.5337 1.4648 0.0000
4.4481 1.2308 0.0001
0.4218 1.3417 0.0457
1.2687 -4.0640 0.0003
0.1634 4.2435 0.0000
-0.1416 -0.0758 0.0633
-0.3221 -0.2841 0.0610
-0.3829 -0.0551 0.0934
-0.5570 -0.1934 0.1002
0.2796 3.5169 0.0000
1.2973 -0.5733 0.0001
1.1621 -0.8361 0.0001
-1.4828 -1.9791 0.0055
-1.6537 -2.1971 0.0034
-1.8237 -2.4159 0.0019
-1.9658 -2.6218 0.0010
-2.0471 -2.8481 0.0004
2.2848 3.5374 0.0011
1.9914 3.6050 0.0005
4.5173 0.3861 0.0000
4.4599 0.1320 0.0001
0.9731 -1.0929 0.0001
4.0119 -1.6514 0.0008
3.7594 -1.5000 0.0043
3.7520 -1.7855 0.0032
3.9971 -1.9524 0.0005
3.7324 -2.0778 0.0023
-4.5012 -1.5265 0.0000
-4.7391 -1.7094 0.0000
0.2973 3.2666 0.0000
0.3793 3.0313 0.0001
-2.9975 -1.5014 0.0188
-3.2179 -1.6176 0.0072
1.9390 -0.0140 0.0003
2.0081 -0.2662 0.0001
0.4822 4.2776 0.0000
4.7358 1.7262 0.0000
1.6870 3.6674 0.0001
1.5549 3.4313 0.0003
1.3941 3.2003 0.0006
4.7616 1.4173 0.0000
3.3102 0.6512 0.0224
1.8483 3.8811 0.0001
2.5837 -0.1787 0.0017
2.5091 -0.4861 0.0008
-2.6103 -3.3423 0.0001
-2.8000 -3.5213 0.0000
-3.0215 -3.6877 0.0000
2.9686 4.4627 0.0000
2.7189 4.4910 0.0000
2.6044 -3.2282 0.0032
0.0584 3.9674 0.0000
3.4573 0.9164 0.0175
-1.4095 3.5141 0.0000
-1.6933 3.4657 0.0000
4.4371 -0.1265 0.0001
4.2025 -0.2863 0.0005
4.4533 -4.4486 0.0000
4.5226 -4.7379 0.0000
-0.4752 -2.5270 0.0000
-0.6749 -0.7490 0.0461
2.4406 2.0658 0.0297
2.3794 1.7119 0.0336
2.3311 -4.7559 0.0001
3.2907 2.6606 0.0042
-1.5931 3.0028 0.0002
4.7688 2.0427 0.0000
3.0200 -1.9765 0.0098
2.8235 -2.1778 0.0077
1.8768 -4.5211 0.0002
-3.7633 0.5684 0.0003
-4.0306 0.4663 0.0000
-3.8201 0.2723 0.0002
-3.8842 0.0096 0.0002
1.4208 4.7414 0.0000
-4.7851 4.7736 0.0000
-4.7098 4.5001 0.0000
-3.0691 -3.3954 0.0001
-3.2797 -3.5499 0.0000
-3.4836 -3.7109 0.0000
2.5772 1.8697 0.0307
3.6018 4.7596 0.0000
3.2786 4.7445 0.0000
2.9680 4.7323 0.0000
3.4807 4.5135 0.0000
3.2111 4.4776 0.0000
3.1035 4.1904 0.0001
-3.9956 4.0924 0.0000
-3.9951 3.8161 0.0000
4.5179 -1.5361 0.0000
4.7115 4.5015 0.0000
3.3962 -0.8718 0.0162
3.3022 -1.1551 0.0148
3.0284 -1.1865 0.0098
2.9192 -1.4265 0.0079
2.1048 2.1310 0.0319
-4.7683 -3.6007 0.0000
4.1290 -4.4961 0.0000
3.8300 -4.5020 0.0000
-2.5098 4.0931 0.0000
-2.7735 3.9941 0.0000
-2.8105 -4.5155 0.0000
-4.2556 -3.0320 0.0000
-4.2379 -3.3158 0.0000
-4.2564 -3.5821 0.0000
-4.5021 -3.4679 0.0000
3.8744 -2.5347 0.0004
-0.3543 1.7484 0.0039
4.4875 -2.6076 0.0000
2.8172 4.2163 0.0001
2.5305 4.2589 0.0001
2.6268 4.0004 0.0002
2.3403 4.0308 0.0001
-4.2073 -1.9249 0.0000
-4.2851 -2.1487 0.0000
-4.0102 3.5417 0.0000
-4.0629 3.2777 0.0000
4.4874 -2.0852 0.0000
0.9897 -1.3466 0.0001
-0.6485 -1.5168 0.0015
-0.8894 -1.5496 0.0043
-0.7650 -1.8004 0.0005
-3.5309 -2.8018 0.0002
-3.7901 -2.7147 0.0001
0.6736 4.0496 0.0000
0.5745 3.7915 0.0000
4.5016 -1.2510 0.0000
3.5734 2.0843 0.0045
3.3415 1.8917 0.0115
3.1630 1.6727 0.0201
2.8822 1.7308 0.0267
-4.4915 1.9147 0.0000
4.5386 0.9543 0.0000
4.2626 1.0008 0.0003
4.3920 0.7390 0.0001
4.1145 0.7468 0.0010
4.0303 0.4418 0.0019
-2.7879 1.8352 0.0038
-3.0518 1.6369 0.0028
-3.3194 1.5233 0.0010
4.7549 -1.9844 0.0000
-3.9528 4.3727 0.0000
-4.2181 4.3020 0.0000
-4.2621 4.0433 0.0000
0.7854 3.5609 0.0000
0.5220 3.5357 0.0000
4.7586 4.1947 0.0000
4.5080 4.2916 0.0000
2.2409 4.2911 0.0000
2.1562 3.8154 0.0003
-0.4199 0.2373 0.1053
-3.4452 0.9699 0.0015
-3.7128 0.8685 0.0002
1.7184 -4.7594 0.0001
1.4098 -4.7439 0.0001
2.5654 -2.9340 0.0043
-3.6503 -3.5305 0.0000
-3.7987 -3.7306 0.0000
1.1661 -1.6059 0.0001
2.2403 3.0194 0.0059
2.1455 2.7136 0.0124
2.0488 2.4363 0.0213
-2.3180 1.7438 0.0089
-4.2063 1.4893 0.0000
-4.4651 1.3587 0.0000
4.7498 -2.7382 0.0000
-3.0738 1.3419 0.0051
3.8442 -3.9775 0.0000
3.7021 -4.2430 0.0000
-0.4053 -3.8008 0.0000
-0.3281 -4.0978 0.0000
-0.5455 -4.2669 0.0000
-2.2012 -3.5771 0.0000
-2.3732 -3.3571 0.0001
-3.7557 4.5341 0.0000
-3.8988 4.7575 0.0000
-4.0896 4.5746 0.0000
-2.6198 -0.8205 0.0972
-2.7836 -1.0081 0.0611
4.7079 -0.0562 0.0000
4.5015 -4.1171 0.0000
-3.6275 3.0594 0.0000
-3.7377 2.7983 0.0000
0.8047 2.7963 0.0006
0.6286 2.5729 0.0011
-3.7299 -0.4740 0.0008
-3.7339 -0.7468 0.0008
-4.0004 -0.6098 0.0001
-4.2588 -0.6763 0.0000
-3.9805 -0.8908 0.0001
-3.5039 2.0220 0.0001
-4.4758 -2.3425 0.0000
-4.7411 -2.2896 0.0000
1.1578 -0.3352 0.0001
1.9066 0.5658 0.0038
-0.6000 4.5102 0.0000
-0.7486 4.2934 0.0000
-0.9384 4.1260 0.0000
3.8748 0.6822 0.0043
3.7601 0.4243 0.0081
3.6252 0.1962 0.0137
-4.0730 -2.2626 0.0000
-4.2343 -2.4586 0.0000
-4.2569 -2.7461 0.0000
0.0547 2.2828 0.0009
-0.1302 2.1265 0.0013
-0.3878 2.1667 0.0009
-2.6064 3.8226 0.0000
0.0841 3.0691 0.0000
0.2191 2.8061 0.0001
-3.9131 3.0519 0.0000
-4.2310 3.0008 0.0000
3.3660 0.1474 0.0206
-3.9635 -3.4751 0.0000
0.7083 -1.3625 0.0000
0.0122 4.5104 0.0000
-3.4817 4.1221 0.0000
-3.7397 3.9581 0.0000
3.7786 4.5161 0.0000
3.6337 4.2785 0.0000
3.7182 4.0375 0.0001
3.4680 3.9981 0.0001
3.3718 4.2324 0.0001
0.7907 4.2992 0.0000
1.3682 1.9277 0.0377
1.2508 1.7451 0.0450
1.1781 1.5478 0.0522
2.8735 -3.3207 0.0025
2.6830 -3.4911 0.0020
3.2215 3.9357 0.0002
2.9199 3.9441 0.0003
3.0519 3.7054 0.0006
2.8611 3.6125 0.0009
2.8459 3.4049 0.0018
0.3823 -1.4136 0.0000
0.1018 -1.4922 0.0000
2.8249 -2.4465 0.0071
2.5832 -2.3835 0.0054
-2.7512 3.6107 0.0000
-2.8770 3.3445 0.0000
3.0719 1.9455 0.0185
2.7872 1.9747 0.0252
-1.8988 -4.0735 0.0000
0.3520 -1.0065 0.0001
0.1493 -1.2078 0.0001
-0.1438 -1.3224 0.0002
-3.7383 -1.5917 0.0005
-3.9713 -1.7574 0.0001
-0.1194 0.4922 0.0914
-0.1523 0.3194 0.0938
0.9721 1.4247 0.0560
0.7633 1.3258 0.0583
1.2032 -2.1327 0.0004
0.9300 -2.3900 0.0003
1.4144 1.1225 0.0354
1.1668 1.0035 0.0408
1.1508 0.7249 0.0234
3.8516 -3.3238 0.0001
-4.4723 -1.8223 0.0000
-4.5251 -2.0681 0.0000
-2.7524 -4.0549 0.0000
4.7451 -2.4884 0.0000
-4.0178 2.7862 0.0000
-0.2120 3.4967 0.0000
-0.3912 3.3061 0.0000
-0.4864 3.0832 0.0000
-0.7392 3.1726 0.0000
-0.6964 2.8897 0.0001
-2.0573 -4.3023 0.0000
-2.2102 -4.5256 0.0000
-2.5060 -4.5245 0.0000
-2.6612 -4.7614 0.0000
-2.8165 -0.7454 0.0682
-3.0900 2.3404 0.0003
-0.4071 2.8057 0.0001
-0.5796 2.6418 0.0002
-0.7566 2.4998 0.0003
-0.8874 2.7230 0.0002
3.9730 -0.7151 0.0024
3.7114 -0.8414 0.0086
3.9526 -1.0154 0.0023
3.5811 -1.0686 0.0115
-1.0200 1.2490 0.0133
-0.9467 1.0873 0.0200
-0.9538 0.9965 0.0250
-1.0784 1.1682 0.0164
-1.1690 1.1855 0.0162
-1.1356 1.0961 0.0198
-1.2283 1.1123 0.0197
-1.0389 1.0643 0.0211
-1.0356 0.9491 0.0277
-1.0815 0.8437 0.0351
-1.1156 1.0078 0.0243
-1.1304 0.9266 0.0293
-1.1794 0.8497 0.0349
-1.2404 0.7752 0.0412
-1.2028 1.0241 0.0239
-1.3036 0.9619 0.0284
-1.2159 0.9450 0.0286
-1.2717 0.8687 0.0342
-1.3640 0.8882 0.0340
-1.3390 0.7977 0.0404
-1.3088 0.7083 0.0477
-1.3604 0.6411 0.0548
-1.4127 0.7270 0.0476
-1.4565 0.6412 0.0565
0.2156 -1.9923 0.0000
4.2779 3.2419 0.0000
0.0002 -3.3694 0.0001
-0.2105 -3.5881 0.0001
-0.2967 -3.3114 0.0000
-0.4841 -3.5065 0.0000
-3.3873 1.2593 0.0012
4.1356 -4.0214 0.0000
4.2655 -4.2450 0.0000
1.0073 -0.5680 0.0001
-3.9901 2.2420 0.0000
-4.2442 2.0675 0.0000
-2.9690 -4.7508 0.0000
-3.2637 -4.7508 0.0000
-2.0921 3.1536 0.0001
-2.2409 2.9136 0.0003
0.3194 -3.7366 0.0001
0.1343 -3.9569 0.0001
3.9533 -2.2625 0.0004
3.6703 -2.3582 0.0020
3.5683 -2.6062 0.0020
3.7465 3.2858 0.0003
-3.4859 4.4443 0.0000
3.6957 2.9755 0.0006
3.6146 2.6744 0.0015
0.5877 -1.6362 0.0000
1.1535 -0.0895 0.0006
4.1850 -2.4827 0.0000
-3.4995 0.6717 0.0017
-3.5543 0.3688 0.0017
4.2443 -4.7411 0.0000
3.9449 -4.7517 0.0000
-0.4536 0.1097 0.1076
-0.5723 0.0009 0.1130
-0.6961 -0.0193 0.1199
-0.8245 -0.0478 0.1260
-0.7158 -0.1350 0.1191
-2.1631 0.6106 0.0765
-2.1703 0.5175 0.0864
-2.2452 0.4851 0.0892
-2.2745 0.4037 0.0973
-2.3233 0.3278 0.1035
-2.3704 0.2171 0.1119
-2.4487 0.1609 0.1106
-2.4806 0.0862 0.1132
-2.2706 0.5723 0.0796
-2.3357 0.4902 0.0862
-2.3726 0.4030 0.0933
-2.3997 0.3035 0.1015
-2.4625 0.2481 0.1017
-2.4613 0.3669 0.0910
-2.5481 0.2904 0.0897
-2.6920 0.3165 0.0710
-2.5618 0.1740 0.0971
-2.7019 0.1334 0.0806
-2.4731 -0.0180 0.1215
-2.5707 0.0388 0.1051
-2.5549 -0.0968 0.1148
-2.7068 -0.0449 0.0883
-2.8203 -0.2128 0.0730
3.2274 -3.3303 0.0013
3.0384 -3.4994 0.0013
2.8618 -3.6869 0.0011
2.5548 -3.7257 0.0013
0.0864 -0.9112 0.0009
-0.1372 -1.0758 0.0012
-0.3991 -0.9996 0.0071
-0.6476 -0.9928 0.0196
-2.6693 2.6356 0.0004
-2.8126 2.3864 0.0007
-2.3810 1.4891 0.0156
-2.3019 1.3119 0.0232
-2.5815 1.3967 0.0160
-2.8027 1.3107 0.0130
1.6569 0.9789 0.0192
1.6580 0.6940 0.0080
3.7744 -2.8064 0.0004
3.7474 -3.1049 0.0002
-1.1956 4.0159 0.0000
-1.2918 3.7616 0.0000
-1.5895 3.7405 0.0000
3.7800 3.7818 0.0001
3.6177 3.5242 0.0003
-1.1015 1.4692 0.0078
-1.1714 1.3610 0.0106
-1.2402 1.4794 0.0083
-1.2795 1.3680 0.0112
-1.3798 1.3230 0.0134
-1.2055 1.2728 0.0134
-1.2887 1.2814 0.0138
-1.2590 1.1973 0.0165
-1.3238 1.1315 0.0198
-1.3533 1.2190 0.0166
-1.4271 1.1454 0.0206
-1.4335 1.2515 0.0164
-1.5053 1.2000 0.0194
-1.2925 1.0407 0.0238
-1.5213 1.1105 0.0236
-1.5783 1.0330 0.0288
-1.3842 1.0609 0.0240
-1.3948 0.9762 0.0288
-1.4737 1.0300 0.0270
-1.6227 1.1206 0.0250
-1.6893 1.0664 0.0292
-1.5293 0.9554 0.0325
-1.4580 0.9119 0.0340
-1.4355 0.8231 0.0400
-1.5033 0.7614 0.0464
-1.6068 0.9199 0.0366
-1.5424 0.8470 0.0404
-1.6061 0.7338 0.0513
-1.7022 0.7535 0.0522
-1.7773 1.0734 0.0306
-1.7548 0.9826 0.0358
-1.6985 0.9169 0.0390
-1.6544 0.9967 0.0326
-1.6471 0.8300 0.0442
-1.7458 0.8541 0.0449
-1.7879 0.7902 0.0514
-1.8672 0.8330 0.0499
-1.8646 0.7410 0.0580
3.5963 0.6678 0.0135
-3.7464 1.7825 0.0000
-3.9552 1.6195 0.0000
0.0364 -1.7774 0.0000
-0.2369 -1.8216 0.0000
-3.8891 -3.9961 0.0000
-3.9683 -4.2708 0.0000
-4.2127 -0.8732 0.0000
-4.2699 -1.0861 0.0000
-4.4969 -0.9069 0.0000
-4.7527 -1.0788 0.0000
-4.5152 -1.2248 0.0000
-2.3155 -2.8600 0.0007
-2.5536 -2.8186 0.0011
-2.3728 -3.1063 0.0002
-2.6316 -3.0755 0.0004
-2.8682 -3.2256 0.0002
2.8142 -3.0212 0.0043
1.6793 0.0907 0.0005
1.7020 -0.2210 0.0001
0.7868 4.7617 0.0000
0.4676 4.7582 0.0000
0.3126 4.5070 0.0000
-3.4768 -0.5909 0.0046
-3.4852 -0.8830 0.0040
-0.4588 0.7898 0.0547
-0.5027 0.7112 0.0615
-0.5534 0.6426 0.0672
-0.6782 0.6353 0.0630
-0.6120 0.5788 0.0722
-0.5697 0.4903 0.0842
-0.6308 0.4280 0.0892
-0.6674 0.5110 0.0783
-0.6990 0.3950 0.0910
-0.7446 0.4673 0.0809
-0.7820 0.3828 0.0901
-0.7414 0.5702 0.0685
-0.8199 0.5069 0.0737
-0.8574 0.4273 0.0826
-0.9291 0.3654 0.0887
3.8448 1.2562 0.0035
3.6356 1.1266 0.0095
0.9136 0.6347 0.0308
1.0569 -1.8617 0.0002
0.9427 -2.1149 0.0002
-2.0889 2.4098 0.0015
-2.3372 2.2555 0.0022
0.4652 0.6712 0.0672
0.2324 0.5446 0.0771
0.2899 0.7827 0.0774
0.1156 0.7384 0.0803
0.0170 0.5882 0.0865
0.0614 0.3855 0.0820
-0.0207 0.1454 0.0723
-0.2644 0.1428 0.0955
-1.4306 2.6617 0.0004
-1.6302 2.4821 0.0009
0.9267 0.0631 0.0036
3.4291 2.4002 0.0045
3.2680 2.1654 0.0098
-2.4628 1.2241 0.0256
-2.6539 1.1319 0.0245
-2.6889 0.9050 0.0343
-4.4989 -3.1757 0.0000
-4.7529 -3.3107 0.0000
1.7394 -1.5146 0.0004
4.5133 -1.8129 0.0000
3.5052 -0.6173 0.0159
3.1123 -0.9224 0.0119
-0.6690 -3.6959 0.0000
-0.9791 -3.6820 0.0000
-0.8566 -3.8908 0.0000
-1.0794 -3.9938 0.0000
4.4900 -3.1899 0.0000
2.7837 -2.7162 0.0059
-1.8124 -3.0142 0.0000
-1.8767 -3.3029 0.0000
-2.1262 -3.3352 0.0000
-2.8995 1.0863 0.0156
1.7583 2.4859 0.0172
1.6257 2.2925 0.0237
-2.9301 -4.2650 0.0000
4.7680 -3.6116 0.0000
4.7399 -3.9346 0.0000
1.4664 4.2539 0.0000
-1.5267 -0.8725 0.1281
-1.6246 -1.0229 0.1131
-1.7632 -1.2170 0.0913
-1.9492 -1.3975 0.0720
-0.7084 1.4873 0.0070
-0.4688 1.4642 0.0089
-0.5816 1.5434 0.0063
-0.5792 1.4151 0.0094
-0.6693 1.3923 0.0095
-0.7819 1.3974 0.0089
-4.4593 1.1061 0.0000
-4.2117 0.9429 0.0000
-0.1722 -1.5786 0.0000
-0.4018 -1.5172 0.0003
0.8821 -0.2675 0.0007
1.5189 -4.1537 0.0003
0.9127 0.9124 0.0506
0.6841 0.8043 0.0594
0.6805 0.5167 0.0385
0.4306 0.3952 0.0496
2.1584 4.5454 0.0000
1.9378 4.3448 0.0000
2.0421 4.0822 0.0000
4.5112 4.7451 0.0000
4.3670 4.5028 0.0000
2.0485 -1.4720 0.0006
1.6357 -1.7820 0.0005
2.1953 -1.7056 0.0014
1.9184 -1.7375 0.0008
2.1030 -1.9675 0.0017
1.8294 -2.0092 0.0010
1.5565 -2.0407 0.0006
1.3443 -1.8706 0.0003
-0.0433 -2.8042 0.0001
0.1034 -3.0174 0.0001
-0.1091 -3.1273 0.0001
4.7404 -0.2783 0.0000
1.3857 3.6732 0.0000
1.2814 3.4187 0.0001
1.0643 3.2977 0.0001
-4.4092 0.1761 0.0000
-4.5821 -0.0139 0.0000
-4.7761 -0.1742 0.0000
-4.7530 -0.4702 0.0000
0.4589 1.4871 0.0356
0.3278 1.5011 0.0283
0.2894 1.3880 0.0353
0.0704 1.3932 0.0248
-0.4498 4.2271 0.0000
-0.6929 4.0184 0.0000
-1.9809 3.4244 0.0000
2.0281 -4.7605 0.0001
3.0482 -2.8580 0.0047
-2.0516 3.9385 0.0000
-2.1567 3.6551 0.0000
-2.2722 3.3831 0.0000
-2.3626 -4.2670 0.0000
-4.2683 -4.5296 0.0000
1.4379 -2.2430 0.0007
1.2259 -2.4290 0.0006
1.0717 -2.6752 0.0005
4.2580 3.5530 0.0000
3.8917 3.5113 0.0001
-3.3955 2.3126 0.0000
4.7516 -1.1011 0.0000
-3.8456 2.5261 0.0000
-4.1095 2.5160 0.0000
2.0243 -4.2759 0.0003
4.0619 3.3547 0.0001
3.9548 3.1229 0.0002
1.8929 1.9667 0.0380
1.5796 1.8484 0.0427
1.4528 1.6587 0.0479
1.7829 1.7311 0.0425
1.6548 1.5268 0.0433
1.4037 1.4108 0.0481
-4.2691 -4.7733 0.0000
4.4510 1.7111 0.0000
4.2628 1.5151 0.0002
-2.2667 -3.8044 0.0000
-2.4886 -3.9780 0.0000
-4.7322 1.0442 0.0000
-4.7548 0.7597 0.0000
-2.9702 0.8519 0.0187
-3.2350 0.7744 0.0071
0.7610 -3.4604 0.0003
3.9161 0.1502 0.0040
3.6529 -0.0385 0.0127
-3.2390 -1.0257 0.0133
-3.4761 -1.1722 0.0035
1.7338 4.1562 0.0000
3.7782 -3.6934 0.0000
3.5204 -3.7408 0.0001
3.5900 -3.9836 0.0000
3.3126 -3.9342 0.0001
3.1542 -4.1790 0.0001
3.2898 -3.0327 0.0022
4.7420 -0.5344 0.0000
4.4825 -0.6856 0.0000
1.6822 -1.0311 0.0001
-1.0741 -0.1978 0.1400
-1.1435 -0.3026 0.1443
-1.1973 -0.3930 0.1459
-1.1840 -0.0473 0.1350
-1.1592 -0.2095 0.1440
-1.2312 -0.2687 0.1488
-1.2693 -0.3406 0.1514
-1.3618 -0.3367 0.1563
-1.2608 -0.4620 0.1476
-1.2647 -0.0819 0.1396
-1.3560 -0.0784 0.1414
-1.2578 -0.1745 0.1462
-1.3231 -0.2497 0.1523
-1.3120 -0.4121 0.1531
-1.3913 -0.4225 0.1577
-1.3469 -0.1612 0.1481
-1.4269 -0.1743 0.1515
-1.4093 -0.2606 0.1562
-1.5174 -0.1607 0.1531
-1.4963 -0.2542 0.1591
-1.4552 -0.3504 0.1610
-1.5546 -0.3264 0.1645
-1.6602 -0.3256 0.1681
-1.4494 -0.4610 0.1603
-1.5181 -0.4175 0.1645
-1.6039 -0.4036 0.1682
-1.3485 -0.5049 0.1519
-1.4339 -0.5448 0.1558
-1.5262 -0.5124 0.1632
-1.4470 -0.6420 0.1494
-1.5477 -0.5985 0.1600
-1.5310 -0.7214 0.1479
2.2323 -0.1047 0.0004
2.3458 -0.3044 0.0004
2.3469 -0.6765 0.0004
1.3297 2.8100 0.0031
1.0711 2.8080 0.0015
1.0883 2.5858 0.0040
0.8751 2.5561 0.0025
3.0840 0.0641 0.0153
0.5203 -4.2495 0.0001
0.3427 -4.4931 0.0001
0.6382 -4.5148 0.0001
0.4831 -4.7547 0.0000
0.1967 -4.7428 0.0000
1.6745 0.3996 0.0023
-0.4876 1.9237 0.0019
-0.5486 1.7175 0.0037
4.7539 -3.3090 0.0000
4.5169 -3.4807 0.0000
-0.2069 -2.3337 0.0000
-0.2578 -2.6300 0.0000
-2.2351 4.1713 0.0000
-2.3271 3.8818 0.0000
4.2257 -0.5628 0.0004
4.2217 -0.8508 0.0003
0.4982 -3.4637 0.0002
-2.5059 -3.6364 0.0000
2.2346 1.9208 0.0350
2.0503 1.7515 0.0382
-3.3386 0.1935 0.0081
-2.3283 2.5549 0.0009
-2.5422 2.4255 0.0011
-2.9917 4.4196 0.0000
2.6282 0.3348 0.0055
-1.2121 -3.7540 0.0000
-1.3460 -4.0300 0.0000
-1.6360 -4.0392 0.0000
2.7650 -4.4877 0.0001
2.6205 -4.7496 0.0000
2.4747 -4.4995 0.0001
-0.6102 -3.9987 0.0000
-0.7345 -4.4759 0.0000
-3.0209 -0.6074 0.0398
-4.4966 -2.6014 0.0000
-4.5093 -2.8783 0.0000
-4.7397 -2.5453 0.0000
-1.0019 2.9884 0.0001
-1.1586 2.7298 0.0003
-3.4311 -2.3169 0.0008
-3.6298 -2.5083 0.0002
-3.8793 -2.4014 0.0001
-4.0154 -2.5983 0.0000
1.9107 0.8476 0.0102
-0.2649 -2.9320 0.0000
-0.5281 -2.8116 0.0000
-1.0008 -2.5883 0.0000
-1.4579 -2.7257 0.0000
-1.2027 -2.8118 0.0000
-1.7301 -2.7455 0.0002
-1.4938 -2.9884 0.0000
-1.6122 -3.2335 0.0000
-3.2521 -3.8427 0.0000
-3.3864 -4.0283 0.0000
-3.6083 -3.9298 0.0000
-3.6880 -4.1921 0.0000
3.2485 -1.7738 0.0116
3.2646 -2.0738 0.0094
0.5178 2.8048 0.0002
0.3560 2.5806 0.0005
0.2536 2.3522 0.0010
0.4862 -1.1849 0.0000
0.7685 -1.8768 0.0001
0.4943 -1.9272 0.0001
4.2586 -3.0378 0.0000
4.0687 -3.2239 0.0000
-0.2047 0.8340 0.0623
-0.1589 0.7453 0.0734
-0.2965 0.8254 0.0586
-0.2462 0.7465 0.0695
-0.2650 0.6595 0.0776
-0.3360 0.7353 0.0665
-0.4128 0.7110 0.0656
-0.3566 0.6314 0.0769
-0.3282 0.5438 0.0866
-0.4546 0.6291 0.0730
-0.4188 0.5451 0.0836
-0.5126 0.5574 0.0787
-0.4754 0.4675 0.0897
1.7064 4.7730 0.0000
1.6275 4.4776 0.0000
1.8278 -3.4872 0.0013
1.7446 -3.7206 0.0009
1.6389 -3.9448 0.0005
-0.9579 3.8496 0.0000
-1.0710 3.6300 0.0000
-1.1920 3.4189 0.0000
-1.4880 3.2493 0.0001
4.7395 -4.5212 0.0000
-2.9257 -0.4076 0.0559
4.0424 -2.7399 0.0001
3.9905 -2.9888 0.0000
4.7594 -1.3958 0.0000
-0.6949 0.3128 0.1001
-0.7122 0.2081 0.1098
-0.7693 0.1311 0.1159
-0.7754 0.2904 0.1010
-0.8150 0.2145 0.1084
-0.8569 0.1361 0.1157
-0.8669 0.0556 0.1222
-0.8556 0.3228 0.0956
-0.9645 0.2833 0.0984
-0.8906 0.2463 0.1040
-0.9298 0.1702 0.1120
-1.0046 0.2041 0.1076
-1.0508 0.1316 0.1157
-0.9600 0.0886 0.1202
-1.0404 0.0482 0.1244
-1.1233 0.0442 0.1254
-1.2041 0.0227 0.1285
-0.9366 -0.0051 0.1273
-1.0182 -0.0271 0.1303
-1.1027 -0.0354 0.1325
-1.0141 -0.1080 0.1348
-1.0978 -0.1142 0.1377
-1.1766 -0.1275 0.1408
2.8058 -0.9643 0.0043
2.7412 -1.2177 0.0039
-2.0607 -0.2428 0.1665
-2.1342 -0.2925 0.1665
-2.2371 -0.3627 0.1624
-2.2690 -0.4449 0.1605
-2.3703 -0.4717 0.1494
-2.2993 -0.5317 0.1564
-2.4447 -0.5521 0.1378
-2.6017 -0.6219 0.1102
-4.0084 -1.1685 0.0001
-4.2557 -1.3588 0.0000
-2.1065 -3.0957 0.0001
-2.7495 4.5379 0.0000
-3.7547 -2.9950 0.0000
-3.7252 -3.2723 0.0000
-4.0139 -2.8882 0.0000
-3.9925 -3.1752 0.0000
0.5825 -0.3172 0.0021
0.4462 -0.5478 0.0011
0.2900 -0.7311 0.0008
-3.3103 -1.8713 0.0032
-3.4961 -2.0432 0.0010
3.3639 -4.7407 0.0000
3.2794 -4.4584 0.0000
3.1082 -4.7002 0.0000
2.8873 -4.7442 0.0000
3.0515 -3.1474 0.0029
1.4003 0.8228 0.0188
1.1879 0.4708 0.0094
1.2222 -1.1013 0.0001
4.2974 0.4959 0.0003
4.2200 0.2319 0.0005
4.1614 -0.0239 0.0008
4.2285 4.2043 0.0000
4.0044 3.9902 0.0000
4.0505 3.7071 0.0000
0.6774 -0.0527 0.0055
-3.0271 3.5394 0.0000
-3.2469 3.3930 0.0000
-1.0652 1.7863 0.0033
-1.2836 1.7856 0.0040
-1.1713 1.6214 0.0055
-1.3806 1.4480 0.0101
-1.3517 1.5998 0.0068
-1.4864 1.7336 0.0056
-1.6684 1.6598 0.0080
-1.6819 1.4826 0.0122
-1.5765 1.3948 0.0135
-1.8063 1.3903 0.0165
-0.8049 -4.7380 0.0000
2.3516 -3.1540 0.0030
2.1350 -3.3131 0.0021
2.6582 1.6139 0.0304
2.4458 1.4159 0.0284
-0.8532 -4.1999 0.0000
-1.1585 -4.2578 0.0000
-1.2860 -4.5158 0.0000
0.8643 -0.8219 0.0000
0.5698 -0.8299 0.0001
-0.9215 -0.0947 0.1310
-0.8412 -0.1768 0.1269
-0.9647 -0.1947 0.1344
-1.0309 -0.2892 0.1372
1.2983 -3.4723 0.0007
-1.2417 3.1570 0.0001
-1.3492 2.9263 0.0002
-4.2376 3.8079 0.0000
-4.5001 3.7374 0.0000
-3.2352 4.5456 0.0000
-3.5700 4.7379 0.0000
3.4164 2.9125 0.0019
3.1217 2.9087 0.0038
-2.6343 -4.2790 0.0000
4.7757 2.9865 0.0000
4.6355 2.8132 0.0000
-2.7510 -3.7980 0.0000
-3.0237 -3.9818 0.0000
-0.3567 -2.0676 0.0000
-0.5043 -2.3022 0.0000
1.4179 2.3342 0.0177
1.4178 2.1245 0.0281
1.1748 1.9892 0.0294
