5.0000 5.0000 0.0000
0.0000 5.0000 0.0000
2.5000 5.0000 0.0000
3.7500 5.0000 0.0000
4.3750 5.0000 0.0000
4.6875 5.0000 0.0000
4.0625 5.0000 0.0000
3.1250 5.0000 0.0000
3.4375 5.0000 0.0000
2.8125 5.0000 0.0000
1.2500 5.0000 0.0000
1.8750 5.0000 0.0000
2.1875 5.0000 0.0000
1.5625 5.0000 0.0000
0.6250 5.0000 0.0000
0.9375 5.0000 0.0000
0.3125 5.0000 0.0000
-2.5000 5.0000 0.0000
-1.2500 5.0000 0.0000
-0.6250 5.0000 0.0000
-0.3125 5.0000 0.0000
-0.9375 5.0000 0.0000
-1.8750 5.0000 0.0000
-1.5625 5.0000 0.0000
-2.1875 5.0000 0.0000
-3.7500 5.0000 0.0000
-3.1250 5.0000 0.0000
-2.8125 5.0000 0.0000
-3.4375 5.0000 0.0000
-4.3750 5.0000 0.0000
-4.0625 5.0000 0.0000
-4.6875 5.0000 0.0000
5.0000 -5.0000 0.0000
5.0000 0.0000 0.0000
5.0000 -2.5000 0.0000
5.0000 -3.7500 0.0000
5.0000 -4.3750 0.0000
5.0000 -4.6875 0.0000
5.0000 -4.0625 0.0000
5.0000 -3.1250 0.0000
5.0000 -3.4375 0.0000
5.0000 -2.8125 0.0000
5.0000 -1.2500 0.0000
5.0000 -1.8750 0.0000
5.0000 -2.1875 0.0000
5.0000 -1.5625 0.0000
5.0000 -0.6250 0.0000
5.0000 -0.9375 0.0000
5.0000 -0.3125 0.0000
5.0000 2.5000 0.0000
5.0000 1.2500 0.0000
5.0000 0.6250 0.0000
5.0000 0.3125 0.0000
5.0000 0.9375 0.0000
5.0000 1.8750 0.0000
5.0000 1.5625 0.0000
5.0000 2.1875 0.0000
5.0000 3.7500 0.0000
5.0000 3.1250 0.0000
5.0000 2.8125 0.0000
5.0000 3.4375 0.0000
5.0000 4.3750 0.0000
5.0000 4.0625 0.0000
5.0000 4.6875 0.0000
-5.0000 -5.0000 0.0000
0.0000 -5.0000 0.0000
-2.5000 -5.0000 0.0000
-3.7500 -5.0000 0.0000
-4.3750 -5.0000 0.0000
-4.6875 -5.0000 0.0000
-4.0625 -5.0000 0.0000
-3.1250 -5.0000 0.0000
-3.4375 -5.0000 0.0000
-2.8125 -5.0000 0.0000
-1.2500 -5.0000 0.0000
-1.8750 -5.0000 0.0000
-2.1875 -5.0000 0.0000
-1.5625 -5.0000 0.0000
-0.6250 -5.0000 0.0000
-0.9375 -5.0000 0.0000
-0.3125 -5.0000 0.0000
2.5000 -5.0000 0.0000
1.2500 -5.0000 0.0000
0.6250 -5.0000 0.0000
0.3125 -5.0000 0.0000
0.9375 -5.0000 0.0000
1.8750 -5.0000 0.0000
1.5625 -5.0000 0.0000
2.1875 -5.0000 0.0000
3.7500 -5.0000 0.0000
3.1250 -5.0000 0.0000
2.8125 -5.0000 0.0000
3.4375 -5.0000 0.0000
4.3750 -5.0000 0.0000
4.0625 -5.0000 0.0000
4.6875 -5.0000 0.0000
-5.0000 5.0000 0.0000
-5.0000 0.0000 0.0000
-5.0000 2.5000 0.0000
-5.0000 3.7500 0.0000
-5.0000 4.3750 0.0000
-5.0000 4.6875 0.0000
-5.0000 4.0625 0.0000
-5.0000 3.1250 0.0000
-5.0000 3.4375 0.0000
-5.0000 2.8125 0.0000
-5.0000 1.2500 0.0000
-5.0000 1.8750 0.0000
-5.0000 2.1875 0.0000
-5.0000 1.5625 0.0000
-5.0000 0.6250 0.0000
-5.0000 0.9375 0.0000
-5.0000 0.3125 0.0000
-5.0000 -2.5000 0.0000
-5.0000 -1.2500 0.0000
-5.0000 -0.6250 0.0000
-5.0000 -0.3125 0.0000
-5.0000 -0.9375 0.0000
-5.0000 -1.8750 0.0000
-5.0000 -1.5625 0.0000
-5.0000 -2.1875 0.0000
-5.0000 -3.7500 0.0000
-5.0000 -3.1250 0.0000
-5.0000 -2.8125 0.0000
-5.0000 -3.4375 0.0000
-5.0000 -4.3750 0.0000
-5.0000 -4.0625 0.0000
-5.0000 -4.6875 0.0000
-1.2838 2.5162 0.0042
2.3759 0.6043 0.0683
2.3748 0.4773 0.0725
2.3532 0.3429 0.0764
2.2372 0.4572 0.0747
2.2086 0.3195 0.0782
2.0791 0.2542 0.0783
2.3024 0.2222 0.0794
2.2107 0.0706 0.0815
2.1871 0.1857 0.0804
-2.8273 3.3332 0.0007
-2.9752 3.1077 0.0009
-0.6961 2.9682 0.0011
1.8029 -4.5050 0.0000
1.6839 -4.7520 0.0000
-4.2557 4.2422 0.0000
-4.7580 3.9031 0.0000
3.3039 3.7888 0.0001
-2.3469 1.3330 0.0395
-2.4830 1.1610 0.0447
3.0169 -0.6518 0.0331
-1.8074 -1.9909 0.0137
-3.0012 -1.9833 0.0086
-3.1995 -2.1974 0.0041
2.7063 -2.2794 0.0078
-2.0554 4.1842 0.0001
2.5882 1.4833 0.0286
2.6447 1.2498 0.0356
2.5411 1.0860 0.0450
2.4214 1.2799 0.0394
2.3580 1.0709 0.0494
2.3381 4.7630 0.0000
0.9139 0.9618 0.0278
1.1152 0.8538 0.0344
1.0774 0.6796 0.0376
0.8609 0.7345 0.0318
4.2651 0.1977 0.0001
4.0476 0.0847 0.0005
3.6867 -2.0442 0.0007
2.4614 0.9084 0.0545
2.4687 0.7399 0.0611
2.3104 0.7399 0.0642
2.2350 0.6037 0.0699
2.3000 0.8958 0.0577
2.1742 0.8036 0.0620
2.1102 0.6854 0.0663
2.0997 0.5331 0.0716
1.9607 0.6139 0.0664
1.9579 0.4672 0.0710
2.0928 0.3938 0.0756
-3.2833 0.9898 0.0134
-3.4578 0.7997 0.0084
-3.2969 0.5787 0.0168
-3.5565 0.5732 0.0064
3.6124 0.3056 0.0057
3.3556 0.2364 0.0158
3.5196 0.0227 0.0088
3.2745 -0.0011 0.0208
-4.5163 1.2413 0.0000
-0.5349 -0.5278 0.0302
-0.7015 -0.6590 0.0306
1.9899 -4.7576 0.0000
3.4952 -1.5436 0.0036
-4.2474 1.0458 0.0001
-4.7601 1.0895 0.0000
-4.2524 -2.0894 0.0001
-4.3319 -2.3811 0.0000
-4.5878 -2.4922 0.0000
4.7442 1.7114 0.0000
-1.3005 -2.7229 0.0025
-1.5628 -2.8156 0.0025
-2.4554 -1.6826 0.0239
-2.5836 -1.8424 0.0176
-2.7925 -1.8912 0.0135
-2.9014 -2.9688 0.0017
-0.6187 -1.6632 0.0109
-0.7724 -1.8462 0.0090
-3.0647 1.4020 0.0159
-3.1410 1.1584 0.0172
3.2165 0.9073 0.0179
-1.4156 -4.7525 0.0000
0.0902 0.3287 0.0292
4.1817 3.2943 0.0000
4.0436 3.1033 0.0000
-2.5062 2.4408 0.0069
-2.3726 2.2052 0.0112
-2.6396 2.2109 0.0095
-1.8678 0.7242 0.0617
-1.9691 0.8881 0.0576
-2.0353 0.7295 0.0655
-2.1084 0.5971 0.0717
-2.1645 0.4759 0.0762
-2.2805 0.5617 0.0734
-2.3969 0.4400 0.0752
-2.2155 0.2854 0.0812
-2.2646 0.4052 0.0783
-2.3631 0.3052 0.0793
-2.3087 0.1812 0.0822
-4.3458 4.5260 0.0000
-4.7334 4.5090 0.0000
-0.7957 -1.5240 0.0143
-0.9625 -1.6883 0.0127
-1.1707 -1.8042 0.0123
4.7538 2.3329 0.0000
-0.3625 -1.2472 0.0164
-0.5807 -1.3884 0.0152
-0.8917 -2.3513 0.0041
-3.7185 0.8630 0.0025
-3.7917 0.6093 0.0020
-4.0348 0.7152 0.0004
-4.0335 0.4400 0.0005
1.1529 -0.1887 0.0472
0.8694 -0.3819 0.0375
-0.2719 4.5080 0.0000
4.7702 -2.3612 0.0000
4.7731 -2.6723 0.0000
4.5386 -2.5454 0.0000
4.5333 -2.8317 0.0000
-1.6514 2.1901 0.0098
-1.7299 1.9173 0.0159
3.2286 4.0849 0.0001
3.0671 3.9100 0.0002
-3.3215 1.5463 0.0066
-3.3213 1.2834 0.0090
-3.5032 1.0835 0.0056
1.5916 4.5940 0.0000
-4.0323 0.1609 0.0006
-4.2776 0.2272 0.0001
-1.8630 -2.8582 0.0027
-1.7139 -3.0656 0.0016
-1.9799 -3.1582 0.0015
-2.2963 -3.1460 0.0016
-1.7646 4.0454 0.0002
-1.9578 3.8847 0.0003
-4.5274 0.6389 0.0000
-4.7661 0.4770 0.0000
4.2973 -2.4852 0.0000
4.0828 -2.6698 0.0000
3.5926 -4.7482 0.0000
-4.7657 -3.2917 0.0000
-2.3580 -4.7555 0.0000
-3.0532 0.4138 0.0346
-2.5450 0.4832 0.0686
-2.7016 0.4367 0.0609
-2.7011 0.2825 0.0639
-2.8743 0.3322 0.0500
-2.8423 0.1435 0.0546
-2.9804 0.0288 0.0434
1.7331 1.7077 0.0204
0.9284 0.5238 0.0370
0.6962 0.5057 0.0328
0.7740 0.3446 0.0361
0.6608 0.2364 0.0350
0.4929 0.1191 0.0331
0.4876 0.3578 0.0316
0.3555 -0.0387 0.0318
0.0404 -3.2710 0.0004
4.4182 -1.7088 0.0000
4.2084 -1.8797 0.0000
-1.1202 4.4769 0.0000
4.4753 1.0360 0.0000
4.3143 1.2694 0.0001
4.1202 1.1244 0.0003
-1.7236 -4.7630 0.0000
2.3006 -2.8660 0.0031
2.1813 -3.0832 0.0020
2.5484 -1.0244 0.0478
2.5506 -1.2376 0.0391
2.3709 -1.1388 0.0470
2.3467 -1.3386 0.0386
-2.7796 2.0218 0.0112
-1.5085 1.7620 0.0172
-1.7427 1.6602 0.0231
-2.0805 4.7480 0.0000
-2.2412 4.4700 0.0000
-0.9730 -0.1371 0.0432
-0.9312 -0.3519 0.0402
-1.3103 -0.2383 0.0536
2.7176 -1.3913 0.0285
2.2884 -1.5481 0.0305
-1.0394 0.0365 0.0455
-1.1762 -0.0937 0.0498
4.1062 4.0192 0.0000
2.0223 2.3256 0.0084
1.9777 2.0702 0.0129
-2.4542 -1.9986 0.0147
1.1423 -3.3727 0.0006
0.9279 -3.5395 0.0004
3.9507 -1.4770 0.0004
-0.7398 -2.5875 0.0022
3.3936 -2.8090 0.0006
3.2010 -3.0276 0.0007
1.3836 -3.5171 0.0005
1.3771 -3.7774 0.0003
-0.5521 -2.0161 0.0061
-0.6223 -2.3063 0.0037
2.0719 0.1142 0.0799
1.9926 0.0209 0.0787
1.8990 0.0961 0.0758
1.9645 -0.0954 0.0777
1.8380 -0.1518 0.0733
1.7562 0.1111 0.0708
1.8412 -0.0135 0.0742
1.6382 0.0406 0.0665
1.7182 -0.0655 0.0695
1.6329 -0.1688 0.0654
-4.7529 4.1998 0.0000
1.4061 0.4906 0.0518
2.9060 -1.0630 0.0304
2.7576 -1.1829 0.0338
2.1675 -1.2076 0.0448
1.9588 -1.2949 0.0390
3.6402 4.7578 0.0000
3.3620 4.7448 0.0000
-2.0409 3.1173 0.0018
-2.1959 2.8832 0.0031
-2.3567 2.6651 0.0047
2.2170 3.6953 0.0004
-0.2412 -0.7866 0.0237
-4.0717 1.5108 0.0002
-4.2799 1.3240 0.0000
2.3886 4.5386 0.0000
2.1616 4.4615 0.0000
-0.7748 2.7180 0.0019
-1.0791 2.6621 0.0027
4.7558 2.0187 0.0000
-4.4492 -4.4879 0.0000
-4.7324 -4.4922 0.0000
0.9962 4.2208 0.0000
0.7603 4.2356 0.0000
1.0519 2.4858 0.0035
0.8175 2.5700 0.0025
0.7467 2.3432 0.0038
4.7564 -0.7640 0.0000
4.5130 -0.9093 0.0000
3.9198 -2.1401 0.0002
3.7317 -2.3492 0.0003
-3.1640 3.7301 0.0001
-4.4994 0.0403 0.0000
-0.3800 4.2461 0.0000
-0.5314 4.0234 0.0001
-3.7409 -0.7995 0.0026
-3.9803 -0.8922 0.0007
-4.0624 4.7134 0.0000
1.5019 -4.4943 0.0000
1.3807 -4.7466 0.0000
-1.6689 4.5092 0.0000
2.2976 -4.7508 0.0000
3.8003 -3.4290 0.0000
3.6479 -3.6574 0.0000
-1.0178 -2.5662 0.0029
-1.0135 -2.7934 0.0017
-1.2258 -2.9661 0.0014
-1.4477 -3.0873 0.0012
4.7528 2.6369 0.0000
4.5020 2.4842 0.0000
-1.9720 -0.7261 0.0640
-2.0469 -0.8703 0.0592
-2.1358 -1.0187 0.0533
-1.9637 -1.0499 0.0497
-2.1070 -1.1942 0.0449
1.5365 -1.3893 0.0276
1.2296 -1.6395 0.0161
-0.0442 -2.0743 0.0047
-4.4971 -1.9161 0.0000
-4.7617 -2.0302 0.0000
-4.5311 -2.1962 0.0000
-4.7801 -2.3312 0.0000
-3.6678 4.2622 0.0000
-3.8415 3.9855 0.0000
-0.8095 -2.1130 0.0060
1.0815 -1.2181 0.0238
0.8833 -1.4163 0.0166
0.7387 -1.6146 0.0118
-0.8133 -4.7737 0.0000
-4.5264 0.3404 0.0000
4.7732 0.1925 0.0000
-0.2752 2.3507 0.0029
-1.5818 0.8764 0.0471
-1.5410 1.0878 0.0384
-1.7014 1.0000 0.0461
-1.7963 0.8708 0.0539
-3.4072 -2.7355 0.0010
-3.2731 3.9734 0.0000
-3.4811 3.7756 0.0000
-4.1805 -3.1297 0.0000
-4.1454 3.4683 0.0000
-3.8301 -3.5989 0.0000
2.9013 -4.3624 0.0000
1.5998 3.3078 0.0008
4.5316 3.0697 0.0000
-0.3735 3.0034 0.0008
-0.4941 2.7779 0.0014
1.6344 3.6364 0.0003
1.3963 3.4861 0.0004
1.3981 3.1575 0.0010
-1.4386 4.0029 0.0002
2.8826 -0.8430 0.0376
2.7130 -0.9799 0.0427
-0.1984 1.8269 0.0072
-0.4679 1.8553 0.0073
-0.5736 1.5895 0.0113
2.8608 -3.7781 0.0002
-2.6877 -2.1129 0.0106
-2.9119 -2.2017 0.0070
3.5398 3.3006 0.0002
2.0537 4.7340 0.0000
-1.5500 1.3004 0.0313
-1.7382 1.1984 0.0394
-1.8820 1.0437 0.0490
-1.0421 0.7502 0.0352
-3.7107 -3.3286 0.0001
-4.0025 -3.3653 0.0000
-4.1338 -3.6357 0.0000
-2.7164 -1.6298 0.0214
-3.5056 0.3528 0.0087
-3.7752 0.3186 0.0025
-3.8432 0.0054 0.0018
-3.9975 -0.1805 0.0007
1.3150 1.0025 0.0351
-3.2508 2.1254 0.0035
2.8013 -0.2983 0.0550
2.7307 -0.4698 0.0569
3.8603 2.9387 0.0001
-2.4479 -3.4109 0.0009
2.1277 -1.4182 0.0356
2.0901 -1.6603 0.0262
1.8504 -1.7570 0.0211
1.6124 -1.8232 0.0167
-2.3216 4.2132 0.0001
-2.2263 3.9321 0.0002
-2.5104 3.9969 0.0002
3.1829 -2.2188 0.0036
1.4023 4.7583 0.0000
1.2501 4.5279 0.0000
4.3947 4.5152 0.0000
4.5256 4.2754 0.0000
-3.9942 3.1768 0.0000
-2.9678 -4.2847 0.0001
-3.1285 -4.5228 0.0000
-3.3018 -4.7489 0.0000
2.5482 -3.3395 0.0009
2.2853 -3.3223 0.0011
2.4119 -3.5822 0.0005
2.2922 -3.8261 0.0003
-0.2136 3.1954 0.0005
-0.7116 -3.5162 0.0002
4.5090 -3.4252 0.0000
4.5024 -3.7208 0.0000
4.2328 -3.8450 0.0000
3.9502 -3.7045 0.0000
3.9928 -3.9935 0.0000
3.3504 -3.5922 0.0001
3.1629 -3.8073 0.0001
3.0622 -4.2080 0.0000
0.3506 -1.4289 0.0129
0.1079 -1.3265 0.0142
0.0890 -1.5832 0.0102
0.5212 -1.6375 0.0103
0.2954 -1.7251 0.0085
0.0482 -1.8562 0.0068
0.2502 -3.7785 0.0001
0.1985 -4.0856 0.0001
-2.6670 -4.7650 0.0000
0.6367 0.7082 0.0287
1.3785 -3.2179 0.0011
-0.3610 3.5859 0.0002
-0.3948 3.3437 0.0004
2.5971 -4.7314 0.0000
3.2127 0.6497 0.0212
3.0031 0.5381 0.0365
-1.8989 2.8826 0.0029
-2.0479 2.6393 0.0050
-1.7905 4.7534 0.0000
-1.9646 4.4998 0.0000
0.2747 0.2008 0.0308
0.1432 -0.0057 0.0307
0.0016 0.1573 0.0302
-0.0865 -0.0362 0.0306
-0.2483 0.0752 0.0312
-3.6714 -1.0307 0.0032
-3.5589 -1.2559 0.0043
-3.8819 -1.1242 0.0010
-3.7858 -1.3871 0.0014
-4.0769 -1.2823 0.0003
-4.2610 -1.5111 0.0001
-4.0032 -1.5746 0.0004
-4.2267 -1.8030 0.0001
-0.9158 -3.6791 0.0001
-1.3860 -3.6959 0.0002
-1.5857 -3.8748 0.0001
-2.0552 -4.7410 0.0000
4.7340 -0.4493 0.0000
4.5043 -0.6121 0.0000
-1.0086 4.7419 0.0000
-4.4866 -3.9941 0.0000
-4.7348 -3.9051 0.0000
-4.5492 -4.2403 0.0000
-4.7731 -4.1947 0.0000
3.4984 -0.7846 0.0073
-3.0722 -1.0029 0.0240
-3.2332 -1.1663 0.0140
-3.0945 1.6815 0.0105
1.3067 -2.9201 0.0019
1.0916 -3.0903 0.0011
-1.9861 -2.1625 0.0111
-1.9757 -2.4011 0.0072
3.1196 4.7528 0.0000
3.2054 4.4856 0.0000
2.9249 4.5110 0.0000
3.0429 4.2495 0.0001
2.7534 4.2874 0.0001
-4.5443 -3.4392 0.0000
3.7879 1.4766 0.0013
3.5873 1.3258 0.0036
3.3469 1.3125 0.0087
3.4616 1.0541 0.0074
3.1742 1.1546 0.0164
-0.6306 3.7469 0.0002
-1.3853 0.9425 0.0389
3.5297 -2.5766 0.0006
3.1458 -2.7358 0.0015
-0.1687 -4.7568 0.0000
-3.7490 2.9787 0.0001
-3.9871 2.8504 0.0000
-3.9804 2.5749 0.0000
-4.2327 2.9941 0.0000
-4.2495 2.7458 0.0000
-4.2339 2.5182 0.0000
2.7976 -3.4391 0.0005
2.6457 -3.6311 0.0004
-0.3365 -4.2551 0.0000
-1.5991 0.4522 0.0607
-1.7313 0.4233 0.0665
-1.6523 0.2882 0.0662
-1.7572 0.1625 0.0722
-1.5992 0.1305 0.0660
-1.6970 0.0102 0.0706
-1.8389 0.0502 0.0760
-1.1291 -3.8328 0.0001
-1.3279 -4.0084 0.0001
3.6666 4.2605 0.0000
3.5055 4.0212 0.0001
2.1334 -3.5618 0.0006
1.9655 -3.7785 0.0003
1.7931 -3.9958 0.0002
-2.6702 -1.0129 0.0442
-2.8668 -1.0028 0.0350
-2.8264 -1.1913 0.0313
3.7623 1.1268 0.0019
3.6982 0.8539 0.0031
3.4460 0.7666 0.0095
-1.2785 0.7485 0.0415
-2.6191 -1.1945 0.0390
-2.7080 -1.3723 0.0297
-0.2230 -0.1828 0.0307
-0.4109 -0.3250 0.0312
2.8577 4.0343 0.0001
2.5050 3.5667 0.0006
2.8020 -4.6028 0.0000
4.0157 3.5007 0.0000
1.1264 -3.6791 0.0003
0.9114 -3.8609 0.0002
-3.3127 3.5699 0.0001
-0.2424 0.5423 0.0276
-0.1761 0.2548 0.0301
-0.4408 0.1509 0.0328
3.2634 -3.3160 0.0003
2.9987 -3.2387 0.0006
3.0494 -3.5402 0.0003
-0.8318 -4.2508 0.0000
3.5498 -4.2025 0.0000
3.4423 -4.5035 0.0000
-0.6880 4.2453 0.0001
-0.9746 4.2094 0.0001
-1.1393 3.9828 0.0001
0.9213 -4.4971 0.0000
-0.9245 -3.3680 0.0004
-1.1642 -3.5322 0.0003
-1.4310 -3.3960 0.0005
-1.6638 -3.5895 0.0004
-2.8036 4.4187 0.0000
-3.0607 4.2209 0.0000
3.4080 -0.2347 0.0130
-1.8192 4.2863 0.0001
0.4563 0.5844 0.0286
0.2564 0.4596 0.0286
0.0433 0.5924 0.0263
-0.0827 0.4295 0.0283
1.5065 0.9329 0.0423
1.3118 0.8112 0.0406
3.4986 1.9845 0.0024
3.3579 1.7946 0.0048
3.0909 1.6816 0.0111
3.3086 1.5316 0.0077
3.0687 1.4187 0.0160
-0.1673 -1.7309 0.0084
0.6539 3.4590 0.0002
-2.6947 1.1552 0.0380
-2.9138 1.1648 0.0277
-2.8016 0.9483 0.0400
-3.0254 0.9596 0.0268
-3.1749 0.7847 0.0213
-2.9228 0.7685 0.0376
-3.0477 0.5994 0.0323
2.1377 2.8331 0.0032
-3.1037 -3.7467 0.0002
-1.6558 -1.2593 0.0346
-1.9017 -1.2522 0.0396
-1.7795 -1.4151 0.0310
-2.0805 -1.3931 0.0357
-1.9307 -1.5189 0.0292
-1.4756 0.7432 0.0480
-1.4123 0.5728 0.0506
-1.5937 0.5985 0.0566
-1.3330 0.4148 0.0514
-1.4861 0.4028 0.0574
-1.4918 0.2599 0.0601
-1.8353 -3.8016 0.0002
-1.9070 -4.0589 0.0001
-2.1895 -4.1472 0.0001
-2.0411 -4.3408 0.0000
-2.2352 -4.4944 0.0000
0.1716 -0.6498 0.0254
0.0035 -0.8359 0.0223
-0.1745 -1.0143 0.0197
-1.7797 -1.0678 0.0451
3.2681 -4.3050 0.0000
-3.5807 1.6729 0.0021
-3.8894 1.7218 0.0004
3.6680 -2.8670 0.0002
-1.1215 1.3385 0.0218
-1.3475 1.1579 0.0312
-1.7183 -2.2871 0.0078
0.2695 -2.7201 0.0014
-0.0005 -2.7956 0.0011
-0.1142 -3.0604 0.0006
0.6685 3.9955 0.0001
0.5126 3.7489 0.0001
-0.0303 3.0602 0.0006
-0.1712 2.8503 0.0010
2.1070 -4.0302 0.0002
1.9336 -4.2563 0.0001
2.0936 3.9403 0.0002
1.8684 3.7784 0.0003
-0.2596 -1.9902 0.0057
-0.3539 -2.2354 0.0037
-0.7321 4.7473 0.0000
1.0225 -0.5436 0.0385
0.8017 -0.5803 0.0331
1.0229 -0.7135 0.0350
0.8578 -0.7924 0.0299
-0.5020 2.1991 0.0041
-4.7619 1.7143 0.0000
-4.7528 3.2522 0.0000
-3.0245 -2.4372 0.0039
-3.3219 -2.4502 0.0020
3.8175 -2.6209 0.0001
4.2767 3.5419 0.0000
1.1366 3.6903 0.0002
0.9380 3.5348 0.0002
1.4655 -1.6176 0.0199
1.3604 -1.8533 0.0133
1.1280 -1.8749 0.0107
3.9960 -4.5285 0.0000
3.8595 3.2760 0.0001
-2.4421 0.1925 0.0789
-2.5429 0.0667 0.0756
-2.7040 -0.1667 0.0651
-2.5212 0.3386 0.0733
-2.5677 0.2107 0.0731
-2.6802 0.1339 0.0670
-2.7109 -0.0002 0.0654
-2.8506 -0.0753 0.0543
-2.8520 -0.2569 0.0529
-3.0341 -0.1738 0.0386
-3.0114 -0.3653 0.0388
-2.5112 1.9766 0.0155
0.1317 3.5191 0.0002
-0.1097 3.4273 0.0003
1.2342 3.9854 0.0001
-1.3750 -1.8912 0.0123
-1.5603 -2.0625 0.0106
-4.2747 0.7779 0.0001
-4.2806 0.5027 0.0001
-1.7545 3.1374 0.0016
-3.4983 1.9969 0.0018
-3.7112 1.9127 0.0008
-1.4355 -1.1969 0.0320
-0.9822 0.2820 0.0423
-1.1321 0.1795 0.0477
-1.2557 0.0653 0.0527
-1.3194 0.2439 0.0536
-1.4307 0.0992 0.0593
-2.8305 -4.5343 0.0000
-2.9831 -4.7663 0.0000
4.7525 -3.8958 0.0000
-3.1904 -0.4565 0.0248
-3.3739 -0.5775 0.0135
-3.4812 -0.7897 0.0082
-0.7396 1.0924 0.0221
-0.8145 0.8517 0.0285
-0.0835 3.7395 0.0001
3.3027 -1.7360 0.0055
4.7831 2.9654 0.0000
4.5715 2.8083 0.0000
4.3582 2.7131 0.0000
2.2308 1.7101 0.0238
2.0863 1.5363 0.0297
-0.5865 -4.3684 0.0000
2.2345 3.1442 0.0016
0.8779 1.6611 0.0127
-2.8356 -3.2412 0.0010
-3.3734 -2.9904 0.0007
-1.6781 -3.2992 0.0009
-1.8902 -3.4350 0.0007
-2.1684 -3.3960 0.0009
-2.3271 -3.6559 0.0005
-2.5939 -3.7207 0.0004
-2.4238 3.7298 0.0004
-2.6507 3.5439 0.0005
4.7641 -0.1371 0.0000
-3.2563 0.3734 0.0207
-3.0715 0.2040 0.0352
-3.1835 -0.0167 0.0272
-3.3329 0.1537 0.0172
-3.4198 -0.0897 0.0129
-2.9837 4.7620 0.0000
-2.9927 4.5396 0.0000
4.2196 3.7857 0.0000
2.8265 0.6487 0.0465
2.8216 0.4521 0.0512
2.6712 0.5495 0.0586
2.4990 0.3934 0.0710
2.6879 -2.0018 0.0128
-0.4407 4.7546 0.0000
0.1470 -4.7125 0.0000
-3.0541 1.9539 0.0077
-3.3231 1.8280 0.0045
-1.2247 -1.5685 0.0177
-1.4316 -1.6616 0.0180
-1.6642 -1.5703 0.0238
-1.6285 -1.8126 0.0164
0.6404 3.1300 0.0006
0.3589 3.0200 0.0006
1.1187 -2.4580 0.0041
0.9988 -2.8247 0.0018
0.7974 -3.0425 0.0010
-4.7417 -0.1333 0.0000
4.5215 4.7531 0.0000
-1.5117 -2.5228 0.0045
-1.7656 -2.5853 0.0046
4.5188 2.1664 0.0000
4.4523 -4.2749 0.0000
4.4869 -4.7468 0.0000
0.5654 -3.1258 0.0007
0.3434 -3.2695 0.0004
-3.7530 3.7390 0.0000
-3.8830 3.4762 0.0000
-4.1296 -2.8575 0.0000
-0.8728 -0.7940 0.0309
-1.0497 -0.9460 0.0309
-1.2290 -1.0873 0.0309
0.1510 2.9186 0.0008
4.2609 0.9286 0.0001
4.2062 0.7223 0.0002
3.9456 0.6515 0.0009
4.1745 0.4341 0.0002
3.9110 0.3574 0.0012
3.7879 0.1094 0.0025
-1.9944 1.3976 0.0359
-1.9373 1.2217 0.0425
-2.1446 1.2722 0.0426
-2.0768 1.0639 0.0515
-2.1322 0.8633 0.0611
-0.0228 2.4903 0.0021
4.7187 4.5019 0.0000
4.7576 4.1912 0.0000
-0.6646 2.0138 0.0062
-4.1578 -2.6137 0.0001
-2.9931 -1.7062 0.0131
-3.2295 -1.9032 0.0060
-3.4430 -2.0741 0.0025
-2.7213 3.8149 0.0002
2.8408 1.5956 0.0191
2.8076 1.3756 0.0261
2.9285 3.7379 0.0003
-3.3265 -1.3577 0.0089
-3.5138 -1.5289 0.0039
-3.4932 -1.8070 0.0030
-3.7416 -1.6891 0.0013
-3.7095 -2.0023 0.0010
-3.9673 -1.8489 0.0004
-3.9876 -2.0872 0.0002
-1.2656 4.2336 0.0001
-1.5532 4.2356 0.0001
2.2410 3.4266 0.0008
-2.2151 -0.8569 0.0611
-2.2934 -1.0122 0.0537
-2.4692 -1.0554 0.0490
-2.4534 -1.2837 0.0393
-2.2871 -1.1764 0.0460
-2.2694 -1.3635 0.0376
-2.3115 -1.5359 0.0302
-2.5232 -1.4627 0.0309
-0.0133 1.6540 0.0093
1.0858 2.7629 0.0020
-3.2070 4.4665 0.0000
-3.3713 4.2333 0.0000
2.3231 -0.1467 0.0802
2.1946 -0.1716 0.0807
2.1097 -0.0265 0.0810
2.0874 -0.1415 0.0800
2.1392 -0.2914 0.0785
2.0241 -0.3496 0.0755
2.0166 -0.2259 0.0776
1.9074 -0.2415 0.0745
1.8877 -0.3539 0.0718
1.7533 -0.2355 0.0693
1.7548 -0.3575 0.0672
1.7514 -0.4971 0.0637
2.2766 -0.2821 0.0788
2.1958 -0.4135 0.0761
2.1580 -0.5613 0.0715
2.0584 -0.4626 0.0733
1.9158 -0.4821 0.0694
2.0157 -0.6257 0.0673
1.8608 -0.6237 0.0635
1.7228 -0.6633 0.0578
1.5863 -0.6434 0.0537
1.8954 -0.7707 0.0592
1.7370 -0.8163 0.0530
1.5586 -0.8218 0.0472
-0.1234 1.4078 0.0130
1.1308 3.0498 0.0010
0.8873 3.0263 0.0009
0.8316 2.8062 0.0014
-4.2931 3.8294 0.0000
-3.2288 -4.2578 0.0001
4.7541 1.0752 0.0000
4.7527 0.7853 0.0000
4.5163 0.7903 0.0000
4.4328 0.5598 0.0000
-2.0326 -3.6434 0.0004
-2.1303 -3.8819 0.0002
-2.4010 -3.9471 0.0002
-2.6602 -4.0316 0.0002
-2.7034 -4.2867 0.0001
3.6606 2.7781 0.0004
2.8424 3.0199 0.0016
-1.2976 1.6028 0.0181
-1.3298 1.3772 0.0244
-4.5473 -1.3924 0.0000
-4.7756 -1.4625 0.0000
-3.5554 1.3756 0.0034
-3.7574 1.1566 0.0016
-4.4959 2.7747 0.0000
-4.7510 2.6396 0.0000
-4.4990 2.4762 0.0000
-4.7544 2.3318 0.0000
3.1487 1.9400 0.0068
2.8866 1.8485 0.0127
2.6484 1.7598 0.0189
-1.6940 -0.8701 0.0508
-0.3234 -3.2027 0.0004
-0.5259 -3.3540 0.0003
3.0012 -4.0130 0.0001
2.8204 -1.5685 0.0202
-1.5162 -0.8453 0.0463
-1.4023 -0.9795 0.0385
-1.1233 -0.2817 0.0466
-1.0833 -0.4813 0.0424
-1.2733 -0.4214 0.0495
-1.2330 -0.6118 0.0442
-1.3856 -0.7291 0.0459
3.1212 -4.5261 0.0000
4.4370 4.0128 0.0000
4.5026 3.7277 0.0000
-0.5582 4.4962 0.0000
0.4936 4.2511 0.0000
0.3692 4.0057 0.0001
1.1861 -3.9779 0.0002
1.0002 -4.2013 0.0001
0.7143 -4.0506 0.0001
0.7081 -4.3008 0.0001
-0.2275 1.1828 0.0170
-0.4877 1.1441 0.0189
1.8487 -3.5130 0.0007
1.6497 -3.7145 0.0004
1.5038 -4.0015 0.0002
-1.7938 -0.1031 0.0742
-1.9044 -0.2048 0.0770
-1.9931 -0.1080 0.0805
-2.2226 -0.1869 0.0827
-2.0443 -0.2030 0.0807
-2.0070 -0.3283 0.0776
-2.1363 -0.2867 0.0806
-4.5219 4.3444 0.0000
-1.2624 4.7447 0.0000
-1.5145 4.7536 0.0000
-3.9455 4.2438 0.0000
-4.1260 4.0170 0.0000
-4.2233 -0.0644 0.0002
-4.4608 -0.2498 0.0000
-4.7301 -0.4199 0.0000
-4.4505 -0.5306 0.0000
-4.7161 -0.6948 0.0000
-4.7582 -0.9315 0.0000
-3.4185 -4.4685 0.0000
-3.6755 -4.3879 0.0000
-3.6169 -4.7141 0.0000
-3.8980 -4.5675 0.0000
-3.9242 -4.7878 0.0000
0.9841 4.4877 0.0000
0.7292 4.4773 0.0000
-1.1572 3.1587 0.0010
3.2894 -4.7559 0.0000
4.2278 4.7593 0.0000
1.4764 4.3997 0.0000
1.2324 4.2586 0.0000
4.7319 3.9073 0.0000
3.7690 2.1314 0.0007
-4.4894 -1.6377 0.0000
-4.7438 -1.7330 0.0000
1.9695 1.7612 0.0210
1.8580 1.5222 0.0279
1.9672 1.3269 0.0370
1.7116 1.3444 0.0322
1.5981 1.5422 0.0236
1.5863 1.1513 0.0367
3.2326 -1.4575 0.0097
4.3086 -2.7637 0.0000
3.9560 -2.8986 0.0000
2.7971 3.5078 0.0006
2.7262 3.2715 0.0011
-2.9392 -4.0489 0.0001
-1.9114 -0.5908 0.0677
-1.7934 -0.7185 0.0596
-1.8736 -0.8833 0.0552
-3.7672 -4.1098 0.0000
2.3044 -0.6645 0.0677
2.3421 -0.8001 0.0620
2.2123 -1.0277 0.0529
2.2919 -0.5358 0.0723
2.1704 -0.7011 0.0666
2.2033 -0.8543 0.0605
2.0377 -0.7962 0.0613
2.0555 -0.9545 0.0550
1.9996 -1.1091 0.0474
1.8738 -0.9491 0.0516
1.7960 -1.1407 0.0421
1.7489 -1.3447 0.0334
0.4362 0.8424 0.0243
2.9804 -4.7655 0.0000
3.3190 3.1292 0.0006
3.1246 2.9660 0.0012
2.9454 2.7762 0.0024
2.8422 2.5326 0.0043
1.7764 1.9541 0.0143
1.5554 1.8405 0.0151
0.7122 0.0378 0.0367
0.7555 -0.1804 0.0370
0.6554 -0.3611 0.0336
0.5524 -0.1130 0.0338
0.4661 -0.2884 0.0317
0.2605 -0.2269 0.0304
0.5853 -0.5424 0.0303
0.3963 -0.4814 0.0290
0.2420 -0.4251 0.0286
3.4616 -3.8627 0.0000
3.3015 -4.0500 0.0000
-3.6237 -3.0597 0.0003
-3.8970 -3.0893 0.0001
3.4633 -2.2861 0.0013
3.2470 -2.5029 0.0018
3.8849 -4.7609 0.0000
-4.2902 -3.4000 0.0000
-4.4503 -3.7008 0.0000
4.7652 -4.4922 0.0000
4.7575 -4.7597 0.0000
-2.2253 -2.1084 0.0127
-3.1151 3.3793 0.0003
-3.2487 3.0987 0.0005
-3.5183 3.0875 0.0002
-3.4393 2.8370 0.0005
-3.7057 2.7117 0.0002
0.3506 1.5626 0.0114
-3.7919 4.5152 0.0000
-4.0762 4.4813 0.0000
-1.1400 -4.2366 0.0000
-1.2676 -4.5020 0.0000
-2.9384 3.6090 0.0003
-4.7891 4.7834 0.0000
-4.4789 4.0451 0.0000
1.1545 3.3427 0.0005
0.8875 3.2764 0.0004
0.1742 -3.4980 0.0002
-0.0334 -3.6148 0.0002
-0.2491 -3.7441 0.0001
0.4661 -4.7708 0.0000
1.1833 2.0570 0.0084
0.9697 1.9296 0.0090
-3.8034 1.4507 0.0009
-4.0162 1.2349 0.0003
-3.9784 0.9528 0.0005
3.8404 -4.2225 0.0000
3.7310 -4.4760 0.0000
3.8147 -1.1487 0.0012
4.1860 -0.1980 0.0002
4.2593 -0.7473 0.0001
3.9739 -0.6784 0.0007
4.0350 -0.9548 0.0004
4.7469 -2.0467 0.0000
4.5257 -2.2620 0.0000
-0.1758 -3.4059 0.0002
-0.3844 -3.5510 0.0002
-0.5824 -3.7167 0.0001
-1.1903 2.0668 0.0085
1.6390 -4.2501 0.0001
1.3280 -4.2336 0.0001
1.2025 -4.4813 0.0000
-0.3683 -1.5233 0.0119
-0.4311 -1.7918 0.0083
3.7075 -1.3630 0.0017
3.4524 -1.2711 0.0058
4.2730 2.9774 0.0000
4.0707 2.7819 0.0001
3.8596 2.6352 0.0002
4.5217 3.4324 0.0000
4.3865 3.2394 0.0000
-1.5411 1.5215 0.0242
-1.7725 1.4162 0.0318
-1.8663 -1.7226 0.0214
-2.1287 -1.6362 0.0263
-2.2868 -1.8232 0.0202
-2.0528 -1.8956 0.0176
2.6143 -4.3748 0.0000
1.5234 -0.0491 0.0618
1.4655 -0.2057 0.0583
1.3004 -0.2684 0.0514
1.6056 -0.3248 0.0621
1.4406 -0.3861 0.0547
1.2527 -0.4447 0.0470
1.0950 -0.3685 0.0434
1.2173 -0.6314 0.0419
2.1774 1.3489 0.0377
2.2239 1.1944 0.0446
2.0407 1.1414 0.0459
1.8226 1.1623 0.0414
2.1716 1.0099 0.0529
2.0627 0.9024 0.0568
1.9818 0.7766 0.0607
1.9335 0.9974 0.0506
1.8433 0.8619 0.0542
-3.4064 3.3226 0.0002
1.9454 -3.0005 0.0023
1.9979 -3.2965 0.0012
1.7607 -3.1909 0.0014
1.6161 -3.3876 0.0008
-3.9640 -4.3231 0.0000
-1.0224 1.7694 0.0116
2.5686 -3.8776 0.0002
2.4345 -4.1276 0.0001
2.2285 -4.2799 0.0001
0.7775 4.7390 0.0000
4.2807 -1.0688 0.0001
4.0518 -1.2529 0.0002
2.3624 2.9399 0.0026
-3.4794 -4.1248 0.0000
2.6864 -2.5465 0.0048
2.4510 -2.6931 0.0043
-0.8465 4.4842 0.0000
0.7394 2.0945 0.0060
0.7029 1.8561 0.0087
0.6084 1.6094 0.0118
-2.9702 2.5903 0.0029
-3.1863 2.3880 0.0027
0.4788 1.0846 0.0202
0.2315 0.9997 0.0203
-2.9682 -0.7966 0.0344
-3.1703 -0.6980 0.0234
-3.2477 -0.8775 0.0170
-3.4172 -1.0427 0.0088
0.9533 1.2126 0.0226
0.7197 1.1538 0.0210
0.6789 0.9206 0.0253
-2.0340 -2.6441 0.0045
-2.2800 -2.6593 0.0046
-2.1363 -2.9118 0.0027
2.6811 3.7996 0.0003
2.2129 -2.5798 0.0057
2.0709 -2.7820 0.0038
-4.2730 2.2688 0.0000
-4.5245 2.1561 0.0000
-4.7548 2.0138 0.0000
-2.6908 -3.4731 0.0007
-2.9039 -3.5706 0.0005
0.6311 -0.7571 0.0273
0.3958 -0.7005 0.0259
0.5553 -1.1708 0.0185
0.4732 -0.9408 0.0223
0.3185 -1.1608 0.0174
-1.9704 1.5863 0.0283
-2.1994 1.5076 0.0327
-2.4039 1.7421 0.0232
-2.4217 1.5384 0.0303
-4.4075 -2.6672 0.0000
-4.6162 -2.8238 0.0000
-1.3973 4.4867 0.0000
-1.6880 0.7407 0.0553
-1.7675 0.5760 0.0636
-1.9432 0.5900 0.0686
-1.8774 0.4468 0.0711
-2.0224 0.4674 0.0744
-1.9663 0.3270 0.0766
-2.1107 0.3613 0.0788
-2.0707 0.2406 0.0806
-2.1812 0.1607 0.0830
4.7248 0.4969 0.0000
4.4932 0.3021 0.0000
4.5715 0.0471 0.0000
4.3513 -0.0403 0.0001
-0.7618 1.7785 0.0095
-0.8495 1.5240 0.0144
-1.0844 1.5429 0.0165
2.7973 -0.6405 0.0484
2.8862 4.7564 0.0000
4.0096 -3.1671 0.0000
-2.8805 -2.6931 0.0030
-3.1490 -2.6765 0.0020
4.2328 -2.9911 0.0000
4.2729 -3.2777 0.0000
4.0354 -3.4209 0.0000
4.2511 -3.5742 0.0000
0.9848 2.2308 0.0055
0.8640 -3.2862 0.0006
0.6247 -3.3837 0.0004
0.4372 -3.5798 0.0002
-1.8221 0.2955 0.0727
-1.9239 0.1801 0.0779
-1.9744 0.0436 0.0804
-1.9089 -0.0616 0.0784
-2.0661 -0.0306 0.0825
-2.0562 0.1213 0.0819
-2.1438 0.0402 0.0836
-2.1272 -0.1266 0.0829
-2.2141 -0.0548 0.0839
-2.3334 -0.0765 0.0827
1.8610 -2.6568 0.0046
1.8465 2.7935 0.0031
1.5810 2.6772 0.0035
1.3171 2.5743 0.0036
-2.3725 4.7499 0.0000
-2.6965 4.7238 0.0000
-1.4281 -0.5507 0.0522
-1.5984 -0.6745 0.0547
0.9809 -1.6745 0.0128
0.7835 -1.8445 0.0087
0.7471 -3.6036 0.0003
0.6120 -3.7763 0.0002
0.4481 -3.9696 0.0001
1.7059 4.2787 0.0000
1.4800 4.1154 0.0001
-3.2784 4.7362 0.0000
-3.5844 4.7539 0.0000
-3.4894 4.4978 0.0000
1.8037 0.5286 0.0648
1.6952 0.4056 0.0642
1.5300 0.3480 0.0592
1.4129 0.2458 0.0561
1.6758 0.2476 0.0663
1.5597 0.1570 0.0627
1.4249 0.0717 0.0579
1.3206 -0.0707 0.0538
-1.9515 1.7992 0.0210
3.7664 -0.8692 0.0019
3.5662 -1.0606 0.0044
-4.2024 -0.6990 0.0002
-4.2150 -1.0115 0.0001
-4.4578 -0.8103 0.0000
-4.5118 -1.0577 0.0000
-4.3548 -1.2597 0.0000
-4.7371 -1.1889 0.0000
1.9855 3.2976 0.0011
1.9896 3.0227 0.0020
-3.7787 -2.2875 0.0005
-4.0641 -2.3428 0.0001
-2.9849 3.9251 0.0001
-1.4383 -4.2661 0.0000
-1.5774 -4.5074 0.0000
0.4782 4.7509 0.0000
4.0980 4.5103 0.0000
1.1370 1.7272 0.0136
1.2547 1.4983 0.0199
1.0218 1.4567 0.0180
-3.1359 -2.9006 0.0014
-3.1405 -3.1728 0.0008
1.9624 0.3252 0.0746
1.8335 0.3721 0.0698
1.8229 0.2407 0.0718
1.9551 0.1934 0.0765
2.9358 -2.9476 0.0015
2.7366 -3.1391 0.0013
0.3746 3.5258 0.0002
-2.7938 2.4082 0.0056
-2.9643 2.2246 0.0059
0.1315 1.4553 0.0124
0.0480 1.1896 0.0167
1.2783 0.6245 0.0445
1.1451 0.4846 0.0434
1.2990 0.3646 0.0504
1.1227 0.3008 0.0455
0.9510 0.3412 0.0402
2.4490 -0.0940 0.0775
-1.2667 -2.0914 0.0083
-1.4240 -2.2700 0.0068
-1.3679 -0.0690 0.0570
-1.4856 -0.1938 0.0610
-1.4488 -0.3676 0.0570
-1.5381 -0.0279 0.0640
-1.6447 -0.1440 0.0680
-1.6074 -0.3070 0.0644
-1.7572 -0.2461 0.0713
-1.7340 -0.3998 0.0675
-1.8752 -0.3329 0.0739
-1.8748 -0.4597 0.0707
-1.5908 -0.4841 0.0600
-1.7443 -0.5611 0.0634
2.0982 -4.5135 0.0000
0.2168 3.7737 0.0001
-2.6301 -0.6921 0.0578
-2.7546 -0.8290 0.0466
4.2810 -1.3808 0.0000
2.6225 4.7700 0.0000
-0.9452 2.0196 0.0075
-1.2457 1.8325 0.0127
3.6317 3.7800 0.0001
3.4475 3.5717 0.0002
3.3181 -0.9832 0.0120
3.0617 -1.0810 0.0221
3.2713 3.3905 0.0004
3.1114 3.5764 0.0003
3.0202 3.2651 0.0008
-2.1227 3.6320 0.0005
-2.1844 3.3407 0.0011
-2.3836 3.4652 0.0007
-2.5463 3.2648 0.0011
3.3204 2.4291 0.0021
3.2622 2.1450 0.0038
3.0496 2.3299 0.0045
2.9473 2.0975 0.0079
-4.2823 3.2562 0.0000
-4.5157 3.3884 0.0000
-4.4999 3.0701 0.0000
-4.7513 2.9451 0.0000
-2.6602 2.6714 0.0039
-2.8423 2.8490 0.0021
2.7550 2.2782 0.0075
2.6752 2.0169 0.0125
2.4884 2.2061 0.0103
2.4135 1.9277 0.0167
2.2358 2.1478 0.0119
2.1461 1.9184 0.0173
3.1773 -0.2108 0.0268
3.1680 -0.4455 0.0256
1.3187 1.8991 0.0118
1.4113 1.6555 0.0179
3.1199 -1.9294 0.0069
0.0327 -0.2258 0.0297
0.0639 -0.4362 0.0279
-0.1593 -0.3813 0.0288
-0.0787 -0.6111 0.0258
-0.3124 -0.5536 0.0277
-0.4698 -0.7443 0.0261
1.6605 -0.9925 0.0443
1.5648 -1.1810 0.0351
1.3363 -1.2041 0.0291
1.3252 -1.4055 0.0232
1.1105 -1.4336 0.0191
0.3563 -2.4387 0.0025
0.0769 -2.5134 0.0020
3.9501 1.2960 0.0006
3.9654 0.9299 0.0007
3.6778 0.5733 0.0039
-4.5164 0.9396 0.0000
-4.7635 0.7859 0.0000
2.4729 3.2813 0.0012
2.5694 3.0297 0.0020
-4.2316 -3.9032 0.0000
4.2497 4.2594 0.0000
3.9565 4.2620 0.0000
3.8080 4.0110 0.0000
0.4476 -4.2497 0.0000
0.1680 -4.3835 0.0000
1.7667 3.1374 0.0014
1.6162 2.9616 0.0019
1.3537 2.8623 0.0020
3.8043 4.5097 0.0000
3.5140 4.5095 0.0000
3.3778 4.2809 0.0000
4.7517 -3.2791 0.0000
4.7552 -3.5877 0.0000
2.6600 -2.8494 0.0027
2.4680 -3.0604 0.0019
0.3853 -4.5150 0.0000
4.0555 2.1810 0.0002
3.9880 1.9182 0.0003
3.7127 1.8177 0.0013
3.5575 1.6088 0.0030
4.7857 4.7762 0.0000
-1.2420 -1.3230 0.0243
-1.4778 -1.4233 0.0255
0.2413 -0.8973 0.0218
0.0724 -1.0772 0.0183
-0.1351 -1.2333 0.0159
-0.1358 -1.4610 0.0122
4.1522 -1.6114 0.0001
4.1044 -2.0641 0.0001
4.5032 1.8552 0.0000
-0.8506 3.2188 0.0007
-0.9811 2.9358 0.0014
-0.9146 1.2726 0.0203
-0.9722 1.0202 0.0271
-1.1564 1.1391 0.0276
-1.1824 0.9332 0.0338
0.9611 3.9520 0.0001
0.7931 3.7366 0.0001
2.5727 4.0680 0.0001
2.3947 3.8761 0.0003
-2.8509 1.7914 0.0144
-2.8701 1.5709 0.0189
-2.2634 -0.3213 0.0801
-2.3382 -0.2127 0.0812
-2.4173 -0.3191 0.0774
-2.3043 -0.4453 0.0765
-2.4444 -0.4583 0.0731
-2.5256 -0.5688 0.0667
-2.5565 -0.3910 0.0703
-2.6636 -0.5070 0.0616
-2.8034 -0.6393 0.0492
0.1772 4.7580 0.0000
0.0097 4.5269 0.0000
-0.1402 4.7636 0.0000
-0.4454 -3.9107 0.0001
-0.5988 -4.0924 0.0000
3.0440 -0.0373 0.0375
2.8699 -0.1125 0.0515
2.9903 -0.2711 0.0405
2.9238 -0.4639 0.0432
-0.9541 -0.6034 0.0367
-1.1000 -0.7327 0.0375
-1.2557 -0.8557 0.0384
2.9439 1.2166 0.0251
2.9707 0.9894 0.0293
2.7819 1.1077 0.0354
2.8091 0.8474 0.0421
2.6920 0.9876 0.0434
2.6072 0.8720 0.0512
2.6425 0.7197 0.0550
2.5215 0.5609 0.0655
-3.8897 -2.5756 0.0002
-0.2804 -2.8494 0.0010
-0.5111 -2.7397 0.0014
-0.4932 -3.0218 0.0007
-0.7065 -3.1840 0.0005
2.4486 1.6756 0.0240
2.3338 1.4809 0.0320
4.1673 2.5259 0.0001
3.9501 2.3957 0.0002
-3.2432 2.6432 0.0014
-3.4742 2.5274 0.0008
-3.4996 2.2572 0.0012
-3.7644 2.1614 0.0004
-3.7450 2.4276 0.0003
-4.0194 2.2876 0.0001
-4.0021 2.0047 0.0001
-0.0745 0.9891 0.0201
-0.3182 0.9519 0.0215
-0.5698 0.9165 0.0240
-0.3954 0.7365 0.0258
-0.6316 0.6985 0.0289
-0.0471 -4.2060 0.0000
-0.0911 -4.4863 0.0000
-3.1835 -4.0058 0.0001
4.1980 -4.7505 0.0000
3.9218 -1.8343 0.0003
3.0106 0.7650 0.0319
4.7206 -1.7309 0.0000
-3.8921 -2.8316 0.0001
3.7621 -1.6478 0.0009
3.5735 -1.8135 0.0018
3.3864 -2.0165 0.0027
2.2014 -2.3100 0.0095
1.9916 -2.4653 0.0069
2.6523 4.5391 0.0000
2.4740 4.3166 0.0001
-1.2019 0.5713 0.0437
-1.1595 0.3699 0.0463
4.5231 -1.2121 0.0000
-2.1505 -0.4283 0.0773
-2.3692 -0.5829 0.0710
-2.0076 -0.4521 0.0745
-2.0667 -0.5761 0.0715
-2.1356 -0.7137 0.0670
-2.2180 -0.5705 0.0729
-2.2963 -0.7164 0.0669
-2.3871 -0.8699 0.0590
-2.4602 -0.7178 0.0636
-2.5598 -0.8658 0.0544
1.6074 3.9179 0.0001
1.3949 3.7784 0.0002
0.5833 2.8534 0.0011
0.3150 2.6790 0.0014
0.5652 2.5926 0.0020
0.4926 2.3580 0.0031
0.2426 2.4000 0.0026
0.2533 2.0940 0.0047
-0.1283 -2.3215 0.0030
-0.2045 -2.5830 0.0017
-0.4333 -2.4975 0.0023
4.7610 -1.0769 0.0000
2.7339 -0.0049 0.0622
2.6919 -0.1630 0.0644
2.5433 -0.1983 0.0727
2.4111 -0.2472 0.0770
2.4841 -0.3631 0.0724
2.3453 -0.3971 0.0755
2.6300 -0.3255 0.0661
2.5741 -0.4903 0.0654
2.4334 -0.5214 0.0700
2.4553 -0.6624 0.0647
-0.9609 -4.4964 0.0000
-1.1099 -4.7505 0.0000
-0.7698 -3.8917 0.0001
-0.9751 -4.0248 0.0001
-1.5904 -1.0457 0.0412
1.9960 3.5822 0.0005
1.7778 3.4554 0.0006
-2.6931 3.0579 0.0016
-3.1197 2.8613 0.0012
-3.3825 -3.8114 0.0001
-2.4205 -4.2532 0.0001
-2.5302 -4.5184 0.0000
-2.1823 1.7309 0.0243
-2.6316 1.7673 0.0194
-2.6440 1.5589 0.0255
-2.5674 1.3475 0.0349
-2.7983 1.3584 0.0271
-0.6192 0.0430 0.0356
-0.7843 -0.2259 0.0380
0.5274 -1.8958 0.0070
0.2619 -1.9937 0.0055
0.1592 -2.2372 0.0035
-2.3433 3.1245 0.0017
-2.5013 2.9034 0.0027
-3.8660 4.7699 0.0000
-0.0088 2.2219 0.0035
0.0087 1.9565 0.0058
-0.2715 2.0714 0.0048
3.9318 4.7580 0.0000
3.2536 -0.6980 0.0179
3.0973 -0.8776 0.0240
-3.5971 0.0994 0.0062
-3.6668 -0.1868 0.0045
-3.8354 -0.3554 0.0019
-4.1765 -0.3910 0.0002
-0.5613 2.4850 0.0025
0.9461 -2.2812 0.0048
0.6624 -2.3892 0.0032
0.8741 -2.5733 0.0027
0.7166 -2.8044 0.0015
0.5447 -2.6286 0.0019
1.5391 2.3909 0.0059
-2.4676 -2.2571 0.0094
-2.2193 -2.3819 0.0078
-2.4684 -2.5124 0.0059
-2.7287 -2.4160 0.0060
-1.4494 3.1399 0.0013
-1.6033 2.9024 0.0025
0.4988 4.5023 0.0000
0.2628 4.5015 0.0000
2.4626 -1.9174 0.0173
2.4639 -2.1675 0.0115
2.2368 -2.0591 0.0147
2.4463 -2.4187 0.0074
-0.7574 -2.8786 0.0011
-0.9642 -3.0789 0.0008
-1.1940 -3.2468 0.0006
-4.7527 -3.6087 0.0000
-0.4023 -0.0742 0.0325
-0.5907 -0.1681 0.0347
-0.6553 -0.3762 0.0340
-0.8068 -0.4917 0.0353
-3.9374 -3.8567 0.0000
1.7153 0.9920 0.0458
1.6596 0.8034 0.0513
0.6349 -4.5382 0.0000
-3.5971 3.5077 0.0000
-3.7164 3.2607 0.0000
1.8039 2.5039 0.0055
1.7574 2.2248 0.0090
1.5014 2.1030 0.0096
-4.5317 4.7230 0.0000
-3.2410 -0.2574 0.0227
-3.4722 -0.3504 0.0102
-3.6473 -0.5398 0.0046
-3.9455 -0.5907 0.0009
0.5047 2.1164 0.0050
0.4516 1.8537 0.0077
0.1994 1.7806 0.0080
-4.5492 3.7421 0.0000
-4.7432 3.5686 0.0000
-0.0680 4.2802 0.0000
4.7404 3.2715 0.0000
3.7528 -3.1536 0.0000
3.5388 -3.3737 0.0001
2.3977 -4.4917 0.0000
-1.7585 2.6482 0.0045
-2.8428 -3.8133 0.0003
2.0151 -1.9176 0.0178
1.9969 -2.1638 0.0119
1.7561 -2.0382 0.0132
1.4636 -2.0575 0.0105
1.2053 -2.1312 0.0077
-4.2719 2.0215 0.0000
-4.4942 1.8343 0.0000
-0.8119 3.9722 0.0001
-0.9815 3.7926 0.0002
3.3020 2.7813 0.0012
3.1311 2.6041 0.0024
-0.2011 4.0352 0.0001
-0.3562 3.8458 0.0001
1.9159 -1.5129 0.0299
1.6944 -1.5745 0.0246
0.4085 3.2874 0.0003
0.1399 3.2477 0.0004
-0.3029 1.6092 0.0101
-4.7793 -2.6539 0.0000
-4.7545 -3.0024 0.0000
-1.0229 -1.9889 0.0084
-1.0969 -2.2520 0.0056
1.5959 -0.4837 0.0584
1.4125 -0.5670 0.0497
1.4207 -0.7329 0.0455
1.2944 -0.8220 0.0392
1.1078 -0.8438 0.0338
1.4374 -0.9845 0.0383
1.2107 -1.0267 0.0313
-1.6249 3.3854 0.0008
0.4636 -2.9156 0.0010
0.2014 -3.0191 0.0007
2.7468 -4.1052 0.0001
4.2325 -4.1274 0.0000
4.0783 -4.2992 0.0000
1.0872 4.7595 0.0000
-0.3664 -4.5339 0.0000
-4.3811 -2.9262 0.0000
-4.4986 -3.1582 0.0000
-0.0028 -3.8935 0.0001
-0.2350 -4.0255 0.0001
0.2551 0.7078 0.0253
0.0773 0.8371 0.0227
-0.1490 0.7448 0.0243
-0.4704 0.5259 0.0297
-0.3475 0.3438 0.0305
-0.5704 0.3071 0.0335
-0.7292 0.2109 0.0370
-0.7999 -0.0288 0.0392
-0.8917 0.1272 0.0411
-4.0518 -4.1014 0.0000
-4.2792 -4.2232 0.0000
-3.6517 -3.8491 0.0001
1.0836 -4.7488 0.0000
0.7841 -4.7633 0.0000
-2.4177 -2.8868 0.0028
-2.6730 -2.9495 0.0022
-2.5774 -3.1723 0.0014
-2.6207 -2.7003 0.0038
4.4674 1.5476 0.0000
4.1464 1.4662 0.0002
1.2787 2.2874 0.0060
2.7739 0.2758 0.0575
2.6492 0.4022 0.0635
2.7046 0.1344 0.0638
2.5933 0.2611 0.0692
2.4448 0.2178 0.0763
2.3279 0.1096 0.0804
2.5694 0.1151 0.0721
2.5829 -0.0330 0.0718
2.4538 0.0570 0.0775
2.3421 -0.0120 0.0806
2.2288 -0.0509 0.0816
1.8159 -2.3181 0.0085
0.0397 2.7054 0.0013
3.6798 3.1022 0.0002
3.4855 2.9507 0.0005
-3.5734 4.0151 0.0000
2.3728 2.6789 0.0044
2.0753 2.5874 0.0052
-1.2812 2.8774 0.0021
-1.4648 2.6796 0.0035
-1.5870 2.4397 0.0060
-2.2821 1.1427 0.0485
-2.2330 0.9839 0.0560
-2.4077 0.9909 0.0539
-2.4848 0.8318 0.0588
-2.5961 0.9821 0.0487
-2.6720 0.8018 0.0520
-2.2073 0.7111 0.0680
-2.3094 0.8403 0.0620
-2.3710 0.6986 0.0670
-2.4408 0.5737 0.0699
-2.5462 0.6796 0.0623
-2.7782 0.6760 0.0497
-2.6539 0.5870 0.0600
-2.8599 0.5265 0.0476
1.4538 1.3710 0.0265
1.3848 1.1647 0.0317
1.2010 1.2708 0.0250
1.1317 1.0611 0.0294
3.0524 -1.6347 0.0122
1.7471 4.7795 0.0000
-2.5125 4.5094 0.0000
-2.5639 4.2702 0.0001
-2.7859 4.1128 0.0001
1.2546 0.1428 0.0512
1.1245 -0.0191 0.0472
0.9711 -0.2063 0.0418
1.0544 0.1411 0.0447
0.8761 0.1620 0.0398
0.9255 -0.0312 0.0415
-0.3992 1.3780 0.0141
-0.6619 1.3380 0.0163
4.7307 -4.2079 0.0000
4.4927 -4.0033 0.0000
2.2742 4.1686 0.0001
2.0001 4.2404 0.0001
1.8201 4.0465 0.0001
-1.8905 2.3900 0.0078
1.5656 -2.2744 0.0079
1.3307 -2.3355 0.0060
1.4040 -2.5552 0.0042
1.2016 -2.6855 0.0028
-0.2773 2.6212 0.0017
0.7768 1.4051 0.0166
0.5299 1.3474 0.0157
0.2950 1.2632 0.0160
2.9260 -2.1203 0.0076
-0.4921 -4.7590 0.0000
1.7550 -2.8631 0.0029
1.5702 -3.0453 0.0018
-1.6345 3.8508 0.0003
-1.8067 3.6447 0.0005
-1.9153 3.3870 0.0009
-4.0407 3.7313 0.0000
-4.5715 1.5262 0.0000
-4.7774 1.3886 0.0000
4.4644 -1.9837 0.0000
4.2678 -2.2151 0.0000
4.0259 -2.3875 0.0001
3.4730 -3.0935 0.0002
-3.0168 -1.2459 0.0216
-2.8951 -1.4599 0.0211
-3.1270 -1.4587 0.0135
-3.2682 -1.6490 0.0075
-0.6464 -0.8911 0.0253
-0.8337 -1.0316 0.0250
-1.0281 -1.1829 0.0244
-0.8072 -1.2741 0.0193
-1.0188 -1.4261 0.0185
-0.7804 2.2518 0.0045
-4.1749 -4.4929 0.0000
-4.2092 -4.7461 0.0000
-4.4932 -4.7392 0.0000
-4.7594 -4.7597 0.0000
0.9650 -0.9971 0.0272
0.7176 -0.9788 0.0240
0.8181 -1.1962 0.0205
0.6150 -1.3868 0.0149
2.6088 -0.6389 0.0594
2.6774 -0.8024 0.0506
2.5148 -0.8282 0.0567
2.3754 -0.9543 0.0550
-4.3580 3.5746 0.0000
3.4873 2.6070 0.0010
3.6770 2.4398 0.0006
3.5125 2.2578 0.0015
3.7187 -3.9468 0.0000
-0.8438 0.6226 0.0338
-0.6720 0.4786 0.0331
-0.8293 0.3811 0.0374
-1.0104 0.5067 0.0397
2.6492 2.7659 0.0033
2.5656 2.4812 0.0060
2.2932 2.4100 0.0074
4.7641 -1.3966 0.0000
4.5180 -1.4949 0.0000
-1.2344 -2.4542 0.0042
4.7706 1.4226 0.0000
4.5814 1.2823 0.0000
-1.6340 -4.0991 0.0001
-1.7609 -4.3102 0.0000
-1.8873 -4.5473 0.0000
-2.2143 2.4342 0.0076
-2.1117 2.2086 0.0114
0.9544 -2.0166 0.0075
0.7111 -2.1140 0.0054
0.4524 -2.1822 0.0042
-3.0568 -3.4038 0.0006
-3.4072 -3.2859 0.0003
-3.2632 -3.5255 0.0003
-3.5434 -3.5648 0.0001
-0.4048 -0.9882 0.0212
-0.6012 -1.1335 0.0201
-0.6891 -4.5639 0.0000
4.7577 3.5920 0.0000
-4.2574 4.7751 0.0000
4.2777 -4.4846 0.0000
1.8601 4.5067 0.0000
4.2840 2.3117 0.0000
-1.8808 2.1146 0.0125
-2.0356 1.9668 0.0168
-2.2537 1.9670 0.0171
2.9682 -2.4159 0.0041
2.9076 -2.6739 0.0028
-2.2692 0.0557 0.0837
-2.3919 0.0675 0.0815
-2.4553 -0.0381 0.0796
-2.5783 -0.0854 0.0737
-2.4515 -0.1674 0.0788
-2.5629 -0.2423 0.0729
-2.6968 -0.3323 0.0633
-2.8306 -0.4469 0.0517
-2.9892 -0.5737 0.0375
4.7636 -2.9799 0.0000
4.4990 -3.1090 0.0000
3.4154 0.4958 0.0120
3.1768 0.4017 0.0258
3.1119 0.1718 0.0319
2.9621 0.3160 0.0426
2.8903 0.1085 0.0499
-1.3740 2.2656 0.0071
-1.4612 2.0070 0.0116
4.5223 -0.2497 0.0000
4.3799 -0.4097 0.0000
4.1573 -0.4707 0.0002
1.6584 -2.5251 0.0053
1.5265 -2.7647 0.0031
3.2069 -1.2068 0.0137
2.9690 -1.3371 0.0207
3.9471 -0.1634 0.0010
3.7120 -0.1285 0.0036
3.8996 -0.4004 0.0012
3.6970 -0.6001 0.0033
3.6390 -0.3379 0.0049
3.4259 -0.5079 0.0112
4.5417 -4.5076 0.0000
-1.1649 3.6243 0.0004
-1.3251 3.4087 0.0007
0.2159 4.2608 0.0000
0.0718 4.0115 0.0001
-0.8523 3.5967 0.0003
-1.0195 3.4152 0.0005
1.8218 0.6977 0.0599
1.6727 0.6263 0.0576
1.4861 0.6929 0.0494
1.5789 0.5140 0.0575
4.2716 2.0143 0.0001
4.2300 1.7342 0.0001
3.9425 1.6489 0.0005
-1.3189 3.7846 0.0003
-1.5009 3.6273 0.0004
-4.1778 1.7742 0.0001
-4.3472 1.5705 0.0000
3.9378 3.7550 0.0000
3.7306 3.5146 0.0001
-0.8662 2.4867 0.0031
-1.0767 2.3187 0.0051
2.6452 -1.7187 0.0203
2.5297 -1.4878 0.0300
2.4182 -1.6921 0.0245
2.2390 -1.8174 0.0213
-4.7578 0.1673 0.0000
-0.6547 3.4444 0.0004
-0.5635 3.1724 0.0006
-3.5197 -2.2837 0.0014
-3.6194 -2.5433 0.0007
-3.6567 -2.8134 0.0004
2.8775 -1.8314 0.0129
