5.0000 5.0000 0.0000
0.0000 5.0000 0.0000
2.5000 5.0000 0.0000
3.7500 5.0000 0.0000
4.3750 5.0000 0.0000
4.6875 5.0000 0.0000
4.0625 5.0000 0.0000
3.1250 5.0000 0.0000
3.4375 5.0000 0.0000
2.8125 5.0000 0.0000
1.2500 5.0000 0.0000
1.8750 5.0000 0.0000
2.1875 5.0000 0.0000
1.5625 5.0000 0.0000
0.6250 5.0000 0.0000
0.9375 5.0000 0.0000
0.3125 5.0000 0.0000
-2.5000 5.0000 0.0000
-1.2500 5.0000 0.0000
-0.6250 5.0000 0.0000
-0.3125 5.0000 0.0000
-0.9375 5.0000 0.0000
-1.8750 5.0000 0.0000
-1.5625 5.0000 0.0000
-2.1875 5.0000 0.0000
-3.7500 5.0000 0.0000
-3.1250 5.0000 0.0000
-2.8125 5.0000 0.0000
-3.4375 5.0000 0.0000
-4.3750 5.0000 0.0000
-4.0625 5.0000 0.0000
-4.6875 5.0000 0.0000
5.0000 -5.0000 0.0000
5.0000 0.0000 0.0000
5.0000 -2.5000 0.0000
5.0000 -3.7500 0.0000
5.0000 -4.3750 0.0000
5.0000 -4.6875 0.0000
5.0000 -4.0625 0.0000
5.0000 -3.1250 0.0000
5.0000 -3.4375 0.0000
5.0000 -2.8125 0.0000
5.0000 -1.2500 0.0000
5.0000 -1.8750 0.0000
5.0000 -2.1875 0.0000
5.0000 -1.5625 0.0000
5.0000 -0.6250 0.0000
5.0000 -0.9375 0.0000
5.0000 -0.3125 0.0000
5.0000 2.5000 0.0000
5.0000 1.2500 0.0000
5.0000 0.6250 0.0000
5.0000 0.3125 0.0000
5.0000 0.9375 0.0000
5.0000 1.8750 0.0000
5.0000 1.5625 0.0000
5.0000 2.1875 0.0000
5.0000 3.7500 0.0000
5.0000 3.1250 0.0000
5.0000 2.8125 0.0000
5.0000 3.4375 0.0000
5.0000 4.3750 0.0000
5.0000 4.0625 0.0000
5.0000 4.6875 0.0000
-5.0000 -5.0000 0.0000
0.0000 -5.0000 0.0000
-2.5000 -5.0000 0.0000
-3.7500 -5.0000 0.0000
-4.3750 -5.0000 0.0000
-4.6875 -5.0000 0.0000
-4.0625 -5.0000 0.0000
-3.1250 -5.0000 0.0000
-3.4375 -5.0000 0.0000
-2.8125 -5.0000 0.0000
-1.2500 -5.0000 0.0000
-1.8750 -5.0000 0.0000
-2.1875 -5.0000 0.0000
-1.5625 -5.0000 0.0000
-0.6250 -5.0000 0.0000
-0.9375 -5.0000 0.0000
-0.3125 -5.0000 0.0000
2.5000 -5.0000 0.0000
1.2500 -5.0000 0.0000
0.6250 -5.0000 0.0000
0.3125 -5.0000 0.0000
0.9375 -5.0000 0.0000
1.8750 -5.0000 0.0000
1.5625 -5.0000 0.0000
2.1875 -5.0000 0.0000
3.7500 -5.0000 0.0000
3.1250 -5.0000 0.0000
2.8125 -5.0000 0.0000
3.4375 -5.0000 0.0000
4.3750 -5.0000 0.0000
4.0625 -5.0000 0.0000
4.6875 -5.0000 0.0000
-5.0000 5.0000 0.0000
-5.0000 0.0000 0.0000
-5.0000 2.5000 0.0000
-5.0000 3.7500 0.0000
-5.0000 4.3750 0.0000
-5.0000 4.6875 0.0000
-5.0000 4.0625 0.0000
-5.0000 3.1250 0.0000
-5.0000 3.4375 0.0000
-5.0000 2.8125 0.0000
-5.0000 1.2500 0.0000
-5.0000 1.8750 0.0000
-5.0000 2.1875 0.0000
-5.0000 1.5625 0.0000
-5.0000 0.6250 0.0000
-5.0000 0.9375 0.0000
-5.0000 0.3125 0.0000
-5.0000 -2.5000 0.0000
-5.0000 -1.2500 0.0000
-5.0000 -0.6250 0.0000
-5.0000 -0.3125 0.0000
-5.0000 -0.9375 0.0000
-5.0000 -1.8750 0.0000
-5.0000 -1.5625 0.0000
-5.0000 -2.1875 0.0000
-5.0000 -3.7500 0.0000
-5.0000 -3.1250 0.0000
-5.0000 -2.8125 0.0000
-5.0000 -3.4375 0.0000
-5.0000 -4.3750 0.0000
-5.0000 -4.0625 0.0000
-5.0000 -4.6875 0.0000
0.9049 0.5227 0.0367
2.9132 2.8388 0.0022
2.6810 -2.8358 0.0027
1.2628 -2.4926 0.0043
-4.7654 -1.4066 0.0000
-4.7643 -1.7177 0.0000
-1.3488 1.3972 0.0241
0.5705 1.3333 0.0162
2.0939 -4.2151 0.0001
1.9007 -4.4382 0.0000
0.2501 -1.0138 0.0198
0.0241 -1.1753 0.0167
-1.4876 -1.9481 0.0122
0.3981 -0.0428 0.0323
0.2788 -0.1784 0.0308
0.1269 -0.0620 0.0305
0.0382 -0.2636 0.0294
-1.3342 -3.7289 0.0002
3.8090 1.8144 0.0008
3.7049 1.5394 0.0018
0.9963 -0.8409 0.0316
0.9519 -1.0497 0.0258
0.4863 -4.2292 0.0001
0.3104 -4.4953 0.0000
-2.0531 -4.7286 0.0000
4.4854 -1.5160 0.0000
4.2675 -3.6448 0.0000
4.2708 -3.9048 0.0000
4.0222 -3.8985 0.0000
4.0183 -4.1277 0.0000
-2.2933 -4.4852 0.0000
-2.3676 -4.7482 0.0000
-3.7489 -2.9577 0.0002
-4.0273 -0.1107 0.0006
-4.2797 -0.1978 0.0001
-4.5078 -0.3965 0.0000
4.7500 2.9670 0.0000
4.4956 2.8512 0.0000
-1.0428 -3.7291 0.0001
-3.9633 -0.9421 0.0007
-2.2183 4.0000 0.0002
0.4579 0.8964 0.0234
0.3221 0.7245 0.0253
3.3491 1.2634 0.0091
0.7208 -0.2333 0.0361
-0.2446 1.5427 0.0110
-2.7303 2.8573 0.0024
-4.7566 -3.4366 0.0000
-4.4916 -3.5755 0.0000
-4.7398 -3.6846 0.0000
1.0661 -1.4799 0.0175
2.3788 -4.2484 0.0001
-1.9286 0.8281 0.0589
-1.9873 0.6751 0.0663
-2.0077 0.5309 0.0718
-2.1357 0.5238 0.0741
-2.1349 0.4003 0.0777
-2.2305 0.3111 0.0802
2.0320 4.7596 0.0000
2.7441 -0.6071 0.0530
2.5547 -0.6320 0.0625
2.5129 -0.8180 0.0574
2.6514 -0.7762 0.0530
2.5360 -0.9921 0.0496
2.3638 -0.9114 0.0572
0.8504 2.7878 0.0015
-2.9604 0.8556 0.0329
-2.8662 0.7027 0.0429
-3.0086 0.5730 0.0355
-3.1481 0.7595 0.0231
-3.2469 0.5053 0.0202
-3.3984 0.7446 0.0109
-3.5516 0.5587 0.0066
-4.1382 0.6386 0.0002
-4.1935 4.7700 0.0000
-4.3486 4.5633 0.0000
-4.5199 4.7445 0.0000
-4.7892 4.7926 0.0000
-4.7399 4.5325 0.0000
3.2700 -4.7672 0.0000
2.9660 -4.7736 0.0000
-2.1922 -1.7931 0.0211
-3.3031 -4.7580 0.0000
-4.4871 -0.9715 0.0000
4.4420 0.5812 0.0000
1.1099 1.2910 0.0230
1.0112 1.1301 0.0255
-2.8705 -1.7492 0.0150
-3.0362 -1.9157 0.0090
1.8591 -3.4807 0.0007
-1.6059 2.1247 0.0106
-1.7685 1.9595 0.0152
-1.6155 1.8121 0.0172
-1.9086 1.7763 0.0214
-1.9173 1.5598 0.0287
-2.0110 2.0184 0.0154
-2.1434 1.7971 0.0221
3.8174 -1.9513 0.0004
1.2045 0.4881 0.0453
1.0329 0.3828 0.0420
0.9477 -0.1971 0.0414
0.8613 -0.4005 0.0372
-1.2650 -0.0859 0.0528
-1.3856 0.0221 0.0575
-1.4859 -0.0878 0.0614
-1.3734 -0.2087 0.0561
-1.5533 -0.2313 0.0630
-1.7110 -0.2606 0.0689
-1.7614 -0.4047 0.0680
0.6813 2.5453 0.0024
0.4330 2.3486 0.0031
0.3140 2.0804 0.0050
3.4914 -0.5476 0.0085
0.6016 2.8174 0.0012
0.3941 2.6432 0.0016
0.1448 2.4989 0.0021
-3.9805 -2.7852 0.0001
-3.9852 -3.1066 0.0001
-4.5280 4.3955 0.0000
-4.7558 4.2354 0.0000
-4.6999 3.9664 0.0000
-2.6936 3.4244 0.0006
-4.3984 1.6376 0.0000
-4.6038 1.5248 0.0000
-4.7859 1.3715 0.0000
4.4616 -2.0778 0.0000
-4.4554 0.6476 0.0000
-4.7459 0.4843 0.0000
0.6014 -0.7329 0.0275
0.5048 -1.0050 0.0214
-1.4039 -2.7452 0.0026
3.9068 4.7613 0.0000
4.5118 -0.6258 0.0000
4.4808 -0.9558 0.0000
4.1680 -1.0642 0.0001
0.1026 3.0554 0.0006
1.5450 -4.0066 0.0002
-0.3656 -3.3878 0.0003
0.5071 -1.2619 0.0165
0.2716 -1.2556 0.0156
0.1444 2.2294 0.0036
-0.0979 2.3256 0.0029
-2.0721 -3.4306 0.0008
1.9662 -1.3610 0.0365
1.7856 -1.3095 0.0356
1.5856 -1.3380 0.0304
-0.0375 2.0242 0.0051
-0.2950 2.1197 0.0044
-1.6477 -1.7547 0.0182
3.4807 0.7026 0.0086
3.2825 0.8198 0.0158
3.0149 0.6853 0.0332
-3.9155 1.9095 0.0002
-3.4947 1.3047 0.0047
3.4906 -3.0147 0.0002
3.4291 -3.2734 0.0002
3.1833 -3.0678 0.0006
3.1507 -3.3344 0.0003
-0.9597 0.1038 0.0428
-0.8836 0.2893 0.0395
-1.0779 0.2513 0.0451
-1.2012 0.1030 0.0503
-1.0673 -0.0427 0.0462
-1.1538 -0.2154 0.0481
0.4110 3.7306 0.0001
2.8157 0.6521 0.0472
2.7731 0.4527 0.0547
2.6152 0.4189 0.0653
3.1112 3.0445 0.0011
2.8615 3.1334 0.0013
2.6583 2.9236 0.0024
2.4394 2.7617 0.0037
3.2833 2.0097 0.0044
3.2392 1.7354 0.0073
2.9776 1.6573 0.0143
2.6822 -0.1734 0.0653
2.5881 -0.2724 0.0698
2.5191 -0.3762 0.0712
2.4580 -0.4886 0.0706
2.3087 -0.4915 0.0739
2.3939 -0.6134 0.0684
2.2328 -0.6187 0.0701
0.1799 -3.2572 0.0004
-0.1053 -3.3091 0.0003
4.7293 1.7099 0.0000
2.1943 -4.4881 0.0000
0.1685 4.2552 0.0000
-2.5377 2.6740 0.0042
-2.4259 2.4655 0.0068
-2.6216 2.3176 0.0079
2.5872 3.6941 0.0004
2.5238 3.4746 0.0007
2.2558 3.5341 0.0006
2.3131 3.2798 0.0012
-1.4979 -0.5605 0.0543
1.2513 -4.7726 0.0000
-0.2749 1.8354 0.0071
3.9138 -3.3419 0.0000
3.6838 -3.4990 0.0000
0.0202 3.3074 0.0003
0.7452 -0.9091 0.0258
0.7255 -1.1459 0.0206
4.7278 4.5064 0.0000
1.7786 0.7448 0.0571
1.8509 0.5943 0.0645
1.7315 0.5470 0.0621
1.7188 0.4203 0.0650
-4.2481 -3.5031 0.0000
4.2422 -2.3476 0.0000
3.9946 -2.4519 0.0001
3.9839 -2.7651 0.0000
4.5001 -0.0068 0.0000
-1.3135 0.5122 0.0484
-1.4281 0.3864 0.0552
-1.5272 0.2751 0.0610
-1.2518 0.3189 0.0499
-1.3687 0.1970 0.0558
-1.5207 0.1137 0.0626
-1.6614 0.1938 0.0676
-1.5979 0.0025 0.0662
-1.7037 0.0821 0.0703
-1.6699 -0.1116 0.0689
-1.8393 0.1240 0.0752
-1.7811 -0.0130 0.0736
-1.8184 -0.1467 0.0743
-1.0775 1.0709 0.0277
0.2278 -2.7435 0.0013
0.1081 -3.0192 0.0007
-3.6712 -3.7984 0.0001
-0.1673 4.2739 0.0000
-0.3439 4.0028 0.0001
-1.6349 -2.5476 0.0046
-1.6753 -2.8020 0.0028
4.4178 4.5351 0.0000
-2.8368 -2.0575 0.0099
-4.7426 -2.0283 0.0000
-3.3344 2.3470 0.0018
-3.4665 2.1180 0.0017
3.7689 4.1595 0.0000
3.7918 3.8777 0.0000
3.5564 3.7031 0.0001
4.7466 2.6564 0.0000
4.4527 2.6361 0.0000
3.7074 -4.5289 0.0000
3.5733 -4.7681 0.0000
3.7440 3.3249 0.0001
3.5535 3.4398 0.0002
3.6424 3.0876 0.0003
3.3925 3.2524 0.0004
3.3300 3.0517 0.0007
4.7684 2.3268 0.0000
4.7481 2.0139 0.0000
4.4575 1.8995 0.0000
-4.0129 0.3808 0.0006
-4.2808 0.3913 0.0001
-4.5156 0.3441 0.0000
-4.5331 -2.1992 0.0000
-3.3596 4.4593 0.0000
-3.5126 4.1995 0.0000
-3.5937 3.9128 0.0000
4.7432 1.1109 0.0000
1.8700 4.4934 0.0000
3.7791 -4.1579 0.0000
3.5662 -4.2934 0.0000
3.2647 -4.2942 0.0000
-0.7905 2.6488 0.0022
-0.9784 2.5096 0.0033
-0.7993 2.3213 0.0040
-1.0235 2.2146 0.0058
0.7035 0.5254 0.0327
0.5968 0.3447 0.0332
-1.9061 -0.0288 0.0780
-1.9607 -0.1572 0.0788
-2.0974 -0.1732 0.0815
-2.1381 -0.3097 0.0797
-2.2240 -0.2087 0.0819
-2.2739 -0.3405 0.0791
4.0112 1.0050 0.0005
3.7649 1.0371 0.0020
3.7275 0.7781 0.0028
3.9696 0.7478 0.0008
4.7520 -1.4374 0.0000
4.7705 -1.7084 0.0000
4.7237 -2.7550 0.0000
-2.3091 3.7527 0.0004
4.2447 0.0778 0.0001
-0.2087 -1.3359 0.0144
-0.4238 -1.5460 0.0118
-2.8687 -4.5111 0.0000
-2.9925 -4.7576 0.0000
-3.2231 3.1216 0.0005
-1.4084 -2.1541 0.0082
-0.2189 -1.0834 0.0187
-4.7441 -0.5672 0.0000
3.0523 -0.8113 0.0280
2.8384 -0.7891 0.0420
2.5311 -1.4644 0.0309
2.3185 -1.5341 0.0310
3.4134 -4.5309 0.0000
3.1146 -4.5285 0.0000
-3.0656 1.2817 0.0181
-2.4203 3.2446 0.0013
-2.4843 2.9680 0.0023
1.1997 2.7613 0.0022
-2.3540 -3.9561 0.0002
-2.6319 -3.9807 0.0002
-2.7499 -4.2534 0.0001
1.0343 3.4972 0.0003
1.1622 3.2689 0.0006
0.8574 3.2749 0.0004
0.7505 3.0206 0.0008
4.2931 3.8810 0.0000
-0.8403 1.0183 0.0250
-1.0162 0.8476 0.0322
-1.1333 0.6521 0.0397
1.6269 0.8538 0.0487
1.4582 0.7427 0.0472
1.6292 0.6570 0.0554
1.5417 0.5406 0.0556
1.5842 0.4280 0.0599
1.3975 0.5488 0.0504
-0.5153 -0.2350 0.0332
-0.6051 -0.4401 0.0324
-0.7597 -0.5619 0.0333
4.7222 -4.5119 0.0000
-2.3847 -1.3644 0.0367
-2.6331 -1.6343 0.0229
-3.5340 1.0606 0.0050
3.2749 -0.3804 0.0195
-4.4167 3.8307 0.0000
-4.7398 0.1702 0.0000
3.8091 -3.7917 0.0000
-2.5050 -3.7033 0.0004
-2.8106 2.1730 0.0083
-2.9816 2.0016 0.0083
-3.0881 1.7360 0.0098
-0.6940 0.3500 0.0349
0.8473 0.7287 0.0317
0.5974 0.7117 0.0281
0.4685 0.1598 0.0328
0.2588 0.1037 0.0310
1.3727 -4.2462 0.0001
1.3888 -4.4847 0.0000
2.6515 0.6027 0.0585
2.5060 0.5316 0.0673
2.3786 0.6186 0.0681
2.3640 0.4749 0.0731
2.2478 0.4868 0.0741
-0.1529 4.7592 0.0000
4.7728 3.8859 0.0000
4.7665 3.5757 0.0000
4.5230 3.4263 0.0000
-0.4327 -1.0525 0.0202
-0.4374 -1.2863 0.0161
-3.4860 -4.5141 0.0000
-4.2295 -1.1181 0.0001
-2.7511 2.5268 0.0047
-2.9448 2.3694 0.0047
-3.8626 -2.2207 0.0004
-3.9645 -2.4690 0.0002
-1.2060 2.9839 0.0016
-1.4455 2.8465 0.0025
-1.6941 2.9568 0.0023
-3.8152 4.4771 0.0000
1.2740 2.2453 0.0064
1.1739 2.0099 0.0090
1.0612 1.8195 0.0112
0.8635 1.6778 0.0122
-2.2275 -3.6839 0.0004
-2.0784 -3.9478 0.0002
-2.1939 -4.2101 0.0001
-3.0645 -1.5879 0.0133
-3.2663 -1.4242 0.0098
-3.1997 -1.7644 0.0078
-3.3791 -1.6539 0.0054
-3.5151 -1.8467 0.0027
1.5779 -3.5091 0.0006
2.3665 4.1170 0.0001
1.3299 -1.4454 0.0223
-1.6330 -4.2075 0.0000
3.0053 1.8891 0.0098
2.7663 1.8779 0.0141
2.7547 1.6531 0.0197
2.6868 1.4541 0.0273
2.6261 1.2505 0.0362
2.6810 -4.3587 0.0000
3.0696 0.8874 0.0261
2.8291 4.1249 0.0001
2.5621 3.9913 0.0002
0.0713 -3.5227 0.0002
-0.1833 -3.6050 0.0002
4.7515 3.2660 0.0000
0.3862 -0.7894 0.0245
1.2584 4.7765 0.0000
1.0192 4.7092 0.0000
-2.0360 -4.4603 0.0000
-1.1690 -2.5429 0.0034
0.4201 1.8303 0.0079
0.1921 1.6270 0.0100
4.0455 4.0369 0.0000
-4.4839 -3.0412 0.0000
-4.7431 -2.9146 0.0000
-4.7461 -3.1867 0.0000
2.0734 -2.4093 0.0079
-2.2182 -1.5372 0.0303
2.7006 2.6195 0.0042
2.4609 2.4897 0.0062
2.2059 2.6257 0.0049
1.9780 2.4662 0.0064
-1.7224 2.7025 0.0039
-1.6762 2.4173 0.0067
-1.8451 2.2221 0.0103
3.5627 2.3293 0.0012
3.1992 -0.6180 0.0219
-0.6519 2.8684 0.0013
-3.9943 3.1377 0.0000
-4.2518 3.2420 0.0000
-3.9329 2.8538 0.0000
-4.2342 2.9413 0.0000
-0.6587 -1.4289 0.0150
-0.8887 -1.5543 0.0145
-0.9250 -1.8241 0.0102
4.4905 1.1293 0.0000
4.2609 0.9642 0.0001
4.4102 -1.2428 0.0000
4.1781 -1.3634 0.0001
-2.5481 4.4912 0.0000
-2.6837 4.2166 0.0001
3.0665 0.2440 0.0351
2.9423 0.1000 0.0459
-0.7340 -3.2111 0.0005
-0.6175 -3.4614 0.0002
-0.9022 -3.4741 0.0003
-0.7409 -0.2724 0.0366
-0.8456 -0.0672 0.0400
-0.9571 -0.2275 0.0420
-0.8865 -0.4242 0.0381
-0.9828 -0.6277 0.0368
3.2765 4.4025 0.0000
3.2591 4.1156 0.0001
1.7519 4.7472 0.0000
1.4992 4.7296 0.0000
4.2373 -0.2005 0.0001
3.9791 -0.3129 0.0008
1.1647 -4.5246 0.0000
1.9532 1.5959 0.0265
1.7217 1.5558 0.0251
1.8848 1.3758 0.0339
1.6617 1.3338 0.0318
1.5936 1.1204 0.0381
-1.3074 0.7007 0.0435
-1.4844 0.6154 0.0518
-1.5607 0.4743 0.0584
-1.6573 0.3533 0.0649
-2.0580 -0.8476 0.0601
-2.1983 -0.8644 0.0605
-2.1838 -1.0269 0.0530
-2.2804 -1.1826 0.0456
-2.1665 -1.3512 0.0380
-0.8089 4.2782 0.0001
-1.9916 4.7448 0.0000
-2.0157 4.4991 0.0000
-2.1228 4.2465 0.0001
-3.6312 2.3998 0.0005
-3.7415 2.1169 0.0005
-3.8888 2.5546 0.0001
-3.9335 2.2726 0.0001
-4.0951 2.0737 0.0001
-0.0558 -2.7902 0.0011
-0.1777 -2.3329 0.0029
-0.2467 -2.5951 0.0017
-0.5239 -2.6733 0.0016
-4.1980 -4.7831 0.0000
2.9169 -0.9953 0.0317
2.7022 -0.9506 0.0445
2.7354 -1.1385 0.0364
2.7029 0.2673 0.0628
2.5163 0.1354 0.0749
1.9844 -0.3137 0.0758
1.9466 -0.1920 0.0768
1.8005 -0.2439 0.0713
1.8646 -0.3266 0.0720
1.8685 -0.4444 0.0694
1.6852 -0.3196 0.0657
1.7442 -0.4436 0.0652
1.7024 -0.5955 0.0595
4.0413 3.4593 0.0000
3.9556 3.2297 0.0001
-3.6093 -4.7583 0.0000
-1.8625 1.1753 0.0429
-1.8284 0.9961 0.0495
1.7697 2.2094 0.0093
1.6726 1.9760 0.0131
1.8174 1.7747 0.0194
1.5557 1.7585 0.0171
1.4927 1.5158 0.0229
1.2839 1.4228 0.0223
2.9126 1.4358 0.0210
2.8279 1.2399 0.0294
-2.6155 3.7135 0.0003
0.3707 1.1466 0.0183
-3.2975 4.7285 0.0000
-3.5878 4.4966 0.0000
-4.1103 1.6987 0.0001
-3.2524 1.4908 0.0088
-3.5422 1.5720 0.0028
-0.1600 -3.0768 0.0006
-3.0092 -0.6762 0.0341
-2.0570 -3.1805 0.0014
-2.3065 -3.1253 0.0017
-1.7535 -0.6869 0.0593
-1.7400 -0.8338 0.0534
-1.8254 -0.5446 0.0663
-1.9139 -0.6913 0.0637
-1.9023 -0.8406 0.0575
-1.9948 -1.0064 0.0521
-3.9599 0.8909 0.0006
-1.1806 2.6944 0.0027
-1.4511 2.5731 0.0043
-1.4528 2.2874 0.0072
-1.0483 -3.2347 0.0006
-1.2038 -3.4854 0.0003
-0.6561 -1.1728 0.0198
-0.8730 -1.2867 0.0198
-0.2850 -4.4923 0.0000
-1.8691 -2.4368 0.0064
4.5131 2.1654 0.0000
4.1600 1.7933 0.0001
-0.3097 4.5228 0.0000
-0.6178 4.4978 0.0000
-0.4530 4.2854 0.0000
4.7714 4.1979 0.0000
4.5264 4.2992 0.0000
0.5785 3.2004 0.0004
0.3879 2.9644 0.0007
0.1390 2.7782 0.0011
4.4668 -2.8640 0.0000
4.1914 -2.9105 0.0000
-4.2160 -2.3033 0.0001
2.0951 1.4622 0.0326
-1.2109 1.8407 0.0121
-1.1896 1.5709 0.0172
-1.4195 1.6731 0.0180
-1.5542 1.4750 0.0257
-1.7068 1.6394 0.0231
-1.7580 1.4054 0.0318
-1.7201 1.2325 0.0375
-4.7559 3.2814 0.0000
-4.7385 3.0369 0.0000
1.2097 2.4749 0.0040
0.9816 2.6677 0.0022
0.9548 2.4443 0.0036
0.7365 2.2695 0.0043
0.5732 2.0713 0.0057
2.1175 0.4917 0.0735
2.0390 0.3931 0.0751
1.9474 0.2951 0.0752
1.9410 0.1615 0.0770
1.8126 0.2662 0.0715
1.7955 0.1326 0.0725
1.6739 0.2819 0.0661
1.6605 0.1392 0.0672
1.7031 -0.0084 0.0694
1.5306 0.0404 0.0624
1.8238 -0.1103 0.0736
1.6635 -0.1583 0.0671
1.5172 -0.1135 0.0615
1.5217 -0.2891 0.0597
2.8478 0.8554 0.0398
-2.6474 -0.8428 0.0513
-2.9989 -0.8904 0.0303
-0.5021 3.3249 0.0004
-0.4444 3.0720 0.0007
-1.7997 -1.0047 0.0481
-1.4089 4.7771 0.0000
-4.2984 3.5332 0.0000
-4.5174 3.3383 0.0000
-1.2630 -0.3523 0.0502
-1.4410 -0.3803 0.0563
-1.6036 -0.3958 0.0623
-1.6624 -0.5527 0.0605
3.6163 1.2723 0.0034
3.4934 0.9959 0.0069
3.2229 1.0561 0.0158
-0.9315 -2.9874 0.0010
-1.2473 -3.0026 0.0013
-1.3358 -3.2476 0.0007
0.9642 -2.5450 0.0030
0.8190 -2.7737 0.0017
4.6692 0.6203 0.0000
-0.2577 -4.2294 0.0000
2.3387 -4.7528 0.0000
4.5388 0.3196 0.0000
4.3376 0.2778 0.0001
2.0415 -3.9355 0.0002
1.8323 -4.0819 0.0001
1.6433 -4.2700 0.0001
-0.9589 -4.7345 0.0000
-1.0273 -4.4820 0.0000
-0.3444 -2.8739 0.0009
-0.4468 -3.1479 0.0005
-0.6489 -2.9168 0.0010
4.4924 -3.4266 0.0000
4.5211 -3.7440 0.0000
3.4880 -1.8447 0.0024
-2.3941 -2.0384 0.0141
-2.6027 -2.0798 0.0120
-2.6037 -2.2851 0.0084
-2.8745 -2.3278 0.0060
0.8936 0.1440 0.0405
0.8085 -0.0407 0.0388
4.5365 -1.7763 0.0000
4.3035 -1.8589 0.0000
2.0353 -0.5889 0.0694
2.1227 -0.7061 0.0663
1.8734 -0.5866 0.0654
1.9580 -0.7332 0.0625
1.7922 -0.7531 0.0572
1.7137 -0.9445 0.0478
-1.1815 -4.7628 0.0000
4.4598 1.6362 0.0000
4.2168 1.5016 0.0001
3.9746 1.5637 0.0005
3.9154 1.2966 0.0008
0.6202 -3.4386 0.0004
0.5904 -0.0583 0.0347
0.4847 -0.2739 0.0322
-3.0983 -0.4956 0.0306
-3.2310 -0.7102 0.0197
-3.7441 1.3598 0.0014
1.6639 -1.1392 0.0392
-0.7899 -4.4684 0.0000
1.1204 -2.7683 0.0023
0.0114 1.4456 0.0124
-0.1853 1.2651 0.0154
-3.7573 4.2319 0.0000
-3.7934 4.0030 0.0000
-3.9515 3.9195 0.0000
-3.6556 0.8329 0.0035
-3.8442 0.6220 0.0015
2.8576 4.7314 0.0000
2.6241 4.7707 0.0000
3.7048 -1.4554 0.0015
3.7244 -1.7273 0.0010
2.0563 1.2318 0.0421
1.8165 1.1725 0.0410
1.7339 0.9877 0.0466
1.4674 0.9827 0.0398
1.3019 0.8847 0.0385
1.2510 0.6962 0.0422
1.0599 0.6242 0.0386
-1.1295 1.3183 0.0223
-1.2925 1.1525 0.0300
-1.2404 0.9002 0.0361
0.0340 -1.4247 0.0126
-0.1795 -1.6106 0.0101
-0.4065 -1.8312 0.0078
-2.3299 -0.4767 0.0748
-2.3711 -0.6267 0.0689
-2.4834 -0.8045 0.0591
-4.4745 -2.4582 0.0000
4.7494 0.1598 0.0000
4.7526 -0.1103 0.0000
4.7538 -0.3258 0.0000
4.5080 -0.3102 0.0000
-1.8813 3.4736 0.0007
-2.0462 3.2566 0.0013
2.9442 1.0556 0.0292
2.7196 1.0418 0.0404
2.6517 0.8151 0.0515
2.5495 0.9993 0.0485
2.5089 0.7003 0.0616
2.4500 0.8489 0.0575
2.3231 0.7622 0.0635
2.2384 0.6166 0.0698
-0.4845 0.0365 0.0336
-0.6364 -0.0666 0.0358
-1.7988 -1.5516 0.0263
-4.7396 -2.6290 0.0000
4.7791 0.4453 0.0000
1.6334 -4.5126 0.0000
1.4783 -4.7449 0.0000
2.4529 -0.2492 0.0761
2.3623 -0.3475 0.0768
2.2339 -0.3849 0.0773
2.1493 -0.5007 0.0738
2.0931 3.1944 0.0014
2.1778 2.9140 0.0027
3.5110 -0.2705 0.0087
3.3017 -0.1242 0.0190
-4.7609 -0.0931 0.0000
0.3592 -1.7632 0.0081
0.7379 4.5108 0.0000
0.4920 4.3484 0.0000
1.0503 4.4343 0.0000
0.8356 4.2704 0.0000
0.6423 4.1194 0.0000
2.5563 -2.0420 0.0134
2.3680 -1.9314 0.0176
2.2756 -2.1806 0.0119
2.3530 -2.4452 0.0073
2.1799 -2.6416 0.0051
-2.4287 3.5212 0.0006
-2.3745 1.8942 0.0187
-2.5696 1.7729 0.0201
-2.5376 1.5511 0.0279
3.4480 2.8571 0.0007
3.2004 2.7763 0.0015
1.6841 -2.7384 0.0036
-4.7668 3.7684 0.0000
-0.4602 -0.6018 0.0282
-0.4301 -0.8263 0.0243
-0.6469 -0.9336 0.0245
3.0400 -0.4151 0.0352
2.9570 -0.6127 0.0382
0.6990 -2.4899 0.0027
0.5364 -2.7442 0.0015
-2.4213 -1.1072 0.0475
-2.5375 -1.2250 0.0399
-2.6081 -1.4086 0.0311
-2.8306 -1.4930 0.0222
2.9939 2.5805 0.0032
2.8185 2.3672 0.0060
2.5716 2.2907 0.0085
2.3732 2.1621 0.0115
-3.9793 -4.2718 0.0000
-4.0979 -4.5373 0.0000
-1.1713 -2.2513 0.0059
-1.4057 -2.4266 0.0050
-0.2731 0.0615 0.0314
-0.0988 -0.0459 0.0305
-0.2061 -0.2256 0.0302
-0.3633 -0.1247 0.0320
-2.8683 -0.0055 0.0528
-3.0353 -0.0848 0.0387
-3.2135 -0.0295 0.0250
-3.3033 -0.2334 0.0189
-3.5466 -0.3935 0.0075
0.8873 -4.4955 0.0000
0.6008 -4.4919 0.0000
-4.0014 1.4178 0.0003
-4.2672 1.4170 0.0000
-3.1317 2.5328 0.0023
-3.1323 2.2118 0.0042
-2.8321 -0.5689 0.0487
-2.8920 3.6442 0.0003
2.4862 -4.5077 0.0000
3.5442 -3.7501 0.0000
2.8099 -2.1827 0.0081
2.8634 -0.2470 0.0512
2.8395 -0.4482 0.0500
2.7105 -0.3478 0.0611
2.6305 -0.4769 0.0632
4.5230 4.7639 0.0000
2.3481 3.8003 0.0003
2.0670 3.7447 0.0003
1.7928 3.6994 0.0003
-1.4175 -0.8774 0.0422
-1.6012 -0.9493 0.0450
-1.6509 -1.1486 0.0387
-1.7238 -1.3496 0.0325
3.7676 4.4761 0.0000
3.5228 4.2669 0.0000
-2.6783 -2.5046 0.0053
-2.9209 -2.6432 0.0032
3.4891 4.5314 0.0000
1.1137 -3.2673 0.0008
0.2638 -0.3777 0.0293
0.0616 -0.5026 0.0272
-0.0391 -0.6850 0.0247
-2.4216 -2.5405 0.0057
-2.6511 -2.7516 0.0034
-2.5562 -3.0015 0.0021
1.5498 -1.5396 0.0235
1.4325 -1.7426 0.0165
-3.7729 3.3307 0.0000
-3.7198 3.0300 0.0001
2.8266 -4.5496 0.0000
2.6462 -4.7436 0.0000
1.8074 3.2270 0.0011
-1.6211 -3.7099 0.0003
-1.9500 -3.7071 0.0003
0.5102 -2.2783 0.0036
0.3748 -2.5105 0.0022
2.7496 2.1109 0.0100
2.5193 1.9854 0.0146
2.3304 1.8290 0.0198
2.0955 1.7619 0.0218
3.0431 3.9356 0.0002
2.8028 3.8573 0.0002
0.8909 0.9622 0.0274
0.6973 0.9054 0.0257
4.2266 4.7488 0.0000
4.0580 4.5552 0.0000
3.9964 4.2925 0.0000
3.1412 0.0222 0.0301
3.0859 -0.2106 0.0336
2.9397 -0.0728 0.0461
2.4641 0.3781 0.0730
2.3192 0.3362 0.0775
2.3051 0.1908 0.0803
2.3775 0.0897 0.0800
2.8700 -3.5398 0.0004
2.7707 -3.7772 0.0002
2.5343 -3.9150 0.0002
2.2956 -3.9852 0.0002
1.4348 -3.7549 0.0003
1.1481 -3.7480 0.0003
-0.6311 -0.7097 0.0286
-0.8372 -0.7892 0.0304
-1.0327 -0.8835 0.0321
-1.2411 -0.9676 0.0347
3.6059 -2.1013 0.0010
-0.5621 0.7028 0.0278
-0.7339 0.5511 0.0328
0.1723 1.8784 0.0067
-0.0468 1.7242 0.0084
-4.2717 -4.3238 0.0000
-4.4195 -4.6446 0.0000
-4.6823 -4.7563 0.0000
-2.2506 4.7406 0.0000
-2.2767 4.4949 0.0000
-2.4027 4.2357 0.0001
0.3728 0.3512 0.0304
0.1901 0.5296 0.0273
0.1871 0.2926 0.0297
-0.0073 0.3824 0.0286
0.0226 0.1373 0.0301
-2.3586 -3.4177 0.0009
-2.5769 -3.2373 0.0013
-2.6747 -3.4813 0.0007
1.0941 -4.2738 0.0001
2.0852 4.2686 0.0001
1.8341 4.2258 0.0001
-4.5347 -4.4097 0.0000
-4.7635 -4.5188 0.0000
2.5598 0.2679 0.0712
2.4220 0.2362 0.0772
-4.1036 3.7279 0.0000
4.1988 1.2432 0.0001
2.5987 3.2101 0.0013
2.3946 3.0357 0.0021
-2.5077 3.9740 0.0002
-4.5548 3.6140 0.0000
-4.7783 3.5252 0.0000
-0.4396 2.6884 0.0016
-0.3465 2.4194 0.0026
-0.6159 2.5015 0.0025
1.5895 4.4646 0.0000
1.2909 4.5212 0.0000
1.3443 4.2745 0.0000
2.3360 4.7434 0.0000
-0.2598 1.0313 0.0198
-0.1613 0.8091 0.0233
-0.4027 0.8678 0.0234
1.5016 -2.2356 0.0081
1.2804 -2.2173 0.0071
4.0492 -3.1263 0.0000
2.0905 -0.2108 0.0797
2.0011 -0.4511 0.0729
0.8896 3.9927 0.0001
0.9265 3.7287 0.0001
0.6530 3.8154 0.0001
-2.4712 -0.1068 0.0782
-2.4802 -0.2434 0.0762
-2.5742 -0.3587 0.0698
-2.6400 -0.5077 0.0626
-2.5937 -0.1791 0.0717
-2.7038 -0.2683 0.0636
-2.7591 -0.3977 0.0576
-2.8781 -0.2165 0.0510
-2.9284 -0.4064 0.0447
-3.3163 3.9479 0.0000
-3.4263 3.7003 0.0000
-3.2870 3.4004 0.0002
2.5372 1.7253 0.0214
2.2813 1.5854 0.0282
2.4917 1.5228 0.0288
2.4404 1.3471 0.0364
3.6234 4.7579 0.0000
2.8173 4.4763 0.0000
2.6269 4.2754 0.0001
3.5212 -0.9942 0.0057
-0.4341 -4.7489 0.0000
-2.9992 4.7389 0.0000
-3.1009 4.4666 0.0000
-0.4458 1.1476 0.0185
-1.4391 -1.0869 0.0358
-1.4916 -1.3077 0.0295
-1.5574 -1.5311 0.0234
-3.4921 -2.8200 0.0007
-0.6592 -1.6959 0.0106
-0.6885 -1.9593 0.0072
-0.1232 -1.8686 0.0067
-0.2437 -2.0838 0.0048
-0.4755 -2.1189 0.0049
-0.7149 -2.2412 0.0045
-0.9461 -2.4121 0.0037
-1.0901 -1.3936 0.0202
-4.2181 -1.9280 0.0001
-4.3754 -2.0765 0.0000
-2.9160 -4.0137 0.0001
0.6022 1.0900 0.0210
-1.4527 -4.7533 0.0000
-0.2009 3.1708 0.0005
-0.1595 0.2253 0.0302
-0.3831 0.2641 0.0315
1.2397 -1.6495 0.0161
1.0752 -1.7908 0.0117
-0.6052 0.9690 0.0232
-0.7765 0.7913 0.0291
-0.9391 0.6439 0.0351
-0.9273 0.4562 0.0383
-1.1081 0.4516 0.0432
-3.7342 -3.2695 0.0001
-3.2129 -4.0353 0.0001
-3.3538 -4.2759 0.0000
3.1224 -2.2336 0.0041
0.9367 -1.2917 0.0200
0.7412 -1.4006 0.0156
0.6135 -1.5975 0.0114
-0.1363 2.6251 0.0016
-1.0752 4.7647 0.0000
-4.1954 4.0129 0.0000
-3.0974 -0.2780 0.0328
-3.3110 -0.4671 0.0173
-1.6451 -2.2527 0.0080
-3.1441 -2.4516 0.0030
-3.2178 -2.7231 0.0016
-2.9301 2.7039 0.0025
1.8001 -1.5340 0.0277
1.6926 -1.7700 0.0191
1.5284 -1.9861 0.0124
1.2866 -1.9521 0.0109
-0.4366 -3.6978 0.0001
-0.5477 -3.9674 0.0001
-0.7490 -3.7298 0.0001
-0.7985 -3.9914 0.0001
4.5476 2.4474 0.0000
4.3095 2.3428 0.0000
4.0011 -3.6101 0.0000
-4.7595 -2.3415 0.0000
-0.5396 -4.4742 0.0000
2.5337 4.5416 0.0000
2.3523 4.3526 0.0001
-3.2839 1.2092 0.0109
-0.0530 4.0486 0.0001
-2.8519 1.2914 0.0268
-2.8885 1.0655 0.0316
-3.0992 1.0353 0.0212
1.8480 -2.9793 0.0023
1.7144 -3.2385 0.0012
3.5136 1.7835 0.0029
3.4337 1.5175 0.0053
2.1718 4.5325 0.0000
-4.7515 1.0814 0.0000
-4.7375 0.7788 0.0000
4.2217 -4.7648 0.0000
-4.2881 -1.6761 0.0001
-4.5174 -1.8547 0.0000
3.0756 1.2405 0.0191
-0.0599 3.5548 0.0002
-0.2784 3.4273 0.0003
0.7342 3.5311 0.0002
0.5064 3.4668 0.0002
0.3074 3.2437 0.0004
-0.7610 4.7670 0.0000
3.2947 0.1933 0.0194
1.0442 -2.0625 0.0075
0.7963 -2.2166 0.0048
4.4800 3.1223 0.0000
4.2283 2.8563 0.0000
4.2295 2.5849 0.0000
2.5534 -1.2072 0.0403
2.3770 -1.0988 0.0488
2.3721 -1.3087 0.0397
2.2018 -1.1826 0.0461
2.1726 -1.3700 0.0379
-2.9700 -3.4835 0.0005
-2.7963 -3.7389 0.0003
-3.0740 -3.7790 0.0002
3.4980 0.0159 0.0096
-4.2035 0.1206 0.0002
-0.4457 -2.3801 0.0029
-0.6969 -2.5067 0.0026
-0.8602 -2.7025 0.0019
-1.1132 -2.7767 0.0019
0.4276 1.6004 0.0111
-3.6908 -1.7024 0.0016
-3.8293 -1.9259 0.0007
-4.0197 -1.7625 0.0003
-4.0582 -2.0942 0.0002
4.5400 4.0176 0.0000
4.2934 4.1576 0.0000
-0.3291 0.6403 0.0267
-0.4993 0.4629 0.0307
-0.1336 -0.4319 0.0281
-0.3642 -0.3906 0.0300
-0.2485 -0.6132 0.0264
-0.2295 -0.8422 0.0228
1.7442 -3.7800 0.0003
3.3280 4.7360 0.0000
-3.4386 -0.9533 0.0087
-3.4651 -1.2297 0.0063
-0.5418 2.2248 0.0040
-0.5206 1.9389 0.0065
-1.8803 -1.7639 0.0203
-1.9870 -1.9278 0.0164
0.9923 -0.5755 0.0373
0.7506 -0.5929 0.0320
3.4965 -2.6109 0.0006
4.2453 -1.6134 0.0000
4.0351 -1.8433 0.0001
-3.6057 1.8663 0.0014
-3.8157 1.6463 0.0007
-1.3173 -1.4766 0.0213
-1.3811 -1.7236 0.0160
0.2268 3.5060 0.0002
4.7815 -2.9932 0.0000
4.5880 -3.1192 0.0000
-0.7137 -4.7326 0.0000
-4.2639 4.2956 0.0000
-4.4733 4.1161 0.0000
0.2050 -4.2516 0.0000
-0.0036 -4.4407 0.0000
-0.4947 1.6611 0.0099
-0.7127 1.4979 0.0137
4.0380 2.3536 0.0001
3.8138 2.2053 0.0005
1.9894 -2.1820 0.0116
1.7608 -2.2736 0.0090
1.8405 -2.5012 0.0062
-0.9482 -2.0992 0.0067
0.3014 1.3868 0.0140
0.1086 1.2082 0.0164
3.7358 -0.4272 0.0029
-4.1451 2.6976 0.0000
-4.3652 2.5880 0.0000
-4.4917 2.7911 0.0000
-4.4947 2.3991 0.0000
-3.6706 -4.2706 0.0000
-3.7935 -4.5147 0.0000
-4.7077 2.5775 0.0000
-0.8567 -1.0331 0.0253
-1.0664 -1.1295 0.0265
-1.2699 -1.2266 0.0276
3.1342 -4.0606 0.0000
2.9510 -4.2875 0.0000
-4.0285 -0.3763 0.0006
-4.2556 -0.5212 0.0001
1.9808 3.4585 0.0007
1.6598 3.4580 0.0006
0.1548 -0.7828 0.0235
-0.0092 -0.9387 0.0207
1.9671 -2.7266 0.0041
2.0134 -3.2096 0.0015
0.9547 -3.5166 0.0004
0.6969 -3.6557 0.0002
-3.4754 -0.6814 0.0089
-3.7068 -0.8402 0.0030
-4.5199 -1.2492 0.0000
-0.6185 4.1073 0.0001
-0.6012 3.8360 0.0001
-0.5845 3.5685 0.0003
-3.9078 -4.7634 0.0000
2.2611 1.3507 0.0377
1.9521 1.0458 0.0489
-1.9247 2.5023 0.0064
-2.1965 2.5398 0.0062
-2.0954 2.2941 0.0098
-2.3301 2.2584 0.0104
-2.2240 2.0562 0.0149
-2.7168 3.1514 0.0013
-2.9661 3.0162 0.0012
-3.2586 1.9861 0.0043
-3.3584 1.7617 0.0044
3.3837 -3.5313 0.0001
3.1096 -3.5842 0.0002
3.2966 -3.8152 0.0001
3.0178 -3.8213 0.0001
4.7645 -3.9006 0.0000
4.7601 -4.2103 0.0000
4.5257 -4.0412 0.0000
4.5048 -4.3350 0.0000
4.3690 -4.5334 0.0000
4.4889 -2.3201 0.0000
1.0074 -4.7556 0.0000
0.7386 -4.7495 0.0000
2.4343 -2.9433 0.0025
-4.4943 3.0661 0.0000
-3.7824 3.6703 0.0000
-4.0225 3.4475 0.0000
2.8606 -2.6667 0.0030
2.5447 -2.6135 0.0048
0.7576 4.7756 0.0000
0.4758 4.7110 0.0000
0.1550 4.7590 0.0000
-3.5030 -3.5559 0.0002
-2.3543 -0.0138 0.0821
3.9854 2.6812 0.0001
3.7832 2.4985 0.0004
0.4576 -3.7491 0.0002
0.3108 -3.9954 0.0001
0.0024 -4.0794 0.0001
0.3544 -3.5038 0.0003
0.1720 -3.7644 0.0001
-4.2261 -2.9211 0.0000
-4.2388 -3.2215 0.0000
-4.4947 -3.3164 0.0000
-1.8629 -0.2775 0.0741
-2.0044 -0.2875 0.0779
-1.9120 -0.4109 0.0727
-2.0518 -0.4231 0.0757
-2.1878 -0.4461 0.0765
-1.9705 -0.5505 0.0701
-2.1016 -0.5670 0.0719
-2.0608 -0.7020 0.0663
-2.2353 -0.5880 0.0718
-2.1993 -0.7128 0.0670
1.5789 -0.4602 0.0586
1.5069 -0.6325 0.0515
1.3322 -0.6246 0.0458
1.3699 -0.8188 0.0416
1.1667 -0.9536 0.0324
2.1871 0.3690 0.0774
2.1964 0.2466 0.0800
2.2049 0.1235 0.0816
2.1388 0.0129 0.0818
2.0756 0.2640 0.0786
2.0805 0.1474 0.0803
2.0134 0.0406 0.0796
1.9747 -0.0751 0.0786
1.8728 0.0220 0.0757
1.7627 -4.7459 0.0000
-1.5494 -3.0657 0.0014
-1.5194 -3.4354 0.0005
-1.8471 -2.9899 0.0020
-1.7813 -3.2592 0.0010
-1.7975 -3.5144 0.0005
0.2742 4.5131 0.0000
-0.0091 4.5070 0.0000
-3.7958 -0.3494 0.0023
-3.7472 -0.5928 0.0028
0.4676 -1.4805 0.0125
0.2725 -1.5091 0.0115
0.0830 -1.6869 0.0088
3.0815 4.7779 0.0000
3.0930 4.5419 0.0000
3.0184 4.2688 0.0001
0.9048 -3.8061 0.0002
0.6471 -3.9696 0.0001
-3.3296 0.9638 0.0117
-2.0090 0.3920 0.0758
-2.0978 0.2717 0.0801
-2.2059 0.1662 0.0826
0.4584 0.5482 0.0290
-3.9671 -3.7365 0.0000
-3.8498 -4.0197 0.0000
0.3491 -2.0384 0.0052
0.1245 -1.9463 0.0058
0.0108 -2.1572 0.0040
1.4461 1.2718 0.0297
1.3024 1.1399 0.0308
1.1577 1.0089 0.0315
1.0666 0.8332 0.0340
1.3550 -0.0258 0.0554
1.1744 -0.1451 0.0484
1.3692 -0.2102 0.0548
1.2534 -0.3275 0.0492
1.0653 -0.3531 0.0429
-0.7903 3.3975 0.0005
-0.7226 3.1323 0.0008
-0.9556 3.1011 0.0010
-0.9440 2.8467 0.0017
-1.3440 -4.2540 0.0000
1.3126 3.0517 0.0012
1.0315 3.0016 0.0010
-0.9054 4.5497 0.0000
-1.0887 4.3810 0.0000
1.0281 -2.3232 0.0048
-3.9881 -0.6553 0.0007
-4.2295 -0.8218 0.0001
4.1881 0.4659 0.0002
4.0338 0.2453 0.0006
-3.6014 -2.0932 0.0014
-3.6566 -2.3839 0.0008
-3.7253 -2.6570 0.0004
4.5354 3.7253 0.0000
4.2877 3.6027 0.0000
4.2688 3.3312 0.0000
4.1948 3.1010 0.0000
3.1674 -1.3481 0.0131
2.9505 -1.4913 0.0180
2.7259 -1.6196 0.0214
-1.7882 -3.9305 0.0001
-1.9149 -4.1892 0.0001
-2.7933 3.9393 0.0001
-3.0675 3.9023 0.0001
2.8503 3.6253 0.0004
2.8018 3.4101 0.0007
-2.1280 0.6613 0.0692
-2.2701 0.5899 0.0721
-2.2698 0.4479 0.0767
-2.3773 0.3533 0.0775
-2.4125 0.5176 0.0722
-2.5048 0.3953 0.0724
-2.3187 0.2314 0.0810
-2.4442 0.2185 0.0781
-2.5558 0.2755 0.0724
-2.6918 0.2213 0.0651
-2.5580 0.1264 0.0742
-2.7097 0.0645 0.0650
-2.4763 4.7544 0.0000
-2.7242 4.7397 0.0000
-2.8327 4.4685 0.0000
3.7759 -2.6267 0.0002
-0.5242 -4.2206 0.0000
-0.7905 -4.2289 0.0000
-1.0610 -4.2339 0.0000
1.2379 -3.9969 0.0002
-1.0139 3.3456 0.0006
-1.2262 3.2378 0.0009
-1.4087 3.7050 0.0003
-1.3383 3.4381 0.0006
-1.5909 3.4515 0.0007
-1.4786 3.1539 0.0013
4.2792 -4.1729 0.0000
4.1719 -4.3956 0.0000
3.8979 -4.3895 0.0000
4.0408 -4.6119 0.0000
3.8714 -4.7630 0.0000
-4.2341 0.8863 0.0001
-4.4987 0.9573 0.0000
1.6008 4.1917 0.0001
1.3768 3.9801 0.0001
1.1537 3.8559 0.0001
1.5181 3.1917 0.0010
-0.1387 -4.7378 0.0000
3.8440 -0.6447 0.0015
-3.1695 3.6359 0.0001
-0.4642 4.7563 0.0000
-4.0680 4.5019 0.0000
-4.0049 4.2191 0.0000
3.6545 -0.7641 0.0037
3.3797 -0.7844 0.0113
-4.4611 -3.8411 0.0000
-4.7367 -3.9502 0.0000
-4.7539 -4.2279 0.0000
4.7645 0.8234 0.0000
1.4000 -0.4373 0.0524
1.1918 -0.5081 0.0440
1.1551 -0.7225 0.0381
0.8635 -0.7412 0.0312
0.2182 0.9603 0.0209
0.0825 0.7654 0.0238
-0.0716 0.5930 0.0263
-0.2459 0.4362 0.0288
1.2743 -3.5036 0.0005
3.6527 -2.8444 0.0002
4.0432 3.7495 0.0000
3.8097 3.5849 0.0001
-3.9830 -1.2313 0.0006
-4.0797 -1.4646 0.0003
3.5124 2.5946 0.0009
3.2863 2.5277 0.0019
3.3384 2.2538 0.0026
3.0984 2.3308 0.0041
3.0083 2.1208 0.0069
-1.7619 0.4314 0.0671
-1.7910 0.2575 0.0718
-1.8827 0.3677 0.0729
-1.9509 0.2359 0.0775
-4.0033 -3.4223 0.0000
-4.2591 1.1462 0.0001
-4.5123 1.2679 0.0000
3.5260 3.9889 0.0001
3.2973 3.8214 0.0001
3.3094 3.5302 0.0003
3.0722 3.6418 0.0003
3.0908 3.3356 0.0006
-3.7735 1.1117 0.0015
3.4583 -1.5784 0.0039
3.2095 -1.5930 0.0088
-1.7983 -4.4581 0.0000
4.5045 0.8592 0.0000
0.2179 -2.2746 0.0033
0.0523 -2.5003 0.0020
3.9310 2.9718 0.0001
3.7197 2.7920 0.0003
-2.3550 0.1143 0.0817
-2.4622 0.0334 0.0789
-2.5899 -0.0271 0.0729
-2.7311 -0.1046 0.0633
-1.0780 -0.3986 0.0435
-1.1588 -0.5519 0.0431
-1.3194 -0.5291 0.0488
-1.1876 -0.7455 0.0394
-1.3631 -0.7073 0.0457
-1.5713 -0.7380 0.0516
-3.5127 -3.0970 0.0004
-1.2653 -4.5149 0.0000
-1.7275 -1.9992 0.0130
4.7669 -3.3046 0.0000
4.7534 -3.5936 0.0000
-2.4182 -1.6015 0.0270
-2.4221 -1.8242 0.0196
-2.6493 -1.8577 0.0164
3.5304 0.2697 0.0082
-1.9750 1.3526 0.0374
-1.9929 1.1343 0.0471
-2.1238 1.2118 0.0451
-2.3809 1.0244 0.0527
-2.0197 0.9833 0.0542
-2.1855 1.0346 0.0535
-2.1042 0.8299 0.0620
-2.2510 0.7446 0.0662
-2.3315 1.6280 0.0276
-2.1055 1.5764 0.0297
-2.2087 1.4004 0.0371
-2.4220 1.3814 0.0364
-2.6556 1.3569 0.0319
-2.3117 1.2027 0.0454
-2.5102 1.1829 0.0430
-2.6970 1.1194 0.0391
-2.5600 0.9761 0.0501
-2.7436 0.8844 0.0451
-4.7465 -0.8289 0.0000
2.4147 -0.7461 0.0630
2.2938 -0.7390 0.0652
2.2135 -0.8410 0.0613
2.0621 -0.8637 0.0592
1.8928 -0.9081 0.0540
2.2035 -1.0073 0.0540
2.0266 -1.1970 0.0442
2.0394 -1.0252 0.0519
1.8590 -1.1099 0.0450
-0.4582 1.3922 0.0140
-0.6809 1.2361 0.0185
1.5057 0.3414 0.0586
1.3733 0.3737 0.0531
1.2155 0.2833 0.0488
1.0524 0.1987 0.0445
-1.6348 0.6988 0.0547
-1.6953 0.5535 0.0614
-1.8260 0.6654 0.0622
-1.8775 0.5207 0.0686
0.3763 -2.9829 0.0008
2.5533 -3.6499 0.0004
2.2879 -3.7122 0.0004
-3.5514 3.4916 0.0001
-3.5015 3.2073 0.0001
4.5213 -4.7396 0.0000
-4.7627 2.8153 0.0000
2.0657 -1.5517 0.0301
2.2198 -1.7344 0.0240
2.1193 -1.9562 0.0172
1.9555 -1.7392 0.0227
1.8731 -1.9544 0.0161
1.7177 -2.0621 0.0125
3.9883 -0.0286 0.0008
-4.1485 2.4235 0.0000
-4.2826 2.2342 0.0000
-4.5077 2.1109 0.0000
-0.0679 -3.8166 0.0001
-0.2867 -3.9525 0.0001
0.9608 -4.0368 0.0001
0.7751 -4.2422 0.0001
-0.9351 1.4741 0.0162
-0.9051 1.2468 0.0207
-1.9678 0.0836 0.0796
-2.0654 0.1540 0.0813
-2.1222 0.0565 0.0829
-2.0349 -0.0358 0.0814
-2.1535 -0.0654 0.0831
-2.2450 0.0335 0.0834
-2.2536 -0.1014 0.0830
-2.3614 -0.1264 0.0814
-2.3512 -0.2343 0.0802
2.2710 0.0215 0.0819
2.2237 -0.1111 0.0818
2.0882 -0.0935 0.0809
-2.9600 -1.1023 0.0274
-4.2985 -1.3812 0.0001
-4.5323 -1.5512 0.0000
-1.7521 -4.7292 0.0000
4.5035 -2.5668 0.0000
4.2457 -2.6268 0.0000
-2.1989 3.4321 0.0009
-1.9149 -2.6823 0.0040
-2.1022 -2.8924 0.0028
-2.3617 -2.8168 0.0033
4.7815 4.7740 0.0000
0.4503 -4.7499 0.0000
0.1489 -4.7345 0.0000
1.5223 0.2096 0.0610
1.3689 0.1699 0.0554
1.1993 0.0726 0.0497
1.0232 -0.0114 0.0443
0.5998 -1.7993 0.0084
0.5955 -2.0306 0.0058
-3.0221 -1.3333 0.0194
-4.2206 -2.6123 0.0000
-4.4780 -2.7556 0.0000
3.7391 -0.1256 0.0031
1.3737 3.4108 0.0005
-1.2221 2.4052 0.0049
-1.2593 2.1128 0.0083
-1.4462 1.9575 0.0122
3.3223 -2.0719 0.0031
2.5351 -2.2815 0.0090
0.9665 -3.0207 0.0012
0.8081 -3.2710 0.0006
1.4201 -3.2574 0.0010
-0.5613 0.2051 0.0340
-0.7414 0.1209 0.0375
-3.1868 2.8229 0.0011
-3.4504 2.9202 0.0004
-3.6684 2.7246 0.0002
-3.2403 -3.5694 0.0003
-3.3749 -3.8096 0.0001
-3.5268 -4.0418 0.0000
3.3292 -2.8169 0.0007
-1.9183 -2.1777 0.0105
-2.1736 -2.0811 0.0133
-2.3616 -2.2968 0.0090
-2.1182 -2.3652 0.0080
-2.1665 -2.6020 0.0051
2.8795 0.2923 0.0495
2.7835 0.1094 0.0586
2.7764 -0.0482 0.0593
2.6401 0.1115 0.0685
2.6221 -0.0241 0.0699
2.4899 0.0093 0.0766
2.5079 -0.1314 0.0754
-1.5085 4.5124 0.0000
-1.5902 4.2255 0.0001
-1.8876 4.1993 0.0001
-1.9833 3.9222 0.0002
-4.2196 -3.7396 0.0000
-4.1713 -4.0215 0.0000
-4.4757 -4.1191 0.0000
4.7556 -0.5301 0.0000
4.7436 -0.8021 0.0000
4.7610 -1.0767 0.0000
4.6364 -1.2456 0.0000
-4.7538 2.3012 0.0000
-3.5502 -1.4829 0.0036
-3.7537 -1.3574 0.0017
-3.8662 -1.5635 0.0008
-2.9670 4.1848 0.0000
-3.2294 4.1984 0.0000
3.6705 -3.9807 0.0000
3.4303 -4.0548 0.0000
2.9802 -2.4392 0.0039
2.7138 -2.4504 0.0056
-1.7589 3.2233 0.0013
-1.9442 2.9972 0.0023
1.0133 2.1968 0.0059
0.8559 1.9876 0.0077
0.6610 1.8137 0.0090
0.6431 1.5607 0.0127
0.8710 -1.6281 0.0126
0.8311 -1.9024 0.0082
-0.0256 1.0115 0.0197
1.5555 -2.9965 0.0019
1.2647 -3.0138 0.0015
1.4836 2.0939 0.0096
1.3677 1.9094 0.0120
1.2891 1.6861 0.0158
1.0738 1.5464 0.0165
-3.0215 0.3629 0.0376
-2.8463 0.1832 0.0537
-3.0183 0.1368 0.0398
-3.2089 0.2340 0.0247
-3.3938 0.0670 0.0141
-3.5201 -0.1443 0.0087
-3.7041 -1.1054 0.0026
2.3718 -0.0633 0.0803
2.3443 -0.1900 0.0798
2.2262 -0.2534 0.0800
2.1121 -0.3507 0.0774
-2.9890 3.3394 0.0005
2.2414 2.3515 0.0083
2.0292 2.2205 0.0102
2.1928 2.0235 0.0147
1.9390 1.9801 0.0149
1.4870 3.7042 0.0002
1.2377 3.6301 0.0002
-2.3374 -0.7652 0.0640
-2.3524 -0.9477 0.0558
-2.5445 -0.9819 0.0499
-2.6707 -1.1031 0.0406
-2.7893 -0.9740 0.0398
-2.7877 -1.2550 0.0307
1.9161 2.9732 0.0022
1.6683 2.9730 0.0019
1.9459 2.7250 0.0038
1.7018 2.7038 0.0035
1.7442 2.4640 0.0058
1.4581 2.8464 0.0022
1.4493 2.5739 0.0039
1.5209 2.3372 0.0064
-1.3322 4.2961 0.0001
-1.0662 4.1265 0.0001
-1.3224 4.0525 0.0001
-4.4596 0.0896 0.0000
-4.5343 -0.1341 0.0000
-4.7711 -0.3324 0.0000
-3.1950 -0.9170 0.0190
-3.2060 -1.1481 0.0153
4.7372 1.4087 0.0000
4.4816 1.3773 0.0000
-3.1027 -2.1737 0.0053
4.2351 4.3859 0.0000
-2.5006 2.1023 0.0126
-2.6811 1.9804 0.0133
-2.8394 1.7929 0.0145
-2.7580 1.5724 0.0220
-2.9669 1.5118 0.0171
1.6162 -0.7629 0.0512
1.5279 -0.9072 0.0436
1.5145 -1.0773 0.0375
1.4087 -1.2494 0.0294
-0.1175 2.9081 0.0009
-0.3348 2.8769 0.0010
-3.0455 -4.2705 0.0001
-3.1752 -4.5157 0.0000
3.1698 1.4752 0.0120
2.8981 -3.0027 0.0014
2.9081 -3.2687 0.0007
2.6243 -3.1399 0.0014
2.6540 -3.4007 0.0007
2.4063 -3.4265 0.0008
4.1640 -2.1065 0.0000
3.9185 -2.1880 0.0002
3.6902 -2.3681 0.0004
-0.8592 3.9610 0.0001
-1.1422 3.8437 0.0002
-0.8660 3.6712 0.0003
-1.1172 3.5687 0.0004
-4.4871 -0.6888 0.0000
0.8625 1.3997 0.0173
0.7995 1.1803 0.0212
3.9246 -1.2468 0.0006
3.9604 -1.5684 0.0003
2.4589 1.1572 0.0441
2.2710 1.1620 0.0461
2.3556 0.9943 0.0530
2.2361 0.8990 0.0581
2.1425 1.0443 0.0513
2.0506 0.8863 0.0575
1.8682 0.8838 0.0541
2.1516 0.7556 0.0641
1.9675 0.7267 0.0627
2.0973 0.6226 0.0688
1.9870 0.5544 0.0693
1.9251 0.4557 0.0708
1.8420 0.4047 0.0696
2.0407 -4.7345 0.0000
3.3963 -2.3386 0.0015
-1.4943 3.9300 0.0002
-1.7157 3.9864 0.0002
-1.7349 3.7170 0.0004
-2.0667 3.6645 0.0005
0.8268 0.3255 0.0376
0.6870 0.1430 0.0361
4.7352 -2.0059 0.0000
2.8374 -4.0450 0.0001
2.6094 -4.1393 0.0001
3.6286 -1.2218 0.0029
3.4087 -1.3379 0.0063
4.2124 2.0890 0.0001
3.9590 2.0195 0.0003
3.5959 2.0432 0.0015
3.3840 0.4694 0.0135
3.2024 0.6254 0.0221
3.1498 0.4173 0.0276
2.9637 0.4817 0.0403
1.5437 -2.4858 0.0054
1.4027 -2.7473 0.0029
-4.2894 1.9127 0.0000
-4.5646 1.8392 0.0000
-4.7775 1.7035 0.0000
-4.7575 -1.1076 0.0000
3.2055 -2.5521 0.0018
3.0587 -2.7892 0.0016
4.3360 -3.1518 0.0000
4.1942 -3.3847 0.0000
2.3579 -2.7438 0.0040
2.1462 -2.9450 0.0027
4.7368 -2.2722 0.0000
4.7653 -2.5081 0.0000
-3.0163 -2.8980 0.0017
-3.2794 -3.0172 0.0008
-2.8009 -2.9741 0.0019
-2.8402 -3.2299 0.0011
-3.0601 -3.1572 0.0009
-3.2183 -3.3178 0.0005
-3.4520 -3.3253 0.0003
-3.4081 2.6221 0.0008
-1.5190 1.2382 0.0326
-1.6554 1.0513 0.0427
-1.7605 0.8341 0.0540
-1.2374 4.5813 0.0000
-3.7540 -3.5332 0.0001
-1.7130 4.7359 0.0000
-1.7792 4.4591 0.0000
-3.3140 -1.9977 0.0041
-3.3763 -2.2740 0.0023
-3.4345 -2.5476 0.0012
-1.1324 -1.6629 0.0147
-1.1979 -1.9468 0.0101
-1.5395 -4.4869 0.0000
1.3337 -1.0384 0.0341
1.1677 -1.2172 0.0254
-4.0226 1.1657 0.0003
0.6393 -0.4331 0.0326
0.4648 -0.5376 0.0291
0.2477 -0.5985 0.0266
-3.4424 0.3231 0.0112
-3.6323 0.1179 0.0053
-3.7306 0.3635 0.0031
-3.9058 0.1337 0.0012
-3.7697 -0.1201 0.0027
3.2203 -1.8395 0.0061
-0.1238 3.8071 0.0001
-0.3528 3.6844 0.0002
-4.7724 2.0148 0.0000
2.1576 4.0199 0.0002
1.8994 3.9842 0.0001
1.6486 3.9384 0.0001
-2.4680 -4.2312 0.0001
-2.5730 -4.5007 0.0000
-2.6810 -4.7552 0.0000
2.9637 -1.7391 0.0127
3.0047 -1.9970 0.0080
2.7337 -1.8835 0.0146
4.2524 -0.7653 0.0001
3.9935 -0.8532 0.0005
3.8066 -0.9987 0.0014
3.2151 -0.9134 0.0173
3.3364 -1.1158 0.0101
3.1043 -1.1064 0.0196
0.6670 -3.0236 0.0009
0.4659 -3.2275 0.0005
4.2103 0.7252 0.0002
4.2843 -0.4652 0.0001
4.0589 -0.5496 0.0004
-1.4463 1.0155 0.0381
-1.4455 0.8107 0.0447
-1.6041 0.8790 0.0475
1.1164 4.1531 0.0000
3.9182 0.4957 0.0011
3.7687 0.1856 0.0027
3.6679 0.4987 0.0042
2.9281 -1.2484 0.0246
2.7294 -1.3692 0.0289
2.4967 -1.7271 0.0224
-1.0233 -3.9703 0.0001
-1.2589 -3.9974 0.0001
-1.5105 -3.9711 0.0001
-2.2663 0.8883 0.0600
-2.3848 0.6932 0.0667
-2.4207 0.8400 0.0599
-2.5720 0.7942 0.0568
-2.5149 0.6466 0.0645
-2.6890 0.6693 0.0552
-2.6001 0.5171 0.0647
-2.8027 0.5142 0.0519
-2.6763 0.3777 0.0636
-2.8462 0.3451 0.0518
-0.7584 2.0581 0.0061
-0.9854 1.9635 0.0084
-0.7480 1.7705 0.0096
-0.9764 1.7018 0.0123
-2.4166 -0.3651 0.0760
-2.4825 -0.5022 0.0701
-2.5151 -0.6571 0.0637
-2.6637 -0.6692 0.0565
-2.8234 -0.7684 0.0441
3.8505 -2.9858 0.0000
3.7009 -3.1915 0.0001
-1.9650 -1.3869 0.0348
-2.0307 -1.6067 0.0268
0.4076 4.0252 0.0000
0.1775 3.9784 0.0001
0.1404 3.7616 0.0001
-2.2107 3.0492 0.0021
-2.0036 2.7672 0.0039
-2.2791 2.7799 0.0038
4.7862 -4.7816 0.0000
-3.5903 4.7452 0.0000
-3.8847 4.7421 0.0000
2.3188 -3.1907 0.0015
2.1439 -3.4514 0.0008
2.0171 -3.7069 0.0004
-1.8676 -1.1864 0.0418
-2.0670 -1.1836 0.0449
