5.0000 5.0000 0.0000
0.0000 5.0000 0.0000
2.5000 5.0000 0.0000
3.7500 5.0000 0.0000
4.3750 5.0000 0.0000
4.6875 5.0000 0.0000
4.0625 5.0000 0.0000
3.1250 5.0000 0.0000
3.4375 5.0000 0.0000
2.8125 5.0000 0.0000
1.2500 5.0000 0.0000
1.8750 5.0000 0.0000
2.1875 5.0000 0.0000
1.5625 5.0000 0.0000
0.6250 5.0000 0.0000
0.9375 5.0000 0.0000
0.3125 5.0000 0.0000
-2.5000 5.0000 0.0000
-1.2500 5.0000 0.0000
-0.6250 5.0000 0.0000
-0.3125 5.0000 0.0000
-0.9375 5.0000 0.0000
-1.8750 5.0000 0.0000
-1.5625 5.0000 0.0000
-2.1875 5.0000 0.0000
-3.7500 5.0000 0.0000
-3.1250 5.0000 0.0000
-2.8125 5.0000 0.0000
-3.4375 5.0000 0.0000
-4.3750 5.0000 0.0000
-4.0625 5.0000 0.0000
-4.6875 5.0000 0.0000
5.0000 -5.0000 0.0000
5.0000 0.0000 0.0000
5.0000 -2.5000 0.0000
5.0000 -3.7500 0.0000
5.0000 -4.3750 0.0000
5.0000 -4.6875 0.0000
5.0000 -4.0625 0.0000
5.0000 -3.1250 0.0000
5.0000 -3.4375 0.0000
5.0000 -2.8125 0.0000
5.0000 -1.2500 0.0000
5.0000 -1.8750 0.0000
5.0000 -2.1875 0.0000
5.0000 -1.5625 0.0000
5.0000 -0.6250 0.0000
5.0000 -0.9375 0.0000
5.0000 -0.3125 0.0000
5.0000 2.5000 0.0000
5.0000 1.2500 0.0000
5.0000 0.6250 0.0000
5.0000 0.3125 0.0000
5.0000 0.9375 0.0000
5.0000 1.8750 0.0000
5.0000 1.5625 0.0000
5.0000 2.1875 0.0000
5.0000 3.7500 0.0000
5.0000 3.1250 0.0000
5.0000 2.8125 0.0000
5.0000 3.4375 0.0000
5.0000 4.3750 0.0000
5.0000 4.0625 0.0000
5.0000 4.6875 0.0000
-5.0000 -5.0000 0.0000
0.0000 -5.0000 0.0000
-2.5000 -5.0000 0.0000
-3.7500 -5.0000 0.0000
-4.3750 -5.0000 0.0000
-4.6875 -5.0000 0.0000
-4.0625 -5.0000 0.0000
-3.1250 -5.0000 0.0000
-3.4375 -5.0000 0.0000
-2.8125 -5.0000 0.0000
-1.2500 -5.0000 0.0000
-1.8750 -5.0000 0.0000
-2.1875 -5.0000 0.0000
-1.5625 -5.0000 0.0000
-0.6250 -5.0000 0.0000
-0.9375 -5.0000 0.0000
-0.3125 -5.0000 0.0000
2.5000 -5.0000 0.0000
1.2500 -5.0000 0.0000
0.6250 -5.0000 0.0000
0.3125 -5.0000 0.0000
0.9375 -5.0000 0.0000
1.8750 -5.0000 0.0000
1.5625 -5.0000 0.0000
2.1875 -5.0000 0.0000
3.7500 -5.0000 0.0000
3.1250 -5.0000 0.0000
2.8125 -5.0000 0.0000
3.4375 -5.0000 0.0000
4.3750 -5.0000 0.0000
4.0625 -5.0000 0.0000
4.6875 -5.0000 0.0000
-5.0000 5.0000 0.0000
-5.0000 0.0000 0.0000
-5.0000 2.5000 0.0000
-5.0000 3.7500 0.0000
-5.0000 4.3750 0.0000
-5.0000 4.6875 0.0000
-5.0000 4.0625 0.0000
-5.0000 3.1250 0.0000
-5.0000 3.4375 0.0000
-5.0000 2.8125 0.0000
-5.0000 1.2500 0.0000
-5.0000 1.8750 0.0000
-5.0000 2.1875 0.0000
-5.0000 1.5625 0.0000
-5.0000 0.6250 0.0000
-5.0000 0.9375 0.0000
-5.0000 0.3125 0.0000
-5.0000 -2.5000 0.0000
-5.0000 -1.2500 0.0000
-5.0000 -0.6250 0.0000
-5.0000 -0.3125 0.0000
-5.0000 -0.9375 0.0000
-5.0000 -1.8750 0.0000
-5.0000 -1.5625 0.0000
-5.0000 -2.1875 0.0000
-5.0000 -3.7500 0.0000
-5.0000 -3.1250 0.0000
-5.0000 -2.8125 0.0000
-5.0000 -3.4375 0.0000
-5.0000 -4.3750 0.0000
-5.0000 -4.0625 0.0000
-5.0000 -4.6875 0.0000
-2.9729 1.7855 0.0117
-1.5952 2.1294 0.0104
2.4699 -0.1986 0.0764
2.3678 -0.2877 0.0780
2.2437 -0.3449 0.0784
2.3377 -0.4474 0.0749
2.1921 -0.4747 0.0750
2.0407 -0.4776 0.0731
2.1857 -0.5916 0.0712
2.0680 -0.6293 0.0687
1.9572 -0.7737 0.0610
4.7488 0.7471 0.0000
1.7131 2.4392 0.0059
3.2198 -2.2818 0.0029
-3.5469 0.7801 0.0059
-3.3840 0.5500 0.0128
2.2942 1.6836 0.0246
2.1711 1.4940 0.0317
2.0212 1.3508 0.0367
1.8583 1.2721 0.0377
1.8584 1.1187 0.0441
1.7125 1.0342 0.0443
-1.4259 4.7492 0.0000
-1.7146 4.7514 0.0000
4.7284 3.8986 0.0000
4.4486 3.7835 0.0000
1.1955 -0.1001 0.0495
0.9925 -0.4463 0.0396
4.7757 4.7792 0.0000
4.5089 4.7041 0.0000
2.5262 -4.5115 0.0000
-3.7154 2.9201 0.0001
-3.8542 4.2768 0.0000
4.2358 0.6630 0.0001
4.1830 3.6422 0.0000
3.8471 3.5244 0.0001
-3.1522 -4.4956 0.0000
-3.9277 4.0000 0.0000
2.3275 2.3957 0.0076
2.0895 2.3813 0.0077
0.3483 -2.3757 0.0028
0.3007 -2.6769 0.0015
0.0606 -2.8694 0.0009
0.9307 2.8777 0.0013
0.6964 2.9508 0.0009
0.5931 2.7267 0.0015
0.3807 2.8238 0.0011
0.2077 2.6662 0.0014
3.6016 -3.2421 0.0001
4.2880 4.5013 0.0000
1.7309 2.7400 0.0033
2.6879 -0.3566 0.0624
-4.7383 2.9669 0.0000
-2.3553 0.0162 0.0820
-2.4750 -0.0014 0.0784
-2.5582 -0.0986 0.0742
-2.5975 -0.2151 0.0709
-2.7276 -0.1678 0.0631
-2.7688 -0.3108 0.0583
-2.9277 -0.4116 0.0446
-2.2333 0.7238 0.0670
-2.3549 0.6722 0.0679
-2.3211 0.5439 0.0730
-2.4488 0.5062 0.0713
-2.5809 0.4779 0.0666
-2.4932 0.6411 0.0654
-2.6308 0.5840 0.0610
-2.4644 0.3676 0.0745
-2.6034 0.3538 0.0684
-2.7476 0.2723 0.0604
-2.7572 0.4467 0.0566
1.4628 2.3253 0.0063
1.1914 2.2007 0.0066
-2.4286 -0.1180 0.0795
-2.3468 -0.2282 0.0802
-2.4710 -0.2344 0.0766
-2.4839 -0.3437 0.0741
-2.6163 -0.3469 0.0677
-2.7356 -0.4727 0.0575
-0.4531 -2.9082 0.0009
0.4572 -1.0140 0.0209
0.2134 -0.9044 0.0217
0.2366 -1.1406 0.0176
-0.0110 -1.0447 0.0190
-0.2106 -1.2216 0.0163
3.5734 2.3791 0.0010
3.3731 2.1256 0.0029
3.1533 2.0018 0.0062
2.9732 1.8132 0.0117
-4.2317 -0.9456 0.0001
-4.5123 -0.9366 0.0000
-4.3890 -1.2041 0.0000
-4.6313 -1.2341 0.0000
4.0690 2.3251 0.0001
3.8428 2.2231 0.0004
3.6463 2.0833 0.0012
3.4960 -3.5565 0.0001
4.7719 -1.4026 0.0000
4.7900 -1.7359 0.0000
4.7316 -2.0490 0.0000
-3.2826 3.2377 0.0003
-3.4816 3.0670 0.0002
3.3238 -1.7151 0.0053
3.2787 -2.0012 0.0040
-4.1802 0.3450 0.0002
-4.4716 0.2090 0.0000
-4.4903 -0.0739 0.0000
3.3223 -0.4008 0.0166
3.2024 -0.6101 0.0218
3.0563 -0.7813 0.0283
2.8942 -0.9185 0.0350
2.5683 1.0680 0.0452
2.5621 0.8770 0.0530
2.4005 0.9711 0.0534
4.2311 2.8992 0.0000
4.1238 2.6356 0.0001
3.9158 2.7990 0.0001
3.8616 2.5096 0.0003
-2.2658 -1.7464 0.0227
-2.4596 -1.8530 0.0185
-2.5548 -2.1126 0.0116
-2.8422 -2.0367 0.0101
-3.0306 -2.2190 0.0056
-2.2974 -2.2796 0.0094
-2.5170 -2.4091 0.0070
-2.7219 -2.5847 0.0044
-1.6347 0.4868 0.0608
-1.6854 0.3195 0.0665
-1.8021 0.4065 0.0691
-1.9439 0.3406 0.0752
2.7399 0.9293 0.0434
-2.0475 -2.4228 0.0070
-2.2699 -2.5619 0.0056
-3.0550 -0.5720 0.0326
-3.1895 -0.7563 0.0214
-3.4660 -0.8052 0.0086
3.6480 -4.3203 0.0000
2.3378 0.6853 0.0664
2.4124 0.5603 0.0695
2.2407 0.5651 0.0717
2.3144 0.4387 0.0751
2.2312 0.3313 0.0784
1.4337 -3.9946 0.0002
3.1622 -2.5837 0.0019
1.7286 -4.1864 0.0001
1.4583 -4.2671 0.0001
-0.2333 0.4087 0.0290
-0.3507 0.6020 0.0274
-0.5585 0.6312 0.0289
-0.3489 0.2196 0.0314
-0.5015 0.3971 0.0314
-0.5878 0.1638 0.0345
-4.0387 -3.2224 0.0000
1.3287 0.9356 0.0376
1.1688 0.8218 0.0367
1.1686 0.5898 0.0423
-2.9166 -1.7462 0.0141
-3.1684 -1.6652 0.0096
-3.0949 -1.9362 0.0078
0.9150 4.5381 0.0000
-0.2882 -1.9276 0.0064
-0.5736 -1.9599 0.0068
1.5582 -3.3033 0.0010
1.4180 -4.5243 0.0000
0.4462 -2.0783 0.0050
4.5569 -4.7456 0.0000
-1.8866 -0.5938 0.0664
-2.0163 -0.6360 0.0680
-2.0478 -0.7956 0.0621
-1.7853 2.5960 0.0050
-2.8748 -3.7036 0.0003
-3.4128 -3.6477 0.0002
-3.4878 -3.8753 0.0001
-4.0431 4.4859 0.0000
-4.1499 4.1981 0.0000
-4.2160 3.9153 0.0000
0.4162 1.6689 0.0100
-4.1673 3.1517 0.0000
-4.4801 3.1195 0.0000
0.0765 -2.3520 0.0027
0.0377 -2.5870 0.0017
-2.7657 -2.3002 0.0071
-3.2347 -2.4055 0.0027
-2.9716 -2.4962 0.0038
-3.1703 -2.6893 0.0019
-1.5464 -0.8960 0.0453
-1.5823 -1.0691 0.0399
-1.7592 -1.0025 0.0471
-1.7502 -1.2049 0.0386
2.8166 2.3033 0.0067
2.8591 2.0333 0.0099
2.7924 1.7294 0.0171
2.7469 -3.9416 0.0001
2.6728 -4.2550 0.0001
1.5847 -3.6008 0.0005
-4.5302 4.7364 0.0000
1.0773 4.3392 0.0000
2.3687 -2.0184 0.0153
2.2638 -2.2348 0.0109
-2.2433 -3.1849 0.0015
2.0857 0.1029 0.0808
1.9481 0.0745 0.0779
1.9231 -0.0558 0.0773
1.8114 -0.1293 0.0731
1.6865 -0.2300 0.0672
1.9633 -0.1830 0.0774
1.8386 -0.2809 0.0721
4.7490 1.8452 0.0000
1.9351 0.5856 0.0671
1.8404 0.3319 0.0713
2.8661 0.7579 0.0414
2.9056 0.5805 0.0428
2.7810 0.4435 0.0544
-3.4839 2.7637 0.0005
-3.6558 2.5670 0.0003
-2.6196 -3.7872 0.0003
-2.7501 -3.9872 0.0002
3.4598 -0.6399 0.0092
0.9243 -4.6818 0.0000
1.6123 -1.2244 0.0349
-1.9857 3.7799 0.0003
-4.2080 -4.7536 0.0000
-2.0160 2.0238 0.0153
-2.7363 4.1237 0.0001
-2.9556 3.9403 0.0001
-2.9085 -0.1947 0.0487
2.0296 4.7665 0.0000
1.8923 4.5405 0.0000
1.7715 4.2826 0.0000
4.7463 1.3165 0.0000
4.7463 1.0376 0.0000
-4.5185 1.0445 0.0000
0.4355 -4.4982 0.0000
0.4273 -4.7448 0.0000
-2.1585 3.2812 0.0012
1.8138 0.4857 0.0667
1.6886 0.3731 0.0651
1.7321 0.2124 0.0693
-0.6629 -3.6210 0.0001
-0.8409 -3.8093 0.0001
-1.0830 -3.9646 0.0001
-1.3171 -4.1319 0.0000
-1.5568 -4.2692 0.0000
-1.5909 -4.5342 0.0000
0.8504 0.1131 0.0397
0.6036 0.1662 0.0346
0.6972 -0.0225 0.0366
0.4722 -0.0243 0.0331
0.5881 -0.1943 0.0342
0.3705 -0.2574 0.0311
3.5187 1.3492 0.0046
4.5362 -2.8273 0.0000
4.3242 -2.9502 0.0000
0.1905 -0.4242 0.0284
0.1873 -0.6615 0.0254
-0.0131 -0.8002 0.0230
-0.2079 -0.6794 0.0253
-0.2463 -0.9281 0.0214
4.7794 2.3580 0.0000
4.5725 2.4670 0.0000
2.5902 2.1197 0.0112
2.6523 1.8771 0.0158
2.5299 1.6702 0.0233
2.3383 2.1563 0.0117
2.3910 1.9149 0.0172
-3.8662 -4.2075 0.0000
-3.9327 -4.5038 0.0000
-3.9251 -4.7580 0.0000
-1.6718 2.8763 0.0027
0.8609 1.1128 0.0235
0.8695 0.8776 0.0289
-4.2087 -2.4616 0.0000
-3.9805 3.7087 0.0000
-4.2479 3.6323 0.0000
-0.1830 1.0521 0.0191
-1.3255 -0.4070 0.0514
-1.2602 -0.6054 0.0449
-1.3992 -0.7472 0.0456
-4.7752 4.7652 0.0000
-4.5415 4.4768 0.0000
-4.7774 4.5020 0.0000
1.8358 1.7594 0.0200
1.6480 1.6086 0.0223
3.6493 -2.6959 0.0002
-1.5517 3.4638 0.0007
-1.2748 4.4972 0.0000
-1.3888 4.2457 0.0001
-2.9944 1.1968 0.0230
3.2589 1.7796 0.0065
3.0701 1.6234 0.0125
2.9696 1.4727 0.0183
2.8403 1.3289 0.0264
2.7816 1.5661 0.0215
2.6260 1.4640 0.0285
2.6230 1.2747 0.0354
2.7867 1.1186 0.0350
4.0235 4.4017 0.0000
3.9789 4.1258 0.0000
1.9980 -3.8697 0.0003
1.9263 -4.0460 0.0002
2.7892 -4.5873 0.0000
2.6398 -4.7817 0.0000
-2.2933 2.4861 0.0069
-2.5727 2.5004 0.0058
-0.3879 3.7605 0.0001
4.7258 0.4578 0.0000
1.6582 0.5458 0.0598
1.5266 0.4325 0.0577
1.5689 0.2533 0.0624
1.4474 0.1370 0.0588
1.3053 0.0326 0.0537
-2.1185 -0.2586 0.0803
-2.3475 -0.3594 0.0776
-2.4459 -0.4609 0.0724
4.2385 -0.8232 0.0001
4.0653 -1.0405 0.0003
3.9233 -1.2765 0.0005
-1.0660 -4.2577 0.0000
-1.3169 -4.4462 0.0000
-1.1349 -4.7655 0.0000
-1.4009 -4.7361 0.0000
-1.7108 -4.7650 0.0000
-4.4646 -2.5565 0.0000
-3.0586 1.4369 0.0155
-3.2586 1.2900 0.0109
2.7585 4.4867 0.0000
2.7563 4.2444 0.0001
2.6646 -1.7174 0.0200
3.5334 -3.0040 0.0002
-2.2775 -2.8441 0.0031
-1.5231 -2.4547 0.0051
-1.7979 -2.4805 0.0057
-1.6899 -2.7144 0.0034
-2.0007 -2.7068 0.0040
-2.0667 -2.9980 0.0022
3.9886 -2.8273 0.0000
2.5287 0.3071 0.0721
2.3744 0.2939 0.0775
2.3510 0.1304 0.0804
2.2729 0.2184 0.0804
2.2158 0.1117 0.0818
2.1614 0.0001 0.0821
2.0427 -0.0245 0.0804
-1.4571 -1.5078 0.0226
-0.4064 4.7494 0.0000
4.5249 -2.3338 0.0000
-0.3670 4.0208 0.0001
4.4861 0.5664 0.0000
0.0467 0.6966 0.0248
4.7482 -1.1073 0.0000
-1.6212 -0.5235 0.0598
-1.5783 -0.7028 0.0529
-1.7400 -0.6527 0.0600
-1.8814 -0.7557 0.0603
-3.7496 -0.7761 0.0025
-3.6118 -1.0248 0.0041
0.5659 -0.4095 0.0320
0.3854 -0.5263 0.0285
4.0096 -3.8705 0.0000
2.6928 3.2574 0.0011
2.4966 3.0993 0.0018
2.3286 2.8739 0.0030
2.3923 3.3724 0.0010
2.2099 3.1196 0.0017
2.0144 2.8810 0.0028
-4.4898 -4.7447 0.0000
-2.9394 -3.3079 0.0008
4.5492 3.5932 0.0000
-1.1954 -1.5573 0.0176
-2.2136 -0.4135 0.0774
-2.3223 -0.5116 0.0736
-2.4597 -0.6108 0.0672
-3.3915 2.4917 0.0011
0.8117 -2.7662 0.0018
-0.0791 2.5864 0.0017
3.8843 4.7860 0.0000
-4.5063 1.6007 0.0000
-4.7313 1.3849 0.0000
-2.1324 4.5461 0.0000
-2.2203 4.3271 0.0001
-0.0554 -4.2668 0.0000
1.7611 3.9825 0.0001
1.6836 3.6974 0.0003
-3.6787 -0.2754 0.0043
-3.8737 -0.4956 0.0015
-4.0286 -0.7303 0.0005
0.4282 1.9551 0.0065
0.1978 2.1132 0.0045
1.9316 -0.5901 0.0671
3.7335 -1.0889 0.0019
-2.0924 -0.9544 0.0557
-2.3081 -1.1745 0.0458
-2.3571 -1.3649 0.0370
-0.6027 3.0274 0.0009
-0.8719 2.8279 0.0016
2.8371 -0.7107 0.0442
2.6886 -0.8363 0.0491
2.5728 -1.0032 0.0480
2.5262 -1.1613 0.0430
2.5108 -0.8356 0.0568
2.4028 -0.9574 0.0546
2.3640 -1.1138 0.0484
2.3181 -1.2781 0.0416
2.3064 -1.4786 0.0333
2.6562 0.3602 0.0643
2.6183 0.1840 0.0693
2.4598 0.1851 0.0768
2.5182 0.0673 0.0754
2.4106 0.0318 0.0795
2.2922 -0.0060 0.0819
2.4264 -0.0727 0.0789
2.3305 -0.1428 0.0807
2.1998 -0.1091 0.0819
2.0834 -0.1261 0.0807
-3.7772 -1.2186 0.0017
-3.9265 -1.0016 0.0009
-4.1084 -1.1976 0.0003
4.7546 1.5842 0.0000
4.5007 1.4290 0.0000
0.3053 -3.3058 0.0004
-2.9288 0.3324 0.0454
-2.8986 0.1433 0.0497
-3.0433 -0.0277 0.0381
-3.0924 0.1964 0.0335
-3.2659 0.0923 0.0214
-3.4867 -0.0336 0.0100
3.5045 -3.8401 0.0000
1.3252 -1.8754 0.0125
1.0500 -1.9303 0.0093
0.0282 1.1798 0.0168
0.6045 4.0716 0.0000
3.5890 0.4698 0.0061
1.6325 -1.9113 0.0149
1.4716 -2.0587 0.0106
-3.4101 -4.5012 0.0000
-3.6629 -4.4023 0.0000
-3.6296 -4.7132 0.0000
1.2024 -4.2065 0.0001
0.8434 -3.8546 0.0002
0.5968 -4.0146 0.0001
-2.4375 4.5056 0.0000
-2.4744 4.2302 0.0001
0.5621 -3.7437 0.0002
0.3172 -3.9234 0.0001
2.8401 -1.8804 0.0127
2.5154 -1.8653 0.0182
0.9217 -2.1757 0.0057
0.8521 -2.4733 0.0032
0.6404 -2.2824 0.0039
-3.2899 -3.9996 0.0001
-3.4083 -4.2373 0.0000
-3.6346 -4.0905 0.0000
-1.5184 -0.0943 0.0626
-1.5923 -0.2370 0.0644
-1.6838 -0.3612 0.0660
-1.7779 -0.4866 0.0664
-2.3123 4.7595 0.0000
0.3816 3.9480 0.0001
-2.5941 -1.4074 0.0314
-2.4004 -1.5707 0.0283
-2.7919 -1.5621 0.0214
-2.5928 -1.6554 0.0230
-2.6978 -1.8553 0.0158
4.2386 -4.7625 0.0000
3.0391 2.5232 0.0033
-1.8577 4.5021 0.0000
-4.7413 -0.1977 0.0000
2.0311 -4.7432 0.0000
1.7262 -4.7334 0.0000
1.4384 -4.7571 0.0000
1.4077 -0.7933 0.0435
1.3134 -0.9491 0.0362
1.1050 -0.9856 0.0302
1.2261 -1.1608 0.0281
0.9646 -1.1758 0.0230
1.1294 -1.3879 0.0205
-0.3843 3.4762 0.0003
-1.0023 -1.7781 0.0114
1.6365 0.0978 0.0666
1.5172 0.0032 0.0619
1.3976 -0.0962 0.0569
1.3320 -0.2371 0.0532
-0.1349 3.9398 0.0001
4.3855 -4.2076 0.0000
4.2098 -4.3879 0.0000
-0.8207 -4.1075 0.0000
-0.8135 -4.4168 0.0000
-1.0728 -4.5301 0.0000
-1.1059 3.0144 0.0013
-3.5219 -1.9974 0.0021
-3.7456 -2.1476 0.0007
-4.4983 2.7697 0.0000
-0.2029 -2.7536 0.0012
-0.3459 -0.5231 0.0283
-0.5846 -0.5576 0.0305
-0.4302 -0.7325 0.0259
-0.6829 -0.3385 0.0348
-0.7851 -0.5272 0.0343
-0.8623 -0.6964 0.0328
-0.6719 -0.7724 0.0280
0.2580 -0.0138 0.0312
0.1470 -0.1904 0.0301
-0.0014 -0.3277 0.0290
-0.0359 -0.5467 0.0266
-2.6931 -1.1465 0.0381
-4.2288 0.0755 0.0001
-4.2336 -0.1854 0.0002
-4.4643 -0.3737 0.0000
2.5320 4.1648 0.0001
0.7973 -3.0528 0.0010
0.1243 3.2192 0.0004
-0.1129 3.0880 0.0006
2.7434 4.7433 0.0000
2.5303 4.7056 0.0000
3.1484 -1.2682 0.0150
3.1300 -1.0154 0.0200
2.9311 -1.1466 0.0270
2.9163 -1.3759 0.0219
3.0160 4.2394 0.0001
2.8624 3.9986 0.0002
2.8202 -2.1854 0.0080
2.7047 -2.4070 0.0062
-2.8115 -1.3336 0.0274
-3.0244 -1.4533 0.0169
-2.8903 -2.7848 0.0025
0.5999 3.7708 0.0001
0.3814 3.6167 0.0001
0.1263 3.4881 0.0002
3.7614 -3.4566 0.0000
3.7438 -3.7614 0.0000
1.1957 -4.4880 0.0000
1.1626 -4.7440 0.0000
4.4447 -2.5761 0.0000
4.2193 -2.7474 0.0000
1.8855 2.2568 0.0090
1.8843 1.9803 0.0145
1.4118 4.7382 0.0000
2.2103 -1.8713 0.0198
2.0839 -2.0534 0.0147
2.5601 2.3642 0.0075
-0.7142 -2.7684 0.0014
-4.4263 2.4891 0.0000
-4.6390 2.4684 0.0000
-4.7815 2.3421 0.0000
-0.0364 2.2685 0.0032
-0.0554 1.9841 0.0055
-3.8316 1.6784 0.0006
-4.0272 1.5433 0.0002
-4.2581 1.4599 0.0000
-4.4684 1.2861 0.0000
-4.4973 -1.9960 0.0000
-4.7529 -2.1941 0.0000
0.8011 3.9360 0.0001
2.4426 -2.4438 0.0070
2.2184 -2.5070 0.0066
1.9994 -2.5825 0.0056
-3.5735 4.7252 0.0000
-3.7902 4.5398 0.0000
-1.2237 -2.5178 0.0037
-1.1976 -2.8041 0.0020
-1.4243 -2.7196 0.0028
-4.2972 -3.2681 0.0000
-4.4914 -3.4538 0.0000
-4.1134 -4.2640 0.0000
-4.2272 -4.5126 0.0000
0.4586 2.2292 0.0040
4.7702 -3.8856 0.0000
4.5584 -4.0247 0.0000
2.2310 1.2838 0.0407
2.0627 1.1468 0.0460
1.9543 0.9634 0.0526
1.7865 0.8691 0.0527
1.7703 -0.8681 0.0524
1.6786 -1.0145 0.0443
1.4626 -1.0730 0.0363
-4.7315 -2.4317 0.0000
-4.7393 -2.6968 0.0000
-4.4842 -2.8457 0.0000
-4.7540 -2.9835 0.0000
-4.2318 0.6287 0.0001
2.9023 -3.0868 0.0011
2.8482 -3.3638 0.0006
2.6185 -3.1648 0.0013
2.6046 -3.4541 0.0007
-4.7497 -0.4804 0.0000
-4.7612 -0.7791 0.0000
-4.7704 -1.0690 0.0000
-0.3760 3.1849 0.0005
-0.3026 2.8704 0.0010
3.2880 4.7369 0.0000
3.2417 4.4707 0.0000
3.0034 4.4934 0.0000
-2.4492 0.2563 0.0772
-2.5832 0.2149 0.0718
-2.3747 0.1447 0.0809
-2.4770 0.1204 0.0778
-2.5907 0.0656 0.0727
-2.6703 -0.0383 0.0678
-2.8376 -0.0258 0.0553
4.7823 -3.2780 0.0000
4.3282 -3.2151 0.0000
0.1366 0.2000 0.0302
-1.1831 0.2594 0.0483
-1.2670 0.1023 0.0526
-1.4242 0.2009 0.0578
-1.4317 0.0405 0.0592
-1.3312 -0.0878 0.0552
-1.4180 -0.2425 0.0574
-0.6255 3.6167 0.0002
-1.4802 0.6485 0.0507
2.7007 -1.4700 0.0265
2.5049 -1.5723 0.0275
2.3618 -1.7174 0.0241
-4.4677 0.7612 0.0000
-4.4628 0.4751 0.0000
4.0848 -3.0586 0.0000
3.8496 -3.1743 0.0000
4.7495 -0.5234 0.0000
3.1566 -4.2890 0.0000
3.1390 -4.5421 0.0000
-2.8407 -0.6109 0.0471
-2.9501 -0.7792 0.0358
-3.0609 -0.9760 0.0250
-3.3001 -0.9923 0.0133
-0.2851 1.8293 0.0072
-0.5361 1.7117 0.0093
0.8065 2.6294 0.0021
0.7021 2.3704 0.0035
2.0070 -2.2919 0.0096
1.8047 -2.3945 0.0074
3.1499 3.9697 0.0001
3.0479 3.7470 0.0003
2.7845 3.7369 0.0003
2.8440 3.4900 0.0006
1.0682 -2.6814 0.0026
-0.5643 4.2133 0.0001
-0.8243 4.2051 0.0001
-0.9702 3.9756 0.0001
4.7824 3.6311 0.0000
4.7062 3.3656 0.0000
-4.7423 0.0871 0.0000
3.8090 0.3069 0.0022
3.5720 0.1652 0.0070
-4.7548 -4.7608 0.0000
4.3306 0.3588 0.0001
3.7568 4.5413 0.0000
3.7694 4.2975 0.0000
3.5255 4.2369 0.0000
3.2755 4.2228 0.0001
3.7139 4.0063 0.0000
3.4230 3.9528 0.0001
3.4364 -4.5358 0.0000
1.5961 4.5123 0.0000
1.4014 4.3692 0.0000
-3.3144 -4.7564 0.0000
0.7222 -2.0033 0.0065
1.8725 -3.6816 0.0004
1.6777 -3.8802 0.0002
4.5967 -1.5713 0.0000
3.8667 0.5728 0.0015
4.0945 0.4445 0.0004
3.7718 -2.9326 0.0001
-2.8259 -0.9682 0.0380
-1.5565 0.0762 0.0641
-1.6505 0.0176 0.0682
-1.6836 -0.1070 0.0693
-1.7600 -0.2169 0.0713
-1.8396 -0.3483 0.0718
-1.9343 -0.4656 0.0718
-3.5583 -3.3500 0.0002
-3.8872 -3.4709 0.0000
-3.9891 -3.7169 0.0000
-4.1863 2.6200 0.0000
-0.6709 4.7143 0.0000
-0.7606 4.4526 0.0000
-1.0040 2.5639 0.0030
-1.1134 2.2969 0.0054
0.3091 -3.6125 0.0002
0.2439 1.0545 0.0194
1.2771 0.2036 0.0519
1.1007 0.1092 0.0465
0.9853 -0.0450 0.0433
1.0691 -0.2120 0.0447
0.9305 -0.2918 0.0402
0.8333 -0.1296 0.0392
0.7492 -0.3065 0.0361
0.7953 -0.5032 0.0344
-3.6361 2.2951 0.0006
-3.5987 2.0754 0.0010
-3.7551 1.9402 0.0006
-2.3846 -4.4583 0.0000
-2.6391 -4.4409 0.0000
-2.5517 -4.7079 0.0000
-2.7690 -4.7548 0.0000
0.1456 3.7575 0.0001
0.7981 -3.3234 0.0005
0.8017 -3.5792 0.0003
1.9122 -4.4613 0.0000
1.6541 -4.4729 0.0000
-2.6433 -2.9019 0.0025
-2.8469 -3.0774 0.0015
-3.1119 -2.9710 0.0012
-3.1675 -3.2066 0.0007
-3.3059 -3.4262 0.0003
-3.3153 -1.4572 0.0082
-1.5125 -0.3891 0.0588
-1.4472 -0.5593 0.0524
-1.7223 -0.8353 0.0528
-0.1342 0.6183 0.0261
-0.1984 0.8263 0.0231
-0.4239 0.8266 0.0243
1.7898 -0.5430 0.0642
1.6582 -0.5712 0.0587
1.5101 -0.6508 0.0511
1.8115 -0.7017 0.0597
1.6498 -0.7447 0.0530
4.4622 2.2511 0.0000
4.2127 2.1240 0.0001
-3.4289 -1.1952 0.0074
0.1680 4.7500 0.0000
2.3712 -4.2790 0.0001
2.2076 -4.5067 0.0000
-3.2539 2.8984 0.0008
-2.0284 1.3630 0.0376
-1.8528 1.2746 0.0386
-1.9396 1.1301 0.0462
-2.1188 1.1873 0.0460
-2.0338 0.9908 0.0539
-2.1168 0.8481 0.0612
-2.2892 0.8573 0.0611
-2.2092 1.0194 0.0541
-2.3881 0.9937 0.0538
-2.4378 0.8027 0.0609
-4.7460 0.8443 0.0000
4.0043 0.7795 0.0006
3.6545 0.7606 0.0040
0.1084 3.9950 0.0001
0.4628 -4.2501 0.0000
0.0237 0.0048 0.0304
-0.1090 -0.1599 0.0303
-0.2150 0.0335 0.0311
-0.4445 0.0157 0.0331
-0.5625 -0.1593 0.0342
-0.2116 -0.3781 0.0291
-0.3296 -0.1765 0.0315
-0.4624 -0.3517 0.0315
-1.7960 -0.0093 0.0740
-1.8688 -0.1151 0.0762
-1.8996 -0.2314 0.0759
-2.0141 -0.2274 0.0790
-1.9842 -0.3472 0.0761
-2.0967 -0.3828 0.0773
-2.0541 -0.5058 0.0732
-2.1728 -0.5376 0.0734
-2.1532 -0.6782 0.0681
-0.9259 -0.4116 0.0391
-1.0733 -0.3102 0.0444
-1.1507 -0.4531 0.0447
-1.0407 -0.6109 0.0385
-4.7345 2.1031 0.0000
-4.7427 1.8748 0.0000
-4.7584 1.6564 0.0000
-2.5017 -2.7049 0.0040
-2.4665 3.9601 0.0002
-2.4879 3.6797 0.0004
-2.7132 3.5155 0.0005
-4.4854 2.2011 0.0000
-4.4889 1.8967 0.0000
1.5499 4.1784 0.0000
1.4611 3.9322 0.0001
-3.3558 4.2138 0.0000
-3.4454 3.9194 0.0000
-3.7061 3.8149 0.0000
-1.8146 0.2515 0.0726
-1.9552 0.2214 0.0777
-1.6055 0.1988 0.0651
-1.7325 0.1352 0.0709
-1.8762 0.1141 0.0764
-1.9460 0.0030 0.0790
-2.0817 -0.0070 0.0822
-2.0263 0.1152 0.0807
-2.1468 0.1005 0.0827
-2.0050 -0.1149 0.0801
-2.1308 -0.1270 0.0823
-2.2147 -0.0170 0.0833
-2.3084 -0.0952 0.0824
-2.2275 -0.1711 0.0823
-2.2290 -0.2918 0.0803
-3.7921 0.8076 0.0018
1.3962 1.6445 0.0180
1.4884 1.4179 0.0258
1.2180 1.4267 0.0211
1.0843 1.2381 0.0239
1.3709 1.2281 0.0295
1.2324 1.0925 0.0307
1.0560 0.9815 0.0300
3.3856 -1.1419 0.0083
2.4037 1.4430 0.0330
2.4322 1.2185 0.0420
2.2855 1.0919 0.0493
2.1585 0.9841 0.0542
2.2728 0.8515 0.0602
2.0889 0.8347 0.0603
2.0418 0.6777 0.0661
1.9243 0.7754 0.0599
1.8074 0.6618 0.0610
4.0417 0.1905 0.0006
4.0369 -0.1013 0.0006
3.7959 0.0225 0.0024
3.5487 -0.1230 0.0077
-2.7094 2.7395 0.0032
-2.8759 2.5087 0.0041
-3.1316 2.3783 0.0031
-0.7039 -3.0508 0.0007
-0.6937 -3.3304 0.0003
-0.9571 -3.2011 0.0006
-1.1788 -3.3714 0.0004
-3.9233 2.1648 0.0002
-4.0150 1.8744 0.0001
-4.2424 1.7409 0.0000
-3.5330 1.2866 0.0041
-3.7019 1.0886 0.0023
-3.9676 1.0523 0.0005
4.7814 -2.9490 0.0000
4.5771 -3.1150 0.0000
-2.9597 2.2191 0.0060
-3.3193 2.2094 0.0025
-3.4200 1.9965 0.0025
0.9129 2.1733 0.0058
4.7707 3.1322 0.0000
4.7525 2.9077 0.0000
4.5066 3.1483 0.0000
4.5114 2.8977 0.0000
4.4224 2.6663 0.0000
4.2817 2.4320 0.0000
-3.0303 -4.7579 0.0000
-0.8477 2.3339 0.0041
3.2614 -3.7520 0.0001
1.2576 4.1407 0.0000
1.3858 3.6851 0.0002
1.1559 3.5745 0.0002
0.5655 -1.4692 0.0132
0.2659 -1.3979 0.0133
0.3871 -1.6121 0.0102
0.2538 -1.8558 0.0069
3.8440 0.9552 0.0014
-3.0095 -3.9784 0.0001
-3.1366 -4.2505 0.0001
-1.1685 -1.0640 0.0302
-1.3567 -0.9387 0.0384
-1.3900 -1.1217 0.0334
0.4922 4.2848 0.0000
1.4116 2.0727 0.0095
1.2989 1.8837 0.0119
1.1393 1.6956 0.0141
-3.5066 -1.6552 0.0035
-3.7326 -1.8422 0.0011
-0.4661 -2.6394 0.0017
2.3178 4.7688 0.0000
2.4948 4.4550 0.0000
2.2156 4.5341 0.0000
-3.0807 -0.2724 0.0341
-3.2472 -0.1468 0.0226
-3.4124 -0.3180 0.0129
-0.7133 0.5244 0.0329
-0.7407 0.3246 0.0360
-0.8145 0.1380 0.0389
-0.9192 -0.0130 0.0418
-0.9674 0.2633 0.0418
-1.0633 0.0940 0.0458
-4.2539 -3.7678 0.0000
-4.4890 -3.9954 0.0000
-4.7108 -4.2144 0.0000
2.6715 -2.0167 0.0126
2.5331 -2.1980 0.0105
4.3623 -1.5326 0.0000
4.2303 1.8466 0.0001
3.3786 0.8817 0.0112
-0.2852 1.5432 0.0110
-0.2189 1.2906 0.0150
-0.4395 1.2700 0.0161
-0.3890 1.0555 0.0199
3.6154 -1.3150 0.0028
3.3623 -1.4243 0.0067
4.0339 4.6289 0.0000
3.0145 1.1753 0.0231
-1.7728 1.9768 0.0148
4.7513 4.2037 0.0000
4.4885 4.0666 0.0000
4.2169 3.9277 0.0000
3.0057 -3.8336 0.0001
3.9050 -2.5950 0.0001
-2.1215 2.6931 0.0046
-2.0023 2.4722 0.0069
3.7955 -2.0776 0.0004
3.7051 -2.3865 0.0004
1.2177 3.3144 0.0005
0.9247 3.4154 0.0003
0.9634 3.1483 0.0007
0.6931 3.2236 0.0004
0.4565 3.0692 0.0006
-2.1676 -3.4690 0.0007
-2.4174 -3.3712 0.0010
-2.5112 -3.5817 0.0006
-2.6484 1.5034 0.0270
-2.8157 1.3471 0.0266
-2.7432 1.1399 0.0363
-2.0246 1.5794 0.0290
0.1560 -4.7363 0.0000
-0.1308 -4.7835 0.0000
0.5773 -2.5705 0.0022
-0.6881 -2.2175 0.0046
-0.4679 -2.3832 0.0029
-4.7624 1.1209 0.0000
0.6263 4.5257 0.0000
0.3275 4.5114 0.0000
0.0424 4.4750 0.0000
-4.7564 -4.5017 0.0000
-3.0712 -3.5147 0.0004
-3.1792 -3.7494 0.0002
0.1104 -1.5911 0.0101
-0.0022 -1.8044 0.0074
-0.0561 -2.0273 0.0051
-0.1515 -2.2422 0.0035
-0.3843 -2.1599 0.0044
1.4000 0.5382 0.0508
1.3975 0.3209 0.0549
1.0497 0.4678 0.0412
1.2717 0.4372 0.0485
1.1518 0.3127 0.0465
0.9543 0.2863 0.0411
1.6625 2.1365 0.0100
1.5902 1.8640 0.0149
4.2409 4.2080 0.0000
3.9708 3.8987 0.0000
3.9168 3.7272 0.0000
2.2118 -1.0480 0.0524
1.9560 -1.2964 0.0391
1.7656 -1.3734 0.0328
-2.7297 4.4315 0.0000
-3.7649 -1.5649 0.0013
-2.9337 -1.1681 0.0270
-3.1570 -1.2286 0.0161
-2.4224 -3.9472 0.0002
-2.5759 -4.1782 0.0001
0.0654 -3.4527 0.0002
-0.1834 -3.5888 0.0002
2.2264 -0.2268 0.0806
2.1052 -0.2397 0.0796
2.1200 -0.3590 0.0775
1.9865 -0.3258 0.0757
1.8827 -0.4282 0.0704
1.7005 -0.3943 0.0648
0.7754 4.7702 0.0000
3.7444 1.8287 0.0011
3.7646 1.5264 0.0014
3.2820 -4.7726 0.0000
-0.9933 4.5039 0.0000
-1.0969 4.2464 0.0001
-1.2463 3.9727 0.0002
-0.2067 -3.8649 0.0001
-0.3056 -4.0965 0.0000
-0.4311 -3.7446 0.0001
-0.5707 -3.9461 0.0001
-0.5634 -4.2342 0.0000
1.5690 -3.0146 0.0019
1.3031 -3.1498 0.0012
1.3094 -3.4430 0.0006
-2.7210 3.8170 0.0002
-2.9649 3.6458 0.0002
4.7576 -4.2063 0.0000
-1.5664 4.4896 0.0000
-1.9682 4.2672 0.0001
2.3247 -3.0300 0.0022
2.0822 -3.0557 0.0021
2.3434 -3.2886 0.0012
2.1052 -3.5580 0.0006
-3.1602 1.6305 0.0095
-3.3826 1.5257 0.0055
-1.9225 2.8319 0.0033
-1.6538 0.6629 0.0564
-1.7932 0.5583 0.0646
2.1089 3.3751 0.0009
-1.3770 -2.0107 0.0102
-1.5681 -2.1917 0.0085
-1.7928 -2.2542 0.0087
-1.6825 3.8377 0.0003
-1.7624 3.6188 0.0005
-0.4963 4.4755 0.0000
-1.2669 1.7632 0.0142
-1.4583 1.6390 0.0195
-1.6024 1.4230 0.0282
0.4620 2.5162 0.0022
4.0580 -4.5895 0.0000
3.9071 -4.7899 0.0000
-1.0459 3.3165 0.0007
-1.2891 3.2151 0.0010
0.5500 -2.8636 0.0012
-1.8491 -1.7863 0.0193
-1.8345 -2.0272 0.0131
-2.0500 -2.1733 0.0111
-1.9004 1.7722 0.0214
3.5002 -2.1929 0.0013
4.7654 -3.5882 0.0000
-2.3778 3.1153 0.0017
-2.5850 2.9622 0.0022
-4.4946 3.7032 0.0000
-4.7627 3.5886 0.0000
0.9346 -4.1059 0.0001
0.7212 -4.2485 0.0001
3.0938 -3.2607 0.0005
1.3565 -0.4226 0.0511
1.1742 -0.3404 0.0464
1.3477 -0.6061 0.0467
1.1797 -0.5372 0.0430
1.0050 -0.6387 0.0363
0.8118 -0.7159 0.0309
0.7866 4.2758 0.0000
-0.3171 -4.4019 0.0000
-0.5766 -4.5138 0.0000
3.0074 4.7429 0.0000
1.3909 -2.3135 0.0065
1.3211 -2.5840 0.0038
-4.2104 -4.0127 0.0000
-4.3993 -4.2534 0.0000
-2.4606 1.5714 0.0284
-2.4152 1.3753 0.0367
-2.5843 1.3024 0.0360
-1.7229 -3.1801 0.0012
-1.6520 -3.7085 0.0003
-1.6462 -3.4242 0.0006
-1.8734 -3.5161 0.0006
4.4849 1.1352 0.0000
4.4915 0.8520 0.0000
4.2331 0.9544 0.0001
3.4337 -2.4864 0.0010
0.9946 -1.6013 0.0142
0.8622 -1.4018 0.0167
0.7218 -1.6226 0.0116
3.2799 2.3550 0.0026
3.0629 2.2335 0.0052
3.1129 0.7242 0.0263
4.5361 0.2137 0.0000
4.5131 -0.0794 0.0000
4.2713 -0.2349 0.0001
2.9785 -2.3814 0.0043
2.8711 -2.6386 0.0031
2.5818 -2.6522 0.0043
2.5594 -2.9107 0.0025
-1.4265 3.7249 0.0003
-3.1788 1.0500 0.0171
-3.4368 1.0368 0.0076
-2.2209 1.3874 0.0376
-2.3324 1.1892 0.0458
-2.5252 1.1230 0.0450
-0.5168 -0.9333 0.0231
-0.4029 -1.1181 0.0189
-0.6740 -1.0778 0.0219
-0.8006 -1.2869 0.0190
-0.9162 -1.5286 0.0153
-4.4806 -2.2632 0.0000
1.7646 3.3957 0.0007
1.4684 3.4442 0.0005
1.6014 3.2123 0.0010
1.3887 3.1226 0.0011
1.1782 2.9974 0.0012
-2.4280 2.2506 0.0102
-2.6996 2.2531 0.0082
-2.5559 2.0078 0.0142
-2.8177 1.9917 0.0111
-2.4101 2.7547 0.0038
1.0896 4.7542 0.0000
0.0644 -3.7431 0.0001
0.0190 -4.0125 0.0001
-3.1147 2.0171 0.0061
-3.2834 1.8245 0.0051
-3.5473 1.7477 0.0022
-2.2271 -0.8195 0.0624
-2.2679 -0.9939 0.0544
-2.4613 -1.0452 0.0494
-2.5175 -1.2154 0.0408
3.3786 0.3273 0.0144
3.1490 0.2560 0.0288
3.3314 0.0589 0.0174
3.1174 0.0150 0.0319
3.1261 -0.1838 0.0307
0.2009 2.3973 0.0026
-4.4970 -3.7243 0.0000
1.5441 -1.4574 0.0258
1.4922 -1.7158 0.0179
1.3134 -1.5459 0.0195
1.1720 -1.7085 0.0141
2.9656 0.1732 0.0436
2.7992 0.1036 0.0574
2.7619 -0.0713 0.0604
2.6573 0.0351 0.0678
2.5530 -0.0693 0.0737
2.7760 -0.2268 0.0582
2.6365 -0.1669 0.0684
2.5662 -0.2871 0.0708
2.4748 -0.3854 0.0728
1.0631 -3.6021 0.0004
-2.4048 1.7970 0.0214
3.7690 -1.7912 0.0007
3.5347 -1.9108 0.0018
3.3751 -3.3048 0.0002
3.1841 -3.5106 0.0002
-0.9690 -2.6235 0.0024
4.2763 0.0756 0.0001
4.7262 2.1117 0.0000
4.4779 1.9811 0.0000
4.7611 -2.3428 0.0000
4.7375 -2.6288 0.0000
-1.4113 2.9599 0.0019
1.3517 -3.7279 0.0003
1.1381 -3.9054 0.0002
-4.2541 -1.9531 0.0001
-4.2271 -2.1990 0.0001
1.2994 -2.8673 0.0021
1.0472 -3.2925 0.0007
2.4803 -3.7759 0.0003
2.4955 -4.0228 0.0001
1.2058 -2.1290 0.0077
1.1165 -2.3910 0.0046
0.9756 1.5318 0.0158
0.8976 1.3467 0.0188
0.6789 1.2766 0.0181
-0.6532 3.3238 0.0005
4.7779 0.1976 0.0000
4.7642 -0.0248 0.0000
-4.7535 -3.5933 0.0000
-4.7516 -3.8999 0.0000
3.7928 -4.0574 0.0000
-0.8925 3.4856 0.0004
2.1560 -1.2281 0.0441
2.1151 -1.4215 0.0356
2.1367 -1.6437 0.0271
-2.5745 -0.4906 0.0664
-2.6430 -0.6320 0.0587
-2.7338 -0.7880 0.0487
2.5944 -0.4830 0.0651
2.4635 -0.5556 0.0685
2.3251 -0.5903 0.0706
2.3881 -0.7387 0.0640
2.2392 -0.7214 0.0664
2.1178 -0.7655 0.0641
2.2719 -0.8769 0.0598
2.0894 -0.9135 0.0576
2.0198 -1.0933 0.0488
1.9044 -0.9502 0.0527
1.8207 -1.1364 0.0431
-2.9538 3.3391 0.0005
-3.0998 3.1019 0.0007
-0.3977 2.5967 0.0019
-0.5221 2.3257 0.0033
-2.1763 4.0648 0.0001
-2.2219 3.8188 0.0003
-2.2477 3.5763 0.0006
-2.8370 3.0532 0.0013
-2.9586 2.8238 0.0018
-3.1613 2.6443 0.0017
-4.5354 3.4302 0.0000
-4.7543 3.2682 0.0000
-4.2738 2.9137 0.0000
0.2347 -4.1921 0.0000
0.1890 -4.4600 0.0000
0.1980 1.5644 0.0109
-0.0163 1.4340 0.0126
0.0326 0.9178 0.0213
-2.0198 -3.7172 0.0003
-2.2956 -3.7140 0.0004
-1.8508 -3.8937 0.0002
-2.1234 -3.9863 0.0002
-2.3131 -4.2171 0.0001
-3.8523 4.7764 0.0000
-4.0686 4.7375 0.0000
-4.2854 4.7326 0.0000
3.5689 3.4656 0.0002
3.3041 3.3603 0.0004
0.1840 1.8342 0.0073
-0.0508 1.6974 0.0087
3.3971 0.6371 0.0121
-0.8112 -0.9350 0.0268
2.9491 -4.1175 0.0001
2.9014 -4.3981 0.0000
2.7396 -1.0483 0.0393
2.7095 -1.2451 0.0337
2.5012 -1.3503 0.0359
-3.0227 4.2478 0.0000
2.2835 4.2503 0.0001
2.0383 4.3216 0.0001
2.0206 4.0801 0.0001
-3.9474 -1.3979 0.0006
1.9255 -1.5507 0.0288
1.7086 -1.6055 0.0240
1.9637 -1.8169 0.0205
1.7766 -1.7803 0.0197
-0.8580 3.1365 0.0008
4.5426 -0.9481 0.0000
4.3504 -1.0643 0.0000
4.2095 -1.2986 0.0001
3.1295 2.8161 0.0016
4.1183 -2.0519 0.0001
3.9757 -2.3032 0.0001
0.8637 -1.8162 0.0096
0.5477 -1.8057 0.0081
1.3004 2.7907 0.0022
1.0917 2.6811 0.0024
1.4845 2.6091 0.0037
1.2528 2.4799 0.0041
0.9897 2.4213 0.0038
-1.4950 2.6772 0.0036
-1.5921 2.4059 0.0064
-1.1099 -2.0491 0.0080
-3.5165 3.3593 0.0001
-3.7654 3.2252 0.0000
3.0762 -2.8641 0.0013
2.7874 -2.8750 0.0022
3.3805 -4.2910 0.0000
-0.6821 2.1517 0.0050
-0.7485 1.8881 0.0080
-1.0092 1.8168 0.0107
-1.1088 1.5704 0.0162
3.0814 -1.8029 0.0091
3.0207 -2.0739 0.0068
-1.3917 0.8475 0.0419
0.1731 -2.1144 0.0044
4.2243 4.7730 0.0000
-0.1178 4.7546 0.0000
-0.2219 4.5093 0.0000
1.1447 3.8638 0.0001
0.8936 3.6996 0.0001
0.6476 3.4973 0.0002
2.1846 0.7000 0.0666
2.0871 0.5402 0.0717
1.9721 0.4413 0.0725
2.1667 0.4410 0.0755
2.0830 0.3536 0.0769
1.9686 0.3034 0.0756
2.1341 0.2340 0.0799
2.0080 0.2002 0.0783
1.8701 0.1851 0.0746
-1.8430 2.2579 0.0097
2.9493 -3.5873 0.0003
0.0633 -3.1601 0.0005
-1.2412 -1.8030 0.0129
-1.4516 -1.7376 0.0164
-1.6202 -1.9225 0.0138
-3.9360 -2.9302 0.0001
-4.2050 -2.7392 0.0000
-4.2339 -3.0054 0.0000
1.7769 -2.6716 0.0043
1.5445 -2.7591 0.0032
-4.2243 -1.4661 0.0001
-4.4951 -1.4863 0.0000
-4.5108 -1.7372 0.0000
-4.7647 -1.4296 0.0000
-4.7535 -1.7023 0.0000
-4.7464 -1.9632 0.0000
2.4875 2.6388 0.0046
2.1976 2.6424 0.0047
1.9363 2.5821 0.0050
3.5196 -4.0666 0.0000
2.2344 -4.0356 0.0002
2.0680 -4.2454 0.0001
-3.2828 -2.1204 0.0038
-3.4942 -2.2914 0.0016
-3.7153 -2.4518 0.0005
-3.9490 -2.6174 0.0002
-0.5864 2.7781 0.0014
-0.7057 2.5434 0.0025
3.9683 1.9958 0.0003
3.9941 1.6984 0.0004
-0.7307 -2.4870 0.0028
4.0787 -1.5572 0.0001
4.2790 -1.7948 0.0000
3.9996 -1.8164 0.0002
3.3280 1.1723 0.0105
-4.2907 4.4749 0.0000
-4.4200 4.2167 0.0000
-4.7196 4.2023 0.0000
-4.4726 3.9718 0.0000
-4.7459 3.8928 0.0000
-4.0744 0.8235 0.0003
3.2245 0.4994 0.0220
3.0281 0.4450 0.0361
2.8949 0.3290 0.0479
2.7565 0.2443 0.0594
-2.6978 0.9743 0.0442
-2.5549 0.9295 0.0520
-2.6223 0.7628 0.0555
-2.7928 0.8359 0.0438
-2.9424 0.7217 0.0372
-2.7753 0.6314 0.0508
-2.9525 0.5175 0.0406
1.9320 3.1909 0.0013
1.7506 3.0189 0.0018
1.5142 2.9084 0.0020
-3.0117 4.5178 0.0000
-3.2971 0.8116 0.0146
4.3953 -4.5451 0.0000
-0.6501 3.9356 0.0001
-0.8504 3.7493 0.0002
-0.9562 -2.9195 0.0012
1.9418 3.5632 0.0005
-0.9815 -2.3127 0.0047
-1.2877 -2.2654 0.0062
-3.0825 4.7676 0.0000
-3.3195 4.7302 0.0000
-3.2719 4.4800 0.0000
-3.5501 4.4229 0.0000
-0.9172 -3.4991 0.0002
-1.1227 -3.6749 0.0002
-1.3958 -3.5528 0.0003
-1.3559 -3.8350 0.0001
-1.5784 -3.9895 0.0001
-1.4409 1.9436 0.0125
-1.6143 1.8233 0.0169
-1.7234 1.6394 0.0234
-1.8307 1.4675 0.0308
-1.0875 0.6423 0.0386
-0.6872 0.7919 0.0277
-0.8559 0.6826 0.0326
-0.9201 0.4729 0.0378
-1.1126 0.4255 0.0437
-1.2728 0.5088 0.0470
-1.3326 0.3395 0.0524
-1.5231 0.3434 0.0596
-4.7291 0.5894 0.0000
3.1658 0.9938 0.0193
2.9531 0.9436 0.0315
2.9283 -0.0289 0.0472
-1.5338 -1.2864 0.0310
-1.7141 -1.4176 0.0297
-1.6820 -1.6431 0.0217
-1.9188 -1.5189 0.0290
-2.0446 -1.6876 0.0240
-2.0729 -1.9180 0.0171
-2.2908 -2.0257 0.0146
-1.5117 -2.9687 0.0017
-1.4373 -3.2509 0.0008
0.9756 4.0769 0.0000
4.0255 -0.3951 0.0005
3.7798 -0.5461 0.0022
3.6676 -0.7545 0.0035
2.6309 2.8761 0.0027
2.7385 2.5596 0.0045
-3.2113 3.4727 0.0002
-2.8894 -4.5124 0.0000
-3.8476 2.7143 0.0001
-3.9294 2.4589 0.0001
-4.0146 3.3969 0.0000
-4.3025 3.3780 0.0000
-0.9474 2.0763 0.0068
-1.2069 2.0293 0.0091
3.5432 -0.9532 0.0053
-1.0967 1.3159 0.0219
-1.2697 1.2087 0.0279
-1.3523 1.0223 0.0354
-1.3342 1.4401 0.0227
-1.4791 1.2239 0.0321
-1.5472 0.8201 0.0476
-1.6882 1.2146 0.0374
-1.5729 1.0149 0.0417
-1.7829 1.0451 0.0463
-1.8961 0.9120 0.0546
-1.7247 0.8583 0.0520
-1.8203 0.7237 0.0599
-4.0085 -1.7043 0.0003
-4.2683 -1.7237 0.0001
-0.2604 2.3861 0.0027
-0.3026 2.1280 0.0044
-0.5017 1.9872 0.0060
-1.2281 -3.0644 0.0011
2.1174 2.1300 0.0121
2.1354 1.8959 0.0179
2.0498 1.6859 0.0240
3.2400 -4.0233 0.0000
3.5818 1.0562 0.0046
1.1925 -0.7611 0.0381
0.9746 -0.8417 0.0311
0.8510 -0.9876 0.0256
0.6529 -0.8593 0.0257
0.6791 -1.0926 0.0212
0.7076 -1.2713 0.0178
0.4622 -1.2582 0.0164
-1.2914 -1.3171 0.0253
3.1223 -1.5312 0.0119
2.8895 -1.6241 0.0169
4.7422 2.6566 0.0000
-2.9159 0.9932 0.0321
-3.0656 0.8617 0.0263
-3.1459 0.6257 0.0252
-3.1668 0.3901 0.0265
4.2512 1.5643 0.0001
4.0178 1.4087 0.0004
4.2626 1.2738 0.0001
4.0447 1.1186 0.0004
3.7879 1.2425 0.0016
2.0841 -3.3119 0.0012
1.8212 -3.4289 0.0008
3.3150 -0.8501 0.0134
2.5993 3.9270 0.0002
2.5774 3.5558 0.0006
2.4326 3.7478 0.0004
2.2308 3.6236 0.0005
4.5614 -4.3719 0.0000
-2.0264 3.5147 0.0007
1.0480 -2.9849 0.0014
-1.5305 3.2157 0.0012
4.4945 1.7094 0.0000
-4.7604 2.6716 0.0000
-3.6818 1.4780 0.0017
-3.8936 1.3232 0.0006
-4.1811 1.2129 0.0001
0.6845 -4.5063 0.0000
0.6841 -4.7652 0.0000
0.4247 0.6027 0.0279
0.2136 0.5645 0.0271
0.2706 0.3753 0.0295
0.0220 0.4308 0.0282
-0.0951 0.2226 0.0300
3.2008 3.0925 0.0008
3.0991 3.5053 0.0004
2.9963 3.2620 0.0008
4.2583 -0.5360 0.0001
4.0069 -0.6884 0.0005
3.8738 -0.8905 0.0010
-2.7407 -3.4692 0.0007
-1.8176 -2.9449 0.0022
-1.9607 -3.2553 0.0012
4.2957 -3.9432 0.0000
4.0905 -4.1318 0.0000
3.9197 -4.3410 0.0000
-2.8382 4.7326 0.0000
-4.5165 -3.1331 0.0000
-4.7507 -3.2918 0.0000
1.2367 4.5332 0.0000
2.3204 -2.7449 0.0040
2.0824 -2.8033 0.0036
1.8319 -2.8987 0.0028
1.8178 -3.1657 0.0015
-2.6714 1.7559 0.0189
-2.8680 1.5810 0.0186
2.7140 -3.6820 0.0003
3.5851 4.7642 0.0000
3.4940 4.4931 0.0000
1.5499 -0.8847 0.0451
1.3850 -1.3035 0.0273
4.7486 4.5063 0.0000
4.5093 4.3620 0.0000
-1.9175 -0.9204 0.0543
-1.9399 -1.1080 0.0465
-1.9430 -1.3100 0.0377
-2.1166 -1.1273 0.0479
-2.1349 -1.3089 0.0397
-2.1670 -1.5052 0.0315
3.6310 2.6808 0.0005
3.4167 2.8889 0.0007
3.3447 2.6110 0.0014
-2.8685 -4.2470 0.0001
4.0679 -3.3515 0.0000
3.9897 -3.5956 0.0000
4.5441 -3.4210 0.0000
4.5103 -3.7237 0.0000
-3.3868 -2.8718 0.0008
-3.4117 -3.1388 0.0005
4.7533 -4.5350 0.0000
3.4637 1.8847 0.0031
3.5245 1.6353 0.0034
3.2990 1.5102 0.0082
3.1568 1.3322 0.0145
-3.9933 -1.9952 0.0003
-3.9670 -2.3104 0.0002
1.5839 0.8830 0.0465
1.4396 0.7963 0.0450
1.6617 0.7314 0.0541
1.5200 0.6451 0.0521
1.3088 0.6881 0.0441
-1.9681 0.7851 0.0615
-1.9444 0.6181 0.0672
-2.0831 0.6787 0.0678
-2.1968 0.5907 0.0721
-1.9366 0.4717 0.0717
-2.0681 0.5167 0.0733
-2.2001 0.4544 0.0765
-2.0718 0.3724 0.0774
-2.0789 0.2416 0.0802
-2.2018 0.3283 0.0797
-2.3335 0.3941 0.0773
-2.1959 0.2083 0.0819
-2.3186 0.2592 0.0804
-2.2689 0.1109 0.0828
0.2444 4.2272 0.0000
-3.1889 4.0178 0.0000
-0.6275 -4.7665 0.0000
-0.8557 -4.7148 0.0000
-3.7592 -0.0199 0.0029
-3.9708 -0.2197 0.0009
-4.1724 -0.4575 0.0002
3.6382 3.7434 0.0001
3.3372 3.6750 0.0002
0.3068 -2.9989 0.0008
-0.8879 4.7560 0.0000
-1.1454 4.7536 0.0000
0.3884 3.3245 0.0003
0.2034 3.0043 0.0007
0.0082 2.8547 0.0009
0.0422 -1.2941 0.0148
-0.1025 -1.4748 0.0120
-0.3673 -1.4407 0.0132
-0.2080 -1.6856 0.0092
-0.4714 -1.7038 0.0097
-0.7437 -1.7474 0.0103
0.9978 0.7001 0.0354
0.8665 0.5062 0.0361
0.7672 0.7056 0.0307
0.6428 0.5269 0.0317
0.7395 0.3232 0.0358
0.4917 0.3729 0.0315
0.3743 0.1774 0.0317
-1.5230 4.0123 0.0002
-4.1931 -3.5085 0.0000
-1.1176 3.6923 0.0003
-1.2727 3.4736 0.0006
4.5143 -1.2786 0.0000
2.8759 3.0240 0.0016
2.8669 2.7556 0.0027
-0.5417 -1.2702 0.0170
-0.6452 -1.5006 0.0137
-4.2972 -0.6866 0.0001
-3.9490 0.5619 0.0008
-3.6582 0.4991 0.0042
-3.4006 0.2847 0.0133
-3.6471 0.2065 0.0049
-3.8975 0.2907 0.0013
-3.9942 0.0604 0.0007
-3.4481 -2.5848 0.0011
-3.6837 -2.7432 0.0004
-3.6421 -3.0092 0.0003
-3.7703 -3.2217 0.0001
1.5734 -2.4901 0.0054
-1.1873 0.8547 0.0359
-1.3066 0.6828 0.0439
-1.4536 0.4963 0.0537
4.5366 -1.8235 0.0000
4.4319 -2.0686 0.0000
4.2680 -2.2894 0.0000
0.4717 1.4348 0.0139
0.2480 1.3174 0.0149
-4.7370 0.3470 0.0000
4.3006 -3.4794 0.0000
4.2318 -3.6893 0.0000
-1.2991 2.4961 0.0044
-1.3731 2.2328 0.0074
-0.8523 -2.0125 0.0073
-2.1481 1.8040 0.0219
-2.2482 1.5879 0.0294
0.5467 -3.1625 0.0006
0.5450 -3.4547 0.0003
0.4719 1.1644 0.0186
0.4390 0.9199 0.0228
0.6641 0.9847 0.0237
0.5723 0.7612 0.0269
0.2681 0.7925 0.0240
-2.0069 4.7699 0.0000
-1.8166 -4.1448 0.0001
-1.8195 -4.4141 0.0000
-2.0520 -4.2641 0.0001
-2.1347 -4.4997 0.0000
-1.9130 -4.6130 0.0000
-2.0277 -4.7915 0.0000
-2.2863 -4.7395 0.0000
-1.0113 -0.8634 0.0321
-1.1974 -0.8014 0.0381
-4.5065 -4.4955 0.0000
4.1648 -2.5149 0.0000
-0.9461 -1.1051 0.0250
-0.5282 1.4803 0.0128
-0.6999 1.4022 0.0153
-0.8030 1.6357 0.0120
-0.8977 1.4125 0.0170
-1.0897 1.0576 0.0283
2.9709 -4.7600 0.0000
-2.4271 3.3950 0.0009
-2.6545 3.2439 0.0011
0.8738 1.7897 0.0105
0.7076 1.5455 0.0134
-2.4388 -3.0389 0.0020
-2.6224 -3.2279 0.0013
1.0558 1.9658 0.0089
2.2821 3.9673 0.0002
2.0161 3.8144 0.0003
-0.2858 4.2633 0.0000
-0.7014 -0.0383 0.0369
-0.8301 -0.2181 0.0388
-1.0145 -0.1637 0.0440
-1.1524 -0.0681 0.0488
-1.2306 -0.2442 0.0503
-0.6586 1.1997 0.0190
-0.8831 1.1709 0.0221
-0.6000 1.0034 0.0224
-0.8209 0.9697 0.0258
-0.9753 0.8533 0.0311
3.7524 -4.5741 0.0000
3.5867 -4.7764 0.0000
-1.8272 3.3377 0.0010
-1.7273 3.0981 0.0017
3.3721 -2.7791 0.0007
3.2659 -3.0558 0.0005
-1.1989 2.7597 0.0024
0.9597 -4.4021 0.0000
1.8997 1.5223 0.0285
1.7282 1.3944 0.0307
1.6250 1.2145 0.0354
1.4871 1.0466 0.0381
-4.5184 -0.6459 0.0000
2.6752 0.7496 0.0527
2.4427 0.7818 0.0605
2.7079 0.5878 0.0558
2.5344 0.6570 0.0622
2.5753 0.4878 0.0657
2.4520 0.4155 0.0726
-3.2125 3.7539 0.0001
-3.4700 3.6261 0.0001
-3.6598 -3.5803 0.0001
-3.7407 -3.8223 0.0000
-3.9603 -3.9792 0.0000
4.3736 3.4222 0.0000
4.2547 3.1639 0.0000
4.0654 3.3780 0.0000
3.9900 3.0726 0.0001
3.7008 2.9711 0.0002
-0.2200 -2.4755 0.0022
-4.2758 0.9684 0.0001
-0.1202 3.6675 0.0002
-0.1326 3.3699 0.0003
-3.9527 3.0511 0.0000
-4.0381 2.8279 0.0000
-4.1904 2.3214 0.0000
-4.2301 2.0451 0.0000
-2.5950 4.7351 0.0000
4.7485 -0.2586 0.0000
4.5009 -0.3890 0.0000
4.4958 -0.6886 0.0000
0.4690 4.7617 0.0000
-0.1908 -3.0300 0.0006
-0.1857 -3.3090 0.0003
-0.4442 -3.1814 0.0004
-0.4347 -3.4577 0.0002
-0.0529 4.2159 0.0000
-1.9875 3.0880 0.0019
-2.2084 2.9455 0.0027
-3.6383 4.1176 0.0000
-3.7523 3.5246 0.0000
-1.0604 -1.3172 0.0216
-0.0832 -4.5427 0.0000
-0.3721 -4.7051 0.0000
-2.1450 2.2492 0.0107
4.7677 -0.8014 0.0000
-2.2830 -0.6388 0.0696
-2.3666 -0.7325 0.0648
-2.4078 -0.8842 0.0576
-2.5395 -0.7743 0.0584
-2.6120 -0.9531 0.0486
1.7978 0.0443 0.0731
1.6754 -0.0606 0.0682
1.5415 -0.1579 0.0621
1.5162 -0.3060 0.0593
1.5241 -0.4739 0.0562
-2.2861 2.0230 0.0156
3.7788 3.2543 0.0001
3.4983 3.1683 0.0003
2.3649 -3.5459 0.0006
2.2203 -3.7928 0.0003
0.7044 2.0433 0.0064
0.6246 1.7824 0.0093
3.7910 -0.2570 0.0023
3.5602 -0.4000 0.0068
3.3236 -0.1866 0.0175
0.6005 -0.6298 0.0293
0.4152 -0.7702 0.0251
-3.3490 -1.8296 0.0047
3.0978 -0.3841 0.0313
2.9464 -0.1947 0.0450
2.9736 -0.5641 0.0379
2.8911 -0.3700 0.0474
2.7756 -0.5128 0.0532
2.6627 -0.6410 0.0569
2.5357 -0.6830 0.0616
1.7194 4.7649 0.0000
-1.6906 4.2243 0.0001
-1.8779 4.0049 0.0002
-3.5933 -1.3776 0.0033
2.3424 -4.7536 0.0000
-3.1922 -0.4242 0.0249
-3.3422 -0.5792 0.0150
-3.5956 -0.5431 0.0058
3.8198 -1.5318 0.0007
3.5620 -1.6082 0.0025
-2.7260 0.1155 0.0636
1.8323 -2.0617 0.0133
1.6544 -2.2160 0.0093
