5.0000 5.0000 0.0000
0.0000 5.0000 0.0000
2.5000 5.0000 0.0000
3.7500 5.0000 0.0000
4.3750 5.0000 0.0000
4.6875 5.0000 0.0000
4.0625 5.0000 0.0000
3.1250 5.0000 0.0000
3.4375 5.0000 0.0000
2.8125 5.0000 0.0000
1.2500 5.0000 0.0000
1.8750 5.0000 0.0000
2.1875 5.0000 0.0000
1.5625 5.0000 0.0000
0.6250 5.0000 0.0000
0.9375 5.0000 0.0000
0.3125 5.0000 0.0000
-2.5000 5.0000 0.0000
-1.2500 5.0000 0.0000
-0.6250 5.0000 0.0000
-0.3125 5.0000 0.0000
-0.9375 5.0000 0.0000
-1.8750 5.0000 0.0000
-1.5625 5.0000 0.0000
-2.1875 5.0000 0.0000
-3.7500 5.0000 0.0000
-3.1250 5.0000 0.0000
-2.8125 5.0000 0.0000
-3.4375 5.0000 0.0000
-4.3750 5.0000 0.0000
-4.0625 5.0000 0.0000
-4.6875 5.0000 0.0000
5.0000 -5.0000 0.0000
5.0000 0.0000 0.0000
5.0000 -2.5000 0.0000
5.0000 -3.7500 0.0000
5.0000 -4.3750 0.0000
5.0000 -4.6875 0.0000
5.0000 -4.0625 0.0000
5.0000 -3.1250 0.0000
5.0000 -3.4375 0.0000
5.0000 -2.8125 0.0000
5.0000 -1.2500 0.0000
5.0000 -1.8750 0.0000
5.0000 -2.1875 0.0000
5.0000 -1.5625 0.0000
5.0000 -0.6250 0.0000
5.0000 -0.9375 0.0000
5.0000 -0.3125 0.0000
5.0000 2.5000 0.0000
5.0000 1.2500 0.0000
5.0000 0.6250 0.0000
5.0000 0.3125 0.0000
5.0000 0.9375 0.0000
5.0000 1.8750 0.0000
5.0000 1.5625 0.0000
5.0000 2.1875 0.0000
5.0000 3.7500 0.0000
5.0000 3.1250 0.0000
5.0000 2.8125 0.0000
5.0000 3.4375 0.0000
5.0000 4.3750 0.0000
5.0000 4.0625 0.0000
5.0000 4.6875 0.0000
-5.0000 -5.0000 0.0000
0.0000 -5.0000 0.0000
-2.5000 -5.0000 0.0000
-3.7500 -5.0000 0.0000
-4.3750 -5.0000 0.0000
-4.6875 -5.0000 0.0000
-4.0625 -5.0000 0.0000
-3.1250 -5.0000 0.0000
-3.4375 -5.0000 0.0000
-2.8125 -5.0000 0.0000
-1.2500 -5.0000 0.0000
-1.8750 -5.0000 0.0000
-2.1875 -5.0000 0.0000
-1.5625 -5.0000 0.0000
-0.6250 -5.0000 0.0000
-0.9375 -5.0000 0.0000
-0.3125 -5.0000 0.0000
2.5000 -5.0000 0.0000
1.2500 -5.0000 0.0000
0.6250 -5.0000 0.0000
0.3125 -5.0000 0.0000
0.9375 -5.0000 0.0000
1.8750 -5.0000 0.0000
1.5625 -5.0000 0.0000
2.1875 -5.0000 0.0000
3.7500 -5.0000 0.0000
3.1250 -5.0000 0.0000
2.8125 -5.0000 0.0000
3.4375 -5.0000 0.0000
4.3750 -5.0000 0.0000
4.0625 -5.0000 0.0000
4.6875 -5.0000 0.0000
-5.0000 5.0000 0.0000
-5.0000 0.0000 0.0000
-5.0000 2.5000 0.0000
-5.0000 3.7500 0.0000
-5.0000 4.3750 0.0000
-5.0000 4.6875 0.0000
-5.0000 4.0625 0.0000
-5.0000 3.1250 0.0000
-5.0000 3.4375 0.0000
-5.0000 2.8125 0.0000
-5.0000 1.2500 0.0000
-5.0000 1.8750 0.0000
-5.0000 2.1875 0.0000
-5.0000 1.5625 0.0000
-5.0000 0.6250 0.0000
-5.0000 0.9375 0.0000
-5.0000 0.3125 0.0000
-5.0000 -2.5000 0.0000
-5.0000 -1.2500 0.0000
-5.0000 -0.6250 0.0000
-5.0000 -0.3125 0.0000
-5.0000 -0.9375 0.0000
-5.0000 -1.8750 0.0000
-5.0000 -1.5625 0.0000
-5.0000 -2.1875 0.0000
-5.0000 -3.7500 0.0000
-5.0000 -3.1250 0.0000
-5.0000 -2.8125 0.0000
-5.0000 -3.4375 0.0000
-5.0000 -4.3750 0.0000
-5.0000 -4.0625 0.0000
-5.0000 -4.6875 0.0000
-2.4170 -3.2808 0.0012
-4.4374 -3.6333 0.0000
-4.6166 -3.7548 0.0000
0.8731 3.9082 0.0001
3.6580 -2.3486 0.0005
-1.9923 3.1138 0.0018
-1.8961 2.8457 0.0032
-2.1638 2.8724 0.0032
3.2486 -3.1975 0.0004
2.9540 -3.1794 0.0008
-0.0909 2.3410 0.0028
0.2691 -2.4778 0.0022
0.3075 -2.7517 0.0013
0.0848 -2.9418 0.0008
3.2135 -3.7261 0.0001
0.4180 2.4571 0.0024
0.1497 2.3473 0.0028
-0.2253 1.2264 0.0161
-0.3601 1.0368 0.0200
-0.4853 0.8380 0.0245
0.8579 2.9844 0.0009
4.5329 2.4977 0.0000
3.4627 -2.1500 0.0016
3.2050 -0.9736 0.0170
3.0823 -1.2206 0.0185
-0.4748 -0.0457 0.0333
-1.7823 -3.1354 0.0014
4.6151 -3.7469 0.0000
-1.1842 -3.1892 0.0007
2.1264 4.3370 0.0001
1.9943 4.0573 0.0001
-4.3107 4.4738 0.0000
4.1772 -0.2617 0.0002
4.2202 -0.5222 0.0001
2.9483 -2.1618 0.0068
2.8670 -2.3988 0.0051
-2.1967 -2.7883 0.0035
-2.3054 -3.0285 0.0021
-3.9128 4.7538 0.0000
-2.7764 -2.2261 0.0080
-2.8720 -2.4386 0.0049
-3.1212 -2.4074 0.0034
-3.0132 -2.6712 0.0026
-3.2901 -2.6057 0.0017
4.2974 2.6663 0.0000
4.2939 2.3602 0.0000
2.7899 1.3745 0.0268
0.8612 -2.9246 0.0013
-1.1828 3.2150 0.0009
2.2719 0.5201 0.0734
2.1306 0.5414 0.0724
2.1133 0.4227 0.0759
2.2221 0.3900 0.0774
2.1833 0.2642 0.0801
1.9849 0.4231 0.0736
2.0587 0.3063 0.0779
1.9540 0.2485 0.0766
1.9787 0.5658 0.0691
1.8768 0.3442 0.0725
4.0572 -2.0809 0.0001
-2.8193 -4.0448 0.0001
1.8190 0.2171 0.0728
1.7530 0.0885 0.0716
1.6029 0.0933 0.0655
1.5539 -0.0917 0.0634
1.4283 -0.1696 0.0578
-1.2787 2.4173 0.0050
-1.3540 2.0364 0.0101
2.8725 -0.3985 0.0485
2.6865 -0.3492 0.0629
2.7483 -0.5157 0.0552
2.5630 -0.4277 0.0682
2.4435 -0.5631 0.0691
0.1929 2.6368 0.0015
-0.0523 2.5991 0.0016
-2.5611 -2.0570 0.0128
2.1733 -1.6645 0.0265
-3.9785 -4.2204 0.0000
-4.2339 -4.1001 0.0000
-4.2288 -4.3954 0.0000
-4.0662 1.9788 0.0001
-4.2442 1.7347 0.0000
3.8635 0.2075 0.0016
3.7350 -0.0112 0.0033
3.4961 -0.0512 0.0096
0.1504 -3.2308 0.0004
1.5638 4.2666 0.0000
0.5259 -2.5437 0.0022
0.5801 -2.8317 0.0013
0.3546 -3.0341 0.0007
3.8626 2.9975 0.0001
-1.8657 -1.2654 0.0383
-2.0755 -1.2503 0.0418
-2.0016 -1.4416 0.0329
-0.1285 2.1046 0.0044
-3.5778 1.2005 0.0037
-3.8389 1.2117 0.0010
-2.6514 1.9495 0.0144
-2.7968 1.7728 0.0159
-2.7024 1.5336 0.0246
-2.9368 1.5804 0.0166
-3.0844 1.4140 0.0150
-3.8749 3.7260 0.0000
-3.9021 3.4259 0.0000
-4.1031 3.2785 0.0000
-4.5792 0.6216 0.0000
1.4166 -4.2412 0.0001
3.0396 -0.2976 0.0367
-3.9715 2.7702 0.0000
-4.1953 2.5661 0.0000
3.6547 1.8956 0.0015
-3.7027 1.7123 0.0011
4.0467 4.4667 0.0000
4.0522 4.1511 0.0000
3.0050 -1.9210 0.0090
-0.3155 1.4089 0.0132
-0.5432 1.5054 0.0125
-0.5073 1.2442 0.0170
-0.6341 1.0510 0.0218
-1.0849 1.9690 0.0090
-1.4189 1.7805 0.0156
4.7246 -4.2251 0.0000
3.9562 -1.2559 0.0004
1.4346 2.8218 0.0023
1.1721 2.6224 0.0029
0.9486 2.4652 0.0034
1.0043 3.6342 0.0002
3.9667 -1.8093 0.0002
4.1332 1.8483 0.0001
-0.9330 -2.7286 0.0019
-1.1842 -2.6052 0.0030
-1.1627 -2.8929 0.0015
-0.4631 -2.4274 0.0027
-0.6989 -2.5634 0.0023
3.9808 -4.4920 0.0000
3.8167 -4.7374 0.0000
-4.4578 -2.8189 0.0000
-4.5313 -3.1068 0.0000
-0.5361 0.2341 0.0333
-0.8443 0.0936 0.0397
-0.6287 0.0736 0.0355
-0.7206 -0.0906 0.0371
-0.7965 -0.2644 0.0377
-0.9422 -0.0882 0.0422
2.2207 -2.0923 0.0139
1.3923 -1.3155 0.0272
-0.2248 -2.5763 0.0018
-3.7754 3.9923 0.0000
-4.0602 3.9556 0.0000
-4.2448 3.7648 0.0000
-4.4523 3.6059 0.0000
2.1870 0.1242 0.0820
2.1921 0.0344 0.0826
2.1136 -0.0484 0.0819
2.1785 -0.1388 0.0819
2.0604 0.0538 0.0810
1.9693 -0.0237 0.0790
2.0317 -0.1339 0.0799
1.9010 -0.1591 0.0762
2.1003 -0.2342 0.0799
1.9743 -0.2735 0.0767
1.8781 -0.3643 0.0720
4.5093 -1.8065 0.0000
1.2802 4.4959 0.0000
1.0461 4.3850 0.0000
-0.8478 3.6462 0.0003
-4.2391 2.8359 0.0000
-4.4794 2.7598 0.0000
-2.8108 -3.5178 0.0006
-3.0662 -3.6128 0.0003
4.0761 2.5062 0.0001
1.1022 -4.7240 0.0000
4.7618 1.4013 0.0000
2.8745 1.6006 0.0182
-4.7843 -3.5850 0.0000
4.7859 1.1055 0.0000
4.5873 0.9587 0.0000
4.4044 0.8330 0.0000
4.1588 0.7694 0.0002
3.7345 0.4357 0.0031
1.4007 3.9795 0.0001
1.1682 3.8798 0.0001
1.3787 -3.1098 0.0014
1.1088 4.7520 0.0000
2.5615 0.1296 0.0732
2.4758 0.0210 0.0776
2.3270 0.0547 0.0816
2.2581 -0.0467 0.0824
2.3869 -0.0652 0.0804
2.4158 -0.1941 0.0785
2.3030 -0.1630 0.0812
2.2404 -0.2614 0.0803
3.6585 3.4870 0.0001
1.2718 -2.3675 0.0054
0.9495 -2.1796 0.0058
0.7309 -2.3496 0.0036
1.0190 -2.4284 0.0039
0.7924 -2.6316 0.0023
-1.9117 -3.3548 0.0009
-0.5413 -3.7110 0.0001
-0.7707 -3.8760 0.0001
0.3894 -1.7222 0.0087
0.4312 -1.9739 0.0059
0.5142 -0.8518 0.0245
0.2924 -0.9469 0.0213
-1.6159 1.9424 0.0142
-1.8497 1.9197 0.0168
-2.0544 1.7562 0.0230
-2.2878 1.6303 0.0276
-1.8331 1.7030 0.0228
-1.8736 1.5109 0.0297
-2.0733 1.5379 0.0308
-2.2799 1.4105 0.0363
3.9108 0.6743 0.0011
0.6262 -1.2619 0.0174
0.5050 -1.4987 0.0124
1.5414 -1.1736 0.0351
1.3991 2.5604 0.0039
1.2168 2.3381 0.0052
1.0958 2.1242 0.0071
0.8760 2.2239 0.0051
0.8631 1.9519 0.0081
-0.7315 0.8557 0.0270
-0.9292 0.8970 0.0292
-1.0171 0.6828 0.0360
-1.2219 0.5300 0.0449
2.4751 1.6855 0.0234
2.3488 1.5168 0.0306
2.3689 1.2665 0.0408
-1.5466 2.4992 0.0053
-1.7674 2.3884 0.0074
-1.4607 2.2501 0.0077
-1.6575 2.1646 0.0102
-1.8935 2.1451 0.0120
2.3924 -4.6719 0.0000
-3.6438 0.1674 0.0050
4.3461 1.6923 0.0000
-0.2516 4.5153 0.0000
-0.5204 4.4163 0.0000
-0.1968 -4.7502 0.0000
-3.9306 0.1621 0.0011
0.6547 -1.7758 0.0090
0.6873 -2.0670 0.0058
2.0634 0.8202 0.0608
2.0810 0.6804 0.0668
1.9199 0.7368 0.0615
1.8387 0.4817 0.0679
4.1195 -4.2254 0.0000
3.8281 -4.2396 0.0000
3.6777 -4.4772 0.0000
-3.9165 -0.2994 0.0012
-2.1639 -0.7460 0.0652
-4.2234 -3.5040 0.0000
-4.2491 -3.8102 0.0000
2.7791 0.4094 0.0555
2.6189 0.4303 0.0652
2.6701 0.2787 0.0651
2.4889 0.3710 0.0727
2.3643 0.4205 0.0751
2.5492 0.2515 0.0724
2.4221 0.1454 0.0788
2.4214 0.2592 0.0773
2.3164 0.2946 0.0789
2.2922 0.1728 0.0811
1.6293 -1.7276 0.0195
-1.2149 0.6932 0.0409
-1.3821 0.7251 0.0451
-1.4175 0.5412 0.0512
-1.5707 0.6632 0.0533
-1.6109 0.4871 0.0597
-1.7802 0.4256 0.0676
3.0164 -0.5312 0.0354
3.2349 -0.4454 0.0214
3.1880 -0.6836 0.0218
3.0093 -0.8043 0.0308
1.7680 1.4138 0.0307
1.5834 1.3857 0.0285
1.6270 1.1714 0.0371
1.4067 1.2488 0.0296
1.2303 1.1757 0.0282
1.4628 1.0473 0.0375
1.2670 0.9686 0.0351
-3.0385 4.7729 0.0000
-3.3025 4.7411 0.0000
1.5688 -2.6328 0.0041
2.0735 -2.3016 0.0096
-3.7327 2.6456 0.0002
-3.9282 2.4754 0.0001
-3.7154 2.2811 0.0004
-4.0002 2.2271 0.0001
-4.2379 2.3036 0.0000
4.2389 -1.3641 0.0001
4.0200 -1.5573 0.0002
1.6849 2.1065 0.0106
1.3721 2.0624 0.0094
1.1417 1.8748 0.0109
-3.6075 4.7566 0.0000
-3.7933 1.4530 0.0010
-4.5168 2.1970 0.0000
-4.7584 2.0368 0.0000
-4.7575 1.7240 0.0000
2.5698 -1.8125 0.0190
2.4844 -2.0620 0.0136
0.1746 -1.1255 0.0178
0.0532 -1.3082 0.0145
2.6008 4.4995 0.0000
2.4653 4.2594 0.0001
2.2859 4.0683 0.0001
-2.5954 -1.5717 0.0256
-2.6999 -1.7608 0.0181
0.8997 -4.2557 0.0001
3.9460 -0.4187 0.0009
-1.1168 -0.1744 0.0469
-1.2644 -0.2513 0.0513
4.7410 2.9755 0.0000
4.7716 2.6519 0.0000
-3.6250 -1.3250 0.0031
4.7711 -4.5118 0.0000
-0.6016 2.0663 0.0055
-1.4257 1.5298 0.0218
-1.6339 1.6881 0.0207
-1.6660 1.4623 0.0281
-1.4857 1.2815 0.0303
-1.6975 1.2555 0.0360
-1.8856 1.3147 0.0375
-2.0323 1.1622 0.0461
-0.0809 0.6318 0.0257
-0.8118 1.8898 0.0083
-0.9905 1.7125 0.0123
-1.2238 1.7724 0.0135
-1.1873 1.5446 0.0178
-2.4673 0.8987 0.0559
3.0470 1.3972 0.0172
-3.1484 -1.6505 0.0102
2.2013 1.1519 0.0468
2.1196 0.9813 0.0543
1.9786 1.1022 0.0471
1.8223 1.2362 0.0386
1.7700 1.0305 0.0459
1.9322 0.9243 0.0540
1.7790 0.8334 0.0540
-0.2322 0.8031 0.0235
3.4172 3.3157 0.0003
3.2282 3.1230 0.0007
-4.0839 -0.0784 0.0004
-1.6936 4.1927 0.0001
-2.4482 1.2465 0.0414
-2.7230 1.1387 0.0371
-2.9197 1.0357 0.0307
-2.5571 1.0656 0.0462
-2.6181 0.8651 0.0518
-2.7449 0.9426 0.0428
-2.8225 0.7796 0.0435
-2.4352 0.0276 0.0795
-2.6192 -0.0690 0.0707
-2.6904 -0.2190 0.0649
-2.9233 -0.2377 0.0470
-3.0709 -0.3665 0.0340
-3.0661 -0.5892 0.0315
-0.3120 2.4990 0.0022
-0.3847 2.2463 0.0036
1.6104 0.9062 0.0465
1.4158 0.8459 0.0428
1.3466 0.6752 0.0457
1.1367 0.5921 0.0413
-0.3304 1.6787 0.0092
2.1167 -1.2634 0.0424
1.9015 -1.3409 0.0366
1.7714 -1.5278 0.0276
4.5251 -4.4888 0.0000
4.5233 1.5272 0.0000
4.3004 1.3693 0.0001
2.2156 -4.1189 0.0001
1.9402 -4.2290 0.0001
1.8788 -4.4959 0.0000
1.2474 -1.4637 0.0205
-0.6814 -1.0708 0.0222
-0.6688 -1.2930 0.0176
-0.8807 -1.1143 0.0238
-0.9069 -1.3223 0.0194
-1.1383 -1.2994 0.0232
-0.9078 -1.5500 0.0148
-1.1181 -1.5333 0.0172
-1.2091 -1.7339 0.0140
-1.3182 -1.4507 0.0220
-1.4141 -1.6399 0.0183
-4.5107 0.1136 0.0000
-4.7663 0.1548 0.0000
1.4154 -2.1307 0.0091
1.1719 -2.1320 0.0075
-2.6192 -0.8876 0.0507
-2.8152 -0.8611 0.0418
-2.7436 -1.0627 0.0389
-3.4768 4.5058 0.0000
-3.6367 4.2581 0.0000
-3.9203 4.2342 0.0000
-1.4189 -1.8906 0.0127
3.3882 1.7769 0.0045
3.3301 1.5113 0.0074
3.2944 1.2592 0.0107
-4.7437 -4.2026 0.0000
-4.3736 -3.3194 0.0000
-4.5853 -3.4325 0.0000
2.5241 -0.2829 0.0731
2.4226 -0.4241 0.0738
2.3673 -0.3009 0.0780
2.2992 -0.5319 0.0731
2.2730 -0.3976 0.0772
2.1507 -0.4837 0.0747
2.1867 -0.6336 0.0699
2.0428 -0.5721 0.0704
2.0576 -0.7286 0.0650
-3.4842 -0.8670 0.0078
-3.6945 -1.0408 0.0028
4.2305 -1.8985 0.0000
4.4399 -2.0679 0.0000
-3.5348 1.4616 0.0033
3.7510 -2.0434 0.0005
1.7542 3.5254 0.0005
1.4789 3.4345 0.0005
1.2003 3.3780 0.0004
1.3945 3.1225 0.0011
1.0736 3.1181 0.0008
-2.3965 3.3794 0.0009
-2.5980 3.1888 0.0013
-2.4976 2.9393 0.0025
-2.7952 2.9750 0.0017
-2.9739 2.7898 0.0019
3.3477 -2.7171 0.0008
3.1339 -2.9366 0.0010
0.0730 -4.7297 0.0000
1.8158 -2.2824 0.0091
1.8226 -2.5225 0.0059
4.2634 -1.6468 0.0000
4.7818 0.1345 0.0000
4.7410 -0.1615 0.0000
4.4697 -0.2988 0.0000
1.1428 1.6031 0.0161
0.9084 1.4624 0.0166
0.7246 1.2930 0.0182
0.4533 -2.2465 0.0037
0.1915 -1.9896 0.0054
0.1816 -2.2185 0.0036
0.0135 -2.4014 0.0025
2.7486 3.1739 0.0013
2.6141 2.9678 0.0022
2.9390 -4.3241 0.0000
2.6320 -4.4205 0.0000
2.8376 -4.5683 0.0000
-4.7382 -0.4947 0.0000
-1.2658 4.4749 0.0000
-1.3923 4.1980 0.0001
-1.5322 3.9364 0.0002
-3.2655 -0.7233 0.0177
-3.2207 -0.9703 0.0170
-3.4165 -1.1491 0.0080
-3.2497 -3.7763 0.0002
-0.6219 0.6522 0.0293
-0.6010 0.4524 0.0320
-0.8293 0.6588 0.0325
-0.8306 0.4723 0.0358
-1.0462 0.4825 0.0407
-1.1535 0.2967 0.0468
-2.4279 -0.8964 0.0565
2.7233 -3.8921 0.0002
2.4321 -3.8607 0.0002
2.1711 -3.8323 0.0003
-2.0930 -2.0481 0.0139
-2.3342 -2.0698 0.0136
-2.5537 -2.3241 0.0081
-2.3466 0.6248 0.0695
-0.9898 -1.8040 0.0110
-1.1647 -2.0066 0.0090
-1.6571 0.3196 0.0652
-1.7908 0.2640 0.0713
-1.8798 0.1631 0.0758
-0.6584 -4.5007 0.0000
-0.8079 -4.7388 0.0000
2.3759 -4.3644 0.0001
2.1374 -4.4594 0.0000
2.1219 -4.7373 0.0000
1.8867 -4.7442 0.0000
3.8172 4.2610 0.0000
3.5917 4.0789 0.0000
3.3494 3.9003 0.0001
-3.2883 -2.8684 0.0010
-3.5285 -3.0229 0.0004
-3.5035 -3.3153 0.0003
-3.7479 -3.4783 0.0001
0.6953 4.5099 0.0000
0.5321 4.3298 0.0000
0.8168 4.2384 0.0000
0.6018 4.0455 0.0000
2.8755 -0.6526 0.0431
2.6885 -0.7002 0.0537
2.5918 -0.5566 0.0633
2.5114 -0.7072 0.0618
2.3386 -0.6851 0.0672
2.4041 -0.8338 0.0600
2.2753 -0.9386 0.0572
-2.2042 -0.0923 0.0827
-2.2560 -0.2213 0.0812
-2.3973 -0.2407 0.0786
3.4117 2.3415 0.0019
3.0337 2.3960 0.0041
2.9092 0.0806 0.0489
2.7121 0.1186 0.0641
2.6208 -0.0147 0.0704
2.7777 -0.0510 0.0595
2.6553 -0.1795 0.0673
2.5208 -0.1199 0.0753
-2.4639 -1.4058 0.0339
-2.6416 -1.2677 0.0353
-2.7630 -1.4508 0.0254
-2.3389 -1.0480 0.0512
-2.4358 -1.2221 0.0421
-4.3222 0.6668 0.0001
-4.3072 0.4258 0.0001
0.3849 2.2040 0.0040
0.3818 1.9391 0.0065
0.4067 1.6737 0.0099
0.1627 1.7651 0.0080
1.5088 -0.9500 0.0418
4.3885 -3.7011 0.0000
4.2743 -3.9691 0.0000
0.6558 2.3905 0.0032
0.6251 2.1030 0.0055
0.6293 1.8196 0.0088
-4.5115 1.6125 0.0000
-4.5581 1.3496 0.0000
-4.7795 1.4289 0.0000
-1.8502 -0.9430 0.0517
-1.9621 -1.0850 0.0478
-2.1478 -1.0570 0.0512
0.7092 -1.0182 0.0231
0.4694 -1.0801 0.0198
0.3519 -1.2724 0.0156
0.2424 -1.4870 0.0118
4.7742 3.9335 0.0000
4.6251 3.7359 0.0000
4.7720 3.5680 0.0000
4.4909 3.4551 0.0000
4.2514 3.2832 0.0000
0.1238 2.0589 0.0049
-0.0861 1.8193 0.0072
1.6777 -1.3094 0.0335
3.3367 4.2020 0.0001
3.0657 4.3057 0.0001
2.7697 4.2455 0.0001
3.1090 4.0273 0.0001
2.8838 4.0140 0.0002
-0.8726 2.1515 0.0057
1.1659 -3.8480 0.0002
3.4387 -2.9678 0.0003
4.5224 1.2160 0.0000
4.2690 1.0662 0.0001
4.5345 -3.9972 0.0000
4.4100 -4.2371 0.0000
0.7091 3.1989 0.0005
0.5883 2.9407 0.0009
1.5350 -1.4754 0.0252
1.3838 -1.6513 0.0180
-0.0315 -3.6838 0.0001
-0.3148 -3.5381 0.0002
-0.2831 -3.8033 0.0001
-2.6239 0.7213 0.0567
-2.6765 0.5048 0.0603
-2.7412 0.6243 0.0531
-2.9125 0.5835 0.0422
-2.8324 0.4143 0.0516
-2.9425 0.2621 0.0450
3.9477 -0.6966 0.0008
-3.4755 -4.5156 0.0000
-3.7411 -4.6114 0.0000
4.3389 -3.2073 0.0000
4.0853 -3.2480 0.0000
2.0744 -1.8690 0.0196
-2.4228 1.9857 0.0159
-2.2751 1.8520 0.0203
-2.5200 1.7285 0.0221
-0.0453 -3.9722 0.0001
-0.3269 -4.0466 0.0000
-3.9041 -1.2231 0.0009
-1.3400 4.7561 0.0000
-1.5279 4.6730 0.0000
-1.7257 4.7645 0.0000
-1.5519 4.4391 0.0000
-1.8140 4.5028 0.0000
-2.1086 4.4781 0.0000
4.2214 -3.4724 0.0000
-4.2838 -0.8936 0.0001
-3.0477 3.0954 0.0008
-3.1972 2.8941 0.0009
-3.2837 2.6600 0.0012
-3.4226 3.0184 0.0003
-3.4996 2.7744 0.0004
-3.5308 2.4795 0.0007
-4.2168 4.7390 0.0000
0.4007 3.1922 0.0004
0.2901 2.9205 0.0008
1.0044 0.4271 0.0407
1.0863 0.2254 0.0454
0.8830 0.2530 0.0397
1.2970 -0.8796 0.0379
1.1008 -0.7759 0.0356
0.9087 -0.8834 0.0290
1.1185 -1.0003 0.0302
0.9255 -1.1152 0.0239
0.8488 -1.2867 0.0190
-3.9869 -2.5992 0.0001
-4.1360 -2.8399 0.0000
-4.2490 -3.0990 0.0000
0.0925 -0.6049 0.0261
0.1156 -0.8306 0.0227
-0.0151 -1.0089 0.0197
-0.1137 -0.7594 0.0239
-0.2635 -0.9634 0.0210
-0.4263 -1.1730 0.0181
-3.7917 2.0075 0.0004
-2.9990 0.8300 0.0310
-3.2836 0.7560 0.0158
-3.5387 0.6450 0.0067
-3.0984 0.6442 0.0280
-3.3047 0.4940 0.0170
-3.5480 0.4058 0.0071
-3.7999 0.4331 0.0021
3.9584 -3.5444 0.0000
3.7845 -3.7368 0.0000
3.5003 -3.6959 0.0000
4.7457 3.2785 0.0000
4.4942 3.1396 0.0000
-2.0734 -3.8366 0.0003
-2.4178 -0.6156 0.0680
-2.4869 -0.4451 0.0712
-2.5603 -0.5648 0.0647
-2.5088 -0.7409 0.0606
-2.6786 -0.7037 0.0543
-1.4472 -0.5728 0.0519
-1.3439 -0.7546 0.0435
-1.4447 -0.9334 0.0409
-1.5374 -0.7540 0.0497
-1.6594 -0.9218 0.0475
-1.5414 -1.1041 0.0376
-1.7486 -1.1018 0.0427
3.5504 -4.7421 0.0000
3.2716 -4.7575 0.0000
-3.9848 -3.6428 0.0000
4.1216 2.1869 0.0001
3.9168 2.0222 0.0004
-1.4204 3.6863 0.0004
0.3009 4.4729 0.0000
0.0363 4.2689 0.0000
-0.1523 4.0497 0.0001
-0.2641 4.2644 0.0000
-0.5094 4.1277 0.0001
0.7071 -3.4593 0.0004
4.7469 -0.7695 0.0000
-0.6910 -2.2510 0.0043
-0.9380 -2.4384 0.0035
2.6795 1.7815 0.0178
2.6372 1.5350 0.0259
2.5050 1.3933 0.0336
-4.7688 4.5162 0.0000
2.9077 -1.4361 0.0207
-0.8704 -4.3509 0.0000
-1.0058 -4.5419 0.0000
3.0799 3.7347 0.0002
2.8457 3.4830 0.0006
2.5395 3.3499 0.0010
-3.0935 3.6971 0.0001
-3.3713 3.4975 0.0001
-1.7215 -4.7394 0.0000
-2.0026 -4.7573 0.0000
-2.1849 -4.6377 0.0000
-2.3538 -4.7702 0.0000
-2.8265 2.5777 0.0038
-3.0615 2.5391 0.0027
3.6090 1.6163 0.0025
4.1958 4.7547 0.0000
3.9049 4.7572 0.0000
3.7722 4.5327 0.0000
3.5670 4.3773 0.0000
-2.4785 1.4829 0.0313
-2.6325 1.3145 0.0340
-2.0424 -0.8959 0.0575
-3.7191 -3.7796 0.0001
-3.9796 -3.9322 0.0000
-0.1197 3.7733 0.0001
-4.5377 -1.5882 0.0000
3.4796 -1.5367 0.0038
3.2708 -1.7189 0.0062
3.0830 0.1968 0.0343
2.9579 0.3585 0.0428
2.8377 0.2350 0.0537
3.6911 -0.5399 0.0035
3.4099 -0.7714 0.0102
-0.2468 -1.6448 0.0098
-0.4867 -1.7022 0.0098
-0.5756 -1.9702 0.0067
1.3768 -2.8555 0.0023
1.1506 -2.8973 0.0018
0.1085 1.5385 0.0111
-0.0033 1.2980 0.0147
-0.0903 1.0322 0.0193
3.8608 -3.3253 0.0000
3.6590 -3.4677 0.0000
1.9970 -3.6222 0.0005
2.5986 -2.5330 0.0054
2.3452 -2.6383 0.0050
2.5981 -2.8109 0.0030
2.3609 -2.9325 0.0027
-2.0066 4.7464 0.0000
-2.2851 4.7321 0.0000
3.5767 4.7234 0.0000
3.2840 4.7781 0.0000
3.3481 4.4970 0.0000
3.1086 4.5934 0.0000
2.8577 4.5133 0.0000
0.8984 -3.9576 0.0001
0.6687 -4.1038 0.0001
2.4823 0.9218 0.0539
2.3076 0.9820 0.0543
2.2135 0.8278 0.0616
2.3738 0.7925 0.0618
2.3721 0.6244 0.0684
2.2282 0.6751 0.0679
-1.7802 3.2980 0.0011
-1.9704 -0.0126 0.0795
-2.0727 -0.0802 0.0815
-2.3338 -3.7433 0.0004
-2.5994 -3.7911 0.0003
-2.5553 -4.0275 0.0002
0.6122 -3.1164 0.0007
3.2698 2.5410 0.0020
3.5031 -3.9100 0.0000
3.3056 -3.9953 0.0000
3.1904 -4.2409 0.0000
1.5661 1.8810 0.0143
1.5822 1.6169 0.0212
1.3597 1.7478 0.0152
4.4936 -0.9215 0.0000
4.2346 -1.0866 0.0001
2.9204 1.8527 0.0120
-3.4650 -2.4221 0.0014
-3.5314 -2.7389 0.0007
-3.7035 -2.5508 0.0005
-3.8012 -2.8497 0.0002
-2.0080 0.8017 0.0614
-2.1651 0.7375 0.0660
-2.0313 0.6422 0.0680
-2.1910 0.6010 0.0714
-2.9574 4.5421 0.0000
-2.7454 3.8064 0.0002
4.2557 -4.4878 0.0000
-2.9956 3.9180 0.0001
-2.6950 -3.2945 0.0010
-1.0000 2.8074 0.0019
3.5090 -4.2185 0.0000
3.3898 -4.4823 0.0000
3.1168 -4.5274 0.0000
0.1065 3.1414 0.0005
0.0048 2.8829 0.0009
0.1699 -1.7616 0.0079
-0.7487 1.3278 0.0172
-0.8534 1.1184 0.0229
-1.0410 1.2703 0.0221
-1.0973 1.0675 0.0282
-1.1518 0.8718 0.0345
-1.8643 -2.1667 0.0105
-2.0936 -2.2962 0.0090
-2.2931 -3.9976 0.0002
-2.6655 -4.2993 0.0001
-2.3668 -4.2518 0.0001
-2.4730 -4.5077 0.0000
-2.6332 -4.7231 0.0000
-2.8529 -4.7993 0.0000
0.1971 -3.5256 0.0002
-0.0786 -3.3967 0.0003
1.6323 -4.4824 0.0000
1.6449 -4.7389 0.0000
1.3849 -4.5172 0.0000
1.3810 -4.7563 0.0000
1.8729 -3.2869 0.0012
1.7675 -3.4904 0.0007
-1.7178 0.7542 0.0553
-1.8790 0.6934 0.0625
-1.7496 0.5846 0.0620
-2.0796 0.5106 0.0733
-2.0043 0.4078 0.0748
2.9600 0.9835 0.0302
2.8069 0.8964 0.0411
2.6611 1.0294 0.0435
4.7611 2.3370 0.0000
4.5150 1.8758 0.0000
-0.1710 -1.1845 0.0169
-0.1922 -1.4007 0.0134
-0.4267 -1.4238 0.0138
-0.6701 -1.5130 0.0137
-4.7388 2.6502 0.0000
-1.8475 1.0897 0.0459
-2.0059 0.9790 0.0538
-2.1546 0.8862 0.0597
-1.6630 1.0759 0.0418
-1.8525 0.8868 0.0543
-1.4178 -2.4408 0.0049
-1.6408 -2.3117 0.0072
3.3432 -1.2512 0.0086
3.1843 -1.4641 0.0110
-4.1054 1.2102 0.0002
-4.2231 0.9297 0.0001
4.5004 4.7468 0.0000
4.3167 4.5197 0.0000
-0.3616 0.1249 0.0319
2.8561 -2.9278 0.0017
2.6289 -3.1167 0.0015
2.4973 -3.3841 0.0009
2.3361 -3.2077 0.0014
-3.2146 -4.1264 0.0001
-1.1261 3.6897 0.0003
-1.0061 3.4260 0.0005
1.1901 2.8890 0.0016
0.9500 2.7670 0.0017
4.1718 -2.7374 0.0000
3.9908 -0.9547 0.0005
-4.7621 -1.1165 0.0000
1.9723 3.3415 0.0009
1.6721 3.2360 0.0010
-1.7739 -3.7068 0.0003
-2.0036 -3.5915 0.0005
-0.3778 3.3320 0.0004
-2.3339 -0.1262 0.0814
-2.4663 -0.1003 0.0780
-2.5527 -0.1980 0.0733
-2.5114 -0.3077 0.0734
-2.6307 -0.3814 0.0659
-2.7896 -0.3333 0.0562
-2.7204 -0.5195 0.0572
-2.8968 -0.4615 0.0460
-2.8628 -0.6595 0.0443
-3.0304 -0.8098 0.0300
-0.9253 -3.0306 0.0009
-0.7852 4.2031 0.0001
-0.9387 3.9342 0.0001
4.7740 -4.7702 0.0000
-3.2559 3.2259 0.0003
-3.5466 3.2596 0.0001
-3.7133 2.9532 0.0001
2.0816 -2.5360 0.0062
1.8581 -2.7674 0.0037
-1.4562 3.1606 0.0013
-1.7100 3.0466 0.0019
2.8402 1.1623 0.0313
2.6176 1.2374 0.0371
2.4530 1.1105 0.0464
-4.4888 -2.4792 0.0000
-4.7326 -2.6519 0.0000
2.1450 -0.3496 0.0782
2.0396 -0.3805 0.0759
1.9768 -0.4675 0.0722
1.8418 -0.5115 0.0671
1.7984 -0.2561 0.0714
1.7143 -0.3834 0.0658
1.7058 -0.5607 0.0609
1.9103 -0.6367 0.0651
1.7650 -0.7021 0.0584
1.3223 4.2306 0.0000
1.0864 4.1228 0.0000
-0.5206 2.8071 0.0013
-0.7820 2.6414 0.0022
-1.2999 -4.5050 0.0000
2.2217 3.3008 0.0011
2.1456 3.0427 0.0020
2.1157 4.6732 0.0000
1.8551 4.5071 0.0000
1.4740 -3.6918 0.0004
1.4113 -3.9524 0.0002
1.8219 1.6291 0.0239
3.7667 -3.1032 0.0001
0.8630 -0.2964 0.0386
-2.8596 3.5896 0.0003
-3.1013 3.4339 0.0003
-2.8669 3.2866 0.0007
0.0349 -2.6618 0.0014
-0.3695 -3.2699 0.0003
-0.6024 -3.4286 0.0002
-2.0005 3.7405 0.0004
-1.9298 3.4838 0.0007
-2.1245 3.3329 0.0011
-0.3840 -4.5186 0.0000
-0.5019 -4.7609 0.0000
-4.0648 -1.4270 0.0003
1.3585 1.4750 0.0220
1.1449 1.3564 0.0219
1.9111 -0.8066 0.0588
1.9085 -0.9841 0.0515
1.7522 -0.8977 0.0509
1.6804 -1.0440 0.0433
-0.1405 -4.2489 0.0000
-0.4169 -4.2854 0.0000
1.8256 -1.8407 0.0186
0.2079 -0.2381 0.0302
0.0461 -0.3792 0.0286
-0.1282 -0.5307 0.0271
-0.3132 -0.5422 0.0279
-0.3413 -0.7377 0.0252
-0.5017 -0.9254 0.0232
-0.7459 -0.8531 0.0275
-2.8824 -1.2433 0.0272
-3.0315 -1.4343 0.0170
4.7626 4.7619 0.0000
4.7729 4.5010 0.0000
4.5544 4.4802 0.0000
-0.7628 1.6100 0.0121
-0.9623 1.4567 0.0168
1.6757 4.0182 0.0001
1.5557 3.7419 0.0002
1.2986 3.6541 0.0002
-1.6553 -1.7443 0.0185
-1.9288 2.5821 0.0055
-2.1559 2.6127 0.0054
-2.2952 2.4184 0.0078
-2.2794 2.1762 0.0121
-4.7586 -0.8094 0.0000
-0.3465 1.9531 0.0060
-0.5665 1.7869 0.0085
4.7530 -1.3696 0.0000
4.5029 -1.5061 0.0000
1.7313 0.3689 0.0670
1.6669 0.2315 0.0669
1.4940 0.2105 0.0602
1.4659 0.0385 0.0601
1.3295 -0.0316 0.0547
-2.0038 -3.0138 0.0021
-2.1284 -3.2550 0.0012
-2.2344 3.5907 0.0006
0.7566 3.5455 0.0002
0.5574 3.4050 0.0003
0.9247 1.7224 0.0119
0.7209 1.6113 0.0124
0.5624 1.4806 0.0136
0.4703 1.2524 0.0170
0.3012 1.4509 0.0129
0.2145 1.2350 0.0162
0.2821 0.4168 0.0292
0.1355 0.2599 0.0298
0.0126 0.1030 0.0303
0.2763 0.1377 0.0312
0.1734 -0.0374 0.0308
-0.0271 -0.1451 0.0302
-0.1885 0.0068 0.0309
-0.3079 -0.1432 0.0314
-2.9760 1.9394 0.0092
-3.1049 1.7385 0.0094
-3.2608 1.5616 0.0079
0.4387 -3.3319 0.0004
0.4506 -3.6309 0.0002
0.2231 -3.8672 0.0001
-0.5297 2.5495 0.0022
-0.6598 2.3425 0.0035
1.0060 -1.4501 0.0174
0.7460 -1.5098 0.0137
-2.0087 -0.1852 0.0793
-2.0067 -0.3222 0.0769
-2.0710 -0.4550 0.0748
-2.2191 -0.4641 0.0757
-3.6461 -2.2445 0.0010
3.2327 -1.9701 0.0048
-4.4839 -4.2671 0.0000
-4.7332 -4.4894 0.0000
-4.4726 -4.5342 0.0000
-4.5098 -4.7725 0.0000
-4.7640 -4.7531 0.0000
-2.1311 -1.6176 0.0270
-2.2577 -1.8372 0.0198
2.4136 3.8061 0.0003
2.0447 3.5834 0.0005
-0.3880 0.6099 0.0275
3.7001 2.8373 0.0003
3.4912 2.6894 0.0008
-4.4766 2.4875 0.0000
-4.7515 2.3501 0.0000
1.3175 0.5016 0.0489
4.2581 -2.9672 0.0000
4.0092 -3.0231 0.0000
-0.8236 -3.5973 0.0002
2.7828 -3.3971 0.0006
2.6119 -3.6329 0.0004
-0.6097 3.1689 0.0006
-0.7433 2.9451 0.0012
-4.2921 2.0418 0.0000
-4.5142 1.8909 0.0000
4.7589 -3.2778 0.0000
-2.0306 4.0250 0.0002
0.7765 4.7792 0.0000
0.4785 4.7141 0.0000
-4.7844 -3.9203 0.0000
2.5098 2.6991 0.0040
2.3248 2.4931 0.0063
2.0671 2.4256 0.0070
-3.5871 -4.7883 0.0000
-2.8398 -4.5119 0.0000
3.6242 0.6588 0.0049
3.4287 0.4825 0.0116
3.1789 0.4145 0.0258
3.5631 0.2138 0.0073
3.3177 0.2271 0.0180
3.3060 0.0217 0.0190
-1.9458 4.2563 0.0001
-4.5275 0.3601 0.0000
-4.7783 0.4537 0.0000
0.9138 -1.6933 0.0119
0.9247 -1.9263 0.0085
-0.1334 -4.4874 0.0000
-4.4761 3.2894 0.0000
-4.7517 3.2221 0.0000
1.2737 -0.6641 0.0431
-3.0579 4.2187 0.0000
2.9765 -4.7808 0.0000
2.6586 -4.7562 0.0000
-2.8674 1.3125 0.0256
-3.0938 1.1693 0.0190
-3.1710 0.9509 0.0190
-3.3650 1.0584 0.0097
-3.4853 0.8771 0.0072
2.4934 2.1954 0.0104
2.4369 1.9448 0.0162
2.2586 1.7536 0.0224
1.6160 -3.1878 0.0013
1.5347 -3.4353 0.0007
1.1470 -1.6867 0.0143
-1.4451 -0.3799 0.0561
-1.6012 -0.4479 0.0607
-1.7774 -0.4897 0.0661
-1.6453 -0.6050 0.0581
-1.7208 -0.7633 0.0552
-1.8293 -0.6333 0.0632
-1.8783 -0.7904 0.0587
-2.2349 -3.5027 0.0007
-2.5386 -3.5378 0.0006
4.2469 -2.2524 0.0000
4.1414 -2.4806 0.0000
-3.8356 -1.5368 0.0009
-3.8977 -1.8032 0.0005
-4.2115 -1.9890 0.0001
3.6044 -2.6380 0.0004
0.5615 -4.6909 0.0000
1.8266 4.2618 0.0001
1.8519 3.8004 0.0002
4.0602 0.0808 0.0005
3.9527 -0.1352 0.0009
3.6968 -0.2792 0.0038
-3.4502 -3.9415 0.0001
-3.7151 -4.0680 0.0000
-0.9307 -4.0785 0.0000
-1.1448 -4.2757 0.0000
4.5346 0.6227 0.0000
4.4585 0.3654 0.0000
4.2653 0.2352 0.0001
-3.2452 3.9860 0.0000
-3.3305 3.7436 0.0001
-3.5004 4.0162 0.0000
-3.5810 3.7685 0.0000
-3.6471 3.5161 0.0000
3.3771 -2.4416 0.0013
3.1835 -2.2169 0.0037
2.9471 4.7812 0.0000
2.6550 4.7515 0.0000
2.3793 4.7658 0.0000
2.3468 4.5121 0.0000
-1.8976 -4.4725 0.0000
-2.1747 -4.4278 0.0000
1.8947 4.7736 0.0000
1.6623 4.7552 0.0000
1.5719 4.5072 0.0000
3.6772 -2.8748 0.0001
-0.1147 1.5408 0.0109
0.1724 4.7523 0.0000
0.0112 4.5238 0.0000
3.2024 2.2108 0.0040
-2.2350 -0.8966 0.0588
-2.2624 -1.2230 0.0437
-0.7418 0.2753 0.0364
-0.9519 0.2873 0.0410
-1.0481 0.1041 0.0451
-1.2495 0.1307 0.0517
-1.1608 -0.0302 0.0490
-1.3229 -0.0705 0.0547
-1.4316 -0.2177 0.0580
-2.3059 0.8986 0.0589
-2.3021 0.7589 0.0649
-2.4568 0.7449 0.0624
-2.5273 0.5923 0.0654
1.3930 4.7537 0.0000
0.9438 4.5820 0.0000
3.8345 1.4455 0.0010
3.7695 1.1690 0.0018
-3.4596 -4.2394 0.0000
3.5576 1.3480 0.0040
3.4970 1.0751 0.0064
0.7715 0.8226 0.0286
0.6618 0.6286 0.0305
0.7854 0.4514 0.0353
0.4151 0.6182 0.0277
0.5376 0.4315 0.0315
0.4131 0.2636 0.0317
4.7674 -3.5761 0.0000
-1.1023 2.5951 0.0031
0.3155 4.1645 0.0000
0.3734 3.8720 0.0001
0.1077 3.9711 0.0001
0.1435 3.6816 0.0001
-4.4994 4.7452 0.0000
-4.6886 3.4887 0.0000
-2.9710 -4.2578 0.0001
-3.1904 -4.4422 0.0000
2.7919 -0.8638 0.0427
2.5937 -0.8699 0.0525
2.6795 -1.0651 0.0415
2.4656 -1.0049 0.0513
2.3067 -1.1130 0.0492
2.4982 -1.1966 0.0424
2.2955 -1.2807 0.0418
-3.3473 4.2529 0.0000
-4.5280 3.0096 0.0000
-4.7655 2.9308 0.0000
4.7502 -1.0731 0.0000
4.4968 -1.2161 0.0000
1.0213 -3.4039 0.0005
0.9492 -3.6606 0.0003
-0.8058 3.3013 0.0006
-0.9576 3.0939 0.0010
-1.2341 2.9378 0.0018
-1.3454 2.6875 0.0032
-0.1901 -2.8461 0.0010
-0.1353 -3.1197 0.0005
0.3095 -4.7480 0.0000
3.5430 -3.2182 0.0001
3.3647 -3.4572 0.0001
3.0799 -3.4458 0.0003
-0.8862 -0.4622 0.0373
-0.7485 -0.6144 0.0321
-0.9318 -0.6994 0.0340
-0.9607 -0.9155 0.0298
-1.0922 -1.0865 0.0280
1.6232 -2.9098 0.0024
-0.3781 3.6332 0.0002
-0.6268 3.4991 0.0003
-4.3803 -0.1175 0.0001
-4.5005 -0.3705 0.0000
-4.7123 -0.1534 0.0000
-4.3127 -1.4666 0.0001
-3.6083 -1.8541 0.0019
-4.1929 -0.3516 0.0002
-4.3220 -0.5685 0.0001
-1.7200 0.1380 0.0702
-1.8472 0.0369 0.0756
-1.9145 -0.1103 0.0775
-1.8806 -0.2352 0.0750
2.0832 0.1778 0.0804
1.9719 0.1350 0.0785
1.8893 0.0927 0.0764
1.8411 -0.0220 0.0750
1.6715 -0.0259 0.0685
1.7598 -0.1155 0.0716
1.6571 -0.2019 0.0667
1.5610 -0.2883 0.0616
1.4072 -0.3534 0.0545
1.5607 -0.4542 0.0583
1.3940 -0.5388 0.0502
-4.5435 4.4936 0.0000
0.7141 2.6644 0.0018
0.4632 2.6985 0.0015
4.1074 1.5519 0.0002
-4.5123 -1.2824 0.0000
-4.7619 -1.4214 0.0000
-3.3063 -4.7431 0.0000
-4.5111 -0.7057 0.0000
-0.0952 3.4915 0.0002
-0.1162 3.2373 0.0004
3.6104 3.7900 0.0001
3.3802 3.6142 0.0002
-3.7810 0.6943 0.0020
1.8647 -3.0273 0.0021
-0.2169 3.0296 0.0007
-0.4270 3.0383 0.0008
-0.2076 0.4846 0.0280
-0.3768 0.3637 0.0304
-1.5934 -4.4810 0.0000
0.8680 -4.5304 0.0000
0.8059 -4.7722 0.0000
1.1739 -0.1098 0.0488
1.0110 -0.1428 0.0436
1.0905 -0.3136 0.0443
0.9657 -0.4518 0.0389
3.6777 -0.7973 0.0032
2.2031 1.3668 0.0372
2.0217 1.2917 0.0393
-3.5923 -0.3055 0.0063
-3.7467 -0.4879 0.0029
3.0336 -1.6846 0.0119
2.8120 -1.6519 0.0183
2.7832 -1.8624 0.0141
-2.1614 0.4220 0.0769
-2.2707 0.4962 0.0747
-2.2808 0.3701 0.0781
-2.3564 0.2483 0.0795
-2.3979 0.3665 0.0762
-2.5076 0.2961 0.0739
-2.4624 0.1682 0.0776
-2.5569 0.0553 0.0742
-0.5515 -3.9814 0.0001
-0.6563 -4.1985 0.0000
2.7362 0.7149 0.0506
2.6155 0.8285 0.0529
2.5164 0.7032 0.0615
2.6328 0.5854 0.0603
2.4734 0.5239 0.0691
1.3012 -2.6025 0.0036
1.0598 -2.6829 0.0025
-3.3134 1.2942 0.0091
1.9286 -3.9535 0.0002
1.6844 -4.2290 0.0001
-0.9397 2.4176 0.0038
-1.1447 2.2280 0.0062
4.5254 -4.7429 0.0000
4.7920 -3.9207 0.0000
1.0731 1.0338 0.0290
1.0032 0.8316 0.0326
-1.2490 1.3331 0.0240
-1.2889 1.1246 0.0307
-1.4940 1.0620 0.0378
-1.3313 0.9185 0.0379
-1.5323 0.8575 0.0458
3.1019 -0.0102 0.0332
2.9568 -0.1266 0.0447
2.8175 -0.2307 0.0552
0.6253 -4.3980 0.0000
0.3502 -4.4696 0.0000
-0.4226 -2.9984 0.0007
-4.7507 -2.9477 0.0000
-3.7691 -0.7600 0.0023
-3.9882 -0.9452 0.0006
4.2614 0.5488 0.0001
4.0420 0.4177 0.0005
3.6958 3.2098 0.0002
3.4986 3.0107 0.0005
-3.2416 -1.9573 0.0053
-4.7294 1.1081 0.0000
3.8285 2.6320 0.0003
-4.2619 -2.6039 0.0000
2.1219 1.5605 0.0290
1.9620 1.4672 0.0314
2.2137 -0.7940 0.0636
2.0719 -0.9022 0.0580
2.1427 -1.0549 0.0519
1.9942 -1.1297 0.0469
1.8083 -1.1533 0.0423
-1.9123 0.5208 0.0692
-1.9013 0.3401 0.0736
-1.9840 0.2403 0.0778
-1.9998 0.0998 0.0799
-2.0681 0.3225 0.0781
-2.1640 0.2911 0.0800
-2.2488 0.2443 0.0809
-2.1038 0.1811 0.0811
-2.1195 0.0375 0.0824
-2.2139 0.1389 0.0824
-2.3362 0.1191 0.0815
-2.2502 0.0205 0.0829
-2.3418 -0.0242 0.0819
1.1001 -3.1319 0.0011
0.8305 -3.2154 0.0007
4.5083 2.1892 0.0000
4.2981 2.0252 0.0000
3.2502 2.8442 0.0012
3.0274 2.6834 0.0025
0.1079 -4.4671 0.0000
-1.1259 -4.7661 0.0000
-1.4280 -4.7503 0.0000
-1.2926 3.4460 0.0006
-1.5618 3.4108 0.0008
-1.0540 -0.5482 0.0400
-1.1243 -0.7741 0.0369
0.1287 -4.2003 0.0000
-4.2952 1.4323 0.0000
-4.3979 1.1494 0.0000
-4.5137 0.8988 0.0000
-3.7263 -4.3474 0.0000
-3.9901 -4.5084 0.0000
-4.2179 -4.7184 0.0000
-2.3739 4.4745 0.0000
-2.5496 4.2588 0.0001
0.3873 1.0288 0.0205
0.1425 1.0250 0.0196
-1.5102 -3.6207 0.0003
-1.5419 -3.9321 0.0001
-1.8395 -3.9576 0.0001
-1.8679 -2.4543 0.0062
-2.1119 -2.5451 0.0056
1.4145 -1.8886 0.0132
1.1736 -1.9053 0.0107
3.7750 -1.4925 0.0010
-2.3132 -2.2907 0.0092
-2.3715 -2.5409 0.0057
-2.4868 -2.7890 0.0034
-2.5915 -3.0401 0.0019
-3.7664 4.5052 0.0000
-4.0451 4.4906 0.0000
-2.7917 -1.9609 0.0122
-3.0214 -2.1446 0.0065
-3.2966 -2.2396 0.0030
-3.7851 3.2118 0.0000
-3.9972 3.0415 0.0000
-0.7379 -1.7530 0.0102
-0.8321 -1.9927 0.0075
-0.9673 -2.1692 0.0060
-1.1839 -2.3092 0.0054
-1.2315 -0.9357 0.0352
-1.3176 -1.1390 0.0311
-1.4366 -1.3095 0.0282
-1.6479 -1.2888 0.0332
-1.5814 -1.5077 0.0245
-1.7797 -1.4658 0.0290
-1.8710 -1.6476 0.0238
2.7352 -2.0725 0.0108
2.6319 -2.2826 0.0084
2.3538 -2.3456 0.0088
-0.4714 4.7223 0.0000
-2.2620 3.8782 0.0003
1.9428 -2.0699 0.0138
-4.0986 3.5973 0.0000
-4.2793 3.4322 0.0000
-2.6274 4.5309 0.0000
-2.8247 4.3602 0.0000
-4.2035 4.2217 0.0000
-4.3691 3.9922 0.0000
3.8901 2.3291 0.0003
3.6266 2.4733 0.0007
3.6627 2.1814 0.0010
4.1107 -3.7441 0.0000
3.9735 -3.9713 0.0000
3.6976 -4.0008 0.0000
4.5471 2.7973 0.0000
-2.6691 -2.5653 0.0048
-2.7817 -2.8153 0.0027
-3.0519 -2.9429 0.0015
-2.8709 -3.1039 0.0013
-3.0129 -3.3135 0.0007
3.1082 -2.4547 0.0029
3.0885 -2.6821 0.0019
2.8493 -2.6673 0.0031
-1.9350 -0.4685 0.0715
-1.9602 -0.5925 0.0682
-2.0105 -0.7250 0.0642
0.7026 -3.7626 0.0002
0.4948 -3.9145 0.0001
0.3894 -4.1833 0.0001
-2.1085 -0.5884 0.0710
2.3053 -3.5738 0.0006
2.5968 3.9921 0.0002
2.1457 3.8221 0.0003
4.7146 -2.6579 0.0000
4.4879 -2.8558 0.0000
4.7668 -2.9561 0.0000
4.5554 -3.1178 0.0000
-4.7268 3.9911 0.0000
3.9288 -2.2953 0.0001
3.8677 -2.5658 0.0001
-2.9737 -1.0311 0.0284
-3.1501 -1.2174 0.0165
-3.3352 -1.4366 0.0079
4.7051 -2.1338 0.0000
3.4225 2.0519 0.0028
3.1705 1.9357 0.0065
3.1221 1.6663 0.0106
1.5692 0.3736 0.0607
1.3957 0.3463 0.0546
1.2027 0.3666 0.0475
1.3066 0.1740 0.0533
1.1565 0.0552 0.0485
-2.4060 0.4925 0.0727
-2.5368 0.4355 0.0696
-2.6624 0.3417 0.0648
-2.6123 0.1906 0.0702
-2.7728 0.2225 0.0589
-0.6573 -3.1531 0.0005
-0.8961 -3.3151 0.0004
-1.1074 -3.5084 0.0003
-1.3583 -3.4111 0.0005
-1.2922 -3.7316 0.0002
-3.8875 -2.3470 0.0003
-3.2432 -3.1531 0.0007
-3.2658 -3.4487 0.0003
-3.4783 -3.6232 0.0001
-0.7699 4.7533 0.0000
-0.7473 4.5147 0.0000
-1.0545 4.7227 0.0000
-0.9838 4.4505 0.0000
-1.0973 4.1945 0.0001
-1.2444 3.9419 0.0002
3.7596 -1.0414 0.0017
3.4825 -1.0226 0.0064
2.1164 -3.3639 0.0010
-4.0584 0.4182 0.0004
-4.2373 0.1647 0.0001
-1.0312 -3.7994 0.0001
-1.2384 -4.0093 0.0001
-1.4378 -4.2264 0.0000
2.4667 -1.4086 0.0344
2.4074 -1.6318 0.0268
2.3241 -1.8597 0.0199
3.8609 3.9695 0.0000
3.8603 3.6946 0.0000
-1.4273 -2.7051 0.0029
-1.6681 -2.9107 0.0022
-3.9231 -4.7826 0.0000
-4.7738 3.7123 0.0000
-4.7613 -3.2595 0.0000
-4.5059 4.2185 0.0000
-4.5146 -1.0036 0.0000
-3.0499 -4.7054 0.0000
3.8787 1.7273 0.0006
0.9661 0.0500 0.0428
0.8085 -0.1053 0.0388
0.7517 0.0862 0.0377
0.6654 0.2755 0.0350
0.5326 0.1220 0.0339
0.5967 -0.0795 0.0349
0.3854 -0.0346 0.0323
0.9161 3.3371 0.0004
-3.3653 -1.7468 0.0050
1.6977 0.7059 0.0563
1.8225 0.6263 0.0629
1.6702 0.5320 0.0607
1.5461 0.7062 0.0513
1.4950 0.5313 0.0544
-1.5221 2.8726 0.0025
-1.6856 2.6968 0.0039
3.7015 0.8983 0.0030
3.4083 0.7971 0.0107
3.0749 1.1547 0.0208
3.2504 0.9907 0.0154
3.1016 0.8420 0.0252
2.9370 0.7335 0.0376
2.8127 0.5552 0.0501
1.3034 -3.3522 0.0008
1.2401 -3.6031 0.0004
3.2279 -0.1944 0.0235
3.4580 -0.5426 0.0097
2.2633 2.2282 0.0104
2.1727 1.9867 0.0156
2.0165 1.7545 0.0216
4.3432 2.9388 0.0000
4.0471 2.7951 0.0001
1.1871 0.7895 0.0380
0.9186 0.6347 0.0351
2.1629 2.6932 0.0043
1.8899 2.6211 0.0045
1.7837 2.3680 0.0070
1.5120 2.3221 0.0065
3.4960 -1.8665 0.0023
4.7557 2.0286 0.0000
4.7388 1.7127 0.0000
-1.3965 -2.8973 0.0019
-2.7145 0.0600 0.0644
-2.8031 -0.0970 0.0576
-2.8923 0.0765 0.0505
-3.0189 -0.0681 0.0400
-3.1707 -0.2071 0.0277
-3.3621 -0.2792 0.0154
-3.2774 -0.4738 0.0191
-3.5029 -0.5827 0.0084
1.1546 -4.1267 0.0001
1.1443 -4.4258 0.0000
-1.5055 -0.0796 0.0620
-1.6319 -0.1433 0.0668
-1.5812 -0.2739 0.0633
-1.7194 -0.3335 0.0677
-1.8566 -0.3563 0.0720
-3.1863 4.4807 0.0000
4.7529 -1.6550 0.0000
4.7554 -1.9170 0.0000
2.7690 2.7851 0.0029
2.5562 2.4390 0.0065
-2.8451 -3.7781 0.0003
-3.0649 -3.9365 0.0002
2.9142 -3.6791 0.0002
3.0188 -3.9784 0.0001
2.7966 -4.1550 0.0001
2.5226 -4.1266 0.0001
1.2657 -0.2384 0.0509
1.2362 -0.4336 0.0470
1.1180 -0.5602 0.0409
0.7364 -0.4983 0.0335
0.9155 -0.6522 0.0342
0.7208 -0.7519 0.0288
-4.1303 -1.6869 0.0002
-4.3711 -1.7709 0.0000
-4.5358 -1.9208 0.0000
-4.7504 -1.7400 0.0000
4.0451 1.2552 0.0004
3.9777 0.9738 0.0007
-2.7820 4.0908 0.0001
1.3303 -1.0940 0.0324
1.1356 -1.2407 0.0243
-2.5392 -1.0613 0.0466
-4.5427 3.8259 0.0000
-3.7746 -2.0423 0.0007
-3.9931 -2.1154 0.0002
-4.1953 -2.3261 0.0001
-4.4950 -3.9828 0.0000
-3.0833 0.4019 0.0323
-3.1051 0.1524 0.0327
-3.3461 0.2251 0.0162
-3.2542 -0.0126 0.0222
-3.4821 -0.0486 0.0102
-3.7691 -0.0884 0.0027
-0.1748 -0.3093 0.0296
-0.3925 -0.3366 0.0308
-0.5094 -0.5105 0.0301
-0.5637 -0.2315 0.0337
-0.6637 -0.4185 0.0335
-0.5578 -0.6985 0.0278
-0.9893 -0.2983 0.0420
-1.1304 -0.3905 0.0450
-1.2962 -0.4368 0.0496
-1.2310 -0.6006 0.0440
-3.5886 -1.5967 0.0027
-0.0761 -2.0950 0.0045
-0.3989 -2.1625 0.0044
-3.9933 -0.5702 0.0007
-4.1358 -0.7186 0.0003
1.7214 -3.7417 0.0004
1.6560 -3.9923 0.0002
-4.7764 0.7935 0.0000
-1.4016 -2.1597 0.0081
-1.6288 -2.0328 0.0116
0.6407 3.7540 0.0001
0.4106 3.5863 0.0002
0.1944 3.3986 0.0003
3.4528 -0.2885 0.0109
-2.0808 1.3450 0.0387
-2.2422 1.2164 0.0449
-2.1813 1.0475 0.0525
-2.3650 1.0615 0.0509
3.6237 -1.2755 0.0028
-0.2712 2.7650 0.0012
3.7190 -1.7368 0.0010
2.9636 2.9703 0.0016
2.1053 -2.7988 0.0037
2.1020 -3.0688 0.0020
-3.6894 0.9576 0.0027
-3.9546 0.9448 0.0006
4.5170 -3.4374 0.0000
-0.4580 -2.7170 0.0014
-0.6898 -2.8659 0.0011
-1.4305 -3.0887 0.0012
-1.5599 -3.2545 0.0009
-1.6970 -3.4517 0.0006
4.7551 -2.3937 0.0000
0.1611 0.5994 0.0263
0.0145 0.4118 0.0283
-0.1543 0.2507 0.0299
-2.8831 -1.6483 0.0169
-3.0115 -1.8587 0.0102
-0.1481 4.7661 0.0000
-0.3677 3.9152 0.0001
-0.6428 3.8471 0.0001
2.2546 -1.4636 0.0342
2.0515 -1.4649 0.0335
1.9357 -1.6471 0.0256
-4.4617 -2.1779 0.0000
-4.7396 -2.3428 0.0000
2.4231 3.1129 0.0017
2.3237 2.8598 0.0030
2.9407 -1.0174 0.0299
2.8454 -1.2087 0.0293
2.6764 -1.3343 0.0318
2.6341 -1.5647 0.0252
1.5604 -0.6264 0.0538
1.6212 -0.7922 0.0506
1.4392 -0.7501 0.0460
-2.5204 2.4839 0.0063
-2.5434 2.2120 0.0102
-2.7538 2.3716 0.0062
-2.8191 2.1095 0.0091
-1.6551 -2.6177 0.0040
-1.9048 -2.7571 0.0035
-4.7631 4.7696 0.0000
-3.7565 -3.1827 0.0001
-3.9824 -3.0564 0.0001
-4.0257 -3.3301 0.0000
0.6350 1.0590 0.0220
0.5382 0.8342 0.0253
3.2068 0.6558 0.0216
3.0025 0.5511 0.0366
-2.2579 -0.6124 0.0706
-2.3324 -0.7537 0.0643
4.4947 -2.3570 0.0000
4.4144 -2.5922 0.0000
4.0557 -4.7564 0.0000
-1.7315 -4.2131 0.0001
-2.0458 -4.1692 0.0001
2.7912 2.5375 0.0045
2.9592 2.1125 0.0076
2.7640 2.2769 0.0074
2.6994 2.0237 0.0121
-2.9953 2.2873 0.0050
-3.1727 2.1076 0.0045
-3.2815 1.9040 0.0046
-3.2705 2.3739 0.0021
-3.4563 2.1831 0.0016
-3.5429 1.9643 0.0016
-3.4365 1.7160 0.0036
-1.6898 0.9222 0.0483
0.0056 -1.5704 0.0104
-0.0619 -1.8361 0.0071
-0.3066 -1.9191 0.0065
0.2840 0.8121 0.0237
0.0350 0.8165 0.0229
1.6609 -2.0425 0.0125
1.5561 -2.3608 0.0068
-2.4972 3.6918 0.0004
-2.6365 3.4766 0.0006
-2.0204 -1.8190 0.0197
-1.8358 -1.9161 0.0157
4.5199 0.0428 0.0000
4.2838 -0.0513 0.0001
0.6515 -0.2802 0.0346
0.4170 -0.2389 0.0318
-1.3020 0.3801 0.0505
-1.3805 0.2368 0.0555
-1.4266 0.0754 0.0587
-1.4911 0.3677 0.0578
-1.5600 0.2015 0.0631
-1.5863 0.0478 0.0653
-1.7000 -0.0218 0.0701
-1.8048 -0.0904 0.0739
-1.7541 -0.2043 0.0710
-4.7646 4.2533 0.0000
-2.0528 2.3296 0.0091
-2.1045 2.0179 0.0157
-2.1308 -0.2137 0.0810
-2.1452 -0.3379 0.0788
-2.2644 -0.3316 0.0790
-2.3666 -0.3693 0.0767
-2.3557 -0.4972 0.0734
0.9539 1.2220 0.0224
0.8455 1.0278 0.0253
3.1576 3.4500 0.0004
3.0043 3.2483 0.0008
4.7392 -0.4620 0.0000
4.4891 -0.6172 0.0000
4.2352 -0.7960 0.0001
1.9821 2.1832 0.0107
1.8998 1.9588 0.0151
1.7556 1.8187 0.0175
-2.2596 4.1953 0.0001
-2.5094 3.9882 0.0002
4.7616 0.7824 0.0000
4.7754 0.4866 0.0000
4.6458 0.3013 0.0000
-4.2827 3.0893 0.0000
1.9025 3.1097 0.0016
1.9536 2.8514 0.0029
1.6819 2.9265 0.0021
1.6500 2.6287 0.0040
-1.7954 3.9364 0.0002
-1.7086 3.6534 0.0005
4.2795 -4.7367 0.0000
-2.2986 3.1051 0.0018
-2.3839 2.7141 0.0042
-2.6603 2.7238 0.0034
-3.4735 -2.0644 0.0023
-0.1986 -2.3146 0.0030
-2.5235 4.7689 0.0000
-2.7770 4.7452 0.0000
-4.0536 0.6714 0.0004
4.1421 3.0480 0.0000
3.9231 -2.7981 0.0000
-2.2405 -1.4143 0.0353
-2.3700 -1.6181 0.0267
-2.4932 -1.8299 0.0189
-4.2216 -1.1720 0.0001
-4.7587 -2.0522 0.0000
4.7655 4.2173 0.0000
4.5265 4.2372 0.0000
4.2895 4.2694 0.0000
4.5149 3.9960 0.0000
4.2596 4.0011 0.0000
4.0890 3.8032 0.0000
4.3708 3.7314 0.0000
4.1776 3.5370 0.0000
3.9382 3.4748 0.0000
3.9663 3.2603 0.0001
-3.9521 1.7398 0.0003
-4.0347 1.4903 0.0002
2.7937 3.7769 0.0003
2.5887 3.6227 0.0005
2.3056 3.5477 0.0006
0.4992 -0.4366 0.0309
0.5312 -0.6251 0.0286
0.2857 -0.4594 0.0287
0.3214 -0.6899 0.0258
