5.0000 5.0000 0.0000
0.0000 5.0000 0.0000
2.5000 5.0000 0.0000
3.7500 5.0000 0.0000
4.3750 5.0000 0.0000
4.6875 5.0000 0.0000
4.0625 5.0000 0.0000
3.1250 5.0000 0.0000
3.4375 5.0000 0.0000
2.8125 5.0000 0.0000
1.2500 5.0000 0.0000
1.8750 5.0000 0.0000
2.1875 5.0000 0.0000
1.5625 5.0000 0.0000
0.6250 5.0000 0.0000
0.9375 5.0000 0.0000
0.3125 5.0000 0.0000
-2.5000 5.0000 0.0000
-1.2500 5.0000 0.0000
-0.6250 5.0000 0.0000
-0.3125 5.0000 0.0000
-0.9375 5.0000 0.0000
-1.8750 5.0000 0.0000
-1.5625 5.0000 0.0000
-2.1875 5.0000 0.0000
-3.7500 5.0000 0.0000
-3.1250 5.0000 0.0000
-2.8125 5.0000 0.0000
-3.4375 5.0000 0.0000
-4.3750 5.0000 0.0000
-4.0625 5.0000 0.0000
-4.6875 5.0000 0.0000
5.0000 -5.0000 0.0000
5.0000 0.0000 0.0000
5.0000 -2.5000 0.0000
5.0000 -3.7500 0.0000
5.0000 -4.3750 0.0000
5.0000 -4.6875 0.0000
5.0000 -4.0625 0.0000
5.0000 -3.1250 0.0000
5.0000 -3.4375 0.0000
5.0000 -2.8125 0.0000
5.0000 -1.2500 0.0000
5.0000 -1.8750 0.0000
5.0000 -2.1875 0.0000
5.0000 -1.5625 0.0000
5.0000 -0.6250 0.0000
5.0000 -0.9375 0.0000
5.0000 -0.3125 0.0000
5.0000 2.5000 0.0000
5.0000 1.2500 0.0000
5.0000 0.6250 0.0000
5.0000 0.3125 0.0000
5.0000 0.9375 0.0000
5.0000 1.8750 0.0000
5.0000 1.5625 0.0000
5.0000 2.1875 0.0000
5.0000 3.7500 0.0000
5.0000 3.1250 0.0000
5.0000 2.8125 0.0000
5.0000 3.4375 0.0000
5.0000 4.3750 0.0000
5.0000 4.0625 0.0000
5.0000 4.6875 0.0000
-5.0000 -5.0000 0.0000
0.0000 -5.0000 0.0000
-2.5000 -5.0000 0.0000
-3.7500 -5.0000 0.0000
-4.3750 -5.0000 0.0000
-4.6875 -5.0000 0.0000
-4.0625 -5.0000 0.0000
-3.1250 -5.0000 0.0000
-3.4375 -5.0000 0.0000
-2.8125 -5.0000 0.0000
-1.2500 -5.0000 0.0000
-1.8750 -5.0000 0.0000
-2.1875 -5.0000 0.0000
-1.5625 -5.0000 0.0000
-0.6250 -5.0000 0.0000
-0.9375 -5.0000 0.0000
-0.3125 -5.0000 0.0000
2.5000 -5.0000 0.0000
1.2500 -5.0000 0.0000
0.6250 -5.0000 0.0000
0.3125 -5.0000 0.0000
0.9375 -5.0000 0.0000
1.8750 -5.0000 0.0000
1.5625 -5.0000 0.0000
2.1875 -5.0000 0.0000
3.7500 -5.0000 0.0000
3.1250 -5.0000 0.0000
2.8125 -5.0000 0.0000
3.4375 -5.0000 0.0000
4.3750 -5.0000 0.0000
4.0625 -5.0000 0.0000
4.6875 -5.0000 0.0000
-5.0000 5.0000 0.0000
-5.0000 0.0000 0.0000
-5.0000 2.5000 0.0000
-5.0000 3.7500 0.0000
-5.0000 4.3750 0.0000
-5.0000 4.6875 0.0000
-5.0000 4.0625 0.0000
-5.0000 3.1250 0.0000
-5.0000 3.4375 0.0000
-5.0000 2.8125 0.0000
-5.0000 1.2500 0.0000
-5.0000 1.8750 0.0000
-5.0000 2.1875 0.0000
-5.0000 1.5625 0.0000
-5.0000 0.6250 0.0000
-5.0000 0.9375 0.0000
-5.0000 0.3125 0.0000
-5.0000 -2.5000 0.0000
-5.0000 -1.2500 0.0000
-5.0000 -0.6250 0.0000
-5.0000 -0.3125 0.0000
-5.0000 -0.9375 0.0000
-5.0000 -1.8750 0.0000
-5.0000 -1.5625 0.0000
-5.0000 -2.1875 0.0000
-5.0000 -3.7500 0.0000
-5.0000 -3.1250 0.0000
-5.0000 -2.8125 0.0000
-5.0000 -3.4375 0.0000
-5.0000 -4.3750 0.0000
-5.0000 -4.0625 0.0000
-5.0000 -4.6875 0.0000
3.2575 0.2361 0.0216
3.2224 -0.0054 0.0243
3.1924 -0.2302 0.0257
3.0114 -0.1125 0.0402
3.0135 -0.3476 0.0382
2.8729 -0.4956 0.0468
2.8051 -0.3502 0.0545
-0.5334 4.2071 0.0001
-0.6782 4.0043 0.0001
3.3053 -1.7610 0.0053
3.0761 -1.6373 0.0116
-4.4996 0.0335 0.0000
-4.5039 -0.2486 0.0000
-1.0767 -4.2528 0.0000
0.5081 -1.0949 0.0198
0.5807 -1.2954 0.0164
0.3622 -1.3633 0.0141
-0.9670 0.3989 0.0399
-1.0430 0.2083 0.0442
-1.1592 0.0467 0.0487
-1.2913 -0.0869 0.0533
2.1372 0.7234 0.0658
1.9706 0.6125 0.0675
1.8840 0.4896 0.0692
1.7505 0.4268 0.0665
-3.4260 -4.5281 0.0000
-3.6100 -4.7503 0.0000
0.2966 -1.1566 0.0176
0.1355 -1.3923 0.0132
-0.0809 -1.4168 0.0129
-0.0967 -1.6346 0.0097
3.1002 -1.3622 0.0153
-2.5607 -0.0659 0.0738
-2.5814 -0.2074 0.0715
-2.7208 -0.2774 0.0619
-2.5631 -0.3403 0.0702
-2.7207 -0.4362 0.0590
-2.8976 -0.4240 0.0465
-2.8349 -0.6104 0.0473
4.2820 -1.8589 0.0000
4.2205 -2.1769 0.0000
4.0019 -2.3510 0.0001
-1.2173 -2.4737 0.0040
-1.4881 -2.5610 0.0041
-1.6659 -2.7088 0.0034
-1.3083 -2.7515 0.0024
-1.5225 -2.9058 0.0020
-1.8583 -2.9215 0.0024
-0.3126 -4.5642 0.0000
-0.5141 -4.4798 0.0000
-0.4883 -4.7645 0.0000
-2.1960 1.8126 0.0216
-3.8037 3.9239 0.0000
-4.0338 3.7784 0.0000
3.2988 3.6468 0.0002
-3.0332 -1.1989 0.0218
-3.1884 -1.3699 0.0128
-3.3886 -1.5445 0.0059
-3.1271 0.2868 0.0301
-3.4049 0.2261 0.0132
-3.4850 -0.0537 0.0101
-3.4530 -0.3386 0.0110
2.5211 -2.4726 0.0064
-3.0676 1.4194 0.0155
-3.2168 1.2252 0.0131
-4.1969 3.4193 0.0000
-0.4187 0.1619 0.0323
1.4946 -0.2017 0.0602
2.5882 -2.1996 0.0100
4.4648 3.9536 0.0000
4.2523 3.5563 0.0000
-1.4322 -0.1745 0.0583
-1.5965 -0.4360 0.0607
-3.5816 -3.9973 0.0000
2.2891 1.1627 0.0462
2.0912 1.0778 0.0497
-1.6308 4.2480 0.0001
-1.7332 4.0014 0.0002
-1.9206 4.2298 0.0001
-1.4946 3.8757 0.0002
-1.3952 3.6030 0.0004
-1.6414 3.6631 0.0004
-1.5295 3.3825 0.0008
3.1009 4.5106 0.0000
2.9106 4.3013 0.0001
2.7033 4.1518 0.0001
0.9449 -0.6974 0.0339
0.7756 -0.8132 0.0284
0.5725 -0.8797 0.0245
-1.8105 3.4872 0.0007
0.1512 -4.7462 0.0000
-2.6839 -1.4932 0.0262
-2.6063 -1.7267 0.0205
-2.8582 -1.6945 0.0165
-1.3432 2.6115 0.0036
-1.6077 2.5230 0.0052
-3.2760 4.2790 0.0000
-0.1534 1.4308 0.0125
-0.6477 0.0900 0.0357
-1.0029 -0.0339 0.0439
-4.5438 2.3213 0.0000
-4.7760 2.3217 0.0000
-4.7327 2.0415 0.0000
-3.7364 -1.1837 0.0021
-3.9805 -1.3102 0.0005
1.9756 -1.4050 0.0351
1.9565 -1.6446 0.0260
1.7241 -1.6832 0.0220
2.7689 -2.9109 0.0020
0.9882 -1.1610 0.0238
-1.8928 -2.1201 0.0115
-1.9458 -2.3313 0.0081
-1.3465 -3.9435 0.0001
-1.3562 -4.2373 0.0000
-1.2561 -4.5017 0.0000
4.3951 -3.5458 0.0000
0.3559 1.5597 0.0114
0.1729 1.4013 0.0133
-0.0126 1.2696 0.0152
-0.1037 1.0689 0.0187
-0.2000 2.7207 0.0013
-0.5721 -4.0074 0.0000
-0.3190 1.2278 0.0163
4.7638 -0.7915 0.0000
1.2074 -4.5566 0.0000
0.8373 2.5547 0.0026
0.5372 2.5055 0.0023
0.2211 -4.0266 0.0001
0.1157 -4.3461 0.0000
1.0278 4.0594 0.0000
0.9001 3.8574 0.0001
0.7622 3.6544 0.0001
0.5418 3.7675 0.0001
0.5418 3.4831 0.0002
0.3551 3.2360 0.0004
1.3095 -4.1018 0.0001
1.5761 -4.2133 0.0001
1.3701 -4.3829 0.0001
-2.0718 0.8662 0.0597
-2.1649 0.7283 0.0663
-2.3136 0.6817 0.0678
-2.2173 0.5800 0.0721
-2.3351 0.5242 0.0731
-2.0773 0.5936 0.0705
-2.1596 0.4655 0.0756
-2.2601 0.4175 0.0770
-2.3361 0.3607 0.0776
3.9642 1.4875 0.0005
3.6939 1.4097 0.0021
3.5074 1.2596 0.0053
-2.7324 0.3898 0.0593
-2.9198 0.2657 0.0468
-3.0050 0.0925 0.0409
-3.2277 0.0516 0.0239
-3.2542 -0.1905 0.0220
-3.2044 -0.4385 0.0238
-0.0158 0.6526 0.0253
-0.1178 0.4425 0.0281
-3.1324 -2.4272 0.0032
1.3457 0.0063 0.0555
1.3306 -0.1490 0.0543
1.1695 -0.1174 0.0488
1.1658 -0.2946 0.0470
1.7929 2.1092 0.0112
-1.9009 -4.0361 0.0001
-2.2941 -4.2878 0.0001
3.0534 -3.6212 0.0002
2.4967 -3.6947 0.0004
2.2878 -3.9865 0.0002
1.7027 -4.7848 0.0000
-2.0316 2.2512 0.0104
-2.6620 -3.5567 0.0006
-2.9004 -3.7568 0.0003
-3.1480 -3.6592 0.0003
4.2807 0.4973 0.0001
-0.1924 3.7846 0.0001
2.1524 4.1246 0.0001
1.8699 4.1313 0.0001
1.7485 3.8901 0.0002
1.1770 0.9556 0.0334
1.0888 0.7972 0.0354
0.9222 0.6856 0.0342
0.7036 0.6598 0.0305
-2.1271 -2.7867 0.0035
-2.0480 -1.0863 0.0489
-2.2539 -1.0191 0.0531
-2.2426 -1.2004 0.0447
-0.6350 4.4778 0.0000
3.5761 -2.8825 0.0002
3.5129 -3.1092 0.0002
3.5465 -3.4139 0.0001
3.2922 -3.2612 0.0003
3.2991 -3.5282 0.0001
3.5983 2.9063 0.0004
1.9423 1.6241 0.0254
1.7964 1.4103 0.0313
1.6024 1.3394 0.0305
-3.2811 0.4624 0.0186
-3.5072 0.4704 0.0083
-3.7342 0.4702 0.0029
-1.5484 4.5324 0.0000
-1.8264 4.4805 0.0000
-0.7019 -4.5289 0.0000
-0.7906 -4.7596 0.0000
-0.9703 -4.5126 0.0000
-1.1032 -4.7579 0.0000
-0.6721 -0.5351 0.0321
-0.8696 -0.6722 0.0334
-1.0617 -0.8197 0.0343
-4.4335 2.0735 0.0000
-4.5450 1.8146 0.0000
-0.4725 -3.5425 0.0002
4.7455 1.3737 0.0000
2.8766 -0.6737 0.0426
2.7030 -0.5716 0.0568
2.7251 -0.7708 0.0495
2.7082 -0.9384 0.0448
2.5581 -0.6950 0.0605
2.5409 -0.8577 0.0551
-3.8832 2.5818 0.0001
3.7952 -1.8278 0.0006
3.5238 -1.9110 0.0019
4.4436 -2.9237 0.0000
3.4326 -0.8959 0.0086
3.2808 -2.0463 0.0037
3.0548 -1.9152 0.0082
-2.6987 -4.2545 0.0001
-2.7941 -4.4803 0.0000
-2.5056 -4.5295 0.0000
-2.7947 -4.7038 0.0000
1.7956 2.5607 0.0049
0.2076 2.5110 0.0020
-0.0716 2.4453 0.0023
-1.1583 -1.6602 0.0150
-1.3700 -1.7580 0.0151
-1.1611 -1.9277 0.0101
-1.4074 -2.0195 0.0103
-0.8813 2.3489 0.0041
4.3226 -0.4813 0.0001
3.6882 3.2591 0.0002
-3.5054 2.1726 0.0013
-3.6195 1.9507 0.0012
-3.7322 1.7271 0.0009
-2.0210 -4.2817 0.0001
-2.0215 -4.7566 0.0000
2.1346 2.2028 0.0107
-2.2253 2.3924 0.0082
-1.3464 -3.5777 0.0003
-1.5104 -3.7489 0.0002
-1.6992 -3.8985 0.0002
-1.5654 -4.0949 0.0001
-1.7319 -4.2595 0.0000
2.2621 0.9944 0.0541
2.2012 0.8530 0.0606
2.0664 0.9158 0.0568
2.0030 0.7616 0.0624
-1.8910 -2.6136 0.0046
-0.4526 3.8879 0.0001
-0.4489 3.6059 0.0002
3.0373 0.1073 0.0382
2.8521 0.0093 0.0537
2.8228 -0.1655 0.0554
2.8591 0.1834 0.0525
2.7086 0.1773 0.0639
2.7032 0.0226 0.0651
2.6490 -0.1116 0.0684
2.5712 0.1065 0.0730
2.5371 -0.0150 0.0751
2.4915 -0.1360 0.0766
2.6783 -0.2536 0.0650
2.5497 -0.2601 0.0724
2.4097 -0.2434 0.0781
2.3367 -0.3491 0.0777
0.3465 3.9923 0.0001
0.0400 4.0007 0.0001
-0.6106 2.2976 0.0037
-0.5357 2.0200 0.0057
1.7526 -3.1630 0.0015
-4.2165 -2.5329 0.0000
-4.4081 -2.7054 0.0000
-4.3413 -2.9706 0.0000
-4.6062 -2.8380 0.0000
-2.8774 -2.3682 0.0055
-2.8946 -2.6339 0.0033
3.1412 2.5177 0.0027
2.9052 2.4438 0.0047
2.7002 2.2603 0.0081
1.7881 -2.8808 0.0028
-2.2650 0.8608 0.0608
-2.4800 0.9208 0.0546
-2.4017 0.7912 0.0620
-2.5682 0.7728 0.0574
-2.6649 0.6598 0.0566
-2.4725 0.6231 0.0664
-2.5962 0.4972 0.0650
-2.7923 0.5592 0.0514
-2.9073 0.4264 0.0456
0.2073 1.1255 0.0180
0.0771 0.8878 0.0218
-0.1693 0.8274 0.0229
0.0080 1.8970 0.0063
0.5444 0.8763 0.0245
-4.7701 1.2160 0.0000
-4.7218 0.9934 0.0000
-4.7885 -2.9865 0.0000
-3.3278 2.7211 0.0009
-3.6021 2.6268 0.0004
0.7321 -3.6654 0.0002
4.2510 1.0157 0.0001
4.1951 0.7359 0.0002
2.8065 -2.3605 0.0059
2.7900 -2.6289 0.0036
-3.9738 0.3469 0.0008
-3.9749 0.0706 0.0008
-2.4132 1.6644 0.0256
-2.6680 1.5919 0.0236
0.5955 -1.7749 0.0087
0.5356 -2.0556 0.0054
0.2235 -2.0942 0.0045
-1.9717 0.3232 0.0759
-2.0911 0.2265 0.0802
-2.1052 0.3530 0.0779
-2.2087 0.3100 0.0797
-2.2446 0.2373 0.0810
-2.1809 0.1414 0.0821
-2.3305 0.1849 0.0808
-2.3986 0.0828 0.0802
-2.1622 0.0020 0.0827
-2.2030 -0.1225 0.0823
-2.2761 0.0732 0.0825
-2.2994 -0.0438 0.0823
-2.4193 -0.0448 0.0797
-2.3246 -0.1812 0.0808
-2.4574 -0.1729 0.0775
-3.0307 4.1784 0.0000
-1.6524 0.4974 0.0609
-1.7287 0.3640 0.0670
-1.8419 0.2662 0.0730
-2.0596 0.0874 0.0811
4.5419 -0.5546 0.0000
4.5242 -0.7891 0.0000
4.2761 -0.7697 0.0001
-3.3329 -1.8054 0.0051
2.5620 -1.0471 0.0468
2.3240 -1.1375 0.0480
0.0734 2.7312 0.0012
-3.5997 -1.7108 0.0023
-3.6185 -1.9552 0.0016
-3.8443 -1.9077 0.0006
-4.0310 -2.0845 0.0002
-4.4841 4.2729 0.0000
-4.3224 3.9836 0.0000
3.9245 -3.7734 0.0000
3.7971 -4.0285 0.0000
-0.7957 2.0910 0.0060
-0.7333 1.8180 0.0088
3.7531 2.0379 0.0008
-1.3612 4.3383 0.0001
-1.3991 4.0885 0.0001
2.8303 -4.5120 0.0000
2.6530 -4.7502 0.0000
2.7725 -3.5830 0.0004
2.7540 -3.8363 0.0002
0.4735 -3.9157 0.0001
0.5740 -4.1571 0.0001
-2.6491 -2.7790 0.0032
-2.1795 2.0743 0.0144
-2.6480 -2.2063 0.0093
-2.6342 -2.5081 0.0054
4.2287 1.9576 0.0001
1.3224 -0.6556 0.0449
-0.2738 1.9519 0.0059
-0.4787 1.7450 0.0087
1.8413 -0.5316 0.0666
1.7029 -0.6188 0.0592
-2.5221 4.3577 0.0000
-2.3189 4.1302 0.0001
-2.5724 4.0646 0.0001
-4.4541 1.5641 0.0000
-4.7285 1.4790 0.0000
-2.3141 1.4321 0.0352
-2.5203 1.4424 0.0321
-2.6309 1.2748 0.0355
2.0943 -4.4561 0.0000
1.8288 -4.3348 0.0001
0.4042 -0.2909 0.0313
0.4691 -0.4780 0.0301
0.2608 -0.5302 0.0277
0.4267 -0.7050 0.0264
0.1852 -0.7442 0.0243
0.3216 -0.9319 0.0217
0.0766 -0.9554 0.0206
2.0334 3.8322 0.0002
-0.3564 -3.8057 0.0001
-3.1451 -3.2008 0.0007
-3.1960 -3.3899 0.0004
-3.4020 -3.5314 0.0002
-3.5474 -3.7445 0.0001
-3.3182 3.7531 0.0001
-3.0631 3.6313 0.0002
-3.4058 3.5276 0.0001
-2.1037 -0.5807 0.0710
-2.0946 -0.7321 0.0651
-2.2304 -0.7017 0.0671
-2.2633 -0.8448 0.0609
-2.4183 -0.9152 0.0558
-2.4495 -1.1129 0.0466
0.2915 3.7344 0.0001
0.2888 3.4927 0.0002
1.3617 4.7479 0.0000
-0.2815 -4.0578 0.0000
-0.5081 -4.2516 0.0000
1.3619 -0.8622 0.0403
1.1821 -1.0116 0.0313
0.1583 -1.6208 0.0097
3.6429 2.5786 0.0006
3.4278 2.4095 0.0016
3.0332 -2.2073 0.0053
2.8186 -2.0628 0.0098
-3.2686 3.0163 0.0006
-3.5202 2.9229 0.0003
3.1736 -0.8852 0.0198
3.0633 -1.0954 0.0218
2.8957 -1.2680 0.0255
0.2217 -3.1061 0.0006
-0.0645 -3.0521 0.0006
4.1606 -2.5395 0.0000
3.9065 -2.6510 0.0001
3.8399 -2.9558 0.0000
4.7619 2.3484 0.0000
4.5593 2.1814 0.0000
0.1214 0.4550 0.0279
0.0169 0.2344 0.0297
-0.2093 0.2488 0.0302
3.4645 3.1401 0.0004
3.3047 2.9511 0.0009
-1.3629 0.3566 0.0529
-1.4434 0.2068 0.0581
-1.5636 0.1364 0.0637
-4.7199 -3.8809 0.0000
-4.7648 -4.1467 0.0000
-3.4234 2.4336 0.0011
-0.0135 -4.1471 0.0000
-0.2217 -4.3249 0.0000
2.0534 3.4832 0.0007
1.8304 3.3127 0.0009
-4.4447 3.1684 0.0000
2.3402 2.1292 0.0122
-4.4730 -3.7316 0.0000
-4.3201 -3.9345 0.0000
-4.5195 -4.0961 0.0000
1.9685 -0.2941 0.0763
1.8442 -0.3753 0.0708
3.7200 -2.0890 0.0006
3.5100 -2.2161 0.0012
3.2593 -2.3200 0.0025
1.3185 -1.4846 0.0212
1.0993 -1.6016 0.0154
-0.2037 0.0765 0.0309
-0.2615 -0.0700 0.0312
-0.4492 -0.0555 0.0330
4.7830 -3.2610 0.0000
4.6066 -3.4368 0.0000
-0.8542 -0.8964 0.0284
-0.8960 -1.0722 0.0250
3.2816 -4.7468 0.0000
2.9723 -4.7544 0.0000
4.2079 -4.7591 0.0000
-3.4045 -0.8430 0.0105
-3.5332 -1.0765 0.0055
-1.0600 3.0728 0.0011
-3.0466 -0.5735 0.0331
-3.1745 -0.7596 0.0222
2.5558 -4.4944 0.0000
2.3112 -4.5334 0.0000
2.2627 -3.4771 0.0008
-1.7386 4.7478 0.0000
4.7571 -4.2121 0.0000
0.7530 -3.9294 0.0001
0.0794 3.2398 0.0004
-0.1950 3.2296 0.0004
2.0028 -3.3227 0.0011
1.7419 -3.4610 0.0007
-4.7708 1.7350 0.0000
0.9926 -3.7366 0.0002
-1.7366 1.3528 0.0332
-1.9030 1.2694 0.0395
-1.8479 1.0867 0.0460
-2.0098 1.0330 0.0515
-2.1745 1.0065 0.0544
-4.7783 -4.7981 0.0000
0.8036 4.2428 0.0000
0.6757 3.9987 0.0001
0.5031 4.2425 0.0000
-4.5057 -2.4651 0.0000
-4.7501 -2.6374 0.0000
-1.5293 3.0967 0.0015
-3.8731 -0.6972 0.0014
-4.1249 -0.8239 0.0003
-4.2249 -1.0673 0.0001
4.0605 -0.5631 0.0004
3.8020 -0.5712 0.0019
3.7128 -0.8427 0.0026
3.6021 4.7616 0.0000
3.3037 2.0418 0.0040
3.5499 1.8783 0.0023
3.2963 1.7562 0.0061
3.0712 1.9273 0.0082
3.0827 1.6199 0.0123
3.5136 1.5924 0.0037
3.3090 1.4513 0.0085
3.0647 1.3580 0.0174
3.4532 0.9637 0.0082
3.2041 0.9145 0.0186
3.1076 0.6938 0.0272
2.8699 0.6795 0.0433
1.5831 -1.4215 0.0278
-0.0263 -4.5291 0.0000
-0.1582 -4.7768 0.0000
-3.6627 -1.4244 0.0024
-3.8688 -1.6173 0.0008
-4.1472 -1.5430 0.0002
-1.6020 -1.8323 0.0157
-1.6562 -2.1125 0.0104
0.0173 -3.3048 0.0003
-0.5907 2.5362 0.0023
3.1764 4.2260 0.0001
3.2351 3.9447 0.0001
2.9525 4.0208 0.0001
2.8022 3.5786 0.0005
2.3856 -0.8039 0.0617
2.4021 -0.9898 0.0535
2.2561 -0.9218 0.0582
2.1514 -1.0657 0.0516
2.1582 -1.2691 0.0425
1.4334 -1.2787 0.0292
1.2188 -1.2433 0.0258
4.5191 1.9128 0.0000
-2.7031 2.6104 0.0042
0.2509 2.0308 0.0053
0.2559 1.7621 0.0083
0.0467 1.6028 0.0100
2.6098 3.3686 0.0009
2.8799 3.2724 0.0009
3.9948 -0.8229 0.0005
3.9062 -1.0791 0.0007
-1.1939 -2.1952 0.0067
-1.4459 -2.2926 0.0066
4.7736 4.7744 0.0000
4.4982 4.7368 0.0000
4.2010 4.7321 0.0000
1.0511 -1.3985 0.0192
-2.9493 -2.9187 0.0018
3.4246 -0.1693 0.0124
1.5368 2.5622 0.0042
1.3193 2.4134 0.0049
1.0769 2.4686 0.0037
0.9634 2.2445 0.0052
4.7628 -0.1005 0.0000
-2.7784 -0.8923 0.0428
-2.8618 -1.0474 0.0337
-3.3071 0.9577 0.0127
2.8359 -1.7808 0.0148
2.6131 -1.9150 0.0157
-0.0500 -3.8518 0.0001
0.5478 -2.5811 0.0021
0.4147 -2.8498 0.0011
0.7474 2.0427 0.0066
0.5007 1.8849 0.0075
4.0914 -4.0353 0.0000
3.9122 -4.2768 0.0000
2.1751 -1.7125 0.0249
2.1985 -1.9442 0.0177
1.9695 -1.8836 0.0186
1.7972 -2.0940 0.0124
1.0862 3.3061 0.0005
0.8287 3.3941 0.0003
0.6294 3.2104 0.0004
4.1118 -3.5304 0.0000
3.9694 0.9520 0.0007
3.9318 0.6646 0.0010
-0.6989 3.7241 0.0002
-0.9525 3.6275 0.0003
-0.9807 3.3377 0.0006
-4.7778 4.7722 0.0000
-4.6979 4.5030 0.0000
-4.7724 4.2207 0.0000
-2.1917 -4.5194 0.0000
-2.3247 -4.7614 0.0000
-2.6083 -4.7759 0.0000
2.1519 1.7332 0.0229
-3.6565 -2.1775 0.0010
-3.8621 -2.2317 0.0004
-3.9940 -2.4089 0.0002
-3.8982 -2.6284 0.0002
-4.1172 -2.7813 0.0001
2.6447 -0.4117 0.0643
2.4827 -0.3819 0.0730
2.5290 -0.5341 0.0670
2.3805 -0.4913 0.0731
2.2640 -0.5854 0.0717
2.3997 -0.6507 0.0674
2.2244 -0.7445 0.0658
0.7827 1.7735 0.0102
0.8515 1.5266 0.0147
0.5577 1.6596 0.0107
0.6370 1.4704 0.0142
0.4201 1.3214 0.0155
2.6171 2.5363 0.0052
2.4469 2.3382 0.0082
-4.2534 -0.3565 0.0001
-1.5545 0.3383 0.0606
-1.6627 0.2295 0.0667
-1.7682 0.1526 0.0718
-1.6623 0.0318 0.0683
-1.8052 0.0151 0.0739
-1.9621 0.1846 0.0779
-1.8974 0.0949 0.0768
-1.9752 0.0038 0.0794
-1.8894 -0.0793 0.0767
-1.9710 -0.1657 0.0784
-2.0629 -0.0714 0.0812
4.5078 0.0172 0.0000
4.4623 -0.2669 0.0000
3.0824 2.7838 0.0019
2.8396 2.6920 0.0032
0.3513 -0.1056 0.0318
0.1325 -0.1575 0.0302
0.2226 -0.3426 0.0295
0.0275 -0.3692 0.0286
-0.1797 -0.4627 0.0280
-0.2590 -0.6777 0.0255
0.0605 3.7371 0.0001
-0.2336 -1.8629 0.0070
1.4995 -3.3293 0.0009
-4.0324 2.8422 0.0000
-4.1693 2.5898 0.0000
0.2732 -2.5836 0.0018
-3.8900 4.7500 0.0000
-3.7639 4.4877 0.0000
-4.0518 4.5022 0.0000
-2.0429 -1.4975 0.0310
-3.2608 -1.0731 0.0140
-3.4312 -1.2885 0.0067
-0.2121 -2.3202 0.0030
-3.6891 -3.4925 0.0001
-3.8233 -3.8342 0.0000
-1.0770 2.1409 0.0068
-0.9868 1.9161 0.0091
-1.2028 1.8245 0.0123
-1.3531 1.6338 0.0180
-2.1019 -0.1876 0.0808
-2.1962 -0.2590 0.0804
-2.2897 -0.3244 0.0788
-2.3138 -0.4408 0.0755
-2.3810 -0.5711 0.0703
-2.4211 -0.2981 0.0767
-2.4378 -0.4347 0.0730
-2.5585 -0.4888 0.0669
-2.5110 -0.6293 0.0644
-2.6605 -0.6016 0.0584
-2.7047 -0.7497 0.0514
-3.2453 -4.3177 0.0000
-2.7640 1.1176 0.0360
-2.8822 0.9520 0.0350
0.7543 -1.0777 0.0224
0.8258 -1.3559 0.0173
4.4724 2.4602 0.0000
-1.4105 -4.7453 0.0000
1.2154 2.1637 0.0071
1.0089 1.9675 0.0086
-3.7175 0.7318 0.0027
-3.9698 0.6426 0.0007
4.7521 0.1805 0.0000
-2.4476 -3.2766 0.0012
0.8646 3.1060 0.0007
0.8201 2.8913 0.0012
0.6586 2.7327 0.0015
-4.5914 4.0344 0.0000
-4.7869 3.8929 0.0000
2.4389 4.1430 0.0001
2.3585 3.8921 0.0002
2.2499 3.6474 0.0005
2.3419 3.3795 0.0009
-3.0775 -1.8979 0.0085
-3.1497 -2.1532 0.0049
-4.2012 4.7541 0.0000
-4.5055 4.7495 0.0000
-4.3604 4.5129 0.0000
-3.2261 2.2223 0.0032
1.0323 -4.0154 0.0001
0.8270 -4.2312 0.0001
3.3753 2.6897 0.0012
0.6571 -0.4066 0.0335
0.6539 -0.6364 0.0300
-0.0848 -2.0943 0.0045
-0.9410 -2.0238 0.0075
-4.7664 -2.0263 0.0000
-0.1693 4.5592 0.0000
-0.3455 4.4052 0.0000
-2.6743 -3.0352 0.0018
-2.9223 -3.1826 0.0011
-4.7817 2.8018 0.0000
-4.5258 3.7635 0.0000
-4.7546 3.5987 0.0000
0.0336 -0.5672 0.0264
-0.0687 -0.7504 0.0238
-0.1623 -0.9544 0.0207
-0.3723 -1.1074 0.0189
-2.0491 3.9944 0.0002
-2.2742 3.5707 0.0006
-0.7558 4.7551 0.0000
-4.1518 1.5629 0.0001
-4.5186 1.2780 0.0000
3.7222 -2.3965 0.0003
3.6453 -2.6635 0.0003
3.4325 -2.5063 0.0010
3.3278 -2.7428 0.0009
-2.9875 -4.2476 0.0001
-3.0869 -4.5331 0.0000
-3.2881 -4.7552 0.0000
4.3203 2.1866 0.0000
4.1584 2.3810 0.0001
-4.0958 -1.8035 0.0002
-4.2977 -1.9883 0.0000
-4.2399 -2.2665 0.0000
-4.5163 -2.1741 0.0000
-4.7531 0.4536 0.0000
-1.6664 -3.1564 0.0012
-1.8411 -3.3941 0.0008
-1.9559 -3.1882 0.0014
-2.1917 -3.3089 0.0011
-2.0772 -3.5417 0.0006
-1.5542 -4.4696 0.0000
0.3803 2.3409 0.0031
0.1449 2.2402 0.0035
1.2694 -3.3116 0.0008
1.2001 -3.5362 0.0005
-1.8257 -1.0454 0.0467
-2.0466 -1.2891 0.0397
1.9678 -1.0089 0.0518
1.9777 -1.1950 0.0439
1.7810 -1.2920 0.0363
1.7763 -1.5038 0.0285
0.0777 -2.3377 0.0028
-4.7286 0.7393 0.0000
4.2361 2.6444 0.0000
-1.0860 -4.0051 0.0001
-0.8206 -4.0304 0.0000
-0.7870 -4.2740 0.0000
-3.8510 -2.9295 0.0001
-1.9657 1.9308 0.0173
-1.9819 1.6911 0.0246
-2.1728 1.5792 0.0297
4.4927 0.3055 0.0000
4.2170 0.1787 0.0002
1.5173 -1.6458 0.0201
1.7462 -1.8671 0.0172
1.5250 0.2595 0.0610
1.4872 0.1108 0.0609
1.5010 -0.0470 0.0616
-2.0608 4.5399 0.0000
-2.1590 4.3076 0.0001
0.9674 0.1765 0.0425
1.0009 -0.0073 0.0439
0.8136 0.0505 0.0391
0.5693 -0.0321 0.0346
0.7699 -0.1274 0.0379
0.5855 -0.2313 0.0340
4.3798 1.7068 0.0000
3.6037 4.5342 0.0000
3.3791 4.4468 0.0000
4.5043 3.1061 0.0000
-3.4691 1.2146 0.0057
-3.7506 1.2170 0.0016
-3.6014 0.9727 0.0040
-0.1611 -2.8063 0.0010
-0.4022 -2.8412 0.0010
-3.3097 4.5488 0.0000
-3.2499 4.7723 0.0000
-3.5689 4.7198 0.0000
1.5210 -2.8188 0.0028
1.5034 -3.0612 0.0016
0.0887 -1.1681 0.0170
-0.1256 -1.1829 0.0168
-0.3080 -1.3689 0.0142
-0.3458 -1.5996 0.0108
4.5363 -2.3491 0.0000
4.3323 -2.4035 0.0000
4.5127 -2.6324 0.0000
-2.8124 -1.9274 0.0125
-2.9042 -2.1334 0.0079
0.1524 4.7485 0.0000
4.1394 4.4695 0.0000
4.5167 0.5912 0.0000
-1.7807 3.2322 0.0013
-1.7792 2.9596 0.0024
-2.3935 -2.8161 0.0033
0.0443 3.4890 0.0002
-0.1931 3.5011 0.0002
0.6540 -2.3036 0.0038
0.3813 -2.3230 0.0031
-2.9521 2.2715 0.0055
4.5565 1.5570 0.0000
4.4534 1.3035 0.0000
-0.5042 -3.2991 0.0003
-0.3093 -3.0905 0.0005
-0.2295 -3.3398 0.0003
-0.0814 4.2711 0.0000
-0.2746 4.0847 0.0001
-2.3101 3.2821 0.0012
-2.5087 3.0712 0.0018
2.3754 1.6535 0.0254
2.2870 1.3697 0.0370
3.6126 -3.8952 0.0000
3.6875 4.3013 0.0000
3.4515 4.1690 0.0000
4.7740 -0.5055 0.0000
1.6608 2.3253 0.0071
1.4624 2.2214 0.0076
-4.7591 -2.3341 0.0000
4.7573 0.4730 0.0000
4.2551 1.4772 0.0001
4.1563 1.2344 0.0002
-0.6930 -2.7595 0.0015
-0.8696 -2.9694 0.0010
-1.1478 -2.9491 0.0013
-1.3539 -3.1055 0.0011
-3.9216 0.9542 0.0007
-4.2179 1.0555 0.0001
-4.2009 0.7927 0.0001
-4.4510 0.8032 0.0000
1.0996 -4.2933 0.0001
4.7719 -1.6077 0.0000
1.5146 -0.7236 0.0493
-3.6925 -0.3378 0.0039
-3.9021 -0.4422 0.0013
-4.1328 -0.5520 0.0003
-4.3487 -0.7129 0.0001
-4.4783 -0.9138 0.0000
-4.7148 -0.7488 0.0000
-4.5094 -1.2001 0.0000
-4.7503 -1.0615 0.0000
-3.3572 4.0676 0.0000
-3.5244 3.8717 0.0000
0.3418 4.5007 0.0000
4.3738 -4.5217 0.0000
4.5127 -4.7544 0.0000
-2.7480 3.1162 0.0013
-3.0104 3.0820 0.0009
-2.7858 2.8594 0.0022
-3.0482 2.7825 0.0017
-3.1593 2.4964 0.0023
-3.0707 1.9904 0.0070
-3.3277 1.9508 0.0037
-3.8948 1.4954 0.0005
-4.0163 1.2505 0.0003
3.5952 -4.2392 0.0000
0.5315 2.9761 0.0008
0.3712 2.7222 0.0013
3.8895 1.2222 0.0009
3.6943 1.0749 0.0028
1.6448 0.7259 0.0540
1.7644 0.5912 0.0624
1.6079 0.5550 0.0580
1.4542 0.4689 0.0545
1.4580 0.6711 0.0495
4.2745 -2.7328 0.0000
4.0772 -2.8601 0.0000
1.8615 -4.6068 0.0000
1.5339 -1.8929 0.0144
1.3154 -2.0079 0.0102
1.0909 -2.0803 0.0076
-0.9005 -0.4595 0.0377
-1.0760 -0.5924 0.0397
-1.2613 -0.6929 0.0427
-1.4562 -0.7678 0.0465
-0.5963 -3.0339 0.0007
-0.9386 2.8551 0.0016
-1.1481 2.7621 0.0023
4.7472 3.2418 0.0000
4.7328 2.9429 0.0000
1.8003 3.6093 0.0004
1.5688 3.4075 0.0006
-3.3052 -3.8320 0.0001
-3.0727 -3.9869 0.0001
-3.3251 -4.0821 0.0001
-3.5356 -4.2746 0.0000
-2.3764 -2.5866 0.0052
-4.2594 3.6950 0.0000
-4.4800 3.4741 0.0000
2.2198 2.4198 0.0073
-4.1969 4.2632 0.0000
-2.2365 -1.4100 0.0354
-2.4162 -1.3305 0.0377
-2.4462 -1.5472 0.0286
2.2287 1.9319 0.0171
2.0167 2.0290 0.0141
1.9486 1.8359 0.0187
1.7437 1.8604 0.0164
1.7306 1.6177 0.0232
1.3576 2.9360 0.0016
1.2907 2.6922 0.0027
1.0318 2.7609 0.0019
3.2996 -0.4326 0.0177
3.2906 -0.6779 0.0162
3.0739 -0.6043 0.0302
2.9401 -0.8585 0.0339
1.0678 4.7633 0.0000
1.2016 4.5201 0.0000
1.0904 4.3089 0.0000
0.9103 4.5189 0.0000
-1.9981 0.7295 0.0640
3.2077 2.2638 0.0036
2.9879 2.1936 0.0063
2.8092 2.0073 0.0110
2.8686 1.7510 0.0150
2.6435 1.8144 0.0175
2.4247 1.8501 0.0188
-2.6134 4.7121 0.0000
-2.9567 4.7375 0.0000
-3.9256 3.3173 0.0000
-4.1531 3.1245 0.0000
0.6290 -1.5199 0.0127
0.3989 -1.5832 0.0107
0.3335 -1.8462 0.0071
2.2419 -3.7428 0.0004
2.0111 -3.8908 0.0003
-1.3387 2.0607 0.0096
-1.6565 1.9991 0.0133
-1.4867 1.8334 0.0152
-1.7491 1.7772 0.0196
-1.5790 1.5509 0.0237
-1.8221 1.5386 0.0280
-2.9121 2.5390 0.0036
1.3448 3.2216 0.0008
1.1170 3.0112 0.0011
-2.7850 1.3910 0.0263
-2.9269 1.2389 0.0250
-3.0584 1.0701 0.0226
3.7828 -1.3115 0.0012
3.5362 -1.3581 0.0037
3.3147 -1.4841 0.0073
-2.4661 2.5002 0.0063
-2.6851 2.3246 0.0074
-0.4143 -2.0784 0.0052
-0.7589 0.9921 0.0243
-0.6022 0.8500 0.0254
-0.9292 0.8457 0.0303
-2.0049 1.4381 0.0341
-2.1625 1.3364 0.0395
-2.0533 1.1887 0.0452
-2.2355 1.1692 0.0470
-2.3559 1.0246 0.0527
1.5946 0.3952 0.0614
1.3804 0.3320 0.0543
1.3131 0.5527 0.0477
1.2222 0.4072 0.0476
1.3299 0.1857 0.0542
1.1572 0.2344 0.0477
1.1785 0.0592 0.0494
-3.7636 2.8395 0.0001
4.4866 -1.0359 0.0000
4.2021 -1.0553 0.0001
4.0786 -1.3450 0.0002
-0.7047 -1.9499 0.0074
-0.6996 -2.2101 0.0047
-0.9470 -2.2179 0.0054
-0.9740 -2.4152 0.0038
-0.7434 0.7083 0.0300
-0.9585 0.6151 0.0359
-1.1627 0.3952 0.0454
-1.1407 0.7975 0.0361
-1.1497 0.5911 0.0413
-1.3539 0.7067 0.0446
-1.3241 0.5308 0.0480
-1.4818 0.4946 0.0545
2.3245 2.8881 0.0029
2.0953 2.9067 0.0027
0.4784 0.6720 0.0273
0.2272 0.6717 0.0255
1.6963 -0.7789 0.0536
3.8011 3.7928 0.0000
3.6085 3.6235 0.0001
-0.2082 1.6916 0.0088
-0.4117 1.4893 0.0122
4.7828 -4.7778 0.0000
4.7407 0.7913 0.0000
0.6738 1.2662 0.0182
-2.4038 1.9333 0.0174
2.6669 4.7607 0.0000
3.0626 -3.3435 0.0004
2.8449 -3.3807 0.0006
2.5349 -3.3807 0.0008
-0.4439 3.3248 0.0004
0.7782 -3.1851 0.0007
0.6145 -3.4079 0.0004
0.4828 -3.6520 0.0002
4.0559 -4.5187 0.0000
3.8937 -4.7539 0.0000
-2.3839 0.2807 0.0783
-2.4819 0.2030 0.0764
-2.5283 0.0675 0.0755
-2.6783 0.0426 0.0669
-2.7102 -0.1123 0.0644
-2.8690 -0.2373 0.0512
-3.0517 -0.3138 0.0359
-2.2994 3.8494 0.0003
-2.5541 3.8159 0.0003
-2.4931 3.5706 0.0005
-2.7696 3.6204 0.0003
-2.8928 3.3657 0.0006
0.7636 -4.7452 0.0000
2.4240 0.0360 0.0795
2.3844 -0.0730 0.0805
2.3218 -0.1677 0.0810
2.2454 -0.2579 0.0805
2.1921 -0.3492 0.0787
2.1942 -0.1370 0.0821
2.1084 -0.2308 0.0802
2.0851 -0.3585 0.0774
2.1134 -0.4864 0.0744
1.9734 -0.4444 0.0729
4.1019 1.7008 0.0002
3.2649 1.1750 0.0127
3.0355 1.1035 0.0237
2.8262 1.0356 0.0359
2.9667 0.8723 0.0326
2.7518 0.8282 0.0463
-2.7866 4.4913 0.0000
-3.0508 4.4657 0.0000
-2.2258 -1.6271 0.0268
-2.3550 -1.8270 0.0198
-2.5926 -1.9611 0.0145
1.4121 -0.4998 0.0518
1.2340 -0.4640 0.0465
1.1043 -0.5861 0.0401
4.2986 -3.3023 0.0000
4.5251 -1.8202 0.0000
4.4856 -2.0936 0.0000
-1.0723 4.7618 0.0000
-0.9168 4.5295 0.0000
-1.1054 4.3579 0.0001
1.4362 1.2369 0.0306
1.3634 1.0291 0.0357
-3.1536 -2.7212 0.0018
-3.3981 -2.5555 0.0014
3.7198 4.0447 0.0000
3.5017 3.8733 0.0001
-0.7226 -1.6555 0.0116
-3.3486 -0.5950 0.0145
-3.6096 -0.5986 0.0053
-3.6787 -0.8750 0.0034
-3.9228 -1.0065 0.0009
1.4968 3.9697 0.0001
1.5170 3.6964 0.0002
1.2992 3.5192 0.0003
1.0395 3.6021 0.0002
1.8830 4.7147 0.0000
1.6245 4.7212 0.0000
1.8545 3.0441 0.0018
1.8286 2.8002 0.0031
2.0650 -4.7555 0.0000
4.7305 3.9759 0.0000
4.7334 3.7433 0.0000
4.4862 3.6893 0.0000
1.8444 0.3105 0.0723
1.6943 0.2721 0.0675
1.6450 0.1204 0.0673
2.0456 0.2562 0.0788
1.9376 0.2055 0.0769
1.7991 0.1652 0.0729
1.9188 0.0784 0.0776
1.7829 0.0232 0.0731
1.6394 -0.0269 0.0674
-4.7306 3.3165 0.0000
-4.7371 3.0548 0.0000
2.3695 -4.2590 0.0001
2.0786 -4.1809 0.0001
2.3880 -2.0473 0.0146
2.3236 -2.2788 0.0100
2.0810 -2.1476 0.0126
1.8789 -2.3251 0.0087
1.0514 1.7125 0.0130
-1.8532 -1.8931 0.0164
-2.1171 -2.0360 0.0142
1.7694 -0.1231 0.0720
1.6341 -0.1737 0.0662
1.6446 -2.3680 0.0071
1.4478 -2.5408 0.0045
1.5590 -2.1425 0.0099
1.3238 -2.2792 0.0066
1.1883 -2.5125 0.0039
1.0068 -2.6694 0.0025
-2.6790 -3.3040 0.0010
-2.9335 -3.4600 0.0006
-4.2950 2.8698 0.0000
-1.3289 1.1591 0.0305
-1.5154 1.0440 0.0389
-1.1537 1.0128 0.0307
-1.3386 0.9183 0.0380
-1.7053 0.9310 0.0484
-4.2685 1.3253 0.0000
-4.4703 1.0405 0.0000
-0.5944 1.3105 0.0162
-0.7969 1.2242 0.0198
-0.9676 1.0814 0.0254
2.5869 4.3869 0.0001
2.4678 4.6025 0.0000
2.2798 4.4084 0.0000
1.9921 4.3996 0.0000
-0.8461 4.2322 0.0001
-0.9307 3.9194 0.0002
-1.1417 4.0967 0.0001
-1.2042 3.8151 0.0002
-1.8435 0.7383 0.0597
0.9785 -0.1932 0.0425
0.8253 -0.3186 0.0376
1.0128 -0.4170 0.0408
0.8452 -0.5376 0.0349
2.8489 1.2615 0.0281
2.6468 1.1645 0.0390
1.7341 1.1822 0.0390
1.7130 0.9681 0.0470
-1.2461 0.2163 0.0506
-1.3550 0.0683 0.0557
4.7532 1.0844 0.0000
2.3672 3.1174 0.0017
3.2141 0.4842 0.0229
2.9827 0.5087 0.0387
3.0423 0.3124 0.0366
2.8449 0.3510 0.0517
1.5714 -0.9380 0.0441
1.3979 -1.0703 0.0348
-0.1082 -0.2075 0.0300
-0.3420 -0.2714 0.0309
-0.4151 -0.4970 0.0293
-0.5038 -0.6967 0.0273
-0.6779 -0.8007 0.0276
1.5621 1.0863 0.0387
1.5341 0.8746 0.0454
1.3326 0.8127 0.0415
-4.7702 -3.2964 0.0000
3.3025 4.7321 0.0000
2.2586 0.3696 0.0779
2.1766 0.2443 0.0806
2.4670 1.2448 0.0405
0.9119 1.2866 0.0203
1.0112 1.0784 0.0267
0.9193 0.8959 0.0295
0.7585 1.0646 0.0232
0.7227 0.8499 0.0272
0.4946 1.0845 0.0202
0.3200 0.8923 0.0225
1.5333 2.0181 0.0112
1.5114 1.7638 0.0164
1.5244 1.5206 0.0232
-2.3180 4.7688 0.0000
0.2079 4.2442 0.0000
-4.0025 -0.2204 0.0007
4.5222 -3.7664 0.0000
4.2331 -3.7965 0.0000
1.5893 2.8178 0.0026
3.8299 2.7801 0.0002
3.0888 3.0922 0.0010
-3.5292 4.3886 0.0000
-3.6179 4.1553 0.0000
-3.8822 4.2400 0.0000
-4.0666 4.0238 0.0000
0.2342 2.9786 0.0007
-0.0522 2.9804 0.0007
-1.2757 -0.2831 0.0512
-1.4238 -0.3776 0.0552
-1.2605 -0.4861 0.0473
-1.4343 -0.5658 0.0515
-0.4689 2.7578 0.0014
-2.9418 -1.4545 0.0196
-3.1227 -1.6331 0.0110
-4.0742 -3.0702 0.0000
-4.2940 -3.2577 0.0000
0.6182 0.4532 0.0324
4.3390 2.9255 0.0000
-2.4427 0.4589 0.0725
-2.4833 0.3524 0.0737
-2.5920 0.3280 0.0692
-2.6252 0.1866 0.0694
-2.7541 0.2420 0.0601
-2.8146 0.0969 0.0566
-2.8541 -0.0608 0.0536
-3.0420 -0.1053 0.0379
-2.5957 3.3508 0.0009
1.7007 -0.4448 0.0640
1.5583 -0.5575 0.0557
4.5173 1.0764 0.0000
4.4614 0.8285 0.0000
0.0443 -3.5595 0.0002
-0.2036 -3.5846 0.0002
4.2080 3.8425 0.0000
3.9960 3.6499 0.0000
3.7955 3.4686 0.0001
-1.8688 -4.5144 0.0000
-1.1907 3.5029 0.0005
-1.2816 3.2541 0.0009
-4.7560 0.1584 0.0000
-4.7559 -0.1392 0.0000
-4.4908 -0.5351 0.0000
-4.7517 -0.4429 0.0000
3.0115 3.7549 0.0003
3.0801 3.4695 0.0005
-3.9337 -3.5690 0.0000
-4.1178 -3.7779 0.0000
-0.6768 2.8699 0.0013
-0.8202 2.6187 0.0024
-3.4004 -2.8192 0.0009
-3.2469 -3.0190 0.0009
-3.4595 -3.2584 0.0003
2.1183 0.6012 0.0704
2.0357 0.4802 0.0732
2.1111 0.3617 0.0776
1.9611 0.3618 0.0747
0.7666 4.7604 0.0000
-2.8461 3.9147 0.0001
-3.1358 3.9337 0.0001
1.2110 0.6771 0.0416
1.0767 0.5509 0.0406
1.0067 0.3662 0.0417
0.8474 0.4927 0.0360
0.7838 0.2920 0.0372
0.6514 0.1492 0.0356
4.4015 -1.2952 0.0000
4.2702 -1.5636 0.0000
4.0474 -1.6848 0.0001
-2.7873 4.2279 0.0001
0.7127 2.3229 0.0038
0.4954 2.1521 0.0047
-4.3641 -1.6952 0.0000
-4.5453 -1.8739 0.0000
2.3773 -1.5732 0.0292
2.4059 -1.7945 0.0214
2.5136 -3.0607 0.0019
4.0642 2.8474 0.0001
-0.6124 -0.1422 0.0350
-0.5441 -0.3281 0.0327
-0.7525 -0.3107 0.0364
0.6589 -2.9463 0.0011
0.4818 -3.1597 0.0006
-3.9774 1.8115 0.0002
1.2834 1.9106 0.0113
2.2071 0.1295 0.0822
2.0690 0.1307 0.0808
2.3079 0.0565 0.0820
2.2601 -0.0407 0.0826
2.1597 0.0219 0.0825
2.1031 -0.0808 0.0817
2.0247 0.0063 0.0805
1.9099 -0.0599 0.0773
2.0137 -0.1484 0.0795
1.8922 -0.1965 0.0756
1.7882 -0.2651 0.0710
1.6687 -0.2996 0.0658
-2.3782 -2.0880 0.0130
-2.4188 -2.3461 0.0082
-2.1708 -3.0388 0.0021
2.8945 -4.0620 0.0001
2.5458 -3.9951 0.0001
-2.2630 2.9701 0.0025
-2.5070 2.8032 0.0033
2.3523 4.7906 0.0000
-0.4976 -1.8001 0.0085
4.0326 -1.9711 0.0001
3.9014 -2.1578 0.0002
-2.4032 2.2159 0.0109
-2.6152 2.0678 0.0123
1.0703 -4.7696 0.0000
4.2416 4.1694 0.0000
4.6847 -0.2954 0.0000
-4.5149 -3.4369 0.0000
-4.7500 -3.5956 0.0000
2.6822 3.8734 0.0003
2.5201 3.6364 0.0005
2.3388 -1.3524 0.0384
2.1651 -1.4908 0.0331
0.0540 -1.8665 0.0067
1.8942 1.0436 0.0482
1.9046 0.8862 0.0552
1.7661 0.8178 0.0544
1.8530 0.6980 0.0614
-0.3791 -0.8692 0.0232
-0.5826 -0.9780 0.0230
2.2803 -2.6173 0.0053
2.0429 -2.7626 0.0039
2.4578 1.0333 0.0498
2.3813 0.8582 0.0590
2.4688 0.7044 0.0632
2.2895 0.7103 0.0664
4.7288 -2.9481 0.0000
4.5174 -3.1781 0.0000
-3.1674 3.3384 0.0003
-3.4141 3.2402 0.0002
-3.6401 3.1337 0.0001
-1.0815 2.5167 0.0035
-1.2127 2.3174 0.0056
-1.4142 2.3645 0.0061
-1.5591 2.1999 0.0090
3.0171 -3.8605 0.0001
4.7125 4.5056 0.0000
4.7634 4.2403 0.0000
4.5224 4.2169 0.0000
3.0830 -2.5209 0.0027
3.0369 -2.8014 0.0016
3.2582 -3.0009 0.0006
3.0021 -3.0913 0.0009
2.7468 -3.1891 0.0011
-3.1479 1.7064 0.0089
-3.4467 1.7112 0.0035
-0.3717 0.4131 0.0299
-0.5854 0.3266 0.0332
-0.7626 0.4847 0.0341
-0.7978 0.2723 0.0374
-0.8827 0.1079 0.0405
-4.4973 -4.3956 0.0000
-4.7539 -4.3327 0.0000
-4.7417 -4.5519 0.0000
4.0106 2.1676 0.0002
3.9409 1.8812 0.0004
2.5272 -2.7616 0.0036
2.2790 -2.9086 0.0029
-2.0179 -0.2771 0.0779
-2.1104 -0.3399 0.0781
-2.1809 -0.4380 0.0762
-2.2438 -0.5729 0.0719
-2.3808 -0.7279 0.0644
4.7406 -1.0697 0.0000
4.7056 -1.3372 0.0000
4.5202 -1.5709 0.0000
-3.0604 0.8306 0.0272
-3.2253 0.6881 0.0196
-3.4642 0.7151 0.0087
-1.2447 4.5874 0.0000
-1.4176 4.7756 0.0000
2.6516 0.6561 0.0572
2.5114 0.5428 0.0673
2.7845 0.5146 0.0530
2.6422 0.4658 0.0631
2.3663 0.4422 0.0746
2.6906 0.3290 0.0631
2.5582 0.2536 0.0720
2.5152 0.3892 0.0713
2.4441 0.1592 0.0780
2.4087 0.2973 0.0770
2.2976 0.2547 0.0800
2.3299 0.1612 0.0809
-0.1425 4.7767 0.0000
-0.4441 4.7183 0.0000
1.3547 -0.3173 0.0533
-0.8979 -3.7676 0.0001
-0.7470 -3.5075 0.0002
-1.1702 -3.7267 0.0001
2.9773 4.7599 0.0000
2.7966 4.5293 0.0000
4.4169 4.4604 0.0000
2.8438 2.9696 0.0018
2.5826 2.8327 0.0030
2.3570 2.6375 0.0048
-3.7109 2.3370 0.0004
-3.8383 2.0711 0.0003
2.8454 1.5108 0.0213
2.6523 1.3776 0.0309
0.3526 -4.2488 0.0000
0.4698 -4.7494 0.0000
0.3108 -4.5259 0.0000
1.4768 -3.6112 0.0005
1.5299 -3.9192 0.0002
1.2629 -3.8194 0.0002
-2.9947 -4.7760 0.0000
1.7328 4.4506 0.0000
1.4448 4.4452 0.0000
1.6172 4.2048 0.0000
1.3125 4.1731 0.0000
1.2302 3.8379 0.0001
-1.8266 3.7894 0.0003
-2.0324 3.6971 0.0004
-2.0505 3.4043 0.0009
-2.0337 3.1300 0.0018
-0.7027 3.4227 0.0004
-4.2114 -4.7804 0.0000
-4.4952 -4.7176 0.0000
-3.5749 -3.0163 0.0004
-3.7780 -3.2235 0.0001
-2.6336 1.8179 0.0178
-2.8698 1.8115 0.0135
-2.9033 1.5833 0.0174
4.7109 -4.5095 0.0000
-0.7765 -3.2561 0.0004
-1.0350 -3.1991 0.0006
-1.0150 -3.4911 0.0003
-1.2364 -3.3504 0.0005
-1.5096 -3.3638 0.0006
3.9507 2.5372 0.0002
3.7706 2.3267 0.0005
3.5250 2.1834 0.0016
3.9596 4.2504 0.0000
3.9928 3.9854 0.0000
-4.0182 -3.3327 0.0000
-4.2438 -3.5468 0.0000
3.4487 -4.0292 0.0000
3.2303 -4.1965 0.0000
1.2918 -1.7620 0.0144
0.8559 -1.6360 0.0124
1.0448 -1.8504 0.0105
0.8027 -1.9190 0.0079
0.8412 -2.1484 0.0056
2.1355 4.6719 0.0000
2.8403 -1.0459 0.0345
2.6903 -1.1838 0.0368
2.4975 -1.2228 0.0413
-3.3251 1.4709 0.0072
-3.6063 1.4683 0.0024
-2.6678 -1.1093 0.0403
-2.5917 -1.3004 0.0355
-2.8085 -1.2743 0.0293
0.0621 4.4990 0.0000
-3.6738 3.3917 0.0000
-3.8684 3.0741 0.0000
4.7724 3.5214 0.0000
4.5385 3.4300 0.0000
4.3250 3.2965 0.0000
4.1555 3.1046 0.0000
2.9730 -4.2832 0.0000
2.6789 -4.2387 0.0001
4.7554 -2.3711 0.0000
4.7579 -2.6543 0.0000
2.0376 -0.7349 0.0645
2.0951 -0.8821 0.0592
1.9061 -0.8539 0.0569
1.7615 -0.9351 0.0498
1.8011 -1.0900 0.0447
1.6123 -1.1507 0.0377
4.7581 -1.8494 0.0000
4.7435 -2.0947 0.0000
-0.7050 -1.1241 0.0214
-0.7594 -1.3600 0.0171
-1.1055 -1.0400 0.0296
-0.9660 -1.2656 0.0215
-1.1666 -1.2552 0.0249
-1.2231 -1.4457 0.0208
1.2584 -3.0432 0.0014
1.0420 -3.2167 0.0008
0.9259 -3.4495 0.0005
3.6896 0.8017 0.0034
3.3755 0.6978 0.0127
3.6019 0.5793 0.0056
3.4449 0.3994 0.0112
-0.6389 -3.7641 0.0001
-3.3827 -2.0284 0.0032
-3.4074 -2.2884 0.0020
-3.9991 2.3251 0.0001
-4.2791 2.3300 0.0000
-1.7689 2.3483 0.0079
-1.8460 2.1074 0.0124
3.9940 -0.0566 0.0007
3.6933 -0.0572 0.0040
-1.1392 1.5246 0.0176
-1.3419 1.3977 0.0239
-1.5275 1.2882 0.0310
1.5846 -4.5209 0.0000
1.3993 -4.7423 0.0000
-2.6693 0.9228 0.0473
-2.7898 0.7798 0.0455
-2.9356 0.6755 0.0386
-3.0575 0.5237 0.0327
2.6193 1.6109 0.0238
2.4519 1.4613 0.0318
0.0066 -2.5813 0.0017
0.1283 -2.8367 0.0010
2.1372 -2.4267 0.0077
1.9355 -2.5652 0.0057
1.7172 -2.6206 0.0046
3.4230 -4.4721 0.0000
3.1346 -4.5000 0.0000
-0.3477 0.9661 0.0212
4.4218 -4.0368 0.0000
-2.5482 -0.7832 0.0575
-2.6027 -0.9474 0.0490
4.7531 2.6361 0.0000
-3.7313 -4.4794 0.0000
-3.9305 -4.7045 0.0000
-4.2347 -4.5255 0.0000
-4.1343 2.0684 0.0000
-4.2722 1.8166 0.0000
3.8352 -1.5415 0.0007
3.5735 -1.6234 0.0023
-2.3286 -3.7701 0.0003
-2.6058 -3.7936 0.0003
-2.7790 -4.0204 0.0002
1.1527 -0.7922 0.0365
0.9648 -0.9301 0.0290
-3.6862 0.1902 0.0040
-3.7461 -0.1032 0.0031
-0.3315 2.9866 0.0008
-0.4736 -2.3457 0.0032
-0.7354 -2.4841 0.0028
-0.9920 -2.6916 0.0021
4.5158 -4.2846 0.0000
4.2225 -4.2791 0.0000
2.3808 0.5879 0.0697
2.2543 0.5616 0.0722
2.1812 0.4672 0.0753
-2.0230 2.8284 0.0034
-2.2476 2.6732 0.0047
4.2126 -3.0523 0.0000
4.0138 -3.2273 0.0000
-0.2712 0.6178 0.0266
-0.4301 0.7555 0.0255
-0.5464 0.5715 0.0296
4.7595 -3.6221 0.0000
4.7298 -3.9402 0.0000
-4.4610 2.5950 0.0000
-4.7259 2.5804 0.0000
0.9113 -4.5099 0.0000
0.6065 -4.4617 0.0000
-2.4230 -3.0493 0.0020
-4.2427 0.2244 0.0001
-4.2419 -0.0682 0.0001
-2.1842 -2.2727 0.0095
-1.6863 1.1503 0.0396
-1.8870 0.8901 0.0550
2.7072 -1.3843 0.0292
2.5397 -1.4267 0.0322
3.7437 -3.2050 0.0000
0.3698 0.4723 0.0291
0.5067 0.2828 0.0325
0.4095 0.1043 0.0324
0.2607 0.2744 0.0302
0.1882 0.0638 0.0308
-0.0254 0.0088 0.0304
-2.4067 1.2432 0.0423
-2.5478 1.0901 0.0455
-0.5265 -1.2711 0.0169
-0.5555 -1.5058 0.0131
1.3312 1.4097 0.0234
1.1923 1.2103 0.0266
-4.0441 -4.0531 0.0000
-4.2612 -4.2317 0.0000
-0.5455 1.0805 0.0203
2.2727 -3.2014 0.0015
2.0234 -3.0446 0.0021
2.0712 2.6382 0.0047
1.9430 2.3444 0.0079
-1.7871 2.6843 0.0042
-1.9852 2.5281 0.0062
-1.5241 0.8344 0.0462
-1.5451 0.6425 0.0529
-1.6898 0.7396 0.0548
-1.7661 0.5804 0.0626
-1.8559 0.4370 0.0698
-1.9239 0.5852 0.0674
-2.0107 0.4605 0.0735
2.2385 -0.4522 0.0760
2.1334 -0.6137 0.0704
1.9850 -0.5895 0.0688
1.8579 -0.7017 0.0614
3.7353 -4.5020 0.0000
3.5821 -4.7444 0.0000
2.6384 0.9828 0.0463
2.5580 0.8355 0.0551
2.1072 3.1875 0.0014
-0.9638 -1.5023 0.0163
-0.9351 -1.7725 0.0111
3.8422 -3.4764 0.0000
3.6442 -3.6706 0.0000
2.3586 -4.7635 0.0000
1.2596 -2.7862 0.0024
0.9702 -2.9425 0.0014
3.8745 4.5230 0.0000
-1.6031 -0.6199 0.0560
-1.6376 -0.7850 0.0517
-1.8046 -0.8471 0.0544
-1.7962 -0.6658 0.0610
-1.9515 -0.7549 0.0617
-1.9636 -0.9185 0.0551
-2.1159 -0.8885 0.0586
0.4650 4.7549 0.0000
-2.0290 4.7657 0.0000
-2.3305 4.5204 0.0000
1.5351 -0.3681 0.0593
-0.6926 1.5433 0.0127
-0.8037 -0.0855 0.0388
-0.9462 -0.2417 0.0414
-1.1298 -0.1699 0.0473
-1.0975 -0.3774 0.0441
-1.7048 -2.3926 0.0065
-2.1474 -2.5226 0.0060
3.7708 1.6972 0.0011
4.0246 3.3443 0.0000
3.8586 3.0786 0.0001
3.4544 3.4199 0.0002
3.2334 3.2839 0.0005
-4.2810 -1.3419 0.0001
-4.5080 -1.5039 0.0000
-4.7550 -1.3780 0.0000
-4.7364 -1.6932 0.0000
-1.2781 -0.9031 0.0374
-1.4776 -0.9646 0.0407
-1.6544 -0.9573 0.0459
-1.6082 -1.1549 0.0373
-1.8449 -1.2328 0.0392
-1.8488 -1.4427 0.0309
-2.3994 -3.5247 0.0007
-4.2294 0.5098 0.0001
-4.4790 0.5597 0.0000
-4.5006 0.3072 0.0000
2.8593 -1.5231 0.0202
2.6222 -1.6427 0.0230
1.0235 -2.3328 0.0047
0.8333 -2.4766 0.0031
0.7496 -2.7359 0.0018
3.3822 -3.7293 0.0001
3.2291 -3.9003 0.0001
-1.2944 2.9503 0.0018
-1.5250 2.8055 0.0028
2.1909 1.5256 0.0306
2.0137 1.4404 0.0330
2.1262 1.2758 0.0409
1.9352 1.2341 0.0407
-1.4875 -0.0047 0.0612
-1.5961 -0.1211 0.0653
-1.5615 -0.2832 0.0622
-1.7471 -0.1107 0.0714
-1.6967 -0.2497 0.0680
-1.8493 -0.2278 0.0739
-1.9228 -0.3458 0.0741
-2.0256 -0.4491 0.0740
-1.7347 -0.5227 0.0635
-1.7621 -0.3695 0.0683
-1.8746 -0.4869 0.0691
-1.9582 -0.6030 0.0676
-2.8261 2.0532 0.0099
3.8545 -0.3044 0.0016
3.5886 -0.3587 0.0061
3.5291 -0.6220 0.0070
-4.5414 2.8659 0.0000
4.5163 2.7547 0.0000
2.5502 2.0550 0.0128
-1.6607 -3.5517 0.0004
-1.8447 -3.7028 0.0003
-2.0574 -3.8236 0.0003
-2.2076 -4.0484 0.0001
-2.4819 -4.0285 0.0002
-2.4960 -4.2808 0.0001
-2.9344 -0.7807 0.0367
-3.0576 -0.9539 0.0256
4.0514 0.4198 0.0005
3.7814 0.4447 0.0025
3.8999 0.1827 0.0013
3.6303 0.2402 0.0054
3.4496 0.0892 0.0115
-3.6731 -2.4499 0.0006
-3.6457 -2.7301 0.0005
0.6291 4.5012 0.0000
0.3038 -3.4141 0.0003
0.2317 -3.7417 0.0001
-0.9494 1.6654 0.0127
-0.9078 1.4041 0.0172
-1.1100 1.2658 0.0232
-4.5543 -3.1393 0.0000
-1.3448 -1.1301 0.0321
-1.4368 -1.3295 0.0277
-1.6529 -1.3746 0.0302
-1.4278 -1.5545 0.0209
-1.6130 -1.5781 0.0228
-1.7861 -1.6550 0.0226
-1.9659 -1.6635 0.0242
-2.0886 -1.8118 0.0202
-0.5360 3.1044 0.0007
-0.7858 3.1387 0.0008
-0.2351 -2.5553 0.0019
-0.4666 -2.5956 0.0019
-3.7983 -4.1680 0.0000
-3.9989 -4.3743 0.0000
-0.3395 2.4817 0.0023
-0.3446 2.2352 0.0036
1.6037 3.1017 0.0013
2.6074 3.1109 0.0016
3.9037 4.7572 0.0000
1.9934 -3.6023 0.0006
1.7487 -3.7510 0.0004
1.7972 -4.0488 0.0002
-3.6802 3.6617 0.0000
-3.9354 3.5738 0.0000
-0.0874 2.1572 0.0040
1.2912 1.6430 0.0168
1.0986 1.4524 0.0189
4.2637 -0.1043 0.0001
4.1193 -0.3137 0.0003
4.7761 2.0282 0.0000
4.7465 1.7235 0.0000
3.6041 -1.0971 0.0036
3.3149 -1.1660 0.0103
-1.7090 -4.7463 0.0000
