5.0000 5.0000 0.0000
0.0000 5.0000 0.0000
2.5000 5.0000 0.0000
3.7500 5.0000 0.0000
4.3750 5.0000 0.0000
4.6875 5.0000 0.0000
4.0625 5.0000 0.0000
3.1250 5.0000 0.0000
3.4375 5.0000 0.0000
2.8125 5.0000 0.0000
1.2500 5.0000 0.0000
1.8750 5.0000 0.0000
2.1875 5.0000 0.0000
1.5625 5.0000 0.0000
0.6250 5.0000 0.0000
0.9375 5.0000 0.0000
0.3125 5.0000 0.0000
-2.5000 5.0000 0.0000
-1.2500 5.0000 0.0000
-0.6250 5.0000 0.0000
-0.3125 5.0000 0.0000
-0.9375 5.0000 0.0000
-1.8750 5.0000 0.0000
-1.5625 5.0000 0.0000
-2.1875 5.0000 0.0000
-3.7500 5.0000 0.0000
-3.1250 5.0000 0.0000
-2.8125 5.0000 0.0000
-3.4375 5.0000 0.0000
-4.3750 5.0000 0.0000
-4.0625 5.0000 0.0000
-4.6875 5.0000 0.0000
5.0000 -5.0000 0.0000
5.0000 0.0000 0.0000
5.0000 -2.5000 0.0000
5.0000 -3.7500 0.0000
5.0000 -4.3750 0.0000
5.0000 -4.6875 0.0000
5.0000 -4.0625 0.0000
5.0000 -3.1250 0.0000
5.0000 -3.4375 0.0000
5.0000 -2.8125 0.0000
5.0000 -1.2500 0.0000
5.0000 -1.8750 0.0000
5.0000 -2.1875 0.0000
5.0000 -1.5625 0.0000
5.0000 -0.6250 0.0000
5.0000 -0.9375 0.0000
5.0000 -0.3125 0.0000
5.0000 2.5000 0.0000
5.0000 1.2500 0.0000
5.0000 0.6250 0.0000
5.0000 0.3125 0.0000
5.0000 0.9375 0.0000
5.0000 1.8750 0.0000
5.0000 1.5625 0.0000
5.0000 2.1875 0.0000
5.0000 3.7500 0.0000
5.0000 3.1250 0.0000
5.0000 2.8125 0.0000
5.0000 3.4375 0.0000
5.0000 4.3750 0.0000
5.0000 4.0625 0.0000
5.0000 4.6875 0.0000
-5.0000 -5.0000 0.0000
0.0000 -5.0000 0.0000
-2.5000 -5.0000 0.0000
-3.7500 -5.0000 0.0000
-4.3750 -5.0000 0.0000
-4.6875 -5.0000 0.0000
-4.0625 -5.0000 0.0000
-3.1250 -5.0000 0.0000
-3.4375 -5.0000 0.0000
-2.8125 -5.0000 0.0000
-1.2500 -5.0000 0.0000
-1.8750 -5.0000 0.0000
-2.1875 -5.0000 0.0000
-1.5625 -5.0000 0.0000
-0.6250 -5.0000 0.0000
-0.9375 -5.0000 0.0000
-0.3125 -5.0000 0.0000
2.5000 -5.0000 0.0000
1.2500 -5.0000 0.0000
0.6250 -5.0000 0.0000
0.3125 -5.0000 0.0000
0.9375 -5.0000 0.0000
1.8750 -5.0000 0.0000
1.5625 -5.0000 0.0000
2.1875 -5.0000 0.0000
3.7500 -5.0000 0.0000
3.1250 -5.0000 0.0000
2.8125 -5.0000 0.0000
3.4375 -5.0000 0.0000
4.3750 -5.0000 0.0000
4.0625 -5.0000 0.0000
4.6875 -5.0000 0.0000
-5.0000 5.0000 0.0000
-5.0000 0.0000 0.0000
-5.0000 2.5000 0.0000
-5.0000 3.7500 0.0000
-5.0000 4.3750 0.0000
-5.0000 4.6875 0.0000
-5.0000 4.0625 0.0000
-5.0000 3.1250 0.0000
-5.0000 3.4375 0.0000
-5.0000 2.8125 0.0000
-5.0000 1.2500 0.0000
-5.0000 1.8750 0.0000
-5.0000 2.1875 0.0000
-5.0000 1.5625 0.0000
-5.0000 0.6250 0.0000
-5.0000 0.9375 0.0000
-5.0000 0.3125 0.0000
-5.0000 -2.5000 0.0000
-5.0000 -1.2500 0.0000
-5.0000 -0.6250 0.0000
-5.0000 -0.3125 0.0000
-5.0000 -0.9375 0.0000
-5.0000 -1.8750 0.0000
-5.0000 -1.5625 0.0000
-5.0000 -2.1875 0.0000
-5.0000 -3.7500 0.0000
-5.0000 -3.1250 0.0000
-5.0000 -2.8125 0.0000
-5.0000 -3.4375 0.0000
-5.0000 -4.3750 0.0000
-5.0000 -4.0625 0.0000
-5.0000 -4.6875 0.0000
3.7693 1.2587 0.0000
3.6308 1.0409 0.0000
-3.2589 -0.4838 0.0000
-3.3551 -0.7323 0.0000
-2.6555 2.7610 0.0000
-2.2946 4.7331 0.0000
3.5798 -2.7398 0.0000
3.2938 -2.8152 0.0000
-3.7754 -3.6674 0.0000
0.3682 -0.8264 0.1383
-2.2261 -2.3604 0.0000
4.7406 0.1950 0.0000
-1.2982 -2.6821 0.0000
-1.5677 -2.7428 0.0000
0.5828 4.7144 0.0000
3.0499 -4.7009 0.0000
2.8353 -4.7737 0.0000
-4.7315 -2.0780 0.0000
2.8737 0.6655 0.0000
2.6829 0.4523 0.0000
2.5136 -2.9056 0.0000
0.9885 -1.4130 0.0204
0.9281 -1.7018 0.0067
0.7010 -1.5065 0.0180
0.6781 -1.8088 0.0049
0.4188 -1.9073 0.0029
-0.5786 -1.8747 0.0004
-3.7320 -2.7212 0.0000
-2.1996 -4.5104 0.0000
3.1605 -0.7058 0.0000
3.7801 3.0457 0.0000
3.7860 -4.5289 0.0000
3.6146 -4.7618 0.0000
4.1693 3.7200 0.0000
4.0985 3.4346 0.0000
3.9665 3.2013 0.0000
1.8467 1.8265 0.0004
1.5735 1.8983 0.0012
2.8160 -4.1712 0.0000
0.4432 2.1698 0.0021
-0.6617 1.9639 0.0006
-0.7747 1.7128 0.0011
-0.8429 1.4418 0.0021
3.3266 3.2812 0.0000
3.1810 3.0767 0.0000
2.9738 2.9743 0.0000
2.8915 2.7684 0.0000
3.1772 2.7504 0.0000
2.9645 2.4971 0.0000
-2.3901 -2.1275 0.0000
0.6484 -3.6451 0.0000
0.4180 -3.7751 0.0000
0.3947 -4.0685 0.0000
-1.4247 -4.3079 0.0000
-2.1134 3.0544 0.0000
-1.7149 -3.2762 0.0000
2.8527 -0.0924 0.0000
1.9027 1.5204 0.0008
-1.4842 4.2830 0.0000
-0.5045 0.7204 0.0437
-2.4870 4.2518 0.0000
-2.7545 3.8205 0.0000
-2.4869 -4.4553 0.0000
3.3206 -4.7461 0.0000
-2.5940 2.9914 0.0000
-2.9232 2.7838 0.0000
-3.9105 -1.4117 0.0000
-3.9150 -1.6934 0.0000
-3.1628 -1.1488 0.0000
-3.1504 -1.4157 0.0000
-1.5611 -4.5616 0.0000
-1.7176 -4.7867 0.0000
-2.7303 4.0949 0.0000
-3.0014 4.2308 0.0000
-3.0016 3.9467 0.0000
-3.2572 4.0873 0.0000
-3.2539 3.8020 0.0000
-3.4998 3.7868 0.0000
2.3422 4.7537 0.0000
2.2219 4.4812 0.0000
1.9074 4.4797 0.0000
4.4937 -2.8626 0.0000
-4.4675 -2.5432 0.0000
-4.4890 -2.8420 0.0000
3.9922 2.0534 0.0000
3.8240 1.8392 0.0000
-1.7946 2.6549 0.0000
4.1320 -2.2186 0.0000
-2.3650 -0.5692 0.0000
-2.5047 -0.8168 0.0000
3.7894 -2.5430 0.0000
2.9501 -3.9439 0.0000
1.0657 2.9648 0.0000
0.9213 2.7239 0.0001
2.0950 0.3605 0.0015
-0.0529 1.0341 0.0762
0.0444 0.7886 0.1532
-0.2339 0.8061 0.0819
-0.0555 0.5401 0.1821
-0.1649 0.2776 0.1767
-1.8377 2.9519 0.0000
-2.0689 2.7717 0.0000
-3.7617 -4.5117 0.0000
-4.1979 -4.7424 0.0000
4.7419 -2.7083 0.0000
4.7674 -2.9888 0.0000
0.7291 0.6059 0.3437
-3.6928 0.1997 0.0000
-3.7805 -0.0930 0.0000
-4.0077 -0.3608 0.0000
-3.5315 1.8710 0.0000
4.6889 2.4385 0.0000
2.1725 3.8947 0.0000
1.9600 3.7507 0.0000
1.7473 3.6234 0.0000
2.2256 -3.7036 0.0000
-0.9252 1.1753 0.0032
-1.0194 0.9055 0.0038
0.5944 -3.1737 0.0000
0.5060 -3.4407 0.0000
1.8827 -3.0320 0.0000
-2.0128 4.7699 0.0000
-2.0021 4.5485 0.0000
-2.0082 1.7766 0.0000
1.4839 3.7349 0.0000
-2.7947 4.6745 0.0000
-3.0356 4.5112 0.0000
3.1238 -1.2964 0.0000
-2.7232 -3.9836 0.0000
-2.7605 -4.2649 0.0000
2.8546 -0.8520 0.0000
2.5887 -0.9066 0.0000
2.3245 -0.9366 0.0000
2.2996 -1.1499 0.0000
-3.3332 -3.0536 0.0000
-3.5287 -3.2151 0.0000
-3.3317 -3.3768 0.0000
-3.5497 -3.5316 0.0000
-2.1254 -1.8170 0.0000
3.6636 3.6926 0.0000
3.5152 3.4782 0.0000
4.7073 -1.9968 0.0000
4.5273 -2.2452 0.0000
4.7390 1.9555 0.0000
0.0179 3.4947 0.0000
0.0358 3.1867 0.0000
-0.1992 3.3074 0.0000
-0.2367 3.0185 0.0000
3.7492 -0.5985 0.0000
-3.0086 -0.6520 0.0000
-3.1429 -0.8631 0.0000
-3.4141 -1.0183 0.0000
2.9126 -1.9035 0.0000
2.6541 -2.0231 0.0000
-3.1713 -1.8257 0.0000
-3.1606 -2.0718 0.0000
-3.3608 -2.2689 0.0000
-3.5294 -2.5053 0.0000
-0.7696 -0.2178 0.0245
-0.9452 -0.4271 0.0091
-1.2520 -0.3443 0.0019
-1.1488 -0.6231 0.0023
-1.4327 -0.5930 0.0004
-3.2457 -4.5452 0.0000
4.1161 2.9607 0.0000
0.3989 0.2171 0.4305
0.2377 0.0842 0.3708
0.4729 -0.0038 0.4553
0.3007 -0.1622 0.3668
-0.6395 -2.9716 0.0000
4.4351 -4.5477 0.0000
4.2304 -4.7513 0.0000
3.3018 1.4080 0.0000
3.0787 1.3876 0.0000
2.9039 1.1641 0.0000
4.4416 -2.6019 0.0000
-4.3066 2.0015 0.0000
-4.5274 1.8360 0.0000
-4.7634 1.7051 0.0000
2.8579 3.9454 0.0000
2.4104 3.7916 0.0000
-3.1025 0.9219 0.0000
-3.0708 0.6712 0.0000
-3.3518 0.5966 0.0000
-3.6897 -1.1582 0.0000
-2.3541 -4.7447 0.0000
-2.6481 -4.7548 0.0000
3.1405 4.5908 0.0000
2.9853 4.3969 0.0000
3.0519 4.1328 0.0000
3.1506 3.8556 0.0000
0.7455 4.4605 0.0000
0.4710 4.4666 0.0000
0.9274 1.1782 0.0933
0.6908 1.0555 0.1492
-1.7007 1.7871 0.0000
-1.8573 1.5499 0.0000
-0.6044 -4.5247 0.0000
-0.7752 -4.7543 0.0000
3.0485 1.6604 0.0000
0.9974 1.4445 0.0378
1.7835 -1.4538 0.0008
-0.1307 -2.2375 0.0002
-0.5568 -2.4239 0.0000
-3.9500 -1.9617 0.0000
-3.2460 3.5231 0.0000
-3.4977 3.5061 0.0000
-1.8180 -0.4376 0.0000
-2.0563 -0.5457 0.0000
-2.2101 -0.8059 0.0000
3.8951 3.5753 0.0000
3.7621 3.3661 0.0000
3.5665 3.1693 0.0000
3.4193 2.9485 0.0000
-1.2962 -1.6059 0.0000
-1.3516 -1.8853 0.0000
-1.6177 -1.9667 0.0000
-2.7414 3.5254 0.0000
4.0151 -1.2142 0.0000
0.3187 -1.4025 0.0229
2.7728 -2.7794 0.0000
-0.0736 3.9926 0.0000
-0.3456 3.9891 0.0000
-0.4869 3.7524 0.0000
4.2090 -2.7799 0.0000
1.4123 -0.4862 0.0802
3.0813 -3.3001 0.0000
2.9505 -3.5652 0.0000
-2.9610 1.5159 0.0000
0.8853 3.1892 0.0000
-2.5817 4.7774 0.0000
4.6965 -0.0685 0.0000
4.4231 -0.1698 0.0000
-3.2557 1.1502 0.0000
-3.5368 1.0724 0.0000
2.6668 -0.6004 0.0000
-2.4401 1.4792 0.0000
1.4085 4.2975 0.0000
1.1956 4.1775 0.0000
2.0246 0.9460 0.0014
1.8313 0.7871 0.0081
1.7970 0.4955 0.0145
-3.0140 -4.1045 0.0000
4.2191 1.8506 0.0000
-4.1723 4.4493 0.0000
-4.2735 4.2221 0.0000
-4.2660 3.9874 0.0000
-4.5150 4.0141 0.0000
-4.7612 3.8899 0.0000
-4.3356 3.2180 0.0000
2.3211 -3.9486 0.0000
2.0839 -4.0209 0.0000
2.5449 -2.6076 0.0000
1.8176 -1.1818 0.0016
1.5640 -1.2101 0.0069
1.3327 -1.0450 0.0308
1.2737 -1.3213 0.0152
1.5085 -1.4835 0.0033
1.2087 -1.6022 0.0061
-1.0671 -0.9028 0.0020
2.0428 4.7397 0.0000
1.7398 4.7411 0.0000
1.4385 4.7551 0.0000
1.5975 4.4858 0.0000
1.6563 2.9151 0.0000
1.6773 2.6474 0.0000
1.4413 2.6642 0.0000
-0.6693 -3.5036 0.0000
-0.7167 -3.7507 0.0000
-1.1500 -4.3475 0.0000
-2.0051 4.3012 0.0000
-2.2231 4.1417 0.0000
-2.1596 3.8659 0.0000
-0.8136 -1.6956 0.0004
3.3869 -4.2328 0.0000
2.9538 -4.4228 0.0000
1.2905 -4.1917 0.0000
1.0443 -4.2711 0.0000
0.7788 2.9525 0.0000
-2.6505 -0.0090 0.0000
-2.7295 -0.2584 0.0000
-2.9513 -0.0845 0.0000
-2.9806 -0.3771 0.0000
2.9754 3.6517 0.0000
2.6910 3.7292 0.0000
-2.5071 -2.3990 0.0000
4.2256 2.6972 0.0000
-1.8981 -4.0984 0.0000
4.5241 3.1981 0.0000
4.4058 2.9442 0.0000
2.2723 -2.7084 0.0000
2.1655 -2.9486 0.0000
1.7461 3.3100 0.0000
1.5225 3.1727 0.0000
1.3779 2.9297 0.0000
1.1953 2.7197 0.0001
-0.9480 1.9449 0.0002
-1.2155 1.9480 0.0000
-1.5028 1.9332 0.0000
-1.5986 1.5181 0.0000
1.7062 -3.8813 0.0000
1.8485 -4.1016 0.0000
1.5896 -4.1769 0.0000
1.7512 4.2424 0.0000
0.7794 1.5294 0.0343
0.5140 1.5267 0.0347
1.6475 0.9788 0.0175
1.5896 0.6841 0.0393
1.4547 0.5006 0.0896
1.2839 0.6470 0.1391
1.1533 0.4756 0.2370
-2.5872 2.2749 0.0000
-0.7827 2.7519 0.0000
1.2760 1.9421 0.0030
1.1131 1.6680 0.0138
-2.3001 2.2755 0.0000
2.1668 -1.9248 0.0000
2.1079 -2.2070 0.0000
-0.7051 -4.0137 0.0000
-0.7026 -4.2733 0.0000
-1.7041 -0.1604 0.0001
-3.0339 4.7773 0.0000
-3.3117 4.6849 0.0000
-3.2740 4.3758 0.0000
4.7473 -1.1034 0.0000
4.7456 -1.4010 0.0000
4.4897 -1.5369 0.0000
4.2221 -1.6541 0.0000
2.8469 -3.2883 0.0000
2.6566 -3.4933 0.0000
2.4958 -3.7157 0.0000
2.5159 4.5257 0.0000
0.0724 -0.1251 0.2720
-0.0026 -0.3384 0.1983
-0.0972 -0.5482 0.1218
-2.7697 -4.5311 0.0000
-2.9843 -4.7287 0.0000
2.9406 2.2208 0.0000
0.7346 -2.3283 0.0003
0.6797 -2.5923 0.0001
-0.4612 -4.7598 0.0000
-2.3936 0.1632 0.0000
2.4982 3.5232 0.0000
-3.9861 -1.1411 0.0000
-2.0371 3.5909 0.0000
-2.1544 3.3524 0.0000
0.2374 1.4815 0.0325
0.1406 1.2656 0.0574
3.5612 -2.4374 0.0000
3.3122 -2.5599 0.0000
-2.9962 3.6477 0.0000
-4.7182 -0.7606 0.0000
1.5377 4.0963 0.0000
1.8340 -3.3067 0.0000
-2.0229 1.0736 0.0000
-1.0074 3.9830 0.0000
-1.0593 -0.1634 0.0065
-1.4142 -0.1053 0.0008
-1.5437 -0.3690 0.0002
3.6614 -1.8789 0.0000
1.2562 -2.4301 0.0001
0.9940 -2.3766 0.0002
1.1891 -0.0737 0.2446
0.9413 -0.0630 0.3880
-1.8617 -4.5756 0.0000
-2.0461 -4.7512 0.0000
-0.1463 -0.8109 0.0640
-0.8784 0.4195 0.0148
-1.0312 0.6412 0.0056
-1.2154 0.4936 0.0024
-1.0827 0.2801 0.0059
-1.2216 0.0422 0.0028
-1.3874 0.2681 0.0009
-0.3595 -1.6319 0.0024
-0.6092 -1.5364 0.0016
-2.4856 1.2079 0.0000
-2.6091 0.9699 0.0000
-2.8920 1.0092 0.0000
2.0518 -3.5020 0.0000
4.5304 -0.3797 0.0000
4.3035 -0.4916 0.0000
0.3122 -3.2619 0.0000
1.1110 0.7748 0.1751
0.9450 0.6092 0.2915
-4.0950 2.2137 0.0000
-4.0630 1.9452 0.0000
-4.0076 1.7084 0.0000
-2.7089 1.4887 0.0000
-2.7385 1.2475 0.0000
-3.0052 1.2517 0.0000
-1.8796 -2.0447 0.0000
-2.1318 -2.0761 0.0000
3.3708 0.8785 0.0000
-1.9417 -3.0679 0.0000
-0.4133 -0.9886 0.0204
4.5117 1.4446 0.0000
4.3578 1.2263 0.0000
4.1785 1.0148 0.0000
4.0064 4.4593 0.0000
3.7265 4.5029 0.0000
3.1070 -4.1732 0.0000
4.7415 -3.3074 0.0000
4.5456 -3.1256 0.0000
-2.3090 1.7527 0.0000
-3.5092 2.7359 0.0000
-3.6262 2.4477 0.0000
-3.8336 2.2904 0.0000
-3.6238 2.1027 0.0000
-3.8460 2.0138 0.0000
-3.7441 3.6373 0.0000
-3.9752 3.4904 0.0000
-4.1131 3.2897 0.0000
-2.4944 0.7230 0.0000
-2.8116 0.7556 0.0000
-3.0262 2.0023 0.0000
-2.8732 1.7635 0.0000
-1.3129 2.6969 0.0000
-3.9599 2.8467 0.0000
-3.7684 2.6765 0.0000
-3.9606 2.5201 0.0000
0.1436 2.0420 0.0030
-0.9175 -3.1030 0.0000
-1.1890 -3.1844 0.0000
-1.1302 -3.4101 0.0000
-1.3120 -3.5310 0.0000
-1.2656 2.4311 0.0000
-1.3711 2.1941 0.0000
2.5892 0.0015 0.0000
-4.7247 2.3511 0.0000
-3.5667 -0.5562 0.0000
-3.8749 -0.6328 0.0000
-3.8840 -0.9117 0.0000
-2.0226 2.2375 0.0000
-2.1647 2.0057 0.0000
-4.2019 2.4492 0.0000
-4.4002 2.2869 0.0000
-4.5698 2.1132 0.0000
0.9256 3.6871 0.0000
0.7795 3.4477 0.0000
-1.2489 4.4700 0.0000
1.2897 0.2998 0.1854
1.3348 -3.1806 0.0000
-0.8909 -3.3673 0.0000
-0.9726 -3.6285 0.0000
4.1575 -0.2846 0.0000
4.0301 -0.5492 0.0000
0.3685 1.9573 0.0055
0.2849 1.7235 0.0139
-1.6869 -0.6608 0.0000
-1.5845 -0.8871 0.0001
-1.8041 -1.0169 0.0000
4.7532 3.9124 0.0000
4.7635 3.6233 0.0000
4.6155 3.4538 0.0000
4.7688 -4.3964 0.0000
2.2302 1.1110 0.0001
-1.4024 -2.1739 0.0000
-1.4729 -2.4582 0.0000
-1.7564 -2.5250 0.0000
3.6521 -0.8482 0.0000
-1.0396 2.5734 0.0000
1.6697 -4.4478 0.0000
1.4208 -4.4361 0.0000
-3.4359 -1.9556 0.0000
-3.6394 -2.2110 0.0000
-3.9425 -2.2406 0.0000
-3.6928 -3.0124 0.0000
-1.6568 -3.0183 0.0000
2.0470 -2.4915 0.0000
1.7564 -2.5611 0.0000
-3.2641 -2.5660 0.0000
-4.2009 2.7112 0.0000
-4.4754 2.5590 0.0000
4.4936 4.7570 0.0000
4.5057 4.5153 0.0000
-3.6949 1.5510 0.0000
-3.7534 1.2713 0.0000
0.1414 -2.8242 0.0000
0.6644 -3.9142 0.0000
-4.2487 3.5175 0.0000
-4.4944 3.4379 0.0000
-1.2846 0.7912 0.0010
-1.4572 0.5812 0.0004
-1.6669 0.3923 0.0001
-1.8995 0.2721 0.0000
-1.5998 0.1103 0.0002
-1.8707 0.0525 0.0000
-2.1377 0.0296 0.0000
-4.7401 2.6647 0.0000
-0.8065 -2.4973 0.0000
1.0559 -3.4458 0.0000
3.1229 -3.7736 0.0000
-0.5059 4.2409 0.0000
-0.6371 3.9956 0.0000
-0.8000 4.2036 0.0000
-3.1561 -2.8434 0.0000
-2.6923 -2.9994 0.0000
-2.9698 -3.0428 0.0000
-2.8109 -3.3005 0.0000
-3.0519 -3.5075 0.0000
1.6374 1.6101 0.0029
2.7429 4.2415 0.0000
2.5648 4.0111 0.0000
0.6348 3.7114 0.0000
0.5136 3.4775 0.0000
0.2778 3.3607 0.0000
3.4556 -0.6322 0.0000
-1.9145 -0.7767 0.0000
-2.0713 -1.0445 0.0000
3.4502 3.8268 0.0000
3.3080 3.6256 0.0000
3.1441 3.4547 0.0000
-1.6742 -2.2490 0.0000
-1.9518 -2.3138 0.0000
0.9219 -3.7299 0.0000
0.7658 -4.7637 0.0000
0.4571 -4.7443 0.0000
-2.9839 -2.5916 0.0000
2.4134 -4.1971 0.0000
2.1727 -4.2519 0.0000
-0.9938 -1.1937 0.0012
-0.7728 -1.3523 0.0018
-1.0060 -1.5003 0.0004
4.7953 -2.2484 0.0000
4.6789 -2.4652 0.0000
0.5911 -0.1874 0.4313
0.4513 -0.3242 0.3589
0.2112 -0.4007 0.2592
0.6140 4.2000 0.0000
0.3398 4.2222 0.0000
4.7681 1.4392 0.0000
4.6701 1.1929 0.0000
4.4870 -1.2341 0.0000
4.2464 -1.3645 0.0000
0.2763 -4.5200 0.0000
4.7402 -1.7043 0.0000
4.4643 -1.8326 0.0000
4.3733 -2.0801 0.0000
0.7998 -3.4099 0.0000
-4.1922 -2.1130 0.0000
-4.4107 -2.1842 0.0000
1.0499 3.9367 0.0000
0.0074 0.1165 0.2576
-0.1645 -0.0238 0.1774
-0.2101 -0.2427 0.1393
-0.3268 -0.4598 0.0804
-0.3834 -0.6953 0.0455
-0.6191 -0.8098 0.0168
-0.5667 1.5168 0.0049
-0.6090 1.2289 0.0103
2.4525 4.2887 0.0000
2.2897 4.0985 0.0000
-4.3255 0.7929 0.0000
0.6702 -4.1906 0.0000
0.6405 -0.4541 0.3197
0.4127 -0.5746 0.2423
0.1361 -0.6549 0.1529
-4.4929 -3.1404 0.0000
-3.2144 2.7609 0.0000
-3.3392 2.5019 0.0000
-3.4463 2.2400 0.0000
-3.1066 3.0318 0.0000
-3.3893 2.9907 0.0000
-2.0446 -2.5859 0.0000
2.8221 -2.5040 0.0000
0.1017 -1.5162 0.0110
-0.0849 -1.7258 0.0032
-4.1796 -1.5713 0.0000
3.4340 1.1827 0.0000
3.1837 1.1246 0.0000
3.0495 0.8916 0.0000
4.2301 0.7863 0.0000
3.9708 0.7053 0.0000
3.9642 0.4079 0.0000
1.8395 1.1307 0.0038
1.3913 0.8659 0.0688
4.0212 -3.0352 0.0000
3.8669 -3.2796 0.0000
4.3480 2.4432 0.0000
4.0760 2.3545 0.0000
3.7796 -3.5234 0.0000
3.8617 -2.3083 0.0000
3.6220 -2.1700 0.0000
-4.4720 2.8501 0.0000
0.3369 4.7484 0.0000
0.2034 4.4912 0.0000
4.2586 4.5203 0.0000
-4.2033 -1.3208 0.0000
-4.4544 -1.3793 0.0000
-0.4187 -1.3146 0.0071
-4.0295 -4.1029 0.0000
-4.2733 -4.2244 0.0000
2.7682 -0.3414 0.0000
2.5517 -0.2506 0.0000
-1.8430 3.8008 0.0000
0.0954 -0.9427 0.0733
-0.1680 -1.1135 0.0266
2.9545 4.7547 0.0000
-4.7198 -1.5216 0.0000
-4.5077 -1.1121 0.0000
-4.7502 -1.0195 0.0000
-4.5015 0.2723 0.0000
-4.7433 0.1394 0.0000
-4.7588 -0.1531 0.0000
4.4085 -4.0889 0.0000
4.2497 -4.3402 0.0000
-3.7656 1.7815 0.0000
-3.9649 1.4766 0.0000
0.0785 -1.2351 0.0296
-0.1565 -1.4186 0.0096
-0.4889 3.2377 0.0000
-0.5673 2.9733 0.0000
-0.8195 3.0233 0.0000
-3.9715 -2.8765 0.0000
-2.6507 0.2687 0.0000
-2.9053 0.1897 0.0000
-3.3125 1.9896 0.0000
1.9185 2.3407 0.0000
1.7622 2.1096 0.0002
-1.7899 2.3627 0.0000
-2.8859 2.2582 0.0000
-3.1708 2.2538 0.0000
-2.3521 -1.0822 0.0000
-2.6436 -1.0822 0.0000
-2.3079 -1.3427 0.0000
0.6971 2.0339 0.0042
0.5715 1.7898 0.0126
4.5168 2.6895 0.0000
-2.7873 -2.4084 0.0000
-4.0217 -3.7924 0.0000
-4.2686 -3.9194 0.0000
-4.5163 -4.0529 0.0000
-4.7640 -4.2052 0.0000
-4.4993 -3.4418 0.0000
-4.7498 -3.2811 0.0000
-4.5095 -3.7483 0.0000
-4.7532 -3.5894 0.0000
-4.7578 -3.8981 0.0000
-2.0240 2.4936 0.0000
-2.2561 2.5389 0.0000
3.6057 4.7626 0.0000
-3.9700 0.1366 0.0000
-4.1063 -0.1057 0.0000
-4.4671 -0.0468 0.0000
4.4927 1.9555 0.0000
2.4485 -0.4516 0.0000
2.3806 -0.6937 0.0000
4.2062 4.2530 0.0000
4.0165 4.0680 0.0000
3.9164 3.8551 0.0000
2.9964 -0.4117 0.0000
2.9232 -0.6322 0.0000
-4.2378 4.7715 0.0000
-4.7903 4.7790 0.0000
1.6698 1.3249 0.0064
1.4395 1.1547 0.0299
-1.7877 -1.2696 0.0000
3.4455 -3.0153 0.0000
3.3367 -3.2642 0.0000
3.2497 -3.5403 0.0000
1.5039 -0.1739 0.0777
-2.6955 -0.5496 0.0000
-2.7855 -0.8088 0.0000
-2.9255 -1.0093 0.0000
-2.9757 3.3319 0.0000
-3.2545 3.2633 0.0000
-2.4492 2.0116 0.0000
-2.7320 2.0136 0.0000
-0.0527 -2.5263 0.0001
-0.1053 -2.7668 0.0000
2.9280 1.9415 0.0000
2.7501 1.7250 0.0000
-1.8090 -1.5238 0.0000
-0.2370 1.6276 0.0085
-0.3411 1.4006 0.0143
4.7479 4.4985 0.0000
4.7393 4.2212 0.0000
4.4633 4.2797 0.0000
4.5084 4.0365 0.0000
4.2612 3.9736 0.0000
-2.3770 3.1495 0.0000
-2.6734 3.2581 0.0000
-2.8462 3.0465 0.0000
-1.5501 -3.5773 0.0000
-1.7815 -3.8208 0.0000
3.7371 2.5581 0.0000
3.5185 2.3571 0.0000
0.6171 -2.1001 0.0012
0.3834 -2.1979 0.0006
0.1344 -2.2953 0.0003
0.2074 -2.5586 0.0001
0.1682 -4.2530 0.0000
-0.0836 -4.3493 0.0000
0.6855 1.2975 0.0768
0.4222 1.2435 0.0834
4.7290 -4.6398 0.0000
4.5176 -4.7916 0.0000
-4.1154 0.6159 0.0000
-3.8063 0.9893 0.0000
-1.7683 4.5084 0.0000
-1.7429 4.2639 0.0000
-1.9241 4.0463 0.0000
0.9453 4.5944 0.0000
-4.4532 -1.6604 0.0000
0.7678 0.3866 0.4226
0.6103 0.2106 0.4754
3.2811 -3.9626 0.0000
4.4748 1.6957 0.0000
0.8580 -3.1431 0.0000
4.2877 -3.0789 0.0000
4.1377 -3.3239 0.0000
0.6211 2.6931 0.0001
0.4259 2.4978 0.0003
3.9822 -1.4913 0.0000
-2.0697 -1.5417 0.0000
-1.0659 4.2610 0.0000
-3.7509 -3.3502 0.0000
-4.0034 -3.4808 0.0000
2.4190 2.4921 0.0000
3.8966 0.1568 0.0000
3.9381 -0.1093 0.0000
3.8351 -0.3350 0.0000
-1.0376 -2.6026 0.0000
-1.1214 -2.8993 0.0000
2.4239 -4.4845 0.0000
2.1558 -4.5127 0.0000
2.0283 -4.7849 0.0000
2.7023 -1.7242 0.0000
2.4403 -1.8390 0.0000
4.0154 1.7127 0.0000
3.8942 1.4952 0.0000
1.9166 -4.3251 0.0000
1.8910 -4.5948 0.0000
1.6847 -4.7469 0.0000
1.4000 -4.7223 0.0000
3.2395 2.4388 0.0000
3.1763 2.1935 0.0000
3.2096 1.9157 0.0000
0.0463 1.8042 0.0074
-2.7762 2.5128 0.0000
-3.0529 2.5160 0.0000
-1.8512 -2.7979 0.0000
2.2861 0.8012 0.0001
2.0677 0.6355 0.0015
0.0759 4.7483 0.0000
-0.2074 4.7510 0.0000
0.0603 4.2434 0.0000
-2.6472 -2.1353 0.0000
3.3947 0.0971 0.0000
3.1072 0.1092 0.0000
-4.1300 -0.8452 0.0000
-4.2530 -1.0744 0.0000
-4.2576 -3.6115 0.0000
4.7695 -3.8572 0.0000
4.5286 -3.8564 0.0000
0.9031 2.2411 0.0013
-0.0689 -1.9994 0.0009
-3.4590 -2.8066 0.0000
2.3256 -1.3761 0.0000
-3.2674 -4.2664 0.0000
-3.5014 -4.4486 0.0000
-0.9809 -3.9090 0.0000
-0.9588 -4.1775 0.0000
3.5531 4.2691 0.0000
3.3513 4.0690 0.0000
1.4193 -3.9314 0.0000
-1.2815 -1.0891 0.0003
-1.2501 -1.3391 0.0002
-0.1271 2.7082 0.0000
-0.3208 2.5073 0.0001
-0.5512 2.3073 0.0002
-0.2797 2.2446 0.0005
-0.4281 2.0504 0.0008
-4.5708 0.6528 0.0000
1.6822 -1.7583 0.0004
1.3784 -1.9389 0.0007
2.8168 1.4481 0.0000
2.5492 1.5215 0.0000
-2.3817 -3.9491 0.0000
-2.5108 -4.1639 0.0000
0.5819 3.2197 0.0000
0.5388 2.9665 0.0000
1.6979 3.9089 0.0000
2.3789 1.6920 0.0000
2.1949 1.4947 0.0001
1.8926 -1.9869 0.0000
1.6194 -2.0517 0.0001
4.5136 -0.6708 0.0000
4.4864 -0.9505 0.0000
-1.9855 0.8136 0.0000
0.4432 -1.6183 0.0109
0.1908 -1.7530 0.0047
0.1591 -2.0223 0.0012
-3.5782 4.5346 0.0000
-3.8281 4.4825 0.0000
1.2185 3.6694 0.0000
1.0606 3.4176 0.0000
-2.3826 -0.1086 0.0000
2.2992 3.3183 0.0000
2.0809 3.2113 0.0000
1.8589 3.0982 0.0000
-1.7138 -4.3255 0.0000
-1.9934 -4.3607 0.0000
-1.3362 3.2629 0.0000
-1.5984 3.1108 0.0000
-4.0118 3.7532 0.0000
-4.2640 3.7525 0.0000
2.6005 -2.3176 0.0000
2.3837 -2.1260 0.0000
2.3248 -2.4148 0.0000
1.9598 -2.7590 0.0000
1.6609 -2.8389 0.0000
4.5211 2.2162 0.0000
1.8093 -0.1488 0.0140
-2.3208 -3.6822 0.0000
-2.5885 -3.7689 0.0000
-1.9902 -3.3371 0.0000
-4.5294 4.7589 0.0000
-4.4007 4.5327 0.0000
-4.7202 4.5048 0.0000
-4.5033 4.2941 0.0000
-4.7591 4.1978 0.0000
-1.8761 3.2541 0.0000
-1.9867 -0.2136 0.0000
-2.2077 -0.3169 0.0000
-2.4969 -0.3341 0.0000
-0.0813 4.4980 0.0000
-0.2220 4.2475 0.0000
0.8190 -4.3796 0.0000
0.9297 -4.5863 0.0000
0.6153 -4.5303 0.0000
3.9093 -2.7743 0.0000
3.7351 -2.9958 0.0000
-0.9158 -4.4928 0.0000
-1.0784 -4.7431 0.0000
-1.2646 -4.5630 0.0000
-1.4025 -4.7844 0.0000
-4.2881 -0.3225 0.0000
-4.5462 -0.3111 0.0000
-4.7595 -0.4715 0.0000
-3.2232 -0.1876 0.0000
-0.4999 0.9568 0.0288
-0.7508 0.9585 0.0116
-0.7702 0.7038 0.0170
-2.3339 -2.6346 0.0000
0.1585 -4.7776 0.0000
4.4860 3.7486 0.0000
4.3700 3.4858 0.0000
4.2606 3.2090 0.0000
-4.3821 0.4910 0.0000
-4.7388 0.4528 0.0000
3.1034 -0.1702 0.0000
-1.3316 3.5565 0.0000
-1.3291 2.9818 0.0000
-1.5699 2.8112 0.0000
0.0153 -4.5566 0.0000
-4.5103 3.7299 0.0000
-4.7545 3.5835 0.0000
-4.7441 3.2807 0.0000
-3.4166 -1.3085 0.0000
-3.3741 -1.6202 0.0000
-3.6471 -1.4658 0.0000
-3.6494 -1.7308 0.0000
-3.7212 -1.9747 0.0000
2.8676 -2.2087 0.0000
0.5810 -1.0018 0.0998
0.5365 -1.2903 0.0402
1.2936 -0.2861 0.1561
1.0412 -0.3030 0.2794
-2.4262 -2.9112 0.0000
4.7807 2.6876 0.0000
1.3827 1.7058 0.0058
1.3726 1.4497 0.0155
1.1853 1.2841 0.0444
-2.4519 3.9566 0.0000
-2.5209 3.7089 0.0000
3.4504 -3.7390 0.0000
3.4383 -1.6955 0.0000
3.1704 -1.7984 0.0000
3.0821 -2.4029 0.0000
3.0370 -2.7220 0.0000
4.7209 -4.1208 0.0000
4.5345 -4.3223 0.0000
2.1083 1.7702 0.0001
-2.6382 -1.8779 0.0000
-3.3098 -3.6545 0.0000
-3.5145 -3.8365 0.0000
-3.7748 -3.9635 0.0000
-3.7916 -4.2577 0.0000
-1.7799 -3.5322 0.0000
-2.0336 -3.6325 0.0000
-1.0622 2.8541 0.0000
4.1225 -4.0785 0.0000
3.9538 -4.3003 0.0000
4.0860 -4.5422 0.0000
3.9198 -4.7695 0.0000
0.2202 2.2986 0.0009
3.4696 0.5815 0.0000
3.3016 0.3557 0.0000
4.7621 -0.5346 0.0000
4.7542 -0.8156 0.0000
-1.3990 4.7560 0.0000
-1.7174 4.7610 0.0000
-1.4748 1.2034 0.0001
-1.5038 0.9358 0.0002
-1.7617 1.0135 0.0000
-1.6904 0.7166 0.0001
3.7500 -1.3228 0.0000
3.7014 -1.5932 0.0000
-4.2295 -3.0106 0.0000
-4.2370 -3.3047 0.0000
0.9996 1.9706 0.0045
0.8381 1.7564 0.0137
-1.0807 -1.7918 0.0001
-1.1359 -2.0829 0.0000
-3.5063 4.3167 0.0000
-3.5011 4.0551 0.0000
-3.7474 4.2142 0.0000
-4.0043 4.2584 0.0000
-3.7656 3.9327 0.0000
-4.0203 4.0135 0.0000
-3.2984 -4.7724 0.0000
-3.5808 -4.7360 0.0000
-3.9049 -4.7433 0.0000
-0.3970 -2.9872 0.0000
-0.3711 4.4975 0.0000
-0.6649 4.4808 0.0000
-0.9275 -2.2793 0.0000
-1.1885 -2.3830 0.0000
2.3573 -3.4261 0.0000
4.7753 2.1899 0.0000
3.6130 -3.2436 0.0000
3.5357 -3.4892 0.0000
-0.4741 -0.2288 0.0694
-0.6302 -0.4966 0.0299
-0.8649 -0.6952 0.0083
-0.8046 -0.9943 0.0052
-3.3402 0.8659 0.0000
-3.5943 0.7827 0.0000
-0.3156 0.5196 0.1004
-0.5970 0.4770 0.0434
-0.4222 0.2589 0.0906
-0.6897 0.2314 0.0363
-0.3684 0.0318 0.1090
-0.6198 0.0010 0.0486
-0.9070 0.0721 0.0149
-3.9627 -3.1688 0.0000
-4.0688 0.9040 0.0000
3.4379 4.5370 0.0000
3.8443 4.2329 0.0000
3.6751 4.0033 0.0000
0.9011 4.2155 0.0000
0.7661 3.9544 0.0000
0.4632 3.9374 0.0000
0.3250 3.6701 0.0000
-0.7881 3.7959 0.0000
-1.0807 3.7060 0.0000
-1.0841 3.4060 0.0000
4.7586 4.7604 0.0000
0.3242 -1.1058 0.0624
-4.2103 -2.4012 0.0000
-2.2503 4.4471 0.0000
-2.5156 4.5296 0.0000
-2.7567 4.3932 0.0000
4.7367 1.7005 0.0000
2.0872 4.2495 0.0000
1.9352 4.0435 0.0000
-0.3999 2.7835 0.0000
-0.5793 2.6014 0.0000
-0.8134 2.4446 0.0000
-0.7820 2.1775 0.0001
-1.0620 2.2369 0.0000
-1.5972 4.0018 0.0000
-2.3882 -1.8822 0.0000
1.6452 2.3892 0.0001
1.4712 2.1610 0.0006
-0.1873 -3.8487 0.0000
-0.4584 -4.0091 0.0000
-0.4386 -4.2802 0.0000
-0.1577 -4.7547 0.0000
2.9861 3.2773 0.0000
-4.7453 -1.2818 0.0000
-0.6284 -1.1548 0.0062
2.6224 1.2250 0.0000
2.4774 1.0022 0.0000
-0.1953 1.9012 0.0031
-0.4654 1.7598 0.0027
1.8311 -2.2752 0.0000
1.5576 -2.3582 0.0000
2.9553 -1.5926 0.0000
0.7070 -2.8852 0.0000
0.3857 -2.9892 0.0000
-1.3213 3.8551 0.0000
0.7942 -0.2610 0.3858
0.8741 -0.5038 0.2669
0.6593 -0.7202 0.1990
4.2433 -0.7676 0.0000
4.2090 -1.0501 0.0000
1.3851 0.0634 0.1400
1.0398 -2.9200 0.0000
2.0601 -1.1623 0.0002
3.6563 -0.0557 0.0000
3.5553 -0.3566 0.0000
-0.8638 -1.9815 0.0001
3.6673 -4.2716 0.0000
-4.2324 -2.7151 0.0000
4.7691 -0.2769 0.0000
0.2974 3.0796 0.0000
0.3383 2.7849 0.0001
0.0638 2.9013 0.0000
2.4038 2.7813 0.0000
-3.0121 -4.4059 0.0000
4.4422 -3.3634 0.0000
4.2690 -3.5905 0.0000
4.0150 -3.5693 0.0000
-0.5026 4.7463 0.0000
-0.7966 4.7491 0.0000
2.4341 2.2030 0.0000
-0.6719 -2.1786 0.0001
-2.2315 1.2523 0.0000
-2.2926 0.9469 0.0000
-2.8287 -3.6328 0.0000
-2.9388 -3.8410 0.0000
-3.1406 -3.7928 0.0000
-3.2811 -3.9891 0.0000
-3.5363 -4.1496 0.0000
2.2038 3.5819 0.0000
1.9652 3.4449 0.0000
1.4286 -1.7288 0.0016
1.1386 -1.8795 0.0020
1.3539 -2.1845 0.0002
1.1181 -2.1474 0.0005
0.8807 -2.0367 0.0014
-4.0253 1.1955 0.0000
-4.2847 1.0975 0.0000
-2.5129 -3.2033 0.0000
4.7571 -3.5813 0.0000
4.5266 -3.6140 0.0000
1.1731 -4.4980 0.0000
1.1011 -4.7764 0.0000
2.0139 0.0553 0.0031
1.8538 0.2250 0.0113
1.5783 0.3007 0.0588
1.6637 0.0501 0.0383
1.1300 4.7595 0.0000
-2.6293 -2.6726 0.0000
-0.6097 3.5127 0.0000
-0.8604 3.5437 0.0000
-0.7849 3.2742 0.0000
-1.0722 3.1363 0.0000
-1.3472 -0.8379 0.0004
-1.5255 -1.1408 0.0001
3.5089 1.8565 0.0000
4.3269 -2.3993 0.0000
4.0843 -2.5229 0.0000
2.5574 -1.2030 0.0000
2.4900 -1.5506 0.0000
2.2285 -1.6478 0.0000
1.0996 0.1543 0.3119
-1.5765 3.7008 0.0000
-1.5819 3.3954 0.0000
-3.4358 1.6461 0.0000
-3.4812 1.3520 0.0000
-1.1262 1.3816 0.0006
-1.3572 1.4169 0.0001
-1.2277 1.1025 0.0008
3.4222 2.1262 0.0000
2.6842 2.0769 0.0000
2.5598 1.8766 0.0000
2.3138 1.9867 0.0000
0.4545 -2.4262 0.0002
0.4352 -2.7253 0.0000
-2.8857 -1.8419 0.0000
-2.9006 -2.1041 0.0000
-3.0759 -2.3363 0.0000
-4.0474 -4.4418 0.0000
-4.3362 -4.5075 0.0000
-4.5294 -4.3489 0.0000
-4.7323 -4.5132 0.0000
-4.5081 -4.7213 0.0000
-4.7786 -4.7812 0.0000
-0.8586 -2.8068 0.0000
-1.5218 -1.4077 0.0000
-1.5768 -1.6893 0.0000
1.3691 2.4323 0.0002
1.0922 2.4778 0.0003
1.1845 2.2067 0.0010
3.0780 -0.9987 0.0000
2.8104 -1.1142 0.0000
2.9315 -1.3126 0.0000
2.7050 -1.4223 0.0000
-3.6285 0.4965 0.0000
-3.8964 0.4151 0.0000
-4.1676 0.3490 0.0000
0.2898 -3.5717 0.0000
0.0531 -3.7019 0.0000
0.1935 -3.8980 0.0000
0.0192 -4.0420 0.0000
-0.2132 -4.1482 0.0000
3.6690 1.6379 0.0000
3.4678 -1.3994 0.0000
3.2191 -1.5133 0.0000
0.9791 0.3603 0.3555
2.3686 1.3210 0.0000
2.0323 1.2787 0.0006
2.3500 -3.1225 0.0000
3.3927 -1.9843 0.0000
3.1237 -2.0944 0.0000
-2.3462 -1.6128 0.0000
-4.2619 1.7027 0.0000
-4.5062 1.5491 0.0000
-4.2389 1.4119 0.0000
-4.5092 1.2607 0.0000
-4.7577 1.4063 0.0000
0.8153 4.7844 0.0000
0.2065 3.9858 0.0000
2.1065 -3.2330 0.0000
3.4970 -4.5053 0.0000
3.2213 -4.4628 0.0000
2.1823 2.3334 0.0000
2.0552 2.0707 0.0000
2.0552 -1.4161 0.0001
1.9573 -1.7002 0.0001
3.3631 -0.9033 0.0000
3.3033 -1.1779 0.0000
4.2220 1.5165 0.0000
4.0598 1.2624 0.0000
1.6575 -0.3936 0.0284
1.6220 -0.6617 0.0222
1.5864 -0.9283 0.0144
1.3494 -0.7519 0.0616
1.3486 -2.9158 0.0000
4.2268 0.5261 0.0000
4.2041 0.2570 0.0000
4.1840 -0.0028 0.0000
-2.3539 2.8299 0.0000
-2.4978 2.5378 0.0000
0.4584 -4.3424 0.0000
-1.8632 -1.7871 0.0000
-4.7821 2.0118 0.0000
0.8511 0.1644 0.4424
0.7122 -0.0089 0.4713
1.5746 -3.3854 0.0000
1.5039 -3.6629 0.0000
0.4666 0.9828 0.1695
0.2049 1.0377 0.1163
0.3025 0.8099 0.2114
0.2072 0.5772 0.2678
2.7450 -4.5318 0.0000
2.5796 -4.7334 0.0000
2.3125 -4.7551 0.0000
1.1820 -2.6760 0.0000
0.9255 -2.6365 0.0000
4.2645 -3.8329 0.0000
3.9992 -3.8107 0.0000
3.8380 -4.0407 0.0000
-1.0751 1.6622 0.0003
-1.3630 1.6868 0.0000
1.1018 -3.1911 0.0000
-2.0419 -1.2803 0.0000
4.2610 2.1419 0.0000
-4.5387 0.9589 0.0000
-4.7643 1.1060 0.0000
-4.7781 0.7935 0.0000
3.3634 -0.1511 0.0000
3.2590 -0.4296 0.0000
-3.4222 0.2950 0.0000
-3.4726 0.0046 0.0000
-3.4961 -0.2745 0.0000
-3.7570 -0.3620 0.0000
-2.5944 1.7458 0.0000
-1.2596 -4.0579 0.0000
-1.5915 -4.0706 0.0000
2.2554 0.1488 0.0003
2.0828 -0.1736 0.0015
-2.1415 -2.8600 0.0000
1.2888 4.5296 0.0000
1.0815 4.4086 0.0000
3.7287 -3.7671 0.0000
3.5610 -4.0037 0.0000
1.9298 -0.4207 0.0043
3.9685 -0.8357 0.0000
3.8391 -1.0510 0.0000
1.7786 -3.5928 0.0000
1.9756 -3.7973 0.0000
-0.0048 1.5539 0.0179
-0.0908 1.3133 0.0333
-0.3073 1.1212 0.0344
-3.7617 3.3225 0.0000
-3.9526 3.1241 0.0000
-4.2163 2.9920 0.0000
1.3194 -3.4333 0.0000
1.2173 -3.6959 0.0000
2.7525 0.9349 0.0000
2.5662 0.7132 0.0000
2.3541 0.4944 0.0001
-4.7578 2.9623 0.0000
-3.1750 1.7422 0.0000
-3.2243 1.4470 0.0000
-4.1821 -0.5981 0.0000
-4.4700 -0.5751 0.0000
-4.4312 -0.8430 0.0000
2.7759 -3.7702 0.0000
2.6153 -3.9956 0.0000
2.6357 -4.3239 0.0000
4.7599 0.9651 0.0000
4.7434 0.7325 0.0000
4.7501 0.4705 0.0000
4.4798 0.9513 0.0000
4.4949 0.6669 0.0000
4.4856 0.3832 0.0000
-0.1875 -3.5526 0.0000
-0.4287 -3.4932 0.0000
-0.4546 -3.7487 0.0000
1.9327 2.8422 0.0000
2.1599 2.6357 0.0000
1.9120 2.5741 0.0000
3.2610 4.3288 0.0000
-0.3059 -1.9167 0.0008
-0.3928 -2.1677 0.0002
-1.9302 0.5420 0.0000
-2.1524 0.3306 0.0000
-2.2114 0.6410 0.0000
-2.4184 0.4451 0.0000
2.4178 3.0722 0.0000
2.1700 2.9636 0.0000
-1.2207 -3.7573 0.0000
-1.4783 -3.8257 0.0000
2.7898 3.1200 0.0000
2.6505 2.9192 0.0000
-4.2672 0.1280 0.0000
-2.1485 1.5223 0.0000
2.0793 -0.9022 0.0004
1.8286 -0.9300 0.0032
4.7864 3.2695 0.0000
4.7182 2.9661 0.0000
-1.1018 4.7432 0.0000
-1.5256 4.5300 0.0000
3.1810 0.6347 0.0000
3.0020 0.3989 0.0000
2.8055 0.1916 0.0000
3.8077 2.3005 0.0000
3.6865 2.0678 0.0000
4.2061 4.7537 0.0000
3.9169 4.7361 0.0000
3.9970 2.5852 0.0000
3.9212 2.8213 0.0000
3.6556 2.8213 0.0000
3.4457 2.6418 0.0000
-2.5785 -1.3543 0.0000
-2.8858 -1.2908 0.0000
-2.5853 -1.6332 0.0000
-2.8180 -1.5543 0.0000
-3.0540 -1.6126 0.0000
-1.9484 1.3130 0.0000
-1.8114 3.5157 0.0000
-2.8608 -2.7893 0.0000
-4.5349 3.1123 0.0000
-2.0982 -3.9067 0.0000
-2.2228 -4.2020 0.0000
0.4594 0.6491 0.3103
0.5501 0.4427 0.4099
0.3463 0.3992 0.3722
0.1231 0.3262 0.2951
3.3423 1.6446 0.0000
2.7941 3.4516 0.0000
2.5986 3.2631 0.0000
0.1446 2.5981 0.0001
-0.0450 2.4010 0.0003
-0.0711 2.1231 0.0014
2.6491 4.7716 0.0000
2.7791 4.5282 0.0000
2.6652 2.6304 0.0000
2.6884 2.3592 0.0000
-2.2887 3.6389 0.0000
-2.4534 3.4241 0.0000
4.4590 0.1065 0.0000
-4.2135 -1.8456 0.0000
-3.5079 3.2372 0.0000
-3.6898 2.9910 0.0000
-2.2401 -3.4156 0.0000
-2.4606 -3.4418 0.0000
-2.6346 -3.5019 0.0000
3.3405 -2.2685 0.0000
0.0919 3.7598 0.0000
-0.1840 3.7203 0.0000
-0.3338 3.5082 0.0000
-1.5392 2.4823 0.0000
-1.6462 2.1616 0.0000
-1.8546 2.0199 0.0000
3.9342 -1.7612 0.0000
4.1610 -1.9250 0.0000
3.8943 -2.0396 0.0000
1.1479 -0.5539 0.1607
0.9473 -0.7285 0.1634
0.8393 -0.9482 0.1080
1.1268 -0.8707 0.0870
1.0534 -1.1273 0.0491
0.7870 -1.2167 0.0502
-1.3931 -2.9850 0.0000
-1.4541 -3.2887 0.0000
-3.5983 4.7725 0.0000
-3.8720 4.7619 0.0000
-4.0596 4.6291 0.0000
-0.2981 -4.5085 0.0000
-3.8535 0.7000 0.0000
1.1371 -3.9582 0.0000
0.9037 -4.0528 0.0000
3.5643 -1.1163 0.0000
-0.4077 -3.2448 0.0000
-0.6488 -3.2325 0.0000
-1.2864 4.1244 0.0000
3.9143 0.9838 0.0000
3.6790 0.7820 0.0000
3.7396 0.5087 0.0000
3.6221 0.2719 0.0000
1.5568 3.4758 0.0000
1.3409 3.4160 0.0000
1.2174 3.1738 0.0000
-3.6297 -0.8374 0.0000
1.4660 -2.6357 0.0000
2.4899 0.2448 0.0000
2.3315 -0.1024 0.0001
-0.1565 -3.0050 0.0000
0.0887 -3.0955 0.0000
0.0749 -3.4042 0.0000
-0.1660 -3.2710 0.0000
-2.6932 0.5231 0.0000
-2.9153 0.4502 0.0000
-3.1615 0.3812 0.0000
-3.1871 0.1020 0.0000
-1.7055 1.2673 0.0000
-2.2344 -3.1454 0.0000
-4.4803 -1.9499 0.0000
-0.9446 4.4983 0.0000
-3.1278 -3.2240 0.0000
1.5968 -3.1125 0.0000
-4.7341 -1.7865 0.0000
1.1615 1.0131 0.0971
0.8854 0.8777 0.1992
0.6345 0.8008 0.2574
3.2956 4.7832 0.0000
-0.3079 -2.4752 0.0000
-0.3556 -2.7297 0.0000
-0.5981 -2.6971 0.0000
0.7971 2.4975 0.0003
0.6216 2.3312 0.0009
-4.5406 -2.3124 0.0000
-4.7611 -2.3697 0.0000
-4.7329 -2.6558 0.0000
-4.7474 -2.9716 0.0000
3.1127 -3.0289 0.0000
2.8369 -3.0253 0.0000
2.5916 -3.2067 0.0000
3.5692 1.4147 0.0000
-3.7893 -2.4438 0.0000
-3.9968 -2.5800 0.0000
1.3363 3.9491 0.0000
2.2282 -0.3872 0.0003
2.1325 -0.6444 0.0005
1.8588 -0.6768 0.0047
