5.0000 5.0000 0.0000
0.0000 5.0000 0.0002
2.5000 5.0000 0.0000
3.7500 5.0000 0.0000
4.3750 5.0000 0.0000
4.6875 5.0000 0.0000
4.0625 5.0000 0.0000
3.1250 5.0000 0.0000
3.4375 5.0000 0.0000
2.8125 5.0000 0.0000
1.2500 5.0000 0.0000
1.8750 5.0000 0.0000
2.1875 5.0000 0.0000
1.5625 5.0000 0.0000
0.6250 5.0000 0.0000
0.9375 5.0000 0.0000
0.3125 5.0000 0.0001
-2.5000 5.0000 0.0009
-1.2500 5.0000 0.0045
-0.6250 5.0000 0.0016
-0.3125 5.0000 0.0007
-0.9375 5.0000 0.0029
-1.8750 5.0000 0.0045
-1.5625 5.0000 0.0053
-2.1875 5.0000 0.0026
-3.7500 5.0000 0.0000
-3.1250 5.0000 0.0000
-2.8125 5.0000 0.0002
-3.4375 5.0000 0.0000
-4.3750 5.0000 0.0000
-4.0625 5.0000 0.0000
-4.6875 5.0000 0.0000
5.0000 -5.0000 0.0000
5.0000 0.0000 0.0000
5.0000 -2.5000 0.0000
5.0000 -3.7500 0.0000
5.0000 -4.3750 0.0000
5.0000 -4.6875 0.0000
5.0000 -4.0625 0.0000
5.0000 -3.1250 0.0000
5.0000 -3.4375 0.0000
5.0000 -2.8125 0.0000
5.0000 -1.2500 0.0000
5.0000 -1.8750 0.0000
5.0000 -2.1875 0.0000
5.0000 -1.5625 0.0000
5.0000 -0.6250 0.0000
5.0000 -0.9375 0.0000
5.0000 -0.3125 0.0000
5.0000 2.5000 0.0000
5.0000 1.2500 0.0000
5.0000 0.6250 0.0000
5.0000 0.3125 0.0000
5.0000 0.9375 0.0000
5.0000 1.8750 0.0000
5.0000 1.5625 0.0000
5.0000 2.1875 0.0000
5.0000 3.7500 0.0000
5.0000 3.1250 0.0000
5.0000 2.8125 0.0000
5.0000 3.4375 0.0000
5.0000 4.3750 0.0000
5.0000 4.0625 0.0000
5.0000 4.6875 0.0000
-5.0000 -5.0000 0.0000
0.0000 -5.0000 0.0000
-2.5000 -5.0000 0.0000
-3.7500 -5.0000 0.0000
-4.3750 -5.0000 0.0000
-4.6875 -5.0000 0.0000
-4.0625 -5.0000 0.0000
-3.1250 -5.0000 0.0000
-3.4375 -5.0000 0.0000
-2.8125 -5.0000 0.0000
-1.2500 -5.0000 0.0000
-1.8750 -5.0000 0.0000
-2.1875 -5.0000 0.0000
-1.5625 -5.0000 0.0000
-0.6250 -5.0000 0.0000
-0.9375 -5.0000 0.0000
-0.3125 -5.0000 0.0000
2.5000 -5.0000 0.0000
1.2500 -5.0000 0.0000
0.6250 -5.0000 0.0000
0.3125 -5.0000 0.0000
0.9375 -5.0000 0.0000
1.8750 -5.0000 0.0000
1.5625 -5.0000 0.0000
2.1875 -5.0000 0.0000
3.7500 -5.0000 0.0000
3.1250 -5.0000 0.0000
2.8125 -5.0000 0.0000
3.4375 -5.0000 0.0000
4.3750 -5.0000 0.0000
4.0625 -5.0000 0.0000
4.6875 -5.0000 0.0000
-5.0000 5.0000 0.0000
-5.0000 0.0000 0.0000
-5.0000 2.5000 0.0000
-5.0000 3.7500 0.0000
-5.0000 4.3750 0.0000
-5.0000 4.6875 0.0000
-5.0000 4.0625 0.0000
-5.0000 3.1250 0.0000
-5.0000 3.4375 0.0000
-5.0000 2.8125 0.0000
-5.0000 1.2500 0.0000
-5.0000 1.8750 0.0000
-5.0000 2.1875 0.0000
-5.0000 1.5625 0.0000
-5.0000 0.6250 0.0000
-5.0000 0.9375 0.0000
-5.0000 0.3125 0.0000
-5.0000 -2.5000 0.0000
-5.0000 -1.2500 0.0000
-5.0000 -0.6250 0.0000
-5.0000 -0.3125 0.0000
-5.0000 -0.9375 0.0000
-5.0000 -1.8750 0.0000
-5.0000 -1.5625 0.0000
-5.0000 -2.1875 0.0000
-5.0000 -3.7500 0.0000
-5.0000 -3.1250 0.0000
-5.0000 -2.8125 0.0000
-5.0000 -3.4375 0.0000
-5.0000 -4.3750 0.0000
-5.0000 -4.0625 0.0000
-5.0000 -4.6875 0.0000
3.5182 -3.0618 0.0000
0.7769 -0.5664 0.0180
0.6587 -0.7886 0.0376
0.5143 -0.6337 0.0502
0.4158 -0.8317 0.0797
-4.2618 0.2259 0.0000
-1.5440 2.7258 0.0210
3.8075 0.5188 0.0000
1.3628 -3.9950 0.0000
1.2011 -4.1995 0.0000
2.7493 4.2066 0.0000
4.5105 1.0533 0.0000
-2.0175 -4.7709 0.0000
1.3870 4.7533 0.0000
-1.0015 -1.5358 0.0372
-1.0010 -1.7532 0.0328
2.9575 1.9303 0.0000
2.8655 1.6508 0.0000
-1.5479 -3.6984 0.0009
-1.7790 -3.7602 0.0005
-1.9930 -3.8977 0.0002
-2.2105 -4.0365 0.0000
0.9316 -2.2123 0.0007
1.0134 -2.4828 0.0001
-0.0990 2.2950 0.0000
-1.9612 3.3421 0.1282
-2.0869 3.2919 0.1426
-1.9808 3.2257 0.1370
-2.1799 3.3725 0.1279
-2.1736 3.2227 0.1508
-2.2644 3.2816 0.1313
-2.2795 3.1664 0.1482
-2.1746 3.1172 0.1642
-2.2582 3.0713 0.1663
-2.3382 3.0352 0.1591
-2.6881 -0.4514 0.1170
-2.7901 -0.5832 0.0742
1.0407 0.9868 0.0000
0.9074 0.7430 0.0001
0.4042 2.2716 0.0000
1.7627 -2.1767 0.0000
-3.9456 -1.6771 0.0000
-0.1560 2.8889 0.0000
-4.7498 -3.2993 0.0000
0.4892 -4.5086 0.0000
-2.1332 -3.6910 0.0003
-2.3655 -3.8385 0.0001
4.7419 -1.7664 0.0000
4.7370 -2.0468 0.0000
4.4950 -2.2065 0.0000
-1.9546 -4.1881 0.0000
-0.8906 1.4115 0.0000
-1.1112 1.2259 0.0000
-3.8835 -1.9671 0.0000
-1.6922 3.6636 0.0793
-1.8575 3.6225 0.0971
-1.9756 3.7767 0.0825
-1.6851 3.4991 0.0829
-1.8063 3.4532 0.1018
-1.8343 3.3149 0.1090
-2.0246 3.5882 0.1057
-1.9289 3.4723 0.1153
-2.0661 3.4352 0.1250
-2.6505 0.0251 0.1570
-2.7192 -0.0501 0.1433
-2.7910 -0.1675 0.1071
-2.9821 -0.1571 0.0306
-3.9007 3.9317 0.0000
-3.5980 3.7779 0.0000
-2.8394 -1.2761 0.0194
-3.6845 -1.7528 0.0000
4.7213 2.9095 0.0000
1.1115 -4.7510 0.0000
-2.9718 -2.6690 0.0002
-3.2057 -2.8441 0.0000
2.1080 -3.8527 0.0000
1.8731 -3.9722 0.0000
1.8012 -4.2703 0.0000
0.0599 2.7277 0.0000
-4.6926 -2.7694 0.0000
-4.5795 3.7042 0.0000
-4.7833 3.5714 0.0000
-3.9324 -3.4007 0.0000
-4.2078 -3.6198 0.0000
-1.5456 -1.4535 0.0063
0.8425 -0.2831 0.0076
0.5941 -0.4189 0.0273
0.3720 -0.4543 0.0513
0.3151 -0.6584 0.0799
-2.6785 -0.9122 0.0798
-2.8888 -1.0332 0.0208
4.7536 -2.3490 0.0000
4.5175 -2.5145 0.0000
4.0488 -2.8474 0.0000
4.1068 0.6584 0.0000
3.2518 0.3485 0.0000
0.9368 -3.6936 0.0000
0.9954 -3.9868 0.0000
0.6980 -3.7886 0.0000
0.7430 -4.0271 0.0000
-2.3862 3.1279 0.1302
-2.4471 3.0124 0.1314
-2.6063 2.9851 0.0767
-2.3638 2.9321 0.1709
-2.4659 2.8937 0.1459
-3.6831 2.1243 0.0000
-3.9000 1.9362 0.0000
0.4747 4.7597 0.0000
4.5227 4.7252 0.0000
2.5182 4.0020 0.0000
-4.2179 0.8279 0.0000
-4.4555 0.6826 0.0000
-2.6417 1.2334 0.2313
-2.7141 1.1936 0.2080
-2.7952 1.1675 0.1581
-2.5475 1.2286 0.2169
-2.6021 1.1447 0.2264
-2.6899 1.1131 0.2175
-2.7708 1.0811 0.1760
-2.6204 1.0472 0.2230
-2.7140 1.0126 0.2066
-2.8927 1.0523 0.0933
-2.7236 0.9046 0.2000
-2.7880 0.9622 0.1652
-2.8856 0.8870 0.0992
-2.7732 0.8395 0.1729
-0.5272 -4.2470 0.0000
-0.7961 -4.2774 0.0000
3.9671 -2.3179 0.0000
3.7072 -2.4531 0.0000
-1.2174 -1.7491 0.0180
1.2027 -0.7299 0.0017
1.3631 -0.9474 0.0005
1.0764 -1.0288 0.0043
4.4828 -1.3389 0.0000
4.2395 -1.3882 0.0000
4.7622 3.1439 0.0000
0.9854 -0.0168 0.0017
4.2153 -0.6436 0.0000
4.0122 -0.9337 0.0000
3.8050 -1.0998 0.0000
1.0839 4.7545 0.0000
1.4394 -3.0930 0.0000
4.2764 -3.2891 0.0000
3.0737 -4.0426 0.0000
-2.4214 1.4168 0.1658
-2.4795 1.3290 0.1921
-2.3571 1.3118 0.1106
-2.4655 1.2454 0.1740
-2.3876 1.1572 0.1125
-2.5021 1.1491 0.1862
4.4518 -1.8947 0.0000
4.2227 -2.1115 0.0000
-0.0003 4.0250 0.0002
0.1393 -1.0107 0.1341
0.0176 -1.0593 0.1462
0.1218 -1.1222 0.1398
0.0353 -1.1722 0.1476
-0.0653 -1.1277 0.1503
-0.0432 -1.2231 0.1503
-0.1185 -1.2558 0.1494
-1.3463 4.2448 0.0282
-1.4069 4.0045 0.0409
0.7144 -1.9941 0.0074
0.6202 -2.2617 0.0049
-3.9724 0.2449 0.0000
1.2234 0.7954 0.0000
-0.6015 -1.6578 0.0800
-0.8313 -1.9531 0.0418
3.9835 -1.2789 0.0000
-2.3580 -1.3182 0.0552
-2.2538 -1.5173 0.0401
-2.4892 -1.5054 0.0584
-2.1981 3.5355 0.0998
-2.3277 3.4164 0.0959
-2.4121 3.2681 0.0988
-2.5461 3.1587 0.0744
-2.7032 3.2724 0.0273
1.4359 0.6206 0.0000
-2.9145 -3.2550 0.0000
-0.9886 -3.8329 0.0003
-0.9561 -4.0974 0.0000
-2.0819 3.1685 0.1539
-2.0891 3.0635 0.1612
-2.1812 3.0131 0.1750
-2.2747 2.9704 0.1791
2.6342 -2.4342 0.0000
2.5425 -2.6952 0.0000
-4.3024 2.9567 0.0000
-4.5086 2.8211 0.0000
-1.5591 4.6095 0.0159
-1.3050 -0.1938 0.0037
-1.5915 -0.1609 0.0010
-1.9166 -0.1215 0.0004
4.7782 -4.7811 0.0000
4.5085 -4.7122 0.0000
0.6774 0.5565 0.0005
-4.4381 -1.3913 0.0000
-4.7601 -1.4191 0.0000
-2.4071 1.5265 0.1706
-2.4830 1.4861 0.2111
-2.5292 1.4020 0.2242
-2.6602 1.5038 0.2268
-2.5685 1.4832 0.2397
-2.6305 1.4084 0.2363
-2.5765 1.3159 0.2322
-2.6774 1.3178 0.2233
-2.7197 1.3980 0.2006
-2.7519 1.2732 0.1848
1.3427 0.3299 0.0000
-0.4580 3.3119 0.0007
2.0893 -4.1358 0.0000
1.9191 0.4190 0.0000
1.8042 0.1600 0.0000
-0.6522 4.3584 0.0055
-0.8918 4.2448 0.0118
-0.0617 -2.1376 0.0655
-0.2579 -2.3324 0.0516
-0.2684 -2.5572 0.0327
-4.1504 -1.8128 0.0000
4.7795 0.4336 0.0000
4.7485 0.1526 0.0000
-1.8101 -2.7563 0.0168
-2.0901 -2.8300 0.0112
-2.4959 2.6128 0.1834
-2.5622 2.5514 0.1637
-2.6758 2.5143 0.1094
-2.3159 2.5713 0.2150
-2.4011 2.5780 0.2146
-2.4675 2.5143 0.2085
-2.5427 2.4593 0.1882
-2.3691 2.4798 0.2238
-2.4447 2.4174 0.2251
-2.5348 2.3634 0.2061
-2.6171 2.4053 0.1581
-2.6219 2.3025 0.1713
-2.7319 2.3565 0.0999
-2.5948 2.2228 0.1978
-2.6684 2.1956 0.1588
-2.7771 2.2160 0.0912
-3.1941 2.2112 0.0034
-2.7714 2.0693 0.1096
-2.9548 2.0706 0.0309
-3.1268 1.9053 0.0082
-3.3246 1.7439 0.0015
2.8665 -1.6058 0.0000
2.8034 -1.8830 0.0000
3.7207 -2.1496 0.0000
3.4897 -2.2672 0.0000
4.0389 -4.0126 0.0000
4.0375 -4.2806 0.0000
3.8018 -4.2875 0.0000
3.9729 -0.6705 0.0000
3.7065 -0.5674 0.0000
-1.1214 4.7357 0.0080
-1.4004 4.7805 0.0095
2.7396 -2.1569 0.0000
2.0242 3.9445 0.0000
2.0469 3.6361 0.0000
1.8093 3.7604 0.0000
3.4766 4.4674 0.0000
3.3121 4.2563 0.0000
0.6621 2.4927 0.0000
0.9164 2.2346 0.0000
0.6573 2.2479 0.0000
-3.5271 -0.0497 0.0002
-3.6942 -0.2845 0.0000
-3.8256 -0.0191 0.0000
-3.9645 -0.2731 0.0000
4.4421 2.9769 0.0000
-2.5946 -0.2232 0.1335
-2.6038 -0.3502 0.1279
-2.7212 -0.2912 0.1227
1.5640 3.7101 0.0000
1.2965 3.7154 0.0000
1.1349 3.4797 0.0000
0.8370 3.4990 0.0000
0.9418 3.2406 0.0000
-1.5678 -4.5113 0.0000
4.3336 4.5246 0.0000
4.3102 4.2472 0.0000
-0.4004 -0.0431 0.0217
-0.3076 -0.2756 0.0464
-0.5101 -0.3333 0.0424
-0.8449 -0.0511 0.0101
-0.5990 -0.1248 0.0212
-0.7519 -0.3097 0.0257
-0.8841 -0.4951 0.0277
-1.0398 -0.6592 0.0235
-0.5895 3.5563 0.0026
0.4410 -2.4998 0.0048
0.1885 -2.6635 0.0075
0.1699 -2.9479 0.0019
-0.1077 -3.0756 0.0030
-0.0702 -3.3727 0.0004
1.6681 1.1275 0.0000
1.3488 1.0163 0.0000
0.2154 -0.7753 0.1055
0.0894 -0.6774 0.1052
0.2655 -0.9381 0.1125
0.1385 -0.8837 0.1251
0.0448 -0.8079 0.1246
0.0286 -0.9429 0.1387
-2.9510 -4.7629 0.0000
-3.1100 -4.5433 0.0000
-3.2601 -4.7690 0.0000
2.5598 -4.4581 0.0000
2.6441 -4.7414 0.0000
1.7946 4.4844 0.0000
-1.4544 -1.7040 0.0087
-1.7301 -1.7046 0.0057
-1.9734 -1.8518 0.0175
-1.5797 -2.2165 0.0127
2.3307 -4.2687 0.0000
4.5027 4.0646 0.0000
4.2664 3.9203 0.0000
4.1983 3.6479 0.0000
-2.3558 -4.7709 0.0000
3.0121 -3.3388 0.0000
2.7944 -3.5395 0.0000
2.9769 -1.0602 0.0000
2.9245 -1.3294 0.0000
2.6412 -1.4337 0.0000
4.7648 -1.4906 0.0000
4.5240 -1.5903 0.0000
4.1109 4.1190 0.0000
3.8519 4.1812 0.0000
3.0318 -2.8333 0.0000
2.7486 -2.9369 0.0000
2.7340 -3.2346 0.0000
-3.7448 0.8970 0.0000
-0.3169 2.0710 0.0000
-0.5091 1.8627 0.0000
-1.4800 1.9857 0.0008
3.7109 -1.3534 0.0000
3.6523 -1.6210 0.0000
3.7057 -0.2870 0.0000
-0.5612 -3.4515 0.0013
-0.7676 -3.6720 0.0005
2.2291 4.1622 0.0000
4.7501 1.7513 0.0000
-4.7594 2.9555 0.0000
4.5214 -3.4372 0.0000
-4.3704 2.5918 0.0000
-4.7183 2.6330 0.0000
-4.7780 2.3436 0.0000
-0.5227 -1.3363 0.1062
-0.5334 -1.5114 0.0973
-3.8641 -0.9009 0.0000
0.8943 2.7323 0.0000
1.1416 -0.2364 0.0012
1.0373 -0.4999 0.0041
0.9353 -0.7746 0.0102
3.6459 4.7708 0.0000
3.4919 4.6849 0.0000
3.2517 2.1820 0.0000
3.2310 1.9305 0.0000
3.1461 1.6767 0.0000
3.0548 1.3987 0.0000
-4.4720 -2.1568 0.0000
2.4570 2.1158 0.0000
-1.9206 1.2370 0.0020
-2.1952 1.2071 0.0297
2.0036 -2.0282 0.0000
2.0240 -2.3296 0.0000
2.8031 -4.2872 0.0000
0.4000 -1.0205 0.0916
0.4062 -1.1778 0.0914
0.2573 -1.1009 0.1203
0.2977 -1.2802 0.1109
0.1870 -1.2125 0.1315
0.1794 -1.3472 0.1279
0.0851 -1.2558 0.1427
-0.0070 -1.3033 0.1471
0.0676 -1.3704 0.1393
-0.0059 -1.4366 0.1394
-3.3983 -1.7675 0.0001
3.7986 -4.0392 0.0000
3.5412 -3.9440 0.0000
3.3204 -4.1039 0.0000
-1.7220 -4.7485 0.0000
-2.3721 3.9818 0.0263
-4.4938 4.0182 0.0000
-4.7529 3.8952 0.0000
-4.3648 3.7692 0.0000
2.3142 1.5351 0.0000
2.1077 1.4026 0.0000
2.5000 3.0229 0.0000
2.4887 2.7169 0.0000
-2.2791 1.4722 0.0844
4.0545 4.4001 0.0000
-3.1586 -3.4285 0.0000
1.0736 -1.3212 0.0033
0.8929 -1.4788 0.0090
2.8974 3.6579 0.0000
2.8856 3.3718 0.0000
-4.7565 -3.8864 0.0000
-4.5107 -3.9927 0.0000
-4.7429 -4.2021 0.0000
-0.6675 -1.4228 0.0820
-0.7822 -1.5524 0.0618
-0.7971 -1.7412 0.0528
-1.1803 -3.0999 0.0111
-1.1595 -3.3544 0.0047
-1.3842 -3.4569 0.0030
1.2168 4.5007 0.0000
1.0529 4.2498 0.0000
-4.7422 -3.5852 0.0000
-3.6044 0.6927 0.0001
-3.8000 0.4692 0.0000
-1.6209 -2.9644 0.0129
-1.6850 -3.2260 0.0062
0.7576 4.2613 0.0000
1.5071 4.4990 0.0000
1.1993 -3.8175 0.0000
2.5283 -3.4840 0.0000
2.3349 -3.6741 0.0000
4.4948 3.7639 0.0000
4.4446 3.4938 0.0000
-3.3668 -0.9674 0.0003
-3.6339 -1.0250 0.0000
-2.7637 -2.2298 0.0033
0.8090 -4.7491 0.0000
-1.0188 3.2729 0.0096
2.1822 2.0140 0.0000
-4.0562 -4.2237 0.0000
-3.1051 -3.9892 0.0000
-4.5757 -0.6422 0.0000
-4.7212 -0.8439 0.0000
-4.7866 -1.0994 0.0000
-0.6100 2.1832 0.0000
0.4569 4.2691 0.0000
0.2977 4.0311 0.0000
1.4730 1.7562 0.0000
-3.2367 -0.0872 0.0028
-3.1362 -0.3702 0.0057
-2.4228 -4.1856 0.0000
-2.6766 -4.2782 0.0000
-2.8073 -4.5028 0.0000
0.2203 -4.4295 0.0000
3.9852 0.1455 0.0000
4.7632 4.2113 0.0000
3.6111 0.7193 0.0000
3.5236 0.4395 0.0000
2.6643 -1.1721 0.0000
0.4716 -3.9697 0.0000
0.2212 -4.1189 0.0000
-0.0094 -4.2704 0.0000
-3.3647 -3.8943 0.0000
0.4550 -2.0310 0.0247
0.2641 -1.9642 0.0540
-1.4439 -2.4544 0.0164
-1.2727 -2.6723 0.0190
-1.5439 -2.7033 0.0176
-0.7022 -3.9752 0.0000
-1.2198 -4.0091 0.0001
-1.8563 3.1832 0.1119
-1.9827 3.1036 0.1396
-2.1008 2.9697 0.1663
-2.0003 2.9832 0.1417
-2.0305 2.8743 0.1455
-2.2026 2.9212 0.1840
-2.1248 2.8927 0.1723
-2.1050 2.8018 0.1652
-2.1106 2.7151 0.1622
-2.1982 2.8228 0.1885
-2.1994 2.7351 0.1901
-2.2373 2.6569 0.1990
-2.2298 2.5699 0.1950
-2.3211 2.6643 0.2103
-2.2847 2.8686 0.1912
-2.3719 2.8342 0.1850
-2.2886 2.7642 0.2015
-2.3829 2.7413 0.1967
-2.4164 2.6646 0.2006
0.5332 -4.7644 0.0000
1.3434 4.2385 0.0000
2.6825 1.9127 0.0000
2.5911 1.6057 0.0000
3.5887 4.2085 0.0000
3.3955 3.9740 0.0000
3.3754 3.7113 0.0000
-1.2199 3.0789 0.0136
-1.4804 3.2054 0.0421
-1.6774 3.3063 0.0789
-1.6921 3.1191 0.0718
-1.8593 3.0284 0.1051
-1.4815 2.9770 0.0291
-1.7056 2.9092 0.0579
-1.8956 2.8730 0.1028
-0.8832 1.1230 0.0000
0.1751 2.2155 0.0000
-0.0393 2.0122 0.0000
-0.2309 1.7854 0.0000
-2.7305 -1.5072 0.0255
-2.8634 -1.7475 0.0056
-2.0325 -2.1080 0.0263
-2.2722 -2.1723 0.0311
-2.4902 -2.1391 0.0208
-2.5132 -2.3797 0.0102
-2.7660 -2.5036 0.0014
0.4256 -2.7983 0.0012
0.4280 -3.0842 0.0002
3.7684 -4.5211 0.0000
3.6024 -4.7614 0.0000
-4.7650 3.2706 0.0000
-2.2998 1.8053 0.1414
-2.2361 2.0178 0.1357
-2.3287 1.9959 0.1857
-2.2049 1.8992 0.1012
-2.3189 1.9120 0.1686
-2.3936 1.8982 0.2089
-2.3952 1.8141 0.2002
-2.3897 1.7291 0.1864
-2.4799 1.8199 0.2374
-2.5671 1.7466 0.2445
-2.4352 1.6471 0.2029
-2.4774 1.7359 0.2312
-2.5382 1.6582 0.2426
-2.6289 1.6403 0.2339
-3.2865 2.7804 0.0007
-3.5616 2.6320 0.0001
0.8888 1.7207 0.0000
1.0430 1.5020 0.0000
0.7313 1.4683 0.0000
-3.4082 -3.6271 0.0000
-1.0136 2.8904 0.0033
-1.2767 2.8048 0.0081
-4.4412 -2.6530 0.0000
3.9720 -1.5619 0.0000
2.3991 1.8224 0.0000
-3.6589 0.2127 0.0001
-1.2646 -3.7156 0.0008
-1.4826 -3.9540 0.0002
-1.7175 -4.0156 0.0001
-4.7272 0.7615 0.0000
4.2609 0.3622 0.0000
2.5256 -0.4690 0.0000
2.3441 -0.6922 0.0000
2.1977 -0.9348 0.0000
1.9177 -0.9280 0.0000
3.9920 2.8642 0.0000
2.3033 3.5011 0.0000
2.0252 3.3502 0.0000
3.2577 1.2223 0.0000
2.9558 1.1277 0.0000
3.4265 0.9398 0.0000
3.1838 1.0350 0.0000
3.1419 0.8341 0.0000
2.8853 0.8433 0.0000
-3.5436 -2.0096 0.0000
-3.7114 -2.2049 0.0000
-3.6884 -2.4375 0.0000
-4.4720 -1.0013 0.0000
-4.5937 -1.2183 0.0000
4.5272 -2.8259 0.0000
1.5916 1.4939 0.0000
1.4605 1.2539 0.0000
1.3157 1.4938 0.0000
1.1639 1.2290 0.0000
1.8077 -1.1859 0.0000
1.5647 -1.4194 0.0000
3.5150 1.2181 0.0000
-3.9916 0.9720 0.0000
4.7523 -0.1528 0.0000
4.4943 -0.2881 0.0000
4.7416 -0.4578 0.0000
4.4770 -0.5702 0.0000
0.5468 3.5151 0.0000
0.6502 3.2549 0.0000
0.3583 3.2687 0.0000
0.1421 3.0246 0.0000
1.7451 -1.9141 0.0000
1.4938 -1.9789 0.0000
1.5067 -2.2489 0.0000
1.7651 -2.4450 0.0000
1.5015 -2.5377 0.0000
4.0791 1.3306 0.0000
3.9958 1.0370 0.0000
2.7649 -0.9056 0.0000
-2.8713 -0.3775 0.0578
-3.0233 -0.6026 0.0126
0.9602 -4.2616 0.0000
0.9918 -4.4993 0.0000
-4.2635 -1.2266 0.0000
-0.8178 2.4356 0.0002
-4.2702 -3.1606 0.0000
2.3053 4.4738 0.0000
2.0664 4.4504 0.0000
-0.4370 -0.8648 0.1061
-0.4601 -1.0243 0.1134
-0.4996 -1.1834 0.1115
-0.1482 4.2560 0.0006
-0.2981 3.9939 0.0011
-3.0249 0.6739 0.0329
-2.9286 0.4849 0.0697
-3.1624 0.4069 0.0080
-3.3463 0.1813 0.0012
-0.6970 0.9546 0.0001
4.5002 0.2691 0.0000
4.2329 0.1152 0.0000
1.6900 4.7488 0.0000
3.5061 2.2977 0.0000
-2.1353 3.9083 0.0557
-2.1463 3.6963 0.0820
-2.3046 3.7626 0.0529
-2.3936 3.5857 0.0586
-2.5343 3.7678 0.0227
-2.5360 3.4152 0.0481
-0.1698 -0.9244 0.1369
-0.3328 -1.0066 0.1291
-0.0768 -0.9939 0.1448
-0.1416 -1.0674 0.1472
-0.2197 -1.0054 0.1397
-0.2507 -1.1111 0.1417
-0.3656 -1.1400 0.1299
3.7551 1.8066 0.0000
-0.9137 0.2142 0.0033
-1.1185 0.0009 0.0040
-1.1702 0.2645 0.0013
-1.4120 0.1030 0.0010
-1.7094 0.0685 0.0003
2.3637 -1.1890 0.0000
-2.5889 0.4648 0.1730
-2.4893 0.4040 0.1173
-2.3522 0.2750 0.0434
-2.5462 0.2869 0.1424
-2.6140 0.3819 0.1755
-2.6520 0.2985 0.1763
-2.7080 0.3657 0.1770
-2.7238 0.2444 0.1645
-2.6980 0.1515 0.1635
-2.8034 3.0694 0.0218
-3.0306 2.9191 0.0054
-2.1796 4.1396 0.0306
4.5217 -3.7403 0.0000
-2.1850 2.3943 0.1618
-2.1337 2.5636 0.1580
-2.1777 2.4852 0.1687
-2.2670 2.4761 0.2030
-2.2550 2.3440 0.1887
-2.3110 2.4038 0.2140
-2.3713 2.3546 0.2275
-2.3149 2.2834 0.2089
-2.2002 2.2818 0.1548
-2.2380 2.2108 0.1647
-2.3227 2.1864 0.2042
-2.4030 2.2476 0.2331
-2.4001 2.1513 0.2305
-2.4495 2.3177 0.2328
-2.5213 2.2685 0.2230
-2.4827 2.1938 0.2376
-2.5627 2.1474 0.2219
-2.3657 2.0742 0.2131
-2.4204 1.9899 0.2286
-2.4723 2.0869 0.2419
-2.5692 2.0579 0.2284
-2.5141 1.9958 0.2437
-2.4804 1.9047 0.2411
-2.5678 1.9262 0.2385
-2.6581 2.1003 0.1782
-2.6334 1.9997 0.2051
-2.7222 1.9836 0.1510
-2.5676 1.8337 0.2427
-2.6574 1.8190 0.2099
-2.7265 1.8852 0.1592
-2.8376 1.8914 0.0868
-2.6494 1.9079 0.2060
-3.4557 -3.0825 0.0000
-3.4291 -3.3505 0.0000
1.4533 3.4391 0.0000
1.5150 3.1649 0.0000
1.3358 2.9722 0.0000
4.7345 -1.0248 0.0000
4.5187 -0.8180 0.0000
4.2700 -0.8668 0.0000
-4.2021 4.7425 0.0000
-2.4489 -0.2975 0.0778
-1.8993 0.2307 0.0002
-2.1183 0.0927 0.0031
-2.2298 -0.1775 0.0122
-2.0421 -0.3931 0.0016
-2.3050 -0.4423 0.0284
3.4722 -0.7614 0.0000
2.9817 -0.7559 0.0000
3.2379 -0.9256 0.0000
3.2189 -1.2202 0.0000
2.4823 2.4089 0.0000
-2.8697 -4.1112 0.0000
-3.0098 -4.3049 0.0000
-3.3091 -4.4121 0.0000
-1.7706 1.9350 0.0060
4.7593 2.6265 0.0000
-1.7568 -0.9110 0.0019
-1.9322 -1.1329 0.0029
-2.1024 -1.3269 0.0147
-0.5086 0.4932 0.0021
-0.7389 0.3993 0.0023
-2.6022 -3.9835 0.0000
0.0324 0.1198 0.0139
-0.2367 0.1236 0.0136
-4.2191 -4.7338 0.0000
0.4348 -3.3714 0.0000
0.1698 -3.2267 0.0003
0.1942 -3.5189 0.0000
4.7644 2.0458 0.0000
4.5188 1.9305 0.0000
2.0699 -4.4147 0.0000
1.8376 -4.5366 0.0000
1.7187 -4.7701 0.0000
-4.4508 -2.8993 0.0000
-3.6760 -3.5353 0.0000
-3.6667 -3.8273 0.0000
3.7288 -0.8501 0.0000
3.5062 -1.0916 0.0000
-3.2177 4.4742 0.0000
-4.7321 0.4752 0.0000
4.2301 4.7774 0.0000
4.0523 4.6297 0.0000
-0.1290 4.7503 0.0006
-0.3950 4.7588 0.0015
-0.4270 4.4897 0.0023
-0.4202 4.2163 0.0024
-2.6476 1.7297 0.2219
-2.7475 1.7736 0.1559
-2.7204 1.6711 0.1837
-2.8113 1.6725 0.1201
-3.2521 1.1459 0.0037
-0.3744 -0.5057 0.0717
-0.6230 -0.5371 0.0531
-0.7890 -0.7162 0.0492
-0.9664 -0.9037 0.0381
-1.1836 -1.0628 0.0218
4.4731 1.6480 0.0000
-1.1289 -4.2834 0.0000
-1.2712 -4.5106 0.0000
-3.1305 -3.7107 0.0000
0.7847 0.2261 0.0017
0.7422 -0.0081 0.0051
0.5680 -0.1936 0.0169
-0.0835 -1.3591 0.1459
-0.1775 -1.4185 0.1399
-0.2756 -1.4894 0.1285
-0.0970 -1.4906 0.1368
-0.1722 -1.5532 0.1297
-0.2657 -1.6409 0.1167
-0.3929 -1.5688 0.1111
-0.4436 -1.6954 0.0959
-0.4558 -1.8524 0.0825
-0.6204 -1.8587 0.0659
4.0281 0.4091 0.0000
3.7401 0.2625 0.0000
3.7194 -0.0075 0.0000
4.7625 -3.5911 0.0000
4.7321 -1.2674 0.0000
-1.2150 0.9886 0.0000
-0.0487 -0.5781 0.0954
-0.2247 -0.6379 0.1000
-3.9057 4.7504 0.0000
1.2659 -4.4795 0.0000
-0.1129 -1.6568 0.1210
-0.2986 -1.7706 0.1023
-0.2866 -1.9302 0.0878
-0.4421 -2.0256 0.0707
-0.6306 -2.0714 0.0539
2.0291 -2.6063 0.0000
1.7519 -2.7178 0.0000
1.4302 -0.1827 0.0001
1.0643 0.2463 0.0004
0.5609 0.3288 0.0023
2.4909 -2.9673 0.0000
-4.4385 -0.0426 0.0000
-4.5247 -0.3217 0.0000
-4.7688 -0.2977 0.0000
-4.7628 -0.5310 0.0000
-0.0445 -3.9881 0.0000
1.7041 2.3223 0.0000
1.6487 2.0209 0.0000
0.2873 0.2272 0.0069
-2.4990 4.7685 0.0018
-2.7333 4.7527 0.0006
-2.7355 4.5155 0.0011
-2.9797 4.5107 0.0002
-0.2337 3.4104 0.0002
0.0855 3.3136 0.0000
-0.1297 3.1768 0.0001
2.4971 4.2731 0.0000
3.5992 -1.9138 0.0000
-2.1293 0.4018 0.0043
4.2820 -3.8883 0.0000
4.0296 -3.7292 0.0000
-0.1581 0.3601 0.0050
-1.2826 3.3318 0.0269
-1.5094 3.4356 0.0562
-1.3641 -2.9157 0.0153
-1.4311 -3.1957 0.0080
-1.6542 -3.4587 0.0026
-1.8979 -3.5465 0.0012
-0.0060 0.6582 0.0010
-3.4702 4.5125 0.0000
-3.5924 4.7669 0.0000
-3.7323 4.5204 0.0000
-4.5390 2.3571 0.0000
-4.7565 2.0691 0.0000
-2.6395 0.7216 0.2043
-2.5368 0.7199 0.1668
-2.5274 0.6319 0.1546
-2.6222 0.6345 0.1954
-2.6195 0.5479 0.1886
-2.7082 0.5756 0.1903
-2.7812 0.5206 0.1574
-1.3769 1.2168 0.0000
-1.6057 1.2342 0.0000
3.7069 0.9928 0.0000
-0.0699 -0.8654 0.1339
-0.0714 -0.7255 0.1170
-0.1917 -0.7946 0.1224
-0.3349 -0.7471 0.1057
-0.2935 -0.8901 0.1247
-0.1614 -1.1765 0.1487
-0.2627 -1.2283 0.1414
-0.1893 -1.3071 0.1450
-0.2869 -1.3570 0.1354
-0.3852 -1.2746 0.1270
-0.4005 -1.4201 0.1197
-2.8993 4.0325 0.0015
-1.1280 4.2387 0.0199
2.6674 3.5095 0.0000
0.4321 3.7784 0.0000
0.2650 3.5388 0.0000
3.9654 3.8879 0.0000
3.8928 3.6465 0.0000
3.4119 -2.0555 0.0000
3.2164 -2.2910 0.0000
3.0023 4.3250 0.0000
3.8180 -2.6760 0.0000
3.7908 -2.9620 0.0000
3.5709 -2.7703 0.0000
4.2208 0.8865 0.0000
3.8972 0.7767 0.0000
4.2780 -1.6329 0.0000
4.1344 -1.8400 0.0000
-1.0208 -0.2695 0.0116
-1.1886 -0.4680 0.0105
-1.3591 -0.6617 0.0078
-0.9888 0.8491 0.0001
-1.2698 0.7132 0.0001
-3.4443 -4.6183 0.0000
-3.5977 -4.8057 0.0000
3.8875 4.7585 0.0000
3.7637 4.4856 0.0000
3.2330 -0.2721 0.0000
3.9781 -0.1328 0.0000
3.2547 -3.0538 0.0000
2.9947 -3.0874 0.0000
2.2518 4.7267 0.0000
1.9880 4.7276 0.0000
-0.3462 -3.2635 0.0022
3.1141 -4.5361 0.0000
-4.5245 3.4290 0.0000
2.0577 -0.6614 0.0000
1.7843 -0.6428 0.0000
1.2667 -1.5167 0.0005
1.0473 -1.6593 0.0020
1.4717 -1.7030 0.0000
1.2430 -1.8381 0.0002
0.9722 -1.9256 0.0016
2.2085 0.4634 0.0000
0.7470 -1.7036 0.0137
0.5138 -1.8066 0.0335
-3.7310 -4.5865 0.0000
-3.9157 -4.7784 0.0000
-1.1771 1.4854 0.0000
4.5023 2.4569 0.0000
-3.4726 2.3306 0.0002
-3.3984 2.0336 0.0006
0.4707 -4.2465 0.0000
-4.1684 -3.3777 0.0000
-4.4627 -3.4188 0.0000
-4.4899 -3.7122 0.0000
2.6080 0.7871 0.0000
2.5030 0.5182 0.0000
2.4078 0.2594 0.0000
0.6849 -3.2218 0.0000
0.6893 -3.5126 0.0000
0.4417 -3.6685 0.0000
0.2042 -3.8277 0.0000
4.4997 2.7099 0.0000
-4.5286 3.1252 0.0000
2.0129 2.7591 0.0000
-2.6817 3.5747 0.0164
-2.8703 3.4391 0.0069
1.6273 4.2424 0.0000
1.7376 3.9966 0.0000
1.4722 3.9702 0.0000
-3.4875 4.2659 0.0000
-3.6782 4.0366 0.0000
-4.5067 -2.4335 0.0000
-4.7472 -2.2791 0.0000
-4.7566 -2.5479 0.0000
4.0617 1.7132 0.0000
4.2363 1.5221 0.0000
-1.5006 0.9232 0.0000
-1.5663 0.6290 0.0001
-1.8070 0.7858 0.0001
-1.6178 0.3359 0.0002
-3.6779 -1.2413 0.0000
-3.9485 -1.1828 0.0000
4.7633 -3.2832 0.0000
-1.3164 3.7889 0.0388
-1.3175 3.5720 0.0372
-1.5115 3.6487 0.0590
-2.4250 1.0402 0.1247
-2.5239 1.0682 0.1907
-2.4640 0.9272 0.1395
-2.5474 0.9845 0.1952
-2.6424 0.9515 0.2189
-2.5647 0.8941 0.1956
-2.4134 0.7764 0.0946
-2.5237 0.8263 0.1681
-2.5949 0.7924 0.1994
-2.6491 0.8531 0.2133
-2.7022 0.7863 0.2029
-0.8674 3.5302 0.0085
1.5296 0.1013 0.0000
1.2573 0.0418 0.0002
-1.5955 1.7155 0.0005
-1.8949 1.6850 0.0069
-2.0349 1.9205 0.0387
-2.1613 1.6883 0.0555
-2.0502 1.4569 0.0140
3.7404 2.7211 0.0000
3.4966 2.5874 0.0000
2.5184 3.3195 0.0000
2.2557 3.1898 0.0000
2.2510 2.8930 0.0000
1.9832 3.0390 0.0000
-3.9454 -3.6736 0.0000
2.2737 3.8329 0.0000
-2.6482 -3.3877 0.0001
-2.8885 -3.5465 0.0000
-1.4745 -0.4178 0.0032
-1.7600 -0.3945 0.0008
4.2877 -2.9896 0.0000
4.0358 -3.1362 0.0000
-3.0993 0.9109 0.0166
-3.4237 0.9344 0.0007
-3.2986 0.6749 0.0023
-3.4761 0.4385 0.0004
0.9346 -3.0664 0.0000
-4.7227 -1.9929 0.0000
-1.9009 -0.6510 0.0009
-2.0563 -0.8923 0.0044
-2.2406 -1.0934 0.0279
-2.7984 3.7972 0.0050
-3.0024 3.6898 0.0016
-2.7835 0.3104 0.1447
-2.9189 0.2995 0.0695
-2.8541 0.0065 0.0889
-3.0549 0.1216 0.0197
1.8675 -1.4392 0.0000
3.5993 3.1820 0.0000
-4.4877 4.7643 0.0000
-4.7525 4.7591 0.0000
-4.2503 4.4851 0.0000
-4.4834 4.5390 0.0000
-4.7471 4.4954 0.0000
-4.5231 4.2976 0.0000
-4.7605 4.1916 0.0000
-2.3862 -1.7049 0.0496
-2.6066 -1.7216 0.0314
-2.4351 -1.9138 0.0373
-2.6933 -1.9650 0.0113
-2.3122 1.6889 0.1321
-2.3516 1.6022 0.1447
-2.4866 1.5741 0.2214
-2.5803 1.5661 0.2430
-2.2828 -2.3971 0.0211
-2.2452 -2.6239 0.0137
-2.4959 -2.6326 0.0052
-2.3945 -2.9083 0.0033
-2.6594 -3.0873 0.0004
-0.2932 -3.5477 0.0003
-0.5082 -3.7398 0.0002
1.4765 -2.8202 0.0000
1.1921 -2.9334 0.0000
2.3049 -4.5465 0.0000
2.3618 -4.7725 0.0000
2.0487 -4.7330 0.0000
4.5203 -4.0468 0.0000
-3.2496 -4.1879 0.0000
-3.5570 -4.3523 0.0000
-0.2051 -4.7509 0.0000
-0.4869 -4.7473 0.0000
-0.7940 -4.7517 0.0000
-1.2878 1.7638 0.0000
-1.4417 1.4874 0.0000
-1.7407 1.0513 0.0001
-2.0212 0.9741 0.0030
-2.2737 0.9472 0.0393
-2.1863 -4.5876 0.0000
3.6804 3.9233 0.0000
3.6296 3.6684 0.0000
-4.1962 -2.0713 0.0000
-4.4469 -1.8694 0.0000
0.2689 -0.0374 0.0198
0.0804 -0.1591 0.0354
-0.1452 -0.0948 0.0303
-4.1187 -0.0136 0.0000
-4.2531 -0.2508 0.0000
3.7771 -3.2400 0.0000
3.5213 -3.3481 0.0000
0.9210 4.5071 0.0000
2.0833 -1.1984 0.0000
-0.2604 0.5737 0.0017
-1.3209 4.5017 0.0173
-3.4516 -2.8342 0.0000
-3.7011 -3.2462 0.0000
0.7793 4.7572 0.0000
-3.7543 2.3921 0.0000
-1.8878 -3.0161 0.0093
-1.9298 -3.2824 0.0036
-2.1649 -3.3985 0.0012
-2.1601 -3.1006 0.0040
-2.4075 -3.2277 0.0009
-2.3944 -3.5383 0.0003
-2.6053 -0.5961 0.1129
-2.6687 -0.7280 0.0975
-2.8624 -0.7926 0.0371
-0.2108 0.8514 0.0003
-2.9686 4.2657 0.0005
-3.2134 4.2139 0.0001
2.9273 -2.3676 0.0000
2.8305 -2.6442 0.0000
-3.9714 -2.2418 0.0000
-3.9487 -2.5032 0.0000
-1.8603 0.5157 0.0001
-2.1244 0.6983 0.0059
-2.3547 0.5517 0.0522
-2.5152 0.5338 0.1405
0.0657 -4.7536 0.0000
2.1198 1.7280 0.0000
4.7870 4.7883 0.0000
2.8111 -4.0266 0.0000
2.5694 -4.1343 0.0000
3.3747 -1.7217 0.0000
3.2485 -1.9792 0.0000
-3.8186 1.6588 0.0000
-4.1020 1.7175 0.0000
4.4609 -1.0938 0.0000
4.1956 -1.1318 0.0000
3.1175 4.1027 0.0000
2.8884 3.9989 0.0000
-2.7583 0.7306 0.1782
-2.8571 0.7528 0.1171
-2.7156 0.6679 0.1933
-2.8173 0.6257 0.1403
-2.6876 0.4679 0.1873
-2.7916 0.4177 0.1466
1.1643 -3.5197 0.0000
-4.2023 -2.6351 0.0000
3.8456 -1.8171 0.0000
3.9483 -2.0449 0.0000
-1.3685 -1.2393 0.0121
1.9184 1.9016 0.0000
1.7444 1.7188 0.0000
2.8202 -0.5330 0.0000
2.6315 -0.7075 0.0000
0.7158 -4.2593 0.0000
-0.4855 0.7647 0.0005
-0.7626 0.6718 0.0006
4.4593 1.3496 0.0000
4.2684 1.1540 0.0000
-2.4863 4.5076 0.0041
-2.4465 4.2383 0.0104
-2.7121 4.2761 0.0025
-2.6304 4.0222 0.0075
-0.7593 2.7464 0.0005
-1.0472 2.6167 0.0014
-0.6555 4.0669 0.0061
-0.9333 4.0007 0.0148
0.6844 -2.9344 0.0001
2.9848 2.7159 0.0000
3.2381 2.4418 0.0000
3.0066 2.1749 0.0000
-0.6311 4.6730 0.0034
-0.8617 4.7687 0.0047
-0.8573 4.5158 0.0078
-1.0825 4.4739 0.0130
-0.4262 1.5668 0.0000
-0.6945 1.6182 0.0000
-2.6257 -3.6882 0.0000
-2.8634 -3.8329 0.0000
3.7994 1.2619 0.0000
-1.7903 2.7104 0.0574
-1.9834 2.7433 0.1185
-2.0374 2.6185 0.1247
-2.1555 2.6439 0.1734
-1.8956 2.5547 0.0675
-2.0552 2.4571 0.1112
-1.8860 2.3509 0.0431
-2.0870 2.2882 0.1011
-2.1487 2.1194 0.1050
-1.6861 2.1981 0.0086
-1.9436 2.1326 0.0358
-2.2853 2.1093 0.1765
-2.3611 0.0394 0.0435
-2.5163 0.1553 0.1207
-2.5397 0.0169 0.1263
-2.4770 -0.1268 0.0926
-2.6116 -0.0835 0.1450
-2.6723 -0.1611 0.1428
-0.4974 3.8487 0.0026
-0.7719 3.7892 0.0080
0.1718 4.7627 0.0001
0.0468 4.5158 0.0002
-0.2024 4.4920 0.0009
-0.0310 -3.6709 0.0000
-0.2411 -3.8314 0.0000
-0.4138 -4.0035 0.0000
3.1805 0.0394 0.0000
2.9692 -0.1917 0.0000
3.2244 -0.6203 0.0000
-1.0286 0.5225 0.0006
-1.3509 0.4380 0.0003
-3.2959 3.7048 0.0001
-3.4965 3.5346 0.0000
-4.2361 -3.8723 0.0000
-3.9871 -3.9428 0.0000
-4.2646 -4.1254 0.0000
-4.4844 -4.2663 0.0000
2.9968 4.7198 0.0000
2.8138 4.4952 0.0000
3.0182 -2.0861 0.0000
2.2652 -2.7759 0.0000
1.9709 -0.0535 0.0000
1.7117 -0.1332 0.0000
1.6210 -0.4070 0.0000
4.2606 2.1558 0.0000
4.7515 3.9178 0.0000
-3.1497 3.4612 0.0008
-3.3409 3.3475 0.0002
-3.9750 2.2243 0.0000
-4.1857 2.0012 0.0000
-4.1879 3.9760 0.0000
-4.0175 1.4340 0.0000
1.7523 3.4871 0.0000
1.7630 3.2315 0.0000
0.7967 -0.9918 0.0229
0.8237 -1.2182 0.0185
0.6552 -1.4310 0.0344
3.2965 -4.7333 0.0000
-4.5513 1.5411 0.0000
-4.6878 1.2245 0.0000
-4.7612 1.0386 0.0000
-1.5652 4.3664 0.0278
-1.5650 4.1307 0.0425
0.6229 4.5124 0.0000
3.7523 3.3937 0.0000
3.4382 3.4281 0.0000
-0.3649 2.3387 0.0000
3.1121 3.8205 0.0000
3.1608 3.5114 0.0000
2.9774 3.0167 0.0000
2.7367 2.8584 0.0000
-4.2707 -4.4461 0.0000
0.7660 1.9801 0.0000
0.5999 1.7359 0.0000
0.3361 1.7186 0.0000
0.4550 1.4599 0.0000
-4.2706 2.2835 0.0000
-4.4708 2.0810 0.0000
-4.3844 1.7723 0.0000
3.0447 -0.4464 0.0000
2.6156 -3.7989 0.0000
2.3552 -3.9684 0.0000
0.5734 -1.0009 0.0569
0.5903 -1.1994 0.0531
0.4419 -1.3752 0.0769
0.2820 -1.4518 0.1040
0.4840 -1.5828 0.0549
0.3247 -1.7693 0.0661
-0.2439 -4.2017 0.0000
-0.6398 -4.5104 0.0000
0.4631 3.0140 0.0000
0.3107 2.7770 0.0000
0.3858 2.5211 0.0000
-4.4644 0.4324 0.0000
-4.7650 0.1955 0.0000
2.8757 0.0444 0.0000
2.7328 -0.2639 0.0000
-0.2054 2.5833 0.0000
-4.5657 -1.6184 0.0000
-4.7727 -1.7294 0.0000
1.8475 0.9101 0.0000
-0.9544 -4.4979 0.0000
-1.1006 -4.7513 0.0000
-1.4113 -4.7581 0.0000
0.9026 1.2911 0.0000
0.8296 1.0827 0.0000
0.5872 1.1980 0.0000
0.6815 0.8902 0.0001
0.3945 0.9648 0.0001
4.5440 4.3705 0.0000
-2.2581 4.7078 0.0053
-3.4023 -2.2976 0.0000
-3.2182 -2.5563 0.0000
-3.4560 -2.5813 0.0000
-2.5171 -0.4696 0.1020
-2.4334 -0.6431 0.0714
-2.5265 -0.7935 0.0945
4.2457 2.7402 0.0000
-3.8182 3.6540 0.0000
-3.7094 3.4169 0.0000
-4.0041 3.3893 0.0000
-4.2732 3.2488 0.0000
-4.0819 3.7008 0.0000
-4.2803 3.5207 0.0000
-3.0009 2.6400 0.0105
-3.2456 2.4983 0.0015
2.2070 2.2989 0.0000
3.0578 0.5740 0.0000
2.7859 0.5494 0.0000
2.6835 0.2748 0.0000
-3.8105 -4.3221 0.0000
-4.0122 -4.5188 0.0000
-0.8645 -2.9620 0.0158
-0.9469 -3.1878 0.0082
-0.8275 -3.3980 0.0030
-1.0412 -3.5564 0.0016
2.1383 -1.4549 0.0000
3.0769 -3.5822 0.0000
2.9322 -3.7948 0.0000
2.7263 3.8358 0.0000
2.5085 3.6889 0.0000
0.7695 -2.4558 0.0008
0.6726 -2.6577 0.0005
3.4641 0.1505 0.0000
3.4570 -0.1331 0.0000
-2.9691 -2.0267 0.0012
-3.0526 -2.3258 0.0003
-0.7761 1.9115 0.0000
-0.9789 1.6869 0.0000
1.6777 -3.2565 0.0000
-4.4780 0.9785 0.0000
-3.7603 4.2776 0.0000
-4.0018 4.2026 0.0000
4.7301 1.4759 0.0000
4.7411 1.2186 0.0000
4.7621 0.9658 0.0000
-1.7155 3.9998 0.0572
-1.5706 3.8527 0.0591
-1.7982 3.8214 0.0759
-1.9959 -1.5835 0.0122
-2.1874 -1.7427 0.0347
-2.2280 -1.9530 0.0374
-4.6267 1.8570 0.0000
-4.7778 1.7050 0.0000
-4.7798 1.4161 0.0000
0.0166 -1.6923 0.1136
-0.0192 -1.8229 0.1003
-0.1583 -1.7855 0.1068
-0.1280 -1.9560 0.0881
-0.2537 -2.1245 0.0706
2.8397 -4.5366 0.0000
0.1816 -0.3351 0.0521
0.0352 -0.4497 0.0743
-0.0753 -0.3117 0.0559
-0.1856 -0.4635 0.0761
0.3642 -0.2312 0.0307
0.1782 -0.5522 0.0813
4.7594 2.3368 0.0000
4.5057 2.1938 0.0000
-0.4529 -2.2225 0.0569
-0.4733 -2.4434 0.0427
-0.6653 -2.3103 0.0422
-0.6968 -2.5505 0.0329
-0.8027 -2.7314 0.0247
3.3342 0.6534 0.0000
2.3222 -1.6726 0.0000
-1.4217 -4.2355 0.0000
-1.6894 -4.2716 0.0000
-2.1805 -0.6520 0.0103
-2.3270 -0.8616 0.0416
1.8979 -3.4280 0.0000
-2.4929 -0.9754 0.0830
-2.4572 -1.1443 0.0730
-2.6597 -1.1098 0.0672
1.1847 2.7255 0.0000
-0.0556 -2.5542 0.0241
-0.0642 -2.8049 0.0097
-0.2885 -2.7932 0.0169
-0.3834 -2.9989 0.0091
-0.5008 -2.6851 0.0278
-0.6072 -2.8822 0.0180
-0.6415 -3.1627 0.0069
-1.7380 1.4463 0.0006
3.8970 1.5307 0.0000
3.3304 3.1749 0.0000
3.2098 2.9477 0.0000
4.4686 0.8102 0.0000
4.3375 0.5923 0.0000
-2.9332 1.7402 0.0498
-3.1123 1.6069 0.0116
-3.2699 1.4321 0.0029
-3.4838 1.2791 0.0004
4.7619 -0.7390 0.0000
1.6962 2.9537 0.0000
1.7974 2.7411 0.0000
1.6639 2.5650 0.0000
1.4034 2.5101 0.0000
1.1472 0.5377 0.0001
0.8920 0.4563 0.0003
1.4911 -0.6755 0.0001
1.3240 -0.4540 0.0005
-2.5899 -1.3114 0.0629
1.5534 0.8764 0.0000
1.6222 0.3850 0.0000
2.9716 -4.7733 0.0000
2.5162 -1.9582 0.0000
-1.7348 4.7652 0.0103
-1.9952 4.7772 0.0077
4.0052 2.2874 0.0000
4.2749 1.8677 0.0000
-4.5263 -3.1305 0.0000
-4.7628 -3.0076 0.0000
4.2756 -3.5865 0.0000
1.2117 -2.1197 0.0001
1.2521 -2.3765 0.0000
-2.7012 -2.8040 0.0008
-2.9398 -2.9678 0.0001
-3.1927 -3.1323 0.0000
0.5014 0.0593 0.0088
1.9353 2.1771 0.0000
-3.0018 -1.4914 0.0031
-3.2677 -1.4948 0.0003
-0.8464 -2.1723 0.0350
-0.8998 -2.4205 0.0288
-1.1706 -2.4371 0.0199
-1.0022 -2.6415 0.0235
-1.0842 -2.8722 0.0180
-4.0040 4.4763 0.0000
-4.2727 4.2406 0.0000
0.2991 -1.6014 0.0878
0.1302 -1.4828 0.1248
0.1518 -1.6202 0.1088
0.0019 -1.5611 0.1283
0.1506 -1.7873 0.0898
0.0622 -1.9701 0.0767
2.0137 -1.7297 0.0000
1.7246 -1.6671 0.0000
-3.1257 -1.1981 0.0018
1.2319 -2.6609 0.0000
0.9387 -2.7588 0.0000
0.4853 2.0058 0.0000
0.2401 1.9638 0.0000
-4.2812 1.4796 0.0000
-4.2013 1.1647 0.0000
-4.4658 1.2653 0.0000
3.5297 -3.6628 0.0000
3.2589 -3.8157 0.0000
-3.3984 -0.3183 0.0005
-3.5626 -0.5180 0.0001
-3.3065 -0.6409 0.0008
-3.5927 -0.7678 0.0000
-3.8193 -1.4584 0.0000
-4.1004 -1.4440 0.0000
1.9327 1.5616 0.0000
1.7846 1.3665 0.0000
1.9607 1.1781 0.0000
2.4696 -3.2179 0.0000
2.2222 -3.3759 0.0000
1.4532 2.2639 0.0000
1.3444 1.9995 0.0000
-0.4404 2.7880 0.0001
-0.5465 2.5238 0.0001
-3.0258 3.2133 0.0034
-3.2759 3.0803 0.0005
-3.5407 3.2056 0.0000
-3.5471 2.9307 0.0000
-3.7978 3.1465 0.0000
-3.8252 2.8647 0.0000
-4.0824 -0.7276 0.0000
-4.1579 -0.9850 0.0000
1.9246 4.2136 0.0000
0.2862 1.2154 0.0000
0.0823 0.9697 0.0001
0.1416 3.7883 0.0000
-0.0255 3.5500 0.0001
-3.9553 -2.7988 0.0000
-4.2046 -2.9065 0.0000
2.4425 -0.2234 0.0000
2.2289 -0.4348 0.0000
1.9269 -0.3658 0.0000
3.2914 -4.3565 0.0000
-3.6096 1.8476 0.0001
-3.5209 1.5705 0.0002
-3.7308 1.3973 0.0000
-2.1880 -4.3338 0.0000
-2.4747 -4.4904 0.0000
-2.6496 -4.7453 0.0000
4.0068 1.9922 0.0000
3.7576 2.1284 0.0000
-4.0514 3.0672 0.0000
-4.1268 2.7650 0.0000
0.3276 4.5151 0.0000
0.1465 4.2742 0.0001
4.2615 -2.3900 0.0000
4.2878 -2.6880 0.0000
4.0392 -2.5614 0.0000
-3.6373 1.1014 0.0001
-3.8872 1.1921 0.0000
-3.4082 -1.2459 0.0001
-3.5507 -1.5092 0.0000
4.7437 3.6357 0.0000
2.7309 2.5501 0.0000
2.9863 2.4356 0.0000
2.7372 2.2241 0.0000
-1.3426 2.5392 0.0044
-1.4282 2.2860 0.0024
2.7723 1.3662 0.0000
2.4921 1.3138 0.0000
2.2530 1.2090 0.0000
2.6872 1.0784 0.0000
2.4240 1.0046 0.0000
2.1347 0.9537 0.0000
2.3168 0.7346 0.0000
3.2582 -3.2856 0.0000
3.3084 -3.5301 0.0000
3.1274 -2.5690 0.0000
2.2372 2.5853 0.0000
1.9560 2.4753 0.0000
1.9947 -2.8928 0.0000
1.7240 -2.9935 0.0000
-2.6234 0.2094 0.1661
-2.6219 0.1090 0.1592
-2.7335 0.0672 0.1483
-2.8230 0.1670 0.1151
4.2602 3.2943 0.0000
4.1812 3.0546 0.0000
-4.2872 -1.6031 0.0000
1.6534 -0.9005 0.0000
1.5685 -1.1465 0.0001
1.3154 -1.2300 0.0005
-0.1519 3.7801 0.0003
-0.3431 3.6330 0.0008
4.4955 -0.0058 0.0000
4.2232 -0.3944 0.0000
4.2299 -0.1397 0.0000
3.9705 -0.4028 0.0000
0.5048 0.7020 0.0003
0.2315 0.7293 0.0005
-4.5370 0.1937 0.0000
-4.7183 -0.0659 0.0000
-0.6101 -1.0756 0.0924
0.2748 -4.7036 0.0000
2.0263 0.6867 0.0000
1.7332 0.6471 0.0000
-0.7195 3.2873 0.0027
-0.8814 3.0645 0.0031
2.4015 -1.4205 0.0000
-4.4941 -4.7458 0.0000
-4.5258 -4.5118 0.0000
-4.7589 -4.4888 0.0000
-4.7591 -4.7576 0.0000
2.9751 0.2992 0.0000
2.6129 0.0002 0.0000
-0.4467 -0.6598 0.0841
-0.5877 -0.7536 0.0766
-0.5975 -0.9199 0.0875
-0.7625 -0.9162 0.0635
-0.7763 -1.0920 0.0674
-0.9465 -1.1302 0.0453
4.0503 -4.5177 0.0000
3.9092 -4.7646 0.0000
-0.4203 0.2780 0.0063
-0.6222 0.1436 0.0082
-2.7796 2.8083 0.0398
4.7253 0.7232 0.0000
4.5532 0.5094 0.0000
3.7676 3.0012 0.0000
-2.9992 4.7529 0.0001
-3.2808 4.7442 0.0000
0.7616 2.9951 0.0000
0.6025 2.7503 0.0000
-2.0223 4.5471 0.0143
-2.2349 4.4061 0.0135
0.1494 -2.1588 0.0461
0.3577 -2.2411 0.0195
0.1634 -2.4020 0.0226
-0.0611 -2.3265 0.0450
-1.1760 4.0069 0.0267
-1.0617 3.7600 0.0204
-1.1139 3.5250 0.0200
1.6517 -3.5331 0.0000
1.4043 -3.6555 0.0000
-0.0507 -4.5158 0.0000
-0.3314 -4.4756 0.0000
1.1814 3.9863 0.0000
1.0096 3.7417 0.0000
0.7202 3.7599 0.0000
-1.2029 -0.8231 0.0170
-1.4565 -0.9430 0.0073
1.1855 2.2365 0.0000
4.7449 4.5210 0.0000
-4.2381 -2.3642 0.0000
-1.9912 4.2880 0.0293
-1.5212 -1.9469 0.0085
-1.7747 -2.0111 0.0119
-1.7218 -2.4909 0.0189
-1.8384 -2.2784 0.0196
-2.0635 -2.3542 0.0258
-1.9860 -2.5620 0.0208
3.4195 -2.5336 0.0000
3.3050 -2.8050 0.0000
0.1218 2.4805 0.0000
3.4425 -0.4469 0.0000
1.1479 2.4717 0.0000
0.9108 2.4835 0.0000
0.8888 4.0040 0.0000
0.5951 4.0191 0.0000
-3.1290 -1.7691 0.0006
-3.2489 -2.0504 0.0001
-0.3757 3.0784 0.0002
-0.6334 3.0117 0.0008
2.1068 0.1850 0.0000
2.3242 0.0234 0.0000
2.1668 -0.1764 0.0000
3.4340 -1.4129 0.0000
3.1560 -1.5109 0.0000
3.0814 -1.7891 0.0000
1.2324 3.2261 0.0000
1.0511 2.9815 0.0000
-1.6389 -1.1727 0.0040
-1.8147 -1.3984 0.0035
2.2258 -3.0714 0.0000
1.9713 -3.1836 0.0000
-1.1215 2.3393 0.0005
-1.0612 1.9441 0.0000
2.5775 -1.6973 0.0000
3.5082 2.0080 0.0000
3.4512 1.7362 0.0000
3.6270 1.5077 0.0000
3.3468 1.4736 0.0000
-1.2356 2.0944 0.0003
-3.1195 3.9419 0.0003
-3.3976 3.9860 0.0000
3.5618 -4.2382 0.0000
3.4904 -4.5056 0.0000
1.5695 -4.5163 0.0000
1.4083 -4.7505 0.0000
3.4892 2.8951 0.0000
3.2398 2.7005 0.0000
-1.0535 -1.9818 0.0249
-1.2843 -1.9742 0.0140
-1.0711 -2.2059 0.0224
-1.3212 -2.2057 0.0142
-2.4585 2.7881 0.1675
-2.5004 2.7081 0.1651
-2.5833 2.8127 0.1102
-2.6216 2.6624 0.1155
-2.9627 2.3547 0.0209
3.1017 3.2456 0.0000
2.7501 3.1646 0.0000
1.0483 1.9805 0.0000
1.1875 1.7466 0.0000
2.7255 4.7605 0.0000
2.4800 4.7583 0.0000
2.5622 4.5170 0.0000
-1.7766 4.2221 0.0392
-1.9396 4.0195 0.0553
-0.9073 2.1665 0.0001
0.0855 0.4203 0.0035
4.2570 2.4465 0.0000
4.7223 3.3871 0.0000
4.5048 3.2060 0.0000
2.2660 -1.9184 0.0000
4.0217 -3.4363 0.0000
3.7692 -3.5188 0.0000
3.7886 -3.7831 0.0000
0.7276 -4.4999 0.0000
3.0412 -4.2803 0.0000
1.8174 -3.7306 0.0000
1.5730 -3.8197 0.0000
1.6400 -4.0519 0.0000
1.4836 -4.2694 0.0000
3.2802 4.7634 0.0000
3.1872 4.5051 0.0000
1.4919 2.7826 0.0000
4.7369 -4.5113 0.0000
4.7612 -2.6601 0.0000
4.7638 -2.9731 0.0000
4.5249 -3.1342 0.0000
-3.1126 -0.8783 0.0036
0.3441 0.4939 0.0017
-0.1300 1.5025 0.0000
-0.3270 1.3130 0.0000
-0.6225 1.2962 0.0000
2.2407 -2.1795 0.0000
-1.2594 -1.5041 0.0175
-0.6743 -1.2414 0.0843
-0.8560 -1.3337 0.0572
-1.1014 -1.3077 0.0299
3.9993 2.5788 0.0000
3.7524 2.4297 0.0000
-3.8703 2.6087 0.0000
-4.0897 2.4794 0.0000
-0.1720 1.1110 0.0001
-0.4449 1.0518 0.0001
4.7615 -3.8992 0.0000
2.0547 -3.6025 0.0000
4.5279 -4.3487 0.0000
4.2787 -4.2008 0.0000
4.3175 -4.4901 0.0000
4.2134 -4.7580 0.0000
-3.9386 0.6991 0.0000
-4.1599 0.5111 0.0000
-3.7077 -2.6994 0.0000
-3.7220 -2.9722 0.0000
-3.9821 -3.1119 0.0000
-2.7001 1.5790 0.2033
-2.7853 1.5731 0.1457
-2.7439 1.4776 0.1813
-2.8944 1.4887 0.0789
-2.8015 1.3642 0.1465
-2.8953 1.2505 0.0873
-3.8383 -0.5705 0.0000
-4.1227 -0.4905 0.0000
-4.3640 -0.5175 0.0000
-4.3476 -0.7731 0.0000
-1.7951 4.4919 0.0210
4.0552 3.4179 0.0000
3.9424 3.1809 0.0000
-1.6215 -0.6690 0.0026
2.4724 -2.2191 0.0000
2.3141 -2.4764 0.0000
-1.6511 2.4817 0.0178
1.4139 -3.3738 0.0000
1.1755 -3.2226 0.0000
0.9299 -3.3728 0.0000
-1.8968 -4.4902 0.0000
-3.5093 -4.1113 0.0000
-3.7704 -4.0878 0.0000
2.4829 -0.9436 0.0000
0.0490 1.7394 0.0000
0.1706 1.4857 0.0000
0.0105 1.2661 0.0000
4.7639 -4.2054 0.0000
