5.0000 5.0000 0.0000
0.0000 5.0000 0.0002
2.5000 5.0000 0.0000
3.7500 5.0000 0.0000
4.3750 5.0000 0.0000
4.6875 5.0000 0.0000
4.0625 5.0000 0.0000
3.1250 5.0000 0.0000
3.4375 5.0000 0.0000
2.8125 5.0000 0.0000
1.2500 5.0000 0.0000
1.8750 5.0000 0.0000
2.1875 5.0000 0.0000
1.5625 5.0000 0.0000
0.6250 5.0000 0.0000
0.9375 5.0000 0.0000
0.3125 5.0000 0.0001
-2.5000 5.0000 0.0009
-1.2500 5.0000 0.0045
-0.6250 5.0000 0.0016
-0.3125 5.0000 0.0007
-0.9375 5.0000 0.0030
-1.8750 5.0000 0.0046
-1.5625 5.0000 0.0054
-2.1875 5.0000 0.0025
-3.7500 5.0000 0.0000
-3.1250 5.0000 0.0000
-2.8125 5.0000 0.0002
-3.4375 5.0000 0.0000
-4.3750 5.0000 0.0000
-4.0625 5.0000 0.0000
-4.6875 5.0000 0.0000
5.0000 -5.0000 0.0000
5.0000 0.0000 0.0000
5.0000 -2.5000 0.0000
5.0000 -3.7500 0.0000
5.0000 -4.3750 0.0000
5.0000 -4.6875 0.0000
5.0000 -4.0625 0.0000
5.0000 -3.1250 0.0000
5.0000 -3.4375 0.0000
5.0000 -2.8125 0.0000
5.0000 -1.2500 0.0000
5.0000 -1.8750 0.0000
5.0000 -2.1875 0.0000
5.0000 -1.5625 0.0000
5.0000 -0.6250 0.0000
5.0000 -0.9375 0.0000
5.0000 -0.3125 0.0000
5.0000 2.5000 0.0000
5.0000 1.2500 0.0000
5.0000 0.6250 0.0000
5.0000 0.3125 0.0000
5.0000 0.9375 0.0000
5.0000 1.8750 0.0000
5.0000 1.5625 0.0000
5.0000 2.1875 0.0000
5.0000 3.7500 0.0000
5.0000 3.1250 0.0000
5.0000 2.8125 0.0000
5.0000 3.4375 0.0000
5.0000 4.3750 0.0000
5.0000 4.0625 0.0000
5.0000 4.6875 0.0000
-5.0000 -5.0000 0.0000
0.0000 -5.0000 0.0000
-2.5000 -5.0000 0.0000
-3.7500 -5.0000 0.0000
-4.3750 -5.0000 0.0000
-4.6875 -5.0000 0.0000
-4.0625 -5.0000 0.0000
-3.1250 -5.0000 0.0000
-3.4375 -5.0000 0.0000
-2.8125 -5.0000 0.0000
-1.2500 -5.0000 0.0000
-1.8750 -5.0000 0.0000
-2.1875 -5.0000 0.0000
-1.5625 -5.0000 0.0000
-0.6250 -5.0000 0.0000
-0.9375 -5.0000 0.0000
-0.3125 -5.0000 0.0000
2.5000 -5.0000 0.0000
1.2500 -5.0000 0.0000
0.6250 -5.0000 0.0000
0.3125 -5.0000 0.0000
0.9375 -5.0000 0.0000
1.8750 -5.0000 0.0000
1.5625 -5.0000 0.0000
2.1875 -5.0000 0.0000
3.7500 -5.0000 0.0000
3.1250 -5.0000 0.0000
2.8125 -5.0000 0.0000
3.4375 -5.0000 0.0000
4.3750 -5.0000 0.0000
4.0625 -5.0000 0.0000
4.6875 -5.0000 0.0000
-5.0000 5.0000 0.0000
-5.0000 0.0000 0.0000
-5.0000 2.5000 0.0000
-5.0000 3.7500 0.0000
-5.0000 4.3750 0.0000
-5.0000 4.6875 0.0000
-5.0000 4.0625 0.0000
-5.0000 3.1250 0.0000
-5.0000 3.4375 0.0000
-5.0000 2.8125 0.0000
-5.0000 1.2500 0.0000
-5.0000 1.8750 0.0000
-5.0000 2.1875 0.0000
-5.0000 1.5625 0.0000
-5.0000 0.6250 0.0000
-5.0000 0.9375 0.0000
-5.0000 0.3125 0.0000
-5.0000 -2.5000 0.0000
-5.0000 -1.2500 0.0000
-5.0000 -0.6250 0.0000
-5.0000 -0.3125 0.0000
-5.0000 -0.9375 0.0000
-5.0000 -1.8750 0.0000
-5.0000 -1.5625 0.0000
-5.0000 -2.1875 0.0000
-5.0000 -3.7500 0.0000
-5.0000 -3.1250 0.0000
-5.0000 -2.8125 0.0000
-5.0000 -3.4375 0.0000
-5.0000 -4.3750 0.0000
-5.0000 -4.0625 0.0000
-5.0000 -4.6875 0.0000
-0.3657 -0.1852 0.0343
-0.6146 -0.2425 0.0283
4.1367 3.4166 0.0000
4.0070 3.1465 0.0000
-3.1893 -0.2754 0.0038
1.9488 -0.4048 0.0000
4.1508 0.8827 0.0000
-1.4524 -4.3505 0.0000
-1.5930 -4.5383 0.0000
-1.7319 -4.7553 0.0000
0.7573 -4.7632 0.0000
0.4473 -4.7763 0.0000
0.0315 3.0661 0.0000
-2.1984 2.4952 0.1795
-2.2727 2.5302 0.2075
-2.3028 2.4528 0.2140
-2.2148 2.4166 0.1790
-2.2741 2.3516 0.1986
-2.3614 2.3907 0.2264
-2.3597 2.2945 0.2252
-2.4346 2.3367 0.2330
-2.4943 2.2785 0.2298
-2.2869 2.2538 0.1953
-2.4031 2.2225 0.2338
-2.4868 2.1849 0.2385
-2.4020 2.1126 0.2305
-2.4979 2.1035 0.2418
-2.5822 2.1350 0.2157
-2.5625 2.0391 0.2330
-2.6161 1.9698 0.2178
-2.6839 1.9053 0.1858
2.1558 4.4152 0.0000
1.9353 4.1905 0.0000
1.7349 3.9711 0.0000
-1.5251 3.1906 0.0479
-1.6762 3.0239 0.0622
-1.8465 2.9119 0.0931
-1.9540 3.0083 0.1314
-1.9883 2.8621 0.1324
-2.0275 -4.2821 0.0000
-1.7764 -4.3733 0.0000
-1.9271 -4.5602 0.0000
2.0181 -1.8341 0.0000
-1.8093 -2.1720 0.0167
-1.7600 -2.4017 0.0190
-1.8406 -0.8274 0.0013
-1.8401 -1.0722 0.0020
-1.4426 0.4429 0.0002
-1.1983 0.3993 0.0007
-1.2357 0.1454 0.0016
-1.3773 -0.0751 0.0020
-1.6364 -0.1283 0.0008
-4.2507 0.1549 0.0000
-4.2840 -0.1395 0.0000
-4.5255 -0.2761 0.0000
-1.4674 3.8240 0.0523
-1.6173 3.6712 0.0719
-1.8266 3.7206 0.0880
-2.0079 3.6607 0.0979
-1.1216 -4.2732 0.0000
4.7301 -3.9620 0.0000
4.4725 -4.1448 0.0000
2.0092 -1.2967 0.0000
1.7107 -1.3594 0.0000
1.5729 -1.6287 0.0000
4.0447 -1.6595 0.0000
3.6627 -0.0313 0.0000
3.9783 0.3459 0.0000
3.9023 0.0727 0.0000
-2.9985 4.7474 0.0001
3.9061 4.7596 0.0000
3.6007 4.7523 0.0000
-4.5237 -0.6744 0.0000
-4.7830 -0.7725 0.0000
0.2468 1.3197 0.0000
-3.1048 2.6440 0.0045
-2.9004 2.4577 0.0296
-3.1587 2.3477 0.0041
-3.3851 2.5575 0.0004
0.3329 2.5195 0.0000
1.7379 -0.5905 0.0000
1.7587 -0.8479 0.0000
1.7162 -1.1072 0.0000
0.6369 0.4530 0.0010
-4.1327 3.9844 0.0000
-4.2058 3.6910 0.0000
-4.4219 3.8893 0.0000
-4.4923 3.6130 0.0000
-0.6724 -1.0718 0.0819
2.6776 -0.1475 0.0000
2.6816 -0.4242 0.0000
2.4326 -0.3227 0.0000
-0.1219 -2.1509 0.0660
-0.2417 -2.2978 0.0541
-0.3342 -2.4560 0.0418
-0.4524 -2.6090 0.0320
1.0307 -1.0518 0.0058
3.3005 0.7440 0.0000
3.1042 0.5290 0.0000
-1.7266 3.5526 0.0890
-1.8127 3.4025 0.1056
-1.8827 3.5485 0.1068
-1.9983 3.4958 0.1186
-1.9599 3.3790 0.1272
2.9175 -4.2114 0.0000
4.1572 -4.2568 0.0000
-0.0838 -0.4244 0.0714
-0.2421 -0.5476 0.0853
-0.1290 -0.6687 0.1072
-4.0165 -1.8231 0.0000
4.5011 4.7746 0.0000
4.2650 4.4444 0.0000
4.2170 4.7385 0.0000
4.0343 4.5081 0.0000
3.9623 4.2515 0.0000
-4.0369 -0.1422 0.0000
-2.6445 -4.2275 0.0000
-2.7862 -4.4807 0.0000
3.6618 3.5173 0.0000
3.4056 3.4249 0.0000
3.1576 3.3204 0.0000
3.5106 -1.5918 0.0000
-0.4180 4.4877 0.0023
-0.6396 4.2766 0.0057
-3.7067 0.2200 0.0000
-3.7633 -0.0902 0.0000
-2.8097 -2.2826 0.0020
2.1093 -3.0808 0.0000
2.0828 -3.4044 0.0000
-0.6561 2.7117 0.0003
4.2346 4.1709 0.0000
-0.6961 4.5356 0.0052
-0.5454 -2.8047 0.0212
-1.1063 -3.2399 0.0071
-0.8350 -2.0814 0.0374
-1.0069 -2.2605 0.0249
-1.1443 -2.4735 0.0206
-0.6609 2.1982 0.0000
-0.9480 2.0806 0.0000
4.7541 -0.4929 0.0000
-4.7655 -4.2122 0.0000
-0.1512 -3.0529 0.0039
0.1652 -3.2773 0.0002
-0.0759 -3.3195 0.0006
-0.3219 -3.5229 0.0004
-4.7528 -3.1030 0.0000
0.2235 -2.3197 0.0242
0.1184 -2.5570 0.0149
2.3177 -2.9210 0.0000
1.6026 0.0086 0.0000
1.2793 -0.0534 0.0003
1.7267 -4.7357 0.0000
0.3399 3.5177 0.0000
0.1474 3.3437 0.0000
2.4340 1.7983 0.0000
1.9660 1.5489 0.0000
-3.7826 -4.2996 0.0000
-4.5049 -2.4218 0.0000
-3.7027 0.7654 0.0000
-3.8462 0.5608 0.0000
4.2714 -3.5132 0.0000
4.1620 -3.7487 0.0000
1.8494 4.4706 0.0000
-1.6565 4.7525 0.0112
-1.9135 4.7418 0.0097
-2.5754 2.2246 0.2076
-2.6665 2.1750 0.1632
-2.6498 2.0743 0.1871
-2.6995 2.0006 0.1645
-2.8370 1.9612 0.0822
-0.9325 2.6824 0.0010
-1.1647 2.5411 0.0018
2.1243 0.2873 0.0000
-1.5069 0.1730 0.0005
-3.9369 3.7194 0.0000
2.0016 -0.6962 0.0000
2.0047 -0.9961 0.0000
4.7511 3.2802 0.0000
0.7440 1.1235 0.0000
0.6860 0.8242 0.0001
-1.2142 -3.5156 0.0022
-2.8669 -2.9637 0.0002
-3.1610 -3.0987 0.0000
0.4078 2.2477 0.0000
0.1100 2.3002 0.0000
0.2232 2.0374 0.0000
-0.0846 2.0368 0.0000
-2.9326 -3.7026 0.0000
-3.0463 -3.9657 0.0000
-2.8221 -4.7349 0.0000
-3.0513 -4.7434 0.0000
3.0223 4.7749 0.0000
2.9910 4.5375 0.0000
0.4750 -2.2553 0.0110
4.4746 1.2913 0.0000
-4.2797 3.4289 0.0000
-4.0034 -2.9856 0.0000
-0.3421 -3.2770 0.0020
-0.4867 -3.7567 0.0001
-4.4909 -3.2407 0.0000
-4.7447 -3.3564 0.0000
-4.2565 -2.2647 0.0000
-1.7187 1.3242 0.0003
-1.7152 1.0699 0.0001
1.7533 3.0504 0.0000
1.4759 2.9637 0.0000
0.6643 -3.0427 0.0000
0.4409 -3.2895 0.0000
-4.2644 0.9923 0.0000
-0.4354 2.4784 0.0000
3.5353 0.9491 0.0000
2.8772 -2.7462 0.0000
-0.2177 0.6939 0.0008
-3.4193 -0.1879 0.0005
-3.5975 -0.3200 0.0001
-3.8693 -0.3671 0.0000
-0.7562 1.0047 0.0001
-0.7328 0.7144 0.0005
-1.0057 1.1667 0.0000
-1.0056 0.8560 0.0001
-0.9823 0.5673 0.0006
-0.9547 0.2621 0.0025
-0.9084 -0.2811 0.0163
-4.4773 2.1333 0.0000
-4.7463 1.9969 0.0000
3.5229 3.9748 0.0000
-2.5520 -2.9424 0.0013
-2.7174 -2.7439 0.0009
-0.6632 -0.8592 0.0736
-0.8632 -0.9336 0.0505
-4.7580 -2.3083 0.0000
-3.7611 -2.2571 0.0000
-3.8644 -1.3569 0.0000
-4.0460 -1.5356 0.0000
-2.2289 3.7324 0.0670
-2.1530 3.5971 0.0967
-2.2936 3.5212 0.0863
-2.4292 3.6566 0.0446
-2.4670 3.4441 0.0600
-2.6877 3.3500 0.0258
-2.7697 3.1593 0.0229
1.2576 -4.3245 0.0000
1.2008 0.9560 0.0000
0.9441 0.8908 0.0000
0.8732 0.5953 0.0002
-2.8226 2.9643 0.0232
-2.8257 2.7211 0.0340
-3.0528 2.9276 0.0045
2.4832 -3.1059 0.0000
2.2985 -3.2609 0.0000
2.2627 0.5288 0.0000
-4.5165 -4.7295 0.0000
-4.7360 -4.5192 0.0000
-4.7842 -4.7856 0.0000
-3.1971 0.9412 0.0065
1.5020 -0.8279 0.0001
1.2365 -0.9375 0.0013
3.6847 -3.9883 0.0000
3.5259 -4.2259 0.0000
1.6396 -3.0070 0.0000
1.8444 -3.2017 0.0000
1.7883 -3.4776 0.0000
3.9921 -3.5032 0.0000
3.8485 -3.7453 0.0000
3.5478 -3.7283 0.0000
-4.4919 -2.7006 0.0000
2.9631 -2.4520 0.0000
-4.7724 -1.1082 0.0000
0.9423 -1.5089 0.0061
-2.1159 -0.8376 0.0070
-2.0835 -1.1026 0.0085
-2.3047 -1.2341 0.0444
4.0282 -1.1239 0.0000
3.9656 -1.3740 0.0000
-4.5195 -1.8459 0.0000
-4.5120 -2.1369 0.0000
2.0085 -2.0638 0.0000
1.9541 -2.3148 0.0000
2.4872 2.1691 0.0000
2.2826 2.0312 0.0000
2.1235 1.7926 0.0000
-1.3855 -1.6694 0.0108
-1.6298 -1.7644 0.0061
-1.8480 -1.9060 0.0120
-2.0426 -2.0940 0.0268
3.8059 2.9714 0.0000
1.7165 4.7464 0.0000
1.6702 -0.3101 0.0000
1.4881 -0.5371 0.0001
-3.9877 2.4322 0.0000
0.7409 2.1830 0.0000
0.8824 1.9805 0.0000
0.6904 1.7736 0.0000
0.5490 2.0263 0.0000
0.5254 1.5460 0.0000
4.7562 -2.3526 0.0000
-0.0196 -2.7969 0.0087
-0.4295 -3.0249 0.0089
-3.4561 4.4806 0.0000
-1.3148 4.0068 0.0356
-2.2520 -0.5696 0.0191
1.7407 -2.1242 0.0000
1.5626 2.3228 0.0000
-0.1064 -0.1827 0.0393
0.3092 0.5243 0.0015
-0.2021 3.6838 0.0004
-2.6195 0.9010 0.2155
-2.6654 0.8230 0.2131
-2.7380 0.7616 0.1908
-2.5766 0.7870 0.1937
-2.6569 0.7216 0.2073
-2.7579 0.6752 0.1780
4.2905 -0.9045 0.0000
-0.7625 3.1919 0.0026
-3.7619 4.5010 0.0000
-3.9344 4.2470 0.0000
0.4420 -4.2894 0.0000
0.1498 -4.2964 0.0000
-0.0178 -4.5338 0.0000
-1.2508 1.6553 0.0000
-1.2356 1.3427 0.0000
-1.4653 1.1986 0.0000
-2.6115 -3.7110 0.0000
-2.7706 -3.9611 0.0000
-2.9462 -4.2174 0.0000
-1.3790 3.3605 0.0376
-4.5168 0.0124 0.0000
-4.7646 -0.1505 0.0000
-4.7354 -0.4671 0.0000
3.2216 -4.2180 0.0000
3.0770 -4.4730 0.0000
1.2354 -1.5426 0.0006
1.0706 -1.7763 0.0012
0.1808 -0.8833 0.1192
0.1572 -0.9973 0.1301
0.0514 -0.9438 0.1362
0.0280 -1.0418 0.1436
-0.0754 -1.0242 0.1452
-0.0442 -0.9135 0.1372
-0.1464 -0.9319 0.1373
-0.1998 -1.0394 0.1416
-0.0147 -1.1296 0.1481
0.1139 -1.0994 0.1389
0.0645 -1.1820 0.1442
0.0410 -1.2673 0.1445
-0.0583 -1.2174 0.1492
-0.0582 -1.3125 0.1467
-0.1194 -1.1246 0.1482
-0.1609 -1.2336 0.1470
-0.2232 -1.1512 0.1433
-0.3155 -1.1986 0.1350
-0.2584 -1.2848 0.1393
-0.3523 -1.3604 0.1271
-2.7511 1.8405 0.1472
-2.8730 1.7518 0.0774
-3.0015 1.5437 0.0330
-3.2800 1.4179 0.0027
-3.5796 1.2998 0.0001
4.0557 2.1971 0.0000
3.7910 2.0820 0.0000
3.5698 2.1767 0.0000
-2.3077 2.9635 0.1770
4.7343 -4.2475 0.0000
4.7398 -4.5210 0.0000
4.7976 -4.7914 0.0000
4.5440 -4.7351 0.0000
-2.8689 2.2472 0.0487
-3.0100 2.1130 0.0191
-3.0697 1.8626 0.0144
-3.2403 1.6889 0.0034
3.1329 -3.4535 0.0000
4.2451 -2.7768 0.0000
-0.6332 -4.5045 0.0000
-0.7862 -4.7539 0.0000
3.8209 -4.7365 0.0000
-2.4930 1.2683 0.1951
-2.5726 1.2511 0.2289
-2.5139 1.1611 0.1959
-2.6078 1.1704 0.2307
-2.5825 1.0750 0.2189
-2.4845 1.0487 0.1663
-2.5546 0.9771 0.1998
-2.6651 1.1133 0.2259
-2.7092 1.0493 0.2109
-2.7760 1.1031 0.1736
-1.9059 -1.6163 0.0082
0.8951 -1.9900 0.0022
3.1538 -0.0378 0.0000
1.2276 3.1117 0.0000
-4.2393 -3.1388 0.0000
-4.4654 -3.5024 0.0000
4.7995 1.0954 0.0000
-3.7572 -1.9497 0.0000
-4.0056 -2.1102 0.0000
2.4029 -2.6435 0.0000
3.0940 2.2788 0.0000
2.9090 2.1072 0.0000
2.6583 1.9646 0.0000
-1.1397 -1.7735 0.0221
-1.3543 -1.9494 0.0116
-1.5826 -2.0256 0.0092
-1.2864 -2.2219 0.0151
-1.5383 -2.2780 0.0135
-1.3926 -2.5033 0.0172
-1.6184 -2.5875 0.0182
-0.5963 -3.2558 0.0042
1.5512 4.5085 0.0000
1.2295 4.5045 0.0000
-3.7669 -2.8406 0.0000
-3.9628 -3.2636 0.0000
-0.3954 -4.2606 0.0000
-0.6347 -4.2557 0.0000
3.6097 -1.8916 0.0000
-4.4824 -2.9759 0.0000
-2.4092 4.7594 0.0027
-2.7006 4.7590 0.0007
-2.5737 4.5215 0.0027
-4.2593 2.2977 0.0000
-1.8279 0.5966 0.0001
-2.2479 0.3060 0.0162
-3.9413 2.7141 0.0000
0.1549 4.2945 0.0001
0.1664 4.0251 0.0000
-0.0204 3.8634 0.0001
-3.3134 4.1990 0.0000
-2.3365 1.7838 0.1621
-2.3950 1.7152 0.1891
-2.4876 1.6838 0.2326
-2.4075 1.6213 0.1846
-2.5065 1.5977 0.2330
-2.6076 1.5119 0.2420
-2.5936 1.6097 0.2439
-2.5246 1.5133 0.2330
-2.5513 1.4258 0.2350
-2.5492 1.3466 0.2288
-2.6793 1.5627 0.2168
-2.7563 1.5530 0.1685
-2.8428 1.5338 0.1087
-2.7072 1.4756 0.2057
-2.6375 1.4210 0.2365
-2.7211 1.3741 0.2017
-2.6392 1.3278 0.2355
-2.6715 1.2389 0.2267
-2.7450 1.2917 0.1898
-2.7221 1.1706 0.2055
-2.7911 1.4392 0.1508
-2.8635 1.3453 0.1045
-2.7808 1.2246 0.1676
-2.8571 1.1836 0.1146
-2.8821 1.0373 0.1009
1.6203 0.2946 0.0000
1.4629 0.7416 0.0000
1.3887 0.4737 0.0000
1.3531 0.1915 0.0001
-0.7122 0.4377 0.0020
4.7565 1.7170 0.0000
4.5037 1.5803 0.0000
-3.2995 -2.8841 0.0000
-3.5067 -3.0269 0.0000
-3.7349 -3.1043 0.0000
-3.6736 -3.3591 0.0000
-0.1309 -4.2861 0.0000
-0.3323 -4.5132 0.0000
-0.1535 -1.3406 0.1440
-0.2381 -1.4079 0.1356
-0.2869 -1.5257 0.1236
-0.3933 -1.6286 0.1054
-0.4286 -1.4795 0.1118
-0.5531 -1.6045 0.0884
-0.7223 -1.7112 0.0619
-0.6686 -1.9236 0.0571
-0.8975 -1.8560 0.0387
-1.0919 -2.0247 0.0221
-3.4338 3.6060 0.0000
-0.7048 -0.4586 0.0389
-0.9161 -0.5338 0.0271
-2.2611 -2.2184 0.0295
2.4543 0.9940 0.0000
2.2435 0.8088 0.0000
3.7213 1.1484 0.0000
-4.2912 0.7346 0.0000
-4.3646 0.4813 0.0000
-1.2666 -3.0112 0.0133
-1.3796 -3.2914 0.0059
4.0288 2.8231 0.0000
3.7649 2.6809 0.0000
-4.4875 -1.2266 0.0000
2.2249 -0.5186 0.0000
2.2548 -0.8120 0.0000
-0.4493 3.2227 0.0006
-1.9332 -3.3356 0.0029
-2.0812 -3.5761 0.0007
-2.2255 -3.3588 0.0012
-2.3440 -3.6236 0.0002
-1.6514 -4.1766 0.0000
-0.0144 1.4932 0.0000
-0.2788 1.5125 0.0000
-0.2748 1.2729 0.0000
-0.5144 1.1468 0.0000
-0.9628 4.6047 0.0083
-3.5036 -3.8506 0.0000
1.9757 2.0320 0.0000
1.8150 1.7965 0.0000
0.5768 -1.9755 0.0166
0.3108 -2.0750 0.0367
2.7377 0.8440 0.0000
-1.2726 3.1463 0.0191
-1.4465 2.9531 0.0244
-3.6503 3.7705 0.0000
-3.7282 3.5052 0.0000
-2.3469 -4.2378 0.0000
-3.5065 -4.1840 0.0000
-0.4796 -4.7565 0.0000
4.7723 -2.9153 0.0000
4.7443 -3.1901 0.0000
4.0367 3.9474 0.0000
3.9849 3.6903 0.0000
3.8999 3.4275 0.0000
-3.5213 -2.4273 0.0000
3.4148 -0.5539 0.0000
3.2818 -0.8130 0.0000
3.5434 -1.0675 0.0000
3.5467 -0.8134 0.0000
3.2868 -1.0572 0.0000
3.0259 -1.0443 0.0000
1.9678 2.8011 0.0000
1.7556 2.5513 0.0000
1.1746 0.6852 0.0000
1.1045 0.3956 0.0001
0.8228 0.2735 0.0012
3.5627 0.6595 0.0000
3.4030 0.4434 0.0000
2.9016 0.0444 0.0000
2.9533 -0.2549 0.0000
4.5129 2.5033 0.0000
4.2563 2.3636 0.0000
4.5292 -1.1232 0.0000
4.7531 -1.3979 0.0000
4.4859 -1.3532 0.0000
4.2707 2.6627 0.0000
-2.5194 -2.2356 0.0146
-2.6142 -2.4850 0.0042
2.9094 3.7706 0.0000
2.5224 3.6715 0.0000
2.5933 3.3701 0.0000
2.3360 3.2052 0.0000
-4.5080 0.2953 0.0000
2.6372 0.1459 0.0000
-4.5115 -4.0735 0.0000
-3.4942 3.3232 0.0000
-4.4914 1.1997 0.0000
-4.5285 0.9127 0.0000
-0.6317 -4.0047 0.0000
-0.8693 -4.2413 0.0000
-0.0304 -2.3515 0.0403
-0.1509 -2.5625 0.0278
-0.2816 -2.7843 0.0171
-1.4426 2.2127 0.0019
4.0285 1.9140 0.0000
3.7588 1.8118 0.0000
-2.6433 1.0001 0.2235
-2.7048 0.9333 0.2098
-2.7377 0.8671 0.1943
-2.8002 0.8191 0.1572
-2.7645 0.9899 0.1815
-2.8342 0.9106 0.1346
-2.8764 0.7361 0.1052
-3.0963 0.7060 0.0170
2.7937 2.9446 0.0000
2.5187 2.8079 0.0000
2.2571 2.9471 0.0000
2.2704 2.6531 0.0000
2.0403 2.5140 0.0000
-4.1951 2.8805 0.0000
-4.2263 2.5899 0.0000
-4.4992 2.4534 0.0000
-2.2234 1.8309 0.1018
-2.2694 1.6646 0.1039
-2.3343 1.5389 0.1259
-2.4352 1.5263 0.1899
-2.3716 1.4331 0.1360
-2.4636 1.4356 0.1964
-2.3892 1.1276 0.1113
-2.3377 1.3074 0.0990
-2.4563 1.3508 0.1819
-2.4303 1.2293 0.1501
0.5841 0.1100 0.0056
-1.2515 -4.5075 0.0000
-1.4104 -4.7414 0.0000
3.4061 -1.3308 0.0000
3.1330 -1.3027 0.0000
3.2125 -1.5842 0.0000
3.2140 4.4650 0.0000
3.4032 -2.6613 0.0000
3.1337 -2.6600 0.0000
1.0116 1.1877 0.0000
-4.7357 4.5359 0.0000
1.8670 -3.9480 0.0000
1.7224 -4.1887 0.0000
1.4735 -4.2092 0.0000
4.3096 -1.7084 0.0000
4.1518 -1.9354 0.0000
4.1954 0.1449 0.0000
4.1035 -0.1089 0.0000
-2.4694 -0.4694 0.0855
-2.4718 -0.6310 0.0849
-2.3664 -0.7932 0.0516
-2.5296 -0.9252 0.0902
-2.5670 -0.7459 0.1026
-2.7011 -0.8401 0.0813
-2.8336 -0.9811 0.0344
-2.8951 -1.1852 0.0150
0.4352 0.3115 0.0035
0.3044 0.0642 0.0129
-4.2507 -2.5501 0.0000
-1.9707 1.3590 0.0050
-1.9715 1.0910 0.0023
-2.2074 1.1509 0.0301
-4.2734 -4.2538 0.0000
-4.5348 -4.3610 0.0000
-3.0529 1.2144 0.0244
-3.3572 1.1603 0.0014
-3.4770 0.9468 0.0004
-1.7643 -0.3893 0.0008
-1.9549 -0.5948 0.0010
1.1150 3.8834 0.0000
0.8931 4.0640 0.0000
0.6218 3.9646 0.0000
0.8274 3.7736 0.0000
-1.2722 0.7016 0.0001
-1.5848 0.6767 0.0000
-1.7089 0.3838 0.0001
-2.6620 3.6020 0.0175
-2.9193 3.4697 0.0046
-2.9992 3.2085 0.0042
-2.9338 -3.2333 0.0000
-3.1137 -3.4360 0.0000
-3.2323 -3.7302 0.0000
1.2089 -2.0518 0.0001
1.2040 -2.3752 0.0000
0.9293 -2.5054 0.0002
-3.1039 0.4664 0.0148
-3.3163 0.4613 0.0018
-3.7647 -2.5524 0.0000
-4.0072 -2.6917 0.0000
-4.2424 -2.8414 0.0000
4.7219 -0.2121 0.0000
4.4717 -0.3753 0.0000
-3.6980 1.7824 0.0000
-4.2245 1.9614 0.0000
-0.7166 -1.2949 0.0767
-0.9224 -1.3864 0.0477
-0.7480 -1.5102 0.0671
-0.9339 -1.6245 0.0417
0.1345 0.3108 0.0056
-2.5724 0.3323 0.1586
-2.4649 0.2570 0.0973
-2.6071 0.2282 0.1646
-2.6448 0.1331 0.1655
-2.6654 0.0401 0.1595
3.8091 0.8217 0.0000
0.7788 -1.7551 0.0100
-2.2317 2.6033 0.1978
-2.3452 2.5719 0.2182
-2.3831 2.4980 0.2237
-2.4373 2.4365 0.2248
-2.5111 2.4855 0.1980
-2.5161 2.3829 0.2110
-2.5867 2.3292 0.1871
-2.5936 2.4356 0.1667
-2.6969 2.3862 0.1157
-2.6451 2.2722 0.1625
-2.7280 2.2675 0.1132
-2.7684 2.1090 0.1075
-3.2122 3.4041 0.0005
-3.2734 3.1237 0.0005
3.7376 3.7603 0.0000
3.4368 3.7097 0.0000
-3.0037 4.2456 0.0004
-3.3422 3.8725 0.0001
0.8696 -1.2643 0.0137
4.3530 -2.0382 0.0000
4.0216 -2.1836 0.0000
-3.5816 -1.4531 0.0000
-3.7783 -1.6548 0.0000
-1.7984 -3.5773 0.0013
-1.9981 -3.8090 0.0003
-2.1583 -4.0492 0.0000
-2.2812 -3.8376 0.0001
-2.4832 -3.9778 0.0000
2.5781 0.4408 0.0000
-2.0594 3.0482 0.1580
-2.0497 2.9412 0.1554
-2.1381 2.9823 0.1739
-2.2276 3.0170 0.1766
-2.1304 2.8822 0.1750
-2.0797 2.8162 0.1593
-2.0669 2.7254 0.1483
-2.2175 2.9232 0.1861
-2.2098 2.8268 0.1914
-2.1611 2.7600 0.1817
-2.1655 2.6666 0.1795
0.9630 1.6951 0.0000
0.7982 1.4348 0.0000
0.5043 1.2852 0.0000
0.4808 1.0047 0.0000
4.4427 -4.4412 0.0000
0.7498 2.8886 0.0000
2.8206 -2.0020 0.0000
4.7493 0.2831 0.0000
4.7048 0.0423 0.0000
0.5443 3.6723 0.0000
0.3557 3.8573 0.0000
0.1659 3.6922 0.0000
-0.9310 -4.5020 0.0000
-1.0956 -4.7509 0.0000
-1.6219 -0.6380 0.0024
-1.5690 -0.9199 0.0044
-1.5958 -1.2116 0.0048
1.2688 -0.3798 0.0007
1.0121 -0.4954 0.0047
3.4195 0.1595 0.0000
4.0099 1.6311 0.0000
3.7750 1.5136 0.0000
-2.0885 -1.8273 0.0263
-2.2638 -1.9985 0.0375
2.0088 3.8873 0.0000
1.8080 3.6725 0.0000
1.5578 3.7744 0.0000
-2.3374 -1.7905 0.0457
-2.5772 -1.8047 0.0303
-4.7842 4.7925 0.0000
2.3818 1.2613 0.0000
-1.7144 -2.8347 0.0155
-2.0929 -3.1126 0.0047
-1.0729 3.9411 0.0218
-1.2505 3.7439 0.0338
-3.2687 2.0700 0.0019
-2.6623 0.3754 0.1838
-2.6763 0.2946 0.1779
-2.7740 0.2897 0.1495
-2.8712 0.1718 0.0900
-2.7133 0.2070 0.1660
-2.7421 0.1122 0.1503
-2.8050 0.0086 0.1149
-2.9905 -0.0457 0.0316
2.3956 -0.0335 0.0000
2.1644 -0.2309 0.0000
0.4975 2.9872 0.0000
0.2381 2.8257 0.0000
-1.5087 -3.5870 0.0016
4.0526 -0.8595 0.0000
3.7957 -1.0749 0.0000
-0.0781 -1.4216 0.1408
-0.1568 -1.4876 0.1345
-0.1702 -1.6188 0.1225
-0.2663 -1.6983 0.1102
-0.3826 -1.7857 0.0935
-0.5367 -1.7791 0.0789
-0.5956 -2.1265 0.0533
4.7584 2.0346 0.0000
4.5200 1.8858 0.0000
4.2689 1.7499 0.0000
0.4391 -1.4979 0.0692
0.6705 -1.5232 0.0282
0.5231 -1.7182 0.0382
-0.3965 2.2433 0.0000
-0.3873 1.9941 0.0000
0.6671 -0.8185 0.0370
0.3152 -0.9637 0.1045
0.2414 -1.1037 0.1219
1.5092 1.7983 0.0000
1.2533 1.7064 0.0000
1.1111 1.4501 0.0000
4.1707 -2.5190 0.0000
4.2353 -1.4286 0.0000
4.4607 -3.8286 0.0000
4.2496 -4.0030 0.0000
-3.2298 -4.2644 0.0000
-3.9967 -3.8640 0.0000
-4.2523 -3.9660 0.0000
-3.9286 -3.5393 0.0000
2.1455 -1.5856 0.0000
1.8696 -1.5806 0.0000
1.7448 -1.8461 0.0000
1.5045 -1.9686 0.0000
0.4074 -2.5409 0.0048
0.2557 -2.7877 0.0030
0.3798 -3.0366 0.0004
0.1133 -3.0412 0.0014
0.1697 -1.2161 0.1327
0.1478 -1.3215 0.1322
0.1364 -1.4487 0.1257
0.1044 -1.5923 0.1162
0.0340 -1.3778 0.1400
0.0150 -1.4954 0.1325
-0.0616 -1.5598 0.1293
-0.0154 -1.6710 0.1166
-0.1396 -1.7755 0.1071
-0.2557 -1.8813 0.0930
-0.0791 -1.9602 0.0858
-0.2634 -2.0503 0.0766
1.0777 -4.7760 0.0000
0.6239 -3.8409 0.0000
0.4033 -4.0302 0.0000
0.1646 -4.0656 0.0000
-1.1702 2.2467 0.0004
-1.2742 1.9609 0.0001
-1.6150 2.0298 0.0027
-1.5322 1.7699 0.0004
-0.8100 -0.7145 0.0463
-1.0692 -0.7434 0.0237
0.7790 4.7870 0.0000
0.7009 4.5210 0.0000
-0.7454 -2.2997 0.0379
0.3163 -0.4020 0.0503
0.1470 -0.5325 0.0801
-3.5897 2.0497 0.0001
-4.7389 -2.8631 0.0000
0.6003 -1.1377 0.0516
0.5111 -0.9695 0.0675
0.3989 -1.1211 0.0924
0.6612 -1.3286 0.0369
0.4560 -1.3085 0.0765
0.2940 -1.2432 0.1118
0.2785 -1.3832 0.1085
-3.3111 -4.7540 0.0000
-2.3162 3.0614 0.1596
1.8503 2.2867 0.0000
1.6762 2.0501 0.0000
1.6500 4.2338 0.0000
1.4121 4.0023 0.0000
1.3825 4.2880 0.0000
1.1614 4.1673 0.0000
-4.2080 -4.7526 0.0000
1.2828 2.3416 0.0000
1.3857 2.0663 0.0000
1.1646 1.9264 0.0000
-3.2865 -4.0143 0.0000
3.0512 1.5898 0.0000
2.8503 1.4069 0.0000
2.6413 1.2965 0.0000
-4.1993 -3.6765 0.0000
-4.4818 -3.7827 0.0000
1.5377 -4.4845 0.0000
1.2572 -4.6048 0.0000
4.3063 -3.0356 0.0000
4.0397 -2.9987 0.0000
4.1582 -3.2646 0.0000
2.7443 4.1404 0.0000
2.6568 3.9001 0.0000
4.1893 -0.3548 0.0000
3.9807 -0.5650 0.0000
-0.5845 3.9996 0.0045
4.5159 2.8108 0.0000
-3.3732 -0.5032 0.0005
-3.4959 -0.7709 0.0001
-1.1737 -0.2038 0.0060
-1.1548 -0.4637 0.0116
-1.3551 -0.6351 0.0075
-0.3637 3.4919 0.0007
-0.6172 3.4314 0.0023
2.0027 0.7224 0.0000
1.9278 0.4689 0.0000
0.3897 1.8085 0.0000
0.2636 1.5646 0.0000
0.0881 1.7852 0.0000
-0.1897 1.7673 0.0000
-3.6774 -0.5807 0.0000
-3.7464 -0.8692 0.0000
-3.8934 -1.0992 0.0000
2.6760 -2.5535 0.0000
2.6183 -2.8458 0.0000
1.7396 0.7882 0.0000
1.6866 0.5390 0.0000
2.5931 -1.8060 0.0000
2.2938 -1.8705 0.0000
2.2409 -2.1573 0.0000
2.1826 -2.4472 0.0000
-0.8465 -3.2222 0.0067
4.7583 2.6556 0.0000
-1.7179 3.2428 0.0853
-1.8784 3.2551 0.1191
-2.0023 3.2526 0.1405
-1.8410 3.1035 0.1062
-1.9781 3.1401 0.1400
0.9945 -3.4312 0.0000
0.7199 -3.3448 0.0000
0.8070 -3.6375 0.0000
0.5271 -3.5647 0.0000
-1.3357 -3.7935 0.0005
-1.5067 -3.9724 0.0002
-1.7680 4.5062 0.0209
-1.9025 4.2739 0.0338
-2.0014 4.0603 0.0493
1.6546 2.7895 0.0000
1.4441 2.6021 0.0000
-2.2990 2.8691 0.1911
-2.2901 2.7741 0.2015
-2.3788 2.8121 0.1873
-2.4460 2.7485 0.1790
-2.2433 2.7103 0.2007
-2.3055 2.6491 0.2112
-2.3646 2.7129 0.2039
-2.4111 2.6326 0.2066
-2.4843 2.6736 0.1779
-2.4550 2.5535 0.2070
-2.5732 2.5382 0.1606
-2.6291 2.6725 0.1107
-2.5281 2.6048 0.1712
-2.6886 2.5362 0.1004
-3.9731 0.9224 0.0000
-4.0605 0.6677 0.0000
-2.4970 3.2476 0.0773
-2.5830 3.0854 0.0723
-2.6400 2.8820 0.0775
3.8001 4.0104 0.0000
-2.1568 0.8326 0.0107
-3.2673 -2.5902 0.0000
-3.5290 -2.7282 0.0000
-3.9264 0.3466 0.0000
-3.9945 0.1035 0.0000
-1.1141 4.7783 0.0072
3.7659 4.5030 0.0000
3.4846 4.4891 0.0000
3.6567 4.2461 0.0000
2.7129 -4.3897 0.0000
2.8411 -4.5728 0.0000
2.6751 -4.7825 0.0000
2.5416 -4.5978 0.0000
0.8237 2.6149 0.0000
0.5332 2.7038 0.0000
0.6195 2.4178 0.0000
3.6948 -1.3359 0.0000
3.7780 -1.6265 0.0000
-1.4524 -2.7926 0.0170
-1.5371 -3.0569 0.0110
-1.8097 -3.0879 0.0084
-1.6499 -3.3271 0.0045
-1.8511 -1.3335 0.0033
-2.0952 -1.3740 0.0153
-2.1916 -1.6066 0.0331
3.1670 -2.1157 0.0000
-3.7716 3.2291 0.0000
4.2961 -4.7370 0.0000
4.0519 -4.7708 0.0000
-3.7015 1.0482 0.0000
-4.1351 1.1919 0.0000
-0.1863 -0.8199 0.1245
-0.2639 -0.9363 0.1302
-0.3510 -0.8349 0.1125
-0.3874 -0.9677 0.1190
-0.3217 -1.0790 0.1324
-0.4625 -1.1013 0.1147
-0.5696 -1.2164 0.0998
-0.4121 -1.2321 0.1229
-0.4967 -1.3403 0.1089
-0.5960 -1.4335 0.0912
-1.8312 1.8576 0.0073
-1.7857 1.5916 0.0018
-1.8807 2.1250 0.0239
-2.0676 1.9589 0.0518
-2.0527 1.6828 0.0252
-2.1871 1.4523 0.0435
1.1380 -2.6740 0.0000
0.8977 -2.8555 0.0000
0.7393 -2.6923 0.0003
0.5343 -2.7920 0.0006
1.6855 1.5408 0.0000
1.4075 1.4989 0.0000
1.5694 1.2777 0.0000
1.3048 1.2235 0.0000
3.1191 1.2935 0.0000
2.9235 1.1060 0.0000
2.6797 1.0730 0.0000
4.6215 1.1041 0.0000
4.7378 -2.6447 0.0000
-3.5285 -2.1107 0.0000
-4.5610 0.6295 0.0000
1.9934 -3.6796 0.0000
1.7095 -3.7552 0.0000
1.5384 -3.9479 0.0000
1.2172 -4.0300 0.0000
2.5211 -2.0739 0.0000
2.4542 -2.3584 0.0000
-3.1111 -1.0270 0.0028
-3.4005 -0.9923 0.0002
-3.3570 -1.2552 0.0002
-4.7579 1.0861 0.0000
0.4871 4.7306 0.0000
0.1721 4.5439 0.0001
-0.4116 -0.6329 0.0837
-0.2820 -0.7186 0.1059
-0.4832 -0.7942 0.0929
-0.5227 -0.9560 0.0997
3.2210 -2.9136 0.0000
0.7342 3.4803 0.0000
3.2938 2.1019 0.0000
3.1279 1.9420 0.0000
2.9170 1.8094 0.0000
-4.5111 4.7276 0.0000
-0.8906 3.4637 0.0083
-4.2758 -1.4177 0.0000
-2.6502 -1.0478 0.0748
-2.6818 -1.2422 0.0523
-3.1025 -1.3361 0.0017
0.2321 4.7733 0.0001
-0.0241 4.7431 0.0004
1.0612 -0.1996 0.0019
0.7973 -0.3113 0.0099
0.7589 -0.5796 0.0196
4.5395 -2.9871 0.0000
3.3743 4.2111 0.0000
3.2253 3.9262 0.0000
3.8824 -1.9105 0.0000
3.7330 -2.1655 0.0000
1.4442 -0.2099 0.0001
-0.9267 4.3614 0.0115
-1.1365 4.2038 0.0213
-0.6569 -2.5366 0.0340
3.3999 1.1863 0.0000
3.2087 1.0096 0.0000
3.0057 0.8190 0.0000
-1.3824 4.7491 0.0104
4.6921 0.8013 0.0000
4.7610 2.9660 0.0000
-0.4802 1.7220 0.0000
-0.7537 1.6247 0.0000
-0.5339 1.4354 0.0000
-0.7706 1.3093 0.0000
-1.0009 1.4893 0.0000
0.3380 -1.8570 0.0545
0.1370 -1.9311 0.0734
0.0771 -2.1269 0.0562
-4.5896 -0.9426 0.0000
3.4621 2.6471 0.0000
0.6906 -4.1062 0.0000
0.7444 -4.3687 0.0000
-2.4704 -2.0119 0.0291
-2.7307 -2.0209 0.0076
0.7754 -1.0237 0.0252
-0.8868 -2.4842 0.0284
-0.7667 -2.7447 0.0243
-0.9806 -2.6907 0.0230
-1.2116 -2.7401 0.0191
-0.9900 -2.9567 0.0158
-3.5981 4.7461 0.0000
4.7586 2.3461 0.0000
4.5144 2.2004 0.0000
3.2848 -3.1824 0.0000
1.2735 2.8221 0.0000
1.1302 2.5557 0.0000
2.3357 3.4971 0.0000
2.1141 3.3313 0.0000
2.0218 3.0937 0.0000
2.5481 4.7507 0.0000
2.2807 4.7313 0.0000
2.0094 4.7219 0.0000
4.2737 3.8744 0.0000
4.2506 3.6122 0.0000
-2.3267 -2.4447 0.0172
-2.4305 -2.6894 0.0059
1.9136 -2.5907 0.0000
3.6473 2.4337 0.0000
3.3670 2.3762 0.0000
4.5322 -1.5908 0.0000
4.5271 -1.8769 0.0000
-0.0761 2.8012 0.0000
-1.0063 3.6852 0.0166
-1.1810 3.4773 0.0235
-4.1503 -0.4037 0.0000
-4.3971 -0.4551 0.0000
-4.0559 -4.4710 0.0000
-4.3485 -4.5241 0.0000
-3.6267 -1.1452 0.0000
2.3345 -4.7739 0.0000
2.7651 4.6796 0.0000
2.6701 4.4298 0.0000
2.4291 4.4957 0.0000
2.4581 4.1952 0.0000
0.9825 3.3195 0.0000
0.9714 3.0560 0.0000
2.8365 -3.4346 0.0000
-3.2420 0.0034 0.0029
-2.6303 0.5435 0.1923
-2.6812 0.4673 0.1897
-2.7499 0.3874 0.1666
-2.8988 0.3687 0.0831
-3.0969 0.2198 0.0140
3.0027 -3.2115 0.0000
3.0090 2.7779 0.0000
2.7725 2.6591 0.0000
2.9087 2.4584 0.0000
2.7158 2.2937 0.0000
4.2662 2.9644 0.0000
1.3092 3.6888 0.0000
1.2678 3.4020 0.0000
1.0338 3.5918 0.0000
2.0344 -4.7140 0.0000
-3.5315 -4.4590 0.0000
-3.7856 -4.5590 0.0000
-3.9191 -4.7662 0.0000
-1.2137 4.4866 0.0158
-1.3881 4.2587 0.0295
-2.5832 0.6930 0.1890
-2.5801 0.6201 0.1821
-2.6754 0.6318 0.2010
-2.7936 0.6000 0.1553
-2.7253 0.5535 0.1858
-2.7899 0.4816 0.1523
-2.9052 0.5661 0.0848
-0.6954 1.9178 0.0000
-0.9939 1.7994 0.0000
2.6416 -3.3119 0.0000
2.4448 -3.4457 0.0000
-0.0257 1.2003 0.0000
-0.2501 0.9945 0.0001
1.6836 -2.4159 0.0000
1.6628 -2.7140 0.0000
-1.0384 3.2531 0.0100
-1.0481 3.0114 0.0057
3.3731 3.1353 0.0000
3.0659 3.0710 0.0000
3.2733 2.8602 0.0000
2.9041 4.3321 0.0000
-2.6702 -3.1907 0.0002
-3.3106 -4.5167 0.0000
-3.3145 -1.5424 0.0002
-3.5031 -1.7836 0.0000
4.7583 3.8896 0.0000
4.5157 3.7268 0.0000
-4.0175 -4.1557 0.0000
-4.2096 4.7564 0.0000
-4.0557 4.5078 0.0000
-4.3455 4.5044 0.0000
4.7530 3.5806 0.0000
-0.2656 -0.3635 0.0585
-0.4637 -0.4400 0.0564
-0.6093 -0.6427 0.0636
-3.3922 0.2327 0.0008
-3.5356 0.0139 0.0002
-3.3772 0.7001 0.0010
-3.5943 0.4746 0.0001
2.9912 -2.1986 0.0000
-3.9041 4.7549 0.0000
-0.5549 2.9731 0.0004
-0.8373 2.9347 0.0017
3.9800 -3.9984 0.0000
3.8427 -4.2435 0.0000
0.6768 4.2535 0.0000
0.4246 4.4490 0.0000
0.4116 4.1566 0.0000
2.5608 2.5109 0.0000
2.3457 2.3807 0.0000
2.1393 2.2609 0.0000
-1.0895 -1.0090 0.0284
-4.4921 3.0127 0.0000
-4.4750 2.7389 0.0000
-1.8887 -2.6159 0.0197
-1.9831 -2.8631 0.0122
-4.7526 3.5323 0.0000
-4.7689 3.2538 0.0000
-4.7434 2.9963 0.0000
-4.7265 2.7482 0.0000
-4.2651 3.1732 0.0000
-4.5286 3.3033 0.0000
4.2845 2.0477 0.0000
3.1316 -0.5634 0.0000
3.0135 -0.8048 0.0000
2.9028 -0.5122 0.0000
2.7593 -0.7376 0.0000
2.7646 -1.0110 0.0000
-1.5546 4.0488 0.0480
-1.6792 3.8607 0.0676
-1.7629 4.1069 0.0498
-1.8155 3.9572 0.0644
-1.9306 3.8606 0.0746
-2.0838 3.8248 0.0712
2.6300 -3.6494 0.0000
2.2869 -3.6425 0.0000
2.1572 -3.9124 0.0000
0.0712 2.5679 0.0000
-0.1806 2.5260 0.0000
-2.3334 -1.0069 0.0465
-2.4920 -1.1412 0.0775
-2.5169 -1.3480 0.0671
-4.7768 0.7802 0.0000
-0.8837 -1.1578 0.0530
-1.1486 -1.5145 0.0245
3.1670 2.5720 0.0000
-0.8632 4.1109 0.0120
-0.8112 3.8574 0.0098
-2.1483 -2.6364 0.0161
-2.2599 -2.8955 0.0060
0.2364 -3.5246 0.0000
0.3335 -3.7763 0.0000
0.9301 2.3628 0.0000
1.0845 2.1781 0.0000
-0.5147 0.0063 0.0158
-0.7138 0.1760 0.0061
-0.7861 -0.0527 0.0116
-1.0225 0.0010 0.0053
3.1553 0.2390 0.0000
2.7253 -2.2762 0.0000
-4.2153 4.2603 0.0000
-4.4347 4.1509 0.0000
-4.6832 4.0420 0.0000
-4.7279 3.8034 0.0000
-4.7574 2.5293 0.0000
-4.7389 2.2753 0.0000
4.4320 0.9707 0.0000
4.3640 0.7027 0.0000
-2.1461 4.7534 0.0061
-2.2852 4.5143 0.0084
-2.6953 4.2605 0.0029
3.8650 -0.2716 0.0000
3.7035 -0.5474 0.0000
1.4395 -1.1161 0.0002
1.1712 -1.2712 0.0017
3.8703 -3.2403 0.0000
3.7056 -3.4836 0.0000
3.4168 -3.4595 0.0000
4.2617 -0.6320 0.0000
-0.2599 3.0169 0.0001
-0.3760 2.7439 0.0001
4.1507 -4.5134 0.0000
3.9162 -4.4913 0.0000
-3.7485 -4.0209 0.0000
-3.0517 -4.4936 0.0000
-2.1331 2.3658 0.1341
-2.2014 2.2915 0.1576
-2.2295 2.1847 0.1575
-2.3229 2.1721 0.2039
-2.3037 2.0830 0.1842
-2.1960 2.0849 0.1246
-2.2557 1.9757 0.1414
-2.3627 2.0068 0.2062
-2.4576 2.0238 0.2411
-2.3342 1.9025 0.1775
-2.4264 1.9315 0.2279
-2.5216 1.9512 0.2455
-2.4946 1.8596 0.2436
-2.4006 1.8367 0.2071
-2.4661 1.7702 0.2311
-2.5883 1.8775 0.2366
-2.5593 1.7814 0.2460
-2.6549 1.8088 0.2128
-2.7300 1.7425 0.1715
-2.5678 1.6927 0.2460
-2.6447 1.7174 0.2249
-2.6835 1.6471 0.2094
-2.7800 1.6474 0.1443
3.3820 -3.9723 0.0000
-0.4877 0.8482 0.0003
-0.4524 0.5531 0.0016
-2.1094 3.4724 0.1197
-2.2217 3.4039 0.1182
-2.3408 3.3208 0.1085
-2.3064 3.1933 0.1388
-2.4080 3.1241 0.1243
-2.4957 2.9657 0.1217
-0.6158 -3.4943 0.0011
-0.9082 -3.4765 0.0022
3.2507 -3.7137 0.0000
3.8892 -2.4370 0.0000
3.9612 -2.7255 0.0000
3.6875 -2.6948 0.0000
3.7677 -2.9698 0.0000
3.4928 -2.9400 0.0000
-4.7519 -1.3980 0.0000
-4.0572 1.4713 0.0000
2.2544 1.5444 0.0000
2.1050 1.3023 0.0000
1.8504 1.2719 0.0000
4.7445 -3.4333 0.0000
4.7456 -3.6907 0.0000
3.6679 3.2224 0.0000
3.5546 2.9181 0.0000
1.3300 -3.7825 0.0000
0.9277 -3.9249 0.0000
0.9757 -4.2121 0.0000
-3.7703 2.2492 0.0000
-4.0486 2.1509 0.0000
0.3309 -0.6112 0.0721
0.2761 -0.7955 0.0985
0.1650 -0.7002 0.1012
-0.0122 -0.5577 0.0910
0.0266 -0.6932 0.1096
-0.0576 -0.8051 0.1260
0.0776 -0.8262 0.1235
4.5208 3.1139 0.0000
0.2435 -1.5358 0.1028
0.3160 -1.6634 0.0780
0.1577 -1.7337 0.0945
0.0116 -1.8163 0.0985
-3.2022 -1.7951 0.0003
-3.2825 -2.0103 0.0001
0.5708 -4.5486 0.0000
0.2849 -4.5356 0.0000
2.5521 -1.2301 0.0000
2.3169 -1.3654 0.0000
3.1073 4.2099 0.0000
2.9590 4.0040 0.0000
2.9498 -3.6895 0.0000
2.7788 -3.9149 0.0000
2.6160 -4.1273 0.0000
4.5345 0.4962 0.0000
-2.3637 0.9465 0.0795
-2.4836 0.9304 0.1539
-2.5455 0.8694 0.1857
-2.4612 0.8140 0.1286
-2.5141 0.7091 0.1539
-2.0505 0.5824 0.0020
-2.2667 0.5409 0.0234
-2.3928 0.6933 0.0780
-2.4897 0.5875 0.1296
-2.4487 0.4335 0.0956
-2.5555 0.5128 0.1626
-2.5912 0.4335 0.1731
0.1403 -4.7693 0.0000
-0.1720 -4.7618 0.0000
4.5358 -2.2053 0.0000
4.2508 -2.2761 0.0000
2.7196 1.6535 0.0000
2.5170 1.5164 0.0000
1.2323 -0.6717 0.0013
0.9524 -0.7876 0.0092
-2.8067 4.0324 0.0027
-3.0896 3.9746 0.0004
-2.8835 3.7609 0.0031
-3.1428 3.6742 0.0005
0.4886 3.3255 0.0000
0.3049 3.1393 0.0000
3.5317 1.6408 0.0000
3.5899 1.3530 0.0000
3.3217 1.4666 0.0000
-1.9835 0.3388 0.0006
-2.0831 0.0873 0.0020
-1.7909 0.1119 0.0002
-1.9215 -0.1441 0.0004
-2.2179 -0.1262 0.0106
-2.0883 -0.3590 0.0026
-1.4486 -0.3664 0.0031
4.7688 -1.7208 0.0000
4.7495 -2.0347 0.0000
-1.0466 -3.7383 0.0005
4.2658 -1.1563 0.0000
1.0643 0.1124 0.0007
0.8265 -0.0286 0.0038
0.5739 -0.1484 0.0144
3.6513 -4.4787 0.0000
3.5492 -4.7408 0.0000
3.3700 -4.4780 0.0000
3.2629 -4.7403 0.0000
2.9854 -4.7722 0.0000
-0.2552 4.7256 0.0010
-0.5152 4.7579 0.0022
-2.0315 4.4901 0.0166
-2.1746 4.2445 0.0237
-2.4194 4.3027 0.0097
-0.7962 4.7891 0.0040
-3.8250 2.9446 0.0000
-4.0240 3.1064 0.0000
4.0459 0.6411 0.0000
-2.4499 -0.0991 0.0806
-2.5469 -0.2165 0.1208
-2.6730 -0.1723 0.1430
-2.6582 -0.2800 0.1358
-2.7613 -0.3233 0.1075
-2.3687 -0.3104 0.0462
-2.5685 -0.3616 0.1214
-2.6707 -0.4391 0.1220
-2.8252 -0.5111 0.0674
-2.6088 -0.5499 0.1169
-2.7068 -0.6537 0.0961
-2.9235 -0.7522 0.0250
-0.9163 2.3839 0.0002
4.4849 3.4292 0.0000
4.2807 3.2446 0.0000
-2.2087 3.9957 0.0400
-2.3771 3.8617 0.0339
-3.8747 1.9837 0.0000
-3.9991 1.7571 0.0000
4.2327 1.4540 0.0000
3.9575 1.3232 0.0000
-1.4920 1.4920 0.0000
2.3747 0.2437 0.0000
2.1221 0.0360 0.0000
-4.7391 -3.6262 0.0000
-4.7509 -3.9129 0.0000
2.4967 -0.6277 0.0000
2.5106 -0.9255 0.0000
2.2702 -1.1015 0.0000
1.8097 3.3433 0.0000
1.3996 -2.8217 0.0000
1.3927 -3.1047 0.0000
1.1518 -2.9611 0.0000
0.9294 -3.1459 0.0000
-1.1868 2.8313 0.0060
-1.4174 2.7048 0.0113
-1.3927 2.4354 0.0038
1.5439 -3.3139 0.0000
1.5226 -3.6030 0.0000
1.1963 -3.2446 0.0000
1.2869 -3.4814 0.0000
1.0841 -3.7063 0.0000
-0.1568 2.2851 0.0000
-2.0366 -2.3714 0.0251
-4.0145 3.4124 0.0000
-3.5887 -4.7467 0.0000
2.8712 0.3277 0.0000
0.5232 0.6634 0.0004
4.7631 4.7600 0.0000
4.7455 4.4919 0.0000
4.4932 4.5586 0.0000
-4.5371 4.3707 0.0000
-4.7697 4.2582 0.0000
-3.2948 -2.2843 0.0000
-4.7566 1.6994 0.0000
-2.5136 -3.4177 0.0002
-2.7936 -3.4678 0.0000
1.5534 3.5039 0.0000
1.5151 3.2336 0.0000
-2.9450 -0.3011 0.0367
-3.0750 -0.5273 0.0087
-3.2117 -0.7626 0.0016
-4.2440 -0.6895 0.0000
-4.3346 -0.9594 0.0000
-3.5446 4.0099 0.0000
-3.8310 3.9946 0.0000
0.0040 0.0819 0.0161
-0.2515 0.0638 0.0168
4.5054 4.2945 0.0000
4.5176 -0.8906 0.0000
0.5406 -0.4014 0.0306
0.5238 -0.6175 0.0473
0.4370 -0.8004 0.0732
2.4478 -4.3265 0.0000
2.2969 -4.5211 0.0000
2.1075 -4.4170 0.0000
1.8287 -4.4543 0.0000
3.3457 -1.8204 0.0000
3.0807 -1.8613 0.0000
-3.2974 4.7435 0.0000
-4.5198 -1.5442 0.0000
-0.0203 -3.5679 0.0001
0.0859 -3.8175 0.0000
-0.0989 -4.0489 0.0000
-0.2031 -3.7852 0.0000
-0.3654 -4.0225 0.0000
0.2874 0.7971 0.0003
0.0437 0.5927 0.0014
0.9648 4.3494 0.0000
3.0781 -3.9575 0.0000
-1.6832 2.7832 0.0432
-1.6031 2.5336 0.0163
-1.8142 2.5661 0.0486
-1.9294 2.7335 0.0998
-1.9940 2.5683 0.1024
-2.0810 2.6351 0.1450
-2.1488 2.5685 0.1658
-2.0979 2.4758 0.1330
-1.7009 2.3128 0.0140
-1.9508 2.3682 0.0621
-2.0887 2.2037 0.0904
-1.3129 -0.8638 0.0118
1.4553 -2.2414 0.0000
1.4225 -2.5417 0.0000
4.7594 4.1923 0.0000
4.5078 4.0230 0.0000
-3.4625 2.2884 0.0002
-4.2069 -3.4041 0.0000
4.7646 -1.1017 0.0000
2.9911 -2.9549 0.0000
2.7655 -3.0789 0.0000
2.8142 0.5950 0.0000
-4.2685 1.6677 0.0000
-4.3181 1.3743 0.0000
-3.9565 -0.6401 0.0000
-4.0592 -0.9016 0.0000
-2.4002 3.0107 0.1471
-2.3901 2.9073 0.1686
-2.4793 2.8458 0.1493
-2.5519 2.7565 0.1340
-2.8621 4.5001 0.0005
-3.1632 4.4823 0.0001
-0.7141 -2.9985 0.0135
-3.4149 1.8624 0.0006
-3.5054 1.5823 0.0003
-0.0902 4.1521 0.0004
-0.2977 3.9516 0.0010
-1.1515 -3.9980 0.0001
-1.3461 -4.1466 0.0001
2.1753 1.0561 0.0000
1.9460 0.9984 0.0000
1.6729 1.0404 0.0000
1.4471 0.9830 0.0000
2.1917 4.0980 0.0000
2.3657 3.8971 0.0000
2.1944 3.7138 0.0000
0.9789 -2.2461 0.0004
0.7323 -2.2090 0.0030
0.6630 -2.4562 0.0016
3.3955 -0.0933 0.0000
3.5590 -0.3076 0.0000
3.2332 -0.3221 0.0000
3.7729 0.5302 0.0000
3.6719 0.2840 0.0000
-2.9484 -1.8852 0.0020
-3.0393 -2.1229 0.0005
-2.3662 0.0837 0.0461
-2.5431 0.1332 0.1339
-2.5643 0.0210 0.1378
-2.6024 -0.0857 0.1440
-2.6985 -0.0540 0.1489
-2.7978 -0.1570 0.1059
1.4490 -1.3832 0.0001
1.3579 -1.7708 0.0001
1.0231 2.8154 0.0000
-0.1207 4.4472 0.0006
-0.3610 4.2227 0.0018
4.7611 -0.8024 0.0000
-3.6133 2.7606 0.0000
-3.6930 2.5071 0.0000
-0.4866 3.7414 0.0021
-0.7058 3.6580 0.0053
1.4108 4.7519 0.0000
1.1208 4.7838 0.0000
4.0147 2.5305 0.0000
3.8586 2.3466 0.0000
-1.1220 -1.2585 0.0278
-1.3431 -1.1163 0.0126
-1.3720 -1.3857 0.0119
-1.6275 -1.4974 0.0048
-4.7485 0.4564 0.0000
-4.2772 -1.7006 0.0000
-4.2637 -1.9819 0.0000
-3.7871 1.5186 0.0000
-3.8750 1.2410 0.0000
4.7449 1.3989 0.0000
4.2561 0.4288 0.0000
-2.3838 -3.1507 0.0014
4.2203 1.1644 0.0000
3.9513 1.0341 0.0000
3.2956 4.7342 0.0000
4.4670 0.2096 0.0000
4.4104 -0.0912 0.0000
-2.4727 4.0790 0.0141
-2.6199 3.8596 0.0121
-2.3464 -1.4460 0.0533
-2.4559 -1.6128 0.0537
-2.2071 -4.5011 0.0000
-2.0452 -4.7744 0.0000
-2.3262 -4.7493 0.0000
-2.5049 -4.4956 0.0000
-2.5951 -4.7513 0.0000
-3.6365 4.2507 0.0000
-0.0219 3.5318 0.0001
-0.1585 3.2996 0.0001
3.4809 -2.1984 0.0000
3.5864 -2.4369 0.0000
3.2641 -2.3825 0.0000
-0.4461 -1.9655 0.0741
-0.3888 -2.1815 0.0617
-0.5137 -2.3490 0.0467
2.9625 -1.5202 0.0000
2.8548 -1.7282 0.0000
0.2287 1.0703 0.0000
0.0093 0.8880 0.0002
4.5166 -0.6406 0.0000
4.4657 -2.4846 0.0000
4.4856 -2.7453 0.0000
-1.4954 4.5085 0.0201
-1.6352 4.2914 0.0341
-0.6724 2.4685 0.0001
3.3620 -2.0429 0.0000
2.4555 -3.9031 0.0000
2.2831 -4.1605 0.0000
2.0003 -4.1799 0.0000
2.5133 0.7140 0.0000
3.4927 1.9187 0.0000
3.2692 1.7510 0.0000
-1.2436 1.0179 0.0000
-1.5033 0.9116 0.0000
-1.8475 0.8403 0.0002
-0.7680 -3.7386 0.0003
-0.8953 -3.9986 0.0001
1.0429 -4.4658 0.0000
0.8822 -4.5826 0.0000
4.7840 0.5367 0.0000
-3.3277 2.8392 0.0005
-2.6165 -1.5115 0.0442
-2.8249 -1.4278 0.0159
-2.7665 -1.6964 0.0134
-3.0249 -1.6021 0.0020
-0.1670 0.3663 0.0049
-0.4461 0.2751 0.0061
-2.0881 3.3496 0.1373
-2.1016 3.2363 0.1507
-2.0818 3.1453 0.1572
-2.2061 3.2782 0.1410
-2.1833 3.1741 0.1582
-2.1539 3.0783 0.1689
-2.2485 3.1100 0.1624
-4.7525 -2.5961 0.0000
3.5820 -3.2140 0.0000
4.4663 -3.2832 0.0000
4.4999 -3.5724 0.0000
-2.8954 -2.5783 0.0004
-3.0533 -2.7760 0.0001
-4.7610 0.1552 0.0000
2.8425 -1.2733 0.0000
2.6616 -1.4987 0.0000
2.4211 -1.5992 0.0000
3.1517 3.6353 0.0000
2.9495 3.4464 0.0000
2.7551 3.5765 0.0000
2.8302 3.2291 0.0000
2.5617 3.0819 0.0000
-4.5227 1.5389 0.0000
-4.7402 1.3838 0.0000
-4.1519 0.4086 0.0000
-3.5479 3.0389 0.0000
-3.4022 -3.2590 0.0000
-3.3749 -3.5189 0.0000
-3.5858 -3.5862 0.0000
-3.7738 -3.7391 0.0000
-1.6932 -3.8261 0.0004
-1.8622 -4.0528 0.0001
2.1333 -2.7445 0.0000
1.9033 -2.8949 0.0000
2.0172 3.5535 0.0000
-4.0065 -2.4006 0.0000
0.9604 4.6142 0.0000
-1.4358 3.5813 0.0506
-1.6042 3.4196 0.0708
1.8582 0.1849 0.0000
1.8759 -0.1145 0.0000
-4.7615 -1.7055 0.0000
-4.7611 -2.0104 0.0000
-4.1500 -1.1978 0.0000
1.4311 -4.7726 0.0000
-4.4986 1.8393 0.0000
0.3546 -0.1888 0.0274
0.1353 -0.1380 0.0316
0.0990 -0.3454 0.0567
3.8043 -0.8210 0.0000
-3.0668 -2.4134 0.0002
0.7083 3.1793 0.0000
