5.0000 5.0000 0.0000
0.0000 5.0000 0.0002
2.5000 5.0000 0.0000
3.7500 5.0000 0.0000
4.3750 5.0000 0.0000
4.6875 5.0000 0.0000
4.0625 5.0000 0.0000
3.1250 5.0000 0.0000
3.4375 5.0000 0.0000
2.8125 5.0000 0.0000
1.2500 5.0000 0.0000
1.8750 5.0000 0.0000
2.1875 5.0000 0.0000
1.5625 5.0000 0.0000
0.6250 5.0000 0.0000
0.9375 5.0000 0.0000
0.3125 5.0000 0.0001
-2.5000 5.0000 0.0009
-1.2500 5.0000 0.0046
-0.6250 5.0000 0.0016
-0.3125 5.0000 0.0007
-0.9375 5.0000 0.0030
-1.8750 5.0000 0.0046
-1.5625 5.0000 0.0055
-2.1875 5.0000 0.0025
-3.7500 5.0000 0.0000
-3.1250 5.0000 0.0000
-2.8125 5.0000 0.0002
-3.4375 5.0000 0.0000
-4.3750 5.0000 0.0000
-4.0625 5.0000 0.0000
-4.6875 5.0000 0.0000
5.0000 -5.0000 0.0000
5.0000 0.0000 0.0000
5.0000 -2.5000 0.0000
5.0000 -3.7500 0.0000
5.0000 -4.3750 0.0000
5.0000 -4.6875 0.0000
5.0000 -4.0625 0.0000
5.0000 -3.1250 0.0000
5.0000 -3.4375 0.0000
5.0000 -2.8125 0.0000
5.0000 -1.2500 0.0000
5.0000 -1.8750 0.0000
5.0000 -2.1875 0.0000
5.0000 -1.5625 0.0000
5.0000 -0.6250 0.0000
5.0000 -0.9375 0.0000
5.0000 -0.3125 0.0000
5.0000 2.5000 0.0000
5.0000 1.2500 0.0000
5.0000 0.6250 0.0000
5.0000 0.3125 0.0000
5.0000 0.9375 0.0000
5.0000 1.8750 0.0000
5.0000 1.5625 0.0000
5.0000 2.1875 0.0000
5.0000 3.7500 0.0000
5.0000 3.1250 0.0000
5.0000 2.8125 0.0000
5.0000 3.4375 0.0000
5.0000 4.3750 0.0000
5.0000 4.0625 0.0000
5.0000 4.6875 0.0000
-5.0000 -5.0000 0.0000
0.0000 -5.0000 0.0000
-2.5000 -5.0000 0.0000
-3.7500 -5.0000 0.0000
-4.3750 -5.0000 0.0000
-4.6875 -5.0000 0.0000
-4.0625 -5.0000 0.0000
-3.1250 -5.0000 0.0000
-3.4375 -5.0000 0.0000
-2.8125 -5.0000 0.0000
-1.2500 -5.0000 0.0000
-1.8750 -5.0000 0.0000
-2.1875 -5.0000 0.0000
-1.5625 -5.0000 0.0000
-0.6250 -5.0000 0.0000
-0.9375 -5.0000 0.0000
-0.3125 -5.0000 0.0000
2.5000 -5.0000 0.0000
1.2500 -5.0000 0.0000
0.6250 -5.0000 0.0000
0.3125 -5.0000 0.0000
0.9375 -5.0000 0.0000
1.8750 -5.0000 0.0000
1.5625 -5.0000 0.0000
2.1875 -5.0000 0.0000
3.7500 -5.0000 0.0000
3.1250 -5.0000 0.0000
2.8125 -5.0000 0.0000
3.4375 -5.0000 0.0000
4.3750 -5.0000 0.0000
4.0625 -5.0000 0.0000
4.6875 -5.0000 0.0000
-5.0000 5.0000 0.0000
-5.0000 0.0000 0.0000
-5.0000 2.5000 0.0000
-5.0000 3.7500 0.0000
-5.0000 4.3750 0.0000
-5.0000 4.6875 0.0000
-5.0000 4.0625 0.0000
-5.0000 3.1250 0.0000
-5.0000 3.4375 0.0000
-5.0000 2.8125 0.0000
-5.0000 1.2500 0.0000
-5.0000 1.8750 0.0000
-5.0000 2.1875 0.0000
-5.0000 1.5625 0.0000
-5.0000 0.6250 0.0000
-5.0000 0.9375 0.0000
-5.0000 0.3125 0.0000
-5.0000 -2.5000 0.0000
-5.0000 -1.2500 0.0000
-5.0000 -0.6250 0.0000
-5.0000 -0.3125 0.0000
-5.0000 -0.9375 0.0000
-5.0000 -1.8750 0.0000
-5.0000 -1.5625 0.0000
-5.0000 -2.1875 0.0000
-5.0000 -3.7500 0.0000
-5.0000 -3.1250 0.0000
-5.0000 -2.8125 0.0000
-5.0000 -3.4375 0.0000
-5.0000 -4.3750 0.0000
-5.0000 -4.0625 0.0000
-5.0000 -4.6875 0.0000
4.7544 -0.4818 0.0000
-0.9998 -2.2576 0.0251
-0.9434 -2.5086 0.0261
3.6263 -2.6795 0.0000
-2.8390 2.8704 0.0245
-2.8686 2.6057 0.0303
-3.1104 2.7337 0.0038
-4.5128 3.7740 0.0000
1.0124 -1.9470 0.0011
2.3139 -3.3905 0.0000
1.4536 -3.9163 0.0000
-1.4358 3.5187 0.0500
-0.6814 -4.0259 0.0000
-0.8131 -4.2720 0.0000
3.0601 1.2695 0.0000
-1.7872 0.2033 0.0002
-1.9307 -0.0136 0.0003
-2.0930 0.1887 0.0023
-2.0544 -0.2139 0.0015
0.5950 -0.7382 0.0440
4.2724 0.1465 0.0000
-1.2594 0.7998 0.0001
-2.3282 -1.1985 0.0490
-2.4815 -1.3082 0.0698
-2.1854 -1.3693 0.0265
3.4416 2.1113 0.0000
2.3158 3.4010 0.0000
2.4450 3.1395 0.0000
2.1629 3.1632 0.0000
2.2902 2.9014 0.0000
1.9938 2.9477 0.0000
-2.0063 2.6323 0.1164
-2.1292 2.6158 0.1638
-2.1167 2.5342 0.1500
-2.1983 2.5297 0.1838
-2.2637 2.4717 0.2041
-2.2955 2.3975 0.2110
-2.2172 2.6174 0.1953
-2.2956 2.5630 0.2141
-2.3640 2.4806 0.2251
-2.3919 2.3881 0.2308
-2.4634 2.4533 0.2185
-2.4198 2.3004 0.2356
-2.4891 2.3571 0.2234
-2.5398 2.2849 0.2155
2.2773 0.2742 0.0000
-3.6833 -0.2164 0.0000
3.1002 -1.5636 0.0000
2.7103 -1.5332 0.0000
-0.3265 2.9113 0.0001
-0.4758 2.7102 0.0001
-3.9528 2.4036 0.0000
-3.9784 2.1337 0.0000
-0.7578 0.7433 0.0004
3.6197 -2.1486 0.0000
3.3449 -2.2593 0.0000
1.3039 2.6639 0.0000
1.0611 2.5944 0.0000
0.8135 2.5509 0.0000
1.3258 1.3555 0.0000
3.5284 1.8663 0.0000
3.4421 1.5713 0.0000
-0.9583 1.2088 0.0000
-3.7152 1.9747 0.0000
-3.9328 1.8733 0.0000
-4.1089 1.6826 0.0000
-4.3027 1.4685 0.0000
0.1849 4.7736 0.0001
0.2026 4.5379 0.0001
-4.0076 -2.4702 0.0000
-4.2667 -2.6273 0.0000
-4.5121 -2.7920 0.0000
-4.7562 -2.9581 0.0000
-3.3329 -2.9718 0.0000
-3.2306 -3.4500 0.0000
-1.5672 3.1190 0.0504
-1.7177 2.9193 0.0626
-1.7249 3.2638 0.0884
-1.8788 3.2315 0.1202
-2.0221 3.2196 0.1463
-1.7811 3.0959 0.0920
-1.8753 2.7738 0.0883
-1.9359 3.1142 0.1315
-2.0545 3.1277 0.1558
-1.8960 2.9618 0.1129
-2.0104 3.0309 0.1484
-2.0336 2.9520 0.1527
-2.1163 2.9575 0.1725
-2.0033 2.8681 0.1391
-2.1054 2.8713 0.1702
-2.0270 2.7643 0.1387
-2.1239 2.7932 0.1734
-2.1140 2.7034 0.1652
0.7325 -2.9216 0.0001
0.8315 -3.1650 0.0000
0.6213 -3.2898 0.0000
0.4530 -3.5214 0.0000
4.7457 2.5838 0.0000
4.4729 2.4434 0.0000
-2.9641 3.7406 0.0019
-3.4747 -1.0426 0.0001
4.5165 4.1002 0.0000
4.2660 3.9710 0.0000
4.2762 3.7120 0.0000
4.0301 3.6763 0.0000
-1.1905 -2.4978 0.0197
-1.1473 -2.7258 0.0200
-1.3626 -2.7956 0.0173
0.6716 1.7657 0.0000
0.5721 1.5008 0.0000
0.3074 -1.1553 0.1095
0.1743 -1.1952 0.1311
4.2673 1.3884 0.0000
2.5566 3.6147 0.0000
-4.4791 2.7587 0.0000
-4.7419 2.9311 0.0000
-4.7437 2.6356 0.0000
3.4425 -4.4956 0.0000
3.2847 -4.7503 0.0000
-1.8181 3.9159 0.0691
-1.9898 3.8767 0.0713
-2.0922 3.7470 0.0816
-2.4090 3.6353 0.0502
3.6767 -0.7076 0.0000
0.7610 0.4986 0.0005
-3.2311 -3.7238 0.0000
3.2578 -0.0403 0.0000
3.2260 -0.3242 0.0000
2.7386 -1.2022 0.0000
-0.3910 1.8358 0.0000
-0.6572 1.6450 0.0000
4.5164 2.7424 0.0000
4.2814 2.6400 0.0000
4.1014 2.4870 0.0000
-4.3741 1.7304 0.0000
-4.5714 1.5676 0.0000
-4.7776 1.4043 0.0000
-1.4558 2.1415 0.0015
-1.4510 1.8933 0.0004
-0.3384 -3.6238 0.0002
-0.6328 -3.5468 0.0009
-0.5312 -3.8033 0.0001
3.1520 0.1930 0.0000
2.9506 0.0863 0.0000
3.8453 1.3772 0.0000
3.7793 1.0901 0.0000
3.6205 0.8505 0.0000
1.6245 -0.5708 0.0000
-2.5094 3.8343 0.0219
-4.5104 -1.8846 0.0000
-4.7571 -2.0322 0.0000
-4.5260 -4.7538 0.0000
-2.5147 0.2877 0.1278
-2.7828 0.4022 0.1528
-2.6891 0.3002 0.1784
-2.7719 0.3211 0.1535
-2.8820 0.2791 0.0893
2.7275 -0.0871 0.0000
4.7563 1.0954 0.0000
2.1872 4.1476 0.0000
2.0319 3.9195 0.0000
1.0943 -2.2157 0.0002
0.3808 0.1616 0.0075
0.7347 -1.9197 0.0081
0.5710 -2.1425 0.0099
0.4693 -1.9165 0.0307
0.2753 -2.0273 0.0451
0.3400 -2.2357 0.0208
1.8503 4.5121 0.0000
1.6833 4.2922 0.0000
-2.7685 -3.7264 0.0000
-2.9363 -3.9533 0.0000
1.8813 -2.4860 0.0000
1.7378 -2.7290 0.0000
1.4750 -2.7215 0.0000
1.3675 -3.1783 0.0000
-2.2635 0.5190 0.0224
-2.3335 0.2525 0.0370
-0.3946 1.0777 0.0001
-1.8754 2.3430 0.0408
-2.0905 2.3182 0.1087
-2.1744 2.2311 0.1364
-2.1601 2.1088 0.1107
-2.2738 2.0632 0.1659
-2.2235 1.9553 0.1210
-2.2684 1.8396 0.1294
-2.3430 1.8191 0.1722
-2.4002 1.7615 0.1990
-3.7877 -3.2169 0.0000
-3.6327 -3.4026 0.0000
-0.1946 0.8692 0.0003
-0.2723 0.5966 0.0014
4.2566 -2.1882 0.0000
4.0804 -2.4427 0.0000
-1.8927 4.3076 0.0318
-1.9533 4.0925 0.0486
-2.1378 3.9895 0.0474
-2.1598 4.2455 0.0247
-2.3529 4.0471 0.0237
-2.2667 3.8163 0.0520
-3.3526 0.5218 0.0013
3.7064 0.6141 0.0000
0.4684 0.4402 0.0017
0.2069 0.4436 0.0027
4.7481 -3.2744 0.0000
4.5264 -3.0980 0.0000
4.5420 -3.4394 0.0000
4.5060 -3.7225 0.0000
-2.2686 -4.4694 0.0000
-2.3285 -4.7368 0.0000
-2.6378 -4.7515 0.0000
-4.7640 2.0427 0.0000
-1.3419 2.3850 0.0023
-1.6228 2.4073 0.0124
4.7304 0.0870 0.0000
4.7417 -0.1854 0.0000
-4.4850 2.4652 0.0000
-4.7474 2.3379 0.0000
0.4027 -0.8470 0.0815
-2.2835 -0.2864 0.0223
-2.3525 -0.5065 0.0432
-2.5037 -0.6535 0.0949
1.8318 -3.2477 0.0000
-3.8787 3.2405 0.0000
-4.1395 3.1285 0.0000
-2.0285 4.7514 0.0080
-2.0568 4.5007 0.0156
-2.2834 4.5027 0.0088
-0.4797 -4.7628 0.0000
-2.4814 -0.8176 0.0857
-2.5799 -0.9550 0.0908
-2.5193 -1.1116 0.0810
4.7596 1.4004 0.0000
-2.4602 0.5435 0.1092
-2.5589 0.4928 0.1641
-2.4740 0.4048 0.1100
-2.5881 0.3820 0.1697
-2.6255 0.4614 0.1868
-2.6797 0.3809 0.1851
-2.6045 0.2985 0.1698
1.2470 -0.4461 0.0009
1.1193 -0.7171 0.0030
0.3352 -3.2452 0.0001
4.7573 4.5183 0.0000
-0.9240 3.3824 0.0084
-1.1043 3.1779 0.0111
0.1811 -1.8582 0.0760
0.0461 -1.9947 0.0738
0.0859 -2.1966 0.0472
-0.1035 -2.3019 0.0490
-4.3971 0.7571 0.0000
-4.7145 0.7857 0.0000
-4.7796 0.4847 0.0000
-1.3939 -3.7608 0.0006
1.8636 -0.6608 0.0000
-3.5781 0.7301 0.0001
-3.8140 0.6253 0.0000
1.0447 2.0801 0.0000
-4.5112 4.3538 0.0000
-4.7577 4.2152 0.0000
-3.3070 -1.6292 0.0002
3.3044 -2.5357 0.0000
2.7615 0.2410 0.0000
4.4629 3.2441 0.0000
-1.7340 -0.1509 0.0005
-1.8490 -0.3731 0.0006
-1.8264 -0.6769 0.0011
-1.8477 -0.9848 0.0017
-1.8033 4.5450 0.0188
-2.3877 -1.4698 0.0579
-2.2478 -1.6349 0.0409
-2.4870 -1.6862 0.0477
-2.5949 -1.9235 0.0219
-2.7447 -1.7154 0.0150
-2.9061 -1.9707 0.0023
0.3741 0.9678 0.0001
-3.4444 4.4954 0.0000
-3.5924 4.2454 0.0000
-3.7338 3.9919 0.0000
-3.0643 0.6353 0.0229
-3.1288 0.3486 0.0110
-3.4405 0.2472 0.0005
-1.4080 -4.7592 0.0000
-4.7587 1.7334 0.0000
-0.9778 -3.2091 0.0077
-1.1987 -3.2754 0.0064
-1.1529 -3.5118 0.0022
-1.3925 -3.5238 0.0022
-2.2548 -4.2207 0.0000
-2.7359 0.2222 0.1617
-2.8096 0.1332 0.1218
-2.8487 -0.0329 0.0905
-3.0038 0.1212 0.0319
-3.2562 0.0764 0.0026
-3.0773 -0.1117 0.0133
-3.3109 3.7501 0.0001
1.7365 2.3602 0.0000
1.5731 2.2038 0.0000
1.3133 2.1346 0.0000
-1.2464 -2.2731 0.0164
4.7687 0.3286 0.0000
4.5093 0.2979 0.0000
-2.8729 3.1545 0.0117
-3.1093 3.0115 0.0025
-1.6279 -2.7403 0.0173
-1.8199 -2.9558 0.0116
4.5124 4.3970 0.0000
4.7553 -2.9596 0.0000
3.9277 2.3196 0.0000
3.4789 2.3943 0.0000
3.6924 2.2014 0.0000
-3.8277 -3.5497 0.0000
-4.0179 -3.7126 0.0000
-4.2586 -3.8123 0.0000
-3.0189 -1.6912 0.0017
-3.1792 -2.1248 0.0002
0.2861 -0.3739 0.0492
0.0724 -0.4657 0.0740
3.5055 -3.9945 0.0000
3.6129 -4.2457 0.0000
3.3034 -4.2377 0.0000
3.0152 -4.2400 0.0000
3.2571 4.3861 0.0000
3.2386 4.1129 0.0000
3.0183 3.9071 0.0000
-3.1837 -3.9696 0.0000
-3.3735 -4.1751 0.0000
-3.4224 -3.2605 0.0000
-3.4817 -3.5920 0.0000
2.2006 -2.5553 0.0000
2.0250 -2.7134 0.0000
2.1951 -2.9159 0.0000
2.1085 -3.1856 0.0000
-3.6259 0.0622 0.0001
3.5960 1.3397 0.0000
3.4733 1.0708 0.0000
-1.5932 1.2006 0.0000
-2.5269 0.1787 0.1291
-2.6310 0.2144 0.1706
-2.6048 0.1080 0.1576
-2.6856 0.1375 0.1668
-2.7211 0.0500 0.1531
-2.4788 0.0361 0.0986
-2.6255 0.0222 0.1566
-2.6984 -0.0535 0.1500
-2.7481 -0.1564 0.1274
-1.8897 -2.6988 0.0179
-2.0923 -2.9075 0.0090
-2.0138 -3.1729 0.0045
-2.3148 -3.1379 0.0020
-1.2946 -0.4457 0.0067
0.1646 -3.4704 0.0001
-0.0086 -3.6834 0.0000
-2.3780 1.6375 0.1690
-2.4671 1.6015 0.2173
-2.2615 1.5694 0.0880
-2.3976 1.5239 0.1663
-2.3077 1.3909 0.0919
-2.4422 1.4299 0.1833
-2.5006 1.5145 0.2247
-2.6003 1.4957 0.2432
-2.5298 1.4274 0.2291
-2.4522 1.3360 0.1784
-2.5378 1.3434 0.2254
-2.6316 1.3079 0.2369
3.4777 4.5427 0.0000
3.5074 4.2594 0.0000
3.5135 3.9806 0.0000
-2.9847 -2.5883 0.0002
-3.0663 -2.8906 0.0000
-1.3736 4.3340 0.0257
-1.6382 4.3323 0.0317
-1.7305 4.1166 0.0490
-0.1000 -0.3649 0.0622
1.5150 -0.3570 0.0001
1.3965 -0.6709 0.0003
-0.3737 3.9739 0.0016
-0.4513 3.5406 0.0012
-0.6403 3.3284 0.0021
4.2841 -2.9805 0.0000
4.3527 -3.2772 0.0000
-0.3823 -4.0334 0.0000
-0.5171 -4.2768 0.0000
-0.6488 -4.5206 0.0000
-1.4194 -2.0624 0.0108
-0.4475 -0.7639 0.0935
-0.6109 -0.8000 0.0759
-0.8401 -0.7732 0.0458
4.5169 1.2400 0.0000
0.9311 4.6615 0.0000
3.9620 -0.7044 0.0000
3.8106 -0.9727 0.0000
-1.8154 -1.7447 0.0076
-0.4833 0.8113 0.0004
-0.5392 0.5249 0.0017
1.5946 1.4608 0.0000
-0.7261 -2.1017 0.0445
-0.7725 -2.3187 0.0357
-0.6761 -2.5005 0.0347
-0.9425 2.3772 0.0002
2.0791 -2.0255 0.0000
2.0942 -2.3281 0.0000
1.8304 -2.2042 0.0000
1.9033 -2.9720 0.0000
1.6112 -3.0159 0.0000
3.1401 -4.4985 0.0000
2.9749 -4.7518 0.0000
1.9083 0.7020 0.0000
0.1183 -2.7216 0.0075
-0.0622 -2.9418 0.0050
-3.1319 -1.4195 0.0011
1.4023 4.2679 0.0000
1.1250 4.2252 0.0000
1.2606 4.0111 0.0000
1.0347 3.8970 0.0000
-3.0395 -0.7120 0.0093
-0.0489 -1.0100 0.1430
-0.1280 -1.0988 0.1460
-0.0213 -1.1241 0.1469
-0.0859 -1.2033 0.1479
-0.2076 -1.1944 0.1433
-0.1392 -1.2908 0.1451
-0.3272 -1.1418 0.1321
-0.3161 -1.2608 0.1330
-2.8499 1.9243 0.0785
-4.4767 -4.0138 0.0000
1.2511 -4.4755 0.0000
0.1438 0.2067 0.0088
-0.1261 0.1285 0.0136
4.7769 -2.6696 0.0000
4.4952 -2.7763 0.0000
1.7142 4.7594 0.0000
1.2900 -1.9901 0.0001
-0.6645 -1.9067 0.0578
-0.8558 -1.8341 0.0427
-0.9130 -2.0342 0.0327
-1.1430 -2.0164 0.0194
4.4633 -0.0398 0.0000
4.2316 -0.2226 0.0000
-2.6119 -3.2393 0.0003
-2.7031 -3.4808 0.0001
-2.9347 -3.3871 0.0000
-3.0002 -3.6566 0.0000
-0.9146 1.5082 0.0000
-1.1755 1.3940 0.0000
-0.0237 -4.4847 0.0000
-3.2157 -0.2898 0.0028
-3.4715 -0.3887 0.0002
-3.6567 -0.5350 0.0000
-3.8520 -0.6887 0.0000
2.7629 -0.9115 0.0000
2.4575 -0.7976 0.0000
0.9034 -1.6939 0.0052
3.1359 3.3448 0.0000
3.2428 -3.9787 0.0000
3.0018 -3.9843 0.0000
-2.4654 -0.1538 0.0879
-2.5955 -0.2487 0.1343
-2.6346 -0.3856 0.1295
-2.4850 -0.3443 0.0939
-2.6716 -0.5281 0.1153
0.0960 -0.0166 0.0218
-0.1372 -0.1265 0.0329
-3.8935 -0.3809 0.0000
-4.1078 -0.5703 0.0000
0.5747 -0.9417 0.0545
0.4923 -1.1002 0.0723
-2.3846 -2.5567 0.0108
-2.5967 -2.6804 0.0025
-2.8142 -2.8068 0.0004
-3.3804 2.6111 0.0004
2.9524 4.7683 0.0000
0.1558 3.8151 0.0000
0.2953 3.2853 0.0000
0.4316 3.0113 0.0000
0.1352 3.0432 0.0000
-1.9805 -2.2295 0.0248
-1.9562 -2.4478 0.0230
-2.1442 -2.6262 0.0167
-2.3469 -2.8331 0.0053
-1.7265 2.1297 0.0090
-1.9809 2.1515 0.0472
-1.9881 1.9329 0.0296
-2.1435 1.7417 0.0553
-1.7097 1.8792 0.0030
-1.9015 1.6661 0.0069
-3.7024 -3.7685 0.0000
-3.9100 -3.9574 0.0000
-3.8331 -4.2392 0.0000
-4.0475 -4.2660 0.0000
-4.1024 -4.5062 0.0000
4.7444 3.3321 0.0000
-4.0053 -3.3733 0.0000
4.5105 0.9229 0.0000
4.5045 0.6089 0.0000
-2.5576 4.5286 0.0029
-1.3112 3.0437 0.0181
-1.4947 2.8793 0.0253
-1.4279 2.6272 0.0094
-1.6683 2.6912 0.0339
-1.8429 2.5567 0.0549
-2.0306 2.4714 0.1049
4.0545 -0.9674 0.0000
1.1165 -3.2282 0.0000
0.9280 -3.4051 0.0000
0.7279 -3.5432 0.0000
4.3000 -1.0928 0.0000
-0.8383 0.1543 0.0050
-0.9049 -0.1308 0.0109
2.1506 -0.2655 0.0000
2.0726 -0.5106 0.0000
-4.2348 -4.7590 0.0000
-1.1716 -1.3567 0.0235
1.9293 -1.4289 0.0000
-4.2301 -1.2054 0.0000
-1.1850 1.9382 0.0001
0.2920 1.4746 0.0000
0.0253 1.4432 0.0000
-0.2161 1.3725 0.0000
2.5878 3.3868 0.0000
0.2915 0.7003 0.0006
-4.1521 -4.0301 0.0000
-4.3002 -4.2600 0.0000
0.1357 -4.2426 0.0000
2.2209 0.0028 0.0000
1.9318 -0.0693 0.0000
-0.7932 4.7640 0.0042
-0.9426 4.5368 0.0091
-1.0926 4.3212 0.0171
2.6440 4.7667 0.0000
2.5162 4.5131 0.0000
2.3423 4.3592 0.0000
-2.1666 -2.0622 0.0334
-2.2200 -2.3355 0.0259
-2.6749 1.7879 0.2037
-2.7662 1.8162 0.1396
-2.7953 1.7220 0.1279
-4.1726 2.8407 0.0000
-3.2934 4.7568 0.0000
-3.5957 4.7504 0.0000
-3.7458 4.4989 0.0000
-3.4944 -2.4793 0.0000
-3.5347 -2.7721 0.0000
-2.8078 -0.8305 0.0507
-2.0937 -0.5214 0.0034
-2.0769 -0.8237 0.0047
-2.1122 -1.0949 0.0107
4.5238 3.8105 0.0000
4.5034 3.5210 0.0000
-1.0648 -0.8667 0.0272
-1.1464 -1.0888 0.0245
-1.2722 -0.7700 0.0123
-1.3825 -0.9756 0.0099
-1.3670 -1.2337 0.0119
-0.4545 -1.2117 0.1161
-0.4184 -1.3371 0.1187
-0.5876 -1.3250 0.0949
-0.6277 -1.5207 0.0822
-0.6331 -1.7234 0.0710
-0.8081 -1.6347 0.0547
-3.5951 -3.0636 0.0000
-3.7929 -2.8988 0.0000
-4.0118 -3.0671 0.0000
-4.2564 -3.2313 0.0000
-2.5183 -4.4881 0.0000
3.5775 4.7718 0.0000
3.2970 4.7684 0.0000
-3.8128 0.2358 0.0000
2.5801 -2.9544 0.0000
2.5737 -3.3000 0.0000
3.4547 -0.5138 0.0000
3.1684 -0.5912 0.0000
0.8910 -3.7523 0.0000
1.9523 -0.9013 0.0000
1.6267 -0.8680 0.0000
1.5698 3.6516 0.0000
1.3853 3.4572 0.0000
3.4020 -2.7715 0.0000
0.5900 -3.8100 0.0000
0.3488 -4.0163 0.0000
0.0402 3.5888 0.0001
-0.1912 3.4331 0.0002
0.7606 -1.0119 0.0268
-0.0453 4.7038 0.0004
-0.7362 -0.2993 0.0255
-1.0488 -0.3204 0.0119
4.0040 -2.9413 0.0000
4.1202 -3.2127 0.0000
-1.4020 -4.2606 0.0000
1.9768 -1.7191 0.0000
-1.7294 -2.2133 0.0152
2.3345 -2.2373 0.0000
-0.4390 2.4115 0.0000
-2.9493 -2.2841 0.0007
-3.2224 -2.3960 0.0001
-3.2659 -2.6792 0.0000
4.7365 -1.7324 0.0000
4.4969 -1.5809 0.0000
4.4462 -1.9050 0.0000
3.9981 -1.4765 0.0000
3.9117 -1.7340 0.0000
3.8219 -1.9870 0.0000
2.6047 -1.8210 0.0000
2.3821 -1.9670 0.0000
2.0041 -3.7568 0.0000
-3.1235 3.2969 0.0013
-2.1537 -3.4113 0.0012
-2.2166 -3.6811 0.0003
-2.4150 -3.4368 0.0004
-2.5013 -3.7086 0.0001
-1.7009 -4.2537 0.0000
0.0386 -3.2162 0.0007
-0.1400 -3.4415 0.0003
-2.3532 2.0092 0.2027
-2.4362 1.9525 0.2337
-2.5134 1.8894 0.2468
4.5248 -1.2614 0.0000
4.2758 -1.3939 0.0000
4.2204 -1.6807 0.0000
-1.7871 1.0163 0.0002
-2.0375 0.6981 0.0020
-2.0427 0.9601 0.0038
-2.4321 0.9545 0.1228
-2.5517 0.9953 0.2011
-2.5210 0.9121 0.1767
-2.4683 0.8234 0.1350
-2.5472 0.7430 0.1770
-2.2810 0.8613 0.0381
-2.4186 0.6899 0.0931
-2.5421 0.6345 0.1656
-2.5966 0.5680 0.1860
1.1205 4.7638 0.0000
1.2354 4.5102 0.0000
3.5784 3.0427 0.0000
3.4112 2.8678 0.0000
3.2934 2.5970 0.0000
3.0090 2.5893 0.0000
2.8637 2.3651 0.0000
2.5713 2.4158 0.0000
2.6744 2.1515 0.0000
2.4024 2.2406 0.0000
2.1845 2.0761 0.0000
-2.7775 -4.4883 0.0000
-2.9331 -4.7542 0.0000
-1.0989 -4.7601 0.0000
-0.9061 1.8019 0.0000
-1.0183 3.6436 0.0170
-1.1882 3.4494 0.0237
-1.3606 3.2782 0.0327
0.4977 2.7471 0.0000
0.2216 2.7735 0.0000
0.0465 2.5247 0.0000
0.0852 2.2436 0.0000
-0.1745 2.3034 0.0000
-0.3957 2.1177 0.0000
-0.4627 1.2989 0.0000
-0.6922 1.3438 0.0000
-3.5781 -4.3895 0.0000
-3.4774 -4.6639 0.0000
-2.6429 3.2880 0.0374
3.7920 3.5525 0.0000
3.7430 3.2152 0.0000
-4.3831 3.2874 0.0000
-4.6121 3.1310 0.0000
-3.8174 -4.5114 0.0000
-3.9505 -4.7580 0.0000
3.3554 0.7772 0.0000
2.8359 -3.4513 0.0000
3.0022 -3.7256 0.0000
2.7547 -3.7376 0.0000
0.2900 -3.7375 0.0000
0.0926 -3.9343 0.0000
-0.2062 -3.8355 0.0000
-0.0961 -4.0917 0.0000
1.7808 -1.9134 0.0000
1.5674 -2.0967 0.0000
1.3527 -2.2578 0.0000
-4.7623 -0.1595 0.0000
1.4020 -1.4777 0.0001
1.2053 -1.7154 0.0005
3.1075 -2.1218 0.0000
2.5182 -1.3566 0.0000
-2.5834 0.8373 0.2016
-2.6144 0.6812 0.1998
-2.6690 0.6177 0.2016
-2.6803 0.5332 0.1954
-2.6189 0.9294 0.2183
-2.6828 0.8599 0.2137
-2.6492 0.7691 0.2112
-2.7149 0.6995 0.1980
-2.7497 0.7922 0.1872
-2.8126 0.7117 0.1476
-2.7552 0.6156 0.1777
-2.8737 0.6170 0.1055
-2.7243 0.4557 0.1814
-2.7793 0.5254 0.1611
-2.9037 0.4509 0.0832
-2.0749 3.3343 0.1401
-2.1870 3.3343 0.1351
-2.2505 3.2259 0.1444
-2.4874 3.1258 0.0985
-2.1348 3.2252 0.1538
-2.1440 3.1351 0.1641
-2.2298 3.1325 0.1619
-2.2779 3.0485 0.1691
-2.3377 3.1383 0.1420
-2.3737 3.0261 0.1527
-2.1055 3.0420 0.1676
-2.1913 3.0436 0.1749
-2.2840 2.9594 0.1815
-2.3724 2.9204 0.1717
-2.4881 2.9748 0.1234
-2.4583 2.8658 0.1542
-2.5906 2.8507 0.1019
-0.3301 -2.2189 0.0600
-0.2680 -2.4544 0.0406
0.8352 -0.7662 0.0170
0.6125 -2.6722 0.0007
0.5206 -3.0420 0.0001
0.4010 -2.8249 0.0011
0.2105 -2.9985 0.0011
-2.5865 -0.0777 0.1415
-2.6406 -0.1603 0.1457
-2.7196 -0.2803 0.1260
-2.7969 -0.4207 0.0858
-2.9035 -0.2449 0.0535
-3.0197 -0.4489 0.0161
-2.2955 -0.7229 0.0311
-2.3401 -0.9662 0.0477
-4.5107 -2.1857 0.0000
-4.7577 -2.3399 0.0000
1.2962 -4.1034 0.0000
1.0700 -4.2424 0.0000
4.7548 0.8030 0.0000
0.9204 -1.2308 0.0103
0.6520 -1.2303 0.0406
-4.3802 -0.4858 0.0000
-4.3190 -0.7554 0.0000
-4.7441 -3.8832 0.0000
-4.7648 -4.1815 0.0000
4.7543 -1.4207 0.0000
-4.7581 3.6210 0.0000
-1.1649 2.2125 0.0003
3.8845 0.7899 0.0000
4.0453 0.6106 0.0000
-0.8186 3.1185 0.0028
-1.0085 2.9248 0.0037
-1.2233 2.8129 0.0067
0.9402 -4.5112 0.0000
0.7770 -4.7511 0.0000
-2.6044 1.9334 0.2269
-2.6879 1.8829 0.1861
-1.3024 0.1794 0.0011
-1.5440 0.0294 0.0007
-1.5080 -0.2796 0.0020
2.3367 4.7340 0.0000
2.1588 4.5146 0.0000
2.4631 1.9648 0.0000
2.2532 1.7848 0.0000
0.9541 1.8045 0.0000
-3.9413 -1.0857 0.0000
-4.0070 -1.3268 0.0000
1.2334 1.0911 0.0000
1.1416 0.8255 0.0000
0.8552 0.7703 0.0001
1.0573 0.5529 0.0001
-3.6377 0.4268 0.0001
4.2603 0.4543 0.0000
2.8345 -4.5041 0.0000
2.6586 -4.7386 0.0000
-1.1204 3.8873 0.0250
-3.5860 1.7759 0.0001
-3.5291 1.5161 0.0002
-3.8124 1.6210 0.0000
-3.7516 1.3219 0.0000
-0.3700 3.2491 0.0004
-0.5358 3.0484 0.0005
-0.7094 2.8454 0.0006
-0.9307 2.6757 0.0010
4.2442 2.2769 0.0000
4.0133 2.1021 0.0000
3.7706 1.9637 0.0000
4.0065 1.8144 0.0000
3.7388 1.6475 0.0000
0.0086 0.6599 0.0010
-0.0688 0.3941 0.0042
1.8140 2.7280 0.0000
1.6059 2.5537 0.0000
1.3930 2.4200 0.0000
1.1312 2.3608 0.0000
0.1775 -2.4040 0.0211
-0.0099 -2.5007 0.0255
-0.1715 -2.6913 0.0192
-2.6204 2.2366 0.1827
-2.7405 2.2002 0.1143
1.8330 1.4284 0.0000
0.5818 -0.0374 0.0097
0.8734 4.1339 0.0000
0.7456 3.8480 0.0000
2.3040 3.8967 0.0000
2.3128 3.6444 0.0000
2.0775 3.6824 0.0000
-1.9414 -3.7043 0.0005
-2.1004 -3.9582 0.0001
-3.2632 1.4184 0.0031
-3.4863 1.2376 0.0004
3.8430 -3.1938 0.0000
-3.9249 2.6759 0.0000
2.4403 -0.1951 0.0000
4.2305 3.4362 0.0000
-0.5204 -3.0898 0.0078
-0.7132 -3.2750 0.0046
-2.5247 -4.2354 0.0000
-4.0028 -1.9026 0.0000
-4.2578 -2.0422 0.0000
-4.2593 -2.3324 0.0000
-4.7369 -0.4569 0.0000
4.7444 2.3084 0.0000
4.7555 2.0122 0.0000
3.3752 -0.7869 0.0000
3.2937 -1.0664 0.0000
-3.0218 4.2822 0.0003
-3.1411 3.9625 0.0003
2.9983 -0.1546 0.0000
-3.9147 0.8421 0.0000
-3.9762 0.4510 0.0000
0.9610 4.4352 0.0000
0.7010 4.3929 0.0000
0.7297 2.7965 0.0000
0.5782 2.4989 0.0000
0.3165 2.4981 0.0000
0.3462 2.2490 0.0000
0.2035 1.9862 0.0000
0.3866 1.7405 0.0000
0.1032 1.7267 0.0000
2.0170 -1.1959 0.0000
1.7696 -1.1148 0.0000
1.6760 -1.3560 0.0000
-3.6693 2.5067 0.0000
-3.6961 2.2263 0.0000
-0.8455 3.8443 0.0111
-1.2765 3.6928 0.0360
-1.3764 3.9152 0.0426
2.6506 -0.6156 0.0000
-2.8402 2.3757 0.0508
-2.9475 2.1576 0.0303
-3.1933 2.1838 0.0036
-3.1090 1.9246 0.0098
-2.9475 1.7376 0.0453
-3.1007 1.6020 0.0133
-3.3064 1.7320 0.0018
-3.0711 0.9499 0.0219
-3.2806 0.7819 0.0028
-2.2001 2.9607 0.1832
-2.1926 2.8787 0.1880
-2.2837 2.8650 0.1935
-2.2103 2.7902 0.1941
-2.2973 2.7637 0.2036
-2.3737 2.8205 0.1878
-2.3834 2.7245 0.2001
-2.4414 2.6531 0.1966
-2.5096 2.6066 0.1794
-2.1961 2.7076 0.1916
-2.2775 2.6838 0.2079
-2.3426 2.6424 0.2139
-2.3969 2.5669 0.2175
-2.4707 2.5390 0.2049
-2.5553 2.5037 0.1758
-2.5783 2.5988 0.1483
-2.6766 2.5437 0.1058
-2.6701 2.4336 0.1246
-0.1545 -1.4116 0.1387
-0.2267 -1.4864 0.1298
-0.2396 -1.3349 0.1378
-0.3202 -1.4144 0.1267
-0.4667 -1.4688 0.1065
-0.3341 -1.5575 0.1158
-0.2226 -1.6507 0.1161
-0.3460 -1.7106 0.1021
-0.4816 -1.6359 0.0942
-0.4582 -1.8429 0.0814
2.7425 1.8745 0.0000
2.5325 1.6851 0.0000
2.5802 1.4158 0.0000
-1.5268 4.5550 0.0185
0.8303 -2.1859 0.0017
-2.8541 4.5305 0.0005
3.4842 -3.0080 0.0000
-2.3742 -3.9594 0.0000
1.2304 0.3022 0.0001
1.1360 0.0434 0.0005
3.1295 2.8319 0.0000
1.8850 -4.5376 0.0000
1.7191 -4.7650 0.0000
-1.4661 -1.4505 0.0083
-1.5426 -1.7069 0.0067
1.7301 -3.8196 0.0000
0.0436 3.3174 0.0000
-0.1502 3.1129 0.0001
-4.4992 4.0730 0.0000
-4.7553 3.9191 0.0000
-3.3747 3.1837 0.0002
-3.6326 3.0724 0.0000
3.6014 -1.7979 0.0000
3.3737 -1.9828 0.0000
4.2997 -4.5057 0.0000
4.2053 -4.7520 0.0000
3.8979 -4.7531 0.0000
2.4740 0.6413 0.0000
4.2611 -3.5247 0.0000
3.9851 -3.7291 0.0000
3.7871 -3.9797 0.0000
1.3862 0.7932 0.0000
4.7496 0.5404 0.0000
3.7979 -1.2323 0.0000
3.7151 -1.5128 0.0000
-4.5390 0.0054 0.0000
-3.4334 -1.3434 0.0001
-3.5665 -1.5762 0.0000
-3.7593 -1.7569 0.0000
1.2005 3.6724 0.0000
1.0892 3.4067 0.0000
0.9915 3.0972 0.0000
0.9086 3.6213 0.0000
0.6180 3.5637 0.0000
0.8242 3.3331 0.0000
0.5496 3.2924 0.0000
0.7122 3.0483 0.0000
1.3180 -2.4922 0.0000
1.0532 -2.4528 0.0001
0.7882 -2.4276 0.0007
0.8977 -2.6966 0.0001
-0.4220 1.5547 0.0000
3.1164 -2.7188 0.0000
3.3051 -3.2408 0.0000
3.1389 -3.4709 0.0000
1.8307 -0.3498 0.0000
-4.5087 -3.0980 0.0000
-4.7533 -3.2674 0.0000
2.1847 0.7648 0.0000
2.2339 0.5138 0.0000
2.0078 0.4649 0.0000
2.0127 0.2124 0.0000
-3.1102 2.4405 0.0057
-3.4207 2.3328 0.0003
-3.4236 2.0234 0.0005
0.2346 -0.5649 0.0766
0.1004 -0.6707 0.1017
-0.0323 -0.5942 0.0960
-0.0254 -0.7644 0.1196
-0.1578 -0.7006 0.1098
-0.1374 -0.8523 0.1290
-1.6685 -3.7372 0.0006
-1.8246 -3.9835 0.0001
1.7637 3.8374 0.0000
1.4027 3.8058 0.0000
2.9931 3.1255 0.0000
2.8707 2.8751 0.0000
2.7213 2.6342 0.0000
-2.2589 -0.0198 0.0166
4.7589 1.7067 0.0000
4.5155 1.5431 0.0000
-4.2023 4.7567 0.0000
-4.3305 4.5138 0.0000
-4.5082 4.7231 0.0000
-4.7281 4.5142 0.0000
-4.5033 -3.7016 0.0000
3.0797 -2.4028 0.0000
-3.2880 4.2301 0.0000
-3.4511 3.9837 0.0000
-0.6953 2.5353 0.0001
0.6903 -0.5271 0.0236
-0.2396 -3.1595 0.0029
-0.4297 -3.3568 0.0016
2.5042 0.0915 0.0000
-4.7887 -4.7803 0.0000
-3.2605 -0.8681 0.0009
-3.2119 -1.1540 0.0009
4.7838 4.7875 0.0000
4.5213 4.7106 0.0000
-2.8024 -4.2336 0.0000
4.7611 -0.7883 0.0000
-2.0850 -1.8137 0.0258
-3.9367 -0.0635 0.0000
3.1378 4.6198 0.0000
3.0007 4.4133 0.0000
2.8062 4.5418 0.0000
-0.9508 -4.5174 0.0000
-4.5004 -3.4029 0.0000
-4.7531 -3.5742 0.0000
2.9989 0.4045 0.0000
0.5119 -0.2781 0.0245
0.4811 -0.4880 0.0423
0.4033 -0.6493 0.0658
4.0083 -3.4656 0.0000
3.7352 -3.4762 0.0000
-3.0337 -4.4961 0.0000
3.9415 2.6858 0.0000
3.7583 2.5019 0.0000
3.2827 3.8162 0.0000
3.3348 3.5263 0.0000
2.8275 1.3136 0.0000
2.6221 1.1123 0.0000
2.4480 0.9120 0.0000
2.2345 1.0429 0.0000
-3.7021 1.0114 0.0000
3.4481 -3.4976 0.0000
3.2623 -3.7331 0.0000
1.7714 0.4268 0.0000
1.7001 0.9108 0.0000
1.6141 0.6505 0.0000
1.3279 0.5567 0.0000
2.5750 2.8772 0.0000
2.4054 2.6208 0.0000
2.1198 2.6875 0.0000
1.9392 2.4948 0.0000
3.9321 -0.2166 0.0000
3.8493 0.1177 0.0000
3.7246 -0.0900 0.0000
3.4994 -0.2329 0.0000
3.5056 0.0640 0.0000
-4.2567 -0.0451 0.0000
-0.7090 -2.6611 0.0280
-0.8994 -2.7527 0.0227
-0.7926 -2.9931 0.0141
-1.0660 -2.9644 0.0153
-3.3752 2.8967 0.0003
-0.5585 -0.4218 0.0469
-0.6725 -0.6101 0.0534
-0.8519 -0.4933 0.0294
-1.0763 -0.6067 0.0190
4.0532 -1.2160 0.0000
4.5200 -0.9400 0.0000
3.8920 -2.6660 0.0000
3.7236 -2.9315 0.0000
1.5741 -3.3412 0.0000
1.2889 -3.4483 0.0000
1.0670 -3.5862 0.0000
3.1001 -1.8640 0.0000
-1.9028 -1.9962 0.0170
3.0806 -0.8655 0.0000
3.0105 -1.1305 0.0000
-1.5170 0.9248 0.0000
2.9180 -1.3903 0.0000
4.5007 2.1456 0.0000
4.5143 1.8465 0.0000
4.2609 1.9778 0.0000
0.7597 -0.2770 0.0106
2.2068 2.4002 0.0000
1.9571 2.2102 0.0000
-4.2478 1.2048 0.0000
-4.1881 0.9439 0.0000
-4.5253 1.2834 0.0000
-4.4836 1.0083 0.0000
-4.7552 1.0952 0.0000
-4.3709 3.5751 0.0000
-2.3626 2.1096 0.2170
-2.4522 2.1443 0.2414
-2.4461 2.0500 0.2402
-2.5437 2.0885 0.2349
-2.5253 1.9903 0.2445
-2.5427 2.1845 0.2262
-2.6272 2.1418 0.1920
-2.6157 2.0285 0.2122
-2.6754 2.0807 0.1706
-2.7756 2.0659 0.1081
-2.6967 1.9762 0.1698
0.1418 -4.7508 0.0000
3.1903 1.0104 0.0000
1.7888 1.1738 0.0000
-0.3441 -4.5250 0.0000
-4.4924 2.1735 0.0000
-4.5370 1.9013 0.0000
3.5282 -1.2564 0.0000
3.4435 -1.5195 0.0000
-1.9091 3.7172 0.0921
-2.0256 3.5864 0.1082
-2.2022 3.6135 0.0883
-2.2957 3.4729 0.0939
-2.4872 3.4388 0.0564
-3.7644 -2.6096 0.0000
-4.0249 -2.7625 0.0000
-4.2643 -2.9308 0.0000
-1.4257 -2.5490 0.0175
-1.7067 -2.4790 0.0187
-0.4888 -2.4260 0.0427
2.5218 0.3811 0.0000
-1.0940 4.7716 0.0071
-1.2384 4.5496 0.0144
1.5155 -3.6273 0.0000
-1.9866 3.4510 0.1240
-2.1367 3.4586 0.1206
-2.3042 3.3462 0.1132
-2.4130 3.2664 0.0989
-2.6607 3.0380 0.0541
3.4011 3.2336 0.0000
3.2372 3.0604 0.0000
-0.9946 0.9306 0.0001
-3.6798 -4.7503 0.0000
1.6034 -2.4252 0.0000
1.1739 -2.7158 0.0000
1.3113 -2.9474 0.0000
1.0348 -2.9646 0.0000
-0.6924 1.0464 0.0001
-1.1063 -4.2659 0.0000
-1.2489 -4.5136 0.0000
0.2838 -4.5125 0.0000
-0.4807 -0.2156 0.0323
4.7599 4.2274 0.0000
-1.5147 0.6388 0.0001
-1.5295 0.3365 0.0003
3.2314 -1.3415 0.0000
4.2671 4.5099 0.0000
4.2596 4.2400 0.0000
4.0120 4.2465 0.0000
3.7632 4.1302 0.0000
-1.6275 -1.1725 0.0041
-1.9124 -1.2731 0.0037
-1.7267 -1.4716 0.0038
-2.0008 -1.5495 0.0118
-1.7837 0.7559 0.0001
-1.1519 2.5551 0.0018
-2.9627 1.4465 0.0487
-3.0780 1.2481 0.0194
-3.2584 1.1137 0.0035
-3.4371 0.9621 0.0006
4.0237 4.5044 0.0000
3.7487 4.4356 0.0000
0.5922 4.0815 0.0000
0.4563 3.8088 0.0000
0.3217 3.5458 0.0000
1.4873 -1.1593 0.0001
1.2127 -1.2181 0.0013
1.0813 -1.4655 0.0024
1.9352 -4.0366 0.0000
-4.1425 3.6970 0.0000
4.0250 3.9689 0.0000
3.7794 3.8423 0.0000
3.5455 3.6960 0.0000
3.5925 3.4030 0.0000
-0.3313 0.3103 0.0058
-0.5800 0.2321 0.0061
-0.3708 0.0131 0.0182
-0.6472 -0.0366 0.0145
-1.1144 -3.7555 0.0005
-1.2533 -4.0130 0.0001
-1.5429 -4.0065 0.0001
2.8877 -1.7110 0.0000
2.8389 -1.9850 0.0000
-4.3990 3.0031 0.0000
-2.4683 2.7687 0.1679
-2.5295 2.7035 0.1538
-2.6657 2.7091 0.0891
-2.5622 2.4158 0.1866
-2.5984 2.3414 0.1793
-2.6810 2.3149 0.1351
-0.0156 -0.9058 0.1347
-0.1439 -0.9760 0.1395
-0.2788 -0.7967 0.1145
-0.2521 -0.9289 0.1294
-0.2315 -1.0638 0.1392
-0.3454 -1.0127 0.1256
-0.4498 -1.0711 0.1146
2.3784 1.2364 0.0000
2.0784 1.2867 0.0000
1.9797 0.9818 0.0000
2.6516 -2.6908 0.0000
-0.5040 4.7548 0.0021
-0.6429 4.5166 0.0046
-0.8002 4.2968 0.0091
-0.9598 4.0884 0.0158
1.4080 4.7602 0.0000
-1.6284 -0.4932 0.0018
-1.4567 -0.6411 0.0050
-1.6044 -0.8463 0.0035
1.9873 1.8840 0.0000
2.0297 1.6019 0.0000
3.6598 0.2885 0.0000
4.0317 -4.4994 0.0000
3.7428 -4.4992 0.0000
3.5914 -4.7506 0.0000
-0.1630 -4.7502 0.0000
4.7410 -2.0256 0.0000
4.5232 -2.2123 0.0000
1.8456 3.5875 0.0000
1.6878 3.3883 0.0000
0.1946 -1.6937 0.0932
0.0651 -1.6809 0.1092
0.0137 -1.8084 0.0983
-0.1250 -1.9160 0.0908
-0.1325 -2.1028 0.0708
0.1705 1.2029 0.0000
3.2807 1.7837 0.0000
0.4654 1.2335 0.0000
2.2729 -1.2756 0.0000
-3.2969 -4.4460 0.0000
-3.2217 -4.7404 0.0000
3.0657 3.6213 0.0000
2.8532 3.4132 0.0000
-2.3463 1.9159 0.1875
-2.4244 1.8541 0.2216
-2.5022 1.7823 0.2431
-2.4471 1.6960 0.2169
-2.5355 1.6769 0.2450
-2.5685 1.5868 0.2454
-2.6384 1.6592 0.2312
-2.5922 1.8376 0.2381
-2.5976 1.7435 0.2410
-2.7060 1.7146 0.1906
4.5140 -0.6433 0.0000
4.2542 -0.7829 0.0000
3.3054 -1.7121 0.0000
-4.5947 0.3094 0.0000
-4.7711 0.1482 0.0000
-1.4346 1.4010 0.0000
-1.2730 1.1137 0.0000
-3.3807 3.4751 0.0001
-3.6236 3.3705 0.0000
3.5644 -0.9903 0.0000
-3.2124 -1.8906 0.0002
-3.4831 -1.8786 0.0000
-3.7318 -2.0401 0.0000
-3.9968 -2.1853 0.0000
-1.3982 4.7763 0.0098
-1.7068 4.7757 0.0105
2.3789 -0.4897 0.0000
4.6945 3.0612 0.0000
4.7615 2.8452 0.0000
0.7838 -1.4608 0.0173
0.6120 -1.6873 0.0275
0.3491 -1.7733 0.0605
0.3560 -1.0035 0.0978
0.2048 -1.0477 0.1249
0.1102 -1.1048 0.1381
0.0490 -1.1920 0.1439
-0.9145 2.0832 0.0000
-1.0800 0.0347 0.0039
-1.2676 -0.1384 0.0036
2.5965 -2.1456 0.0000
2.6797 -2.4102 0.0000
2.4377 -2.4670 0.0000
-4.7792 4.7816 0.0000
2.7192 0.8213 0.0000
-2.7628 3.8643 0.0053
-2.6699 3.6016 0.0168
3.1886 -2.9794 0.0000
-2.6515 -3.9791 0.0000
-3.0764 -4.2323 0.0000
-0.7976 0.4422 0.0016
-1.0555 0.3291 0.0014
-4.2336 1.9797 0.0000
2.7585 4.0129 0.0000
2.6968 4.2976 0.0000
2.4826 4.1377 0.0000
2.5515 3.8615 0.0000
1.6411 -0.1134 0.0000
3.9663 3.3518 0.0000
3.9337 3.0346 0.0000
2.7623 0.5471 0.0000
-1.7644 0.4944 0.0001
-2.0156 0.4295 0.0010
-2.5406 -0.5034 0.1094
-2.6479 -0.6689 0.1071
-2.8222 -0.6213 0.0608
0.5318 -2.3967 0.0046
0.3337 -2.5623 0.0061
1.3274 -0.1648 0.0003
1.0428 -0.2291 0.0022
0.9536 -0.4966 0.0066
-4.2691 0.4439 0.0000
-4.3791 0.2134 0.0000
1.6999 -1.6233 0.0000
1.4909 -1.7938 0.0000
-1.2573 -1.5807 0.0168
-1.3306 -1.8242 0.0123
4.2722 1.6885 0.0000
4.0335 1.5424 0.0000
-2.3397 4.7516 0.0035
-2.6681 4.7670 0.0008
0.5687 0.7233 0.0002
0.2453 -0.7503 0.0973
0.1032 -0.8269 0.1206
0.2325 -0.9054 0.1132
0.1021 -0.9596 0.1323
0.0433 -1.0407 0.1414
2.4323 -1.6074 0.0000
2.1835 -1.4996 0.0000
2.2391 -1.7766 0.0000
-4.4908 -0.2682 0.0000
-4.5721 -0.6529 0.0000
-4.7704 -0.8027 0.0000
-3.6924 -1.2149 0.0000
-3.7757 -1.4450 0.0000
2.3566 -4.7434 0.0000
-0.6719 2.2418 0.0000
2.0081 -4.2740 0.0000
2.1892 -4.5160 0.0000
2.0408 -4.7644 0.0000
-0.2395 4.7533 0.0009
-0.3410 4.4987 0.0017
-4.2485 -1.0125 0.0000
-4.5136 -0.9673 0.0000
-4.7544 -1.1102 0.0000
-4.4931 -1.2656 0.0000
-4.7504 -1.4135 0.0000
2.3795 -2.7596 0.0000
2.3877 -3.1060 0.0000
-0.9137 -3.4808 0.0021
-0.8335 -3.7543 0.0003
-0.9662 -4.0132 0.0001
-2.8744 3.4397 0.0066
-3.1276 3.5687 0.0008
1.7370 0.1583 0.0000
1.5151 0.3564 0.0000
1.4370 0.0901 0.0001
-3.8985 2.9549 0.0000
0.7740 -4.2943 0.0000
4.7642 3.9285 0.0000
2.9701 4.1904 0.0000
2.7995 3.7035 0.0000
2.0483 3.4216 0.0000
1.8746 3.2232 0.0000
1.7120 3.0112 0.0000
1.5302 2.8020 0.0000
1.5337 3.1961 0.0000
1.2428 3.1998 0.0000
1.3960 2.9911 0.0000
1.1928 2.8915 0.0000
0.9614 2.8261 0.0000
1.7369 1.7184 0.0000
1.4223 1.6515 0.0000
1.2312 1.8593 0.0000
1.1425 1.5818 0.0000
4.2557 0.7737 0.0000
4.0420 0.2901 0.0000
-4.5985 3.4460 0.0000
-4.7861 3.2863 0.0000
0.7201 4.7128 0.0000
0.4516 4.7792 0.0000
3.7559 2.8580 0.0000
3.5792 2.6780 0.0000
0.8565 1.5361 0.0000
1.0408 1.3114 0.0000
0.9452 1.0425 0.0000
4.7649 -3.6022 0.0000
4.7232 -3.9224 0.0000
4.4231 -4.0064 0.0000
4.2387 -3.7806 0.0000
4.0902 -4.0099 0.0000
4.5052 -4.2530 0.0000
4.2251 -4.2546 0.0000
3.9121 -4.2438 0.0000
4.0484 1.2277 0.0000
4.2869 1.0822 0.0000
4.0443 0.9535 0.0000
-3.4136 -0.1058 0.0005
-2.7439 -1.0383 0.0536
-0.2904 -0.2763 0.0463
-0.1763 -0.5184 0.0830
-0.3094 -0.6412 0.0930
-0.3494 -0.4514 0.0652
-0.4840 -0.6070 0.0728
-0.4388 -2.6471 0.0292
-2.6828 -1.2566 0.0513
-3.4546 -2.1731 0.0000
-3.7349 -2.3217 0.0000
-1.0231 0.6289 0.0004
-1.2798 0.4903 0.0003
2.0038 4.2970 0.0000
-4.0032 -1.6136 0.0000
-4.2593 -1.4710 0.0000
-4.2586 -1.7528 0.0000
-4.5107 -1.5807 0.0000
-0.0607 2.8218 0.0000
-0.2260 2.6017 0.0000
-1.2378 4.1145 0.0284
-1.4954 4.1230 0.0410
-1.6113 3.9220 0.0595
3.0221 0.7363 0.0000
-2.4388 4.2858 0.0094
-2.6105 4.0729 0.0076
-2.7316 4.2924 0.0022
-2.9068 4.0621 0.0013
4.0781 -0.0070 0.0000
4.0161 4.7610 0.0000
3.7957 4.7008 0.0000
4.4973 -0.3414 0.0000
4.2625 -0.5137 0.0000
-2.6111 -1.4865 0.0470
-2.8514 -1.4661 0.0120
4.1258 -1.9407 0.0000
3.9687 -2.1876 0.0000
3.7970 -2.3878 0.0000
3.5502 -2.4464 0.0000
0.0483 4.1580 0.0001
-0.2220 -4.2928 0.0000
0.4285 -1.2789 0.0826
0.5438 -1.4478 0.0516
0.3371 -1.4343 0.0930
0.4022 -1.6102 0.0666
0.2265 -1.5622 0.1020
-2.9999 -0.9756 0.0089
-2.9294 -1.2205 0.0105
2.8676 -2.2551 0.0000
2.5428 -3.5705 0.0000
2.2701 -3.6780 0.0000
2.2162 -3.9812 0.0000
2.2636 -4.2541 0.0000
-1.5396 -4.5094 0.0000
-1.7233 -4.7523 0.0000
1.1031 -3.9324 0.0000
0.8480 -4.0218 0.0000
-2.1728 2.4297 0.1627
-2.2234 2.3372 0.1756
-2.3273 2.3102 0.2172
-2.2638 2.2466 0.1847
-2.2766 2.1613 0.1808
-2.3660 2.2124 0.2250
-2.4651 2.2353 0.2381
-4.2136 2.5695 0.0000
-4.2304 2.2833 0.0000
-3.9011 4.7495 0.0000
-4.0485 4.4928 0.0000
-4.2243 4.2299 0.0000
-4.2719 3.9122 0.0000
-4.0233 1.4090 0.0000
-3.9658 1.1285 0.0000
2.1830 -0.7303 0.0000
2.2284 -0.9972 0.0000
4.6057 -2.4991 0.0000
4.3527 -2.4750 0.0000
4.1914 -2.7129 0.0000
2.2967 1.5017 0.0000
0.9478 0.2745 0.0006
0.6641 0.2262 0.0027
1.7727 2.0267 0.0000
1.5136 1.9181 0.0000
-2.3141 1.7176 0.1393
4.1900 3.1494 0.0000
4.1475 2.8537 0.0000
0.6001 -4.1005 0.0000
0.4347 -4.2927 0.0000
2.4991 -1.0711 0.0000
2.0223 4.7572 0.0000
3.8602 0.4436 0.0000
0.1020 -1.3034 0.1368
0.2512 -1.3016 0.1164
0.1718 -1.4228 0.1218
-0.0117 -1.2735 0.1456
-0.0536 -1.3605 0.1429
0.0437 -1.4070 0.1361
0.0758 -1.5398 0.1229
-0.0565 -1.4857 0.1344
-0.1514 -1.5606 0.1273
-0.0503 -1.6270 0.1212
-0.1255 -1.7405 0.1099
-0.7831 -1.4068 0.0647
-0.9925 -1.5268 0.0376
-1.0623 -1.7676 0.0272
4.7465 -4.2090 0.0000
4.7619 -4.4935 0.0000
4.5311 -4.4976 0.0000
4.7602 -4.7585 0.0000
4.4970 -4.7503 0.0000
-3.6070 3.6980 0.0000
-0.0739 3.9315 0.0002
-0.2265 3.7175 0.0004
-0.5052 4.2597 0.0035
-0.6689 4.0461 0.0065
-0.5565 3.7873 0.0032
-0.7435 3.5878 0.0057
3.3185 1.3045 0.0000
-1.8117 -4.5014 0.0000
-1.6281 1.6119 0.0004
-1.7741 1.3982 0.0007
-2.0766 1.4558 0.0179
-1.9411 1.2197 0.0024
-2.1939 1.1860 0.0286
-2.3764 1.2422 0.1164
2.0492 -3.4680 0.0000
1.7866 -3.5411 0.0000
0.2881 4.0394 0.0000
0.8548 -0.0029 0.0030
-1.6311 -1.9634 0.0085
-2.6456 -0.8087 0.0960
3.5869 -3.2411 0.0000
-0.1142 1.1449 0.0000
0.7537 1.2676 0.0000
0.6589 0.9976 0.0000
1.3993 -4.7502 0.0000
1.0963 -4.7473 0.0000
1.2587 -3.7470 0.0000
-4.7566 -1.7239 0.0000
0.3148 -0.1069 0.0228
0.0916 -0.2496 0.0445
-4.1364 0.6712 0.0000
-4.5042 0.5451 0.0000
1.6526 -4.0839 0.0000
1.4495 -4.2757 0.0000
-4.5126 -2.4868 0.0000
-4.7574 -2.6486 0.0000
2.7563 -3.9961 0.0000
2.7435 -4.2554 0.0000
2.4912 -3.8585 0.0000
2.4955 -4.1384 0.0000
2.5070 -4.4597 0.0000
4.2577 4.7610 0.0000
-4.1171 3.4218 0.0000
-4.1672 -0.2905 0.0000
-2.3356 -1.8720 0.0430
-2.4100 -2.1167 0.0281
-2.4993 -2.3550 0.0117
-2.6927 -2.1716 0.0066
-2.7324 -2.4726 0.0020
2.6784 -0.3572 0.0000
-0.6513 1.9491 0.0000
1.8509 4.1050 0.0000
1.5622 4.0209 0.0000
-4.5501 -4.2967 0.0000
-4.7278 -4.5075 0.0000
2.9303 -0.4008 0.0000
2.8958 -0.6568 0.0000
-0.3366 -2.8943 0.0125
-0.5997 -2.8361 0.0199
-1.2842 -3.0364 0.0126
-1.4584 -3.2667 0.0063
-1.6468 -3.4930 0.0023
3.7365 -3.7143 0.0000
3.5149 -3.7556 0.0000
-1.9844 -4.2347 0.0000
-2.0453 -4.4897 0.0000
-2.0305 -4.7453 0.0000
-4.0952 0.1915 0.0000
-4.3956 -4.5187 0.0000
-2.6197 1.4022 0.2400
-2.7083 1.3701 0.2097
-2.6556 1.2196 0.2312
-2.7253 1.2768 0.2027
-2.7877 1.2212 0.1635
-0.2637 -1.8277 0.0969
-0.3058 -1.9999 0.0790
-0.4963 -2.0465 0.0642
-0.5561 -2.2469 0.0496
1.5509 1.2148 0.0000
1.4677 1.0036 0.0000
-0.0660 4.4463 0.0004
-0.2265 4.2091 0.0009
4.7593 3.6257 0.0000
3.1205 1.5334 0.0000
-2.5525 1.2599 0.2241
-2.4777 1.2413 0.1837
-2.4846 1.1539 0.1785
-2.3756 1.0888 0.0996
-2.4834 1.0466 0.1663
-2.5723 1.1809 0.2246
-2.5604 1.0880 0.2130
-2.6484 1.1225 0.2295
-2.6481 1.0247 0.2255
-2.7126 0.9541 0.2084
-2.7293 1.0726 0.2025
-2.7320 1.1684 0.2008
-2.8312 1.1151 0.1351
-2.7695 1.0078 0.1791
-2.8649 0.9781 0.1137
-2.7819 0.8879 0.1706
-2.9009 0.8053 0.0908
2.8999 -2.5807 0.0000
2.8879 -2.8957 0.0000
4.7596 -1.1007 0.0000
-0.1063 1.9851 0.0000
-0.1622 1.6736 0.0000
4.0170 -0.4666 0.0000
3.7362 -0.4235 0.0000
-4.2363 -3.5292 0.0000
0.6102 -4.5054 0.0000
0.4597 -4.7520 0.0000
3.1761 2.3177 0.0000
3.2081 2.0265 0.0000
2.9492 2.0965 0.0000
3.0093 1.8079 0.0000
2.8290 1.5827 0.0000
-0.3981 -0.8973 0.1116
-0.5284 -0.9527 0.0978
-0.7095 -0.9770 0.0723
-0.5907 -1.1298 0.0950
-0.7513 -1.1971 0.0712
-0.9034 -1.0324 0.0479
-0.9562 -1.2669 0.0441
0.0907 0.9285 0.0002
3.0173 -3.2022 0.0000
2.7581 -3.1474 0.0000
2.9067 1.0244 0.0000
2.7243 3.1344 0.0000
4.4173 2.9625 0.0000
-3.8973 4.2495 0.0000
-4.0297 4.0088 0.0000
-3.4485 -3.8840 0.0000
-3.6375 -4.0716 0.0000
-2.5812 -2.9734 0.0010
-2.8526 -3.1100 0.0001
-3.1362 -3.1772 0.0000
-2.6693 1.5642 0.2222
-2.7384 1.6303 0.1757
-2.8485 1.5813 0.1026
-2.7538 1.5300 0.1723
-2.6975 1.4634 0.2122
-2.7993 1.4419 0.1452
-2.7948 1.3480 0.1533
-2.8802 1.2690 0.0971
-1.1531 1.6652 0.0000
-1.3823 1.6636 0.0000
3.2236 0.5243 0.0000
3.3650 0.2898 0.0000
1.5416 4.5239 0.0000
-3.6448 2.7850 0.0000
0.8698 2.3094 0.0000
0.6082 2.2640 0.0000
0.7733 2.0318 0.0000
0.4924 2.0001 0.0000
-1.4940 -2.3055 0.0139
-1.5121 3.7340 0.0592
-1.7353 3.7401 0.0808
-1.6375 3.5805 0.0771
-1.8459 3.5588 0.1036
-1.5600 3.3550 0.0623
-1.7121 3.4434 0.0895
-1.8524 3.3880 0.1133
-1.9645 3.3229 0.1326
-3.9057 3.7751 0.0000
-3.8601 3.5250 0.0000
0.4581 4.5386 0.0000
0.4257 4.2828 0.0000
0.1989 4.3208 0.0001
1.7446 -4.3094 0.0000
1.5669 -4.5277 0.0000
-0.7903 -4.7613 0.0000
-2.9852 4.7640 0.0001
-3.1547 4.5154 0.0001
3.5009 0.5316 0.0000
1.3187 -0.9379 0.0007
1.0320 -0.9805 0.0058
4.7830 -2.3281 0.0000
-1.5524 -3.0020 0.0124
-1.7354 -3.2207 0.0060
-1.9032 -3.4568 0.0018
-3.2875 -0.5768 0.0011
-3.5148 -0.7397 0.0001
-3.7290 -0.9109 0.0000
-4.0500 -0.8564 0.0000
