5.0000 5.0000 0.0000
0.0000 5.0000 0.0000
2.5000 5.0000 0.0000
3.7500 5.0000 0.0000
4.3750 5.0000 0.0000
4.6875 5.0000 0.0000
4.0625 5.0000 0.0000
3.1250 5.0000 0.0000
3.4375 5.0000 0.0000
2.8125 5.0000 0.0000
1.2500 5.0000 0.0000
1.8750 5.0000 0.0000
2.1875 5.0000 0.0000
1.5625 5.0000 0.0000
0.6250 5.0000 0.0000
0.9375 5.0000 0.0000
0.3125 5.0000 0.0000
-2.5000 5.0000 0.0000
-1.2500 5.0000 0.0000
-0.6250 5.0000 0.0000
-0.3125 5.0000 0.0000
-0.9375 5.0000 0.0000
-1.8750 5.0000 0.0000
-1.5625 5.0000 0.0000
-2.1875 5.0000 0.0000
-3.7500 5.0000 0.0000
-3.1250 5.0000 0.0000
-2.8125 5.0000 0.0000
-3.4375 5.0000 0.0000
-4.3750 5.0000 0.0000
-4.0625 5.0000 0.0000
-4.6875 5.0000 0.0000
5.0000 -5.0000 0.0000
5.0000 0.0000 0.0000
5.0000 -2.5000 0.0000
5.0000 -3.7500 0.0000
5.0000 -4.3750 0.0000
5.0000 -4.6875 0.0000
5.0000 -4.0625 0.0000
5.0000 -3.1250 0.0000
5.0000 -3.4375 0.0000
5.0000 -2.8125 0.0000
5.0000 -1.2500 0.0000
5.0000 -1.8750 0.0000
5.0000 -2.1875 0.0000
5.0000 -1.5625 0.0000
5.0000 -0.6250 0.0000
5.0000 -0.9375 0.0000
5.0000 -0.3125 0.0000
5.0000 2.5000 0.0000
5.0000 1.2500 0.0000
5.0000 0.6250 0.0000
5.0000 0.3125 0.0000
5.0000 0.9375 0.0000
5.0000 1.8750 0.0000
5.0000 1.5625 0.0000
5.0000 2.1875 0.0000
5.0000 3.7500 0.0000
5.0000 3.1250 0.0000
5.0000 2.8125 0.0000
5.0000 3.4375 0.0000
5.0000 4.3750 0.0000
5.0000 4.0625 0.0000
5.0000 4.6875 0.0000
-5.0000 -5.0000 0.0000
0.0000 -5.0000 0.0000
-2.5000 -5.0000 0.0000
-3.7500 -5.0000 0.0000
-4.3750 -5.0000 0.0000
-4.6875 -5.0000 0.0000
-4.0625 -5.0000 0.0000
-3.1250 -5.0000 0.0000
-3.4375 -5.0000 0.0000
-2.8125 -5.0000 0.0000
-1.2500 -5.0000 0.0000
-1.8750 -5.0000 0.0000
-2.1875 -5.0000 0.0000
-1.5625 -5.0000 0.0000
-0.6250 -5.0000 0.0000
-0.9375 -5.0000 0.0000
-0.3125 -5.0000 0.0000
2.5000 -5.0000 0.0000
1.2500 -5.0000 0.0000
0.6250 -5.0000 0.0000
0.3125 -5.0000 0.0000
0.9375 -5.0000 0.0000
1.8750 -5.0000 0.0000
1.5625 -5.0000 0.0000
2.1875 -5.0000 0.0000
3.7500 -5.0000 0.0000
3.1250 -5.0000 0.0000
2.8125 -5.0000 0.0000
3.4375 -5.0000 0.0000
4.3750 -5.0000 0.0000
4.0625 -5.0000 0.0000
4.6875 -5.0000 0.0000
-5.0000 5.0000 0.0000
-5.0000 0.0000 0.0000
-5.0000 2.5000 0.0000
-5.0000 3.7500 0.0000
-5.0000 4.3750 0.0000
-5.0000 4.6875 0.0000
-5.0000 4.0625 0.0000
-5.0000 3.1250 0.0000
-5.0000 3.4375 0.0000
-5.0000 2.8125 0.0000
-5.0000 1.2500 0.0000
-5.0000 1.8750 0.0000
-5.0000 2.1875 0.0000
-5.0000 1.5625 0.0000
-5.0000 0.6250 0.0000
-5.0000 0.9375 0.0000
-5.0000 0.3125 0.0000
-5.0000 -2.5000 0.0000
-5.0000 -1.2500 0.0000
-5.0000 -0.6250 0.0000
-5.0000 -0.3125 0.0000
-5.0000 -0.9375 0.0000
-5.0000 -1.8750 0.0000
-5.0000 -1.5625 0.0000
-5.0000 -2.1875 0.0000
-5.0000 -3.7500 0.0000
-5.0000 -3.1250 0.0000
-5.0000 -2.8125 0.0000
-5.0000 -3.4375 0.0000
-5.0000 -4.3750 0.0000
-5.0000 -4.0625 0.0000
-5.0000 -4.6875 0.0000
-1.8067 -0.5292 0.0000
2.8358 -1.9364 0.0000
1.0938 4.7624 0.0000
2.5705 -3.0116 0.0000
2.4645 -3.2873 0.0000
2.3477 -3.5578 0.0000
-4.0003 4.0898 0.0000
-2.2502 -2.4411 0.0000
-2.4524 -2.7799 0.0000
1.0116 -1.0827 0.0602
4.7617 2.6597 0.0000
4.7472 2.3615 0.0000
4.4977 2.1733 0.0000
0.3872 -3.0313 0.0000
0.1724 -3.2269 0.0000
-0.7948 0.8326 0.0123
0.6812 0.7858 0.2634
0.4621 0.7045 0.2862
2.9086 -1.6660 0.0000
1.0768 4.2624 0.0000
-2.1490 -3.5119 0.0000
4.7308 -2.3420 0.0000
-2.0691 1.3592 0.0000
-2.1535 1.0673 0.0000
-2.4269 1.0560 0.0000
1.7114 2.9154 0.0000
3.7727 2.0096 0.0000
-2.1213 3.6500 0.0000
-2.4158 3.5296 0.0000
1.8522 0.9312 0.0054
1.7623 0.7062 0.0145
-0.0193 -1.1776 0.0296
-0.0010 -1.4390 0.0123
4.0184 2.1498 0.0000
-3.5680 4.3024 0.0000
-0.6802 3.0007 0.0000
-0.7979 2.7212 0.0000
3.6713 3.4270 0.0000
3.7519 3.1557 0.0000
3.5909 2.9396 0.0000
-2.4369 -3.4526 0.0000
1.5238 4.5184 0.0000
1.2325 4.5178 0.0000
1.3624 4.2715 0.0000
0.5221 -0.0167 0.4617
0.3131 -0.1363 0.3745
-2.9469 1.2381 0.0000
-3.2156 1.1739 0.0000
3.3476 4.2543 0.0000
4.4580 -0.7634 0.0000
-1.8010 -1.0085 0.0000
1.9576 -0.1943 0.0045
4.2564 2.0037 0.0000
-3.9601 1.3287 0.0000
2.1246 -2.5689 0.0000
2.1382 -2.8177 0.0000
1.8923 -2.8319 0.0000
1.1350 -0.5438 0.1675
0.8739 -0.6299 0.2156
-4.7050 4.4942 0.0000
-4.7553 4.1943 0.0000
-4.7549 3.8808 0.0000
1.9939 2.9781 0.0000
-1.7616 -4.7303 0.0000
-2.0358 -4.7644 0.0000
4.5157 -4.7509 0.0000
4.2187 -4.7602 0.0000
-4.0621 2.0942 0.0000
-4.3236 -1.4153 0.0000
4.7626 0.4725 0.0000
-0.6234 1.0114 0.0167
0.7390 -0.1530 0.4374
2.8131 -3.7469 0.0000
2.7097 -4.0198 0.0000
-1.3580 3.4658 0.0000
-1.4550 3.2083 0.0000
-1.6413 3.4460 0.0000
-1.7525 3.1653 0.0000
0.0152 -4.5022 0.0000
-0.1459 -4.7255 0.0000
-3.7502 -0.8485 0.0000
-3.9680 -1.0620 0.0000
-0.2661 -4.1440 0.0000
-0.5092 -4.2897 0.0000
-0.6541 -4.5166 0.0000
-0.8532 3.2795 0.0000
-0.9656 2.9948 0.0000
-1.1053 2.7492 0.0000
2.4510 2.2595 0.0000
2.5111 2.6041 0.0000
2.3558 2.4861 0.0000
-0.1794 -4.3523 0.0000
-0.3558 -4.5152 0.0000
-0.4144 -4.7601 0.0000
-0.6368 -4.7737 0.0000
-1.6025 4.2818 0.0000
-1.8212 4.1768 0.0000
-1.6663 3.9360 0.0000
-1.9284 3.9265 0.0000
4.0210 2.7302 0.0000
3.7839 2.8101 0.0000
3.7173 2.5696 0.0000
-1.4632 -1.9318 0.0000
-1.5256 -2.2142 0.0000
4.7091 -4.4951 0.0000
4.7813 -4.7710 0.0000
4.5302 2.6838 0.0000
4.4959 2.4417 0.0000
4.2393 2.3143 0.0000
-0.8326 1.1528 0.0052
-1.0513 0.9628 0.0028
2.3632 4.7656 0.0000
2.2771 4.5141 0.0000
4.7701 1.4885 0.0000
4.6813 1.2897 0.0000
-3.2841 2.4438 0.0000
-3.4896 2.2465 0.0000
0.4891 -1.1514 0.0612
-2.7108 0.0805 0.0000
-1.9190 0.8942 0.0000
-2.1978 0.7650 0.0000
-3.7483 4.1637 0.0000
-2.4795 -3.0807 0.0000
-2.6058 -3.2867 0.0000
4.0916 1.5109 0.0000
-4.2609 -2.6037 0.0000
-4.5125 -2.7166 0.0000
0.8785 -2.1902 0.0006
0.6052 -2.3101 0.0004
0.3939 -2.4700 0.0001
-0.0428 -2.6707 0.0000
0.9638 -0.1903 0.3522
0.9362 -0.3907 0.2960
3.6613 1.7758 0.0000
3.5827 1.4977 0.0000
1.0685 -3.7822 0.0000
1.1527 -4.0474 0.0000
0.9752 -4.2592 0.0000
-2.6256 -3.6331 0.0000
-2.8202 -3.8055 0.0000
-3.7746 2.1640 0.0000
-4.7422 1.1089 0.0000
-2.6825 -0.7680 0.0000
2.6904 4.7516 0.0000
2.5556 4.5358 0.0000
0.9187 -3.2195 0.0000
0.7282 -3.4117 0.0000
-0.9688 -3.0838 0.0000
-1.1696 -3.2689 0.0000
-3.8421 1.8919 0.0000
-1.9089 -0.7855 0.0000
3.1459 0.5506 0.0000
3.1074 0.3072 0.0000
2.8588 0.3684 0.0000
2.9805 0.0784 0.0000
2.9683 -0.2130 0.0000
-2.0991 -0.5833 0.0000
-2.3881 -0.6665 0.0000
1.9261 3.7238 0.0000
1.1832 -3.2784 0.0000
1.9863 -3.0852 0.0000
0.1462 -0.8381 0.1032
-0.1136 -0.9258 0.0513
4.5081 4.7186 0.0000
-1.0116 1.7394 0.0003
3.1922 3.2116 0.0000
3.0226 2.9722 0.0000
3.4711 1.9713 0.0000
3.1801 1.9099 0.0000
3.0074 1.6874 0.0000
-4.5276 2.1998 0.0000
3.9005 -4.3857 0.0000
-3.0099 -1.8713 0.0000
1.8253 -1.5991 0.0003
3.0797 3.7090 0.0000
2.8573 3.5596 0.0000
2.6284 3.5217 0.0000
2.6231 3.2848 0.0000
-1.5080 2.3797 0.0000
-1.6915 2.0932 0.0000
-1.5564 -2.9620 0.0000
1.4258 2.8366 0.0000
-2.9184 -2.4098 0.0000
-3.1227 -2.6363 0.0000
4.6841 -0.5802 0.0000
4.7441 -0.8403 0.0000
-4.5025 -1.2385 0.0000
3.3853 1.7032 0.0000
3.2114 1.5600 0.0000
3.0902 1.3395 0.0000
-4.2473 2.9344 0.0000
2.3471 0.7802 0.0001
1.5546 0.8669 0.0347
1.3202 0.7661 0.1036
1.2422 0.4932 0.1874
4.1002 -1.9923 0.0000
1.1156 -0.7911 0.1072
1.2781 -0.9804 0.0437
0.9025 -0.8656 0.1255
0.6954 -0.9467 0.1154
0.7731 -1.1995 0.0533
-2.9755 -1.5486 0.0000
-3.2185 -1.6922 0.0000
-3.2351 2.1644 0.0000
-3.5354 1.9684 0.0000
3.6240 4.2530 0.0000
-4.5176 4.7533 0.0000
-4.7820 4.7697 0.0000
-1.2438 -2.1413 0.0000
-1.7042 -1.2457 0.0000
-1.9422 -1.3109 0.0000
-2.3905 0.2710 0.0000
-3.4328 1.4048 0.0000
2.3320 -4.7688 0.0000
-4.7495 0.6012 0.0000
-4.5352 -1.5599 0.0000
-4.7657 -1.7111 0.0000
-3.0822 -1.2407 0.0000
-1.3163 0.8223 0.0008
-0.0804 4.7050 0.0000
-0.3877 4.4439 0.0000
4.2865 3.9498 0.0000
4.1023 3.7333 0.0000
-2.2014 2.1090 0.0000
-2.4763 1.8042 0.0000
-2.0480 3.1194 0.0000
-2.0126 -4.1262 0.0000
-3.4708 1.1508 0.0000
-3.6804 1.4391 0.0000
-3.7127 1.1763 0.0000
1.8403 -2.6025 0.0000
-4.2278 1.2114 0.0000
-4.2197 0.9117 0.0000
1.2467 3.2908 0.0000
0.4706 3.0833 0.0000
0.2390 2.9276 0.0000
0.0350 2.7390 0.0001
0.5918 -1.3961 0.0275
0.4597 -1.6026 0.0116
-1.3012 2.4953 0.0000
2.2836 -1.0050 0.0000
2.0316 -1.0314 0.0005
-1.4649 1.8753 0.0000
0.0286 4.1156 0.0000
-0.1711 3.8855 0.0000
-2.8983 -0.9936 0.0000
2.4896 3.0515 0.0000
2.2561 3.0465 0.0000
2.2565 2.7841 0.0000
2.1395 2.5351 0.0000
0.4308 -0.8955 0.1233
0.2133 -1.0851 0.0579
3.8564 1.3498 0.0000
2.4551 0.0695 0.0000
2.4868 -0.1574 0.0000
2.2642 -0.2177 0.0002
2.6762 0.1672 0.0000
-4.4874 1.0866 0.0000
-4.4848 0.7964 0.0000
-0.0683 -0.4205 0.1564
-0.0772 -0.6813 0.0983
-0.2583 1.7495 0.0050
-2.0036 -0.3101 0.0000
-4.5033 -0.0834 0.0000
-4.7524 -0.2006 0.0000
-4.4916 -0.3743 0.0000
-4.7515 -0.4919 0.0000
-1.2984 3.9231 0.0000
-1.5022 3.7184 0.0000
-1.8197 3.6803 0.0000
-3.9894 -0.3640 0.0000
-4.2062 -0.5446 0.0000
-4.0302 -0.7909 0.0000
-4.2707 -0.8272 0.0000
1.7666 -1.0932 0.0031
1.4938 -1.1650 0.0112
1.4477 -1.4511 0.0050
1.2306 -1.2551 0.0216
-1.4593 -4.2511 0.0000
-1.6294 -4.4846 0.0000
4.3097 4.4969 0.0000
4.0424 4.5066 0.0000
-0.3884 3.6743 0.0000
-0.5695 3.2355 0.0000
-1.7551 2.3784 0.0000
1.8011 -3.6737 0.0000
1.6434 -3.9124 0.0000
0.1260 -1.9264 0.0019
-0.1628 -1.9291 0.0011
0.6154 1.2382 0.0909
2.8884 1.9580 0.0000
2.7323 1.7386 0.0000
2.6146 1.5029 0.0000
3.1769 4.5126 0.0000
0.6214 -2.0425 0.0016
0.3212 -2.1719 0.0007
0.1218 -2.4169 0.0001
-0.5473 -0.5576 0.0357
0.9450 0.2078 0.3989
0.9329 0.0153 0.4060
0.7191 0.1020 0.4777
0.1413 -4.7659 0.0000
1.5402 3.4132 0.0000
-0.0855 2.2562 0.0007
-3.2689 -3.7809 0.0000
0.3966 -1.8774 0.0033
-1.3354 -2.4251 0.0000
-1.4002 -2.7251 0.0000
-1.9108 -3.3775 0.0000
1.7124 1.6394 0.0018
1.4613 1.5838 0.0071
1.4370 1.3154 0.0191
1.3426 1.0679 0.0518
-4.1975 1.5056 0.0000
-4.4845 1.3907 0.0000
-0.4750 0.4615 0.0663
-0.4377 0.1886 0.0864
-4.4989 -4.7635 0.0000
-3.2766 -1.4355 0.0000
-0.6290 -0.2877 0.0388
-0.8366 -0.4998 0.0131
-2.7073 3.3919 0.0000
4.7787 3.9222 0.0000
4.5536 3.8871 0.0000
2.2342 -1.2766 0.0000
2.1339 -1.5551 0.0000
3.9040 4.7584 0.0000
4.7718 1.7677 0.0000
4.5509 1.6238 0.0000
-0.3479 1.0490 0.0369
-0.4867 0.7583 0.0440
3.3788 3.4819 0.0000
3.1235 3.4627 0.0000
-3.5136 2.5857 0.0000
-3.6919 2.4304 0.0000
4.0002 2.4748 0.0000
3.7947 2.3072 0.0000
3.5608 2.2318 0.0000
2.4485 1.7495 0.0000
3.3385 -2.0606 0.0000
3.2483 -2.3397 0.0000
-4.4950 -0.6528 0.0000
-4.7555 -0.7880 0.0000
-0.0007 -2.1706 0.0004
-2.3279 2.9990 0.0000
-2.5526 2.7940 0.0000
-3.1514 1.4525 0.0000
4.3506 -1.5394 0.0000
3.1571 -4.2093 0.0000
3.2181 -4.4421 0.0000
3.0244 -4.5111 0.0000
2.7565 -4.5195 0.0000
2.9586 -4.7557 0.0000
0.3742 4.5049 0.0000
0.1140 4.4462 0.0000
-2.7667 2.5486 0.0000
-3.0083 2.3417 0.0000
-1.8358 2.8723 0.0000
-2.0926 2.8447 0.0000
2.8996 3.2720 0.0000
2.7571 3.0150 0.0000
2.5435 2.8112 0.0000
1.4099 -4.5051 0.0000
1.4292 -4.7490 0.0000
2.7006 -1.4923 0.0000
-3.9741 1.0351 0.0000
-3.9302 0.7193 0.0000
-3.9961 0.4396 0.0000
-3.4538 0.9113 0.0000
-3.7191 0.9143 0.0000
-3.6051 0.6624 0.0000
-3.7355 0.4235 0.0000
-1.1423 -0.4763 0.0030
-1.0414 -0.7458 0.0032
-0.7331 -4.1301 0.0000
-0.8468 -4.3624 0.0000
-1.1844 -4.3057 0.0000
3.7533 0.7590 0.0000
3.6169 0.5633 0.0000
3.3873 0.4314 0.0000
3.3175 0.1751 0.0000
-4.2563 -1.0865 0.0000
-0.8012 -2.8408 0.0000
4.2449 0.6642 0.0000
3.9090 0.5198 0.0000
3.6410 0.2761 0.0000
4.1705 0.4250 0.0000
4.2075 0.1231 0.0000
3.9476 0.2395 0.0000
3.7874 0.0279 0.0000
3.6828 -0.2106 0.0000
-1.8844 -1.5513 0.0000
-2.1519 -1.6447 0.0000
-2.2639 -1.9006 0.0000
-1.1169 4.7292 0.0000
-1.3405 4.5210 0.0000
-2.2081 -0.1096 0.0000
-2.2944 -0.3898 0.0000
-0.0043 -3.4411 0.0000
-0.1677 -3.6473 0.0000
4.7588 -3.8838 0.0000
-0.4845 1.5797 0.0050
-0.7177 1.3880 0.0042
3.7237 -1.0420 0.0000
0.3575 -0.6636 0.1971
-1.8877 -3.6360 0.0000
-2.0875 -3.8251 0.0000
-3.9938 -3.6041 0.0000
-4.1690 -3.8185 0.0000
-4.2231 -4.0595 0.0000
-4.2589 -4.3026 0.0000
-2.9597 4.7494 0.0000
-1.0333 -4.5068 0.0000
-0.8727 -4.7177 0.0000
-3.6530 -2.2041 0.0000
-3.8565 -2.3319 0.0000
-3.4791 -2.4246 0.0000
-3.7035 -2.5412 0.0000
-3.9213 -2.6637 0.0000
-4.0587 -2.4618 0.0000
-4.0896 -2.8122 0.0000
-3.5190 0.2039 0.0000
-3.7749 0.1549 0.0000
-4.0104 0.1739 0.0000
-4.2586 0.0443 0.0000
-4.0032 -0.0979 0.0000
-4.2499 -0.2471 0.0000
-4.1345 1.8014 0.0000
-1.9206 0.2823 0.0000
-2.1529 0.1475 0.0000
2.2817 2.0029 0.0000
-1.3813 -1.3076 0.0001
-1.6185 -1.4705 0.0000
0.8158 1.8016 0.0115
-2.4485 -4.5011 0.0000
-2.7158 0.6760 0.0000
-3.0826 0.5472 0.0000
-0.7039 -1.9277 0.0002
-0.9406 -2.0816 0.0000
-0.0621 -3.1172 0.0000
-2.9359 1.0071 0.0000
-2.9621 0.7547 0.0000
-3.1866 0.9158 0.0000
-3.2981 0.6686 0.0000
2.0555 3.2545 0.0000
-3.0408 2.6323 0.0000
-3.3037 2.7272 0.0000
1.1940 1.4195 0.0288
0.8703 1.3353 0.0619
-0.8334 -0.1309 0.0193
-0.9940 -0.2780 0.0082
-1.3356 -0.2869 0.0012
-0.7701 2.4252 0.0000
3.3384 -3.1220 0.0000
-1.9760 2.5740 0.0000
0.1753 2.1740 0.0016
-1.3622 -3.4932 0.0000
4.5029 -1.0311 0.0000
-0.1347 4.4114 0.0000
-0.2710 4.1637 0.0000
-0.4631 3.9514 0.0000
3.8401 1.0235 0.0000
-2.0442 -2.3476 0.0000
-3.7254 -2.8475 0.0000
-3.6959 -3.1572 0.0000
-3.9557 -3.0274 0.0000
-3.9326 -3.3105 0.0000
-4.2030 -3.1019 0.0000
-4.1815 -3.3458 0.0000
-4.2611 -3.5648 0.0000
-1.3615 0.0573 0.0012
4.7584 -1.1285 0.0000
4.5198 -1.3175 0.0000
-1.9267 -4.4415 0.0000
-2.3618 1.3116 0.0000
-2.6662 1.2466 0.0000
-2.7022 0.9644 0.0000
0.5354 -3.5930 0.0000
0.3627 -3.7864 0.0000
-4.1107 3.7990 0.0000
-4.3766 3.7783 0.0000
-4.5601 3.6586 0.0000
-4.7875 3.5922 0.0000
-0.6715 3.7644 0.0000
4.7706 -3.3006 0.0000
4.7474 -3.5854 0.0000
4.4978 -3.7116 0.0000
4.2485 -3.7589 0.0000
2.0464 4.4352 0.0000
2.1727 4.2167 0.0000
1.8805 4.2001 0.0000
3.8073 -3.8524 0.0000
-3.2810 -1.9305 0.0000
-3.3810 -2.1695 0.0000
1.9580 -1.3215 0.0004
1.6886 -1.3728 0.0020
1.5388 -1.6770 0.0013
4.7809 -2.6477 0.0000
4.5331 -2.5702 0.0000
4.4105 -2.8239 0.0000
0.8374 2.6471 0.0001
2.7546 2.2111 0.0000
2.1802 0.0422 0.0006
1.9131 0.1159 0.0074
-0.9562 0.0918 0.0119
-1.1612 -0.0940 0.0039
2.3062 0.5388 0.0001
2.0649 0.3490 0.0019
1.0988 0.9375 0.1302
0.8748 0.8183 0.2253
4.7878 -2.0431 0.0000
4.5611 -2.0819 0.0000
2.0171 -4.7641 0.0000
3.4715 -1.1660 0.0000
3.7132 -1.3278 0.0000
3.5288 -1.4956 0.0000
3.4866 -3.3847 0.0000
-3.9728 2.8453 0.0000
-4.7494 -1.3966 0.0000
-4.5348 3.9929 0.0000
3.2037 -1.1930 0.0000
2.9905 -1.3715 0.0000
3.3778 -3.6679 0.0000
-0.8592 4.2557 0.0000
-1.1052 4.1026 0.0000
1.8010 0.4418 0.0148
1.6739 0.2334 0.0363
-3.1137 4.1687 0.0000
-3.3949 4.0776 0.0000
1.4153 1.8450 0.0030
1.0375 1.8925 0.0061
1.1927 1.7007 0.0103
0.9556 1.5737 0.0251
-0.2044 -3.2937 0.0000
-0.3413 -3.4781 0.0000
2.7375 -0.8961 0.0000
2.5227 -1.0551 0.0000
4.2824 -4.0222 0.0000
1.7484 3.9462 0.0000
1.6343 3.6836 0.0000
0.6322 4.0294 0.0000
-0.5855 -2.1349 0.0001
2.9086 -0.4642 0.0000
2.6827 -0.6270 0.0000
1.3577 -2.5031 0.0000
1.1047 -2.5044 0.0001
1.2338 -2.7730 0.0000
0.9350 -2.7261 0.0000
0.9525 -2.9811 0.0000
3.7483 -4.0929 0.0000
3.4230 -4.1902 0.0000
-4.4826 4.2678 0.0000
0.7129 3.4844 0.0000
3.9116 -4.7460 0.0000
3.5725 -4.7668 0.0000
3.7680 -3.3767 0.0000
3.6545 -3.6330 0.0000
-4.7588 -1.0949 0.0000
3.2962 2.1845 0.0000
3.0334 2.1960 0.0000
-4.7392 0.8448 0.0000
1.4855 -4.1547 0.0000
-4.7548 2.3557 0.0000
3.5693 0.9218 0.0000
3.3920 0.7305 0.0000
4.2643 -0.1735 0.0000
4.1553 -0.4023 0.0000
4.0175 -0.0699 0.0000
3.9304 -0.2904 0.0000
3.8603 1.6354 0.0000
-1.2569 1.6878 0.0001
-1.5218 1.5752 0.0000
-1.7325 1.7718 0.0000
-1.7872 1.4614 0.0000
-2.2976 -1.1708 0.0000
4.7573 -4.1913 0.0000
4.5154 -3.9954 0.0000
4.4962 -4.2672 0.0000
2.3679 1.0360 0.0000
2.1100 0.9537 0.0006
2.0401 0.6624 0.0019
1.4241 0.0835 0.1220
-4.5010 -2.1432 0.0000
-4.7485 -2.3068 0.0000
2.8935 -4.2631 0.0000
2.5991 -4.2786 0.0000
2.4699 -4.5315 0.0000
0.1945 4.7418 0.0000
-0.5659 4.2154 0.0000
-0.7660 4.0097 0.0000
-0.9779 3.8741 0.0000
-1.1853 3.6971 0.0000
3.4688 3.2085 0.0000
3.3076 2.9530 0.0000
0.9719 -1.3776 0.0237
0.7874 -1.5442 0.0149
0.6759 -1.7654 0.0060
-3.4373 4.5555 0.0000
-3.7303 4.5256 0.0000
0.8520 -2.4502 0.0001
0.6327 -2.6118 0.0001
0.4489 -2.7998 0.0000
0.2419 -2.6830 0.0000
0.1230 -2.9204 0.0000
-4.7485 0.3541 0.0000
-1.3387 -4.5214 0.0000
-1.4632 -4.7553 0.0000
-4.0315 -1.5578 0.0000
1.6400 -4.4078 0.0000
3.0360 -3.1981 0.0000
2.8370 -2.9703 0.0000
2.7480 -3.2461 0.0000
2.0536 -3.6057 0.0000
-1.5573 1.2774 0.0000
-1.8413 1.1667 0.0000
-0.8958 -2.5842 0.0000
-1.1530 -2.6313 0.0000
-3.5701 -1.4031 0.0000
-3.7572 -1.6682 0.0000
2.4321 4.2784 0.0000
2.0439 3.9753 0.0000
4.2541 3.1752 0.0000
-3.2586 4.7361 0.0000
0.9185 4.0033 0.0000
0.8467 3.7468 0.0000
4.7775 4.7833 0.0000
-2.6568 4.7652 0.0000
-2.7920 4.5027 0.0000
-4.0764 4.5552 0.0000
-1.1576 -4.7540 0.0000
-3.4685 -4.2665 0.0000
-3.4535 -4.5219 0.0000
-3.6069 -4.7487 0.0000
3.6159 1.2008 0.0000
4.7589 4.5145 0.0000
4.5257 4.4009 0.0000
-4.3422 1.9989 0.0000
-4.6051 1.8960 0.0000
-4.4182 1.6908 0.0000
-2.7603 -1.8054 0.0000
-2.5497 -2.0200 0.0000
4.5100 1.8916 0.0000
4.2719 1.6938 0.0000
-0.1107 3.5947 0.0000
-2.2226 -2.9582 0.0000
-2.2650 -3.2559 0.0000
4.2786 -1.2217 0.0000
-1.1885 -1.8673 0.0000
-0.6223 3.4924 0.0000
-0.8873 3.6063 0.0000
-1.0901 3.4425 0.0000
-1.1619 3.2086 0.0000
-1.2774 2.9708 0.0000
-1.3892 2.7126 0.0000
4.0123 1.8424 0.0000
-2.1477 3.9437 0.0000
-2.3877 3.8102 0.0000
4.3962 3.6716 0.0000
4.1982 3.4633 0.0000
1.6521 2.6395 0.0000
1.3449 2.5740 0.0001
-2.1637 -0.8633 0.0000
-4.4993 -3.5003 0.0000
-4.7451 -3.6316 0.0000
-4.7365 -3.9247 0.0000
4.1891 -0.6840 0.0000
-4.7294 1.6659 0.0000
-4.7507 1.3779 0.0000
0.9747 3.0106 0.0000
-1.7005 0.4362 0.0001
4.7439 -1.7772 0.0000
-4.7530 -2.5872 0.0000
-4.7475 -2.8584 0.0000
-3.9152 3.5851 0.0000
-4.0445 3.3630 0.0000
-4.2714 3.2288 0.0000
0.3444 1.1235 0.1093
0.1267 1.1978 0.0695
0.0174 0.9860 0.0984
1.6390 4.2601 0.0000
1.5161 4.0252 0.0000
1.2248 4.0246 0.0000
1.9341 -2.0682 0.0000
1.4423 -3.3141 0.0000
-4.1948 4.3056 0.0000
-4.2672 4.0410 0.0000
-2.2905 -4.0203 0.0000
-0.8127 4.7754 0.0000
0.7243 2.0668 0.0036
0.5394 1.8285 0.0107
-0.1701 -2.4078 0.0001
-0.3332 -2.6460 0.0000
1.6846 -0.0509 0.0333
1.4240 -0.1717 0.1092
-3.8989 4.7492 0.0000
-3.9097 4.3648 0.0000
0.0761 -0.0083 0.2890
-0.1827 0.0844 0.1747
4.7179 3.6123 0.0000
-0.3183 2.0478 0.0012
-0.5409 1.8756 0.0013
1.4961 3.1237 0.0000
1.2261 3.0293 0.0000
-1.4262 4.7677 0.0000
2.3461 3.3054 0.0000
-2.1956 3.3475 0.0000
-2.4357 3.2511 0.0000
-2.6467 3.9795 0.0000
-2.6422 3.6994 0.0000
-2.8838 3.6638 0.0000
3.9628 -0.8850 0.0000
-3.4811 -0.9067 0.0000
-3.6733 -1.1261 0.0000
-2.2330 2.3841 0.0000
-2.4319 2.0702 0.0000
-2.5073 2.5236 0.0000
-2.4947 2.2918 0.0000
-1.6991 0.7326 0.0000
-1.9456 0.5956 0.0000
-1.8146 -3.9175 0.0000
2.1384 2.2650 0.0000
2.0052 2.0381 0.0000
1.9300 1.8070 0.0002
1.2723 -4.2791 0.0000
1.1264 -4.5136 0.0000
1.1732 -4.7537 0.0000
3.5044 -0.0118 0.0000
3.4265 -0.3171 0.0000
3.2232 -0.0958 0.0000
3.1759 -0.4132 0.0000
-0.4317 -1.8727 0.0007
-0.3038 -2.1537 0.0002
3.1234 0.8278 0.0000
2.8553 0.9045 0.0000
2.9205 -2.4332 0.0000
2.6726 -2.6951 0.0000
-4.2609 2.3103 0.0000
-0.3127 -1.1267 0.0178
-0.2575 -1.3904 0.0083
-0.5374 -1.3518 0.0043
-0.2988 -1.6345 0.0028
-0.5191 -1.5935 0.0017
-0.6993 -1.6735 0.0007
0.3515 3.9567 0.0000
-0.3375 3.3890 0.0000
-0.3423 3.0775 0.0000
-4.2554 0.3375 0.0000
-4.7520 0.0861 0.0000
0.2803 -0.3750 0.2889
0.1486 -0.5511 0.1873
2.7114 4.3207 0.0000
4.4203 -1.8342 0.0000
4.3036 -2.0988 0.0000
4.4134 -2.3396 0.0000
4.0981 -2.3177 0.0000
1.3048 3.5531 0.0000
-1.6082 -2.5046 0.0000
-1.7003 -2.7653 0.0000
-1.9323 -2.8861 0.0000
-3.4731 -1.6602 0.0000
2.7429 -0.0934 0.0000
2.6534 -0.3513 0.0000
3.2111 -3.4211 0.0000
2.9244 -3.4735 0.0000
0.9947 0.4180 0.3340
0.7357 0.3418 0.4412
1.2052 -1.5260 0.0084
0.9991 -1.6975 0.0062
0.9085 -1.9280 0.0024
1.3995 4.7626 0.0000
-0.2540 2.5661 0.0001
-0.3457 2.3211 0.0003
0.5077 0.2189 0.4595
0.5556 0.9686 0.1798
0.2662 0.8773 0.1768
-1.9977 1.6529 0.0000
-2.2084 1.8449 0.0000
-2.2792 1.5758 0.0000
3.7103 -0.4608 0.0000
3.4936 -0.5775 0.0000
3.9308 -0.5937 0.0000
3.7082 -0.7590 0.0000
3.4617 -0.8857 0.0000
3.3274 1.0539 0.0000
0.1604 3.4894 0.0000
-1.9570 -1.8344 0.0000
-2.0541 -2.1015 0.0000
1.6303 -0.6120 0.0232
1.5666 -0.8916 0.0174
-3.8495 2.6379 0.0000
-3.9855 2.3862 0.0000
1.7924 2.1592 0.0001
1.6818 1.9021 0.0007
2.1976 -2.0741 0.0000
1.9666 -2.3301 0.0000
1.7389 -1.8753 0.0002
1.9359 2.7123 0.0000
1.8786 2.4161 0.0000
2.8715 1.4568 0.0000
2.7939 1.2069 0.0000
2.6068 0.9877 0.0000
-4.2420 3.5405 0.0000
-4.4861 3.4062 0.0000
-4.7228 3.3757 0.0000
1.2843 2.3057 0.0005
1.2386 2.0407 0.0021
-0.1437 1.2081 0.0407
-0.2049 0.8616 0.0800
3.9027 3.5224 0.0000
3.9830 3.2818 0.0000
-1.3308 -0.6027 0.0008
-1.3358 -0.8187 0.0005
0.0459 1.7029 0.0110
-0.1357 1.4942 0.0169
-1.0897 -3.5555 0.0000
-1.3847 -3.7401 0.0000
-1.1509 -3.7961 0.0000
-1.2615 -4.0291 0.0000
1.4668 -1.9674 0.0004
1.2710 -1.7672 0.0024
1.1639 -2.0080 0.0010
1.1190 -2.2626 0.0003
-2.4656 -2.5222 0.0000
-2.7340 -2.6249 0.0000
-1.7504 -3.1290 0.0000
-2.0299 -3.1571 0.0000
-4.7643 3.1904 0.0000
4.1361 -1.7180 0.0000
3.8784 -1.8398 0.0000
-3.3636 1.6655 0.0000
2.4131 -1.5560 0.0000
4.7795 -1.4225 0.0000
4.5994 -1.5933 0.0000
-2.9509 0.2300 0.0000
-3.2616 0.0978 0.0000
-2.9968 -0.0277 0.0000
-3.2374 -0.1821 0.0000
3.6017 4.7587 0.0000
-2.4555 0.5483 0.0000
1.7892 -4.1633 0.0000
-4.2236 0.6289 0.0000
-4.4930 0.5107 0.0000
-4.5002 0.2101 0.0000
-2.6360 3.0723 0.0000
-2.8333 2.8469 0.0000
4.7558 2.0557 0.0000
-1.5989 4.5151 0.0000
1.0845 0.6757 0.2147
0.8727 0.5826 0.3247
2.2347 -3.8215 0.0000
1.9414 -3.9132 0.0000
-0.8445 -1.4755 0.0009
-0.9327 -1.7880 0.0002
-3.3561 -4.0215 0.0000
-3.0514 -3.9731 0.0000
-3.1846 -4.2394 0.0000
3.6517 -4.2987 0.0000
3.7305 -4.5654 0.0000
3.4450 -4.4937 0.0000
3.2627 -4.7351 0.0000
0.8510 -3.9964 0.0000
0.6834 -4.2286 0.0000
0.8402 -4.4968 0.0000
-3.5100 3.2063 0.0000
-3.4186 2.9559 0.0000
-3.6376 2.7962 0.0000
2.3073 -4.2978 0.0000
2.1720 -4.5329 0.0000
3.7556 4.5095 0.0000
3.4671 4.5098 0.0000
1.7717 3.1925 0.0000
2.5818 1.9937 0.0000
2.6302 4.0446 0.0000
2.3484 4.0060 0.0000
2.5207 3.7776 0.0000
2.3811 3.5433 0.0000
2.2209 3.7662 0.0000
2.1134 3.5105 0.0000
0.3241 -4.2882 0.0000
0.2685 -4.5232 0.0000
0.5477 -4.4676 0.0000
-2.3493 -3.7258 0.0000
-2.5132 -4.2088 0.0000
-2.7018 -4.4096 0.0000
3.1762 -2.6070 0.0000
2.9481 -2.7179 0.0000
-3.1856 0.3280 0.0000
-3.4173 0.4361 0.0000
-3.5110 -0.0624 0.0000
-3.7575 -0.0941 0.0000
4.3852 -4.5135 0.0000
3.3977 -1.7548 0.0000
3.1239 -1.8647 0.0000
0.9438 4.5167 0.0000
0.7987 4.2660 0.0000
2.6129 -1.7845 0.0000
2.3204 -1.8193 0.0000
0.2955 0.0992 0.3970
0.0961 -0.2484 0.2573
-4.7627 -4.7624 0.0000
3.0966 -3.7027 0.0000
2.9854 -3.9794 0.0000
-3.5895 4.7726 0.0000
0.7915 -3.7031 0.0000
2.8798 4.5009 0.0000
-1.1983 -1.0477 0.0006
-1.5053 -1.0503 0.0001
-0.9254 2.2030 0.0001
-4.5106 3.0971 0.0000
0.4317 -4.7515 0.0000
3.1181 -2.9283 0.0000
-2.6397 0.3349 0.0000
-2.8488 0.4558 0.0000
2.5064 -2.0726 0.0000
2.2991 -2.3180 0.0000
3.8474 -2.1332 0.0000
3.8019 -2.4000 0.0000
-0.3983 -3.1419 0.0000
-0.5862 -3.3746 0.0000
3.6829 -2.6291 0.0000
3.4577 -2.5452 0.0000
-0.7648 -2.3240 0.0000
4.2116 4.2427 0.0000
3.9113 4.2593 0.0000
-1.6618 0.1226 0.0001
-1.5305 -0.1247 0.0003
-1.7202 -0.2558 0.0001
-0.5858 -1.0434 0.0102
-0.7767 -1.2288 0.0028
-1.0212 -1.2325 0.0009
-1.1579 -1.3799 0.0003
-3.4643 -0.3325 0.0000
-3.5482 -0.6029 0.0000
-3.7215 -0.3395 0.0000
-3.8526 -0.5901 0.0000
1.0960 1.1978 0.0693
0.8280 1.0579 0.1395
-1.1539 1.9806 0.0001
4.2489 -2.5879 0.0000
3.9827 -2.6166 0.0000
3.8451 -2.8647 0.0000
-3.7376 -4.4533 0.0000
-3.9070 -4.7406 0.0000
-4.2739 -4.5384 0.0000
-4.2069 -4.7666 0.0000
1.1221 3.7799 0.0000
3.3332 -1.4030 0.0000
3.1814 -1.5786 0.0000
3.4488 2.7051 0.0000
3.1472 2.7009 0.0000
3.4764 2.4517 0.0000
3.2326 2.4400 0.0000
0.1128 3.7956 0.0000
2.4852 -1.3019 0.0000
0.2759 -1.3582 0.0253
0.1984 -1.6469 0.0074
-0.0699 -1.6952 0.0038
-0.3513 1.3801 0.0146
-0.5248 1.2412 0.0131
-4.4816 2.4965 0.0000
1.4124 3.7905 0.0000
0.4793 2.3376 0.0009
0.2365 2.4107 0.0005
4.7526 2.9626 0.0000
4.4902 2.8984 0.0000
-2.5057 4.5425 0.0000
-2.6017 4.2717 0.0000
-2.8656 4.2164 0.0000
-3.8416 -1.3552 0.0000
-4.1178 -1.3071 0.0000
-4.4794 2.7843 0.0000
4.2390 -3.1905 0.0000
4.0277 -3.3590 0.0000
4.4914 -3.3983 0.0000
4.2501 -3.4999 0.0000
3.9686 -3.6279 0.0000
-1.6409 -3.4266 0.0000
-1.6335 -3.6860 0.0000
-0.2885 -0.6124 0.0691
-0.3936 -0.8381 0.0320
-0.7083 -0.7745 0.0131
-0.8922 -0.9800 0.0037
1.4371 -3.0198 0.0000
1.1832 -3.0348 0.0000
2.6445 -4.7669 0.0000
3.9800 -1.1861 0.0000
-0.8252 1.9534 0.0003
1.0208 3.5235 0.0000
4.0325 1.1582 0.0000
4.2096 0.9750 0.0000
4.0161 0.7966 0.0000
2.7657 -2.1800 0.0000
2.6041 -2.3903 0.0000
2.3965 -2.5724 0.0000
-2.2820 2.6702 0.0000
2.0302 -1.8148 0.0000
-2.4145 -0.9465 0.0000
-3.0164 3.4042 0.0000
-1.4837 0.6230 0.0003
-1.4484 0.3284 0.0006
-2.5699 1.5299 0.0000
-2.8567 1.4971 0.0000
2.4031 -0.4889 0.0000
2.1474 -0.7291 0.0003
-4.3297 -2.8971 0.0000
-4.5341 -3.0274 0.0000
-4.7717 -3.1098 0.0000
4.0238 4.0042 0.0000
3.7560 4.0048 0.0000
3.4980 3.9757 0.0000
-3.9820 -4.2460 0.0000
-4.0237 -4.5051 0.0000
-0.7490 1.6703 0.0014
-0.9854 1.4776 0.0010
-1.6697 -1.7471 0.0000
-1.7567 -2.0306 0.0000
-1.7956 -2.2977 0.0000
-0.3280 4.6928 0.0000
-0.5580 4.7370 0.0000
-2.2275 -4.3009 0.0000
0.0246 0.4699 0.2247
0.0423 0.2254 0.2724
1.7022 -4.7233 0.0000
-1.1021 4.4041 0.0000
-1.3352 4.2600 0.0000
-1.4798 4.0579 0.0000
1.1051 2.7574 0.0000
-1.5367 -3.9724 0.0000
-1.7384 -4.2041 0.0000
-0.0398 3.0287 0.0000
4.2067 4.7574 0.0000
1.1849 -0.2861 0.2115
4.2232 -0.9620 0.0000
0.3389 1.6340 0.0211
4.2539 2.8993 0.0000
4.2705 2.6157 0.0000
-2.1765 0.4517 0.0000
1.6833 -2.1662 0.0000
1.6351 -2.4266 0.0000
-2.3578 -4.7669 0.0000
-2.6746 -4.7211 0.0000
0.2493 1.9003 0.0064
-1.9713 2.2496 0.0000
-1.9481 1.9552 0.0000
0.7576 2.8849 0.0000
4.7452 -0.1027 0.0000
4.7598 -0.3727 0.0000
4.5143 -0.2640 0.0000
4.4147 -0.4852 0.0000
-2.5143 -1.3008 0.0000
-2.6820 -1.5373 0.0000
-1.4145 2.1448 0.0000
-0.1432 -0.1656 0.1742
-0.3391 -0.3582 0.0892
-0.6426 4.4904 0.0000
-0.8867 4.5452 0.0000
0.7914 4.7624 0.0000
0.6561 4.5167 0.0000
1.2716 -3.5658 0.0000
0.9970 -3.5013 0.0000
1.8832 -4.5101 0.0000
-1.5282 -0.4720 0.0002
-1.6136 -0.7622 0.0001
4.4843 3.4088 0.0000
4.5172 3.1398 0.0000
-2.8205 -2.1074 0.0000
-3.0914 -2.1546 0.0000
-3.2181 -2.4051 0.0000
2.4468 -0.7765 0.0000
-1.2733 -2.9906 0.0000
-1.4556 -3.2187 0.0000
-1.0723 -2.8473 0.0000
0.2987 2.6458 0.0001
-0.0074 2.4937 0.0002
0.6981 -2.8918 0.0000
0.6565 -3.1284 0.0000
0.4520 -3.3131 0.0000
0.2612 -3.5130 0.0000
4.0405 -3.9297 0.0000
3.9858 -4.1660 0.0000
2.5150 1.2698 0.0000
2.1996 1.2530 0.0001
3.3574 1.3329 0.0000
-1.9002 -0.0296 0.0000
-3.1092 2.9256 0.0000
2.1356 -4.0787 0.0000
2.0036 -4.2894 0.0000
-1.0684 1.2385 0.0013
0.0793 -3.7371 0.0000
-0.0877 -3.9677 0.0000
-0.3247 -3.8245 0.0000
-0.4768 -4.0072 0.0000
-0.2107 -2.9136 0.0000
-0.5078 -2.8743 0.0000
-0.6859 -3.1077 0.0000
-1.2800 1.4149 0.0002
-4.0123 -2.1333 0.0000
-4.2421 -2.2815 0.0000
-4.4847 -2.4320 0.0000
1.5795 2.3792 0.0001
1.5058 2.1181 0.0006
4.7555 3.2908 0.0000
-4.2720 -1.6841 0.0000
-4.5135 -1.8497 0.0000
1.1844 0.2285 0.2572
1.1700 -0.0208 0.2642
0.5220 2.8331 0.0000
0.5701 2.5794 0.0002
-2.0214 4.7540 0.0000
-3.2825 -3.4949 0.0000
-3.5125 -3.6660 0.0000
-3.7368 -3.4901 0.0000
-3.7876 -3.7745 0.0000
-3.9349 -3.9647 0.0000
0.4516 3.3634 0.0000
0.2009 3.2073 0.0000
0.2546 0.5863 0.2801
0.2655 0.3326 0.3599
4.4369 1.1350 0.0000
4.4767 0.8544 0.0000
-4.0197 -1.8314 0.0000
-4.2604 -1.9832 0.0000
-0.4049 -0.0937 0.0928
-0.6458 0.0162 0.0432
3.0598 1.1082 0.0000
3.9842 3.0068 0.0000
-3.1626 3.9087 0.0000
-3.4074 3.7526 0.0000
-3.6692 3.6794 0.0000
-2.5560 -3.9178 0.0000
-2.7751 -4.0907 0.0000
2.1720 1.7460 0.0000
1.9993 1.4992 0.0004
1.9296 1.2010 0.0017
1.7138 1.3832 0.0042
1.6426 1.1137 0.0131
-2.3341 4.7449 0.0000
-2.9374 -2.8146 0.0000
-3.4374 -2.6910 0.0000
-3.0575 -3.0500 0.0000
-3.2398 -2.8830 0.0000
-3.4809 -2.9976 0.0000
-3.3070 -3.1929 0.0000
-3.5248 -3.3472 0.0000
2.3160 1.4979 0.0000
2.6371 -3.5174 0.0000
2.5279 -3.7848 0.0000
2.4233 -4.0447 0.0000
4.6335 0.2752 0.0000
4.4124 0.3235 0.0000
4.7836 0.1486 0.0000
4.4877 0.0304 0.0000
-2.7047 -2.9342 0.0000
-2.8242 -3.1573 0.0000
-3.0540 -3.3397 0.0000
-4.2209 4.7713 0.0000
-4.3810 4.5230 0.0000
-1.0939 -1.5892 0.0002
-1.3780 -1.6256 0.0000
3.5806 -2.8773 0.0000
3.3548 -2.8151 0.0000
1.3551 -3.8785 0.0000
3.8209 3.7655 0.0000
3.5876 3.6961 0.0000
3.3101 3.7557 0.0000
-2.6324 -1.0667 0.0000
-2.8123 -1.2882 0.0000
0.5972 -3.8968 0.0000
0.4681 -4.0979 0.0000
0.2166 -3.9986 0.0000
0.0635 -4.2247 0.0000
-2.1578 4.5240 0.0000
-2.3366 4.3623 0.0000
-4.7436 2.6430 0.0000
-3.2147 3.1864 0.0000
-1.9270 3.4065 0.0000
0.5199 -0.2499 0.4008
0.4773 -0.4750 0.2999
3.0602 4.2674 0.0000
2.8753 4.1307 0.0000
2.7771 3.8082 0.0000
3.2994 4.7592 0.0000
2.9941 4.7553 0.0000
-0.0417 1.9693 0.0031
-4.7449 2.9238 0.0000
2.3959 -2.8109 0.0000
2.2794 -3.0669 0.0000
2.1810 -3.3279 0.0000
-3.5422 -1.9136 0.0000
-3.7978 -1.9810 0.0000
-2.0885 4.2247 0.0000
-2.3753 4.0948 0.0000
0.6455 1.5427 0.0339
0.3914 1.3778 0.0546
-0.5357 2.5211 0.0001
-0.6079 2.1818 0.0002
-2.7452 2.2671 0.0000
-2.9706 2.0253 0.0000
-2.1737 -4.5607 0.0000
-3.5794 -3.9324 0.0000
-3.7122 -4.1423 0.0000
-4.5171 -4.5227 0.0000
-2.1727 -1.3813 0.0000
-2.3858 -1.5221 0.0000
-2.4826 -1.7485 0.0000
2.8800 0.6207 0.0000
2.6063 0.7133 0.0000
2.5824 0.4421 0.0000
2.3499 0.2846 0.0001
-1.7311 4.7524 0.0000
-4.7571 -4.4990 0.0000
-1.0545 -2.3515 0.0000
-2.3350 -2.2003 0.0000
-2.6172 -2.3165 0.0000
-1.8761 4.4683 0.0000
3.6728 -1.6836 0.0000
3.6099 -1.9713 0.0000
3.5564 -2.2750 0.0000
-4.7562 -2.0125 0.0000
-2.8464 -0.5155 0.0000
-3.0076 -0.7143 0.0000
-3.2113 -0.4800 0.0000
-3.2939 -0.7180 0.0000
-3.1804 -0.9683 0.0000
-3.3812 -1.1739 0.0000
1.3884 -2.2374 0.0001
-1.9122 -2.5770 0.0000
-2.1710 -2.6808 0.0000
3.5375 -3.9252 0.0000
3.2629 -3.9402 0.0000
-4.1895 2.6243 0.0000
-0.8771 -3.3441 0.0000
-0.8182 -3.6169 0.0000
-0.9362 -3.8803 0.0000
-1.0043 -4.1287 0.0000
0.7138 -0.4083 0.3425
0.6323 -0.6874 0.2152
1.6760 -0.3263 0.0278
1.4053 -0.4393 0.0875
1.3653 -0.7053 0.0637
1.0505 2.4572 0.0003
0.9876 2.1666 0.0018
0.4900 4.7599 0.0000
-3.2727 1.9165 0.0000
-4.5049 -4.2821 0.0000
2.8276 2.7253 0.0000
2.9572 2.4619 0.0000
2.6842 2.4624 0.0000
-4.7751 2.0546 0.0000
2.1328 -0.4428 0.0007
1.8923 -0.5167 0.0049
1.8517 -0.8054 0.0037
4.1388 -2.8926 0.0000
3.9235 -3.1114 0.0000
3.6303 -3.1216 0.0000
-2.4569 0.0420 0.0000
-2.4911 -0.1990 0.0000
-2.7485 -0.2028 0.0000
-2.9943 -0.3246 0.0000
-0.5218 -3.6589 0.0000
-0.6776 -3.8606 0.0000
1.5298 0.5662 0.0613
1.4464 0.3360 0.1060
-0.9636 0.4013 0.0102
-1.1788 0.2354 0.0036
-2.9097 3.1435 0.0000
-3.6202 1.7012 0.0000
-3.9142 1.6132 0.0000
-1.0253 0.6841 0.0054
-1.2343 0.5190 0.0021
0.6928 -4.7377 0.0000
-0.2219 2.8137 0.0000
-0.4931 2.7932 0.0000
1.5188 -3.6436 0.0000
3.2495 -0.6507 0.0000
2.9824 -0.7297 0.0000
3.2109 -0.9275 0.0000
2.9679 -1.0469 0.0000
2.7540 -1.2083 0.0000
1.6916 -2.9156 0.0000
-2.5897 -0.4638 0.0000
-0.7329 0.5663 0.0239
-0.7163 0.2706 0.0323
4.4269 1.4252 0.0000
4.2122 1.3013 0.0000
-3.1921 -4.4895 0.0000
-3.2801 -4.7516 0.0000
1.7082 -3.1630 0.0000
0.1251 1.4294 0.0341
0.6753 0.5611 0.3671
0.4790 0.4469 0.3963
-4.4431 -3.2493 0.0000
-4.7271 -3.3389 0.0000
-1.3213 1.1108 0.0004
-1.5904 0.9734 0.0001
-2.8043 -3.4646 0.0000
-3.0214 -3.6411 0.0000
-4.4617 -3.7812 0.0000
-4.4746 -4.0383 0.0000
-4.7499 -4.2156 0.0000
4.6401 -2.8390 0.0000
4.7808 -2.9917 0.0000
4.5899 -3.1425 0.0000
4.4204 -3.0508 0.0000
-0.0781 3.3014 0.0000
4.1218 -1.4221 0.0000
3.8855 -1.5262 0.0000
0.7579 2.3494 0.0008
0.4488 2.1037 0.0029
4.7487 4.2054 0.0000
4.4815 4.1481 0.0000
-3.6190 3.9587 0.0000
-3.8639 3.8734 0.0000
-3.0786 4.4810 0.0000
-3.3002 4.3554 0.0000
1.5472 -2.7123 0.0000
-1.0271 2.4998 0.0000
3.0472 -2.1469 0.0000
-3.5789 3.4758 0.0000
-3.7816 3.3202 0.0000
-3.7390 3.0274 0.0000
-4.0082 3.1067 0.0000
1.6828 -3.4417 0.0000
4.7311 1.0332 0.0000
4.7458 0.7542 0.0000
4.4999 0.5670 0.0000
1.8300 3.4611 0.0000
0.9754 3.2751 0.0000
0.7125 3.1720 0.0000
-2.9073 3.9239 0.0000
-3.1375 3.6594 0.0000
-3.3231 3.4561 0.0000
0.5202 4.2635 0.0000
0.2811 4.2164 0.0000
-2.0505 -1.0844 0.0000
0.0320 0.7240 0.1654
-0.2284 0.6031 0.1134
-0.2110 0.3426 0.1504
0.9366 -4.7598 0.0000
3.2080 4.0180 0.0000
2.9849 3.9261 0.0000
-0.4644 -2.3863 0.0000
-0.6245 -2.6067 0.0000
-1.1890 2.2652 0.0000
2.0360 4.7295 0.0000
1.7127 4.7581 0.0000
1.8038 4.5000 0.0000
4.2188 -4.2666 0.0000
4.0897 -4.5164 0.0000
1.9198 -3.3662 0.0000
0.6059 3.7780 0.0000
0.3895 3.6439 0.0000
-2.6821 2.0175 0.0000
-2.7722 1.7648 0.0000
-3.0579 1.7269 0.0000
-4.5181 -0.9482 0.0000
-2.4578 0.8147 0.0000
-1.5652 2.9364 0.0000
-1.6523 2.6387 0.0000
-2.9402 -4.2720 0.0000
-2.9442 -4.5328 0.0000
-2.9881 -4.7696 0.0000
