5.0000 5.0000 0.0000
0.0000 5.0000 0.0000
2.5000 5.0000 0.0000
3.7500 5.0000 0.0000
4.3750 5.0000 0.0000
4.6875 5.0000 0.0000
4.0625 5.0000 0.0000
3.1250 5.0000 0.0000
3.4375 5.0000 0.0000
2.8125 5.0000 0.0000
1.2500 5.0000 0.0000
1.8750 5.0000 0.0000
2.1875 5.0000 0.0000
1.5625 5.0000 0.0000
0.6250 5.0000 0.0000
0.9375 5.0000 0.0000
0.3125 5.0000 0.0000
-2.5000 5.0000 0.0000
-1.2500 5.0000 0.0000
-0.6250 5.0000 0.0000
-0.3125 5.0000 0.0000
-0.9375 5.0000 0.0000
-1.8750 5.0000 0.0000
-1.5625 5.0000 0.0000
-2.1875 5.0000 0.0000
-3.7500 5.0000 0.0000
-3.1250 5.0000 0.0000
-2.8125 5.0000 0.0000
-3.4375 5.0000 0.0000
-4.3750 5.0000 0.0000
-4.0625 5.0000 0.0000
-4.6875 5.0000 0.0000
5.0000 -5.0000 0.0000
5.0000 0.0000 0.0000
5.0000 -2.5000 0.0000
5.0000 -3.7500 0.0000
5.0000 -4.3750 0.0000
5.0000 -4.6875 0.0000
5.0000 -4.0625 0.0000
5.0000 -3.1250 0.0000
5.0000 -3.4375 0.0000
5.0000 -2.8125 0.0000
5.0000 -1.2500 0.0000
5.0000 -1.8750 0.0000
5.0000 -2.1875 0.0000
5.0000 -1.5625 0.0000
5.0000 -0.6250 0.0000
5.0000 -0.9375 0.0000
5.0000 -0.3125 0.0000
5.0000 2.5000 0.0000
5.0000 1.2500 0.0000
5.0000 0.6250 0.0000
5.0000 0.3125 0.0000
5.0000 0.9375 0.0000
5.0000 1.8750 0.0000
5.0000 1.5625 0.0000
5.0000 2.1875 0.0000
5.0000 3.7500 0.0000
5.0000 3.1250 0.0000
5.0000 2.8125 0.0000
5.0000 3.4375 0.0000
5.0000 4.3750 0.0000
5.0000 4.0625 0.0000
5.0000 4.6875 0.0000
-5.0000 -5.0000 0.0000
0.0000 -5.0000 0.0000
-2.5000 -5.0000 0.0000
-3.7500 -5.0000 0.0000
-4.3750 -5.0000 0.0000
-4.6875 -5.0000 0.0000
-4.0625 -5.0000 0.0000
-3.1250 -5.0000 0.0000
-3.4375 -5.0000 0.0000
-2.8125 -5.0000 0.0000
-1.2500 -5.0000 0.0000
-1.8750 -5.0000 0.0000
-2.1875 -5.0000 0.0000
-1.5625 -5.0000 0.0000
-0.6250 -5.0000 0.0000
-0.9375 -5.0000 0.0000
-0.3125 -5.0000 0.0000
2.5000 -5.0000 0.0000
1.2500 -5.0000 0.0000
0.6250 -5.0000 0.0000
0.3125 -5.0000 0.0000
0.9375 -5.0000 0.0000
1.8750 -5.0000 0.0000
1.5625 -5.0000 0.0000
2.1875 -5.0000 0.0000
3.7500 -5.0000 0.0000
3.1250 -5.0000 0.0000
2.8125 -5.0000 0.0000
3.4375 -5.0000 0.0000
4.3750 -5.0000 0.0000
4.0625 -5.0000 0.0000
4.6875 -5.0000 0.0000
-5.0000 5.0000 0.0000
-5.0000 0.0000 0.0000
-5.0000 2.5000 0.0000
-5.0000 3.7500 0.0000
-5.0000 4.3750 0.0000
-5.0000 4.6875 0.0000
-5.0000 4.0625 0.0000
-5.0000 3.1250 0.0000
-5.0000 3.4375 0.0000
-5.0000 2.8125 0.0000
-5.0000 1.2500 0.0000
-5.0000 1.8750 0.0000
-5.0000 2.1875 0.0000
-5.0000 1.5625 0.0000
-5.0000 0.6250 0.0000
-5.0000 0.9375 0.0000
-5.0000 0.3125 0.0000
-5.0000 -2.5000 0.0000
-5.0000 -1.2500 0.0000
-5.0000 -0.6250 0.0000
-5.0000 -0.3125 0.0000
-5.0000 -0.9375 0.0000
-5.0000 -1.8750 0.0000
-5.0000 -1.5625 0.0000
-5.0000 -2.1875 0.0000
-5.0000 -3.7500 0.0000
-5.0000 -3.1250 0.0000
-5.0000 -2.8125 0.0000
-5.0000 -3.4375 0.0000
-5.0000 -4.3750 0.0000
-5.0000 -4.0625 0.0000
-5.0000 -4.6875 0.0000
-3.3409 -3.9914 0.0000
-3.6403 -4.0268 0.0000
-1.3491 3.7371 0.0000
2.0544 -2.3716 0.0000
1.8251 -2.5595 0.0000
1.8526 -2.8630 0.0000
1.5915 -2.7287 0.0000
1.4780 -2.9526 0.0000
3.4473 4.5421 0.0000
3.2777 4.3274 0.0000
-1.4593 1.6008 0.0000
-0.9013 4.1608 0.0000
-3.7792 3.7068 0.0000
-4.0460 3.6659 0.0000
4.2683 1.3737 0.0000
-0.4058 1.6714 0.0045
-0.5195 1.4346 0.0073
-0.5303 1.1385 0.0168
3.5495 0.9088 0.0000
3.4300 0.6458 0.0000
-3.7787 1.1382 0.0000
-3.6442 0.8823 0.0000
2.5331 0.7146 0.0000
2.4624 0.4492 0.0000
2.2270 0.5100 0.0003
0.4604 0.1261 0.4566
0.2883 -0.0260 0.3863
0.0775 0.0731 0.2942
0.1059 -0.1981 0.2743
-3.3993 0.1057 0.0000
3.9376 -0.5645 0.0000
3.7933 -0.7949 0.0000
3.5597 -0.8677 0.0000
4.2129 0.4425 0.0000
4.0073 0.1885 0.0000
-0.4928 -1.0033 0.0154
-0.7783 1.3332 0.0039
1.0191 -2.9145 0.0000
0.7559 -3.0029 0.0000
-4.5413 -0.5978 0.0000
2.2944 3.4253 0.0000
-0.8011 -2.4390 0.0000
-1.0246 -2.2428 0.0000
-0.9344 -2.6602 0.0000
2.6444 -4.0347 0.0000
-0.3323 4.2324 0.0000
-0.4471 3.9863 0.0000
-3.4891 -0.9195 0.0000
-3.7314 -0.9683 0.0000
4.7791 -4.7880 0.0000
0.0808 -3.4354 0.0000
3.9233 3.6611 0.0000
4.4200 -2.1772 0.0000
4.1282 -2.1632 0.0000
3.9859 -2.4105 0.0000
1.8049 4.5185 0.0000
-1.4214 0.4056 0.0007
-3.2317 -0.4718 0.0000
-1.4213 -4.2902 0.0000
-1.5725 -4.5283 0.0000
-4.4418 2.2102 0.0000
-4.5289 1.9393 0.0000
-4.1950 -2.6668 0.0000
-4.1253 -2.9315 0.0000
-1.4219 0.0861 0.0007
-1.5706 -0.2027 0.0002
-1.7835 -0.3126 0.0000
-0.9240 3.1119 0.0000
-0.2540 -2.5399 0.0000
-2.1755 -4.5272 0.0000
-2.3445 -4.7660 0.0000
-0.2370 4.5058 0.0000
-0.4964 4.4623 0.0000
-2.2473 2.9445 0.0000
2.9659 -2.9786 0.0000
-0.7273 -0.2317 0.0282
-0.8361 -0.5001 0.0132
-1.0242 -0.6485 0.0043
-2.8168 2.9155 0.0000
1.2636 -3.1204 0.0000
0.9920 -3.2062 0.0000
0.9217 -3.4803 0.0000
2.2507 4.1002 0.0000
2.0759 3.9001 0.0000
-3.0043 2.7565 0.0000
-2.1543 4.4920 0.0000
-2.3184 4.2656 0.0000
3.8838 4.7728 0.0000
3.7558 4.5152 0.0000
3.5506 4.2813 0.0000
4.2989 2.9722 0.0000
4.1311 2.8083 0.0000
4.0326 1.5312 0.0000
4.0269 1.2308 0.0000
3.2171 -3.0376 0.0000
3.1951 -3.2760 0.0000
-0.2857 3.4834 0.0000
-0.4317 3.2487 0.0000
-3.1970 1.1317 0.0000
-3.3550 0.8770 0.0000
1.0961 -4.2376 0.0000
2.0686 2.9768 0.0000
3.5258 3.0213 0.0000
3.2632 2.9171 0.0000
2.9870 -1.6523 0.0000
2.7578 -1.8285 0.0000
2.7559 -2.1475 0.0000
2.5267 -2.0081 0.0000
2.5485 -2.3153 0.0000
3.4706 -2.9124 0.0000
3.6944 -3.3674 0.0000
3.6448 -3.6600 0.0000
2.1163 -4.5226 0.0000
2.5065 -4.5940 0.0000
2.3157 -4.7501 0.0000
2.0155 -4.7771 0.0000
1.8502 -4.5593 0.0000
1.6941 -4.7621 0.0000
-0.7682 3.9136 0.0000
4.5235 4.7238 0.0000
1.7844 3.4516 0.0000
-1.3656 2.1030 0.0000
2.7268 -3.1091 0.0000
4.5337 -0.3277 0.0000
3.5185 4.0344 0.0000
3.3376 3.8058 0.0000
3.2648 4.0752 0.0000
3.0311 3.8413 0.0000
3.1494 3.5869 0.0000
1.6282 4.7317 0.0000
1.5055 4.4430 0.0000
-1.2249 1.7979 0.0001
4.7652 2.9445 0.0000
4.7476 2.6365 0.0000
0.2807 0.9636 0.1501
-2.1004 -2.6597 0.0000
-2.1938 -2.9669 0.0000
0.5784 3.6687 0.0000
-4.0046 -0.4671 0.0000
-3.9497 1.3916 0.0000
-4.0530 1.1363 0.0000
0.6670 1.3201 0.0712
-0.9688 -3.7486 0.0000
-0.9994 -4.0043 0.0000
-1.2857 -4.0276 0.0000
4.2777 0.1471 0.0000
2.7105 -1.5411 0.0000
2.4778 -1.7206 0.0000
2.1972 -1.6099 0.0000
2.2489 -1.8977 0.0000
1.9732 -1.7960 0.0000
2.0211 -2.0822 0.0000
-1.2480 0.8681 0.0011
-2.3590 -3.2490 0.0000
-2.6199 -3.2527 0.0000
-2.8167 -3.4470 0.0000
-2.5201 -3.5469 0.0000
-4.7736 3.8693 0.0000
2.4950 4.2351 0.0000
2.4002 3.8833 0.0000
3.0546 3.0860 0.0000
4.2730 -1.9252 0.0000
3.8415 -2.1677 0.0000
3.6888 -2.4437 0.0000
-1.7013 4.1696 0.0000
4.7518 0.4713 0.0000
-2.0126 2.1518 0.0000
1.5159 -3.9182 0.0000
1.6296 -4.1425 0.0000
1.3817 -4.2255 0.0000
1.5045 3.0527 0.0000
1.4126 2.8012 0.0000
0.3244 -2.6078 0.0001
-0.8811 0.5253 0.0132
-4.3517 3.6089 0.0000
2.3241 -0.5710 0.0001
2.0421 -0.4925 0.0015
-2.7522 1.3898 0.0000
2.2891 -2.1841 0.0000
2.3185 -2.4674 0.0000
4.7968 -3.7477 0.0000
4.7146 -3.9727 0.0000
0.6744 -1.3215 0.0365
0.4633 -1.5287 0.0160
0.0388 2.2943 0.0007
-0.1516 2.1094 0.0013
2.2273 -3.1928 0.0000
2.0800 -3.4353 0.0000
4.0341 -4.4996 0.0000
3.8929 -4.7480 0.0000
-2.0575 -4.2557 0.0000
-0.7511 2.5825 0.0000
-4.2037 -0.6381 0.0000
3.0546 3.3575 0.0000
-3.2035 -1.6935 0.0000
0.1614 4.0658 0.0000
-0.1403 4.0089 0.0000
-0.2476 3.7471 0.0000
4.2940 4.2619 0.0000
4.0485 4.1521 0.0000
1.5775 3.6574 0.0000
1.5219 3.3540 0.0000
-0.4644 -3.9748 0.0000
-4.7785 0.4900 0.0000
-4.0613 -3.7212 0.0000
1.6704 -3.0706 0.0000
1.4800 -3.2992 0.0000
1.2239 -3.4307 0.0000
4.5039 2.7879 0.0000
4.2900 2.6294 0.0000
-3.1200 -2.4655 0.0000
-1.6938 -3.6011 0.0000
-1.7855 -3.8253 0.0000
-2.8218 -1.6879 0.0000
2.8964 -0.0500 0.0000
2.9602 0.2510 0.0000
2.7385 0.1945 0.0000
2.6151 -0.0765 0.0000
0.3845 3.1569 0.0000
0.1657 -3.7860 0.0000
-0.4281 0.3061 0.0855
-2.3892 3.7854 0.0000
-2.4962 3.5467 0.0000
4.2868 -1.3687 0.0000
4.5285 4.0909 0.0000
4.4976 3.8025 0.0000
2.0373 2.0951 0.0000
-2.5949 -4.1963 0.0000
-2.0619 2.4496 0.0000
1.5147 0.3566 0.0780
1.2943 0.2065 0.1903
-2.2453 -1.9989 0.0000
-2.3846 -2.2198 0.0000
-2.6895 -2.1978 0.0000
-1.6095 -2.7982 0.0000
-1.6119 -3.0685 0.0000
-1.8583 -3.1612 0.0000
-1.6391 -3.3446 0.0000
-0.3102 2.2982 0.0003
-0.4917 2.1361 0.0005
0.7226 1.5782 0.0291
0.4022 1.4707 0.0397
0.4667 1.1830 0.1014
0.2133 1.2341 0.0694
-1.1312 4.7665 0.0000
-1.2790 -2.1416 0.0000
-1.3488 -2.3803 0.0000
-1.5891 -2.5008 0.0000
3.0063 0.9466 0.0000
2.8331 0.7245 0.0000
0.5206 0.9481 0.1867
0.4040 0.6991 0.2778
4.5403 4.3889 0.0000
3.3161 4.7866 0.0000
3.1392 4.6143 0.0000
2.8542 4.6255 0.0000
-2.0298 0.9636 0.0000
1.2680 4.1899 0.0000
3.5082 -0.3190 0.0000
3.2754 -0.4131 0.0000
-3.0482 1.3919 0.0000
-0.9209 1.8478 0.0003
-0.6337 3.0501 0.0000
-0.8365 2.8426 0.0000
-1.1219 2.8935 0.0000
-1.0405 2.6183 0.0000
4.7738 -1.9951 0.0000
4.6483 -2.1748 0.0000
4.7731 -2.3536 0.0000
4.5156 -2.4598 0.0000
4.7637 -2.6418 0.0000
4.5147 -2.7340 0.0000
4.7526 0.7727 0.0000
4.4933 0.6099 0.0000
-4.0073 -4.4836 0.0000
-4.2033 -4.7413 0.0000
-4.5159 -4.4904 0.0000
-0.7920 -4.7594 0.0000
-2.0141 -0.4107 0.0000
-1.9868 -0.6622 0.0000
-2.0718 -0.9681 0.0000
-2.0021 -1.2728 0.0000
-2.2698 -1.1932 0.0000
-1.1241 -4.2697 0.0000
-1.2632 -4.5238 0.0000
-4.6324 1.6814 0.0000
-2.5508 2.4647 0.0000
4.2152 -0.6171 0.0000
-1.8755 3.9316 0.0000
-2.1152 3.9500 0.0000
-2.1359 3.7039 0.0000
-2.2755 3.4882 0.0000
-1.5398 -1.2916 0.0000
-0.7345 4.4734 0.0000
-0.9845 4.4111 0.0000
-0.6636 -3.1981 0.0000
0.1620 -1.6087 0.0083
-0.1194 -1.6972 0.0034
-3.2574 4.7487 0.0000
-1.1806 -0.4470 0.0025
-1.2856 -0.7039 0.0009
-1.5331 -0.7523 0.0001
-1.4976 -1.0028 0.0001
-1.4714 -0.4592 0.0004
-1.7315 -0.5529 0.0000
-1.7865 -0.8469 0.0000
-1.7718 -1.1056 0.0000
-0.3246 0.5887 0.0899
-2.6387 4.7534 0.0000
3.5320 0.3870 0.0000
-3.8761 -2.8026 0.0000
-3.9029 -3.1231 0.0000
-4.1586 -3.2370 0.0000
-1.8870 -4.5195 0.0000
3.6392 3.7510 0.0000
-3.6549 3.9672 0.0000
3.7128 0.2026 0.0000
3.5748 -0.0618 0.0000
-3.7434 -4.5185 0.0000
-3.9011 -4.7569 0.0000
-2.3039 2.3054 0.0000
-2.5803 2.1586 0.0000
1.7185 -3.7958 0.0000
1.8817 -4.0200 0.0000
1.7734 2.4982 0.0000
-1.0811 3.9204 0.0000
-1.0797 3.6571 0.0000
-0.7498 4.7490 0.0000
-0.9612 4.6483 0.0000
-4.5608 0.4203 0.0000
2.5631 2.4176 0.0000
2.2684 2.5403 0.0000
4.2521 -2.4224 0.0000
4.2348 -2.6676 0.0000
4.1008 -2.9361 0.0000
3.9551 -2.6608 0.0000
3.8474 -2.9248 0.0000
3.6768 -2.7376 0.0000
-1.7099 3.0826 0.0000
-2.0017 -1.8269 0.0000
-1.1248 -1.4406 0.0003
-1.4203 -1.5296 0.0000
-4.4908 -4.7440 0.0000
1.7494 -1.9814 0.0001
1.7924 -2.2618 0.0000
1.5724 -2.4273 0.0000
-3.6065 3.1460 0.0000
-3.7133 2.8916 0.0000
-3.7901 2.6434 0.0000
-4.0431 2.6978 0.0000
-4.2321 2.4343 0.0000
0.6565 -4.5090 0.0000
0.3548 -4.5205 0.0000
-0.6730 -4.5085 0.0000
0.6815 3.1334 0.0000
0.6953 2.8088 0.0001
-4.4059 -0.7997 0.0000
-4.7290 -0.8025 0.0000
-1.0247 -1.1577 0.0012
-1.2942 -1.2227 0.0002
4.7556 -1.1405 0.0000
3.9856 3.9083 0.0000
3.7662 3.9877 0.0000
3.8367 -0.0622 0.0000
3.7764 -0.3170 0.0000
-3.2177 4.2391 0.0000
-1.7691 0.8025 0.0000
4.4872 -4.1313 0.0000
4.2174 -4.2431 0.0000
-0.6206 0.0486 0.0479
4.2581 -3.1837 0.0000
3.9578 -3.2125 0.0000
4.1699 -3.4290 0.0000
3.9174 -3.5230 0.0000
1.5180 1.4712 0.0084
1.4318 1.2704 0.0225
2.3138 -0.0475 0.0001
1.3711 4.7349 0.0000
1.2215 4.4845 0.0000
-2.3274 -4.0570 0.0000
-2.3528 -4.3179 0.0000
-2.4726 -4.5321 0.0000
3.8075 4.2335 0.0000
-4.5006 0.9452 0.0000
-4.7235 0.7616 0.0000
-0.7566 -1.0772 0.0049
1.2563 -3.9738 0.0000
3.4260 -2.6223 0.0000
3.1875 -2.7714 0.0000
2.6063 -2.5983 0.0000
4.0394 4.4275 0.0000
3.1401 -2.4882 0.0000
1.5105 2.0367 0.0009
1.4975 1.7590 0.0031
1.2402 1.8931 0.0040
2.8337 3.5548 0.0000
2.8039 3.2673 0.0000
-3.4871 -1.7902 0.0000
-4.2476 4.4132 0.0000
0.9712 1.4942 0.0328
0.2987 2.2021 0.0016
0.0963 1.9995 0.0033
0.0682 -2.1640 0.0005
-0.2150 -2.2585 0.0002
1.6099 -0.7615 0.0190
1.5324 -1.0087 0.0152
-0.1146 -3.2791 0.0000
-0.2652 -3.5104 0.0000
-3.4705 -4.5141 0.0000
1.8423 2.9710 0.0000
1.7039 2.7945 0.0000
4.8106 1.7210 0.0000
-1.5728 2.6058 0.0000
-1.7921 2.3525 0.0000
0.1261 0.7609 0.1821
-0.0412 0.5684 0.1793
-4.7547 -4.0211 0.0000
-4.7308 -4.2583 0.0000
-4.7270 -2.6719 0.0000
-4.7766 -2.9417 0.0000
-2.4435 1.3937 0.0000
-1.7244 -4.7618 0.0000
2.0846 -2.6627 0.0000
1.5106 2.5792 0.0000
1.2689 2.4725 0.0002
1.0136 2.3861 0.0005
-1.5145 0.9885 0.0001
-1.4600 0.6977 0.0004
2.2273 -0.3137 0.0003
1.8374 -0.3405 0.0095
1.8560 -0.6682 0.0049
1.3610 3.8941 0.0000
1.3220 3.5620 0.0000
4.5076 1.8708 0.0000
-3.8790 4.7435 0.0000
-3.9729 4.4761 0.0000
-3.5242 2.1361 0.0000
4.2645 1.9931 0.0000
4.2912 1.6863 0.0000
-3.6990 -4.2796 0.0000
3.7176 -1.3765 0.0000
3.6411 -1.1178 0.0000
3.4091 -1.1824 0.0000
3.4466 -1.4102 0.0000
3.1782 -1.4144 0.0000
0.9300 0.8161 0.2139
0.7681 3.4289 0.0000
3.2778 1.9369 0.0000
-2.7733 -1.9482 0.0000
-3.0075 -2.1747 0.0000
2.1020 -0.7745 0.0005
1.8438 -0.9623 0.0027
-0.1610 -4.7277 0.0000
0.7093 -0.1808 0.4309
0.5560 -0.3583 0.3616
0.4162 -0.5532 0.2528
0.6860 3.9480 0.0000
-2.6769 0.3675 0.0000
-2.9009 0.2309 0.0000
-3.1605 0.0919 0.0000
-3.5656 -2.0745 0.0000
-3.3175 -2.2620 0.0000
-4.0584 4.1951 0.0000
-4.2900 4.1093 0.0000
3.5362 1.7989 0.0000
3.5421 1.5082 0.0000
-2.2975 -3.7596 0.0000
-2.5529 -3.8771 0.0000
0.7672 -1.5813 0.0131
1.0533 -1.5711 0.0097
0.9046 -1.8462 0.0036
-2.4085 0.1156 0.0000
-2.6641 0.0728 0.0000
-2.9268 -0.0608 0.0000
-3.1907 -0.1863 0.0000
0.5081 2.3540 0.0008
-4.7639 2.9658 0.0000
1.4567 0.6394 0.0761
1.0923 0.6171 0.2281
1.2618 0.4555 0.1814
1.0229 0.3793 0.3259
1.0831 0.1683 0.3223
0.8770 0.1544 0.4302
1.7760 2.2003 0.0001
1.7795 1.9053 0.0004
0.2498 -4.0305 0.0000
-0.0682 2.9181 0.0000
4.0705 -0.8434 0.0000
-3.7761 -1.8596 0.0000
-4.0247 -2.0455 0.0000
-0.5774 -3.4685 0.0000
-0.4421 -3.7099 0.0000
-0.7010 -3.7584 0.0000
-0.7257 -4.0056 0.0000
3.2915 -4.7644 0.0000
2.6374 4.7796 0.0000
2.5611 4.5192 0.0000
-4.4794 -3.9880 0.0000
-3.4240 -4.2518 0.0000
-1.6587 0.2726 0.0001
-1.7052 0.0070 0.0001
-1.9430 -0.1078 0.0000
2.2872 4.4284 0.0000
2.6618 -1.2392 0.0000
2.4446 -1.4338 0.0000
-3.6626 2.3929 0.0000
0.2274 4.3287 0.0000
1.6494 -0.5057 0.0249
1.3501 -0.7540 0.0606
0.1566 4.7876 0.0000
3.3298 -0.9450 0.0000
3.1388 -1.1481 0.0000
2.8800 -1.0453 0.0000
2.9179 -1.3473 0.0000
-4.7630 1.0802 0.0000
-2.7081 -4.4596 0.0000
-2.6737 -4.7423 0.0000
-2.9696 -4.7497 0.0000
4.2705 -0.3872 0.0000
4.0417 -0.3217 0.0000
-2.3149 1.0915 0.0000
-1.0036 -0.2584 0.0081
0.3222 4.5964 0.0000
-2.3211 4.0382 0.0000
-2.5707 4.0171 0.0000
-2.8251 3.9810 0.0000
2.0364 4.2557 0.0000
1.8804 4.0456 0.0000
4.7450 -0.1387 0.0000
4.3456 -0.1402 0.0000
2.0069 2.6957 0.0000
4.2568 2.2870 0.0000
-4.7591 -4.5201 0.0000
4.1719 -1.1169 0.0000
-4.1921 -0.2521 0.0000
-4.3410 -0.4444 0.0000
4.2113 3.4762 0.0000
3.9863 3.3842 0.0000
4.3238 3.2621 0.0000
4.0996 3.1598 0.0000
3.9589 2.9740 0.0000
-3.5088 1.6406 0.0000
-3.6494 1.3929 0.0000
-0.2570 2.7016 0.0000
3.8729 -1.0412 0.0000
0.3777 3.8754 0.0000
0.0660 3.8038 0.0000
-0.0202 3.5358 0.0000
0.7926 4.7679 0.0000
-3.8886 0.1178 0.0000
-3.9344 -0.1566 0.0000
-3.2296 2.1422 0.0000
-3.3678 1.8886 0.0000
3.4035 0.1508 0.0000
0.0610 -0.8795 0.0812
-2.7776 3.4825 0.0000
-2.5476 3.3011 0.0000
-2.8067 3.2033 0.0000
-3.0541 3.0951 0.0000
-4.0739 3.4121 0.0000
-4.3145 3.2908 0.0000
-4.5093 3.1065 0.0000
0.8600 3.7172 0.0000
-3.2239 -1.3368 0.0000
0.2100 -1.3422 0.0250
-0.0638 -1.4179 0.0118
3.7781 1.3710 0.0000
3.3008 1.3822 0.0000
3.5144 1.1931 0.0000
3.2399 1.1059 0.0000
-3.2201 0.6220 0.0000
-2.1298 1.8630 0.0000
-4.1834 -3.9924 0.0000
-4.4674 -4.2322 0.0000
3.4352 -1.8984 0.0000
-2.9097 4.2386 0.0000
-3.0895 3.9824 0.0000
2.2305 3.7040 0.0000
2.0395 3.5407 0.0000
-0.8767 -3.0052 0.0000
-0.7950 2.1030 0.0002
4.7660 -0.4275 0.0000
4.7682 -0.6743 0.0000
4.5007 -0.6104 0.0000
-1.0183 1.0393 0.0028
1.3310 -0.0379 0.1666
1.1042 -0.0481 0.3037
0.8894 -0.0720 0.4120
1.0046 -0.2900 0.3053
0.8090 -0.3722 0.3421
1.3022 1.0604 0.0605
-0.1862 0.3629 0.1589
-0.1444 0.1558 0.1913
-0.1229 -0.0939 0.1908
-4.5062 -1.6347 0.0000
-4.7442 -1.6243 0.0000
-4.7727 -1.8462 0.0000
4.1478 -3.7252 0.0000
-1.2555 4.5018 0.0000
-1.4460 4.2781 0.0000
-4.3043 0.3702 0.0000
-4.4878 0.1372 0.0000
-4.7326 -0.1155 0.0000
2.7483 3.8193 0.0000
2.5299 3.6318 0.0000
0.5000 4.7536 0.0000
1.9851 0.3826 0.0038
4.4806 -3.3666 0.0000
4.3809 -3.5951 0.0000
3.0507 -0.2504 0.0000
4.6574 -0.8919 0.0000
4.5223 -3.7809 0.0000
4.3237 -3.9358 0.0000
1.0455 1.0406 0.1136
0.9034 1.2615 0.0753
0.7534 1.0380 0.1522
3.7440 2.8463 0.0000
3.4788 2.7288 0.0000
-0.2823 -0.4949 0.0865
-0.4060 -0.7362 0.0393
2.5486 2.1190 0.0000
2.2960 2.2546 0.0000
0.1739 -1.0899 0.0542
4.0695 -1.4604 0.0000
4.4389 -1.6244 0.0000
4.1832 -1.6849 0.0000
-1.9924 1.2114 0.0000
0.4637 4.1424 0.0000
-1.7216 4.7435 0.0000
-2.0151 4.7396 0.0000
2.3181 1.3335 0.0000
2.0793 1.1820 0.0005
2.9721 0.4719 0.0000
3.1254 0.0999 0.0000
-0.7403 -2.8028 0.0000
3.2848 -0.1188 0.0000
-2.0319 -4.7659 0.0000
3.6611 2.2631 0.0000
3.5056 2.0779 0.0000
-1.5779 3.5412 0.0000
0.8124 -0.8222 0.1507
0.6751 -1.0581 0.0852
0.4399 -1.2343 0.0460
0.0097 -2.4519 0.0001
4.3597 -0.8722 0.0000
3.7190 3.4769 0.0000
3.5481 3.2860 0.0000
0.2809 3.6089 0.0000
-4.4672 1.4713 0.0000
-4.7586 1.4153 0.0000
1.0946 -3.7138 0.0000
0.1769 3.3464 0.0000
0.1410 3.0704 0.0000
-4.7539 2.0367 0.0000
-4.8029 1.7481 0.0000
3.0313 1.8139 0.0000
3.0286 1.5319 0.0000
2.7852 1.4094 0.0000
-3.8394 -2.2327 0.0000
3.0862 -0.8389 0.0000
2.8310 -0.7389 0.0000
-0.5277 -4.2529 0.0000
-0.8309 -4.2612 0.0000
-0.9645 -4.5156 0.0000
-0.0459 -1.1610 0.0298
1.1278 3.7559 0.0000
-1.3983 2.9586 0.0000
-1.6093 2.8443 0.0000
-0.2066 -0.9509 0.0390
-1.8824 2.8705 0.0000
-1.8264 2.6130 0.0000
1.0058 4.2837 0.0000
1.0012 4.0044 0.0000
-4.7126 3.6052 0.0000
-1.3254 2.6683 0.0000
-1.2343 2.3826 0.0000
-1.5085 2.3687 0.0000
-1.6656 2.1231 0.0000
4.7534 2.0115 0.0000
-0.2094 -3.8462 0.0000
0.4514 2.6430 0.0001
0.1701 -4.7651 0.0000
2.3101 2.8378 0.0000
-3.6671 -3.3053 0.0000
0.7067 -3.2833 0.0000
-0.5475 -0.4729 0.0410
-0.9421 2.3505 0.0000
-1.0897 2.0921 0.0000
-3.3895 -3.2083 0.0000
-3.5766 -3.5239 0.0000
-4.0300 -0.8019 0.0000
-4.2268 -0.9832 0.0000
-4.2789 -1.2319 0.0000
-4.5164 -1.0674 0.0000
-4.5108 -1.3624 0.0000
-4.7531 -1.3696 0.0000
3.6848 -3.0878 0.0000
3.4496 -3.2062 0.0000
3.4270 -3.4725 0.0000
4.7390 -2.9378 0.0000
4.3673 -2.9233 0.0000
4.5357 -3.0949 0.0000
3.1482 -3.5212 0.0000
-3.4273 -0.1437 0.0000
-3.4626 -0.3876 0.0000
-3.7284 -0.4011 0.0000
-1.6261 3.8373 0.0000
-4.2309 -3.4986 0.0000
-4.3493 -3.7614 0.0000
-3.2983 3.4898 0.0000
-1.0308 1.2909 0.0014
0.0406 2.6540 0.0001
-0.1310 2.4622 0.0002
3.2690 -2.1264 0.0000
3.0541 -2.2348 0.0000
-2.1877 -1.4894 0.0000
-2.2719 -1.7313 0.0000
3.2396 0.3949 0.0000
-2.3179 1.6699 0.0000
-2.6182 1.6429 0.0000
4.3117 -4.5054 0.0000
4.1987 -4.7566 0.0000
-0.3574 0.0477 0.1114
-0.7750 1.0554 0.0083
-0.7298 0.8110 0.0166
-1.0999 -2.8408 0.0000
-1.1304 -3.1429 0.0000
-2.1019 2.7435 0.0000
-2.3166 2.5941 0.0000
3.1413 -1.8869 0.0000
2.9438 -2.0011 0.0000
4.4744 -1.1329 0.0000
-3.9556 2.4180 0.0000
-4.1163 2.1795 0.0000
0.6137 -1.8115 0.0049
0.3658 -1.7970 0.0047
-0.2548 -0.2613 0.1241
4.4998 0.3213 0.0000
4.5347 0.0237 0.0000
1.5437 -0.2324 0.0612
1.4079 -0.4969 0.0792
1.2588 -0.2766 0.1760
0.9219 -0.5801 0.2259
-2.6515 -2.6946 0.0000
-2.7714 -2.9398 0.0000
-3.0965 -3.0059 0.0000
-1.8519 4.4582 0.0000
-2.0213 4.2106 0.0000
0.9374 4.5231 0.0000
0.7478 4.2338 0.0000
-4.2215 0.8829 0.0000
0.6738 0.7618 0.2743
0.8434 0.5731 0.3357
0.7911 0.3425 0.4284
0.5990 0.5231 0.3825
0.5919 0.2797 0.4612
0.4002 0.4034 0.3898
0.2770 0.2294 0.3815
-3.5042 -1.2270 0.0000
-3.7754 -1.2778 0.0000
-3.6515 -1.5442 0.0000
-3.9220 -1.5590 0.0000
-4.0491 -1.7859 0.0000
-1.5476 1.3240 0.0000
-1.7544 1.1055 0.0000
-4.5179 -3.5668 0.0000
-4.6897 -3.7889 0.0000
2.5319 1.8170 0.0000
2.2977 1.9609 0.0000
1.6286 -1.4822 0.0018
1.3580 -1.5702 0.0043
1.4581 -1.8446 0.0008
1.1736 -1.8132 0.0025
0.0198 1.0124 0.0918
-1.8345 1.4087 0.0000
-0.3188 1.9238 0.0020
-0.6149 1.8826 0.0010
-0.7161 1.6272 0.0019
0.9894 1.7576 0.0116
4.7611 0.1714 0.0000
3.8702 -3.7954 0.0000
3.7674 -4.0291 0.0000
-2.9496 4.7503 0.0000
0.7956 -4.2304 0.0000
0.5243 -4.2684 0.0000
-2.9637 -4.5109 0.0000
-3.2657 -4.7331 0.0000
-4.1840 -2.3325 0.0000
-0.5414 2.7811 0.0000
-1.8693 3.6421 0.0000
-2.0412 3.3990 0.0000
-2.2942 3.2211 0.0000
4.2718 3.9810 0.0000
4.1982 3.7220 0.0000
3.6036 4.7647 0.0000
2.0471 4.5136 0.0000
-3.5952 -2.3570 0.0000
-3.7243 -2.5540 0.0000
-2.0939 -3.2175 0.0000
-1.9168 -3.4497 0.0000
-2.2124 -3.4906 0.0000
-3.5230 0.6174 0.0000
-0.1529 4.7657 0.0000
0.0381 4.5426 0.0000
-0.0499 4.2749 0.0000
0.4610 2.9308 0.0000
0.2299 2.8224 0.0000
0.0706 -4.5220 0.0000
-4.1205 3.1350 0.0000
-4.2742 2.9501 0.0000
-4.2839 2.6944 0.0000
-4.5324 2.8115 0.0000
-0.1636 0.8066 0.0966
-2.1890 1.3034 0.0000
-3.7882 -3.6938 0.0000
4.7785 3.2655 0.0000
4.5458 3.0888 0.0000
-0.0404 -0.3899 0.1735
-0.1176 -0.6889 0.0895
3.9418 2.6572 0.0000
3.7048 2.5471 0.0000
-2.2993 2.0428 0.0000
-2.4900 1.8824 0.0000
-2.7718 1.9310 0.0000
-2.9057 1.6545 0.0000
2.0276 2.3830 0.0000
-3.1164 0.3645 0.0000
0.9783 -2.1108 0.0008
0.6863 -2.0738 0.0013
0.3699 -2.0653 0.0013
0.5272 -2.2993 0.0004
4.0112 0.6517 0.0000
3.8830 0.4278 0.0000
2.0548 1.8217 0.0001
1.9505 1.6347 0.0004
1.7405 1.6226 0.0016
2.0634 1.4546 0.0003
-4.7553 -4.7707 0.0000
-1.5269 1.8719 0.0000
-1.8323 1.9151 0.0000
-1.7033 1.6405 0.0000
-4.5398 3.4047 0.0000
-4.7648 3.2740 0.0000
0.2458 -2.9041 0.0000
0.0052 -3.0287 0.0000
4.7460 -4.5268 0.0000
-0.4005 -1.7879 0.0011
-0.4496 -2.0756 0.0002
-0.7250 -2.1685 0.0001
-4.1953 4.7135 0.0000
-4.4858 4.7663 0.0000
-4.7557 4.7711 0.0000
-4.4823 4.5278 0.0000
-4.5074 4.2564 0.0000
-4.7298 4.5435 0.0000
-4.7677 4.3495 0.0000
-4.7355 4.1222 0.0000
0.8091 -3.7396 0.0000
4.5026 1.5124 0.0000
4.5177 1.2224 0.0000
0.9724 -3.9824 0.0000
0.6945 -3.9667 0.0000
2.9483 -3.2770 0.0000
2.6704 -3.3814 0.0000
1.7597 4.2733 0.0000
1.5352 4.1442 0.0000
2.5456 3.0165 0.0000
2.3012 3.1444 0.0000
-0.4924 -2.3687 0.0000
-0.5936 -2.6104 0.0000
0.2191 0.5211 0.2909
0.0728 0.3298 0.2749
2.8592 1.1531 0.0000
2.6722 0.9556 0.0000
1.0499 3.4802 0.0000
0.9721 3.2080 0.0000
-2.4421 -1.4340 0.0000
-2.5537 -1.6695 0.0000
-2.5132 -1.9391 0.0000
4.7586 1.4026 0.0000
4.7590 1.0843 0.0000
-0.4641 -0.2007 0.0726
3.4147 3.5240 0.0000
2.5894 -3.6575 0.0000
3.5559 -3.9156 0.0000
3.3013 -4.0111 0.0000
3.5499 -4.2237 0.0000
3.3024 0.8880 0.0000
3.1346 0.6856 0.0000
-4.7645 -1.1003 0.0000
-3.6693 1.8913 0.0000
-3.8119 1.6448 0.0000
-2.9862 -0.6474 0.0000
-3.2587 -0.7518 0.0000
-4.2502 1.9506 0.0000
-4.3631 1.7072 0.0000
3.3299 -0.6601 0.0000
3.0181 -0.5451 0.0000
-0.2827 -3.0251 0.0000
-0.4010 -3.2565 0.0000
-3.0928 2.4010 0.0000
-2.9365 2.1613 0.0000
0.7377 1.8851 0.0082
0.5022 1.7371 0.0154
4.7595 -3.2546 0.0000
4.7034 -3.5336 0.0000
1.5177 2.3123 0.0002
-2.1114 -2.3479 0.0000
-2.3340 -2.5061 0.0000
-2.3939 -2.7545 0.0000
-2.5124 -2.9980 0.0000
2.5738 1.2235 0.0000
2.3637 1.0185 0.0000
0.6821 4.5136 0.0000
0.4863 4.4031 0.0000
-2.7368 -0.5243 0.0000
-4.7609 2.6461 0.0000
4.0295 1.8301 0.0000
3.7865 1.6761 0.0000
2.6061 -0.6108 0.0000
2.3746 -0.8427 0.0000
2.4041 -1.1358 0.0000
2.1862 -1.3348 0.0000
-3.4036 -2.5481 0.0000
-3.5669 -2.7484 0.0000
-3.6448 -3.0208 0.0000
-1.7539 -1.4000 0.0000
-1.9463 -1.5894 0.0000
3.2813 1.6522 0.0000
3.0583 1.2811 0.0000
2.6254 -0.9348 0.0000
2.3638 -2.7204 0.0000
2.1578 -2.9378 0.0000
1.4310 -1.2766 0.0101
-0.6394 4.2051 0.0000
-0.1193 3.2291 0.0000
-0.3358 2.9909 0.0000
-1.2257 -3.7597 0.0000
-1.5060 -3.8195 0.0000
0.4867 3.3986 0.0000
1.7037 -1.2291 0.0030
-2.7080 -0.2280 0.0000
-2.9655 -0.3553 0.0000
3.5914 -4.7486 0.0000
-1.4116 -4.7635 0.0000
-4.0546 0.3399 0.0000
1.5669 -4.4658 0.0000
1.4036 -4.7392 0.0000
-1.2545 1.4580 0.0002
-1.2912 1.1654 0.0004
2.5607 3.3218 0.0000
-2.5528 3.0260 0.0000
-2.4625 2.7853 0.0000
-2.6834 2.6887 0.0000
3.5864 -1.6477 0.0000
3.2931 -1.6570 0.0000
4.0943 -0.0850 0.0000
2.7887 1.9705 0.0000
2.7789 1.6850 0.0000
2.5317 1.5235 0.0000
-0.9960 1.5742 0.0007
-0.6879 0.2959 0.0356
-0.9390 0.2641 0.0123
1.8409 1.0252 0.0048
1.7344 0.7973 0.0149
1.5051 0.9151 0.0396
1.2309 0.8035 0.1256
0.0833 -2.6857 0.0000
-0.1230 -2.7874 0.0000
-2.6078 0.6255 0.0000
-2.9095 0.5743 0.0000
3.6080 -0.5702 0.0000
1.2449 2.1842 0.0010
0.9760 2.0561 0.0031
1.2501 -1.0326 0.0412
0.9596 -1.0689 0.0673
1.1708 -1.3091 0.0208
0.9087 -1.3224 0.0314
1.9532 -3.1581 0.0000
1.7541 -3.3231 0.0000
1.8347 -3.5355 0.0000
1.5624 -3.5593 0.0000
3.3833 -2.3612 0.0000
-2.9492 -2.7213 0.0000
-3.2230 -2.7357 0.0000
-3.3774 -2.9325 0.0000
-3.3886 -1.5138 0.0000
-4.3487 -3.0374 0.0000
-4.4632 -3.3111 0.0000
-4.5992 -3.0595 0.0000
-4.7503 -3.2748 0.0000
-4.7661 -3.5369 0.0000
-2.6140 4.2578 0.0000
-2.6813 3.7498 0.0000
-2.9704 3.6950 0.0000
-3.9599 -2.4975 0.0000
-4.4546 -2.5115 0.0000
-4.4639 -2.8003 0.0000
3.8715 -1.6306 0.0000
3.9911 -1.9052 0.0000
2.0236 3.2542 0.0000
1.7507 3.1741 0.0000
-3.6427 0.1163 0.0000
-3.6706 -0.1311 0.0000
-3.5884 -4.7638 0.0000
-3.9362 0.8786 0.0000
-4.1047 0.6136 0.0000
-4.4273 0.6579 0.0000
3.7177 -1.8995 0.0000
3.5667 -2.1566 0.0000
-1.3571 -2.9638 0.0000
3.3513 -3.7313 0.0000
3.0793 -3.7906 0.0000
3.0198 -4.0559 0.0000
1.7315 0.5188 0.0219
1.5461 0.0746 0.0718
0.8138 -2.3809 0.0002
0.5750 -2.5430 0.0001
0.8024 -2.7054 0.0000
0.5283 -2.8187 0.0000
4.5105 2.1650 0.0000
-4.1814 0.0648 0.0000
-4.4148 -0.1124 0.0000
-4.5518 -0.3139 0.0000
-4.7690 -0.4639 0.0000
-3.0532 3.3992 0.0000
-3.3184 3.2036 0.0000
-3.2022 2.9062 0.0000
-3.4316 2.9226 0.0000
-0.5692 -1.3005 0.0046
-0.8420 -1.3831 0.0012
1.0813 -0.8027 0.1116
0.6730 -0.5825 0.2613
-2.9062 1.1300 0.0000
-1.1008 -4.7622 0.0000
-2.6121 1.1357 0.0000
-1.3722 -3.2632 0.0000
-0.4040 -2.7568 0.0000
-0.5537 -2.9707 0.0000
2.8771 -3.5694 0.0000
2.8018 -3.8520 0.0000
3.2092 2.6146 0.0000
3.0784 2.4005 0.0000
2.8097 2.2624 0.0000
-2.8630 -3.1697 0.0000
-3.1022 -3.3091 0.0000
-3.3371 -3.4729 0.0000
-3.0533 -3.5978 0.0000
-3.2908 -3.7255 0.0000
4.0160 2.1317 0.0000
3.7784 1.9908 0.0000
2.3527 4.7237 0.0000
-3.3838 4.4948 0.0000
0.4863 -4.7596 0.0000
-1.5717 4.4982 0.0000
-1.5783 -4.0666 0.0000
4.7519 2.3294 0.0000
-1.4140 -3.5437 0.0000
2.9085 -2.6834 0.0000
2.6809 -2.8560 0.0000
2.4439 -2.9396 0.0000
4.1070 2.4729 0.0000
3.9014 2.3434 0.0000
-4.2159 3.8718 0.0000
-4.5054 3.9018 0.0000
-3.0527 -3.9022 0.0000
-3.1282 -4.1801 0.0000
-3.1952 -4.4508 0.0000
-1.6689 -1.6501 0.0000
-1.4524 -1.8708 0.0000
-1.7463 -1.9022 0.0000
-1.8513 -2.1258 0.0000
-2.0580 -2.0986 0.0000
-3.5671 4.7483 0.0000
-3.6822 4.4908 0.0000
-0.0071 -3.9966 0.0000
-0.2565 -4.1623 0.0000
-0.9849 0.7814 0.0056
-1.1718 0.5614 0.0028
-1.1771 0.2791 0.0035
-3.0683 1.8996 0.0000
-3.2054 1.6429 0.0000
-3.3476 1.3903 0.0000
-1.9661 1.6705 0.0000
-2.1250 1.5106 0.0000
-2.7824 0.8638 0.0000
-4.0463 -1.3094 0.0000
-4.2313 -1.5249 0.0000
-4.2841 -1.8003 0.0000
-4.5293 -1.9232 0.0000
-4.7497 -2.1036 0.0000
-0.5308 3.7428 0.0000
4.3166 4.5321 0.0000
4.7599 -4.2398 0.0000
4.5183 -4.3934 0.0000
3.2297 -4.2716 0.0000
2.8327 -4.1938 0.0000
-1.5776 -2.1803 0.0000
-1.8511 -2.3772 0.0000
-1.8410 -2.6345 0.0000
-1.9059 -2.9091 0.0000
2.3817 -4.1468 0.0000
2.6139 -4.3293 0.0000
2.3369 -4.4118 0.0000
2.0989 -4.2383 0.0000
1.8431 -4.3137 0.0000
4.6405 1.6846 0.0000
1.3661 -3.6886 0.0000
0.4713 -4.0377 0.0000
0.2584 -4.2753 0.0000
-1.1806 4.2020 0.0000
-1.3986 4.0110 0.0000
1.3426 -2.5839 0.0000
1.2664 -2.8228 0.0000
4.7698 4.2180 0.0000
-0.1710 -1.9786 0.0008
4.4912 2.4655 0.0000
-2.8113 -4.0079 0.0000
-2.8959 -4.2505 0.0000
0.2314 2.4855 0.0003
4.7872 4.7902 0.0000
-3.9402 -4.2202 0.0000
-4.2084 -4.2402 0.0000
-4.2761 -4.4876 0.0000
1.7670 0.2258 0.0207
1.7764 -0.0650 0.0184
1.1809 1.3131 0.0414
2.8381 -2.4084 0.0000
0.6860 0.0691 0.4788
0.5180 -0.0926 0.4477
0.3696 -0.2502 0.3639
0.2392 -0.4191 0.2612
0.0982 -0.5889 0.1629
-2.9742 -1.2228 0.0000
-3.0235 -1.5155 0.0000
0.6221 -3.5601 0.0000
0.4669 -3.7716 0.0000
-0.0567 1.2699 0.0408
4.0531 -4.0110 0.0000
3.8949 -4.2599 0.0000
3.7267 -4.4885 0.0000
-0.0813 1.7929 0.0061
-0.1720 1.5608 0.0123
-0.2992 1.3393 0.0190
0.5457 -0.7964 0.1660
0.3835 -0.9894 0.0924
2.0754 0.9088 0.0009
2.2805 0.7455 0.0001
1.9798 0.6717 0.0031
1.1478 -0.5228 0.1691
-2.7895 -3.7235 0.0000
3.1445 -4.5453 0.0000
2.9719 -4.3742 0.0000
2.7959 -4.5358 0.0000
2.6633 -4.7845 0.0000
3.4314 -4.4963 0.0000
2.4517 -3.8752 0.0000
2.1731 -3.9561 0.0000
-2.5703 -2.4477 0.0000
-2.8459 -2.4453 0.0000
2.8067 3.0266 0.0000
2.7029 2.7774 0.0000
2.5105 2.6709 0.0000
4.7588 3.9078 0.0000
4.4426 3.5721 0.0000
-0.6966 -0.7593 0.0142
-0.9552 -0.8722 0.0037
-1.2237 -0.9396 0.0007
4.7578 4.5226 0.0000
-1.7350 -4.2989 0.0000
-0.6320 -1.5904 0.0012
-0.6764 -1.8757 0.0003
4.2325 4.7831 0.0000
4.0518 4.6510 0.0000
2.1377 -1.0440 0.0002
1.9409 -1.2493 0.0005
1.9122 -1.5118 0.0002
3.7797 1.0827 0.0000
3.7840 0.7925 0.0000
3.6900 0.5798 0.0000
-0.5410 3.5078 0.0000
-0.7319 3.3245 0.0000
3.4335 2.4388 0.0000
3.2981 2.2366 0.0000
3.0459 2.1051 0.0000
-2.1783 0.0754 0.0000
-2.4420 -0.1383 0.0000
-2.2034 -0.1975 0.0000
-2.2572 -0.4641 0.0000
-2.4827 -0.3976 0.0000
-2.4946 -0.6655 0.0000
-2.3233 4.7501 0.0000
-2.4701 4.5098 0.0000
-2.8924 2.5502 0.0000
-2.7754 2.3406 0.0000
-3.2387 2.6365 0.0000
-3.5092 2.6583 0.0000
-3.3814 2.3887 0.0000
-3.3747 3.9749 0.0000
-3.2264 3.7300 0.0000
-3.8202 2.1512 0.0000
-3.9669 1.9067 0.0000
-4.1071 1.6579 0.0000
-4.7382 -2.3827 0.0000
3.0133 4.3629 0.0000
2.7551 4.3271 0.0000
3.0286 4.1130 0.0000
2.8060 4.0857 0.0000
2.5752 4.0131 0.0000
-2.2371 -0.7183 0.0000
-2.4263 -0.9424 0.0000
-2.5556 -1.1804 0.0000
-2.7596 -1.0776 0.0000
-2.7388 -1.4044 0.0000
-1.8471 -4.0531 0.0000
-2.0066 -3.7039 0.0000
-2.0815 -3.9573 0.0000
-1.2967 3.4520 0.0000
-1.2068 3.1757 0.0000
-1.4950 3.2374 0.0000
1.6885 -1.7223 0.0005
1.5222 -2.1290 0.0001
1.3116 -2.3172 0.0001
1.2351 -2.0599 0.0006
1.0854 -2.3513 0.0002
1.0626 -2.6066 0.0000
-0.9025 -3.2871 0.0000
-0.8266 -3.5152 0.0000
-1.1297 -3.4679 0.0000
1.1920 2.9804 0.0000
1.1826 2.7012 0.0001
0.9571 2.6682 0.0001
0.7298 2.5194 0.0003
-3.5326 -0.6501 0.0000
-3.8051 -0.6983 0.0000
-3.9750 -1.0606 0.0000
-3.9499 3.9513 0.0000
-3.4906 1.1381 0.0000
-2.7784 4.5021 0.0000
-3.0808 4.4940 0.0000
0.7798 2.2357 0.0015
0.5858 2.0783 0.0034
0.3770 1.9517 0.0057
1.0899 4.7565 0.0000
-0.3031 -1.2265 0.0132
-0.3484 -1.5062 0.0042
4.5123 0.9179 0.0000
4.2632 0.7648 0.0000
-1.4201 4.7492 0.0000
-2.5081 0.8731 0.0000
0.2032 1.7220 0.0129
0.0877 1.4929 0.0258
-3.3692 0.3598 0.0000
-3.6188 0.3586 0.0000
-0.4622 4.7323 0.0000
3.2932 3.2409 0.0000
4.5052 -4.7228 0.0000
-4.2257 1.4093 0.0000
-4.3025 1.1657 0.0000
-4.5412 1.2324 0.0000
-4.7339 2.3298 0.0000
1.8671 3.7360 0.0000
0.4767 -3.0940 0.0000
0.2089 -3.2108 0.0000
0.1067 -1.8912 0.0022
0.2713 -2.3624 0.0002
1.6646 3.9233 0.0000
-0.8125 3.6298 0.0000
-1.0073 3.3901 0.0000
-1.2001 -1.7021 0.0001
-0.9209 -1.6825 0.0003
-0.9402 -1.9722 0.0001
-1.1635 -1.9339 0.0000
-3.8096 0.6332 0.0000
-3.8323 0.3980 0.0000
0.0192 -4.2526 0.0000
-3.5148 3.6937 0.0000
-3.5639 3.4093 0.0000
-3.8032 3.4570 0.0000
-3.8508 3.1928 0.0000
-3.9657 2.9257 0.0000
4.2735 1.0729 0.0000
4.0285 0.9387 0.0000
2.1006 4.7441 0.0000
1.8694 4.7770 0.0000
2.2723 -3.6705 0.0000
2.0028 -3.7414 0.0000
-0.1856 -4.4263 0.0000
-0.3995 -4.4974 0.0000
-0.4795 -4.7544 0.0000
-3.0599 0.8625 0.0000
2.4796 -3.1653 0.0000
2.3875 -3.4299 0.0000
4.5527 -1.3894 0.0000
4.7721 -1.4191 0.0000
4.7318 -1.6933 0.0000
4.5199 -1.8909 0.0000
-3.8902 -3.9618 0.0000
-3.9243 -3.4382 0.0000
-3.5105 4.2348 0.0000
-3.7927 4.2226 0.0000
-2.2626 0.8177 0.0000
-4.7585 0.1845 0.0000
-4.2753 -2.0580 0.0000
-4.4859 -2.2300 0.0000
2.9950 2.7872 0.0000
2.8402 2.5473 0.0000
-0.4520 2.5082 0.0001
-0.6486 2.3375 0.0001
-3.0232 -1.8719 0.0000
-3.2727 -1.9898 0.0000
-1.7818 3.3430 0.0000
-2.0116 3.1083 0.0000
1.2537 1.5852 0.0138
-1.1163 -2.4913 0.0000
-1.3310 -2.6732 0.0000
-3.2453 -1.0601 0.0000
4.7418 3.5963 0.0000
4.5511 3.3753 0.0000
-0.4638 0.8528 0.0397
-0.5904 0.5652 0.0406
2.2754 1.6487 0.0000
-4.5074 2.5090 0.0000
1.7952 1.3398 0.0029
1.6174 1.1343 0.0143
-2.0346 0.6610 0.0000
-2.1646 0.3607 0.0000
-2.3477 0.5826 0.0000
-2.4360 0.3407 0.0000
-0.2594 1.0613 0.0452
-3.5440 -3.7853 0.0000
0.4292 -3.3720 0.0000
-1.6831 0.5499 0.0001
-1.8993 0.4516 0.0000
-1.9265 0.1840 0.0000
2.7820 -0.3608 0.0000
2.4955 -0.3269 0.0000
0.2892 -3.5631 0.0000
-0.0514 -3.6486 0.0000
-0.8793 0.0171 0.0168
-1.1384 0.0131 0.0045
-1.3030 -0.2009 0.0015
2.0348 -0.1706 0.0023
2.7098 0.4584 0.0000
2.4851 0.1942 0.0000
2.2346 0.2399 0.0004
2.0209 0.0900 0.0030
0.2702 -0.7546 0.1478
3.9443 -1.2778 0.0000
1.2595 3.2598 0.0000
0.9284 2.9385 0.0000
1.2551 -4.4892 0.0000
0.9506 -4.4921 0.0000
1.0993 -4.7465 0.0000
0.7952 -4.7534 0.0000
2.9714 -4.7490 0.0000
3.7893 3.1708 0.0000
-2.7191 -0.8244 0.0000
-3.0025 -0.9245 0.0000
