5.0000 5.0000 0.0000
0.0000 5.0000 0.0021
2.5000 5.0000 0.0004
3.7500 5.0000 0.0000
4.3750 5.0000 0.0000
4.6875 5.0000 0.0000
4.0625 5.0000 0.0000
3.1250 5.0000 0.0009
3.4375 5.0000 0.0005
2.8125 5.0000 0.0006
1.2500 5.0000 0.0001
1.8750 5.0000 0.0001
2.1875 5.0000 0.0001
1.5625 5.0000 0.0001
0.6250 5.0000 0.0005
0.9375 5.0000 0.0002
0.3125 5.0000 0.0012
-2.5000 5.0000 0.0000
-1.2500 5.0000 0.0002
-0.6250 5.0000 0.0025
-0.3125 5.0000 0.0031
-0.9375 5.0000 0.0012
-1.8750 5.0000 0.0000
-1.5625 5.0000 0.0000
-2.1875 5.0000 0.0000
-3.7500 5.0000 0.0000
-3.1250 5.0000 0.0000
-2.8125 5.0000 0.0000
-3.4375 5.0000 0.0000
-4.3750 5.0000 0.0000
-4.0625 5.0000 0.0000
-4.6875 5.0000 0.0000
5.0000 -5.0000 0.0000
5.0000 0.0000 0.0000
5.0000 -2.5000 0.0000
5.0000 -3.7500 0.0000
5.0000 -4.3750 0.0000
5.0000 -4.6875 0.0000
5.0000 -4.0625 0.0000
5.0000 -3.1250 0.0000
5.0000 -3.4375 0.0000
5.0000 -2.8125 0.0000
5.0000 -1.2500 0.0000
5.0000 -1.8750 0.0000
5.0000 -2.1875 0.0000
5.0000 -1.5625 0.0000
5.0000 -0.6250 0.0000
5.0000 -0.9375 0.0000
5.0000 -0.3125 0.0000
5.0000 2.5000 0.0000
5.0000 1.2500 0.0000
5.0000 0.6250 0.0000
5.0000 0.3125 0.0000
5.0000 0.9375 0.0000
5.0000 1.8750 0.0000
5.0000 1.5625 0.0000
5.0000 2.1875 0.0000
5.0000 3.7500 0.0000
5.0000 3.1250 0.0000
5.0000 2.8125 0.0000
5.0000 3.4375 0.0000
5.0000 4.3750 0.0000
5.0000 4.0625 0.0000
5.0000 4.6875 0.0000
-5.0000 -5.0000 0.0000
0.0000 -5.0000 0.0000
-2.5000 -5.0000 0.0000
-3.7500 -5.0000 0.0000
-4.3750 -5.0000 0.0000
-4.6875 -5.0000 0.0000
-4.0625 -5.0000 0.0000
-3.1250 -5.0000 0.0000
-3.4375 -5.0000 0.0000
-2.8125 -5.0000 0.0000
-1.2500 -5.0000 0.0000
-1.8750 -5.0000 0.0000
-2.1875 -5.0000 0.0000
-1.5625 -5.0000 0.0000
-0.6250 -5.0000 0.0000
-0.9375 -5.0000 0.0000
-0.3125 -5.0000 0.0000
2.5000 -5.0000 0.0000
1.2500 -5.0000 0.0000
0.6250 -5.0000 0.0000
0.3125 -5.0000 0.0000
0.9375 -5.0000 0.0000
1.8750 -5.0000 0.0000
1.5625 -5.0000 0.0000
2.1875 -5.0000 0.0000
3.7500 -5.0000 0.0000
3.1250 -5.0000 0.0000
2.8125 -5.0000 0.0000
3.4375 -5.0000 0.0000
4.3750 -5.0000 0.0000
4.0625 -5.0000 0.0000
4.6875 -5.0000 0.0000
-5.0000 5.0000 0.0000
-5.0000 0.0000 0.0000
-5.0000 2.5000 0.0000
-5.0000 3.7500 0.0000
-5.0000 4.3750 0.0000
-5.0000 4.6875 0.0000
-5.0000 4.0625 0.0000
-5.0000 3.1250 0.0000
-5.0000 3.4375 0.0000
-5.0000 2.8125 0.0000
-5.0000 1.2500 0.0000
-5.0000 1.8750 0.0000
-5.0000 2.1875 0.0000
-5.0000 1.5625 0.0000
-5.0000 0.6250 0.0000
-5.0000 0.9375 0.0000
-5.0000 0.3125 0.0000
-5.0000 -2.5000 0.0000
-5.0000 -1.2500 0.0000
-5.0000 -0.6250 0.0000
-5.0000 -0.3125 0.0000
-5.0000 -0.9375 0.0000
-5.0000 -1.8750 0.0000
-5.0000 -1.5625 0.0000
-5.0000 -2.1875 0.0000
-5.0000 -3.7500 0.0000
-5.0000 -3.1250 0.0000
-5.0000 -2.8125 0.0000
-5.0000 -3.4375 0.0000
-5.0000 -4.3750 0.0000
-5.0000 -4.0625 0.0000
-5.0000 -4.6875 0.0000
1.3520 4.4837 0.0000
2.4484 2.3449 0.0000
4.7382 1.4838 0.0000
4.5268 1.2925 0.0000
4.7778 1.2348 0.0000
4.7219 1.0174 0.0000
-0.1009 1.7767 0.0000
-3.9891 -3.3148 0.0000
-4.2428 -3.4233 0.0000
-4.2758 -3.7221 0.0000
-0.3038 -3.0615 0.0078
-0.5537 -3.1919 0.0039
1.7785 4.0782 0.0000
1.5000 4.0019 0.0000
1.6799 3.7851 0.0000
1.3833 3.7251 0.0000
-2.1726 3.3803 0.0022
-2.3315 3.1034 0.0013
1.5706 4.2820 0.0000
1.2925 4.2134 0.0000
-3.5614 -2.3267 0.0000
-3.7724 -2.4471 0.0000
-4.0219 -2.5235 0.0000
-0.2077 1.9991 0.0000
2.1516 -3.8906 0.0000
1.9336 -4.0118 0.0000
4.8071 -3.9079 0.0000
4.6303 -3.9064 0.0000
4.4822 -4.0633 0.0000
4.4764 -4.3205 0.0000
-4.5304 -3.2280 0.0000
4.7436 -0.7515 0.0000
1.3822 2.2389 0.0000
4.2731 3.5239 0.0000
4.0556 3.4246 0.0000
4.1703 -0.0505 0.0000
-0.2832 2.2870 0.0000
2.7435 -0.7939 0.0000
2.5274 -0.9130 0.0000
2.3965 -1.1097 0.0001
2.8015 -2.0876 0.0000
2.5227 -1.9843 0.0000
2.2919 -2.1285 0.0000
2.5770 -2.2505 0.0000
2.3660 -2.3763 0.0000
2.1582 -2.4617 0.0000
-0.2160 -2.4099 0.0962
-0.4700 -2.4202 0.0955
-0.6198 -2.6434 0.0460
-0.3307 -2.6841 0.0413
-0.5191 -2.9098 0.0163
1.5422 2.8608 0.0000
-1.6149 -2.2134 0.0432
-0.1728 2.5975 0.0000
0.6561 -1.5084 0.1760
2.0429 4.7835 0.0000
2.0868 4.5152 0.0000
-1.0236 -2.2984 0.0972
3.9488 0.9469 0.0000
1.3968 -1.3108 0.0740
1.1456 -1.4385 0.1158
3.1657 3.4417 0.0000
3.2367 -0.4749 0.0000
3.2247 -0.7610 0.0000
-4.2683 1.6104 0.0000
4.7514 2.0348 0.0000
4.7361 1.7475 0.0000
0.0501 -2.9960 0.0090
0.7336 -2.7546 0.0109
3.7456 -1.8531 0.0000
3.7510 -2.2229 0.0000
-0.9362 1.7955 0.0000
-0.8016 1.5600 0.0000
4.2604 4.0236 0.0000
3.9916 3.9490 0.0000
0.3117 4.5335 0.0000
0.1320 4.7301 0.0005
4.4517 1.5947 0.0000
4.2820 1.3423 0.0000
4.0053 1.3149 0.0000
-4.5004 -2.4050 0.0000
-4.7266 -2.1652 0.0000
-4.7564 -2.4368 0.0000
-1.8668 3.3588 0.0137
-2.0364 3.1228 0.0122
-2.1197 2.8807 0.0135
-2.2791 -2.0118 0.0031
-1.3612 4.2359 0.0076
-1.3401 3.9629 0.0094
3.1045 -2.4937 0.0000
-1.8722 -2.6689 0.0030
4.7296 -2.3579 0.0000
4.5498 -2.6143 0.0000
4.3742 -2.8443 0.0000
4.4426 3.3141 0.0000
-3.6211 1.2370 0.0000
-3.7155 0.9342 0.0000
-3.9878 0.8166 0.0000
-2.4932 -0.9241 0.0083
-2.6022 -1.2251 0.0015
-2.9042 -1.2584 0.0000
4.0066 -1.7548 0.0000
4.2068 -2.0285 0.0000
3.9426 -2.0437 0.0000
-4.0010 2.6500 0.0000
-4.2224 2.4728 0.0000
-4.4595 2.3195 0.0000
2.2279 0.4441 0.0003
0.6285 -1.1886 0.1303
-3.8971 -4.0964 0.0000
2.8504 -4.4975 0.0000
2.9911 -4.7532 0.0000
2.7109 -4.7511 0.0000
2.4517 -4.7469 0.0000
-1.8913 -2.0794 0.0244
-3.5057 0.4785 0.0000
-1.8422 2.2917 0.0115
1.1860 0.9141 0.0036
4.2520 1.8041 0.0000
1.9671 0.9341 0.0006
-4.3258 -1.8530 0.0000
-4.4286 -2.1209 0.0000
-4.7536 2.7064 0.0000
4.7629 0.7817 0.0000
-1.9252 -0.1852 0.1026
-3.5134 0.1865 0.0000
-3.7553 0.0360 0.0000
-3.2363 0.6177 0.0000
-1.2367 0.1711 0.0012
2.0865 2.6406 0.0000
1.8795 2.4207 0.0000
2.1961 1.4032 0.0000
2.1764 1.1429 0.0001
-3.4127 4.5101 0.0000
-3.6897 4.4892 0.0000
2.2915 -4.4289 0.0000
2.2374 -4.6995 0.0000
-2.5587 0.1370 0.0129
-2.7852 0.0392 0.0009
-3.5968 4.7537 0.0000
0.1634 3.1358 0.0000
-0.1533 3.0934 0.0000
-0.0049 2.8656 0.0000
-0.3069 2.8322 0.0000
1.1881 2.7698 0.0000
1.3038 3.3244 0.0000
3.7647 -1.5721 0.0000
3.5476 -1.4245 0.0000
3.4776 -1.7225 0.0000
-2.9394 -3.5970 0.0000
-3.0852 -3.8276 0.0000
-3.3875 -3.6726 0.0000
-3.3399 -3.9231 0.0000
-3.6089 -3.9858 0.0000
4.7538 4.5359 0.0000
4.5322 4.7449 0.0000
4.3733 4.5513 0.0000
1.2028 -3.6741 0.0000
0.9003 -3.6020 0.0000
0.9559 -3.8523 0.0000
0.7559 -4.0815 0.0000
-4.1048 -1.7212 0.0000
-0.9183 -0.5123 0.0114
-0.9388 -0.7862 0.0375
2.5255 3.1117 0.0000
2.2669 3.1345 0.0000
2.3071 2.8517 0.0000
2.0700 2.9263 0.0000
0.8275 4.4169 0.0000
0.7019 4.1627 0.0000
0.7792 3.8627 0.0000
-2.7531 -0.5027 0.0009
-3.0093 -0.6954 0.0000
-3.2944 -0.7929 0.0000
-1.6311 -2.7909 0.0047
3.3861 2.9730 0.0000
3.8349 -0.9343 0.0000
3.6525 -1.1534 0.0000
-0.1640 4.7412 0.0013
-0.4697 4.7519 0.0030
-0.6403 4.5206 0.0033
-4.5055 2.8844 0.0000
-2.0452 0.0578 0.0976
-2.5565 2.0110 0.0028
-2.7203 1.7959 0.0005
-2.8828 1.5693 0.0001
-2.0713 -3.1706 0.0001
-2.3253 -3.0763 0.0000
3.5125 -0.3447 0.0000
3.5633 4.2021 0.0002
0.8274 -3.3274 0.0003
3.0308 4.7372 0.0003
4.4713 0.0458 0.0000
-4.0576 -4.2931 0.0000
-4.1912 -4.6460 0.0000
0.6133 3.6331 0.0000
0.9579 1.3249 0.0008
0.9508 1.0390 0.0018
0.7278 -2.1349 0.0921
4.2568 -3.5910 0.0000
4.2882 -3.8860 0.0000
4.0443 -3.7733 0.0000
3.9820 -4.0154 0.0000
3.7474 -3.8092 0.0000
3.7331 -4.1108 0.0000
4.7239 -4.4997 0.0000
-0.7865 -1.4971 0.1855
-1.0184 -1.5554 0.1992
-1.5698 -3.0859 0.0013
-1.8388 -2.9858 0.0007
2.7973 -0.0027 0.0000
-3.9948 4.1142 0.0000
-3.9939 3.8726 0.0000
-4.2633 3.9943 0.0000
-0.5638 1.1521 0.0000
-0.7800 0.9858 0.0000
-1.0105 0.8917 0.0000
-0.9886 0.6182 0.0000
-0.4673 2.0295 0.0000
0.7357 0.8707 0.0017
1.0542 -3.1253 0.0006
-1.3585 2.7036 0.0001
3.1245 3.0065 0.0000
4.2541 2.6654 0.0000
0.4235 3.4071 0.0000
0.0951 3.6676 0.0000
0.1916 3.4212 0.0000
-0.0400 3.3591 0.0000
3.3814 2.1871 0.0000
1.9242 1.1845 0.0003
-1.0750 4.0358 0.0045
-1.1202 3.7883 0.0024
-2.4699 0.9012 0.0239
1.6642 1.3966 0.0004
4.4926 0.3639 0.0000
-2.2920 0.1220 0.0695
-2.4820 -0.1104 0.0224
-2.7391 3.9282 0.0000
-2.9041 -3.3557 0.0000
-3.1815 -3.3382 0.0000
-3.1962 -3.5743 0.0000
2.6041 2.1245 0.0000
2.3074 2.1215 0.0000
2.1702 1.9026 0.0000
0.7199 1.2036 0.0007
4.7964 4.7984 0.0000
1.0120 0.1375 0.0142
0.2687 -4.2197 0.0000
0.3898 -4.4821 0.0000
0.1386 -4.5281 0.0000
0.1643 -4.7616 0.0000
-0.1170 -4.7530 0.0000
3.4160 3.9479 0.0000
3.3039 3.6925 0.0000
-4.7363 4.2020 0.0000
3.2197 -3.9363 0.0000
-3.7360 3.4379 0.0000
-4.7712 -4.2328 0.0000
-2.7168 0.9266 0.0019
2.6525 -1.5672 0.0000
2.5173 -1.3403 0.0000
2.3631 -1.5525 0.0000
-0.5023 -3.7397 0.0001
0.9721 0.7251 0.0042
0.7330 0.5437 0.0033
-2.5711 -1.7114 0.0006
-2.6203 1.4833 0.0034
1.7708 1.6501 0.0001
2.7121 0.3037 0.0000
0.2837 -3.1220 0.0036
0.1381 -3.3294 0.0013
-0.3474 0.1977 0.0003
-0.4710 -0.0169 0.0006
-0.3584 -0.2662 0.0021
-0.6561 -0.3573 0.0034
-0.9361 -0.2316 0.0028
4.7415 3.9046 0.0000
-4.7571 -4.5002 0.0000
-4.1076 -1.1651 0.0000
-1.7531 4.2635 0.0010
-1.9440 4.1340 0.0004
3.6583 0.9787 0.0000
3.4908 0.7918 0.0000
3.3135 0.9661 0.0000
3.1309 0.7703 0.0000
-0.0909 -1.1770 0.0978
4.2318 0.2364 0.0000
-3.7127 3.9781 0.0000
-3.7931 3.7249 0.0000
-4.0068 3.5500 0.0000
4.7912 -2.6471 0.0000
-4.4973 0.0620 0.0000
-4.4855 -0.2210 0.0000
-4.7489 -0.1203 0.0000
-3.7517 -1.3111 0.0000
-3.8504 -1.6129 0.0000
-1.2444 4.5014 0.0048
-1.5533 4.4559 0.0015
-4.7283 4.4855 0.0000
2.7570 2.6935 0.0000
2.9528 2.4982 0.0000
2.7084 2.4063 0.0000
1.2280 -3.9392 0.0000
1.0405 -4.0892 0.0000
1.1953 -4.2740 0.0000
1.2132 -4.5203 0.0000
0.9019 -4.3066 0.0000
-4.2704 0.5614 0.0000
-4.5136 0.5951 0.0000
2.0464 -3.6486 0.0000
-1.9570 2.5327 0.0216
-2.0614 2.1674 0.0288
-1.7081 -1.5507 0.1271
0.2059 4.3310 0.0000
0.0352 4.1604 0.0000
-0.0719 3.9050 0.0000
4.5741 4.3874 0.0000
4.3121 4.2997 0.0000
3.5390 0.5088 0.0000
4.4945 1.9066 0.0000
-1.9717 4.7583 0.0000
-2.1481 4.5473 0.0000
-0.7911 4.2522 0.0025
1.2778 0.0008 0.0265
1.0501 -0.1687 0.0271
-3.1268 2.3135 0.0000
-3.1228 2.0520 0.0000
-4.4711 -1.6312 0.0000
-4.6279 -1.9056 0.0000
0.2350 -2.8014 0.0190
-0.0135 -2.6445 0.0432
-0.1551 -2.8722 0.0182
-4.7641 -3.3222 0.0000
0.4783 -2.0106 0.1514
0.2114 -1.8973 0.1995
-1.4046 -4.7527 0.0000
-3.9031 -1.9084 0.0000
-3.9314 -2.2361 0.0000
2.7098 -3.9844 0.0000
2.5328 -4.2235 0.0000
2.8113 -4.2538 0.0000
2.5665 -4.4963 0.0000
4.2194 3.1881 0.0000
-2.7622 -0.7763 0.0005
-2.7823 -1.0125 0.0002
-0.5983 2.8175 0.0000
3.8262 4.1739 0.0002
3.7086 3.9247 0.0002
0.3680 1.5948 0.0001
0.2337 1.3720 0.0001
0.2128 1.1041 0.0002
-2.5217 1.1767 0.0133
1.3955 1.9936 0.0000
4.5154 0.7089 0.0000
-3.4685 -1.2906 0.0000
-3.5708 -1.5592 0.0000
3.9238 3.1706 0.0000
3.8262 2.9111 0.0000
3.6000 2.8196 0.0000
2.4470 4.5061 0.0000
2.2560 4.3313 0.0000
2.9091 -3.7755 0.0000
2.9915 -4.0186 0.0000
-3.5458 -4.4911 0.0000
-3.6440 -4.7468 0.0000
4.7860 -0.4670 0.0000
4.5327 -0.4912 0.0000
-3.0700 1.3922 0.0000
-3.0270 -1.5429 0.0000
-2.8341 -1.7931 0.0000
-3.0987 -1.8163 0.0000
2.4743 1.4867 0.0000
4.5309 -3.1153 0.0000
4.4061 -3.3540 0.0000
4.6006 -3.4536 0.0000
1.5333 -3.0904 0.0001
1.3736 -3.4793 0.0000
-0.6624 -3.9675 0.0000
-0.8306 -4.2016 0.0000
-1.1043 2.5530 0.0000
2.8844 3.4948 0.0000
2.2741 -0.8236 0.0004
2.0008 -0.8451 0.0055
0.0821 1.5782 0.0000
-0.2009 1.5095 0.0000
-4.1292 -2.0428 0.0000
-3.1821 -2.5884 0.0000
-3.4730 -2.5858 0.0000
1.1893 -4.7699 0.0000
4.7575 -1.7012 0.0000
4.7313 0.2481 0.0000
-4.2527 0.8039 0.0000
-4.5090 0.8577 0.0000
-0.7768 -3.6961 0.0001
-0.8493 -3.3977 0.0010
-2.0865 -2.8654 0.0003
-4.2182 -2.3156 0.0000
0.8828 3.5773 0.0000
-1.7466 0.7335 0.0097
4.1618 2.3793 0.0000
-4.7567 2.9980 0.0000
1.4096 -4.1159 0.0000
1.4806 -4.3791 0.0000
-4.0062 0.1773 0.0000
1.0227 -0.4826 0.0470
-4.7601 1.7183 0.0000
4.6013 -0.9683 0.0000
-4.0089 -1.3941 0.0000
-4.2326 -1.5132 0.0000
4.1705 1.0879 0.0000
4.0408 0.6997 0.0000
2.3372 -2.6556 0.0000
2.2415 -2.9094 0.0000
2.1675 -3.1658 0.0000
1.9999 -3.1016 0.0000
0.9504 -4.7723 0.0000
-2.2244 0.6474 0.0707
1.4074 1.3864 0.0007
1.2016 1.1899 0.0016
3.3045 0.6130 0.0000
1.6987 0.9238 0.0022
1.5621 0.6718 0.0061
4.5161 -1.5455 0.0000
4.5071 -1.8321 0.0000
-4.5392 1.5320 0.0000
-2.8984 3.0910 0.0000
3.6310 -2.4880 0.0000
3.3491 -2.5433 0.0000
3.9470 0.1436 0.0000
0.9631 2.8955 0.0000
0.8024 2.7335 0.0000
0.6061 2.8888 0.0000
0.4845 2.6601 0.0000
-4.7489 2.3027 0.0000
-0.3164 -1.9114 0.2158
-0.2726 -2.1592 0.1657
-0.7119 1.3272 0.0000
-0.9161 1.2236 0.0000
-4.1975 4.2704 0.0000
-4.7525 -2.7079 0.0000
2.9666 0.5456 0.0000
2.7251 0.5528 0.0000
2.4951 0.4440 0.0000
-1.6992 -4.7667 0.0000
-1.8478 -4.5909 0.0000
-2.0266 -4.7535 0.0000
4.2406 2.1082 0.0000
-4.2089 -2.8486 0.0000
-4.4555 -2.9393 0.0000
-2.4679 0.6567 0.0268
-4.4994 -3.5134 0.0000
-0.1609 3.6098 0.0000
-4.7713 -0.9260 0.0000
-3.4098 2.4603 0.0000
-1.1849 -0.9309 0.0853
-1.3469 -1.1047 0.1431
-1.2507 -1.2737 0.1660
-3.1784 -1.2732 0.0000
-0.0711 -1.4990 0.1834
-0.0636 -1.7918 0.2192
-0.0281 -2.0755 0.1797
-1.2465 0.7552 0.0001
-1.2537 0.4586 0.0003
2.2576 -0.2441 0.0005
2.0239 -0.3537 0.0046
1.7701 -0.3065 0.0189
-1.3840 -2.8179 0.0088
-1.1753 -0.3880 0.0132
-1.2029 -0.6451 0.0383
-2.7729 3.3872 0.0000
3.9257 2.1372 0.0000
-0.7474 2.0583 0.0000
-3.0196 -0.1082 0.0000
-3.2664 -0.2580 0.0000
-1.4400 -0.8270 0.1032
-4.7432 -0.4031 0.0000
-1.8062 -1.2830 0.1376
-2.0096 -1.5355 0.0556
-2.0541 -1.8684 0.0209
-4.7659 0.4647 0.0000
3.3503 2.7241 0.0000
1.4518 0.4371 0.0119
1.2458 0.2930 0.0153
-0.0325 4.4621 0.0001
-0.2469 4.1754 0.0000
2.0461 1.6582 0.0000
1.9264 1.4135 0.0001
2.6764 4.3934 0.0000
2.7611 4.1278 0.0000
2.4614 4.1863 0.0000
2.0589 4.1697 0.0000
0.3727 -1.0902 0.0954
-1.1836 2.8848 0.0000
-2.8301 -2.0713 0.0000
-3.1200 -2.0691 0.0000
-3.2759 -2.3277 0.0000
-4.1807 -0.9191 0.0000
-4.2409 -0.0293 0.0000
-4.2331 -0.3502 0.0000
-4.4755 -0.5050 0.0000
0.0378 -4.2956 0.0000
2.8624 -3.4963 0.0000
2.6352 -3.6957 0.0000
1.5581 3.2002 0.0000
-0.8003 -2.8809 0.0162
3.7071 2.6066 0.0000
-1.4983 -4.0032 0.0000
-1.6594 -4.2620 0.0000
-1.8552 -4.4015 0.0000
-4.2731 -2.6029 0.0000
-4.5164 -2.6903 0.0000
0.1046 -0.9995 0.0634
0.8087 -0.0433 0.0125
4.2497 -0.5460 0.0000
-2.9900 0.4761 0.0000
4.2767 0.5390 0.0000
4.0119 0.4308 0.0000
1.1638 -2.7596 0.0031
0.9646 -2.8897 0.0032
1.5273 -0.3399 0.0387
1.2806 -0.3090 0.0434
1.5558 -0.5700 0.0457
1.2724 -0.5873 0.0637
3.3009 -1.9935 0.0000
3.1869 -1.7386 0.0000
3.0157 -1.9259 0.0000
3.1039 -2.2146 0.0000
1.8019 4.7017 0.0000
1.8483 4.3767 0.0000
-3.3497 -1.7998 0.0000
-3.4110 -2.0639 0.0000
-3.7093 -2.1074 0.0000
-4.4779 -4.7331 0.0000
-4.7484 -4.7583 0.0000
-1.0383 -3.6320 0.0002
-3.1205 1.1707 0.0000
-3.3155 1.1958 0.0000
-3.4534 1.0294 0.0000
2.8212 3.8525 0.0000
-1.4653 -0.0120 0.0109
0.9009 -0.7269 0.0656
0.5988 -0.8584 0.0648
3.1348 -3.3274 0.0000
-1.7386 2.0279 0.0036
-0.0621 -4.0723 0.0000
-0.2617 -4.2548 0.0000
-0.1436 -4.5107 0.0000
-0.4209 -4.4922 0.0000
-0.3829 -4.7481 0.0000
-0.6280 -4.7183 0.0000
0.5218 4.3853 0.0000
-0.3716 1.3341 0.0000
-2.9750 -2.3313 0.0000
-2.9015 -2.6146 0.0000
-0.8856 -2.6062 0.0447
-3.0959 3.5320 0.0000
-0.3698 1.7359 0.0000
-4.7704 -1.4204 0.0000
-4.7487 -1.6768 0.0000
-3.2982 4.7769 0.0000
3.5873 -4.2935 0.0000
0.5131 3.9204 0.0000
0.3516 3.6855 0.0000
1.7357 -0.8073 0.0273
1.5853 -1.0600 0.0468
1.0965 2.2379 0.0000
1.1357 1.9930 0.0000
0.8748 1.9799 0.0000
2.0270 -2.0249 0.0004
2.0734 -2.2586 0.0001
1.7497 -1.9713 0.0040
1.7997 -2.2278 0.0011
3.8211 1.1751 0.0000
3.6372 1.3312 0.0000
3.4700 1.1534 0.0000
-0.6438 1.7931 0.0000
-3.4742 -3.1270 0.0000
-3.7315 -3.2169 0.0000
-3.7467 -3.5003 0.0000
-1.5257 1.5211 0.0002
-1.7118 1.0196 0.0040
4.2442 -1.3022 0.0000
4.0392 -1.4797 0.0000
-0.5279 1.5189 0.0000
-4.7349 -2.9961 0.0000
0.3861 4.1664 0.0000
0.2172 3.9505 0.0000
3.3005 -2.8022 0.0000
3.0718 -2.7676 0.0000
3.2519 1.3004 0.0000
2.9832 1.3178 0.0000
2.7466 1.0911 0.0000
-2.3319 -2.7668 0.0001
-2.4611 0.3992 0.0292
2.6938 3.3047 0.0000
4.7772 -3.6182 0.0000
4.5040 -3.7054 0.0000
-4.7629 3.6050 0.0000
1.8672 -1.0622 0.0118
1.7114 -1.2778 0.0229
-0.8167 2.9250 0.0000
-3.9723 4.4475 0.0000
-3.7895 4.2344 0.0000
-1.3506 3.6571 0.0061
-1.5989 3.5026 0.0122
3.0624 2.7588 0.0000
2.7129 1.3726 0.0000
2.5752 0.1190 0.0000
2.5036 -0.1101 0.0000
2.2749 0.0047 0.0004
-1.1491 2.2872 0.0000
0.2996 2.8648 0.0000
0.1312 2.6277 0.0000
0.3354 2.4899 0.0000
-0.0196 2.3879 0.0000
-1.7559 1.2963 0.0044
-1.9763 1.1091 0.0306
4.3733 -0.2531 0.0000
4.0705 -0.3357 0.0000
3.7723 -0.4068 0.0000
3.1933 4.4790 0.0002
2.9389 4.4408 0.0000
-0.8950 3.7085 0.0002
0.8222 2.2515 0.0000
0.6072 2.0383 0.0000
4.7348 2.8640 0.0000
4.5204 2.7373 0.0000
0.1536 0.1267 0.0013
-0.1715 -0.0415 0.0010
-4.3445 1.3271 0.0000
-4.6122 1.2491 0.0000
-0.5657 3.3316 0.0000
-0.7149 3.1376 0.0000
-2.2399 0.9162 0.0607
0.8027 -0.3052 0.0221
0.7034 -0.5597 0.0343
4.4891 2.1890 0.0000
-0.9948 -1.0683 0.0961
1.8973 -2.4657 0.0002
1.6073 -2.4642 0.0015
1.7829 -2.6921 0.0001
1.5167 -2.7885 0.0005
1.2907 -2.9551 0.0007
-1.4952 0.5875 0.0014
-1.7193 0.4300 0.0153
-3.9279 -4.7661 0.0000
-1.3252 -2.2916 0.0662
-1.5949 -2.5107 0.0172
-1.4187 -0.2998 0.0240
4.1052 2.9233 0.0000
3.9746 2.6625 0.0000
-0.2766 -1.0243 0.0602
-0.4773 -0.8581 0.0333
-0.7209 -0.9677 0.0564
2.4438 1.2127 0.0000
-1.2467 -4.4944 0.0000
-3.0778 -2.8515 0.0000
-3.2098 -3.0993 0.0000
-3.3683 -2.8410 0.0000
-3.6302 -2.9052 0.0000
-3.5967 -3.7041 0.0000
-0.5373 -4.2197 0.0000
-1.0536 -4.2947 0.0000
2.8202 2.9912 0.0000
0.0672 0.7562 0.0002
-0.0450 0.5719 0.0002
-0.2209 0.4468 0.0002
-0.0767 0.2197 0.0005
-3.7615 3.1299 0.0000
-2.7465 0.3410 0.0016
-3.0150 0.1901 0.0000
4.7288 3.3460 0.0000
4.5355 3.0939 0.0000
3.7661 0.3986 0.0000
0.2496 -2.1895 0.1330
0.2505 -2.4989 0.0593
0.0207 -2.3440 0.1069
-0.5863 2.3057 0.0000
-3.9020 1.1381 0.0000
-4.1702 1.0717 0.0000
-4.4297 1.0701 0.0000
-4.3067 -4.3755 0.0000
-4.5239 -4.4804 0.0000
-2.6396 2.3043 0.0004
-2.8505 2.1127 0.0000
-2.9871 1.8412 0.0000
-3.1784 1.6595 0.0000
3.4717 -0.6123 0.0000
3.4980 -0.9136 0.0000
0.4040 -1.3970 0.1658
3.2805 -3.0459 0.0000
3.0233 -3.0325 0.0000
-4.0060 2.9701 0.0000
-4.2272 2.8049 0.0000
-4.4208 2.6323 0.0000
-3.2284 4.0537 0.0000
-3.4675 3.9226 0.0000
-3.5422 3.6584 0.0000
-3.2580 0.3332 0.0000
-3.2662 0.0395 0.0000
3.8785 -0.1282 0.0000
-2.3206 -4.2193 0.0000
-2.4464 -4.4788 0.0000
-2.3166 -4.7408 0.0000
-2.6017 -4.7410 0.0000
-3.5503 -0.7413 0.0000
-3.7694 -0.5653 0.0000
-3.8804 -0.8125 0.0000
-3.8892 -1.0773 0.0000
-3.9085 4.7268 0.0000
-4.2219 4.5285 0.0000
3.3681 -3.4948 0.0000
3.1389 -3.6532 0.0000
3.5800 4.7877 0.0002
3.3211 4.7355 0.0005
-2.8066 1.2567 0.0004
1.8818 1.9075 0.0000
-0.8754 2.3450 0.0000
2.9808 -0.6299 0.0000
2.9591 -0.9451 0.0000
-1.5101 0.2758 0.0051
1.7999 -3.5139 0.0000
1.5680 -3.6178 0.0000
1.4587 -3.8175 0.0000
1.1073 4.4762 0.0000
1.0469 4.2571 0.0000
0.9636 4.0631 0.0000
0.9897 3.3202 0.0000
0.6942 3.3518 0.0000
0.7864 3.0915 0.0000
0.4606 3.1383 0.0000
0.7547 -3.0576 0.0022
0.4988 -2.9335 0.0073
-0.3379 3.8612 0.0000
-0.6248 3.7822 0.0000
1.6035 1.8715 0.0001
0.1845 -1.6038 0.2015
1.4322 2.6360 0.0000
1.2495 2.4711 0.0000
4.5275 4.1018 0.0000
4.4682 3.8199 0.0000
3.0427 -1.2518 0.0000
2.7991 -1.3685 0.0000
-1.3939 3.0400 0.0009
-4.7486 -3.6331 0.0000
-1.8316 -1.7616 0.0671
-1.6964 1.7597 0.0018
-1.9652 1.7262 0.0217
4.0345 1.9155 0.0000
3.8615 1.7785 0.0000
0.1423 -1.3011 0.1372
3.3271 -4.2108 0.0000
3.0866 -4.2570 0.0000
3.1276 -4.4971 0.0000
2.7733 4.6701 0.0001
2.2573 -4.1389 0.0000
2.0283 -4.2599 0.0000
1.7497 -4.2611 0.0000
-1.9689 1.9367 0.0219
-2.2503 1.9356 0.0298
-2.4498 1.7214 0.0131
4.7190 -2.9227 0.0000
-1.5537 -4.5122 0.0000
-2.6232 -2.6735 0.0000
-2.5499 -2.9331 0.0000
-2.6285 -3.1854 0.0000
-2.7989 -2.8878 0.0000
-2.9266 -3.1058 0.0000
-0.3223 4.4920 0.0008
-0.5044 4.2954 0.0007
0.4210 1.8248 0.0000
-2.7151 0.6259 0.0023
-0.7557 2.5858 0.0000
-4.0148 3.2699 0.0000
-4.2598 3.1008 0.0000
4.7457 0.5096 0.0000
-0.9600 -3.9387 0.0000
0.6842 1.7520 0.0001
0.3213 2.0889 0.0000
0.1468 1.8561 0.0000
0.4465 -1.7096 0.1947
-3.7175 -2.6818 0.0000
-3.9630 -2.7639 0.0000
-3.8620 -2.9957 0.0000
-4.0882 -3.0752 0.0000
-4.2960 -3.1767 0.0000
-1.7080 -3.8142 0.0000
-1.8209 -4.0644 0.0000
-1.9775 -3.8454 0.0000
-2.2072 -3.9681 0.0000
-2.0259 -4.2130 0.0000
-2.1460 -4.4831 0.0000
1.6905 2.1462 0.0000
1.6924 1.1623 0.0010
1.4560 1.1310 0.0018
3.4030 -4.4942 0.0000
3.2819 -4.7533 0.0000
2.6770 1.6682 0.0000
2.4853 1.8728 0.0000
2.3238 1.6710 0.0000
4.7589 -3.2628 0.0000
-3.0176 3.8709 0.0000
-3.2506 3.7448 0.0000
-2.3231 3.6570 0.0001
-2.6092 3.6484 0.0000
-3.0372 3.3070 0.0000
-3.2588 3.2077 0.0000
-2.7373 -0.2225 0.0014
-3.0048 -0.3914 0.0000
-0.5047 -1.1653 0.0935
-0.7729 -1.2482 0.1252
3.2138 -1.0188 0.0000
-2.2098 -0.1840 0.0892
-2.4707 -0.3838 0.0201
-2.2114 -0.4458 0.0832
-2.2690 -0.6776 0.0558
-2.5099 -0.6484 0.0108
-2.9682 0.7574 0.0000
-2.9621 1.0345 0.0000
3.1084 3.9549 0.0000
3.0227 3.6927 0.0000
0.5349 -0.3119 0.0121
0.4278 -0.5882 0.0231
3.2745 4.2181 0.0001
2.9965 4.2001 0.0000
-2.3375 -3.3796 0.0000
-2.6364 -3.4616 0.0000
-2.7283 -3.7188 0.0000
-2.5343 -3.9615 0.0000
-2.8445 -3.9515 0.0000
-4.7171 -0.6703 0.0000
3.9298 -4.2992 0.0000
3.7200 -4.5071 0.0000
-0.3023 3.3345 0.0000
-0.4552 3.0672 0.0000
2.4426 -3.9278 0.0000
-1.7251 -0.4726 0.0983
3.7984 -2.9902 0.0000
1.7891 -3.7868 0.0000
1.6418 -4.0216 0.0000
-1.7402 0.0763 0.0382
-3.3617 1.4235 0.0000
-3.5071 -0.1179 0.0000
-3.9927 -0.1304 0.0000
-3.7359 -0.2658 0.0000
-3.9688 -0.4093 0.0000
0.6779 -3.8113 0.0000
0.4616 -4.0020 0.0000
0.5588 -4.2533 0.0000
3.7952 4.4284 0.0001
3.4796 4.4770 0.0003
-0.2815 -1.3415 0.1401
-0.3385 -1.6467 0.2110
3.3674 -1.2139 0.0000
-3.7538 1.7531 0.0000
-3.9960 1.6790 0.0000
-3.6273 1.5134 0.0000
-3.8488 1.4335 0.0000
-4.0916 1.3719 0.0000
1.1100 3.0926 0.0000
-1.6942 4.7293 0.0000
-1.8789 4.4788 0.0001
-1.5835 2.8570 0.0034
-1.6534 2.5525 0.0032
-1.8749 2.7866 0.0179
-1.8598 -2.3814 0.0103
-2.1345 -2.5353 0.0011
-1.9682 -0.4301 0.1250
-0.5298 -2.1746 0.1601
-0.7589 -2.3659 0.0998
0.4969 -2.3235 0.0777
0.4948 -2.6268 0.0289
3.9683 -0.6263 0.0000
3.7025 -0.6834 0.0000
-4.2198 3.7185 0.0000
-4.4814 3.7194 0.0000
-0.8933 -1.8078 0.2059
-1.1081 -2.0425 0.1473
-2.6954 2.6355 0.0000
-2.8713 2.4409 0.0000
4.7456 2.5885 0.0000
4.4552 2.4483 0.0000
2.5695 4.7532 0.0001
2.3000 4.7259 0.0000
-0.5472 4.0479 0.0002
-0.8347 3.9824 0.0009
1.3173 -3.2302 0.0001
1.1021 -3.4089 0.0001
3.5572 -2.7648 0.0000
2.4940 0.9661 0.0000
2.2557 0.9056 0.0001
4.7672 -4.7600 0.0000
4.5167 -4.7926 0.0000
4.4686 1.0297 0.0000
4.2638 0.8359 0.0000
0.0891 -0.0898 0.0021
-0.0292 -0.3050 0.0037
-0.1478 -0.5118 0.0079
-0.2857 -0.7200 0.0187
-0.4414 -0.5263 0.0074
-0.6691 -0.6661 0.0163
-1.1232 1.1274 0.0000
-1.3223 1.0211 0.0000
-1.5078 0.8676 0.0006
1.1368 -0.8446 0.0889
0.8621 -1.0099 0.1063
1.1255 -2.4448 0.0146
0.9607 -2.5997 0.0127
-1.0110 -3.0807 0.0050
-4.7586 3.8937 0.0000
-2.4539 2.5064 0.0025
0.9612 -4.5379 0.0000
0.7069 -4.7345 0.0000
2.0054 2.1564 0.0000
-4.2731 -4.0694 0.0000
-4.5317 -4.1743 0.0000
4.0657 4.5083 0.0000
4.0618 4.2384 0.0000
-1.6684 -0.2238 0.0534
2.5572 2.8651 0.0000
2.4336 2.6016 0.0000
-3.3894 2.1787 0.0000
-3.6744 2.2496 0.0000
-3.6003 1.9774 0.0000
0.2892 -0.8065 0.0395
-2.6004 3.1496 0.0000
-2.6784 2.9117 0.0000
-4.0167 0.5032 0.0000
-4.2604 0.2830 0.0000
2.6623 3.6139 0.0000
2.4048 3.4103 0.0000
3.5714 -2.0289 0.0000
3.4080 -2.2748 0.0000
1.0025 1.7301 0.0002
0.8502 1.5270 0.0003
0.5994 1.4810 0.0002
0.4544 1.2713 0.0003
-1.0332 1.4704 0.0000
-1.2664 1.3486 0.0000
-1.4917 1.2060 0.0002
4.7430 2.3193 0.0000
4.2159 4.7658 0.0000
3.9192 4.7534 0.0000
1.9918 -4.5137 0.0000
1.9869 -4.7678 0.0000
1.7271 -4.7709 0.0000
-1.3800 2.4326 0.0001
-1.5680 2.2392 0.0006
0.2196 -0.4085 0.0086
0.0828 -0.6408 0.0173
-0.0816 -0.8437 0.0335
0.7196 0.2412 0.0056
0.5742 -0.0285 0.0065
0.3851 0.1417 0.0025
0.3173 -0.1461 0.0044
4.2863 -1.5571 0.0000
4.2536 -1.7902 0.0000
-2.2043 2.6476 0.0137
-2.1775 2.3858 0.0226
-2.3690 2.2075 0.0111
-1.1999 -1.7817 0.1839
0.9459 4.6845 0.0000
0.7433 4.7929 0.0001
0.6349 4.5945 0.0000
0.4420 4.7616 0.0002
4.4234 -2.3288 0.0000
4.2931 -2.5526 0.0000
4.0905 -2.5935 0.0000
4.1004 -2.8060 0.0000
4.0473 -3.0095 0.0000
-2.2923 -1.7068 0.0075
-2.5395 -1.9533 0.0003
3.9288 -3.2436 0.0000
3.6876 -3.2837 0.0000
3.6411 -3.5343 0.0000
4.1305 -2.2850 0.0000
3.9127 -2.4468 0.0000
3.8278 -2.7330 0.0000
3.7729 0.6896 0.0000
-2.3769 4.4382 0.0000
-2.6190 4.4656 0.0000
-2.6637 4.2058 0.0000
-0.4555 2.5579 0.0000
2.4769 -1.7430 0.0000
2.2416 -1.8433 0.0001
2.1306 -1.5824 0.0005
1.9595 -1.7823 0.0015
2.0642 -2.6831 0.0000
1.9726 -2.8994 0.0000
1.7385 -2.9460 0.0000
1.8004 -3.1901 0.0000
1.6070 -3.3454 0.0000
-3.2577 -0.5407 0.0000
-3.5053 -0.4425 0.0000
-2.9457 4.1552 0.0000
-2.8908 4.4531 0.0000
-3.1874 4.3207 0.0000
-3.4925 4.2230 0.0000
-3.2161 0.9006 0.0000
-3.4831 0.7585 0.0000
4.4319 -0.7573 0.0000
4.3334 -1.0364 0.0000
3.5027 -3.9993 0.0000
-2.1038 -2.2370 0.0048
-2.3568 -2.2754 0.0006
-2.4216 -2.5024 0.0001
1.9876 -1.3109 0.0035
1.8669 -1.5290 0.0058
1.5957 -1.4870 0.0301
1.6795 -1.7201 0.0124
4.7591 0.0321 0.0000
4.6841 -0.2100 0.0000
1.4279 0.8939 0.0039
1.2492 0.6236 0.0077
1.8364 0.6818 0.0026
4.7450 -4.2002 0.0000
3.5511 -3.0161 0.0000
3.4336 -3.2676 0.0000
-0.0869 -3.2038 0.0032
-0.0791 -3.4937 0.0005
1.4924 1.6303 0.0002
1.2860 1.7476 0.0002
1.1698 1.5000 0.0005
1.3525 3.0086 0.0000
4.1044 1.5885 0.0000
3.8078 1.5099 0.0000
3.7085 4.6383 0.0001
4.4492 -4.5865 0.0000
4.2057 -4.7491 0.0000
-4.5420 3.4564 0.0000
3.6564 1.9826 0.0000
3.5837 1.6939 0.0000
3.4560 1.4888 0.0000
3.0605 1.0586 0.0000
2.8593 0.8349 0.0000
2.6170 0.7643 0.0000
2.3842 0.6748 0.0000
0.7563 -2.4405 0.0370
1.6079 4.5555 0.0000
1.4609 4.7684 0.0000
1.1912 4.7451 0.0000
-2.4622 3.3922 0.0000
4.5172 -1.2632 0.0000
0.2062 2.3053 0.0000
0.0123 2.1052 0.0000
2.9787 3.2316 0.0000
4.2078 -4.1572 0.0000
4.2120 -4.4359 0.0000
3.9910 -4.5632 0.0000
3.8787 -4.7772 0.0000
-4.0115 -3.6107 0.0000
-3.8309 -3.8108 0.0000
-4.0831 -3.9136 0.0000
4.7813 -1.1122 0.0000
4.7635 -1.4071 0.0000
2.3729 0.2226 0.0001
-3.4652 -3.4011 0.0000
2.4193 3.7045 0.0000
2.1656 3.6514 0.0000
2.0998 3.3792 0.0000
0.5018 1.0054 0.0006
0.2817 0.8589 0.0004
0.2736 0.5887 0.0007
0.1416 0.3857 0.0007
-2.4298 2.8242 0.0012
-1.1173 -2.5273 0.0454
-1.3475 -2.5772 0.0257
2.8754 2.1680 0.0000
2.7980 1.9056 0.0000
-3.5410 2.7075 0.0000
-3.7344 2.5265 0.0000
-1.9652 0.5595 0.0502
-1.1162 -3.3286 0.0011
-1.2979 -3.5451 0.0002
-1.5020 -3.6898 0.0000
2.4093 -3.1449 0.0000
2.2500 -3.4055 0.0000
1.9791 -3.3673 0.0000
4.7666 3.6294 0.0000
4.5245 3.5839 0.0000
2.8654 -3.2415 0.0000
2.6679 -3.1283 0.0000
2.5653 -3.4080 0.0000
2.3503 -3.6567 0.0000
-3.7530 0.6395 0.0000
-3.7654 0.3412 0.0000
-1.8569 3.9086 0.0032
3.2362 2.4916 0.0000
3.0966 2.2866 0.0000
1.3738 -1.6216 0.0576
1.1428 -1.7458 0.0881
0.9628 -1.9541 0.0902
-3.9551 2.3374 0.0000
-4.1879 2.1783 0.0000
-3.9131 2.0168 0.0000
-4.2014 1.8956 0.0000
3.2561 -1.4773 0.0000
2.9669 -1.5819 0.0000
2.7722 -1.7978 0.0000
2.1807 2.3891 0.0000
-1.0955 4.7547 0.0023
-1.4037 4.7398 0.0006
1.7310 -4.5235 0.0000
1.4574 -4.7006 0.0000
0.1307 -3.6480 0.0001
-0.1045 -3.8069 0.0001
-1.9277 0.2778 0.0611
3.4135 0.0031 0.0000
3.2751 -0.1989 0.0000
-3.3129 1.9040 0.0000
-3.4658 1.7053 0.0000
-3.1275 -4.1402 0.0000
-3.4227 -4.2094 0.0000
-3.7111 -4.2702 0.0000
-3.8655 -4.5006 0.0000
0.9925 0.4302 0.0079
-3.1515 2.9700 0.0000
-3.2891 2.7529 0.0000
0.3966 -3.7350 0.0000
0.1738 -3.9482 0.0000
-4.4605 2.0709 0.0000
-4.4900 1.8083 0.0000
-2.8847 3.6468 0.0000
4.7784 4.2141 0.0000
-4.5028 -3.8503 0.0000
2.8403 -2.3660 0.0000
2.8343 -2.6468 0.0000
2.7993 -2.8994 0.0000
2.5935 -2.5543 0.0000
2.5355 -2.8527 0.0000
-4.5122 3.9893 0.0000
3.1886 0.1266 0.0000
3.0371 -0.0702 0.0000
-1.5214 -1.3586 0.1749
1.5514 3.5032 0.0000
-1.8321 1.5382 0.0082
-2.0557 1.3930 0.0370
0.5152 0.7003 0.0013
0.4619 0.3860 0.0019
-1.4943 -1.7061 0.1495
-1.3961 -2.0018 0.1130
-1.6653 -1.9249 0.0768
-0.7615 0.4366 0.0001
-0.6892 0.1742 0.0002
-0.9480 0.0637 0.0005
-3.0549 -0.9842 0.0000
-3.3487 -1.0378 0.0000
-3.6189 -1.0149 0.0000
-4.2802 3.4206 0.0000
-4.5131 3.1812 0.0000
-4.7708 3.2934 0.0000
-2.4401 -3.6839 0.0000
-4.6295 2.5214 0.0000
3.3591 1.8616 0.0000
3.2216 1.5992 0.0000
2.9363 1.5750 0.0000
4.7579 3.0878 0.0000
3.4392 -3.7457 0.0000
4.3850 2.9462 0.0000
-1.2503 -3.8333 0.0000
-1.1858 -4.0956 0.0000
-1.3807 -4.2653 0.0000
-4.7322 2.0192 0.0000
1.1846 3.5601 0.0000
4.7708 -1.9705 0.0000
4.6703 -2.1321 0.0000
4.4378 -2.0792 0.0000
4.1922 3.7463 0.0000
3.9111 3.6724 0.0001
3.7590 3.4174 0.0000
3.6177 3.1467 0.0000
-4.7895 1.4132 0.0000
-4.7522 1.0539 0.0000
-4.7628 0.7594 0.0000
-4.7568 -3.9383 0.0000
-1.3671 3.3807 0.0028
-1.5828 3.2150 0.0078
-1.7848 3.0470 0.0152
-2.6002 -4.2191 0.0000
-2.7346 -4.4805 0.0000
-2.8507 -4.2038 0.0000
-3.0011 -4.4351 0.0000
-3.2653 -4.4436 0.0000
-1.4699 -0.5460 0.0595
-2.1310 4.2768 0.0000
-2.1742 3.9467 0.0001
-2.4047 4.1671 0.0000
-2.4704 3.9097 0.0000
-4.1039 -0.6259 0.0000
-4.3469 -0.7006 0.0000
-4.5246 -0.8468 0.0000
-2.2424 1.1600 0.0526
2.5572 3.9225 0.0000
2.2609 3.9647 0.0000
3.4411 0.2855 0.0000
3.1944 0.4048 0.0000
2.9401 0.2433 0.0000
-0.0436 1.2806 0.0000
-0.0200 0.9859 0.0001
-0.2216 0.7892 0.0001
-0.2738 1.0899 0.0000
-0.4930 0.8883 0.0000
-0.7767 -3.1556 0.0043
-3.1067 2.5866 0.0000
2.1413 -1.0760 0.0013
2.2420 -1.3286 0.0003
-2.9780 4.7675 0.0000
-3.1374 4.5796 0.0000
-1.9914 0.8495 0.0414
-1.2801 -3.0740 0.0032
-1.4307 -3.3210 0.0005
-0.2960 -3.6392 0.0002
-0.3497 -3.9723 0.0000
-1.7910 -3.2755 0.0002
-1.6303 -3.4718 0.0001
-1.8483 -3.5985 0.0000
-2.0349 -3.4407 0.0000
-2.1751 -3.6645 0.0000
0.9808 2.5310 0.0000
0.6829 2.5039 0.0000
0.5156 2.3022 0.0000
0.6820 -4.4798 0.0000
0.4417 -4.7360 0.0000
0.7115 -1.8236 0.1545
-1.6043 4.0864 0.0063
-1.1057 -2.8091 0.0158
-2.7118 4.7332 0.0000
-4.3179 -1.2751 0.0000
-4.5279 -1.3848 0.0000
-1.6073 -1.0657 0.1614
-1.8874 -0.9795 0.1409
-2.0645 -1.2037 0.0756
-3.5293 3.2776 0.0000
-3.4789 2.9895 0.0000
-3.7657 2.8381 0.0000
3.5048 2.4782 0.0000
-2.3436 -1.1592 0.0181
-2.2477 -1.4081 0.0211
-2.4791 -1.4599 0.0030
-2.7530 -1.4944 0.0001
-0.3317 -3.3653 0.0014
-0.5854 -3.4702 0.0007
1.8663 2.8058 0.0000
1.7188 2.6421 0.0000
1.5808 2.4063 0.0000
1.4703 -1.8678 0.0248
1.2610 -1.9550 0.0436
1.2082 -2.1374 0.0320
0.9824 -2.2492 0.0421
-2.1889 0.3711 0.0828
3.8719 2.4061 0.0000
3.6563 2.2628 0.0000
-2.8705 -4.7334 0.0000
-3.1007 -4.7023 0.0000
-3.3581 -4.7346 0.0000
-1.7078 -0.7516 0.1348
-1.9850 -0.6928 0.1300
-2.1832 -0.9248 0.0651
0.8762 -1.3228 0.1492
-2.1779 1.6539 0.0409
-2.3491 1.4273 0.0328
-1.0389 -1.3048 0.1578
-1.2940 -1.5154 0.1912
-0.7842 4.7616 0.0035
-0.9362 4.5144 0.0060
-1.0736 4.2682 0.0067
3.6780 0.1501 0.0000
3.6312 -0.1188 0.0000
3.5998 3.6786 0.0001
3.4689 3.4308 0.0000
3.3036 3.2175 0.0000
-1.1998 1.8940 0.0000
-1.3380 2.1263 0.0000
-1.4786 1.8928 0.0001
1.4387 -0.8162 0.0676
1.3235 -1.0632 0.0900
1.1000 -1.1593 0.1196
0.5360 -3.2454 0.0012
0.3519 -3.4522 0.0004
-0.5312 -1.4405 0.1677
-0.6342 -1.7074 0.2150
-2.2392 4.7780 0.0000
-2.4491 4.7100 0.0000
-4.4691 4.5037 0.0000
-4.4599 4.2568 0.0000
1.2252 3.9586 0.0000
1.0519 3.7867 0.0000
-4.5166 0.3355 0.0000
-4.7585 0.1691 0.0000
-0.4286 0.6108 0.0001
-0.5142 0.3781 0.0001
-2.9417 2.7841 0.0000
-4.2016 4.7595 0.0000
-4.4883 4.7498 0.0000
-4.7525 4.7507 0.0000
-1.0903 3.4948 0.0004
-1.2012 3.2163 0.0002
0.9095 -1.6229 0.1463
-4.4297 -1.0588 0.0000
-4.6917 -1.1540 0.0000
-0.9008 3.3113 0.0000
-1.0160 3.0702 0.0000
2.7145 -1.1114 0.0000
2.4961 -0.3774 0.0000
2.2723 -0.5129 0.0005
2.0626 -0.6273 0.0036
1.8220 -0.5591 0.0176
4.1383 -0.8388 0.0000
4.0416 -1.1214 0.0000
3.8549 -1.2943 0.0000
1.9754 3.8712 0.0000
1.8768 3.5883 0.0000
1.7931 3.3320 0.0000
1.9605 3.1376 0.0000
1.7339 3.0158 0.0000
-0.7048 -4.4586 0.0000
-0.9454 -4.5260 0.0000
-0.8482 -4.7651 0.0000
-1.1212 -4.7549 0.0000
-0.9666 2.7448 0.0000
-0.5660 -1.9260 0.2107
-0.8100 -2.0714 0.1716
-3.2953 -1.5413 0.0000
-3.6261 -1.8329 0.0000
4.2593 -3.1027 0.0000
4.1420 -3.3475 0.0000
3.9201 -3.5316 0.0000
-1.0110 2.0772 0.0000
-2.5811 -2.1977 0.0001
-2.6995 -2.4015 0.0000
1.9692 0.4352 0.0023
2.0990 0.1972 0.0015
1.7102 0.4239 0.0077
-0.4420 3.5836 0.0000
-0.7404 3.5078 0.0000
2.0139 -0.0785 0.0040
-0.6997 -0.1040 0.0009
-1.1922 -0.1052 0.0038
1.8323 0.1748 0.0078
1.7539 -0.0695 0.0155
1.5404 0.1728 0.0182
1.5151 -0.0977 0.0289
0.6207 -3.5345 0.0001
-3.3555 3.4678 0.0000
1.5235 -2.1444 0.0086
1.3508 -2.3289 0.0100
1.3439 -2.6044 0.0032
2.1027 0.6830 0.0005
-0.7099 0.6996 0.0000
-0.9984 0.3265 0.0001
-1.5851 3.8055 0.0117
-1.8082 3.6392 0.0098
-2.0550 3.6547 0.0020
3.1274 2.0321 0.0000
3.0325 1.8124 0.0000
2.9933 -0.3359 0.0000
2.7461 -0.2490 0.0000
2.7336 -0.5172 0.0000
2.4917 -0.6538 0.0000
3.5781 -4.7501 0.0000
