5.0000 5.0000 0.0000
0.0000 5.0000 0.0002
2.5000 5.0000 0.0000
3.7500 5.0000 0.0000
4.3750 5.0000 0.0000
4.6875 5.0000 0.0000
4.0625 5.0000 0.0000
3.1250 5.0000 0.0000
3.4375 5.0000 0.0000
2.8125 5.0000 0.0000
1.2500 5.0000 0.0000
1.8750 5.0000 0.0000
2.1875 5.0000 0.0000
1.5625 5.0000 0.0000
0.6250 5.0000 0.0000
0.9375 5.0000 0.0000
0.3125 5.0000 0.0000
-2.5000 5.0000 0.0007
-1.2500 5.0000 0.0039
-0.6250 5.0000 0.0014
-0.3125 5.0000 0.0006
-0.9375 5.0000 0.0026
-1.8750 5.0000 0.0039
-1.5625 5.0000 0.0047
-2.1875 5.0000 0.0023
-3.7500 5.0000 0.0000
-3.1250 5.0000 0.0000
-2.8125 5.0000 0.0002
-3.4375 5.0000 0.0000
-4.3750 5.0000 0.0000
-4.0625 5.0000 0.0000
-4.6875 5.0000 0.0000
5.0000 -5.0000 0.0000
5.0000 0.0000 0.0000
5.0000 -2.5000 0.0000
5.0000 -3.7500 0.0000
5.0000 -4.3750 0.0000
5.0000 -4.6875 0.0000
5.0000 -4.0625 0.0000
5.0000 -3.1250 0.0000
5.0000 -3.4375 0.0000
5.0000 -2.8125 0.0000
5.0000 -1.2500 0.0000
5.0000 -1.8750 0.0000
5.0000 -2.1875 0.0000
5.0000 -1.5625 0.0000
5.0000 -0.6250 0.0000
5.0000 -0.9375 0.0000
5.0000 -0.3125 0.0000
5.0000 2.5000 0.0000
5.0000 1.2500 0.0000
5.0000 0.6250 0.0000
5.0000 0.3125 0.0000
5.0000 0.9375 0.0000
5.0000 1.8750 0.0000
5.0000 1.5625 0.0000
5.0000 2.1875 0.0000
5.0000 3.7500 0.0000
5.0000 3.1250 0.0000
5.0000 2.8125 0.0000
5.0000 3.4375 0.0000
5.0000 4.3750 0.0000
5.0000 4.0625 0.0000
5.0000 4.6875 0.0000
-5.0000 -5.0000 0.0000
0.0000 -5.0000 0.0000
-2.5000 -5.0000 0.0000
-3.7500 -5.0000 0.0000
-4.3750 -5.0000 0.0000
-4.6875 -5.0000 0.0000
-4.0625 -5.0000 0.0000
-3.1250 -5.0000 0.0000
-3.4375 -5.0000 0.0000
-2.8125 -5.0000 0.0000
-1.2500 -5.0000 0.0000
-1.8750 -5.0000 0.0000
-2.1875 -5.0000 0.0000
-1.5625 -5.0000 0.0000
-0.6250 -5.0000 0.0000
-0.9375 -5.0000 0.0000
-0.3125 -5.0000 0.0000
2.5000 -5.0000 0.0000
1.2500 -5.0000 0.0000
0.6250 -5.0000 0.0000
0.3125 -5.0000 0.0000
0.9375 -5.0000 0.0000
1.8750 -5.0000 0.0000
1.5625 -5.0000 0.0000
2.1875 -5.0000 0.0000
3.7500 -5.0000 0.0000
3.1250 -5.0000 0.0000
2.8125 -5.0000 0.0000
3.4375 -5.0000 0.0000
4.3750 -5.0000 0.0000
4.0625 -5.0000 0.0000
4.6875 -5.0000 0.0000
-5.0000 5.0000 0.0000
-5.0000 0.0000 0.0000
-5.0000 2.5000 0.0000
-5.0000 3.7500 0.0000
-5.0000 4.3750 0.0000
-5.0000 4.6875 0.0000
-5.0000 4.0625 0.0000
-5.0000 3.1250 0.0000
-5.0000 3.4375 0.0000
-5.0000 2.8125 0.0000
-5.0000 1.2500 0.0000
-5.0000 1.8750 0.0000
-5.0000 2.1875 0.0000
-5.0000 1.5625 0.0000
-5.0000 0.6250 0.0000
-5.0000 0.9375 0.0000
-5.0000 0.3125 0.0000
-5.0000 -2.5000 0.0000
-5.0000 -1.2500 0.0000
-5.0000 -0.6250 0.0000
-5.0000 -0.3125 0.0000
-5.0000 -0.9375 0.0000
-5.0000 -1.8750 0.0000
-5.0000 -1.5625 0.0000
-5.0000 -2.1875 0.0000
-5.0000 -3.7500 0.0000
-5.0000 -3.1250 0.0000
-5.0000 -2.8125 0.0000
-5.0000 -3.4375 0.0000
-5.0000 -4.3750 0.0000
-5.0000 -4.0625 0.0000
-5.0000 -4.6875 0.0000
-4.4960 2.4304 0.0000
-4.7537 2.3288 0.0000
4.0122 -4.2492 0.0000
4.7583 -2.3146 0.0000
4.3940 -2.3353 0.0000
3.5142 -4.4902 0.0000
0.2978 1.4613 0.0000
0.0207 1.4154 0.0000
-0.0999 1.1516 0.0000
-1.8487 -0.4138 0.0008
-2.1310 -0.4548 0.0042
-2.2548 -0.7246 0.0190
-2.5255 0.9259 0.1534
-2.5343 0.7841 0.1470
-2.5975 0.7032 0.1672
-3.3531 -3.7459 0.0000
4.7802 -3.6163 0.0000
4.7513 -3.9136 0.0000
4.3517 -3.8357 0.0000
4.7508 2.9782 0.0000
-3.5969 -4.7579 0.0000
-3.2610 3.3721 0.0003
-3.4570 3.2177 0.0001
-1.5322 -4.3069 0.0000
-3.9716 -1.8057 0.0000
-3.8502 -2.0702 0.0000
-4.0187 -2.2823 0.0000
-3.1025 4.4728 0.0001
-3.4143 4.5207 0.0000
-3.3606 4.2674 0.0000
-1.7477 1.3846 0.0004
-2.0055 1.4655 0.0081
-1.9323 1.1780 0.0016
-0.3349 -3.4010 0.0012
-0.4341 -3.7043 0.0002
-2.5332 0.3023 0.1174
-2.6657 0.2948 0.1533
-2.7389 0.1920 0.1364
4.0276 -3.7432 0.0000
3.8558 -3.1810 0.0000
-2.9676 4.7481 0.0001
-3.2635 4.7493 0.0000
-0.1560 -3.8235 0.0000
-0.3618 -4.0088 0.0000
-0.6308 -4.2159 0.0000
-3.0741 -1.2992 0.0024
2.9002 -4.2005 0.0000
-2.9179 -4.0041 0.0000
-1.8283 3.4647 0.0902
-1.9499 3.3633 0.1081
1.7018 -3.1719 0.0000
0.4590 1.1899 0.0000
0.1899 1.1837 0.0000
0.0645 0.9065 0.0003
-1.2078 -2.4321 0.0230
-1.3331 -2.6530 0.0219
-1.7137 -2.9847 0.0134
-0.1037 -0.2472 0.0593
1.8855 -1.6534 0.0000
1.5963 -1.8183 0.0000
4.7627 4.2004 0.0000
2.0754 1.2464 0.0000
2.3261 -4.7477 0.0000
3.3078 1.5063 0.0000
-0.8926 -0.0451 0.0112
-0.9014 -0.3722 0.0260
-1.0649 -0.2162 0.0112
-0.9274 -0.6016 0.0373
4.4858 -1.2328 0.0000
4.1865 -1.1971 0.0000
-2.0252 0.3210 0.0009
-1.4181 4.3305 0.0232
-2.3388 -2.6359 0.0103
3.4514 -1.0475 0.0000
4.3577 1.4805 0.0000
0.0210 -2.1827 0.0687
-0.1433 -2.1243 0.0871
-0.0561 -2.3462 0.0535
-0.2372 -2.2634 0.0719
-0.1991 -2.4887 0.0454
-0.3995 -2.3899 0.0588
2.6360 4.7554 0.0000
2.3292 4.7625 0.0000
2.2040 -1.6348 0.0000
-3.2330 -2.0818 0.0001
-3.2271 -2.3317 0.0001
-3.4675 -2.3575 0.0000
-3.6060 -2.6077 0.0000
3.4951 0.9372 0.0000
-1.1240 -3.3791 0.0052
-1.3960 -3.3579 0.0056
-1.6662 -3.2864 0.0060
-1.9201 -3.2077 0.0054
-1.5760 -3.5689 0.0020
-1.8458 -3.4984 0.0020
3.0532 -1.4216 0.0000
-4.2300 -4.2977 0.0000
0.8252 -3.2706 0.0000
0.5373 -3.3001 0.0000
0.8583 -3.7683 0.0000
0.7045 -3.5305 0.0000
0.5760 -3.7842 0.0000
-2.3705 2.4966 0.1910
-2.4212 2.4050 0.1960
-2.6025 2.3463 0.1518
-2.5002 2.3468 0.1896
-2.5298 2.2542 0.1910
-2.6369 2.2434 0.1483
-2.4326 2.2900 0.2015
-2.4408 2.1888 0.2045
-2.5274 2.1648 0.1994
-2.6112 2.1515 0.1717
-2.7404 2.1385 0.1056
4.2724 1.0785 0.0000
-3.2741 1.7514 0.0021
-3.5595 1.7028 0.0001
-3.6501 1.4343 0.0001
-3.5519 -3.1572 0.0000
1.6610 3.2411 0.0000
1.3984 3.1518 0.0000
0.2706 -1.3374 0.1408
0.1624 -1.3503 0.1611
0.4194 -1.3439 0.1037
0.3051 -1.4409 0.1249
0.2036 -1.4336 0.1471
0.1601 -1.4892 0.1493
0.6038 -1.4201 0.0541
0.4341 -1.5356 0.0847
0.2860 -1.5568 0.1173
0.1733 -1.5821 0.1364
0.0771 -1.5094 0.1584
0.0687 -1.6107 0.1471
1.1847 -0.8766 0.0025
1.3179 -1.1076 0.0008
2.2019 -4.4737 0.0000
-4.2486 -1.7223 0.0000
3.4681 -2.7131 0.0000
2.4465 4.5069 0.0000
2.1636 4.5268 0.0000
1.8562 4.5118 0.0000
2.0205 4.3006 0.0000
1.8402 4.1498 0.0000
-2.4357 3.8471 0.0250
-2.3339 3.6216 0.0561
-2.5662 3.6217 0.0237
-2.6153 3.3462 0.0332
-2.8998 3.7336 0.0027
-2.7779 3.5371 0.0091
-2.8794 3.2950 0.0077
-3.1136 3.1937 0.0015
-1.8433 -1.1533 0.0026
-2.1222 -1.2152 0.0125
-2.2544 -1.4311 0.0345
-2.3323 -1.6662 0.0443
2.2518 2.7071 0.0000
1.9999 2.5446 0.0000
3.1993 2.3723 0.0000
-4.4802 0.5576 0.0000
-4.2311 2.5760 0.0000
3.2329 3.3917 0.0000
-4.1903 -2.0282 0.0000
-4.2554 -2.3323 0.0000
2.2192 2.1707 0.0000
1.9893 2.2521 0.0000
1.8349 2.0323 0.0000
2.0896 1.9508 0.0000
1.9061 1.7643 0.0000
1.3175 -1.6384 0.0003
1.2411 -2.1612 0.0001
1.0566 -1.9277 0.0010
0.7781 -2.0300 0.0056
0.9584 -2.2246 0.0007
-3.8688 4.1540 0.0000
-3.5841 4.0760 0.0000
-3.7833 3.8732 0.0000
-4.0355 3.8733 0.0000
-1.3631 -4.1201 0.0001
-4.3993 1.6800 0.0000
-4.5224 1.4694 0.0000
-3.7732 2.1950 0.0000
-4.0255 2.0745 0.0000
-4.2798 1.9485 0.0000
4.5355 -2.1473 0.0000
1.8375 -3.9628 0.0000
1.6270 -4.1858 0.0000
4.0264 -1.5711 0.0000
3.8186 -1.7805 0.0000
2.1395 -3.4397 0.0000
3.0769 -4.7025 0.0000
2.8683 -4.7695 0.0000
-2.8365 -4.5122 0.0000
-2.9790 -4.7561 0.0000
-0.2288 0.8888 0.0003
-0.3891 0.6525 0.0013
3.4727 3.8200 0.0000
3.4561 3.5576 0.0000
0.1842 0.4297 0.0038
-0.0486 0.3305 0.0073
3.4371 -4.2280 0.0000
-3.3111 -4.2667 0.0000
-3.4460 -4.5100 0.0000
-0.5739 0.4071 0.0037
-0.7333 0.1637 0.0078
1.4188 -3.7022 0.0000
1.1465 -3.7485 0.0000
1.2873 -3.9996 0.0000
-1.6620 -4.0582 0.0001
-1.8412 -4.2825 0.0000
1.9122 3.3499 0.0000
1.7276 3.5379 0.0000
-1.1441 -0.4815 0.0158
-1.3868 -0.5720 0.0077
-1.4626 -0.8363 0.0081
-4.7750 -0.4757 0.0000
1.2531 0.5352 0.0000
1.2191 0.2728 0.0002
2.6721 -4.2849 0.0000
2.4812 -4.5013 0.0000
-2.6710 1.9608 0.1624
-2.6452 1.8773 0.1828
-2.7226 1.8338 0.1453
-1.7492 -0.8962 0.0025
-1.9586 -0.6816 0.0013
-2.0432 -0.9423 0.0039
2.9203 1.0432 0.0000
2.7679 0.7890 0.0000
2.4902 0.6960 0.0000
-0.8875 3.5476 0.0081
-1.1127 3.4180 0.0151
-1.2150 3.2254 0.0157
0.9869 -4.0103 0.0000
0.6911 -4.0262 0.0000
0.8115 -4.2699 0.0000
0.5093 -4.2645 0.0000
1.3070 -1.3797 0.0006
1.0623 -1.3717 0.0042
1.0712 -1.6425 0.0022
0.8220 -1.7699 0.0094
-2.9675 0.3681 0.0443
-3.1470 0.2057 0.0078
3.7386 -1.1515 0.0000
0.4722 3.7431 0.0000
4.7579 -4.5041 0.0000
-4.5934 -0.2946 0.0000
-2.3449 -1.9571 0.0366
-2.4910 -2.1220 0.0208
-4.5066 1.1725 0.0000
-4.7614 0.9450 0.0000
1.7032 4.7365 0.0000
1.4017 4.7645 0.0000
3.4776 2.3612 0.0000
3.3341 2.1154 0.0000
1.1753 0.8185 0.0000
0.8604 0.8112 0.0001
-2.4578 1.6725 0.1871
-2.4178 1.4817 0.1475
-2.3945 1.3614 0.1208
-2.5180 1.3067 0.1818
3.4664 0.4669 0.0000
3.1679 0.4246 0.0000
2.6670 3.4599 0.0000
2.5151 3.1805 0.0000
-2.3312 2.5853 0.1848
-2.4237 2.5813 0.1805
-2.4645 2.5013 0.1814
-2.5324 2.4324 0.1697
-2.5540 2.5362 0.1470
-2.5005 -3.7880 0.0001
3.1930 -2.7070 0.0000
1.3935 -4.2528 0.0000
1.1107 -4.2494 0.0000
2.9531 4.4188 0.0000
2.5756 4.2432 0.0000
2.2909 4.2547 0.0000
4.1590 1.3201 0.0000
3.8731 1.3913 0.0000
-3.7390 0.4332 0.0000
-4.2241 0.3922 0.0000
4.7657 -1.1018 0.0000
-3.7636 3.6051 0.0000
3.2485 3.9822 0.0000
3.1788 3.6908 0.0000
-4.7176 -1.0764 0.0000
-3.3845 -1.8523 0.0001
3.7345 -1.5019 0.0000
4.2469 3.5902 0.0000
1.8984 -4.2308 0.0000
-0.9414 -2.8915 0.0227
-0.9874 -3.1266 0.0128
-4.7005 2.9208 0.0000
0.5410 0.0391 0.0107
0.2926 -0.0355 0.0238
0.1044 -0.1639 0.0442
-1.0982 2.1301 0.0001
2.9143 -1.6835 0.0000
2.7044 -1.8538 0.0000
-2.2266 0.5067 0.0127
-2.3131 0.2584 0.0258
-2.7049 0.3854 0.1558
-2.7993 0.3050 0.1198
-2.9088 0.1377 0.0613
-2.8364 -0.0617 0.0832
-3.0695 -0.0860 0.0134
1.7969 1.4027 0.0000
-1.6225 1.8633 0.0012
-1.6475 1.5980 0.0004
-1.3029 0.7094 0.0001
-1.4669 0.4742 0.0002
-1.7684 0.4129 0.0001
2.6392 3.7169 0.0000
-1.6300 3.4301 0.0640
-0.1048 2.1698 0.0000
-0.3281 1.9760 0.0000
-0.3890 1.6828 0.0000
3.0059 -2.4265 0.0000
2.9302 -2.6755 0.0000
2.7560 -2.9238 0.0000
2.6058 -4.7602 0.0000
-2.0681 1.9068 0.0397
-0.1183 -0.5991 0.1223
-0.0998 -0.4357 0.0919
-0.2471 -0.5185 0.1018
-0.2361 -0.6794 0.1308
-0.3569 -0.6084 0.1079
-0.4327 -0.7070 0.1135
2.5619 -3.1626 0.0000
2.2791 -3.1853 0.0000
2.3472 -0.8411 0.0000
-1.8527 0.0901 0.0002
-2.0100 -0.1858 0.0008
-2.6743 -0.0434 0.1321
-2.6932 -0.1725 0.1218
-2.8608 -0.2540 0.0626
-3.0717 -0.4142 0.0095
-3.3347 -0.5268 0.0007
-3.4834 -1.6146 0.0000
-3.7725 -1.5818 0.0000
-3.6725 -1.8472 0.0000
-0.9292 4.0904 0.0125
-1.1556 3.9488 0.0228
-1.3819 3.8071 0.0384
-4.7567 4.4985 0.0000
3.9033 -0.7173 0.0000
0.8904 4.6966 0.0000
0.6568 4.5228 0.0000
4.7550 3.5926 0.0000
-2.4808 4.5785 0.0030
-2.8070 4.5103 0.0007
-3.1063 4.1931 0.0002
3.7828 -4.5150 0.0000
3.3339 -4.7346 0.0000
1.3222 -1.8813 0.0001
1.5184 -2.0926 0.0000
1.4575 -2.3765 0.0000
1.1545 -2.4339 0.0000
-3.8058 1.2714 0.0000
2.9477 0.5445 0.0000
2.6911 0.4743 0.0000
2.8823 0.2426 0.0000
2.4269 0.4475 0.0000
-2.4115 1.2285 0.1167
-2.5385 1.2101 0.1824
-2.3371 1.0457 0.0621
-2.4776 1.1267 0.1450
-2.5581 1.1070 0.1821
-2.4709 1.0073 0.1304
-2.5465 1.0304 0.1716
-2.6079 0.9770 0.1874
-0.8267 0.9046 0.0002
-1.3839 4.0709 0.0321
-1.5887 3.9799 0.0462
-1.6237 3.7929 0.0575
-1.5234 3.6043 0.0524
-1.7393 3.6262 0.0745
-1.9209 3.6073 0.0882
-4.7790 -0.1435 0.0000
0.6775 2.7405 0.0000
0.3952 2.4053 0.0000
0.7715 3.8111 0.0000
-3.4642 -2.8647 0.0000
-3.7190 -2.9694 0.0000
-0.6866 3.0671 0.0011
-0.8887 3.2630 0.0048
-1.0336 3.0736 0.0055
-0.8935 2.8746 0.0016
-1.1156 2.7077 0.0024
-0.8467 2.2743 0.0001
-0.8462 1.9777 0.0000
3.4387 4.5935 0.0000
3.2664 4.7822 0.0000
3.1752 4.5251 0.0000
-2.7865 2.3206 0.0671
-2.9500 2.1088 0.0274
-3.0293 2.3428 0.0110
-3.2511 2.2484 0.0018
-3.1945 2.0180 0.0037
0.9874 3.6041 0.0000
-0.3486 2.3012 0.0000
-1.8092 0.9098 0.0001
-2.1060 0.9628 0.0066
-2.2258 0.7550 0.0167
-4.4018 -1.0810 0.0000
-3.9652 0.2615 0.0000
-4.2045 0.0541 0.0000
-0.0324 -0.7874 0.1549
-0.1243 -1.0049 0.1794
-0.1103 -0.8312 0.1611
-0.2118 -0.8172 0.1539
-0.1536 -0.9139 0.1697
-0.2327 -0.9250 0.1652
-0.2140 -1.0091 0.1742
-0.3130 -0.8813 0.1517
-0.4012 -0.9606 0.1467
-0.3071 -0.9898 0.1627
-0.3788 -1.0691 0.1570
-0.4480 -1.1608 0.1479
4.2860 -4.4827 0.0000
4.0349 -4.4953 0.0000
3.3032 0.6962 0.0000
-2.2059 -3.1304 0.0034
-2.3823 -3.3786 0.0006
-2.2996 -3.6321 0.0003
-2.6041 -3.5099 0.0001
-2.7738 -3.7547 0.0000
-1.3361 -0.2745 0.0051
4.2874 -1.7141 0.0000
4.0848 -1.8683 0.0000
3.9323 -2.9028 0.0000
-1.2952 -3.6149 0.0017
-1.1899 -3.8741 0.0003
2.3043 -1.1133 0.0000
-2.0181 2.5793 0.0961
-2.0683 2.7237 0.1263
-2.1841 2.7113 0.1589
-2.1477 2.6270 0.1448
-2.2652 2.6815 0.1746
-2.2412 2.6002 0.1705
-2.1552 2.5187 0.1389
-2.2694 2.5068 0.1753
-2.3152 2.4216 0.1846
-1.4310 1.3929 0.0000
-1.6199 1.1407 0.0000
-1.3305 1.0969 0.0000
-1.4928 0.8807 0.0000
3.2014 -0.9123 0.0000
3.4030 1.2208 0.0000
3.9026 -2.4108 0.0000
-4.2276 -2.6052 0.0000
-1.8874 1.7142 0.0061
-0.3964 -4.2565 0.0000
-1.4751 -3.8444 0.0005
2.7645 -4.5286 0.0000
3.6267 -1.9825 0.0000
4.7625 -4.2039 0.0000
4.5261 -4.3309 0.0000
4.5072 3.4432 0.0000
-2.5880 -2.6968 0.0026
-2.6756 -2.9694 0.0006
-2.8901 -0.8853 0.0244
-2.8699 -1.1566 0.0181
4.7582 3.2875 0.0000
3.2067 -0.2358 0.0000
3.1939 -0.5532 0.0000
-4.7362 4.2233 0.0000
-4.5186 4.0230 0.0000
-4.5230 3.7299 0.0000
-4.7635 3.9202 0.0000
-4.7657 3.6423 0.0000
3.0859 -3.8990 0.0000
2.8347 -3.9546 0.0000
2.6070 -4.0342 0.0000
-2.0764 -1.5968 0.0176
-2.1820 -1.8181 0.0322
4.0150 4.0441 0.0000
3.9926 3.7659 0.0000
3.9914 3.4945 0.0000
-1.9267 -1.8105 0.0130
-2.1986 2.4235 0.1466
-2.2520 2.3479 0.1606
-2.3483 2.3311 0.1904
-2.2725 2.2554 0.1606
-2.3561 2.2332 0.1891
4.2606 3.2979 0.0000
4.0427 2.9711 0.0000
-2.5001 -3.1709 0.0008
-2.7546 -3.2623 0.0001
-2.9028 -3.5103 0.0000
-3.0602 -3.7564 0.0000
0.4253 2.1390 0.0000
0.1494 2.0289 0.0000
-0.0660 1.8829 0.0000
3.6050 -3.9975 0.0000
2.1013 -1.8899 0.0000
1.8275 -1.9335 0.0000
1.7399 -2.1725 0.0000
-4.5191 -1.2966 0.0000
4.2871 1.7728 0.0000
4.0711 1.5919 0.0000
3.7910 0.8974 0.0000
3.6161 0.6808 0.0000
-1.7509 -1.6149 0.0054
-1.6590 -1.9000 0.0085
4.2430 -0.4068 0.0000
-2.4974 -1.7951 0.0369
-2.6635 -1.9444 0.0139
-2.9473 -2.0207 0.0014
-1.5489 -1.1152 0.0071
-0.8938 -3.9279 0.0001
1.3320 -2.6616 0.0000
1.1955 -2.9452 0.0000
3.8790 -3.9936 0.0000
3.7339 -4.2596 0.0000
-3.5193 3.4963 0.0000
-3.7287 3.3051 0.0000
-2.5635 0.0170 0.1174
-2.4918 0.1533 0.0922
-2.6235 0.1931 0.1428
-2.6427 0.0948 0.1399
-2.7446 0.0671 0.1268
2.9877 -0.3991 0.0000
2.8167 -0.5817 0.0000
-2.5197 1.7482 0.2094
-2.5753 1.6722 0.2109
-2.6784 1.7122 0.1793
-2.6566 1.6162 0.1941
-2.5830 1.5646 0.2099
-2.6700 1.5253 0.1924
-2.7451 1.6321 0.1477
-2.7517 1.5297 0.1502
-2.8021 1.4335 0.1243
-2.8541 1.2780 0.0990
3.9727 1.1167 0.0000
-2.7969 1.0375 0.1389
-2.6407 1.0727 0.1952
-2.6986 1.0049 0.1844
-2.7415 0.9404 0.1677
-2.8433 0.9149 0.1118
-2.8754 0.7807 0.0929
-4.4715 0.2560 0.0000
-4.2670 1.0141 0.0000
-4.5051 0.8708 0.0000
0.0257 -1.2234 0.1830
-0.0304 -1.2909 0.1836
-0.1376 -1.3228 0.1816
-0.1785 -1.4103 0.1738
-0.2591 -1.4820 0.1615
3.6859 1.1628 0.0000
4.3382 4.4955 0.0000
4.5098 4.0426 0.0000
4.2688 4.2092 0.0000
-3.5571 -0.3838 0.0001
-3.6660 -0.6024 0.0000
-4.2703 -3.4600 0.0000
-4.5092 -3.6217 0.0000
-4.7516 -3.4549 0.0000
-4.7584 -3.7056 0.0000
1.0112 -4.7524 0.0000
-2.3999 3.3981 0.0708
-2.4893 3.1732 0.0782
-2.6832 3.0950 0.0377
-2.7582 2.8312 0.0387
-3.5143 2.2124 0.0001
-3.4737 1.9741 0.0003
-3.7587 1.9233 0.0000
-3.8373 1.6314 0.0000
4.5578 -0.9490 0.0000
4.5076 1.9442 0.0000
4.5434 1.6526 0.0000
-3.3102 3.9918 0.0001
-4.2498 4.7604 0.0000
-4.5111 4.7509 0.0000
-4.7676 4.7628 0.0000
-4.0432 1.7969 0.0000
-4.1962 1.6096 0.0000
-2.5760 4.3716 0.0034
-2.5297 4.1068 0.0088
-2.6960 3.8880 0.0065
-2.8143 4.2203 0.0015
-2.9596 3.9941 0.0009
3.3866 0.2452 0.0000
3.1576 0.1158 0.0000
2.9884 -0.0628 0.0000
2.8130 -0.2434 0.0000
2.9334 1.8624 0.0000
2.4837 1.6704 0.0000
2.5354 0.1951 0.0000
0.9215 -2.9989 0.0000
0.6479 -3.0406 0.0001
0.7471 -4.7687 0.0000
-0.4332 3.7588 0.0014
-0.6342 3.3898 0.0020
-2.9271 3.0282 0.0088
-3.0479 2.8179 0.0049
-3.2688 3.0201 0.0006
-3.3384 2.7698 0.0004
-3.5850 2.6843 0.0000
-3.1486 2.5623 0.0031
-3.3956 2.4740 0.0003
-3.6963 2.4525 0.0000
-3.9214 2.5863 0.0000
-4.0052 2.3545 0.0000
3.5544 3.0576 0.0000
3.5544 2.8233 0.0000
3.3677 2.6100 0.0000
1.3410 2.0879 0.0000
-4.7473 -3.9557 0.0000
0.7588 -4.5323 0.0000
1.2357 -4.5049 0.0000
0.1295 4.7481 0.0001
0.1783 4.4904 0.0001
-0.0653 4.5081 0.0004
-0.3445 4.5095 0.0015
-0.4742 4.2577 0.0027
-0.1720 4.2661 0.0006
-0.3346 4.0237 0.0012
-0.9647 -2.4503 0.0323
-1.0687 -2.6670 0.0269
-4.3271 -0.2750 0.0000
-4.4946 -0.5465 0.0000
2.5529 -1.3090 0.0000
-4.1502 -1.2038 0.0000
-0.2030 0.1396 0.0164
-2.1579 1.6964 0.0470
-2.3253 1.7279 0.1250
-2.4171 1.7514 0.1761
-2.3578 1.6264 0.1304
0.1163 -1.2372 0.1734
0.0748 -1.3125 0.1753
0.0062 -1.3718 0.1772
-0.0777 -1.3724 0.1797
-0.0914 -1.4530 0.1730
-0.1731 -1.5131 0.1648
-0.2526 -1.5871 0.1516
-0.3589 -1.6398 0.1352
-0.4942 -1.6845 0.1133
0.0908 -1.4135 0.1664
-0.0040 -1.4564 0.1706
-0.0086 -1.5445 0.1614
-0.0846 -1.5396 0.1641
-0.1369 -1.6111 0.1551
-0.0305 -1.6400 0.1505
-0.1040 -1.7235 0.1411
-0.2134 -1.6821 0.1434
-0.3062 -1.7359 0.1302
-0.2026 -1.8102 0.1278
-0.3178 -1.8956 0.1109
-0.4062 -1.7963 0.1136
-0.4544 -1.9831 0.0906
-0.6055 -2.0789 0.0690
-0.5404 -1.8535 0.0925
-0.6970 -1.9284 0.0683
-2.4885 -2.4000 0.0108
3.5545 -1.3329 0.0000
1.5842 1.9170 0.0000
1.3952 1.7527 0.0000
1.2521 1.5432 0.0000
-1.3487 2.2788 0.0013
-1.3647 1.9939 0.0003
-1.2049 -0.0159 0.0040
-1.4882 -0.0417 0.0015
4.7258 1.4157 0.0000
1.8125 -1.1135 0.0000
4.4636 0.0764 0.0000
4.2827 -0.1378 0.0000
-3.1452 3.8252 0.0003
3.3136 4.3098 0.0000
-3.7438 -3.3222 0.0000
-3.8046 -3.6108 0.0000
-4.0435 -3.6024 0.0000
-3.9696 -3.8720 0.0000
3.6152 -4.7568 0.0000
1.4097 2.6518 0.0000
-0.6229 -3.9590 0.0001
-0.8652 -4.2172 0.0000
-0.9586 -4.4712 0.0000
0.7804 1.2721 0.0000
0.6691 1.0255 0.0000
3.5104 1.6937 0.0000
-0.4395 -4.4992 0.0000
-0.6810 -4.4778 0.0000
-0.7880 -4.7369 0.0000
1.0380 1.3541 0.0000
0.9851 1.0705 0.0000
0.5927 -2.7993 0.0005
0.3656 -2.8440 0.0016
2.0000 0.1459 0.0000
-4.5000 -2.4692 0.0000
-4.4955 -2.7536 0.0000
2.6736 3.9571 0.0000
2.3982 3.9900 0.0000
2.3997 3.7312 0.0000
2.1624 3.7679 0.0000
2.0996 4.0104 0.0000
1.9239 3.6719 0.0000
-2.6767 -0.3038 0.1149
-2.6942 -0.4473 0.1024
-2.8341 -0.4412 0.0614
-2.8835 -0.6408 0.0359
-3.1396 -0.7382 0.0033
-3.1311 -1.0217 0.0023
2.5776 -1.0339 0.0000
3.0179 -1.9340 0.0000
2.8354 -2.1553 0.0000
4.5148 4.7163 0.0000
4.2261 4.7692 0.0000
2.9280 2.3990 0.0000
2.6592 2.4054 0.0000
2.4978 2.2053 0.0000
4.1167 -2.2704 0.0000
4.2463 -2.5317 0.0000
4.0832 4.5455 0.0000
4.0285 4.3182 0.0000
3.7742 4.2092 0.0000
2.7589 1.6285 0.0000
-1.1947 -2.8933 0.0204
-1.4418 -2.8850 0.0183
-1.2350 -3.1237 0.0127
-1.4769 -3.1078 0.0120
-3.9402 -3.0820 0.0000
-4.0062 -3.3507 0.0000
-3.3750 -3.3415 0.0000
-3.5363 -3.5196 0.0000
-3.6309 -3.7920 0.0000
-3.8580 -1.3016 0.0000
-4.0456 -1.5110 0.0000
3.7927 4.5157 0.0000
3.5667 4.3927 0.0000
3.4983 4.1074 0.0000
1.4805 -4.5073 0.0000
3.2165 0.9973 0.0000
3.0514 0.7753 0.0000
0.0358 -4.4785 0.0000
-0.1590 -4.3065 0.0000
0.8610 1.8666 0.0000
-0.4493 0.1583 0.0126
-0.5806 -0.0520 0.0220
-0.7402 -0.2217 0.0267
3.0416 -2.9435 0.0000
2.8679 -3.1844 0.0000
2.7208 -3.4386 0.0000
0.6556 4.2754 0.0000
0.3907 4.2409 0.0000
4.7551 3.8961 0.0000
1.6330 2.5460 0.0000
1.7792 2.3771 0.0000
1.6208 2.1959 0.0000
1.4285 2.3781 0.0000
-0.2140 -4.5506 0.0000
3.9681 2.5311 0.0000
-0.1888 3.7823 0.0003
-0.3685 3.4983 0.0006
-2.1664 2.9993 0.1498
-2.0359 2.8496 0.1249
-2.1525 2.9057 0.1523
-2.2490 2.8805 0.1628
-2.1622 2.8083 0.1551
-2.2590 2.7776 0.1701
-2.3378 2.8351 0.1635
-2.3469 2.7493 0.1722
-2.3451 2.6653 0.1800
2.2361 3.2644 0.0000
-4.2038 -0.5707 0.0000
-4.4572 -0.8142 0.0000
4.5188 -1.5487 0.0000
-0.1703 -1.9537 0.1098
-0.2944 -2.0598 0.0939
-0.4163 -2.1772 0.0765
-0.5860 -2.2872 0.0586
-0.7738 -2.3983 0.0429
-0.5864 -2.5157 0.0459
-0.7996 -2.6596 0.0338
0.1128 -2.8048 0.0067
0.1102 -3.0826 0.0015
-0.0461 -3.3155 0.0007
-0.1010 -2.9557 0.0069
-0.2457 -3.1320 0.0044
-4.7502 -2.9192 0.0000
-4.4963 -3.0438 0.0000
-4.7496 -3.1984 0.0000
-2.8684 -2.7662 0.0003
-2.9574 -3.0378 0.0001
4.5030 -4.0452 0.0000
4.2768 -4.2100 0.0000
0.5631 0.7513 0.0003
0.4720 0.4816 0.0017
0.2419 3.6201 0.0000
0.1365 3.3821 0.0000
-0.0844 3.5519 0.0001
-0.1465 3.2877 0.0001
-0.4182 3.1954 0.0004
4.2367 -3.6030 0.0000
0.3101 -3.7715 0.0000
-3.6403 4.3457 0.0000
3.2777 -1.2408 0.0000
1.7738 3.0218 0.0000
1.5413 2.8984 0.0000
1.2534 2.8839 0.0000
4.7536 0.1189 0.0000
4.7621 -0.1698 0.0000
4.5356 -0.1778 0.0000
3.0649 2.1113 0.0000
2.7890 2.1444 0.0000
2.6481 1.9114 0.0000
1.6719 4.3430 0.0000
1.8275 3.8795 0.0000
1.5886 4.0502 0.0000
1.3280 3.9632 0.0000
1.0556 3.8872 0.0000
2.9634 3.4499 0.0000
2.8018 3.2194 0.0000
3.1216 1.2780 0.0000
1.3088 1.2803 0.0000
2.9483 4.7276 0.0000
2.7194 4.4937 0.0000
1.6010 -2.6498 0.0000
1.4758 -2.9172 0.0000
4.7808 4.7805 0.0000
-4.7388 -0.7696 0.0000
-1.8498 2.0094 0.0119
-2.0558 2.1517 0.0598
-2.2129 2.0469 0.1087
1.5602 -3.4351 0.0000
-4.2743 1.3388 0.0000
1.1341 4.7418 0.0000
-1.4898 -2.4221 0.0182
-1.5988 -2.6918 0.0200
-1.8501 -2.7570 0.0180
-2.0017 -2.9559 0.0101
3.3609 -1.5060 0.0000
-0.6573 3.6748 0.0038
3.2712 2.8710 0.0000
3.0792 2.6415 0.0000
-2.5898 2.0722 0.1888
-2.6754 2.0515 0.1505
-2.7998 1.9518 0.0909
-4.7453 -4.2258 0.0000
-4.4841 -2.1688 0.0000
0.3742 0.2299 0.0073
0.1137 0.1384 0.0154
-1.1286 3.6938 0.0208
-1.3226 3.5405 0.0322
-1.4223 3.3473 0.0361
-0.2918 -0.3474 0.0699
-0.5050 -0.2842 0.0476
-0.6841 -0.4699 0.0525
-0.4484 -0.4818 0.0788
-0.5585 -0.6211 0.0848
0.1219 4.2441 0.0001
-0.0336 4.0171 0.0002
-0.0658 0.6254 0.0016
-0.2949 0.4036 0.0049
-2.1400 0.0475 0.0035
-2.3789 -0.0038 0.0425
-2.3031 -0.2277 0.0222
-2.5425 -0.1410 0.1044
-2.5209 -0.3000 0.0928
-2.5708 -0.4439 0.1019
-4.7400 1.7003 0.0000
3.6617 -0.6028 0.0000
3.1035 4.1970 0.0000
2.8297 4.1863 0.0000
-3.3392 -1.2824 0.0002
-3.5695 -1.3713 0.0000
-2.0239 -2.5836 0.0207
-2.1502 -2.7857 0.0117
-2.3795 -2.9138 0.0037
2.3086 -1.3757 0.0000
-1.0846 4.7550 0.0063
-1.2203 4.5121 0.0130
4.4741 -0.6742 0.0000
3.8395 2.7929 0.0000
3.6652 2.5559 0.0000
-2.2369 2.1673 0.1352
-2.3287 2.0547 0.1653
-2.3363 2.1475 0.1770
-2.4232 2.0987 0.2014
-2.4186 2.0097 0.1967
-2.5067 2.0837 0.2073
-2.5000 1.9987 0.2099
-2.5834 1.9913 0.1977
-2.2437 1.9027 0.1049
-2.3339 1.9592 0.1575
-2.4881 1.9130 0.2088
-2.5742 1.9153 0.2049
-2.3084 1.8273 0.1284
-2.3842 1.8510 0.1704
-2.4076 1.9215 0.1871
-2.4563 1.8257 0.1979
-2.5507 1.8339 0.2111
-2.6243 1.7802 0.1978
-2.8010 1.7524 0.1054
-3.5771 4.7415 0.0000
-3.8783 4.7797 0.0000
-3.7611 4.5405 0.0000
-2.4389 2.8590 0.1392
-2.4318 2.7538 0.1568
-2.4250 2.6711 0.1696
-2.5115 2.6344 0.1493
-2.5516 2.7641 0.1147
-2.6652 2.6394 0.0853
-2.8721 2.5735 0.0272
-3.4241 -0.7806 0.0002
4.2587 3.8958 0.0000
-2.0113 3.9777 0.0491
-2.1982 3.8190 0.0515
0.9281 4.4083 0.0000
0.8556 4.0948 0.0000
0.5651 4.0093 0.0000
3.9818 -0.4813 0.0000
-1.6538 0.6702 0.0001
-1.9644 0.6475 0.0006
1.2305 -0.5889 0.0015
0.7295 -0.5884 0.0284
0.9599 -0.7352 0.0108
0.5105 -0.6966 0.0686
0.3421 -0.8000 0.1115
0.6950 -0.8187 0.0419
0.4940 -0.8855 0.0852
0.4592 -1.0492 0.0997
0.3444 -0.9528 0.1238
2.4026 3.4819 0.0000
2.1240 3.4998 0.0000
-0.9662 1.1376 0.0000
-3.6790 -0.8719 0.0000
4.0274 1.8755 0.0000
-1.4949 -1.6824 0.0095
3.7491 -2.6622 0.0000
1.9758 0.4445 0.0000
1.7398 0.2761 0.0000
-1.3512 2.5704 0.0045
-1.5993 2.4041 0.0091
-1.6084 2.1421 0.0036
-0.9007 1.7088 0.0000
-1.6661 -0.6327 0.0025
0.1994 -2.2692 0.0384
0.1010 -2.4760 0.0268
-0.0577 -2.6438 0.0227
-0.2463 -2.7888 0.0202
-0.3690 -2.6187 0.0383
-0.4335 -2.9441 0.0157
-3.2469 -1.5400 0.0004
-2.5295 -4.5212 0.0000
-2.6696 -4.7593 0.0000
-4.7460 -2.0275 0.0000
-4.7480 -2.3265 0.0000
-1.3793 4.7625 0.0086
-1.5247 4.5463 0.0161
-0.2240 -1.3121 0.1766
-0.2730 -1.3980 0.1668
-0.3650 -1.4282 0.1532
-0.3470 -1.5209 0.1482
-0.4369 -1.3451 0.1468
-0.4748 -1.4467 0.1351
-0.4558 -1.5518 0.1304
-0.6006 -1.5523 0.1071
-0.6620 -1.7198 0.0862
0.1041 -3.5979 0.0000
-1.8223 3.8136 0.0672
-1.9968 3.7590 0.0726
-2.1280 3.6285 0.0806
-2.0301 3.4924 0.1015
-2.2086 3.4684 0.0936
2.5585 -2.1125 0.0000
2.2767 -2.1301 0.0000
-2.0930 3.3414 0.1176
-2.2317 3.3169 0.1120
-2.1910 3.1959 0.1317
-2.3350 3.2091 0.1111
-2.3276 3.0773 0.1323
-2.4405 3.0232 0.1136
-2.2215 3.0903 0.1427
-2.2641 2.9797 0.1530
-2.3558 2.9369 0.1475
-2.5612 2.9370 0.0871
1.0645 -2.7045 0.0000
0.8254 -2.7680 0.0001
4.0199 3.2346 0.0000
3.7844 3.0761 0.0000
1.5472 -0.9717 0.0001
-1.2780 -1.0210 0.0194
-1.3269 -1.2545 0.0178
2.7056 0.0002 0.0000
2.5101 -0.1597 0.0000
2.2909 -0.3073 0.0000
2.7577 -1.4998 0.0000
2.2025 0.6218 0.0000
2.2280 0.2975 0.0000
-4.7674 1.4159 0.0000
3.8865 -3.5243 0.0000
3.6976 -3.3841 0.0000
0.4144 -3.5422 0.0000
-0.5451 1.4032 0.0000
-0.6834 1.1592 0.0000
4.4852 -0.4096 0.0000
1.5463 -3.9420 0.0000
3.7260 -2.2455 0.0000
3.5733 -2.4557 0.0000
2.6339 -0.7506 0.0000
3.2026 -3.6514 0.0000
3.6857 -0.8847 0.0000
-2.4094 -4.2831 0.0000
-2.6976 -4.2703 0.0000
-3.1778 0.5072 0.0067
-3.4061 0.3393 0.0007
1.2490 1.0609 0.0000
-4.2177 -4.0319 0.0000
-4.4914 -4.1753 0.0000
-0.6706 1.6361 0.0000
-3.1585 -2.8316 0.0000
-3.2632 -3.0904 0.0000
2.4981 2.5822 0.0000
2.2821 2.4205 0.0000
3.1931 -1.6985 0.0000
4.2472 2.0725 0.0000
3.9841 2.1722 0.0000
2.0146 2.8480 0.0000
1.7682 2.7280 0.0000
3.4320 -0.4828 0.0000
3.4064 -0.7563 0.0000
-3.8838 3.0635 0.0000
-4.0804 2.8294 0.0000
3.0591 -1.1071 0.0000
-2.3404 4.7836 0.0029
-2.6623 4.7551 0.0007
-3.3844 -1.0309 0.0002
-3.1395 -4.5061 0.0000
-3.2866 -4.7550 0.0000
1.0177 0.5866 0.0001
0.9709 0.3408 0.0005
0.7488 0.5337 0.0005
0.6843 0.2537 0.0028
-2.2051 1.2514 0.0298
-0.1400 1.6487 0.0000
-0.2652 1.4007 0.0000
-0.3899 1.1453 0.0001
-0.5321 0.9018 0.0003
4.4317 -2.9837 0.0000
-1.6788 4.7667 0.0093
-1.8587 4.6369 0.0119
3.6157 4.7529 0.0000
-0.2821 -1.0820 0.1712
-0.3415 -1.1626 0.1653
-0.3933 -1.2497 0.1570
-3.7556 1.0283 0.0000
-3.9988 0.8722 0.0000
0.4931 1.6528 0.0000
0.5635 1.3940 0.0000
-1.7851 3.2909 0.0856
-1.9379 3.2186 0.1114
-2.0666 3.2205 0.1274
-2.0976 3.0995 0.1376
-2.1323 -4.2227 0.0000
-2.2127 -4.4992 0.0000
-1.9345 -4.5224 0.0000
-2.0544 -4.7625 0.0000
-2.3561 -4.7533 0.0000
4.4920 1.2617 0.0000
2.0530 -1.3821 0.0000
1.8049 -1.3774 0.0000
1.5588 -1.2555 0.0001
1.5769 -1.5467 0.0000
3.2398 -4.4450 0.0000
2.9820 -4.4453 0.0000
4.5633 -3.7293 0.0000
0.7740 1.5810 0.0000
-1.8435 -2.0703 0.0158
-2.0897 -2.0421 0.0278
-2.2622 -2.2123 0.0287
0.9836 -4.5074 0.0000
-3.6467 0.1845 0.0001
-3.8877 -0.0068 0.0000
-4.0716 -0.2407 0.0000
4.5369 -3.1869 0.0000
4.3320 -3.3029 0.0000
2.5671 1.3950 0.0000
2.3556 1.1628 0.0000
2.0567 -1.1262 0.0000
4.7380 2.6849 0.0000
4.7297 2.4145 0.0000
4.7513 2.1688 0.0000
4.4547 2.5410 0.0000
4.4832 2.2381 0.0000
-0.1593 -4.7669 0.0000
1.8152 1.1051 0.0000
-1.1373 0.9318 0.0001
4.7567 -1.7092 0.0000
4.7649 -2.0100 0.0000
-2.5801 0.8678 0.1727
-2.6455 0.8036 0.1822
-2.6956 0.7338 0.1756
-2.6767 0.6454 0.1735
-2.6610 0.9061 0.1874
-2.7322 0.8498 0.1696
-2.7621 0.7801 0.1553
-2.7814 0.6701 0.1430
-2.6519 0.5666 0.1690
-2.9271 0.5890 0.0644
-2.7511 0.5657 0.1525
-2.6817 0.4805 0.1640
-2.8024 0.4552 0.1251
3.9934 -0.9831 0.0000
-3.1926 -4.0090 0.0000
-3.5184 0.8923 0.0002
-3.5170 0.5607 0.0002
2.8156 -1.2202 0.0000
-3.7864 -2.7428 0.0000
-4.0225 -2.8338 0.0000
0.3023 -4.4858 0.0000
0.1390 -4.7412 0.0000
-3.5128 3.7934 0.0000
1.7190 0.8728 0.0000
-4.0001 1.4445 0.0000
-4.5101 2.6885 0.0000
-4.7607 2.6240 0.0000
0.6428 4.7755 0.0000
0.3998 4.7446 0.0000
0.4125 4.4959 0.0000
0.9064 3.3264 0.0000
0.8151 3.0444 0.0000
1.5627 3.7558 0.0000
1.2712 3.6762 0.0000
1.4627 3.4563 0.0000
1.1916 3.3847 0.0000
0.0643 2.8151 0.0000
-0.1019 2.4721 0.0000
-1.9383 -1.4143 0.0058
4.5034 3.7407 0.0000
4.5807 -2.4867 0.0000
4.4689 -2.7023 0.0000
-1.7278 -2.2748 0.0172
-1.7766 -2.5042 0.0210
0.2715 3.9662 0.0000
0.0875 3.7683 0.0000
-1.1431 1.5546 0.0000
-1.1561 1.2907 0.0000
2.2907 1.4434 0.0000
2.0166 1.5351 0.0000
2.5138 -1.6100 0.0000
2.3980 -1.8667 0.0000
0.8240 -1.4982 0.0167
4.3830 0.4377 0.0000
0.3742 -3.0755 0.0004
0.2396 -3.3357 0.0001
-2.7552 -1.4081 0.0250
-2.9571 -1.5362 0.0042
4.7462 1.9468 0.0000
4.7773 1.7019 0.0000
3.5292 -3.5415 0.0000
0.6011 1.8904 0.0000
0.3225 1.8499 0.0000
0.1418 1.6869 0.0000
-0.8536 -1.7880 0.0566
-1.0318 -1.7374 0.0384
-1.1191 -1.9655 0.0267
-1.2844 -2.1933 0.0181
-1.2496 -1.7170 0.0208
-1.3814 -1.9381 0.0135
-1.5412 -2.1414 0.0126
-4.4993 -4.4512 0.0000
-4.7463 -4.5018 0.0000
-0.1540 -3.5834 0.0002
1.7189 0.5797 0.0000
1.4904 0.4150 0.0000
-1.4517 -1.4609 0.0112
3.6497 -2.9511 0.0000
4.2614 -1.4345 0.0000
4.5073 -1.8607 0.0000
3.4065 -0.0283 0.0000
4.7595 1.1126 0.0000
-4.5167 -1.5908 0.0000
-1.5750 -0.3621 0.0023
1.2742 -3.4600 0.0000
0.9928 -3.5038 0.0000
-3.6275 -1.1183 0.0000
-4.3651 2.8924 0.0000
4.3524 0.7878 0.0000
4.1885 0.5814 0.0000
3.3312 -1.9311 0.0000
-2.0491 4.7610 0.0063
-2.2110 4.5326 0.0087
-2.3183 4.3077 0.0120
-1.6152 4.2100 0.0336
-1.8563 4.2096 0.0343
-1.7902 4.0081 0.0505
-2.0895 4.2128 0.0262
-2.2657 4.0422 0.0271
-4.2609 2.2598 0.0000
-4.5150 2.1457 0.0000
-4.7683 2.0213 0.0000
1.7355 -2.9200 0.0000
1.9471 -4.4920 0.0000
-2.1092 -3.4161 0.0015
-2.0320 -3.7115 0.0005
-2.2204 -3.9264 0.0001
-2.4251 -4.0602 0.0000
-3.7384 0.7290 0.0000
-3.9903 0.5702 0.0000
4.5138 -4.6022 0.0000
4.4846 -4.7943 0.0000
-3.0514 3.5150 0.0013
-3.2917 3.6500 0.0001
-2.2568 1.4954 0.0647
-4.4837 -1.8844 0.0000
-3.3744 1.4675 0.0010
-3.4899 1.1887 0.0003
-0.5214 -3.1886 0.0065
-0.8515 -3.3954 0.0039
-0.5978 -3.4451 0.0019
-0.7325 -3.6846 0.0006
-1.0106 -3.6459 0.0012
-4.7448 1.1683 0.0000
-0.4870 -1.0498 0.1376
-0.5756 -1.1523 0.1240
-0.6904 -1.2723 0.1019
-0.8741 -1.3664 0.0682
-0.5195 -1.2694 0.1345
-0.5789 -1.3900 0.1198
-0.7271 -1.4469 0.0908
-0.8066 -1.5960 0.0716
-0.9908 -1.5295 0.0482
-4.4957 -0.0279 0.0000
-0.8641 1.4109 0.0000
-0.7414 4.2724 0.0068
2.0058 -2.1684 0.0000
1.7410 -2.4053 0.0000
-4.2509 3.3638 0.0000
-4.4793 3.1630 0.0000
-3.3104 -0.2362 0.0012
-1.9934 -2.3037 0.0249
-2.2115 -2.4453 0.0215
3.5128 3.3107 0.0000
3.3036 3.1100 0.0000
3.0517 3.1593 0.0000
-2.4245 1.5682 0.1607
-2.5000 1.5982 0.1974
-2.5082 1.5048 0.1936
-2.5068 1.4088 0.1855
-2.5960 1.3677 0.2053
-2.5931 1.4645 0.2080
-2.6855 1.4308 0.1890
-2.6810 1.3376 0.1924
-2.7561 1.3483 0.1561
-2.6208 1.2643 0.2025
-2.7226 1.2555 0.1764
-2.6268 1.1686 0.1991
-2.7089 1.1824 0.1829
-2.7187 1.1010 0.1789
-2.8137 1.1556 0.1270
-1.6091 3.2029 0.0531
-1.2149 2.9177 0.0076
-1.4048 3.0813 0.0233
-1.4406 2.8161 0.0147
-1.6319 2.9706 0.0425
-1.7403 2.8134 0.0485
-1.8893 2.9327 0.0912
-1.9051 2.7301 0.0778
2.2940 0.0125 0.0000
2.0244 -0.1271 0.0000
2.0232 -0.3797 0.0000
0.0988 -3.9084 0.0000
-0.0940 -4.0965 0.0000
2.4375 -3.4455 0.0000
-4.2985 -1.4218 0.0000
2.0148 4.7603 0.0000
-3.5824 2.9850 0.0000
-3.7981 2.8029 0.0000
-4.2577 -3.7582 0.0000
-4.4986 -3.9062 0.0000
-4.7446 0.1414 0.0000
-2.5723 0.5059 0.1456
-2.4480 0.4545 0.0817
-2.6050 0.4014 0.1505
4.2543 0.2289 0.0000
4.1064 0.0417 0.0000
3.9936 -0.1994 0.0000
0.3877 -4.0237 0.0000
0.1704 -4.2177 0.0000
0.9810 -0.4620 0.0068
0.7388 -0.3377 0.0170
4.0345 0.3651 0.0000
3.8921 0.1369 0.0000
0.5650 -4.5070 0.0000
0.4558 -4.7482 0.0000
0.2927 -0.2772 0.0489
0.0921 -0.3820 0.0780
0.5116 -0.4589 0.0470
0.2998 -0.4533 0.0724
0.3690 -0.6072 0.0840
0.2572 -0.6815 0.1117
0.1731 -0.5541 0.1020
0.0239 -0.5476 0.1113
0.1186 -0.6828 0.1291
0.0613 -0.7710 0.1480
-0.0093 -0.6763 0.1360
-0.1255 -0.7290 0.1451
0.3612 0.9438 0.0001
0.2539 0.6878 0.0008
-3.4695 -4.0258 0.0000
-3.6360 -4.2689 0.0000
4.7640 -4.7729 0.0000
-1.6222 2.6545 0.0214
-1.8294 2.5302 0.0413
-1.8562 2.2807 0.0266
-2.6722 2.4645 0.1030
1.9004 -0.6078 0.0000
1.6309 -0.6258 0.0000
1.4288 -0.7666 0.0003
0.1867 -0.7972 0.1382
0.0976 -0.8516 0.1561
0.0041 -0.8675 0.1648
-0.0646 -0.9106 0.1716
0.1487 -0.9244 0.1580
0.0537 -0.9454 0.1704
-0.0267 -0.9854 0.1782
0.2358 -0.8962 0.1415
0.2301 -1.0049 0.1509
0.1304 -1.0144 0.1677
0.0473 -1.0488 0.1785
-0.0616 -1.0749 0.1844
0.1842 -1.0888 0.1629
0.0990 -1.1359 0.1763
0.0075 -1.1311 0.1841
-0.0571 -1.1841 0.1867
-0.1244 -1.1417 0.1856
-0.1008 -1.2498 0.1856
-0.1786 -1.2209 0.1829
-0.1828 -1.0917 0.1811
-0.2409 -1.1635 0.1778
-0.2875 -1.2435 0.1721
-0.3306 -1.3281 0.1638
1.9911 -3.1812 0.0000
2.8564 1.3516 0.0000
2.6739 1.1427 0.0000
-4.0420 1.1560 0.0000
3.7774 1.9665 0.0000
3.5179 1.9285 0.0000
3.7422 3.9243 0.0000
3.7194 3.6296 0.0000
3.7478 3.3519 0.0000
-4.2442 0.7117 0.0000
-1.1829 4.2185 0.0196
2.2830 -3.6926 0.0000
2.1074 -3.9550 0.0000
2.1315 -4.2037 0.0000
-3.7387 -4.5078 0.0000
-3.9117 -4.7447 0.0000
1.4059 -3.1817 0.0000
1.1113 -3.2256 0.0000
-2.8949 1.5901 0.0652
-3.1100 1.5357 0.0112
-3.1761 1.2596 0.0068
-3.2545 0.9990 0.0034
-2.7215 -2.2169 0.0047
-2.9785 -2.2866 0.0006
-3.0505 -2.5602 0.0002
-3.3271 -2.6074 0.0000
3.9438 -1.3075 0.0000
-4.7384 0.4234 0.0000
2.5490 0.9487 0.0000
2.2696 0.8925 0.0000
2.0472 0.9785 0.0000
1.9591 0.7452 0.0000
3.7846 1.6837 0.0000
3.5967 1.4362 0.0000
-0.9964 0.6787 0.0004
-1.1637 0.4500 0.0008
-1.3306 0.2210 0.0011
2.8516 -0.9239 0.0000
-2.4041 0.8556 0.0812
-2.4387 0.6526 0.0868
-2.5631 0.6066 0.1481
-2.3780 -0.4849 0.0434
-2.4668 -0.7270 0.0710
-2.5404 -0.5951 0.0909
-2.6889 -0.6027 0.0921
-2.6687 -0.7760 0.0831
-2.2988 -0.9875 0.0325
-2.4950 -0.8953 0.0750
-2.4961 -1.0909 0.0701
-2.6818 -0.9854 0.0655
-2.6457 -1.1980 0.0569
4.7212 -3.3694 0.0000
4.4822 -3.5016 0.0000
1.1752 2.3485 0.0000
1.0279 2.0953 0.0000
4.1586 -3.0995 0.0000
4.0737 -3.3812 0.0000
3.5273 -1.7032 0.0000
4.5357 0.9654 0.0000
-1.6119 0.1951 0.0004
-1.7199 -0.1416 0.0007
2.7438 -2.4101 0.0000
2.6691 -2.6505 0.0000
-3.9996 3.5921 0.0000
-3.9919 3.3395 0.0000
-4.1747 3.1002 0.0000
0.8497 -2.4938 0.0004
0.6520 -2.2591 0.0052
0.5805 -2.5563 0.0021
0.2977 -2.6006 0.0079
1.2449 -4.7531 0.0000
3.3234 -3.9785 0.0000
3.1420 -4.1782 0.0000
-0.7361 -0.7042 0.0682
-0.9273 -0.8192 0.0493
-1.1703 -0.7648 0.0224
-1.0536 -1.0262 0.0405
-4.7406 0.6971 0.0000
2.0103 3.1328 0.0000
1.1740 1.8662 0.0000
1.0344 1.6485 0.0000
3.7347 0.4009 0.0000
3.6198 0.1667 0.0000
-4.1817 -0.8915 0.0000
4.0794 0.8547 0.0000
3.9035 0.6287 0.0000
1.7484 -4.7282 0.0000
2.6301 -0.3947 0.0000
2.4514 -0.5500 0.0000
-0.4251 2.9007 0.0001
-0.6441 2.7464 0.0003
4.7321 4.5088 0.0000
4.5290 4.3382 0.0000
3.5132 -3.2007 0.0000
3.3309 -3.4026 0.0000
-0.6919 0.6583 0.0009
-3.9191 -1.0291 0.0000
-4.7561 -4.7602 0.0000
4.2077 -4.7468 0.0000
3.9117 -4.7619 0.0000
3.4294 -3.7631 0.0000
3.7497 -0.3721 0.0000
3.5017 -0.2725 0.0000
-1.7969 3.0927 0.0805
-1.9671 3.0842 0.1166
-2.0479 2.9768 0.1321
3.3453 -2.9707 0.0000
2.7510 2.9770 0.0000
2.5131 2.8609 0.0000
-0.6387 3.9886 0.0048
-0.8920 3.8301 0.0110
4.2741 -2.0424 0.0000
3.9275 -2.0751 0.0000
-1.6549 -1.3622 0.0051
-2.6709 -4.0266 0.0000
-2.9946 -4.2543 0.0000
-0.8645 0.4220 0.0020
-1.0297 0.1889 0.0034
-1.7217 4.4299 0.0220
-1.9979 4.4347 0.0173
1.4783 0.9845 0.0000
1.4561 0.7235 0.0000
3.2313 1.8240 0.0000
-4.5214 4.5119 0.0000
-3.0643 -3.2861 0.0000
-3.2029 -3.5200 0.0000
2.1614 -2.6817 0.0000
4.2986 -0.9496 0.0000
2.0423 -4.7510 0.0000
1.4943 4.5311 0.0000
1.2007 4.4890 0.0000
1.3918 4.2595 0.0000
1.1230 4.1857 0.0000
4.7760 -3.1038 0.0000
-3.5357 -2.1085 0.0000
-3.7421 -2.3570 0.0000
-3.9576 -2.5401 0.0000
4.2095 -2.8216 0.0000
-2.9817 1.0589 0.0421
-3.0712 0.7968 0.0196
-3.3319 0.7134 0.0016
1.6969 1.6760 0.0000
1.5177 1.4857 0.0000
-4.7540 -1.7276 0.0000
0.1550 2.5872 0.0000
0.1463 2.3016 0.0000
3.0415 1.5820 0.0000
1.7477 -0.0201 0.0000
1.7457 -0.3250 0.0000
2.4782 -2.8856 0.0000
2.2491 -2.9410 0.0000
2.3776 1.9420 0.0000
2.2107 1.7150 0.0000
-4.2972 3.9195 0.0000
-4.2524 3.6341 0.0000
-4.5038 3.4516 0.0000
-4.7427 3.4089 0.0000
-4.7469 3.1891 0.0000
-3.7511 -4.0109 0.0000
-3.9453 -4.2014 0.0000
-3.9944 -4.4756 0.0000
1.8479 -3.4347 0.0000
1.9894 -3.6949 0.0000
1.7053 -3.6940 0.0000
4.7640 0.4748 0.0000
4.5837 0.3114 0.0000
4.0180 -2.6287 0.0000
3.4359 -2.2024 0.0000
3.1490 -2.1807 0.0000
3.2832 -2.4543 0.0000
4.7515 0.7935 0.0000
4.5399 0.6316 0.0000
4.1595 -3.9792 0.0000
0.8745 -0.9723 0.0193
0.6387 -1.0418 0.0568
0.5742 -1.2266 0.0694
0.4174 -1.1795 0.1106
0.3122 -1.0828 0.1367
0.3095 -1.2372 0.1365
0.2637 -1.1579 0.1483
0.1859 -1.1783 0.1636
0.2015 -1.2641 0.1588
3.7264 -3.7356 0.0000
-4.5410 1.8649 0.0000
0.6110 -1.6522 0.0378
0.4126 -1.7291 0.0692
0.2688 -1.6891 0.1045
0.1251 -1.7072 0.1270
0.0208 -1.7458 0.1328
0.2042 -1.8211 0.0981
0.1767 -2.0356 0.0712
0.0827 -1.8753 0.1076
-0.0659 -1.8498 0.1228
-0.0140 -2.0017 0.0978
1.4837 -4.7477 0.0000
1.8782 -2.6691 0.0000
1.9931 -2.9350 0.0000
0.7009 3.5377 0.0000
0.4344 3.4453 0.0000
0.6316 3.2521 0.0000
0.3540 3.1779 0.0000
4.7411 -0.4689 0.0000
4.7608 -0.7729 0.0000
-0.5664 -0.7941 0.1035
-0.3166 -0.7658 0.1365
-0.4206 -0.8407 0.1321
-0.5199 -0.9233 0.1235
-0.7013 -0.8844 0.0880
-0.6192 -1.0047 0.1105
-0.7190 -1.1068 0.0953
-0.8325 -0.9829 0.0709
-0.8826 -1.1771 0.0674
1.0625 -1.1192 0.0057
0.8047 -1.2344 0.0255
-0.5529 -2.7399 0.0315
-0.7031 -2.9268 0.0210
-0.7471 -3.1531 0.0104
-4.4905 -4.7345 0.0000
2.5155 -2.3570 0.0000
2.4138 -2.6186 0.0000
-1.0905 -4.1264 0.0000
-1.1829 -4.3534 0.0000
-4.0488 4.6435 0.0000
-3.9789 4.3954 0.0000
-4.2628 4.4704 0.0000
-4.1768 4.1661 0.0000
-4.4494 4.2586 0.0000
2.2595 -2.3828 0.0000
2.0097 -2.4196 0.0000
-0.6130 2.4401 0.0000
-0.8647 2.5737 0.0004
-1.1007 2.4187 0.0006
-0.5856 2.1483 0.0000
-0.5991 1.8772 0.0000
-2.3701 -1.2384 0.0505
-2.5286 -1.3493 0.0596
-2.4669 -1.5138 0.0531
-2.6412 -1.6178 0.0308
-2.8276 -1.7558 0.0072
-3.1217 -1.7880 0.0006
-3.9190 -0.4849 0.0000
-3.9414 -0.7459 0.0000
0.5672 -1.9117 0.0262
0.4180 -2.1162 0.0284
0.3977 -2.3710 0.0131
0.3318 -1.9076 0.0634
4.7783 -2.6313 0.0000
4.6978 -2.8779 0.0000
-0.7878 -2.1828 0.0480
-0.8930 -1.9959 0.0445
-1.0202 -2.2198 0.0306
-2.9904 1.8212 0.0262
3.0230 -0.7381 0.0000
-4.2432 -4.5584 0.0000
-4.1909 -4.7790 0.0000
-3.3573 0.0475 0.0009
-3.5881 -0.0960 0.0001
-3.7904 -0.2744 0.0000
1.4818 0.1293 0.0000
2.9637 3.9307 0.0000
2.8817 3.6917 0.0000
-0.0541 -0.0211 0.0300
-0.3143 -0.1057 0.0361
4.4858 2.8328 0.0000
4.1913 2.7129 0.0000
4.1978 2.3772 0.0000
0.0858 3.0990 0.0000
-0.1748 3.0113 0.0000
-0.1673 2.7343 0.0000
-0.3893 2.5954 0.0000
3.0015 2.9128 0.0000
2.7821 2.6831 0.0000
3.1757 -3.1848 0.0000
3.0250 -3.4249 0.0000
2.8933 -3.6763 0.0000
4.7516 -1.3977 0.0000
-0.1700 4.7569 0.0006
-0.4734 4.7585 0.0017
-0.6380 4.5143 0.0040
-0.7702 4.7758 0.0034
-0.9058 4.5630 0.0070
-0.9829 4.3626 0.0112
1.0975 3.1110 0.0000
0.9664 2.8357 0.0000
0.5586 2.9695 0.0000
0.3063 2.8958 0.0000
0.4191 2.6735 0.0000
-1.7590 -3.7839 0.0005
-1.9461 -4.0022 0.0001
1.4845 -0.1526 0.0001
1.4652 -0.4357 0.0002
2.1852 -0.6020 0.0000
2.0622 -0.8689 0.0000
1.7839 -0.8556 0.0000
4.1888 -0.6916 0.0000
-2.7692 -2.4901 0.0015
-1.1278 1.8492 0.0000
-1.3826 1.6981 0.0001
-1.1153 -4.7160 0.0000
-1.3425 -4.5120 0.0000
-1.4313 -4.7620 0.0000
-1.6429 -4.5346 0.0000
-1.7466 -4.7700 0.0000
3.8079 2.3306 0.0000
3.6321 2.1770 0.0000
2.5919 -3.7296 0.0000
2.3638 -3.9523 0.0000
2.3867 -4.2276 0.0000
-4.7526 -2.6275 0.0000
-0.4753 -4.7516 0.0000
-4.2555 -2.9015 0.0000
-4.2224 -3.1641 0.0000
-4.4938 -3.3206 0.0000
1.6918 -4.4455 0.0000
3.7299 -0.0882 0.0000
3.9159 4.7684 0.0000
-1.0852 -1.2732 0.0394
-1.2120 -1.4965 0.0257
4.5169 3.1436 0.0000
4.2779 3.0167 0.0000
1.2273 -0.2952 0.0010
1.1536 2.6006 0.0000
0.8958 2.5745 0.0000
0.9145 2.3367 0.0000
0.6419 2.4340 0.0000
0.7128 2.1482 0.0000
-4.7610 -1.4111 0.0000
2.2695 2.9941 0.0000
1.5727 1.2081 0.0000
1.2104 -0.0011 0.0005
0.9343 0.0934 0.0019
0.9809 -0.1844 0.0036
0.7389 -0.0743 0.0082
0.5025 -0.2218 0.0275
-2.0397 2.4009 0.0830
-2.1471 2.2879 0.1102
