5.0000 5.0000 0.0000
0.0000 5.0000 0.0000
2.5000 5.0000 0.0000
3.7500 5.0000 0.0000
4.3750 5.0000 0.0000
4.6875 5.0000 0.0000
4.0625 5.0000 0.0000
3.1250 5.0000 0.0000
3.4375 5.0000 0.0000
2.8125 5.0000 0.0000
1.2500 5.0000 0.0000
1.8750 5.0000 0.0000
2.1875 5.0000 0.0000
1.5625 5.0000 0.0000
0.6250 5.0000 0.0000
0.9375 5.0000 0.0000
0.3125 5.0000 0.0000
-2.5000 5.0000 0.0000
-1.2500 5.0000 0.0000
-0.6250 5.0000 0.0000
-0.3125 5.0000 0.0000
-0.9375 5.0000 0.0000
-1.8750 5.0000 0.0000
-1.5625 5.0000 0.0000
-2.1875 5.0000 0.0000
-3.7500 5.0000 0.0000
-3.1250 5.0000 0.0000
-2.8125 5.0000 0.0000
-3.4375 5.0000 0.0000
-4.3750 5.0000 0.0000
-4.0625 5.0000 0.0000
-4.6875 5.0000 0.0000
5.0000 -5.0000 0.0000
5.0000 0.0000 0.0000
5.0000 -2.5000 0.0000
5.0000 -3.7500 0.0000
5.0000 -4.3750 0.0000
5.0000 -4.6875 0.0000
5.0000 -4.0625 0.0000
5.0000 -3.1250 0.0000
5.0000 -3.4375 0.0000
5.0000 -2.8125 0.0000
5.0000 -1.2500 0.0000
5.0000 -1.8750 0.0000
5.0000 -2.1875 0.0000
5.0000 -1.5625 0.0000
5.0000 -0.6250 0.0000
5.0000 -0.9375 0.0000
5.0000 -0.3125 0.0000
5.0000 2.5000 0.0000
5.0000 1.2500 0.0000
5.0000 0.6250 0.0000
5.0000 0.3125 0.0000
5.0000 0.9375 0.0000
5.0000 1.8750 0.0000
5.0000 1.5625 0.0000
5.0000 2.1875 0.0000
5.0000 3.7500 0.0000
5.0000 3.1250 0.0000
5.0000 2.8125 0.0000
5.0000 3.4375 0.0000
5.0000 4.3750 0.0000
5.0000 4.0625 0.0000
5.0000 4.6875 0.0000
-5.0000 -5.0000 0.0000
0.0000 -5.0000 0.0000
-2.5000 -5.0000 0.0000
-3.7500 -5.0000 0.0000
-4.3750 -5.0000 0.0000
-4.6875 -5.0000 0.0000
-4.0625 -5.0000 0.0000
-3.1250 -5.0000 0.0000
-3.4375 -5.0000 0.0000
-2.8125 -5.0000 0.0000
-1.2500 -5.0000 0.0000
-1.8750 -5.0000 0.0000
-2.1875 -5.0000 0.0000
-1.5625 -5.0000 0.0000
-0.6250 -5.0000 0.0000
-0.9375 -5.0000 0.0000
-0.3125 -5.0000 0.0000
2.5000 -5.0000 0.0000
1.2500 -5.0000 0.0000
0.6250 -5.0000 0.0000
0.3125 -5.0000 0.0000
0.9375 -5.0000 0.0000
1.8750 -5.0000 0.0000
1.5625 -5.0000 0.0000
2.1875 -5.0000 0.0000
3.7500 -5.0000 0.0000
3.1250 -5.0000 0.0000
2.8125 -5.0000 0.0000
3.4375 -5.0000 0.0000
4.3750 -5.0000 0.0000
4.0625 -5.0000 0.0000
4.6875 -5.0000 0.0000
-5.0000 5.0000 0.0000
-5.0000 0.0000 0.0000
-5.0000 2.5000 0.0000
-5.0000 3.7500 0.0000
-5.0000 4.3750 0.0000
-5.0000 4.6875 0.0000
-5.0000 4.0625 0.0000
-5.0000 3.1250 0.0000
-5.0000 3.4375 0.0000
-5.0000 2.8125 0.0000
-5.0000 1.2500 0.0000
-5.0000 1.8750 0.0000
-5.0000 2.1875 0.0000
-5.0000 1.5625 0.0000
-5.0000 0.6250 0.0000
-5.0000 0.9375 0.0000
-5.0000 0.3125 0.0000
-5.0000 -2.5000 0.0000
-5.0000 -1.2500 0.0000
-5.0000 -0.6250 0.0000
-5.0000 -0.3125 0.0000
-5.0000 -0.9375 0.0000
-5.0000 -1.8750 0.0000
-5.0000 -1.5625 0.0000
-5.0000 -2.1875 0.0000
-5.0000 -3.7500 0.0000
-5.0000 -3.1250 0.0000
-5.0000 -2.8125 0.0000
-5.0000 -3.4375 0.0000
-5.0000 -4.3750 0.0000
-5.0000 -4.0625 0.0000
-5.0000 -4.6875 0.0000
3.1098 2.6578 0.0000
2.8615 2.5983 0.0000
2.5575 2.3622 0.0000
-4.4309 -3.7561 0.0000
-4.7221 -3.5793 0.0000
-4.7381 -3.8286 0.0000
2.7934 1.6212 0.0000
-1.2700 1.3390 0.0003
-4.2495 -0.0682 0.0000
-0.3289 3.5368 0.0000
-0.2252 3.2787 0.0000
1.3318 3.5277 0.0000
-4.7218 -1.6513 0.0000
-2.6946 0.4809 0.0000
-3.0466 -0.9037 0.0000
3.1363 3.5218 0.0000
-0.2430 2.0867 0.0012
-3.6918 0.6638 0.0000
-3.9528 -0.0756 0.0000
-0.0716 3.0707 0.0000
-1.6460 -1.7763 0.0000
-3.2506 -2.4772 0.0000
4.2336 -4.7886 0.0000
1.1424 2.7497 0.0000
0.9526 2.5852 0.0002
0.6553 2.5827 0.0002
0.7861 2.3297 0.0009
0.5078 2.3580 0.0008
0.5568 2.1004 0.0031
1.3075 2.5533 0.0001
1.0844 2.3534 0.0006
4.7683 -0.1445 0.0000
4.5601 -0.3182 0.0000
4.6082 -0.6058 0.0000
-2.1094 4.4940 0.0000
-2.3220 4.3596 0.0000
-2.5634 4.4858 0.0000
-2.5561 4.2013 0.0000
-2.7865 4.0597 0.0000
-2.0300 4.7635 0.0000
-2.3362 4.7048 0.0000
-2.2249 3.2591 0.0000
-2.4470 3.1186 0.0000
-2.4292 2.8191 0.0000
-4.5025 -4.2729 0.0000
-4.7470 -4.2830 0.0000
-4.7544 -4.5288 0.0000
-4.5127 -4.5198 0.0000
-4.7639 -4.7745 0.0000
-1.3241 -0.0025 0.0015
-2.6347 4.7702 0.0000
-2.8094 4.5788 0.0000
-4.2439 -4.3637 0.0000
-4.5185 3.7918 0.0000
-4.5460 3.4913 0.0000
-4.7689 3.6230 0.0000
-1.2499 -4.7324 0.0000
-0.8450 -2.3408 0.0000
0.1641 0.0031 0.3310
-4.2235 2.1303 0.0000
3.4575 3.5191 0.0000
3.3269 3.2785 0.0000
3.0610 3.2194 0.0000
2.8108 3.1181 0.0000
2.2019 1.8496 0.0000
2.0584 1.6272 0.0002
3.2040 4.2658 0.0000
2.5714 -1.2717 0.0000
1.7756 -1.5654 0.0005
-2.8480 4.3069 0.0000
1.5422 3.6885 0.0000
-1.1572 -2.0168 0.0000
-0.9258 2.2504 0.0000
-1.0843 2.0374 0.0001
-1.2900 1.8609 0.0000
4.2401 0.0996 0.0000
-2.0508 4.2175 0.0000
-2.2989 4.0655 0.0000
-2.0363 3.9345 0.0000
-2.3167 3.7789 0.0000
1.2595 0.2843 0.2049
-1.3857 -4.0537 0.0000
-1.8625 -4.3112 0.0000
-2.0904 -4.3907 0.0000
-1.7387 -4.7706 0.0000
-1.9817 -4.6697 0.0000
-2.2476 -4.6025 0.0000
3.5119 -1.4888 0.0000
-2.4078 -3.7308 0.0000
-4.1909 1.3835 0.0000
-4.3106 1.1385 0.0000
-4.7355 1.1434 0.0000
-4.1120 -3.8680 0.0000
1.8442 2.6318 0.0000
-4.2933 -4.0680 0.0000
-4.5425 -4.0136 0.0000
-4.7862 -4.0672 0.0000
2.0467 3.8300 0.0000
-3.7347 -2.6281 0.0000
-4.2621 4.2383 0.0000
3.9624 4.0776 0.0000
3.8974 3.7847 0.0000
3.7752 3.5296 0.0000
-0.3911 -1.7683 0.0012
-0.5997 -2.0118 0.0002
-3.9599 -1.8870 0.0000
-4.0508 -2.1787 0.0000
-4.2170 -1.9083 0.0000
-4.3424 -2.1528 0.0000
-0.5701 2.5302 0.0000
-0.8515 2.4849 0.0000
2.3313 3.3678 0.0000
2.0655 -4.3665 0.0000
-1.3796 -2.1808 0.0000
4.7625 -3.3013 0.0000
4.5219 -3.2404 0.0000
4.4787 -3.5069 0.0000
-0.1589 4.7448 0.0000
-0.4596 4.7487 0.0000
-0.5798 4.4861 0.0000
2.2243 0.0940 0.0004
-0.2683 0.5848 0.1057
-0.7046 1.2351 0.0071
-0.8884 1.0127 0.0057
-1.0404 0.7802 0.0043
3.7801 -1.9546 0.0000
3.4743 -1.9926 0.0000
-3.1001 -0.6417 0.0000
-3.3136 -0.8163 0.0000
-3.5032 -1.0227 0.0000
-1.6982 -1.5062 0.0000
-2.8870 -1.7971 0.0000
-0.5128 2.0020 0.0008
3.7332 1.8432 0.0000
3.5146 1.5839 0.0000
4.4825 0.2765 0.0000
-1.8404 -2.5457 0.0000
-2.2034 -2.7301 0.0000
-2.3919 -2.9880 0.0000
-4.5118 1.9112 0.0000
2.1855 4.5193 0.0000
2.1361 4.2753 0.0000
-4.7430 2.9801 0.0000
-0.4644 0.7152 0.0505
-1.1661 -4.2166 0.0000
-1.3660 -4.3887 0.0000
-1.9379 3.1483 0.0000
2.5860 1.0811 0.0000
2.4193 0.8987 0.0000
-4.4766 2.2050 0.0000
-4.3198 0.6523 0.0000
-4.4978 0.4239 0.0000
-3.1790 -1.3922 0.0000
-3.4145 -1.6005 0.0000
-1.1676 0.5162 0.0031
4.7590 4.7232 0.0000
-0.4598 -3.1041 0.0000
-0.7071 -3.1051 0.0000
-4.2851 0.8764 0.0000
-4.5221 0.9761 0.0000
-4.7735 0.8489 0.0000
-1.8280 1.9661 0.0000
-1.9282 1.7631 0.0000
-2.1299 1.6177 0.0000
1.8124 1.5581 0.0013
1.5526 1.4719 0.0073
1.5143 1.1693 0.0212
1.5775 3.0766 0.0000
1.2975 2.9424 0.0000
-3.2491 4.7464 0.0000
-3.4871 0.1095 0.0000
-0.3996 2.6925 0.0000
3.9214 -3.7766 0.0000
3.7629 -3.9859 0.0000
1.8851 4.4004 0.0000
1.6196 4.2279 0.0000
-0.3778 2.3278 0.0002
-1.3764 1.6230 0.0001
-1.5741 1.8725 0.0000
-1.7022 1.6262 0.0000
-2.7961 -0.8751 0.0000
-2.1545 -1.8321 0.0000
-3.7355 -1.2089 0.0000
-3.9482 -1.3829 0.0000
-3.9327 -1.6406 0.0000
-1.4935 -3.1852 0.0000
-0.8220 0.0202 0.0217
-1.3154 0.7911 0.0009
-1.4381 0.5511 0.0005
-1.6547 0.3601 0.0001
-2.3244 3.4930 0.0000
4.4874 0.5649 0.0000
-3.4656 2.0141 0.0000
-3.5307 1.7485 0.0000
4.0529 -2.9665 0.0000
4.7738 -1.1090 0.0000
4.7591 -1.4162 0.0000
4.5357 -1.2562 0.0000
-3.7286 1.9622 0.0000
3.4766 4.2612 0.0000
0.6547 -1.4193 0.0254
3.1027 4.6165 0.0000
2.9657 4.4009 0.0000
0.5541 -2.9966 0.0000
0.5304 -3.4039 0.0000
2.4072 2.8414 0.0000
2.1023 2.7780 0.0000
-3.9104 3.6378 0.0000
1.0967 -3.5547 0.0000
1.1892 -3.8396 0.0000
1.0103 -4.0255 0.0000
0.3629 -3.2221 0.0000
-3.6172 1.4872 0.0000
3.1589 -1.1435 0.0000
2.9616 -1.3134 0.0000
-3.3409 3.1639 0.0000
2.5655 0.7087 0.0000
2.3884 0.5451 0.0001
-2.9240 -1.1717 0.0000
-3.2280 -1.1131 0.0000
3.1748 -2.0689 0.0000
-3.3638 -3.4714 0.0000
2.2262 4.0091 0.0000
-4.2896 2.6921 0.0000
-1.3920 4.7346 0.0000
-3.3391 4.4615 0.0000
-0.3190 -2.8395 0.0000
3.8051 -3.1751 0.0000
-2.5985 3.6066 0.0000
-1.0310 2.7501 0.0000
-1.3392 2.6733 0.0000
-0.8954 2.9841 0.0000
2.7292 0.1068 0.0000
2.4695 -0.0476 0.0000
2.2109 -0.2037 0.0004
-0.9346 -3.0795 0.0000
-1.2158 -3.1358 0.0000
-1.0078 -3.3365 0.0000
-1.3064 -3.4015 0.0000
-0.1209 -2.2617 0.0002
-0.2769 -2.4642 0.0000
-0.4656 -2.5904 0.0000
-0.6094 -2.8512 0.0000
3.2002 4.0220 0.0000
3.0220 3.8116 0.0000
1.7025 -3.0116 0.0000
1.5267 -3.2227 0.0000
1.3027 -3.3429 0.0000
1.3908 -3.5954 0.0000
0.4411 -2.7189 0.0000
0.1568 -2.6989 0.0000
-0.0329 -2.9066 0.0000
-1.9253 -1.6645 0.0000
-3.8823 -0.3527 0.0000
0.5179 -1.9290 0.0027
-3.5278 -3.9719 0.0000
1.0085 -1.8265 0.0033
-2.7570 3.2585 0.0000
-3.0535 3.2374 0.0000
3.1786 -4.2498 0.0000
2.5785 -0.9663 0.0000
-0.8342 3.8040 0.0000
0.6069 -0.1873 0.4272
-4.7508 2.0530 0.0000
-3.4554 2.8814 0.0000
2.9475 4.7607 0.0000
-3.1740 0.8657 0.0000
4.7475 -3.5884 0.0000
4.7565 -3.9051 0.0000
-3.6630 3.6297 0.0000
-3.5478 1.1987 0.0000
-3.8015 1.2766 0.0000
4.7510 -4.1947 0.0000
4.7202 -4.5035 0.0000
-3.0985 2.0745 0.0000
-3.2476 1.8910 0.0000
-3.0640 1.6989 0.0000
-3.3193 1.6380 0.0000
-3.3404 1.3992 0.0000
-1.5467 1.4006 0.0000
-3.3890 3.6702 0.0000
0.9126 -1.5795 0.0115
0.6910 -1.7125 0.0075
-3.9954 -2.4778 0.0000
-4.2734 -2.6698 0.0000
-4.0907 3.4641 0.0000
0.7986 0.3611 0.4253
0.8405 0.1416 0.4449
0.5957 0.2258 0.4755
0.6578 0.0141 0.4763
0.4538 0.0395 0.4549
-3.3899 -3.7144 0.0000
-2.4143 -1.2062 0.0000
-2.9203 -1.4875 0.0000
2.4245 3.8653 0.0000
3.0442 -1.8434 0.0000
0.7710 4.0800 0.0000
0.6462 3.8563 0.0000
0.4520 3.6491 0.0000
0.1782 3.5914 0.0000
0.3252 3.3612 0.0000
0.1107 3.2617 0.0000
4.7445 0.4263 0.0000
4.7492 0.1457 0.0000
4.3409 -3.0415 0.0000
4.0592 -3.2281 0.0000
4.2621 -3.3620 0.0000
4.1079 -3.5656 0.0000
-2.1842 2.6842 0.0000
-2.4394 2.5247 0.0000
-2.5867 1.0272 0.0000
0.2721 1.9761 0.0048
0.4867 1.8116 0.0116
3.2345 2.0449 0.0000
3.0104 1.8208 0.0000
1.6907 -3.7197 0.0000
1.2531 3.7840 0.0000
-1.6010 3.7329 0.0000
-1.8503 3.7124 0.0000
-2.0885 3.6334 0.0000
3.3282 -2.6086 0.0000
3.0499 -2.5988 0.0000
3.0285 -2.8377 0.0000
-1.5773 -4.2504 0.0000
-1.7135 -4.5111 0.0000
3.6244 2.7881 0.0000
3.5853 2.5653 0.0000
3.4739 2.3013 0.0000
4.2423 -4.2362 0.0000
4.0103 -4.3816 0.0000
4.1193 -4.5839 0.0000
3.7902 -4.5219 0.0000
3.9227 -4.7579 0.0000
3.8032 -0.5244 0.0000
3.5460 -0.6900 0.0000
3.3471 -0.9221 0.0000
-4.0811 0.9178 0.0000
-4.0603 0.6376 0.0000
-0.9560 -0.4927 0.0076
-1.7306 2.9505 0.0000
3.4544 4.0162 0.0000
3.3083 3.7598 0.0000
-0.8656 4.5101 0.0000
-1.0214 4.2777 0.0000
-4.1061 3.7952 0.0000
2.5616 -0.6695 0.0000
2.3159 -0.8218 0.0000
3.6007 0.5999 0.0000
-4.7448 4.5217 0.0000
0.5630 -0.6087 0.2442
-3.7066 -3.1633 0.0000
3.1240 2.3464 0.0000
2.9430 2.0942 0.0000
4.7544 -1.7136 0.0000
4.4970 -1.5640 0.0000
4.2802 -1.7342 0.0000
4.5193 -1.8745 0.0000
4.3055 -2.0310 0.0000
4.0905 -1.9287 0.0000
1.3706 2.2790 0.0004
1.1792 2.0875 0.0019
1.0438 1.8165 0.0086
3.2362 0.9962 0.0000
-1.0262 -2.5700 0.0000
-1.2648 -2.6641 0.0000
-3.2420 2.7038 0.0000
-3.3163 2.4748 0.0000
-3.3341 2.2112 0.0000
2.2307 3.0654 0.0000
1.9485 3.0028 0.0000
4.5135 -2.7755 0.0000
4.2504 -2.7572 0.0000
-0.2039 1.3227 0.0258
-0.5019 1.4313 0.0081
-3.5185 3.3869 0.0000
-0.0416 -1.0033 0.0478
0.2412 2.2739 0.0011
0.0208 2.0713 0.0022
-4.5611 0.6921 0.0000
-4.7812 0.5719 0.0000
1.4379 -1.6758 0.0020
2.2587 3.6460 0.0000
2.0122 3.5294 0.0000
-2.6780 -2.9746 0.0000
-2.8651 -3.1773 0.0000
-4.0768 0.1739 0.0000
3.6887 -2.2297 0.0000
3.5354 -2.4618 0.0000
-0.3124 -0.2033 0.1135
-0.3182 -0.5134 0.0756
-0.4861 -0.7098 0.0324
-4.7672 -2.4033 0.0000
-1.9467 2.8403 0.0000
-3.6306 -3.4459 0.0000
-2.8954 3.0257 0.0000
-3.1563 2.9468 0.0000
-0.1165 3.9996 0.0000
-0.3594 3.8526 0.0000
2.3316 -4.7695 0.0000
-0.3056 2.9385 0.0000
3.7718 -1.5755 0.0000
3.5975 -1.7566 0.0000
1.2307 -1.3762 0.0138
1.1824 -1.6108 0.0062
-3.8404 4.5182 0.0000
-3.9411 4.2873 0.0000
1.5767 -4.5714 0.0000
0.4506 -0.3798 0.3313
0.2772 -0.5455 0.2230
1.5946 -4.2971 0.0000
-1.3566 -1.0259 0.0002
-0.9319 -1.2674 0.0012
-1.1842 -1.2689 0.0003
-1.4440 -1.2841 0.0001
-1.4527 -1.5343 0.0000
0.0833 1.2794 0.0517
-0.0950 1.0751 0.0644
2.6999 -0.2046 0.0000
-3.3857 -0.5436 0.0000
0.8666 -2.9917 0.0000
0.7068 -3.2174 0.0000
4.7673 0.9386 0.0000
4.5186 0.8575 0.0000
-3.3780 -4.7295 0.0000
-3.6080 -4.7555 0.0000
-4.7304 0.3515 0.0000
-3.8255 3.3411 0.0000
-3.8993 3.0374 0.0000
-3.8950 -4.7368 0.0000
-4.1623 -4.7777 0.0000
-4.2637 -4.6144 0.0000
-4.4966 -4.7711 0.0000
3.2111 0.2730 0.0000
0.3389 -3.5738 0.0000
-2.4739 -0.2217 0.0000
-3.0918 -0.1432 0.0000
-3.3838 -0.1834 0.0000
1.0261 -0.4493 0.2394
3.7171 -4.2569 0.0000
3.6261 -4.7393 0.0000
3.4607 -4.1491 0.0000
-2.5424 2.2942 0.0000
-2.7772 2.4473 0.0000
-2.5270 2.0052 0.0000
-2.7994 2.1452 0.0000
-2.9111 1.8974 0.0000
-3.5539 2.6198 0.0000
-3.8255 2.4863 0.0000
-4.1884 2.4197 0.0000
3.3395 2.5320 0.0000
-3.1226 -3.6956 0.0000
-0.8491 0.2858 0.0186
-2.3143 0.0073 0.0000
-2.4341 -1.4672 0.0000
-2.4208 -1.7460 0.0000
4.0275 2.9926 0.0000
4.3045 2.9691 0.0000
4.1777 2.7488 0.0000
4.1244 2.4778 0.0000
3.8919 2.7168 0.0000
3.7938 2.4451 0.0000
0.1750 0.7031 0.2165
-4.2028 -1.3603 0.0000
-4.4634 -1.4765 0.0000
-1.7827 -0.7505 0.0000
-1.6030 4.5092 0.0000
-1.8136 4.2762 0.0000
4.1032 -0.9170 0.0000
3.8321 -0.7964 0.0000
1.3379 -4.4433 0.0000
4.5195 2.3372 0.0000
4.4624 2.0200 0.0000
4.2951 2.2691 0.0000
4.1233 2.1173 0.0000
4.2394 1.9172 0.0000
3.9699 1.9091 0.0000
-0.4852 -3.8800 0.0000
-0.2667 -0.8762 0.0406
-0.4957 -0.9957 0.0154
-0.2650 -1.1910 0.0163
-1.1208 -2.3090 0.0000
0.4183 0.8669 0.2103
-1.7172 -0.4736 0.0000
-2.0102 -0.5299 0.0000
-2.9946 -2.6022 0.0000
-3.2148 -2.7726 0.0000
-3.3209 -2.9780 0.0000
-3.5656 -2.9095 0.0000
-3.8161 -3.9491 0.0000
-2.8660 0.9552 0.0000
3.3081 4.7690 0.0000
-1.3574 -2.4499 0.0000
1.4606 -3.8515 0.0000
4.4942 3.1783 0.0000
4.4007 2.6081 0.0000
-1.3685 -3.7446 0.0000
-1.5899 -3.8728 0.0000
0.8768 -3.7696 0.0000
0.7209 -4.0068 0.0000
3.8740 -1.0754 0.0000
3.7074 -1.2758 0.0000
2.9286 -3.4079 0.0000
2.6463 -3.4298 0.0000
2.7756 -3.6674 0.0000
2.3644 -2.1953 0.0000
3.9585 0.2268 0.0000
3.7343 0.0472 0.0000
3.7783 -0.2429 0.0000
-2.9213 0.0599 0.0000
-3.2029 0.1045 0.0000
-0.5707 2.8785 0.0000
-0.7623 2.7359 0.0000
-2.8704 -3.4168 0.0000
-0.1326 -4.1661 0.0000
-0.2483 -4.3897 0.0000
-0.5516 -4.4572 0.0000
-4.5335 4.7361 0.0000
0.3788 -0.7426 0.1677
0.1137 -0.7689 0.1148
0.6923 4.7455 0.0000
3.0212 -3.1018 0.0000
2.7516 -3.1497 0.0000
2.4416 -3.2262 0.0000
4.0085 4.3777 0.0000
3.7294 4.2599 0.0000
3.7066 4.0045 0.0000
3.5998 3.7566 0.0000
1.3574 -4.1130 0.0000
1.1207 -4.2550 0.0000
0.8454 -4.2651 0.0000
4.0352 0.8328 0.0000
3.7872 0.7824 0.0000
2.4653 -0.3489 0.0000
2.3335 -0.5541 0.0001
2.1240 -0.4559 0.0007
2.0594 -0.7287 0.0008
-2.6649 -3.8472 0.0000
-2.9708 -4.2331 0.0000
2.3934 -3.5099 0.0000
2.5014 -3.7419 0.0000
0.4043 0.6017 0.3201
0.0977 -4.2641 0.0000
-3.7769 0.1600 0.0000
-3.6717 -0.1239 0.0000
-2.6722 -1.6240 0.0000
-4.3467 3.3352 0.0000
-4.5406 3.1672 0.0000
0.4192 4.7439 0.0000
-1.4524 1.1295 0.0002
-0.5741 3.3866 0.0000
-3.6553 -3.6972 0.0000
-3.9190 -3.6529 0.0000
1.7966 -1.0410 0.0029
1.7584 -1.3207 0.0015
-0.7187 4.2471 0.0000
-0.9189 4.0419 0.0000
2.7842 -2.8379 0.0000
2.5428 -2.9647 0.0000
2.9153 0.3153 0.0000
-4.2454 -2.4196 0.0000
1.7157 0.9748 0.0120
1.6762 0.6694 0.0256
1.4597 0.8646 0.0524
1.3725 0.5867 0.1114
4.7751 -4.7751 0.0000
2.7495 4.5527 0.0000
2.7038 4.2786 0.0000
2.5688 4.0848 0.0000
2.3823 4.2302 0.0000
-0.6623 -4.2039 0.0000
-0.9258 -4.1360 0.0000
-3.5749 2.3373 0.0000
-3.7158 2.1825 0.0000
-3.9529 2.2442 0.0000
0.1994 0.4433 0.3069
0.1052 0.2394 0.3030
1.2498 -0.8838 0.0610
1.2975 -1.1450 0.0250
1.0500 -1.0974 0.0538
0.9622 -1.3337 0.0283
-2.1021 -3.5946 0.0000
1.6422 4.5108 0.0000
1.3090 4.1985 0.0000
1.4578 3.9661 0.0000
-2.6477 0.7560 0.0000
-2.9148 0.6704 0.0000
0.8691 -2.2481 0.0004
0.8286 -2.4832 0.0001
4.3608 -0.7702 0.0000
4.3265 -1.0788 0.0000
3.5504 -3.9014 0.0000
3.2477 -3.9683 0.0000
-4.4088 0.1789 0.0000
-4.7113 0.1089 0.0000
-0.2035 -3.8976 0.0000
-0.4124 -4.1448 0.0000
-0.1481 4.2606 0.0000
-0.3032 4.4879 0.0000
-0.4143 4.1844 0.0000
-4.3586 3.0154 0.0000
4.7812 2.7339 0.0000
4.6603 2.5767 0.0000
4.7920 2.3790 0.0000
1.9412 -3.8530 0.0000
-2.0115 3.4052 0.0000
3.0621 1.5237 0.0000
-2.1987 1.9020 0.0000
1.3152 3.2072 0.0000
1.0569 3.1118 0.0000
-3.4571 -2.6658 0.0000
-0.7136 -0.5682 0.0195
-0.9918 -0.7262 0.0042
-0.7605 -0.8371 0.0093
-1.0425 -1.0001 0.0017
3.2838 -0.4022 0.0000
3.2694 -0.6533 0.0000
4.5198 -2.2028 0.0000
4.4351 -2.4913 0.0000
0.1517 -3.4231 0.0000
-0.1400 -3.4008 0.0000
-0.3095 -3.6350 0.0000
-3.1544 0.5831 0.0000
1.9601 -0.0249 0.0049
1.8985 -0.2760 0.0067
1.6258 -0.4075 0.0334
1.5499 -0.6260 0.0343
3.9171 3.2830 0.0000
3.7682 3.0242 0.0000
-0.7414 -1.1025 0.0048
-0.5106 -1.2708 0.0062
-0.7079 -1.4096 0.0019
-0.9346 -1.5395 0.0004
-3.7707 -4.2313 0.0000
-3.9853 -4.4734 0.0000
3.9840 -2.1653 0.0000
3.8885 -2.4203 0.0000
-2.7850 1.2664 0.0000
2.5365 -1.6347 0.0000
-4.5190 -1.9940 0.0000
-4.7175 -2.1504 0.0000
0.2966 -1.9926 0.0017
0.1316 -2.1820 0.0005
0.3816 -2.2316 0.0005
0.3161 -2.4577 0.0001
0.0571 -2.4437 0.0001
-0.1276 -2.6419 0.0000
-0.3106 0.1159 0.1278
-0.4588 -0.0068 0.0819
-2.9493 -3.9588 0.0000
-3.2369 -3.9691 0.0000
3.1265 -3.6036 0.0000
2.9971 -3.7672 0.0000
3.0043 -3.9850 0.0000
2.8703 -4.2194 0.0000
-2.5800 0.0369 0.0000
-2.7660 -0.1431 0.0000
-3.2953 1.1270 0.0000
-3.5045 0.9052 0.0000
1.8974 1.8540 0.0002
1.6111 1.7774 0.0018
2.0168 -4.7452 0.0000
4.4962 4.7641 0.0000
-3.4057 -4.4768 0.0000
-1.6834 -1.2489 0.0000
-2.9353 -0.3559 0.0000
-3.1974 -0.3985 0.0000
4.5244 -3.7780 0.0000
4.2850 -3.7162 0.0000
4.4614 -4.0315 0.0000
4.1710 -3.9312 0.0000
3.9782 -4.1135 0.0000
-3.6318 3.1062 0.0000
2.8370 -2.0281 0.0000
0.0068 -3.6722 0.0000
2.9506 -2.2828 0.0000
2.8100 -2.5201 0.0000
-4.2765 1.8745 0.0000
-4.3011 1.6012 0.0000
0.2830 4.4676 0.0000
0.1240 4.1820 0.0000
2.8557 0.6139 0.0000
1.8529 -0.5397 0.0064
1.7850 -0.7849 0.0063
1.5156 -0.8964 0.0218
1.5298 -1.1650 0.0093
-2.3703 -2.0213 0.0000
-2.2730 -2.2861 0.0000
-2.5617 -2.2229 0.0000
-2.7391 -2.4372 0.0000
-0.6186 3.9766 0.0000
-4.7451 2.3509 0.0000
0.1378 4.7422 0.0000
-0.0004 4.4863 0.0000
2.2703 -1.7362 0.0000
-1.0708 3.2042 0.0000
-1.1991 2.9486 0.0000
-3.6161 4.4305 0.0000
2.0943 2.4787 0.0000
1.8887 2.3470 0.0000
2.0845 2.1267 0.0000
1.7931 2.0818 0.0002
2.1299 4.7880 0.0000
1.9166 4.6790 0.0000
1.6768 4.7559 0.0000
4.7572 -2.0185 0.0000
4.7714 -2.3075 0.0000
-1.0991 -0.2361 0.0050
-1.6494 3.2149 0.0000
-2.6482 -1.9295 0.0000
-2.8325 -2.1276 0.0000
-3.0185 -2.3141 0.0000
-0.1466 -4.7569 0.0000
-0.3365 -4.6163 0.0000
-0.4750 -4.7850 0.0000
2.8286 3.6294 0.0000
2.8712 3.4005 0.0000
-2.7269 -4.3842 0.0000
-2.8865 -4.5479 0.0000
-3.1264 -4.4784 0.0000
-3.1911 -4.7279 0.0000
2.7265 1.8783 0.0000
2.4840 1.8064 0.0000
2.5622 1.5636 0.0000
2.7109 -4.4919 0.0000
-0.5918 3.6720 0.0000
-1.7130 4.7660 0.0000
-1.8670 4.5263 0.0000
-2.1898 2.9791 0.0000
0.2663 -2.9530 0.0000
0.8238 4.4171 0.0000
0.5637 4.4966 0.0000
0.6107 4.2266 0.0000
0.3762 4.2166 0.0000
0.4267 3.9739 0.0000
-3.3085 0.3580 0.0000
4.7675 -2.6935 0.0000
-0.8419 -1.8552 0.0002
-0.8856 -2.0979 0.0000
2.5223 -1.9439 0.0000
-0.0324 0.5079 0.1968
0.7953 1.6266 0.0240
0.5494 1.5811 0.0296
0.3131 1.4277 0.0439
0.3186 1.1509 0.1007
0.0716 -3.1650 0.0000
0.7214 3.0749 0.0000
0.7884 2.8085 0.0001
0.4329 3.0997 0.0000
0.4941 2.8330 0.0000
1.6555 -1.7856 0.0004
1.5281 -2.0069 0.0003
-2.7307 0.2253 0.0000
3.4805 -4.4508 0.0000
3.2050 -4.5251 0.0000
3.3665 -4.7425 0.0000
3.1172 -4.7712 0.0000
2.8926 -4.7311 0.0000
3.3037 -1.7335 0.0000
4.5093 -0.0181 0.0000
4.2850 -0.1945 0.0000
-0.4196 3.1654 0.0000
-0.6645 3.0957 0.0000
2.8346 1.3483 0.0000
2.5909 1.3348 0.0000
-0.5426 1.7189 0.0025
-0.7985 1.5121 0.0020
4.2135 4.5341 0.0000
3.7497 4.5116 0.0000
4.4409 3.9931 0.0000
4.1699 3.8595 0.0000
-3.5958 -0.4063 0.0000
-3.5911 -0.7316 0.0000
-4.2681 4.7301 0.0000
1.6264 -2.5121 0.0000
1.5926 -2.7591 0.0000
1.2972 -2.7121 0.0000
1.0963 -2.9074 0.0000
1.4139 -2.9734 0.0000
1.2129 -3.1030 0.0000
1.0018 -3.2562 0.0000
-2.1726 2.4061 0.0000
-2.2920 2.1861 0.0000
-1.4731 -4.5667 0.0000
-1.4924 -4.7842 0.0000
-0.2070 -3.1336 0.0000
-4.1251 3.1908 0.0000
-4.1260 2.9041 0.0000
3.5768 -3.3425 0.0000
3.3957 -3.4952 0.0000
-1.1055 2.5306 0.0000
-1.1804 2.3088 0.0000
-1.3971 2.1295 0.0000
-1.4195 2.4189 0.0000
-1.6590 2.4267 0.0000
-1.6657 2.1652 0.0000
0.8161 -3.4841 0.0000
0.6020 -3.6833 0.0000
0.5016 -3.9093 0.0000
2.7250 -3.9541 0.0000
2.4464 -4.0249 0.0000
2.6022 -4.2469 0.0000
2.3059 -4.2475 0.0000
-0.6454 2.2545 0.0002
-2.8716 -3.6726 0.0000
-2.6661 -0.4184 0.0000
-4.3457 -0.3989 0.0000
-4.4635 -0.6405 0.0000
-1.2429 -0.7623 0.0010
1.3200 1.6415 0.0095
1.2996 1.3562 0.0272
1.0524 1.2505 0.0655
4.5858 3.5054 0.0000
4.3559 3.4254 0.0000
4.1856 3.2325 0.0000
0.6388 0.6841 0.3138
2.9227 4.1049 0.0000
2.7305 3.8878 0.0000
2.5560 3.6124 0.0000
2.3348 1.2479 0.0000
2.2058 1.0238 0.0002
1.9779 1.0972 0.0015
1.9468 0.8239 0.0033
1.7486 2.8646 0.0000
1.4923 2.7794 0.0000
1.5966 2.5496 0.0000
-1.6170 -2.3518 0.0000
-4.1490 -0.2884 0.0000
1.1906 0.7914 0.1419
1.0940 0.5374 0.2501
1.0125 0.3143 0.3455
2.8836 1.0889 0.0000
2.7472 0.8629 0.0000
2.1684 -3.6356 0.0000
2.2464 -3.8769 0.0000
-4.4904 -0.0880 0.0000
-4.7651 -0.1757 0.0000
-1.8606 -3.4867 0.0000
-3.1421 -1.6879 0.0000
-3.3519 -1.8872 0.0000
-3.5330 -2.0965 0.0000
3.0351 0.8373 0.0000
-0.3078 -2.0012 0.0005
-0.3709 -2.2263 0.0001
-0.5899 -2.3115 0.0000
-0.7313 -2.5814 0.0000
3.3217 1.4090 0.0000
-1.9503 -4.0751 0.0000
3.4057 0.4311 0.0000
-3.7663 1.0031 0.0000
-3.8806 0.7971 0.0000
4.0953 3.5506 0.0000
0.5692 -4.2486 0.0000
0.3062 -4.4476 0.0000
-4.0082 -3.1222 0.0000
-4.1682 -3.3368 0.0000
-4.3624 -3.1647 0.0000
-4.4649 -3.4376 0.0000
-1.5732 0.0875 0.0002
-1.6200 -0.1961 0.0001
-1.0791 4.7553 0.0000
-1.1374 4.5151 0.0000
-3.4268 -3.2184 0.0000
3.7720 1.5998 0.0000
3.6435 1.3439 0.0000
-3.1005 3.7115 0.0000
-3.2173 3.4466 0.0000
-1.9076 2.5788 0.0000
-1.5055 -0.7524 0.0002
-1.6339 -1.0010 0.0000
1.7211 -4.7768 0.0000
1.3589 -2.2154 0.0002
1.1234 -2.4151 0.0001
-4.7932 4.7905 0.0000
-3.8449 -2.9120 0.0000
2.6591 -2.2484 0.0000
2.4787 -2.4382 0.0000
2.5920 -2.6475 0.0000
2.3863 -2.7593 0.0000
-1.7738 3.4589 0.0000
1.4006 -2.4727 0.0000
1.8068 3.7366 0.0000
-2.6107 -1.0417 0.0000
-2.6812 -1.3264 0.0000
4.2248 4.7729 0.0000
-3.0811 1.4090 0.0000
-3.0498 1.1511 0.0000
4.7735 -0.8009 0.0000
4.5640 -0.9431 0.0000
1.9142 -3.5369 0.0000
-1.0924 0.2542 0.0057
-1.3572 0.2753 0.0011
-1.1547 3.9568 0.0000
-1.0642 3.7165 0.0000
3.4851 3.0410 0.0000
3.3480 2.7931 0.0000
0.8048 1.1181 0.1233
0.7146 0.8897 0.2165
2.6609 0.4348 0.0000
2.4693 0.2474 0.0000
-3.7232 4.1693 0.0000
-3.8379 3.9131 0.0000
3.0129 -0.3423 0.0000
-0.0057 1.8164 0.0066
-0.2593 1.8356 0.0036
-0.2695 1.5889 0.0092
1.9252 4.0961 0.0000
2.7750 -1.7557 0.0000
-0.8600 -4.4297 0.0000
-1.1247 -4.4838 0.0000
-2.8654 -0.6176 0.0000
3.5174 0.8870 0.0000
-2.0496 -0.8219 0.0000
-2.2268 -1.0097 0.0000
-2.1670 -1.2739 0.0000
-1.4700 2.9451 0.0000
-1.6334 2.6928 0.0000
-1.3281 3.7074 0.0000
-1.4883 3.4689 0.0000
-2.9916 0.3539 0.0000
-3.8994 -3.3986 0.0000
-4.1922 -3.5935 0.0000
1.9678 -1.8088 0.0000
-3.4378 4.1871 0.0000
-3.5678 3.9077 0.0000
-1.1692 3.4524 0.0000
-1.3555 3.2113 0.0000
3.0570 0.0758 0.0000
2.9187 -0.1123 0.0000
-1.9155 2.2968 0.0000
-2.0327 2.0949 0.0000
-0.1941 -1.4680 0.0072
4.4840 1.4269 0.0000
4.2275 1.4408 0.0000
3.9659 -2.7009 0.0000
3.7779 -2.9112 0.0000
4.2095 1.1895 0.0000
3.9819 1.0633 0.0000
-2.1230 0.7962 0.0000
-2.3775 0.8209 0.0000
-2.4169 0.5663 0.0000
1.4063 4.7361 0.0000
1.3873 4.4656 0.0000
1.1439 4.7712 0.0000
0.9060 4.6653 0.0000
1.1389 4.5233 0.0000
1.0898 4.3293 0.0000
-1.6612 -2.9580 0.0000
-1.6862 -3.3252 0.0000
0.2000 3.0280 0.0000
0.2072 2.8014 0.0000
-0.0682 2.7939 0.0000
-0.2145 2.5585 0.0001
-1.0717 0.0111 0.0066
-0.3065 0.9195 0.0552
-0.4101 1.1644 0.0234
-0.5977 0.9707 0.0202
4.6704 -2.4939 0.0000
-4.5278 -0.3208 0.0000
-1.3482 4.4466 0.0000
-1.2555 4.1972 0.0000
-1.4473 3.9711 0.0000
-0.0151 -4.5018 0.0000
1.0902 -0.6714 0.1459
0.9300 -0.8706 0.1201
0.8266 -0.6104 0.2317
0.6645 -0.8497 0.1474
-4.4634 4.4404 0.0000
1.0785 0.0656 0.3243
1.1116 -0.1965 0.2700
0.8604 -0.0911 0.4144
0.8708 -0.2982 0.3500
0.7017 -0.4005 0.3404
4.7821 3.6088 0.0000
4.7464 3.3015 0.0000
4.7543 3.0168 0.0000
-3.4564 -1.3086 0.0000
-3.6807 -1.5005 0.0000
-3.6552 -1.8023 0.0000
2.3415 -1.0997 0.0000
2.2244 -1.2784 0.0000
-2.2994 -3.2424 0.0000
-2.3374 -3.4823 0.0000
-2.0612 -0.0226 0.0000
-2.1922 -0.2994 0.0000
0.0263 -0.5042 0.1658
-0.1388 -0.6845 0.0855
3.1996 3.0042 0.0000
2.9793 2.8903 0.0000
0.1095 -1.5326 0.0103
-0.1291 -1.7262 0.0029
-0.0569 -1.9914 0.0010
4.5269 2.8570 0.0000
0.0380 -0.1875 0.2444
-0.1203 -0.3405 0.1544
-4.0293 1.1474 0.0000
0.2457 1.6789 0.0163
-0.0011 1.5436 0.0189
-3.8253 -0.6156 0.0000
-3.9911 -0.8232 0.0000
0.7572 -1.1132 0.0704
0.5012 -1.1722 0.0571
0.3568 -1.4102 0.0227
-3.6810 -4.4998 0.0000
3.9655 0.5490 0.0000
3.7506 0.4019 0.0000
3.5738 0.2386 0.0000
-1.3748 -0.2529 0.0009
-0.6098 0.4872 0.0415
-3.4110 0.6419 0.0000
-4.7500 4.2410 0.0000
-4.5203 4.1146 0.0000
-4.7581 3.9314 0.0000
0.2291 -1.2122 0.0392
0.0082 -1.2757 0.0223
-4.2065 0.3996 0.0000
-4.4946 2.5037 0.0000
-2.3303 1.4627 0.0000
-2.4805 1.2639 0.0000
3.8681 -3.4568 0.0000
3.6458 -3.6521 0.0000
-1.9125 1.4423 0.0000
-2.1378 1.3124 0.0000
-1.9857 1.0978 0.0000
-2.2783 1.0799 0.0000
3.5111 -0.1369 0.0000
-3.8043 1.7047 0.0000
-3.9478 1.4668 0.0000
-0.8755 -2.8142 0.0000
-1.1230 -2.8736 0.0000
2.6973 2.8600 0.0000
2.5984 2.6028 0.0000
2.3352 2.5832 0.0000
2.3062 2.3086 0.0000
-4.5189 2.8199 0.0000
-4.7328 -0.4828 0.0000
-4.7522 -0.7729 0.0000
1.6443 -0.1135 0.0405
1.4257 -0.2862 0.0981
1.2660 -0.4087 0.1469
1.3330 -0.6182 0.0847
-1.7477 1.2821 0.0000
-1.7145 1.0509 0.0000
4.0100 -0.0696 0.0000
4.0497 -0.3601 0.0000
-4.5211 -2.6148 0.0000
-4.4835 -2.8849 0.0000
-4.7542 -2.6701 0.0000
-4.7630 -2.9430 0.0000
-4.6141 -3.1400 0.0000
-4.7564 -3.3065 0.0000
2.7486 -0.4716 0.0000
3.3331 -3.7557 0.0000
-2.4152 1.7344 0.0000
-2.6005 1.5143 0.0000
-2.6995 1.7935 0.0000
-2.8516 1.5626 0.0000
1.0596 1.5272 0.0264
0.8081 1.3694 0.0594
0.5699 1.3342 0.0690
0.5595 1.0997 0.1337
4.4809 1.1535 0.0000
4.2767 0.9327 0.0000
4.5174 -4.3179 0.0000
4.3538 -4.5023 0.0000
4.5042 -4.7196 0.0000
-0.4384 -3.3692 0.0000
-0.7164 -3.3480 0.0000
4.0868 -1.2155 0.0000
-2.9693 -4.7785 0.0000
-4.4933 1.3314 0.0000
-4.7570 1.4382 0.0000
-1.3994 -2.9086 0.0000
-1.5803 -2.6667 0.0000
-2.1808 -3.8591 0.0000
-2.1779 -4.1392 0.0000
-2.4277 -4.0167 0.0000
-2.6793 -4.1366 0.0000
-3.1373 4.2272 0.0000
-3.2858 3.9472 0.0000
0.3552 2.5691 0.0002
0.0794 2.5389 0.0002
-0.0758 2.3174 0.0005
0.9998 -2.6811 0.0000
0.7258 -2.7498 0.0000
-2.5434 3.3465 0.0000
3.5322 -0.4142 0.0000
1.5347 2.0528 0.0007
1.3370 1.9002 0.0031
-0.9927 1.2790 0.0017
-1.1896 1.0432 0.0011
-1.9135 -3.8161 0.0000
-1.6604 0.6680 0.0001
-1.9166 0.5419 0.0000
-1.9033 0.2679 0.0000
-2.1524 0.2526 0.0000
0.2720 -3.7999 0.0000
0.1741 3.8844 0.0000
-0.0884 3.7209 0.0000
-0.0391 3.4450 0.0000
-0.1147 0.2827 0.1975
-0.1093 -0.0054 0.2051
4.3267 -0.4843 0.0000
4.0826 -0.6408 0.0000
-4.1929 -1.6313 0.0000
-4.4601 -1.7577 0.0000
4.1137 -1.5644 0.0000
3.9376 -1.7431 0.0000
4.7706 4.1407 0.0000
4.6971 3.8661 0.0000
4.4147 3.7083 0.0000
2.6216 3.3568 0.0000
2.5144 3.1049 0.0000
2.3096 1.5399 0.0000
2.0655 1.3496 0.0004
1.7721 1.2762 0.0041
-1.9237 -1.0719 0.0000
-1.9350 -1.3770 0.0000
3.9379 4.7188 0.0000
3.6179 4.7647 0.0000
3.4853 4.5208 0.0000
3.2644 4.4837 0.0000
-3.9973 4.7463 0.0000
-4.1423 4.4781 0.0000
-2.5802 -3.2533 0.0000
-2.6155 -3.5331 0.0000
3.3813 0.0914 0.0000
0.4487 -0.9499 0.1067
0.2167 -0.9972 0.0743
1.2900 -1.8996 0.0012
1.0905 -2.1032 0.0007
3.1121 0.5315 0.0000
0.4028 -1.6711 0.0083
0.1550 -1.8126 0.0033
0.9617 4.1755 0.0000
1.1305 3.9989 0.0000
0.9216 3.8519 0.0000
1.0388 3.6248 0.0000
0.7644 3.5867 0.0000
0.5945 3.3541 0.0000
-0.4304 -1.5129 0.0032
-0.6679 -1.6823 0.0007
3.0115 -0.6056 0.0000
2.8030 -0.7923 0.0000
-1.7163 -4.0421 0.0000
-0.8780 -3.5797 0.0000
-1.1416 -3.6176 0.0000
-0.8819 -3.8112 0.0000
-1.1162 -3.9135 0.0000
-4.5227 -0.9168 0.0000
-4.7421 -1.0826 0.0000
-4.7265 -1.3635 0.0000
-3.7773 -2.0739 0.0000
-3.7757 -2.3276 0.0000
3.6256 3.2846 0.0000
-0.5943 0.1993 0.0522
1.2639 1.0658 0.0670
1.0077 0.9908 0.1368
0.9221 0.7726 0.2354
-1.5039 -1.9913 0.0000
2.1921 -1.9957 0.0000
2.0005 -2.1470 0.0000
2.1601 -2.3418 0.0000
1.9179 -2.3995 0.0000
1.8673 -2.6252 0.0000
-4.7651 -1.8954 0.0000
0.5943 -4.5114 0.0000
0.4003 -4.7328 0.0000
0.1397 -4.7375 0.0000
-1.2223 -0.5053 0.0018
-1.4798 -0.5077 0.0003
-1.5167 -3.5275 0.0000
-1.7133 -3.6729 0.0000
3.0193 -1.5843 0.0000
1.8438 -4.5052 0.0000
1.7466 0.4056 0.0219
1.7377 0.1454 0.0252
1.5143 0.3888 0.0768
1.4926 0.1396 0.0917
1.3222 -0.0488 0.1689
1.8061 -2.0313 0.0000
1.6671 -2.2673 0.0000
4.7311 2.1267 0.0000
-1.0549 -1.7726 0.0001
-1.1963 -1.5189 0.0001
-1.3360 -1.7944 0.0000
-3.8898 0.4350 0.0000
-1.7123 -2.1054 0.0000
-1.9140 -2.2775 0.0000
-2.1051 -2.4822 0.0000
1.7433 3.4678 0.0000
1.5169 3.3614 0.0000
-0.8662 3.5208 0.0000
-0.8442 3.2810 0.0000
-3.2463 -4.2153 0.0000
-3.5138 -4.2209 0.0000
1.1192 -4.7502 0.0000
2.2094 0.7265 0.0003
1.9865 0.5512 0.0034
2.2100 0.3865 0.0005
1.9842 0.2560 0.0041
3.4404 1.1680 0.0000
-1.0387 1.7797 0.0002
-1.0897 1.5539 0.0004
-3.7633 2.8091 0.0000
-4.0093 2.6745 0.0000
-4.1332 -0.5845 0.0000
1.7185 3.9549 0.0000
4.4957 4.5332 0.0000
4.3554 4.3284 0.0000
4.2113 4.1573 0.0000
-4.0231 -2.7366 0.0000
-4.1934 -2.9537 0.0000
-0.9042 0.5280 0.0120
0.1442 0.9638 0.1278
-0.0854 0.7827 0.1209
0.8016 -1.9713 0.0021
0.6135 -2.1957 0.0007
0.5839 -2.4652 0.0001
1.6314 2.3214 0.0001
1.3874 -4.7461 0.0000
4.7080 -2.9971 0.0000
-3.1374 -3.1707 0.0000
-3.1216 -3.4303 0.0000
2.4347 -4.4959 0.0000
2.1811 -4.5503 0.0000
2.0713 -0.9959 0.0004
2.0003 -1.2656 0.0003
2.2482 -3.0041 0.0000
2.1503 -3.3270 0.0000
-0.7924 2.0050 0.0003
-0.7999 1.7718 0.0008
-3.7728 -0.9392 0.0000
-4.0508 -1.1075 0.0000
-4.2587 -0.8834 0.0000
-4.4244 -1.1755 0.0000
-4.7577 3.3046 0.0000
2.6487 4.7709 0.0000
2.3918 4.7324 0.0000
0.3500 -0.1392 0.3895
0.1992 -0.3166 0.2806
0.3362 -4.1154 0.0000
-3.0725 -1.9924 0.0000
-3.2723 -2.1873 0.0000
-3.5198 -2.3768 0.0000
3.9736 2.2592 0.0000
3.7542 2.1269 0.0000
3.5005 2.0543 0.0000
3.4963 1.8366 0.0000
3.2663 1.7309 0.0000
-2.1859 -1.5458 0.0000
-2.8889 3.4955 0.0000
1.1252 3.3913 0.0000
0.8733 3.3153 0.0000
0.9769 2.9273 0.0000
-2.3935 -0.4933 0.0000
-2.5886 -0.6941 0.0000
-1.8795 -1.9371 0.0000
-2.0870 -2.1080 0.0000
3.6156 -0.9826 0.0000
3.4344 -1.2051 0.0000
3.2432 -1.4257 0.0000
2.3570 -1.4543 0.0000
2.0559 -1.5282 0.0001
-2.4413 -2.4998 0.0000
-2.4991 -2.7400 0.0000
-2.7493 -2.7062 0.0000
-2.9798 -2.9123 0.0000
3.9372 1.3446 0.0000
-1.9062 -2.8013 0.0000
-2.1092 -3.0126 0.0000
2.0899 -4.0830 0.0000
1.8536 -4.1982 0.0000
4.7495 0.6937 0.0000
3.5111 -2.8119 0.0000
3.2604 -2.8760 0.0000
3.5365 -3.0809 0.0000
3.3107 -3.1205 0.0000
3.2107 -3.3317 0.0000
-2.1771 0.5125 0.0000
-2.4357 0.2933 0.0000
3.0592 -0.8956 0.0000
2.8286 -1.0999 0.0000
-0.5498 -0.3743 0.0469
-0.3666 0.3645 0.0996
-4.5115 -2.3592 0.0000
0.8978 2.0876 0.0030
0.7382 1.8715 0.0090
0.8454 0.5646 0.3419
0.6055 0.4621 0.4110
-4.2950 3.6312 0.0000
-0.8306 -0.2617 0.0178
-1.8492 -3.1276 0.0000
-2.0481 -3.3105 0.0000
2.9628 -4.4691 0.0000
2.6178 -4.7503 0.0000
1.0878 -4.5136 0.0000
0.8436 -4.5032 0.0000
0.8616 -4.7472 0.0000
0.6400 -4.7715 0.0000
2.7442 -1.4596 0.0000
-3.9864 1.9649 0.0000
-4.0668 1.6966 0.0000
4.2219 -2.2667 0.0000
4.1493 -2.4999 0.0000
-4.5287 1.6241 0.0000
-4.7650 1.7474 0.0000
-2.2476 -0.6675 0.0000
-2.4170 -0.8624 0.0000
-4.0490 4.0754 0.0000
-4.3061 3.9521 0.0000
-0.7624 4.7546 0.0000
4.2487 0.6596 0.0000
4.2145 0.3849 0.0000
-4.7527 2.6589 0.0000
4.7373 1.8892 0.0000
4.7551 1.6447 0.0000
3.7002 -2.6238 0.0000
2.4762 4.4642 0.0000
4.5030 1.7078 0.0000
0.4041 0.3488 0.4079
0.3179 0.1725 0.4048
3.7331 1.0741 0.0000
3.4039 -2.2481 0.0000
3.1927 -2.3749 0.0000
-0.7503 0.7489 0.0173
-0.6092 -0.1254 0.0471
2.2447 -2.5358 0.0000
2.1066 -2.7332 0.0000
1.8972 -2.8803 0.0000
2.0167 -3.0761 0.0000
1.8347 -3.2583 0.0000
1.6226 -3.4635 0.0000
1.6801 -4.0112 0.0000
4.2675 1.6936 0.0000
4.0170 1.6487 0.0000
-3.5200 4.7046 0.0000
-3.7424 4.7634 0.0000
0.0760 -3.9726 0.0000
4.7328 4.4446 0.0000
4.5526 4.2144 0.0000
2.0590 3.2890 0.0000
1.7987 3.2196 0.0000
-2.5550 3.9052 0.0000
-2.8211 3.7783 0.0000
-2.9620 4.7790 0.0000
-3.0704 4.5075 0.0000
-1.8155 0.0327 0.0000
-1.9023 -0.2563 0.0000
3.1147 1.2255 0.0000
-2.6583 2.9791 0.0000
-2.6846 2.6916 0.0000
-2.9188 2.7853 0.0000
-3.0185 2.5868 0.0000
-3.0601 2.3388 0.0000
4.2870 -1.3870 0.0000
3.9368 -1.3972 0.0000
-3.0189 3.9919 0.0000
-3.5928 0.3927 0.0000
-4.0327 -4.1644 0.0000
4.7389 1.4011 0.0000
4.7311 1.1563 0.0000
-2.4032 -4.3116 0.0000
-2.5366 -4.5346 0.0000
-2.3990 -4.7850 0.0000
-2.6865 -4.7464 0.0000
-0.6117 -3.6336 0.0000
-0.7128 -3.9454 0.0000
2.8303 2.3489 0.0000
2.6385 2.1186 0.0000
2.3920 2.0613 0.0000
3.3121 0.7068 0.0000
-0.7224 -4.7083 0.0000
-0.9929 -4.7331 0.0000
3.2269 -0.1369 0.0000
1.4953 -1.4390 0.0042
-1.5317 0.8787 0.0002
-1.8582 0.8339 0.0000
-1.5455 4.2299 0.0000
-1.7542 4.0023 0.0000
